-0.139282 -0.052979 -0.065674 -0.270805 -0.103006 -0.127689
0.080200 -0.134644 0.052979 0.155933 -0.261786 0.103006
0.177124 -0.344482 0.150269 0.344381 -0.669774 0.292166
0.392456 -0.413086 0.263428 0.763049 -0.803160 0.512180
0.709473 -0.279663 0.321655 1.379422 -0.543747 0.625392
0.811035 -0.079956 0.130981 1.576889 -0.155458 0.254666
0.819336 -0.200073 -0.135132 1.593028 -0.389001 -0.262736
0.866699 -0.189209 -0.362427 1.685116 -0.367877 -0.704663
0.939697 -0.062012 -0.538940 1.827046 -0.120569 -1.047857
0.924438 -0.053101 -0.691162 1.797378 -0.103243 -1.343821
0.871582 -0.036865 -0.800537 1.694610 -0.071677 -1.556478
0.733032 -0.158081 -0.904663 1.425228 -0.307356 -1.758929
0.537354 -0.222046 -0.979248 1.044772 -0.431722 -1.903944
0.339966 -0.133301 -0.993408 0.660993 -0.259176 -1.931475
0.105835 -0.137695 -0.991699 0.205774 -0.267720 -1.928152
-0.098389 -0.098267 -0.921997 -0.191296 -0.191059 -1.792631
-0.343140 0.024902 -0.844360 -0.667164 0.048417 -1.641683
-0.634277 0.154175 -0.833740 -1.233220 0.299761 -1.621034
-0.912109 0.257202 -0.852417 -1.773407 0.500076 -1.657347
-1.159302 0.178589 -0.816162 -2.254021 0.347229 -1.586857
-1.369385 0.014282 -0.687866 -2.662483 0.027769 -1.337412
-1.646118 0.061279 -0.364990 -3.200534 0.119145 -0.709647
-1.868774 0.195435 0.119995 -3.633442 0.379982 0.233305
-1.578979 0.032227 0.528320 -3.069997 0.062658 1.027209
-1.261475 -0.126465 0.755249 -2.452674 -0.245885 1.468424
-0.972412 -0.335449 0.841919 -1.890653 -0.652211 1.636936
-0.620605 -0.515625 1.033813 -1.206638 -1.002525 2.010035
-0.182007 -0.578369 1.230713 -0.353874 -1.124518 2.392865
0.135376 -0.726074 1.241211 0.263210 -1.411700 2.413276
0.591675 -0.691406 1.181152 1.150388 -1.344295 2.296504
0.671387 -0.396240 1.044922 1.305372 -0.770407 2.031633
0.850952 -0.076904 0.804810 1.654499 -0.149524 1.564785
1.013062 -0.020630 0.459473 1.969687 -0.040111 0.893349
1.077026 -0.126465 0.077148 2.094053 -0.245885 0.149999
1.151611 -0.202148 -0.223999 2.239068 -0.393036 -0.435519
1.192993 -0.243286 -0.403076 2.319527 -0.473019 -0.783698
1.173096 -0.176392 -0.502808 2.280840 -0.342957 -0.977605
1.034912 -0.046753 -0.578247 2.012171 -0.090901 -1.124281
0.920898 -0.004883 -0.668823 1.790495 -0.009494 -1.300387
0.869751 0.017700 -0.746460 1.691050 0.034414 -1.451336
0.805298 0.033691 -0.843750 1.565734 0.065506 -1.640496
0.633423 0.019775 -0.945190 1.231559 0.038449 -1.837726
0.457886 0.083618 -1.000366 0.890263 0.162578 -1.945004
0.312744 0.234375 -1.003296 0.608066 0.455693 -1.950700
0.118896 0.367554 -1.020630 0.231169 0.714632 -1.984402
-0.098755 0.486084 -1.014526 -0.192008 0.945089 -1.972535
-0.268433 0.447754 -0.929077 -0.521911 0.870564 -1.806397
-0.343628 0.355225 -0.750244 -0.668113 0.690660 -1.458693
-0.381592 0.335693 -0.546997 -0.741926 0.652686 -1.063522
-0.400757 0.264038 -0.409302 -0.779188 0.513367 -0.795802
-0.382324 0.218140 -0.317749 -0.743350 0.424127 -0.617797
-0.363525 0.167114 -0.232666 -0.706799 0.324919 -0.452371
-0.288574 0.109497 -0.139893 -0.561072 0.212894 -0.271992
-0.218018 0.094116 -0.106445 -0.423890 0.182989 -0.206961
-0.164307 0.041748 -0.143555 -0.319460 0.081170 -0.279112
-0.089233 0.027466 -0.179565 -0.173496 0.053402 -0.349128
-0.030396 0.058960 -0.182373 -0.059098 0.114635 -0.354586
0.024414 0.067261 -0.196289 0.047468 0.130774 -0.381643
0.075806 0.039429 -0.213013 0.147388 0.076661 -0.414159
0.117310 0.006958 -0.213501 0.228084 0.013528 -0.415108
0.117920 -0.032715 -0.210571 0.229271 -0.063607 -0.409412
0.085327 -0.072754 -0.194092 0.165901 -0.141455 -0.377371
0.025757 -0.049438 -0.156738 0.050079 -0.096123 -0.304745
-0.027588 0.029663 -0.109741 -0.053639 0.057674 -0.213369
-0.089355 0.114380 -0.080444 -0.173733 0.222388 -0.156407
-0.074829 0.083374 -0.102051 -0.145490 0.162103 -0.198416
-0.058350 0.056396 -0.117310 -0.113449 0.109651 -0.228084
-0.067261 0.061035 -0.124512 -0.130774 0.118670 -0.242087
-0.072510 0.051392 -0.128052 -0.140980 0.099920 -0.248970
-0.083374 0.059692 -0.117310 -0.162103 0.116059 -0.228084
-0.096313 0.075439 -0.128784 -0.187261 0.146676 -0.250394
-0.090454 0.063110 -0.151978 -0.175869 0.122705 -0.295489
-0.102173 0.063843 -0.139404 -0.198654 0.124129 -0.271043
-0.089478 0.065063 -0.120239 -0.173970 0.126502 -0.233780
-0.059204 0.060181 -0.127563 -0.115110 0.117009 -0.248021
-0.041504 0.058105 -0.146851 -0.080696 0.112974 -0.285520
-0.017578 0.028320 -0.139893 -0.034177 0.055063 -0.271992
-0.013550 0.029297 -0.129395 -0.026345 0.056962 -0.251581
0.005005 0.035400 -0.135254 0.009731 0.068829 -0.262973
0.011475 0.028931 -0.146606 0.022310 0.056250 -0.285046
