-0.289795 -0.218506 0.130981 -0.563446 -0.424839 0.254666
-0.211670 -0.256226 0.219238 -0.411548 -0.498177 0.426263
-0.285645 -0.182251 0.286743 -0.555376 -0.354349 0.557512
-0.294067 -0.145996 0.366455 -0.571753 -0.283859 0.712496
-0.012817 -0.109741 0.362793 -0.024921 -0.213369 0.705375
0.530640 -0.121216 0.228271 1.031718 -0.235679 0.443826
0.918091 -0.351440 -0.117432 1.785036 -0.683303 -0.228321
1.128052 -0.486450 -0.360352 2.193262 -0.945801 -0.700629
1.221558 -0.407349 -0.534912 2.375064 -0.792005 -1.040025
1.169434 -0.267944 -0.615723 2.273720 -0.520962 -1.197144
1.091309 -0.137939 -0.621948 2.121822 -0.268195 -1.209249
1.031128 -0.080933 -0.662720 2.004813 -0.157357 -1.288520
0.910034 -0.223755 -0.799561 1.769372 -0.435045 -1.554579
0.723267 -0.307861 -0.908081 1.406241 -0.598572 -1.765574
0.543457 -0.289673 -0.920532 1.056639 -0.563209 -1.789783
0.289429 -0.347046 -0.935913 0.562734 -0.674758 -1.819688
0.104858 -0.435669 -0.999268 0.203875 -0.847067 -1.942868
-0.031372 -0.431641 -1.032715 -0.060996 -0.839235 -2.007899
-0.162964 -0.477417 -1.035278 -0.316849 -0.928238 -2.012883
-0.334717 -0.565186 -0.993286 -0.650787 -1.098886 -1.931238
-0.623657 -0.404541 -0.838135 -1.212572 -0.786546 -1.629578
-0.968384 -0.199097 -0.589600 -1.882820 -0.387102 -1.146354
-1.382324 -0.205322 -0.282837 -2.687641 -0.399206 -0.549917
-1.794800 -0.185669 0.108154 -3.489614 -0.360995 0.210283
-1.986206 0.050781 0.487671 -3.861764 0.098734 0.948174
-1.919067 0.069214 0.635010 -3.731227 0.134572 1.234644
-1.403687 -0.101929 0.746460 -2.729176 -0.198179 1.451336
-0.768921 -0.151733 0.989380 -1.495006 -0.295014 1.923643
-0.439087 -0.196045 1.294189 -0.853713 -0.381168 2.516282
-0.407104 -0.020752 1.507935 -0.791530 -0.040348 2.931865
-0.274780 0.231934 1.576538 -0.534253 0.450947 3.065250
0.209229 0.123291 1.343384 0.406801 0.239714 2.611930
0.837280 -0.071289 0.993896 1.627917 -0.138607 1.932425
1.122803 -0.210693 0.545410 2.183056 -0.409649 1.060436
1.291992 -0.167480 0.263184 2.512010 -0.325631 0.511706
1.491089 -0.158447 0.168823 2.899112 -0.308068 0.328242
1.603516 -0.026123 0.110962 3.117702 -0.050791 0.215742
1.503662 0.166870 -0.030640 2.923558 0.324444 -0.059572
1.285645 0.195801 -0.310181 2.499668 0.380694 -0.603082
1.040283 0.229370 -0.618408 2.022614 0.445962 -1.202366
0.752197 0.227539 -0.849365 1.462491 0.442402 -1.651414
0.556519 0.232300 -1.031494 1.082034 0.451659 -2.005525
0.463745 0.404175 -1.132568 0.901656 0.785834 -2.202043
0.461670 0.448120 -1.159424 0.897621 0.871276 -2.254258
0.434204 0.403931 -1.205933 0.844219 0.785359 -2.344685
0.282593 0.327148 -1.256226 0.549443 0.636072 -2.442469
0.085449 0.363525 -1.285889 0.166138 0.706799 -2.500143
-0.071533 0.449463 -1.194214 -0.139081 0.873887 -2.321900
-0.290527 0.366211 -1.077759 -0.564870 0.712021 -2.095477
-0.475708 0.269531 -0.932739 -0.924915 0.524047 -1.813517
-0.583496 0.287598 -0.782837 -1.134487 0.559174 -1.522063
-0.699219 0.196167 -0.755005 -1.359485 0.381406 -1.467950
-0.813477 0.091553 -0.651001 -1.581636 0.178005 -1.265736
-0.958740 0.107422 -0.387451 -1.864071 0.208859 -0.753318
-1.002563 0.112061 -0.192627 -1.949276 0.217878 -0.374523
-0.901367 0.095703 -0.150635 -1.752521 0.186075 -0.292878
-0.622192 -0.030273 -0.142578 -1.209723 -0.058860 -0.277213
-0.331299 -0.154663 -0.128540 -0.644142 -0.300710 -0.249919
-0.151855 -0.199097 -0.137939 -0.295251 -0.387102 -0.268195
-0.123779 -0.172607 -0.131592 -0.240663 -0.335599 -0.255853
-0.095703 -0.081177 -0.095459 -0.186075 -0.157831 -0.185600
-0.045410 -0.067871 -0.163940 -0.088291 -0.131961 -0.318748
0.037231 -0.049194 -0.181763 0.072389 -0.095648 -0.353400
0.111938 -0.053223 -0.215698 0.217641 -0.103480 -0.419380
0.115845 -0.051147 -0.249878 0.225236 -0.099446 -0.485836
0.096924 -0.040894 -0.207886 0.188448 -0.079509 -0.404191
0.035400 -0.060913 -0.128418 0.068829 -0.118433 -0.249682
0.008179 -0.096924 -0.057373 0.015902 -0.188448 -0.111550
0.019165 -0.107788 -0.029785 0.037262 -0.209571 -0.057911
0.012817 -0.101440 -0.039917 0.024921 -0.197230 -0.077610
0.007202 -0.074097 -0.041870 0.014003 -0.144066 -0.081408
-0.009033 -0.059937 -0.035889 -0.017563 -0.116534 -0.069778
-0.040527 -0.033569 -0.025269 -0.078797 -0.065269 -0.049129
-0.049927 -0.015259 -0.015503 -0.097072 -0.029668 -0.030142
-0.059692 -0.042114 -0.001953 -0.116059 -0.081882 -0.003797
-0.061646 -0.048584 -0.009521 -0.119857 -0.094461 -0.018513
-0.058716 -0.037598 -0.032471 -0.114161 -0.073101 -0.063133
-0.033081 -0.030762 -0.041260 -0.064319 -0.059810 -0.080221
-0.024048 -0.009155 -0.071289 -0.046756 -0.017801 -0.138607
-0.019287 -0.012451 -0.107910 -0.037500 -0.024209 -0.209809
