0.192261 0.251953 0.095703 0.373811 0.489870 0.186075
0.362915 0.154785 0.178833 0.705613 0.300947 0.347704
0.465454 0.118530 0.275879 0.904979 0.230457 0.536389
0.688477 -0.139648 0.159668 1.338599 -0.271517 0.310441
0.895264 -0.349976 -0.043213 1.740654 -0.680455 -0.084018
1.004272 0.091797 -0.120972 1.952599 0.178480 -0.235204
0.962769 -0.075195 -0.374634 1.871903 -0.146202 -0.728397
0.970581 0.073242 -0.532593 1.887093 0.142404 -1.035516
0.902588 0.115112 -0.701782 1.754894 0.223812 -1.364469
0.809448 -0.040161 -0.797241 1.573803 -0.078085 -1.550069
0.691650 -0.269287 -0.888550 1.344770 -0.523573 -1.727600
0.529663 -0.195068 -0.842407 1.029819 -0.379270 -1.637885
0.311646 -0.059204 -0.810425 0.605930 -0.115110 -1.575702
0.072510 0.070313 -0.791504 0.140980 0.136708 -1.538914
-0.123291 0.113037 -0.788452 -0.239714 0.219777 -1.532981
-0.321777 0.112549 -0.787109 -0.625629 0.218828 -1.530370
-0.522949 0.075562 -0.742554 -1.016766 0.146914 -1.443741
-0.673706 -0.009521 -0.685669 -1.309881 -0.018513 -1.333140
-0.875854 -0.041626 -0.656250 -1.702917 -0.080933 -1.275941
-1.155029 0.027344 -0.591431 -2.245714 0.053164 -1.149914
-1.391357 0.133301 -0.392578 -2.705204 0.259176 -0.763286
-1.429077 0.086304 -0.110718 -2.778543 0.167800 -0.215268
-1.255127 -0.019287 0.269287 -2.440333 -0.037500 0.523573
-1.156616 0.082397 0.693481 -2.248799 0.160205 1.348330
-1.164429 0.147095 1.098755 -2.263989 0.285995 2.136300
-0.868896 0.059937 1.287964 -1.689388 0.116534 2.504177
-0.481934 -0.211670 1.288086 -0.937019 -0.411548 2.504415
-0.187744 -0.432617 1.208740 -0.365029 -0.841134 2.350143
0.104614 -0.268433 1.102417 0.203401 -0.521911 2.143420
0.356445 -0.099976 0.966919 0.693034 -0.194382 1.879972
0.592896 -0.169189 0.715576 1.152762 -0.328954 1.391289
0.825684 -0.301025 0.381714 1.605370 -0.585281 0.742163
0.994751 -0.393066 0.033569 1.934086 -0.764236 0.065269
1.024780 -0.360229 -0.266724 1.992472 -0.700391 -0.518589
0.925659 -0.201660 -0.425049 1.799751 -0.392086 -0.826419
0.824829 -0.134644 -0.500122 1.603708 -0.261786 -0.972383
0.765259 -0.105469 -0.602783 1.487886 -0.205062 -1.171986
0.681519 -0.024048 -0.738159 1.325071 -0.046756 -1.435197
0.586426 0.084351 -0.882080 1.140183 0.164002 -1.715021
0.448486 0.208130 -1.027588 0.871988 0.404665 -1.997931
0.260132 0.358032 -1.131104 0.505772 0.696119 -2.199195
0.070068 0.459229 -1.147461 0.136233 0.892874 -2.230999
-0.136353 0.447754 -1.091431 -0.265109 0.870564 -2.122060
-0.340210 0.404053 -0.957642 -0.661467 0.785596 -1.861935
-0.522461 0.328369 -0.752075 -1.015816 0.638445 -1.462253
-0.664917 0.275391 -0.488037 -1.292793 0.535440 -0.948886
-0.686401 0.208496 -0.258057 -1.334564 0.405377 -0.501737
-0.594238 0.092041 -0.087769 -1.155373 0.178955 -0.170648
-0.471436 -0.062866 0.001465 -0.916608 -0.122230 0.002848
-0.340576 -0.202393 0.012695 -0.662179 -0.393510 0.024683
-0.220093 -0.215088 -0.008789 -0.427925 -0.418194 -0.017089
-0.160034 -0.108154 -0.059570 -0.311153 -0.210283 -0.115822
-0.104370 -0.008545 -0.130127 -0.202926 -0.016614 -0.253005
-0.048706 0.028442 -0.184814 -0.094699 0.055300 -0.359333
0.019653 -0.010620 -0.186646 0.038212 -0.020649 -0.362893
0.050049 -0.033325 -0.168335 0.097310 -0.064794 -0.327292
0.038696 -0.059692 -0.149414 0.075237 -0.116059 -0.290505
0.041382 -0.126831 -0.127808 0.080458 -0.246597 -0.248495
0.043091 -0.186890 -0.110352 0.083781 -0.363368 -0.214556
-0.010864 -0.208618 -0.106323 -0.021123 -0.405615 -0.206723
-0.047852 -0.180908 -0.098389 -0.093037 -0.351738 -0.191296
-0.065063 -0.103638 -0.068237 -0.126502 -0.201502 -0.132673
-0.098267 -0.027832 -0.061401 -0.191059 -0.054114 -0.119382
-0.119019 0.002686 -0.098877 -0.231407 0.005221 -0.192246
-0.115967 0.036377 -0.157593 -0.225473 0.070727 -0.306406
-0.111572 0.060913 -0.204224 -0.216929 0.118433 -0.397070
-0.094849 0.074951 -0.210327 -0.184413 0.145727 -0.408937
-0.073120 0.075317 -0.207153 -0.142167 0.146439 -0.402766
-0.067993 0.076782 -0.192749 -0.132199 0.149287 -0.374760
-0.061157 0.066284 -0.182983 -0.118907 0.128876 -0.355773
-0.064087 0.019897 -0.185059 -0.124604 0.038686 -0.359808
-0.069824 -0.000488 -0.165771 -0.135759 -0.000949 -0.322308
-0.061035 -0.050171 -0.138794 -0.118670 -0.097547 -0.269856
-0.069214 -0.080078 -0.125122 -0.134572 -0.155695 -0.243274
-0.070679 -0.092896 -0.121094 -0.137420 -0.180616 -0.235442
-0.065308 -0.083130 -0.111450 -0.126977 -0.161629 -0.216692
-0.051025 -0.056396 -0.111816 -0.099208 -0.109651 -0.217404
-0.036865 -0.025024 -0.132080 -0.071677 -0.048655 -0.256802
-0.008423 0.018311 -0.135864 -0.016376 0.035601 -0.264160
0.031006 0.034668 -0.143799 0.060284 0.067405 -0.279587
