-0.341553 0.587036 0.231689 -0.664078 1.141369 0.450472
-0.213989 0.165283 0.035400 -0.416058 0.321359 0.068829
-0.124756 -0.249146 0.046997 -0.242562 -0.484412 0.091376
0.228027 -0.288208 0.123047 0.443352 -0.560360 0.239239
0.389160 -0.316528 0.079346 0.756641 -0.615423 0.154271
0.410400 -0.361450 -0.082275 0.797938 -0.702765 -0.159967
0.648438 0.222412 -0.173828 1.260752 0.432434 -0.337973
0.732544 0.340210 -0.349365 1.424279 0.661467 -0.679268
1.075684 0.353760 -0.485718 2.091443 0.687812 -0.944377
1.487671 0.322632 -0.429688 2.892466 0.627290 -0.835438
1.584961 -0.021973 -0.538086 3.081626 -0.042721 -1.046196
1.381958 -0.300537 -0.806396 2.686929 -0.584332 -1.567870
0.991333 -0.296143 -0.850342 1.927440 -0.575788 -1.653312
0.572876 -0.297119 -0.780151 1.113838 -0.577686 -1.516842
0.140259 -0.179199 -0.792236 0.272704 -0.348416 -1.540338
-0.120728 -0.143555 -0.828369 -0.234730 -0.279112 -1.610591
-0.250854 -0.274048 -0.965454 -0.487734 -0.532829 -1.877124
-0.445435 -0.327148 -1.105347 -0.866055 -0.636072 -2.149116
-0.865601 -0.259277 -1.154175 -1.682980 -0.504111 -2.244052
-1.519653 0.061890 -1.054810 -2.954649 0.120332 -2.050857
-1.931763 -0.221313 -0.842773 -3.755910 -0.430298 -1.638597
-1.687500 -0.276367 -0.361084 -3.280992 -0.537338 -0.702053
-1.110596 -0.039795 0.312866 -2.159322 -0.077373 0.608303
-0.769287 0.069336 0.674927 -1.495718 0.134809 1.312254
-0.670166 -0.229492 0.777588 -1.302998 -0.446200 1.511858
-0.335571 -0.503418 0.916260 -0.652448 -0.978791 1.781476
0.228516 -0.361694 1.184937 0.444301 -0.703239 2.303862
0.714233 0.085938 1.439087 1.388678 0.167088 2.798005
0.874756 0.111450 1.329346 1.700781 0.216692 2.584636
1.118042 -0.039551 0.973633 2.173800 -0.076898 1.893026
1.285767 0.029175 0.590332 2.499905 0.056724 1.147778
1.103638 0.338379 0.195801 2.145793 0.657907 0.380694
0.838623 0.600098 -0.110352 1.630528 1.166765 -0.214556
0.777100 0.627319 -0.296387 1.510908 1.219692 -0.576262
0.942017 0.486450 -0.484741 1.831555 0.945801 -0.942478
1.064209 0.503540 -0.556396 2.069133 0.979029 -1.081797
0.847168 0.462891 -0.597168 1.647142 0.899994 -1.161069
0.659790 0.436035 -0.647949 1.282824 0.847780 -1.259802
0.722168 0.551880 -0.615967 1.404105 1.073015 -1.197619
0.656006 0.559448 -0.651367 1.275467 1.087731 -1.266448
0.349976 0.337036 -0.717285 0.680455 0.655297 -1.394611
0.134644 0.164673 -0.659790 0.261786 0.320172 -1.282824
0.100830 0.073853 -0.553101 0.196043 0.143591 -1.075389
0.034302 -0.037842 -0.497437 0.066693 -0.073575 -0.967162
-0.062134 -0.169189 -0.488647 -0.120806 -0.328954 -0.950073
-0.071167 -0.087402 -0.356812 -0.138369 -0.169936 -0.693746
-0.022583 -0.015869 -0.233887 -0.043908 -0.030854 -0.454744
0.022461 0.075439 -0.217529 0.043671 0.146676 -0.422940
0.039063 0.058716 -0.262085 0.075949 0.114161 -0.509570
0.007813 0.017578 -0.275879 0.015190 0.034177 -0.536389
-0.014526 0.003784 -0.257813 -0.028243 0.007358 -0.501263
0.036621 0.072998 -0.205566 0.071202 0.141929 -0.399681
0.034302 0.107666 -0.258179 0.066693 0.209334 -0.501975
0.042236 0.061646 -0.262207 0.082120 0.119857 -0.509807
0.052734 0.030884 -0.203735 0.102531 0.060047 -0.396121
0.026245 0.027832 -0.140381 0.051028 0.054114 -0.272941
0.006470 0.046997 -0.114624 0.012579 0.091376 -0.222863
-0.029175 0.059937 -0.132690 -0.056724 0.116534 -0.257989
-0.057983 0.058350 -0.141479 -0.112737 0.113449 -0.275077
-0.035034 0.064087 -0.106812 -0.068117 0.124604 -0.207673
-0.031616 0.042847 -0.108398 -0.061471 0.083306 -0.210758
-0.027954 0.021851 -0.107788 -0.054351 0.042484 -0.209571
-0.015503 0.016724 -0.079590 -0.030142 0.032516 -0.154746
-0.031250 0.025024 -0.062744 -0.060759 0.048655 -0.121993
-0.079224 -0.018677 -0.097534 -0.154034 -0.036313 -0.189635
-0.072021 -0.009521 -0.078003 -0.140031 -0.018513 -0.151660
-0.076050 0.035278 -0.063965 -0.147863 0.068591 -0.124366
-0.063477 0.025391 -0.066040 -0.123417 0.049367 -0.128401
-0.034668 0.024292 -0.074219 -0.067405 0.047231 -0.144303
-0.026611 0.036011 -0.078613 -0.051740 0.070015 -0.152847
-0.021729 0.029541 -0.072754 -0.042247 0.057436 -0.141455
-0.035400 0.037109 -0.082031 -0.068829 0.072151 -0.159493
-0.061646 0.021729 -0.084595 -0.119857 0.042247 -0.164477
-0.039063 -0.000977 -0.061035 -0.075949 -0.001899 -0.118670
-0.019531 0.001953 -0.058105 -0.037974 0.003797 -0.112974
-0.024780 -0.001465 -0.078003 -0.048180 -0.002848 -0.151660
-0.041626 0.033325 -0.096069 -0.080933 0.064794 -0.186787
-0.065674 0.034180 -0.099121 -0.127689 0.066455 -0.192720
-0.057983 0.023193 -0.093018 -0.112737 0.045095 -0.180853
-0.055298 0.021240 -0.108765 -0.107515 0.041297 -0.211470
