-0.132813 0.358887 -0.055298 -0.258226 0.697780 -0.107515
-0.069824 0.183594 -0.033447 -0.135759 0.356960 -0.065031
-0.319702 0.124756 -0.014160 -0.621594 0.242562 -0.027531
-0.417969 0.090332 0.113281 -0.812653 0.175632 0.220252
-0.362305 -0.103149 0.176758 -0.704426 -0.200553 0.343669
-0.137695 -0.204834 0.136230 -0.267720 -0.398257 0.264872
0.161621 -0.390747 -0.026367 0.314239 -0.759726 -0.051266
0.449219 -0.489380 -0.103027 0.873412 -0.951497 -0.200315
0.609619 -0.522461 -0.093262 1.185277 -1.015816 -0.181328
0.753174 -0.494263 -0.112427 1.464390 -0.960991 -0.218590
0.936279 -0.482300 -0.221558 1.820400 -0.937731 -0.430773
1.096558 -0.298096 -0.413940 2.132028 -0.579585 -0.804821
1.188477 -0.157715 -0.687256 2.310745 -0.306644 -1.336226
1.181152 -0.207153 -0.966431 2.296504 -0.402766 -1.879023
1.103638 -0.338379 -1.174561 2.145793 -0.657907 -2.283688
1.007690 -0.390869 -1.260742 1.959244 -0.759964 -2.451251
0.896118 -0.413452 -1.265381 1.742315 -0.803872 -2.460269
0.666016 -0.322388 -1.185425 1.294929 -0.626816 -2.304811
0.209473 -0.128784 -1.103882 0.407276 -0.250394 -2.146268
-0.126709 -0.049194 -1.126343 -0.246359 -0.095648 -2.189939
-0.294922 -0.034912 -1.054199 -0.573414 -0.067879 -2.049671
-0.509766 0.011108 -0.921631 -0.991133 0.021598 -1.791919
-0.839478 0.045776 -0.742798 -1.632189 0.089003 -1.444216
-1.178589 0.025269 -0.551758 -2.291520 0.049129 -1.072778
-1.393433 -0.184937 -0.312378 -2.709239 -0.359571 -0.607354
-1.601196 -0.118164 -0.114624 -3.113193 -0.229745 -0.222863
-1.851807 -0.045410 0.060303 -3.600452 -0.088291 0.117246
-2.060303 -0.250977 0.302612 -4.005829 -0.487972 0.588367
-1.983154 -0.398071 0.626587 -3.855830 -0.773967 1.218268
-1.578979 -0.455444 0.860474 -3.069997 -0.885517 1.673012
-1.109863 -0.662109 1.004639 -2.157898 -1.287334 1.953310
-0.610229 -0.672363 1.169556 -1.186464 -1.307270 2.273957
-0.069214 -0.399048 1.407104 -0.134572 -0.775865 2.735821
0.475830 -0.185669 1.284668 0.925152 -0.360995 2.497769
0.878540 0.045166 1.080200 1.708138 0.087816 2.100224
1.070190 0.217896 0.755981 2.080762 0.423652 1.469848
1.106934 0.170410 0.207031 2.152202 0.331327 0.402529
1.114380 -0.015015 -0.297974 2.166679 -0.029193 -0.579348
1.125977 -0.145142 -0.436279 2.189227 -0.282198 -0.848254
1.106934 -0.096069 -0.414307 2.152202 -0.186787 -0.805533
1.052856 -0.108154 -0.479614 2.047060 -0.210283 -0.932510
0.934326 0.026489 -0.516602 1.816603 0.051503 -1.004424
0.787476 0.169922 -0.578003 1.531082 0.330378 -1.123806
0.781860 0.067993 -0.629150 1.520164 0.132199 -1.223252
0.775391 -0.071655 -0.671021 1.507586 -0.139319 -1.304659
0.644775 -0.105835 -0.733154 1.253631 -0.205774 -1.425466
0.469849 -0.044189 -0.744629 0.913523 -0.085917 -1.447776
0.333374 0.016724 -0.765137 0.648176 0.032516 -1.487649
0.129272 0.013672 -0.768311 0.251343 0.026582 -1.493820
-0.145874 0.138550 -0.712524 -0.283622 0.269381 -1.385355
-0.366333 0.181274 -0.587524 -0.712258 0.352450 -1.142319
-0.445557 0.112671 -0.411743 -0.866292 0.219065 -0.800549
-0.382446 0.049072 -0.256226 -0.743587 0.095411 -0.498177
-0.268433 0.031738 -0.144531 -0.521911 0.061708 -0.281011
-0.223267 0.037109 -0.126221 -0.434095 0.072151 -0.245410
-0.238403 -0.012939 -0.145264 -0.463526 -0.025158 -0.282435
-0.187744 -0.027588 -0.137695 -0.365029 -0.053639 -0.267720
-0.078125 -0.008301 -0.125366 -0.151898 -0.016139 -0.243748
0.049316 -0.057983 -0.116211 0.095885 -0.112737 -0.225948
0.063965 0.002075 -0.161133 0.124366 0.004035 -0.313289
-0.005615 0.065308 -0.170288 -0.010918 0.126977 -0.331090
-0.039917 0.068359 -0.148315 -0.077610 0.132911 -0.288368
-0.067261 0.055420 -0.098389 -0.130774 0.107752 -0.191296
-0.069702 0.024048 -0.060547 -0.135521 0.046756 -0.117721
-0.057373 0.009888 -0.071289 -0.111550 0.019225 -0.138607
-0.093140 0.019409 -0.082764 -0.181091 0.037737 -0.160917
-0.103149 0.041626 -0.075562 -0.200553 0.080933 -0.146914
-0.105225 0.067993 -0.060425 -0.204587 0.132199 -0.117483
-0.080200 0.067017 -0.071045 -0.155933 0.130300 -0.138132
-0.053711 0.030884 -0.116699 -0.104430 0.060047 -0.226897
-0.044922 0.035400 -0.130249 -0.087341 0.068829 -0.253242
-0.051270 0.028198 -0.117310 -0.099683 0.054826 -0.228084
-0.068604 0.035645 -0.103516 -0.133385 0.069303 -0.201265
-0.066772 0.018433 -0.099731 -0.129825 0.035838 -0.193907
-0.033813 -0.008423 -0.101929 -0.065743 -0.016376 -0.198179
-0.039551 -0.044922 -0.089111 -0.076898 -0.087341 -0.173258
-0.082520 -0.017090 -0.100220 -0.160442 -0.033228 -0.194856
-0.111084 -0.035400 -0.119873 -0.215980 -0.068829 -0.233068
-0.104614 0.008179 -0.092529 -0.203401 0.015902 -0.179904
-0.118042 0.077148 -0.088623 -0.229508 0.149999 -0.172309
