-0.220947 0.021851 0.109497 -0.429586 0.042484 0.212894
0.076538 -0.097656 0.319458 0.148812 -0.189872 0.621119
-0.085205 -0.290894 0.379150 -0.165664 -0.565582 0.737179
-0.143311 -0.380981 0.417603 -0.278637 -0.740739 0.811941
0.006104 -0.499878 0.377197 0.011867 -0.971908 0.733381
0.324219 -0.184204 0.203857 0.630376 -0.358146 0.396358
0.714966 -0.290405 -0.059204 1.390102 -0.564633 -0.115110
0.921509 -0.344971 -0.214111 1.791682 -0.670724 -0.416295
0.916260 -0.246338 -0.307739 1.781476 -0.478953 -0.598335
0.790894 -0.138184 -0.447510 1.537728 -0.268669 -0.870089
0.729614 -0.123657 -0.588501 1.418583 -0.240426 -1.144217
0.786743 -0.142090 -0.716309 1.529658 -0.276264 -1.392713
0.785278 -0.214966 -0.865845 1.526810 -0.417956 -1.683455
0.711792 -0.243896 -0.958618 1.383931 -0.474206 -1.863833
0.517578 -0.225952 -1.012573 1.006323 -0.439317 -1.968738
0.282104 -0.193970 -1.062500 0.548493 -0.377134 -2.065810
-0.019287 -0.110596 -1.101074 -0.037500 -0.215030 -2.140809
-0.330811 -0.036377 -1.070313 -0.643192 -0.070727 -2.081000
-0.545288 0.002197 -0.985474 -1.060199 0.004272 -1.916048
-0.731567 0.039917 -0.918945 -1.422380 0.077610 -1.786698
-0.985107 0.000488 -0.874390 -1.915336 0.000949 -1.700068
-1.236816 -0.066284 -0.790771 -2.404732 -0.128876 -1.537490
-1.447510 -0.158325 -0.637939 -2.814381 -0.307830 -1.240340
-1.607178 -0.276367 -0.259033 -3.124822 -0.537338 -0.503636
-1.502075 -0.286255 0.402100 -2.920472 -0.556563 0.781799
-1.381226 -0.341431 0.898682 -2.685505 -0.663841 1.747299
-1.442627 -0.352051 1.169678 -2.804888 -0.684489 2.274195
-1.201782 -0.308594 1.205322 -2.336615 -0.599996 2.343498
-0.952759 -0.295654 1.256470 -1.852441 -0.574838 2.442944
-0.207153 -0.536987 1.181396 -0.402766 -1.044060 2.296979
0.378174 -0.741699 0.963989 0.735280 -1.442080 1.874276
0.799561 -0.716675 0.844116 1.554579 -1.393425 1.641208
1.049561 -0.590942 0.733521 2.040652 -1.148964 1.426178
0.907837 -0.290771 0.554565 1.765100 -0.565345 1.078237
1.036743 -0.198730 0.369263 2.015731 -0.386390 0.717954
1.117798 -0.119629 0.166382 2.173325 -0.232593 0.323495
1.062622 -0.086792 -0.060791 2.066047 -0.168749 -0.118195
1.030273 -0.148804 -0.273071 2.003152 -0.289318 -0.530930
0.969727 -0.028687 -0.381470 1.885431 -0.055775 -0.741688
0.856567 0.104736 -0.451416 1.665417 0.203638 -0.877684
0.808960 0.138306 -0.534912 1.572854 0.268907 -1.040025
0.788818 0.138550 -0.646729 1.533693 0.269381 -1.257429
0.756470 0.091797 -0.772583 1.470798 0.178480 -1.502127
0.695923 0.105225 -0.922974 1.353077 0.204587 -1.794530
0.606934 0.169189 -1.008057 1.180056 0.328954 -1.959956
0.449219 0.287231 -1.001343 0.873412 0.558462 -1.946902
0.253418 0.343750 -0.920532 0.492718 0.668350 -1.789783
0.116821 0.374634 -0.871094 0.227135 0.728397 -1.693660
-0.023560 0.373657 -0.890381 -0.045807 0.726499 -1.731160
-0.112549 0.362305 -0.840576 -0.218828 0.704426 -1.634325
-0.151611 0.271362 -0.733154 -0.294777 0.527607 -1.425466
-0.191406 0.070923 -0.580200 -0.372150 0.137895 -1.128078
-0.228394 -0.018188 -0.376831 -0.444064 -0.035364 -0.732669
-0.260620 0.028564 -0.215698 -0.506721 0.055538 -0.419380
-0.304321 0.107300 -0.191772 -0.591689 0.208622 -0.372862
-0.310669 0.121704 -0.177368 -0.604031 0.236628 -0.344855
-0.278198 -0.019043 -0.160645 -0.540899 -0.037025 -0.312340
-0.229980 -0.088135 -0.130615 -0.447149 -0.171360 -0.253954
-0.171021 -0.064697 -0.105591 -0.332514 -0.125790 -0.205299
-0.106689 -0.067627 -0.121582 -0.207435 -0.131487 -0.236391
-0.084595 -0.023193 -0.158936 -0.164477 -0.045095 -0.309017
-0.056885 -0.074341 -0.150269 -0.110601 -0.144540 -0.292166
-0.116577 -0.031128 -0.119385 -0.226660 -0.060522 -0.232119
-0.107178 0.056030 -0.080933 -0.208385 0.108939 -0.157357
-0.067139 0.036377 -0.105957 -0.130537 0.070727 -0.206011
-0.043701 0.032104 -0.118896 -0.084968 0.062420 -0.231169
-0.054443 0.028687 -0.100708 -0.105854 0.055775 -0.195806
-0.098999 0.068726 -0.076660 -0.192483 0.133623 -0.149050
-0.101563 0.063354 -0.081787 -0.197467 0.123180 -0.159018
-0.070190 0.065430 -0.094849 -0.136471 0.127214 -0.184413
-0.028198 0.027832 -0.123291 -0.054826 0.054114 -0.239714
-0.003784 0.015503 -0.126465 -0.007358 0.030142 -0.245885
0.001831 0.029053 -0.095459 0.003560 0.056487 -0.185600
-0.017578 0.030029 -0.108521 -0.034177 0.058386 -0.210996
-0.038818 0.053711 -0.126465 -0.075474 0.104430 -0.245885
-0.023071 0.054932 -0.130737 -0.044857 0.106803 -0.254191
-0.000854 0.057983 -0.129028 -0.001661 0.112737 -0.250869
0.036987 0.060913 -0.121338 0.071914 0.118433 -0.235916
0.048584 0.077637 -0.131104 0.094461 0.150948 -0.254903
0.061890 0.061401 -0.115601 0.120332 0.119382 -0.224761
