-0.638550 0.046021 0.095825 -1.241527 0.089477 0.186312
-0.375122 0.123047 0.081055 -0.729347 0.239239 0.157594
-0.450195 -0.216797 -0.046997 -0.875311 -0.421516 -0.091376
-0.147949 0.025513 0.038330 -0.287656 0.049604 0.074525
0.461792 -0.027954 0.199585 0.897858 -0.054351 0.388051
0.865601 -0.332275 0.034668 1.682980 -0.646040 0.067405
0.905273 -0.640015 -0.258545 1.760116 -1.244375 -0.502687
0.931396 -0.816650 -0.290771 1.810906 -1.587806 -0.565345
1.669434 0.720703 -0.318848 3.245866 1.401257 -0.619933
1.040283 0.150879 -0.565308 2.022614 0.293353 -1.099123
0.625488 -0.455322 -0.696777 1.216132 -0.885279 -1.354738
0.868408 -0.391113 -0.723511 1.688439 -0.760438 -1.406716
0.883179 -0.305908 -0.755005 1.717157 -0.594775 -1.467950
0.678467 -0.286255 -0.730347 1.319137 -0.556563 -1.420007
0.451660 -0.279175 -0.723389 0.878159 -0.542797 -1.406479
0.320557 -0.378540 -0.774292 0.623256 -0.735992 -1.505449
0.288452 -0.327637 -0.861328 0.560835 -0.637021 -1.674673
0.151733 -0.388428 -0.914673 0.295014 -0.755217 -1.778391
-0.200073 -0.451294 -0.909790 -0.389001 -0.877447 -1.768897
-0.634033 -0.434814 -0.863647 -1.232745 -0.845406 -1.679183
-0.973389 -0.638428 -0.689697 -1.892551 -1.241290 -1.340973
-1.698975 -0.768066 -0.369995 -3.303302 -1.493345 -0.719378
-1.975098 -0.703003 -0.043823 -3.840166 -1.366843 -0.085205
-1.734253 -0.587402 0.674072 -3.371893 -1.142081 1.310593
-1.816772 -0.471802 1.248047 -3.532336 -0.917320 2.426567
-1.170044 -0.066772 1.431519 -2.274907 -0.129825 2.783289
-0.102905 0.101929 1.097046 -0.200078 0.198179 2.132977
0.752930 -0.130127 0.643066 1.463915 -0.253005 1.250309
1.170532 0.141357 0.566650 2.275856 0.274840 1.101734
1.020508 0.455322 0.520020 1.984165 0.885279 1.011070
0.953247 0.409424 0.311401 1.853390 0.796039 0.605455
1.086426 0.249268 -0.007568 2.112329 0.484649 -0.014715
1.214966 0.097412 -0.254150 2.362248 0.189398 -0.494142
1.610352 0.028564 -0.517334 3.130993 0.055538 -1.005848
1.202393 -0.016235 -0.508301 2.337802 -0.031566 -0.988285
0.203735 0.353638 -0.392822 0.396121 0.687575 -0.763761
0.273682 0.219727 -0.563721 0.532117 0.427213 -1.096037
0.452881 -0.001465 -0.683228 0.880532 -0.002848 -1.328394
0.272461 -0.015259 -0.668579 0.529743 -0.029668 -1.299913
0.113647 0.048218 -0.639648 0.220964 0.093749 -1.243663
-0.036377 0.069092 -0.592407 -0.070727 0.134335 -1.151812
-0.122803 0.031616 -0.494019 -0.238764 0.061471 -0.960516
-0.186768 0.044800 -0.350708 -0.363131 0.087104 -0.681879
-0.233521 0.005127 -0.204102 -0.454032 0.009968 -0.396833
-0.219360 0.015015 -0.140503 -0.426500 0.029193 -0.273179
-0.243164 0.045898 -0.134277 -0.472782 0.089240 -0.261074
-0.215820 0.043335 -0.154785 -0.419618 0.084256 -0.300947
-0.150513 0.031006 -0.116821 -0.292641 0.060284 -0.227135
-0.065430 0.017822 -0.074219 -0.127214 0.034652 -0.144303
-0.031982 0.027344 -0.080688 -0.062183 0.053164 -0.156882
-0.023315 0.056152 -0.081909 -0.045332 0.109177 -0.159255
0.008301 0.069580 -0.093872 0.016139 0.135284 -0.182515
0.016846 0.071411 -0.111694 0.032753 0.138844 -0.217166
-0.038818 0.064087 -0.108154 -0.075474 0.124604 -0.210283
-0.033691 0.075562 -0.103882 -0.065506 0.146914 -0.201977
-0.032471 0.037476 -0.085449 -0.063133 0.072863 -0.166138
-0.037354 0.002930 -0.082764 -0.072626 0.005696 -0.160917
-0.021973 0.012207 -0.094727 -0.042721 0.023734 -0.184176
-0.016113 0.014526 -0.106445 -0.031329 0.028243 -0.206961
-0.039795 0.014648 -0.115356 -0.077373 0.028481 -0.224287
-0.044922 -0.000732 -0.127686 -0.087341 -0.001424 -0.248258
-0.046997 -0.001831 -0.122559 -0.091376 -0.003560 -0.238290
-0.050537 0.008789 -0.107422 -0.098259 0.017089 -0.208859
-0.036499 0.022461 -0.103394 -0.070965 0.043671 -0.201027
-0.022217 0.009521 -0.105347 -0.043196 0.018513 -0.204825
0.000244 -0.011841 -0.125977 0.000475 -0.023022 -0.244935
0.008667 -0.005493 -0.137085 0.016851 -0.010680 -0.266533
-0.012329 0.009399 -0.127441 -0.023971 0.018275 -0.247783
-0.038086 0.021606 -0.126953 -0.074050 0.042009 -0.246834
-0.039673 0.004272 -0.130859 -0.077136 0.008307 -0.254429
-0.028076 -0.018799 -0.116577 -0.054588 -0.036550 -0.226660
-0.035522 -0.014893 -0.100098 -0.069066 -0.028956 -0.194619
-0.023315 -0.002686 -0.117676 -0.045332 -0.005221 -0.228796
-0.000732 -0.007935 -0.122437 -0.001424 -0.015427 -0.238052
0.000854 0.019043 -0.135498 0.001661 0.037025 -0.263448
-0.020630 0.015015 -0.122681 -0.040111 0.029193 -0.238527
-0.050415 0.008545 -0.099854 -0.098022 0.016614 -0.194144
-0.051025 -0.001709 -0.092163 -0.099208 -0.003323 -0.179192
-0.057617 0.015381 -0.091797 -0.112025 0.029905 -0.178480
-0.068237 0.034790 -0.110352 -0.132673 0.067642 -0.214556
