-0.213013 -0.088867 -0.026733 -0.414159 -0.172784 -0.051978
0.097412 -0.113403 0.192993 0.189398 -0.220489 0.375235
0.136597 -0.210327 0.303833 0.265584 -0.408937 0.590740
0.101685 -0.327881 0.278931 0.197704 -0.637496 0.542323
0.141235 -0.435059 0.396973 0.274603 -0.845881 0.771831
0.292969 -0.312744 0.456665 0.569617 -0.608066 0.887890
0.470825 -0.357544 0.274414 0.915421 -0.695170 0.533541
0.629272 -0.396118 0.113403 1.223489 -0.770169 0.220489
0.722534 -0.232178 -0.073730 1.404817 -0.451421 -0.143354
0.727295 -0.117310 -0.265015 1.414073 -0.228084 -0.515266
0.713989 -0.097534 -0.387207 1.388203 -0.189635 -0.752843
0.738281 -0.104980 -0.473877 1.435434 -0.204113 -0.921355
0.647095 -0.146606 -0.585815 1.258141 -0.285046 -1.138996
0.546997 -0.086304 -0.691284 1.063522 -0.167800 -1.344058
0.470215 -0.076538 -0.782471 0.914235 -0.148812 -1.521351
0.333984 -0.027588 -0.866577 0.649363 -0.053639 -1.684879
0.190552 0.029175 -0.911743 0.370488 0.056724 -1.772695
-0.021240 0.120361 -0.881714 -0.041297 0.234018 -1.714309
-0.248901 0.199829 -0.820679 -0.483937 0.388526 -1.595639
-0.455566 0.305542 -0.796631 -0.885754 0.594063 -1.548883
-0.606934 0.386475 -0.805176 -1.180056 0.751419 -1.565497
-0.767578 0.338013 -0.807251 -1.492396 0.657195 -1.569531
-0.979126 0.196411 -0.746704 -1.903706 0.381881 -1.451810
-1.219238 0.130493 -0.550903 -2.370555 0.253717 -1.071117
-1.390015 0.141846 -0.293945 -2.702594 0.275789 -0.571515
-1.404297 0.171021 -0.044556 -2.730363 0.332514 -0.086629
-1.378418 0.184814 0.161133 -2.680047 0.359333 0.313289
-0.984253 -0.175781 0.258057 -1.913675 -0.341770 0.501737
-0.778809 -0.410889 0.477905 -1.514231 -0.798887 0.929187
-0.621216 -0.464355 0.808716 -1.207825 -0.902842 1.572379
-0.427612 -0.517944 1.040771 -0.831403 -1.007035 2.023563
-0.060547 -0.631592 1.071655 -0.117721 -1.227999 2.083610
0.338745 -0.610596 0.920288 0.658619 -1.187176 1.789308
0.690918 -0.566528 0.755493 1.343346 -1.101496 1.468899
0.924683 -0.449707 0.583374 1.797853 -0.874362 1.134249
1.009033 -0.344116 0.378296 1.961855 -0.669062 0.735518
1.065552 -0.342651 0.156006 2.071743 -0.666214 0.303321
1.117554 -0.311523 -0.049072 2.172850 -0.605692 -0.095411
1.063965 -0.229492 -0.219360 2.068658 -0.446200 -0.426500
0.933838 -0.111084 -0.343872 1.815653 -0.215980 -0.668588
0.759521 -0.015625 -0.501709 1.476731 -0.030380 -0.975469
0.646973 0.023804 -0.669678 1.257903 0.046281 -1.302049
0.586914 0.070435 -0.793701 1.141132 0.136945 -1.543187
0.478149 -0.010986 -0.911743 0.929662 -0.021361 -1.772695
0.342896 -0.060181 -0.928223 0.666689 -0.117009 -1.804736
0.213135 0.059326 -0.919067 0.414396 0.115347 -1.786935
0.086304 0.194092 -0.987427 0.167800 0.377371 -1.919846
-0.022583 0.268677 -1.080322 -0.043908 0.522386 -2.100461
-0.175171 0.289185 -1.095703 -0.340583 0.562259 -2.130366
-0.375000 0.284424 -1.030396 -0.729109 0.553003 -2.003389
-0.560425 0.275635 -0.869873 -1.089629 0.535914 -1.691287
-0.653198 0.314331 -0.657471 -1.270008 0.611151 -1.278315
-0.662598 0.340576 -0.476929 -1.288283 0.662179 -0.927288
-0.635620 0.333740 -0.345703 -1.235831 0.648888 -0.672148
-0.515625 0.279297 -0.291992 -1.002525 0.543035 -0.567718
-0.336914 0.172729 -0.248169 -0.655059 0.335836 -0.482513
-0.180420 0.139404 -0.241089 -0.350789 0.271043 -0.468747
-0.078857 0.109253 -0.277100 -0.153322 0.212420 -0.538762
-0.029175 0.140625 -0.253662 -0.056724 0.273416 -0.493193
-0.026855 0.153442 -0.177002 -0.052215 0.298337 -0.344143
-0.036377 0.131348 -0.141724 -0.070727 0.255378 -0.275552
-0.023560 0.116455 -0.046509 -0.045807 0.226423 -0.090427
-0.032227 0.094116 0.029907 -0.062658 0.182989 0.058148
-0.008179 0.035034 0.060791 -0.015902 0.068117 0.118195
0.032471 0.002563 0.069702 0.063133 0.004984 0.135521
0.102783 -0.013062 0.062866 0.199841 -0.025395 0.122230
0.141235 -0.031006 0.026611 0.274603 -0.060284 0.051740
0.144165 -0.052979 -0.020020 0.280299 -0.103006 -0.038924
0.134766 -0.054565 -0.066772 0.262024 -0.106091 -0.129825
0.069458 -0.034180 -0.108887 0.135047 -0.066455 -0.211708
-0.027588 -0.008423 -0.103882 -0.053639 -0.016376 -0.201977
-0.143188 0.098999 -0.055664 -0.278400 0.192483 -0.108227
-0.241699 0.213257 -0.052124 -0.469934 0.414633 -0.101344
-0.166382 0.170654 -0.076416 -0.323495 0.331802 -0.148575
-0.007324 0.046631 -0.116211 -0.014240 0.090664 -0.225948
0.048584 0.045654 -0.130737 0.094461 0.088765 -0.254191
0.043823 0.073364 -0.127686 0.085205 0.142642 -0.248258
0.054565 0.044556 -0.145020 0.106091 0.086629 -0.281960
0.048584 0.001099 -0.148071 0.094461 0.002136 -0.287894
0.014282 -0.039307 -0.160767 0.027769 -0.076424 -0.312577
