-0.513550 -0.219238 0.092529 -0.998491 -0.426263 0.179904
-0.409546 -0.376465 0.104126 -0.796277 -0.731957 0.202451
-0.512207 -0.850464 0.192383 -0.995880 -1.653550 0.374048
-0.665771 -0.953979 0.293823 -1.294454 -1.854814 0.571278
-0.421265 -0.242188 0.339355 -0.819061 -0.470883 0.659806
-0.028687 0.262329 0.356201 -0.055775 0.510044 0.692559
0.254639 -0.110474 0.070190 0.495092 -0.214793 0.136471
0.623047 -0.096924 -0.203979 1.211385 -0.188448 -0.396596
0.793701 -0.033325 -0.339966 1.543187 -0.064794 -0.660993
0.895996 -0.067871 -0.491333 1.742078 -0.131961 -0.955295
0.998047 -0.007690 -0.566528 1.940494 -0.014952 -1.101496
0.980225 0.021240 -0.633667 1.905843 0.041297 -1.232033
0.918701 0.127686 -0.693604 1.786223 0.248258 -1.348567
0.838501 0.093994 -0.811768 1.630290 0.182752 -1.578313
0.717651 0.045776 -0.908203 1.395324 0.089003 -1.765812
0.593018 -0.038208 -0.941895 1.152999 -0.074288 -1.831318
0.437744 0.004272 -0.978882 0.851102 0.008307 -1.903232
0.270752 0.068237 -0.979980 0.526421 0.132673 -1.905368
0.043945 -0.035645 -0.994385 0.085443 -0.069303 -1.933374
-0.151245 -0.017822 -0.992065 -0.294065 -0.034652 -1.928864
-0.341064 0.035278 -0.995361 -0.663129 0.068591 -1.935273
-0.626831 0.016235 -1.008179 -1.218742 0.031566 -1.960193
-0.984985 -0.075317 -0.979736 -1.915099 -0.146439 -1.904893
-1.189697 -0.329956 -0.874634 -2.313118 -0.641531 -1.700543
-1.323608 -0.343628 -0.614624 -2.573481 -0.668113 -1.195008
-1.577515 -0.178833 -0.218872 -3.067148 -0.347704 -0.425551
-1.665894 -0.169067 0.210327 -3.238983 -0.328716 0.408937
-1.445068 -0.391235 0.442627 -2.809634 -0.760676 0.860596
-1.171631 -0.431763 0.538818 -2.277992 -0.839473 1.047620
-0.893677 -0.408325 0.757324 -1.737568 -0.793903 1.472459
-0.655029 -0.525269 1.025513 -1.273568 -1.021275 1.993896
-0.584473 -0.492554 1.209961 -1.136385 -0.957668 2.352517
-0.409058 -0.411621 1.160278 -0.795327 -0.800311 2.255919
0.364258 -0.655273 0.883911 0.708223 -1.274043 1.718581
0.787354 -0.698364 0.732666 1.530845 -1.357824 1.424516
0.747192 -0.250366 0.702026 1.452760 -0.486785 1.364944
0.859253 -0.028564 0.528809 1.670638 -0.055538 1.028158
1.014526 -0.046509 0.245728 1.972535 -0.090427 0.477766
1.143311 -0.083130 0.041504 2.222929 -0.161629 0.080696
1.222412 -0.186401 -0.153931 2.376726 -0.362419 -0.299286
1.171387 -0.134155 -0.372192 2.277517 -0.260837 -0.723651
0.935669 0.135986 -0.505981 1.819213 0.264397 -0.983775
0.822266 0.250977 -0.592529 1.598724 0.487972 -1.152050
0.791992 0.229248 -0.665649 1.539864 0.445725 -1.294217
0.778809 0.218628 -0.768188 1.514231 0.425076 -1.493582
0.782349 0.140747 -0.921631 1.521114 0.273653 -1.791919
0.737183 -0.003540 -1.053711 1.433298 -0.006883 -2.048721
0.563232 0.038330 -1.125977 1.095088 0.074525 -2.189227
0.331421 0.270874 -1.193481 0.644379 0.526658 -2.320476
0.135254 0.414673 -1.129028 0.262973 0.806245 -2.195160
-0.044434 0.403687 -0.967529 -0.086392 0.784884 -1.881159
-0.229370 0.293823 -0.784302 -0.445962 0.571278 -1.524911
-0.364868 0.311157 -0.562500 -0.709410 0.604980 -1.093664
-0.396606 0.391479 -0.375977 -0.771119 0.761150 -0.731008
-0.364990 0.272827 -0.298096 -0.709647 0.530456 -0.579585
-0.278442 0.100708 -0.272095 -0.541373 0.195806 -0.529032
-0.164307 -0.107056 -0.205688 -0.319460 -0.208147 -0.399918
-0.066895 -0.298828 -0.056396 -0.130062 -0.581009 -0.109651
-0.050415 -0.239380 0.100464 -0.098022 -0.465424 0.195331
-0.101074 -0.050537 0.127319 -0.196518 -0.098259 0.247546
-0.103882 0.146606 0.062744 -0.201977 0.285046 0.121993
-0.046021 0.027100 -0.019409 -0.089477 0.052690 -0.037737
0.028076 -0.145386 -0.014648 0.054588 -0.282672 -0.028481
0.065918 -0.186523 -0.023438 0.128164 -0.362656 -0.045569
0.059448 -0.203979 -0.069092 0.115585 -0.396596 -0.134335
-0.005371 -0.081299 -0.102417 -0.010443 -0.158069 -0.199128
-0.054565 0.017822 -0.140625 -0.106091 0.034652 -0.273416
-0.033081 0.030396 -0.179810 -0.064319 0.059098 -0.349602
-0.019165 0.018311 -0.204590 -0.037262 0.035601 -0.397782
-0.030151 0.072632 -0.186157 -0.058623 0.141217 -0.361944
-0.047241 0.067017 -0.169434 -0.091851 0.130300 -0.329428
-0.052856 0.038452 -0.161011 -0.102768 0.074762 -0.313052
-0.079224 0.045898 -0.165771 -0.154034 0.089240 -0.322308
-0.086060 0.046997 -0.156128 -0.167325 0.091376 -0.303558
-0.081299 0.016846 -0.142090 -0.158069 0.032753 -0.276264
-0.080322 -0.018188 -0.102661 -0.156170 -0.035364 -0.199603
-0.067749 -0.011353 -0.056519 -0.131724 -0.022073 -0.109889
-0.064087 -0.021240 -0.069092 -0.124604 -0.041297 -0.134335
-0.057739 -0.032959 -0.092407 -0.112262 -0.064082 -0.179667
-0.063232 -0.026611 -0.096069 -0.122942 -0.051740 -0.186787
