-0.194580 -0.000488 0.140381 -0.378320 -0.000949 0.272941
-0.065430 -0.150757 0.293335 -0.127214 -0.293115 0.570329
-0.140381 -0.474976 0.354004 -0.272941 -0.923491 0.688287
-0.046753 -0.564697 0.379883 -0.090901 -1.097936 0.738603
0.393555 0.006714 0.372314 0.765185 0.013054 0.723888
0.679321 0.093872 0.069946 1.320799 0.182515 0.135996
0.845581 -0.052002 -0.338379 1.644056 -0.101107 -0.657907
0.958008 0.031860 -0.596802 1.862647 0.061946 -1.160357
1.081543 -0.015381 -0.774414 2.102835 -0.029905 -1.505687
1.064575 -0.083374 -0.896362 2.069845 -0.162103 -1.742790
0.870361 -0.232910 -1.033081 1.692236 -0.452845 -2.008611
0.678955 -0.210938 -1.096436 1.320087 -0.410124 -2.131790
0.563599 -0.109131 -1.158325 1.095800 -0.212182 -2.252122
0.461304 0.033813 -1.133179 0.896909 0.065743 -2.203230
0.196289 -0.086304 -1.144897 0.381643 -0.167800 -2.226015
-0.119385 -0.141846 -1.171387 -0.232119 -0.275789 -2.277517
-0.519409 -0.049683 -1.133423 -1.009883 -0.096597 -2.203705
-0.826660 0.000977 -1.030273 -1.607268 0.001899 -2.003152
-0.958618 -0.045166 -0.877563 -1.863833 -0.087816 -1.706239
-1.053711 -0.073242 -0.674683 -2.048721 -0.142404 -1.311780
-1.256714 -0.045532 -0.439453 -2.443418 -0.088528 -0.854425
-1.504883 0.111206 -0.133057 -2.925931 0.216217 -0.258701
-1.806396 0.201782 0.145508 -3.512161 0.392323 0.282910
-1.866211 0.184082 0.342651 -3.628458 0.357909 0.666214
-1.712524 -0.005615 0.403564 -3.329647 -0.010918 0.784647
-1.592163 -0.087280 0.505371 -3.095629 -0.169698 0.982589
-1.277588 -0.313599 0.678467 -2.484003 -0.609727 1.319137
-0.960571 -0.406982 0.965210 -1.867631 -0.791292 1.876650
-0.674072 -0.171753 1.125854 -1.310593 -0.333938 2.188989
-0.033447 -0.393066 0.954956 -0.065031 -0.764236 1.856713
0.436279 -0.609497 0.809692 0.848254 -1.185040 1.574278
0.727661 -0.376587 0.814697 1.414785 -0.732195 1.584009
0.964233 -0.398193 0.696533 1.874751 -0.774204 1.354264
1.065796 -0.452148 0.538574 2.072218 -0.879108 1.047145
1.188110 -0.435547 0.338745 2.310033 -0.846830 0.658619
1.307495 -0.375488 0.104370 2.542152 -0.730059 0.202926
1.367310 -0.308228 -0.105347 2.658448 -0.599284 -0.204825
1.157959 -0.189941 -0.266724 2.251410 -0.369301 -0.518589
0.900635 -0.088623 -0.444824 1.751097 -0.172309 -0.864868
0.777466 -0.007080 -0.592896 1.511620 -0.013766 -1.152762
0.821167 0.098877 -0.611328 1.596588 0.192246 -1.188600
0.898071 0.141235 -0.658081 1.746112 0.274603 -1.279501
0.808960 0.104248 -0.781982 1.572854 0.202689 -1.520402
0.658813 0.113403 -0.920654 1.280926 0.220489 -1.790020
0.510620 0.109009 -1.026733 0.992794 0.211945 -1.996269
0.390381 0.121704 -1.051147 0.759014 0.236628 -2.043737
0.262695 0.128540 -1.016602 0.510756 0.249919 -1.976570
0.074951 0.137573 -0.947998 0.145727 0.267482 -1.843185
-0.139404 0.238037 -0.800903 -0.271043 0.462814 -1.557190
-0.331421 0.265625 -0.712524 -0.644379 0.516452 -1.385355
-0.473145 0.267212 -0.630127 -0.919931 0.519538 -1.225151
-0.519287 0.342041 -0.492920 -1.009646 0.665027 -0.958380
-0.483276 0.380737 -0.356079 -0.939630 0.740264 -0.692322
-0.453247 0.309326 -0.269165 -0.881244 0.601420 -0.523335
-0.390503 0.198975 -0.215576 -0.759252 0.386865 -0.419143
-0.306885 0.192749 -0.200928 -0.596673 0.374760 -0.390662
-0.193848 0.132202 -0.209961 -0.376896 0.257040 -0.408225
-0.103760 0.096680 -0.231445 -0.201739 0.187973 -0.449997
-0.037109 0.030151 -0.212891 -0.072151 0.058623 -0.413921
0.015869 -0.029663 -0.109985 0.030854 -0.057674 -0.213844
-0.007690 -0.028076 -0.088867 -0.014952 -0.054588 -0.172784
-0.034790 -0.004028 -0.056152 -0.067642 -0.007832 -0.109177
-0.033447 -0.017456 -0.048584 -0.065031 -0.033940 -0.094461
-0.051636 0.001221 -0.039673 -0.100395 0.002373 -0.077136
-0.067993 0.014893 -0.033325 -0.132199 0.028956 -0.064794
-0.016235 0.013306 -0.075684 -0.031566 0.025870 -0.147151
0.030396 -0.018311 -0.138550 0.059098 -0.035601 -0.269381
0.087280 -0.030884 -0.142944 0.169698 -0.060047 -0.277925
0.086426 -0.039551 -0.155029 0.168037 -0.076898 -0.301422
0.054321 -0.080078 -0.156006 0.105616 -0.155695 -0.303321
0.017944 -0.097168 -0.123169 0.034889 -0.188923 -0.239476
-0.046143 -0.063965 -0.078125 -0.089715 -0.124366 -0.151898
-0.116577 -0.008911 -0.022339 -0.226660 -0.017326 -0.043433
-0.165405 0.019165 -0.037476 -0.321596 0.037262 -0.072863
-0.136597 0.019775 -0.105835 -0.265584 0.038449 -0.205774
-0.076660 0.019653 -0.144653 -0.149050 0.038212 -0.281248
-0.023682 0.006348 -0.120728 -0.046044 0.012342 -0.234730
0.000610 0.003174 -0.073120 0.001187 0.006171 -0.142167
-0.013916 0.004395 -0.051758 -0.027057 0.008544 -0.100632
-0.027100 -0.020874 -0.047729 -0.052690 -0.040585 -0.092800
