0.013916 -0.220215 0.274902 0.027057 -0.428162 0.534490
0.159546 -0.099487 0.364136 0.310204 -0.193432 0.707986
-0.103638 -0.049561 0.451416 -0.201502 -0.096360 0.877684
-0.095459 -0.018921 0.514648 -0.185600 -0.036788 1.000627
0.296631 0.062012 0.588745 0.576737 0.120569 1.144692
0.538818 0.339111 0.543823 1.047620 0.659331 1.057351
0.787842 0.265015 0.314941 1.531794 0.515266 0.612338
0.859497 0.235840 0.108765 1.671113 0.458541 0.211470
0.996338 0.306274 0.057373 1.937171 0.595487 0.111550
1.231689 0.297241 0.026489 2.394763 0.577924 0.051503
1.369019 0.189819 -0.094482 2.661771 0.369064 -0.183701
1.402588 0.041260 -0.337158 2.727040 0.080221 -0.655534
1.309692 -0.123413 -0.660400 2.546424 -0.239951 -1.284011
1.139526 -0.078979 -0.893433 2.215572 -0.153559 -1.737094
1.070801 0.104126 -0.961182 2.081949 0.202451 -1.868817
0.928345 0.199951 -1.015137 1.804973 0.388763 -1.973722
0.698120 -0.055664 -1.199463 1.357349 -0.108227 -2.332106
0.446533 -0.324829 -1.376099 0.868191 -0.631562 -2.675537
0.149170 -0.339478 -1.377686 0.290030 -0.660043 -2.678622
-0.177490 -0.275391 -1.332275 -0.345093 -0.535440 -2.590332
-0.537476 -0.053833 -1.159912 -1.045009 -0.104667 -2.255207
-0.865234 -0.002197 -0.921265 -1.682268 -0.004272 -1.791207
-1.130859 -0.052368 -0.723389 -2.198720 -0.101819 -1.406479
-1.339844 -0.076050 -0.556519 -2.605047 -0.147863 -1.082034
-1.553711 -0.127686 -0.363037 -3.020867 -0.248258 -0.705850
-1.666138 -0.301880 -0.169922 -3.239458 -0.586943 -0.330378
-1.560791 -0.375977 0.140869 -3.034633 -0.731008 0.273891
-1.365479 -0.422974 0.447266 -2.654888 -0.822384 0.869615
-1.149292 -0.520020 0.606323 -2.234559 -1.011070 1.178869
-0.822021 -0.619873 0.710327 -1.598249 -1.205214 1.381083
-0.319702 -0.400635 0.880127 -0.621594 -0.778951 1.711223
0.138672 -0.314087 0.894043 0.269619 -0.610677 1.738280
0.509888 -0.347168 0.847290 0.991370 -0.674996 1.647379
0.685181 -0.104492 0.766602 1.332191 -0.203163 1.490497
0.790771 0.121460 0.590210 1.537490 0.236154 1.147540
0.923828 -0.014160 0.422607 1.796191 -0.027531 0.821672
1.070557 -0.049194 0.348145 2.081474 -0.095648 0.676894
1.058594 0.125488 0.198853 2.058215 0.243986 0.386627
0.904175 0.338745 -0.065796 1.757980 0.658619 -0.127926
0.741211 0.369385 -0.311768 1.441130 0.718192 -0.606167
0.657959 0.348022 -0.389771 1.279264 0.676657 -0.757828
0.577026 0.374268 -0.496216 1.121907 0.727685 -0.964788
0.441284 0.378296 -0.597534 0.857985 0.735518 -1.161781
0.374756 0.336426 -0.655640 0.728635 0.654110 -1.274755
0.329712 0.381592 -0.698975 0.641056 0.741926 -1.359010
0.237183 0.415771 -0.716431 0.461152 0.808381 -1.392950
0.136475 0.432617 -0.674072 0.265346 0.841134 -1.310593
0.052002 0.398438 -0.574219 0.101107 0.774679 -1.116449
0.021851 0.299561 -0.431152 0.042484 0.582433 -0.838286
0.020386 0.228638 -0.301758 0.039636 0.444538 -0.586705
-0.023926 0.128418 -0.223389 -0.046519 0.249682 -0.434333
-0.112427 0.073486 -0.180054 -0.218590 0.142879 -0.350077
-0.186646 0.091919 -0.142944 -0.362893 0.178717 -0.277925
-0.239136 0.126587 -0.078247 -0.464950 0.246122 -0.152135
-0.262573 0.148560 -0.029175 -0.510519 0.288843 -0.056724
-0.212891 0.160034 -0.025024 -0.413921 0.311153 -0.048655
-0.144653 0.119873 -0.070679 -0.281248 0.233068 -0.137420
-0.109863 0.091187 -0.128906 -0.213606 0.177293 -0.250631
-0.055786 0.076538 -0.149658 -0.108465 0.148812 -0.290979
-0.027466 0.064209 -0.141357 -0.053402 0.124841 -0.274840
-0.004028 0.050171 -0.110474 -0.007832 0.097547 -0.214793
0.021973 0.008301 -0.107300 0.042721 0.016139 -0.208622
0.006470 -0.016602 -0.115479 0.012579 -0.032278 -0.224524
-0.001465 -0.018677 -0.090698 -0.002848 -0.036313 -0.176344
-0.017822 0.012573 -0.066040 -0.034652 0.024446 -0.128401
-0.027344 0.050537 -0.089844 -0.053164 0.098259 -0.174682
0.013794 0.048218 -0.121948 0.026819 0.093749 -0.237103
0.022949 0.026733 -0.154297 0.044620 0.051978 -0.299998
0.022705 0.004272 -0.152832 0.044145 0.008307 -0.297150
0.009155 0.004517 -0.145386 0.017801 0.008782 -0.282672
-0.036377 0.026855 -0.138062 -0.070727 0.052215 -0.268432
-0.053955 0.040649 -0.122559 -0.104904 0.079034 -0.238290
-0.044800 0.026978 -0.120728 -0.087104 0.052452 -0.234730
-0.036133 0.014771 -0.123901 -0.070253 0.028718 -0.240900
-0.033081 -0.009888 -0.118896 -0.064319 -0.019225 -0.231169
-0.028320 -0.033325 -0.115723 -0.055063 -0.064794 -0.224999
-0.028687 -0.032471 -0.099365 -0.055775 -0.063133 -0.193195
-0.040039 -0.036499 -0.081421 -0.077848 -0.070965 -0.158306
-0.054810 -0.023560 -0.076294 -0.106566 -0.045807 -0.148338
-0.052368 -0.012573 -0.061157 -0.101819 -0.024446 -0.118907
