-0.158325 0.110229 -0.023804 -0.307830 0.214318 -0.046281
0.015747 0.111084 -0.022095 0.030617 0.215980 -0.042959
-0.181274 -0.104492 -0.071655 -0.352450 -0.203163 -0.139319
-0.230835 -0.227539 -0.011719 -0.448810 -0.442402 -0.022785
-0.196533 -0.193115 0.155396 -0.382118 -0.375472 0.302134
-0.129150 0.073608 0.364624 -0.251106 0.143116 0.708935
0.377441 -0.162598 0.297729 0.733856 -0.316137 0.578873
0.749390 -0.261353 0.177856 1.457032 -0.508146 0.345805
0.969849 -0.312744 0.043457 1.885669 -0.608066 0.084493
1.100830 -0.318359 -0.078979 2.140335 -0.618983 -0.153559
1.115356 -0.239014 -0.224854 2.168578 -0.464712 -0.437181
1.060303 -0.200928 -0.369873 2.061538 -0.390662 -0.719141
0.978394 -0.164917 -0.495728 1.902282 -0.320647 -0.963839
0.912720 -0.086426 -0.595703 1.774593 -0.168037 -1.158221
0.851318 -0.056274 -0.708862 1.655211 -0.109414 -1.378235
0.745605 -0.063354 -0.826294 1.449674 -0.123180 -1.606556
0.608887 -0.103149 -0.922485 1.183853 -0.200553 -1.793581
0.406006 -0.060791 -0.984619 0.789394 -0.118195 -1.914387
0.185547 0.023926 -1.033569 0.360757 0.046519 -2.009560
-0.072632 0.169678 -1.064697 -0.141217 0.329903 -2.070082
-0.336426 0.304199 -1.092407 -0.654110 0.591452 -2.123958
-0.584717 0.357422 -1.068848 -1.136860 0.694932 -2.078151
-0.786255 0.338501 -0.980469 -1.528709 0.658145 -1.906317
-0.914917 0.231201 -0.845825 -1.778865 0.449522 -1.644531
-1.037598 0.138428 -0.635376 -2.017392 0.269144 -1.235356
-1.165405 0.121704 -0.395508 -2.265888 0.236628 -0.768983
-1.281128 0.045898 -0.158813 -2.490886 0.089240 -0.308780
-1.418213 -0.078979 0.170288 -2.757419 -0.153559 0.331090
-1.292114 -0.310425 0.554077 -2.512247 -0.603556 1.077288
-1.244995 -0.456421 0.875488 -2.420634 -0.887415 1.702204
-0.850098 -0.618286 1.047607 -1.652838 -1.202129 2.036854
-0.329102 -0.671387 1.221680 -0.639869 -1.305372 2.375302
0.139404 -0.756226 1.212769 0.271043 -1.470323 2.357976
0.467896 -0.717651 1.066040 0.909725 -1.395324 2.072693
0.690186 -0.363892 0.851807 1.341922 -0.707511 1.656160
0.841064 -0.234741 0.515137 1.635275 -0.456405 1.001576
1.006714 -0.255127 0.244873 1.957345 -0.496041 0.476105
1.099731 -0.226929 0.044556 2.138199 -0.441216 0.086629
1.077148 -0.198730 -0.138184 2.094291 -0.386390 -0.268669
0.958496 -0.135620 -0.302368 1.863596 -0.263685 -0.587892
0.822510 -0.064331 -0.475708 1.599199 -0.125078 -0.924915
0.737793 -0.039795 -0.659058 1.434485 -0.077373 -1.281400
0.652954 -0.013428 -0.811646 1.269533 -0.026107 -1.578076
0.517456 0.043457 -0.930176 1.006086 0.084493 -1.808533
0.400024 0.050415 -0.979858 0.777764 0.098022 -1.905131
0.297119 0.138794 -0.998047 0.577686 0.269856 -1.940494
0.164185 0.222046 -1.072632 0.319223 0.431722 -2.085509
0.071533 0.291748 -1.142212 0.139081 0.567243 -2.220793
-0.085327 0.430298 -1.165771 -0.165901 0.836625 -2.266600
-0.261841 0.603760 -1.152832 -0.509095 1.173885 -2.241442
-0.389404 0.738159 -1.106445 -0.757115 1.435197 -2.151252
-0.408813 0.590698 -0.945068 -0.794853 1.148490 -1.837489
-0.345703 0.428711 -0.681396 -0.672148 0.833539 -1.324834
-0.307251 0.402954 -0.431030 -0.597386 0.783460 -0.838049
-0.265381 0.373657 -0.314453 -0.515978 0.726499 -0.611389
-0.192383 0.237305 -0.294434 -0.374048 0.461390 -0.572465
-0.096802 0.069092 -0.259155 -0.188211 0.134335 -0.503873
-0.027588 0.016357 -0.182983 -0.053639 0.031804 -0.355773
-0.021240 -0.005981 -0.137207 -0.041297 -0.011630 -0.266770
-0.020020 -0.010742 -0.094849 -0.038924 -0.020886 -0.184413
0.003174 0.034058 -0.092896 0.006171 0.066218 -0.180616
0.018799 0.028931 -0.120239 0.036550 0.056250 -0.233780
0.018921 0.008667 -0.142212 0.036788 0.016851 -0.276501
0.034668 -0.013306 -0.146851 0.067405 -0.025870 -0.285520
0.005859 -0.038330 -0.128784 0.011392 -0.074525 -0.250394
0.002930 0.005615 -0.098022 0.005696 0.010918 -0.190584
0.029053 0.044556 -0.101196 0.056487 0.086629 -0.196755
0.047852 0.052124 -0.132446 0.093037 0.101344 -0.257514
0.057007 0.047485 -0.166748 0.110838 0.092325 -0.324207
0.055542 0.021973 -0.174072 0.107990 0.042721 -0.338447
0.021118 -0.000366 -0.155640 0.041060 -0.000712 -0.302609
-0.015747 -0.041382 -0.120728 -0.030617 -0.080458 -0.234730
-0.045898 -0.020752 -0.084961 -0.089240 -0.040348 -0.165189
-0.076050 0.000488 -0.073730 -0.147863 0.000949 -0.143354
-0.085327 0.008301 -0.079712 -0.165901 0.016139 -0.154983
-0.055908 -0.006958 -0.100586 -0.108702 -0.013528 -0.195568
-0.036865 0.004028 -0.130005 -0.071677 0.007832 -0.252767
-0.033447 0.023682 -0.141113 -0.065031 0.046044 -0.274365
-0.017090 0.008667 -0.140869 -0.033228 0.016851 -0.273891
-0.038452 -0.015503 -0.133179 -0.074762 -0.030142 -0.258938
