-1.097778 -0.082031 0.155273 -2.134401 -0.159493 0.301897
-0.739136 0.103394 0.189087 -1.437095 0.201027 0.367640
-0.448975 0.297485 0.092407 -0.872938 0.578398 0.179667
-0.305298 0.181763 -0.017700 -0.593588 0.353400 -0.034414
-0.106201 0.045288 -0.028198 -0.206486 0.088053 -0.054826
0.240967 -0.057373 0.002686 0.468510 -0.111550 0.005221
0.593994 -0.092407 -0.145508 1.154898 -0.179667 -0.282910
0.723267 -0.212891 -0.208862 1.406241 -0.413921 -0.406089
0.643066 -0.315918 -0.209473 1.250309 -0.614237 -0.407276
0.650513 -0.413452 -0.231934 1.264786 -0.803872 -0.450947
0.877563 0.223877 -0.442261 1.706239 0.435282 -0.859884
0.865967 -0.064209 -0.586426 1.683692 -0.124841 -1.140183
1.084595 -0.237183 -0.731079 2.108768 -0.461152 -1.421431
1.074097 -0.065674 -0.872559 2.088357 -0.127689 -1.696508
0.934326 -0.069580 -0.983887 1.816603 -0.135284 -1.912963
0.649780 -0.068115 -1.034912 1.263362 -0.132436 -2.012171
0.339966 -0.196167 -1.116333 0.660993 -0.381406 -2.170477
0.229980 -0.323364 -1.203613 0.447149 -0.628714 -2.340175
0.104858 -0.406494 -1.145752 0.203875 -0.790343 -2.227676
-0.205322 -0.454468 -1.157837 -0.399206 -0.883618 -2.251173
-0.489868 -0.347534 -1.193970 -0.952447 -0.675708 -2.321425
-0.645996 -0.466431 -1.110352 -1.256005 -0.906877 -2.158847
-0.892944 -0.547607 -1.055542 -1.736144 -1.064708 -2.052281
-1.270508 -0.270264 -0.860474 -2.470238 -0.525471 -1.673012
-1.555420 -0.154541 -0.531738 -3.024190 -0.300473 -1.033854
-1.395020 -0.282227 -0.080322 -2.712325 -0.548731 -0.156170
-0.941162 -0.339600 0.475586 -1.829894 -0.660281 0.924678
-0.557373 -0.400757 0.923706 -1.083696 -0.779188 1.795954
-0.336182 -0.455566 1.099121 -0.653635 -0.885754 2.137012
-0.196411 -0.400513 1.142456 -0.381881 -0.778713 2.221268
0.064697 -0.302979 1.242188 0.125790 -0.589079 2.415175
0.478638 -0.236450 1.249878 0.930611 -0.459728 2.430127
0.467529 -0.153076 0.925049 0.909013 -0.297625 1.798565
0.511841 -0.104858 0.498169 0.995168 -0.203875 0.968586
0.666504 -0.044434 0.189697 1.295878 -0.086392 0.368827
0.956055 -0.003540 0.087280 1.858849 -0.006883 0.169698
1.124634 0.043823 -0.040771 2.186616 0.085205 -0.079272
1.050171 0.252808 -0.352783 2.041838 0.491532 -0.685913
0.965088 0.380859 -0.561646 1.876412 0.740502 -1.092003
0.888916 0.318359 -0.649048 1.728312 0.618983 -1.261938
0.630005 0.345093 -0.739136 1.224913 0.670961 -1.437095
0.570557 0.415894 -0.813477 1.109329 0.808618 -1.581636
0.444702 0.295776 -0.829590 0.864631 0.575076 -1.612965
0.421143 0.237915 -0.746216 0.818824 0.462576 -1.450861
0.355591 0.135376 -0.565796 0.691372 0.263210 -1.100072
0.113281 -0.036865 -0.385498 0.220252 -0.071677 -0.749521
-0.045654 0.093872 -0.348877 -0.088765 0.182515 -0.678319
-0.080811 0.198242 -0.400146 -0.157119 0.385441 -0.778001
-0.028320 0.077026 -0.369873 -0.055063 0.149762 -0.719141
-0.009155 -0.020508 -0.281860 -0.017801 -0.039873 -0.548019
-0.072632 0.094604 -0.221436 -0.141217 0.183939 -0.430535
-0.096313 0.170776 -0.183105 -0.187261 0.332039 -0.356010
-0.078369 0.143433 -0.163452 -0.152372 0.278875 -0.317799
-0.036621 0.065430 -0.169312 -0.071202 0.127214 -0.329191
0.035156 0.001221 -0.156372 0.068354 0.002373 -0.304033
0.028198 0.049805 -0.160645 0.054826 0.096835 -0.312340
0.021606 0.079468 -0.140503 0.042009 0.154509 -0.273179
-0.000732 0.067139 -0.120850 -0.001424 0.130537 -0.234967
-0.006836 0.077271 -0.110474 -0.013291 0.150236 -0.214793
-0.026001 0.041870 -0.121948 -0.050553 0.081408 -0.237103
-0.027344 0.010986 -0.136230 -0.053164 0.021361 -0.264872
-0.021606 -0.003784 -0.141479 -0.042009 -0.007358 -0.275077
-0.020386 0.005005 -0.113403 -0.039636 0.009731 -0.220489
-0.023926 0.043823 -0.089722 -0.046519 0.085205 -0.174445
-0.066895 0.039795 -0.112183 -0.130062 0.077373 -0.218116
-0.075439 0.017456 -0.104736 -0.146676 0.033940 -0.203638
-0.047363 0.002319 -0.092041 -0.092088 0.004509 -0.178955
-0.026489 -0.034302 -0.089478 -0.051503 -0.066693 -0.173970
-0.011230 0.010376 -0.096069 -0.021835 0.020174 -0.186787
-0.013550 0.025146 -0.097656 -0.026345 0.048892 -0.189872
-0.002197 -0.008179 -0.131104 -0.004272 -0.015902 -0.254903
-0.011841 -0.020142 -0.163574 -0.023022 -0.039161 -0.318036
-0.046875 0.011841 -0.159424 -0.091139 0.023022 -0.309966
-0.108521 0.042236 -0.159546 -0.210996 0.082120 -0.310204
-0.116699 0.037476 -0.160889 -0.226897 0.072863 -0.312815
-0.097046 0.000732 -0.154907 -0.188686 0.001424 -0.301185
-0.093262 -0.018921 -0.141113 -0.181328 -0.036788 -0.274365
-0.136963 -0.014648 -0.150024 -0.266296 -0.028481 -0.291691
-0.101318 -0.025879 -0.139282 -0.196992 -0.050316 -0.270805
-0.055054 -0.043701 -0.111084 -0.107040 -0.084968 -0.215980
