-0.460327 -0.158691 -0.135132 -0.895010 -0.308542 -0.262736
-0.106689 0.100220 -0.005005 -0.207435 0.194856 -0.009731
-0.064209 0.083984 0.111328 -0.124841 0.163290 0.216454
-0.059937 -0.306519 0.014526 -0.116534 -0.595961 0.028243
0.326538 -0.447632 0.069092 0.634885 -0.870327 0.134335
0.832031 -0.518066 -0.017334 1.617711 -1.007272 -0.033702
1.181885 -0.598145 -0.371216 2.297929 -1.162967 -0.721752
1.932251 -0.249023 -0.685669 3.756859 -0.484174 -1.333140
1.552612 -0.219849 -0.609497 3.018731 -0.427450 -1.185040
0.676880 0.129028 -0.407227 1.316052 0.250869 -0.791767
0.747192 0.017212 -0.424194 1.452760 0.033465 -0.824758
0.819702 -0.187134 -0.533325 1.593740 -0.363843 -1.036940
0.802124 -0.468506 -0.541504 1.559563 -0.910912 -1.052842
0.758911 -0.658569 -0.617676 1.475545 -1.280451 -1.200942
0.400635 -0.550903 -0.708374 0.778951 -1.071117 -1.377286
0.015259 -0.291138 -0.671265 0.029668 -0.566057 -1.305134
-0.246216 -0.266357 -0.733887 -0.478715 -0.517877 -1.426890
-0.485352 -0.268188 -0.874756 -0.943665 -0.521437 -1.700781
-0.580444 -0.315430 -0.941772 -1.128553 -0.613287 -1.831080
-0.498901 0.018066 -1.012939 -0.970010 0.035126 -1.969450
-1.135864 0.517944 -1.132080 -2.208451 1.007035 -2.201094
-1.773071 0.335571 -0.914917 -3.447368 0.652448 -1.778865
-1.747437 -0.312378 -0.352173 -3.397526 -0.607354 -0.684727
-1.602417 -0.751465 0.030151 -3.115566 -1.461067 0.058623
-1.262451 -0.828003 0.654907 -2.454573 -1.609879 1.273331
-0.861816 -0.748169 1.206421 -1.675622 -1.454659 2.345634
-0.711914 -0.698242 1.357910 -1.384169 -1.357586 2.640173
-0.527222 -0.364624 1.377075 -1.025073 -0.708935 2.677436
-0.103149 -0.135620 1.224243 -0.200553 -0.263685 2.380286
0.505981 -0.187622 1.109741 0.983775 -0.364792 2.157660
0.923706 -0.020874 1.096069 1.795954 -0.040585 2.131078
1.140991 0.285034 0.875366 2.218420 0.554190 1.701967
1.215088 0.294189 0.358154 2.362485 0.571990 0.696356
1.246582 0.274780 -0.075806 2.423719 0.534253 -0.147388
1.313354 0.226196 -0.230957 2.553544 0.439792 -0.449048
1.788208 0.114136 -0.497925 3.476798 0.221913 -0.968111
1.676758 0.160767 -0.620850 3.260106 0.312577 -1.207113
0.487793 0.656616 -0.717407 0.948412 1.276653 -1.394849
0.498413 0.496582 -0.884644 0.969060 0.965500 -1.720005
0.969971 0.095703 -1.086670 1.885906 0.186075 -2.112803
0.934937 -0.041382 -1.058105 1.817789 -0.080458 -2.057266
0.645996 0.106934 -0.742920 1.256005 0.207910 -1.444453
0.245850 0.432983 -0.588745 0.478003 0.841846 -1.144692
-0.175415 0.625244 -0.490234 -0.341058 1.215657 -0.953159
-0.279663 0.536865 -0.480103 -0.543747 1.043823 -0.933459
0.011963 0.408203 -0.410400 0.023259 0.793666 -0.797938
0.085327 0.237305 -0.359863 0.165901 0.461390 -0.699679
-0.163818 0.105713 -0.387939 -0.318511 0.205537 -0.754267
-0.262207 0.069092 -0.306152 -0.509807 0.134335 -0.595249
-0.020508 0.077271 -0.010742 -0.039873 0.150236 -0.020886
0.002075 0.185059 -0.021973 0.004035 0.359808 -0.042721
-0.054321 0.187500 -0.127808 -0.105616 0.364555 -0.248495
-0.076782 0.129272 -0.216797 -0.149287 0.251343 -0.421516
-0.124878 0.096924 -0.210815 -0.242799 0.188448 -0.409887
-0.050415 0.081543 -0.102905 -0.098022 0.158543 -0.200078
-0.045898 0.126831 -0.086304 -0.089240 0.246597 -0.167800
-0.051880 0.074341 -0.131714 -0.100870 0.144540 -0.256090
-0.023071 0.028076 -0.166992 -0.044857 0.054588 -0.324682
-0.005981 0.039429 -0.145508 -0.011630 0.076661 -0.282910
-0.035767 0.058960 -0.101563 -0.069541 0.114635 -0.197467
-0.041870 0.071655 -0.067749 -0.081408 0.139319 -0.131724
-0.026611 0.056519 -0.069702 -0.051740 0.109889 -0.135521
-0.033203 0.057495 -0.099854 -0.064557 0.111787 -0.194144
-0.031616 0.061890 -0.095337 -0.061471 0.120332 -0.185363
-0.021851 0.058716 -0.092529 -0.042484 0.114161 -0.179904
0.000977 0.042847 -0.102295 0.001899 0.083306 -0.198891
-0.008179 0.051636 -0.120117 -0.015902 0.100395 -0.233543
0.000977 0.046509 -0.119141 0.001899 0.090427 -0.231644
-0.031982 0.013916 -0.132690 -0.062183 0.027057 -0.257989
-0.072021 0.008179 -0.151001 -0.140031 0.015902 -0.293590
-0.076782 -0.015137 -0.155762 -0.149287 -0.029430 -0.302846
-0.060791 -0.002197 -0.167480 -0.118195 -0.004272 -0.325631
-0.047852 -0.013916 -0.149048 -0.093037 -0.027057 -0.289792
-0.041382 -0.021362 -0.123657 -0.080458 -0.041535 -0.240426
-0.069824 -0.008301 -0.115845 -0.135759 -0.016139 -0.225236
-0.049561 -0.030151 -0.100464 -0.096360 -0.058623 -0.195331
-0.047974 -0.016968 -0.089722 -0.093275 -0.032990 -0.174445
-0.053467 0.015869 -0.097778 -0.103955 0.030854 -0.190110
-0.034790 0.052856 -0.081909 -0.067642 0.102768 -0.159255
-0.038330 0.084351 -0.066162 -0.074525 0.164002 -0.128638
