-0.067627 -0.100220 0.020386 -0.131487 -0.194856 0.039636
0.063721 -0.122925 -0.066650 0.123892 -0.239002 -0.129588
-0.038940 -0.261719 -0.106812 -0.075712 -0.508858 -0.207673
0.037720 -0.420898 0.013428 0.073338 -0.818349 0.026107
0.226440 -0.596069 0.171997 0.440266 -1.158933 0.334412
0.349976 -0.297607 0.255859 0.680455 -0.578636 0.497465
0.391113 -0.322021 0.085205 0.760438 -0.626104 0.165664
0.534668 -0.357178 -0.179077 1.039550 -0.694458 -0.348178
0.726074 -0.423096 -0.224976 1.411700 -0.822621 -0.437418
0.897217 -0.459351 -0.151855 1.744451 -0.893111 -0.295251
0.932251 -0.420044 -0.183350 1.812568 -0.816688 -0.356485
0.913940 -0.180298 -0.300171 1.776967 -0.350552 -0.583620
0.803345 -0.068604 -0.488281 1.561936 -0.133385 -0.949361
0.693726 -0.105103 -0.692383 1.348805 -0.204350 -1.346194
0.656616 -0.147949 -0.784180 1.276653 -0.287656 -1.524674
0.630981 -0.248779 -0.843262 1.226812 -0.483700 -1.639547
0.515503 -0.338501 -0.940430 1.002288 -0.658145 -1.828470
0.282959 -0.197632 -1.035522 0.550155 -0.384254 -2.013358
0.024048 -0.004395 -1.054199 0.046756 -0.008544 -2.049671
-0.148682 0.033569 -1.040405 -0.289080 0.065269 -2.022851
-0.343140 0.060059 -1.035034 -0.667164 0.116771 -2.012408
-0.541382 0.047241 -1.085938 -1.052604 0.091851 -2.111379
-0.741455 -0.021606 -1.029785 -1.441605 -0.042009 -2.002203
-0.902222 -0.098022 -1.025757 -1.754182 -0.190584 -1.994370
-1.106934 -0.105957 -1.033936 -2.152202 -0.206011 -2.010272
-1.430542 -0.122070 -0.930664 -2.781391 -0.237340 -1.809482
-1.571533 -0.201294 -0.655762 -3.055519 -0.391374 -1.274992
-1.860474 -0.018799 -0.170532 -3.617303 -0.036550 -0.331564
-2.112915 0.180176 0.412109 -4.108123 0.350314 0.801261
-1.971069 0.157959 0.815918 -3.832334 0.307118 1.586383
-1.353760 0.118530 0.904663 -2.632104 0.230457 1.758929
-0.349731 -0.203369 0.932983 -0.679980 -0.395409 1.813992
0.261719 -0.388672 0.990967 0.508858 -0.755691 1.926728
0.382935 -0.327271 1.199585 0.744536 -0.636309 2.332343
0.407837 -0.261475 1.305664 0.792954 -0.508383 2.538592
0.612671 -0.322632 1.061401 1.191211 -0.627290 2.063674
0.875732 -0.566528 0.792236 1.702679 -1.101496 1.540338
0.953857 -0.858765 0.826660 1.854577 -1.669689 1.607268
1.162231 -0.662354 0.740356 2.259717 -1.287808 1.439469
1.337891 -0.475342 0.507690 2.601249 -0.924203 0.987098
1.277588 -0.399170 0.139893 2.484003 -0.776103 0.271992
1.147705 -0.279419 -0.168823 2.231473 -0.543272 -0.328242
1.073486 -0.178345 -0.351929 2.087170 -0.346754 -0.684252
1.022339 -0.223633 -0.470337 1.987725 -0.434807 -0.914472
0.976318 -0.264648 -0.514160 1.898248 -0.514554 -0.999677
0.797729 -0.117676 -0.651855 1.551019 -0.228796 -1.267397
0.480469 0.051758 -0.870605 0.934171 0.100632 -1.692711
0.095703 0.099976 -1.036133 0.186075 0.194382 -2.014544
-0.204834 0.166992 -1.103638 -0.398257 0.324682 -2.145793
-0.148315 0.257324 -1.087280 -0.288368 0.500313 -2.113990
0.023071 0.158325 -1.028564 0.044857 0.307830 -1.999829
-0.155151 0.252930 -1.029785 -0.301659 0.491769 -2.002203
-0.294067 0.262085 -1.008301 -0.571753 0.509570 -1.960431
-0.440308 0.226440 -0.945435 -0.856086 0.440266 -1.838200
-0.480469 0.228149 -0.771118 -0.934171 0.443589 -1.499279
-0.457153 0.184570 -0.593628 -0.888839 0.358858 -1.154186
-0.398926 0.161621 -0.443604 -0.775628 0.314239 -0.862495
-0.304443 0.109497 -0.366333 -0.591927 0.212894 -0.712258
-0.250000 0.079224 -0.250488 -0.486073 0.154034 -0.487022
-0.239990 0.031982 -0.158813 -0.466611 0.062183 -0.308780
-0.233398 0.069824 -0.147827 -0.453795 0.135759 -0.287419
-0.223022 0.138184 -0.171631 -0.433621 0.268669 -0.333700
-0.174683 0.102417 -0.185303 -0.339634 0.199128 -0.360283
-0.046509 -0.006470 -0.145752 -0.090427 -0.012579 -0.283384
0.006958 -0.003784 -0.113892 0.013528 -0.007358 -0.221438
-0.020874 0.025635 -0.110840 -0.040585 0.049841 -0.215505
-0.001587 -0.007202 -0.122681 -0.003085 -0.014003 -0.238527
0.024048 -0.000854 -0.123413 0.046756 -0.001661 -0.239951
0.024292 0.035889 -0.089844 0.047231 0.069778 -0.174682
0.020874 0.049927 -0.078857 0.040585 0.097072 -0.153322
0.014038 0.029053 -0.085938 0.027294 0.056487 -0.167088
-0.011475 0.011353 -0.089478 -0.022310 0.022073 -0.173970
-0.045044 0.013184 -0.082642 -0.087579 0.025633 -0.160679
-0.029907 0.042480 -0.053345 -0.058148 0.082594 -0.103718
-0.020752 0.062866 -0.053345 -0.040348 0.122230 -0.103718
-0.030762 0.069458 -0.065430 -0.059810 0.135047 -0.127214
-0.055908 0.055420 -0.075562 -0.108702 0.107752 -0.146914
-0.059692 -0.001587 -0.052612 -0.116059 -0.003085 -0.102294
-0.044556 -0.025513 -0.022217 -0.086629 -0.049604 -0.043196
-0.061279 0.018433 -0.021484 -0.119145 0.035838 -0.041772
