-0.707031 -0.153931 0.266357 -1.374675 -0.299286 0.517877
-0.567627 0.093140 0.010132 -1.103632 0.181091 0.019699
-0.358643 0.033447 -0.080078 -0.697306 0.065031 -0.155695
0.066650 -0.213745 -0.105835 0.129588 -0.415583 -0.205774
0.555542 -0.515991 -0.064697 1.080136 -1.003237 -0.125790
0.890381 -0.602539 -0.133423 1.731160 -1.171512 -0.259413
0.779297 -0.189575 -0.243164 1.515180 -0.368589 -0.472782
0.631714 0.276611 -0.296631 1.228236 0.537813 -0.576737
0.770874 0.209839 -0.190552 1.498804 0.407988 -0.370488
0.808350 -0.192017 -0.388916 1.571667 -0.373336 -0.756166
0.761597 -0.391235 -0.556763 1.480766 -0.760676 -1.082509
0.884644 -0.198486 -0.540039 1.720005 -0.385915 -1.049993
0.955322 -0.184448 -0.643433 1.857425 -0.358621 -1.251021
0.853516 -0.249023 -0.727051 1.659483 -0.484174 -1.413599
0.744507 -0.211914 -0.772461 1.447538 -0.412023 -1.501889
0.521240 -0.136841 -0.830078 1.013443 -0.266058 -1.613914
0.197388 -0.148315 -0.882080 0.383779 -0.288368 -1.715021
-0.016479 -0.114746 -0.914307 -0.032041 -0.223100 -1.777679
-0.179932 -0.064331 -0.838989 -0.349840 -0.125078 -1.631240
-0.393433 -0.081787 -0.665283 -0.764948 -0.159018 -1.293505
-0.637207 -0.080444 -0.559814 -1.238916 -0.156407 -1.088443
-0.981079 0.096313 -0.577148 -1.907504 0.187261 -1.122145
-1.546509 0.452759 -0.476807 -3.006864 0.880295 -0.927051
-1.716797 0.213135 -0.214966 -3.337954 0.414396 -0.417956
-1.538330 -0.252563 0.047485 -2.990962 -0.491057 0.092325
-1.206177 -0.339233 0.421875 -2.345159 -0.659569 0.820248
-1.227905 -0.456909 0.643066 -2.387406 -0.888365 1.250309
-1.138794 -0.499512 0.804199 -2.214148 -0.971196 1.563598
-0.734497 -0.534424 0.871460 -1.428077 -1.039076 1.694372
-0.221313 -0.535156 0.932861 -0.430298 -1.040500 1.813754
0.161377 -0.380249 0.905151 0.313764 -0.739315 1.759878
0.511841 -0.203613 0.645264 0.995168 -0.395884 1.254581
0.612793 0.022217 0.479248 1.191448 0.043196 0.931798
0.761597 0.080322 0.291016 1.480766 0.156170 0.565819
1.044067 0.091431 0.007690 2.029971 0.177768 0.014952
1.165039 0.108398 -0.308716 2.265176 0.210758 -0.600234
0.918335 0.139648 -0.415161 1.785511 0.271517 -0.807194
0.851196 0.306885 -0.390503 1.654974 0.596673 -0.759252
0.664429 0.376709 -0.488281 1.291843 0.732432 -0.949361
0.589722 0.301758 -0.644287 1.146591 0.586705 -1.252682
0.749878 0.393921 -0.622192 1.457981 0.765897 -1.209723
0.656738 0.482422 -0.644165 1.276891 0.937969 -1.252445
0.550537 0.479248 -0.667236 1.070405 0.931798 -1.297302
0.336792 0.334961 -0.643555 0.654822 0.651262 -1.251258
0.210938 0.246704 -0.564087 0.410124 0.479665 -1.096749
0.057495 0.243164 -0.427124 0.111787 0.472782 -0.830454
-0.107056 0.183105 -0.357056 -0.208147 0.356010 -0.694220
-0.137573 0.103271 -0.299438 -0.267482 0.200790 -0.582196
-0.090332 0.062256 -0.247192 -0.175632 0.121044 -0.480614
-0.019409 0.057861 -0.232422 -0.037737 0.112499 -0.451896
-0.007568 0.022461 -0.208252 -0.014715 0.043671 -0.404903
-0.007813 0.041748 -0.200562 -0.015190 0.081170 -0.389950
-0.020264 0.025024 -0.194946 -0.039398 0.048655 -0.379032
-0.044312 -0.004150 -0.157959 -0.086155 -0.008070 -0.307118
-0.052002 -0.024902 -0.124146 -0.101107 -0.048417 -0.241375
-0.036255 -0.036377 -0.102905 -0.070490 -0.070727 -0.200078
-0.019897 -0.020508 -0.092896 -0.038686 -0.039873 -0.180616
-0.017700 -0.010742 -0.099854 -0.034414 -0.020886 -0.194144
-0.021240 -0.029785 -0.098022 -0.041297 -0.057911 -0.190584
-0.021118 -0.007446 -0.093628 -0.041060 -0.014478 -0.182040
-0.005737 0.029663 -0.137085 -0.011155 0.057674 -0.266533
0.003662 0.020386 -0.202393 0.007120 0.039636 -0.393510
-0.010620 -0.003662 -0.213013 -0.020649 -0.007120 -0.414159
-0.044434 -0.024536 -0.161865 -0.086392 -0.047705 -0.314713
-0.072998 0.007568 -0.112305 -0.141929 0.014715 -0.218353
-0.075562 0.020874 -0.101074 -0.146914 0.040585 -0.196518
-0.062134 0.040649 -0.116821 -0.120806 0.079034 -0.227135
-0.043335 0.074341 -0.107666 -0.084256 0.144540 -0.209334
-0.002197 0.057739 -0.078369 -0.004272 0.112262 -0.152372
0.011475 0.043579 -0.065186 0.022310 0.084730 -0.126740
0.018921 0.083984 -0.078491 0.036788 0.163290 -0.152610
-0.005859 0.078735 -0.074341 -0.011392 0.153084 -0.144540
0.008545 0.056396 -0.070679 0.016614 0.109651 -0.137420
0.025757 0.049927 -0.081055 0.050079 0.097072 -0.157594
0.015747 0.026978 -0.091919 0.030617 0.052452 -0.178717
0.009033 0.009399 -0.076172 0.017563 0.018275 -0.148100
-0.000366 0.016479 -0.045776 -0.000712 0.032041 -0.089003
-0.011841 0.016968 -0.046143 -0.023022 0.032990 -0.089715
-0.010620 -0.016724 -0.062988 -0.020649 -0.032516 -0.122468
-0.033936 -0.028564 -0.093018 -0.065981 -0.055538 -0.180853
