-0.253418 -0.352051 0.391846 -0.492718 -0.684489 0.761862
-0.295654 -0.389648 0.102417 -0.574838 -0.757590 0.199128
-0.219482 -0.317871 -0.165527 -0.426738 -0.618034 -0.321833
-0.056519 -0.358521 -0.188599 -0.109889 -0.697068 -0.366691
0.401001 -0.540527 -0.151855 0.779663 -1.050943 -0.295251
0.965942 -0.393677 -0.175415 1.878074 -0.765422 -0.341058
1.057739 -0.223633 -0.290161 2.056554 -0.434807 -0.564158
1.322876 -0.134155 -0.232666 2.572057 -0.260837 -0.452371
1.680054 -0.331421 -0.256714 3.266514 -0.644379 -0.499127
0.872437 -0.629639 -0.574829 1.696271 -1.224201 -1.117635
0.454224 -0.860352 -0.516602 0.883143 -1.672774 -1.004424
0.552368 -0.593384 -0.506958 1.073965 -1.153711 -0.985674
0.601685 -0.421265 -0.633423 1.169850 -0.819061 -1.231559
0.652588 -0.177490 -0.732666 1.268821 -0.345093 -1.424516
0.605591 -0.266724 -0.786377 1.177445 -0.518589 -1.528946
0.490479 -0.469360 -0.837402 0.953633 -0.912573 -1.628154
0.338135 -0.509399 -0.960205 0.657433 -0.990421 -1.866919
0.055298 -0.305786 -1.024536 0.107515 -0.594537 -1.991997
-0.273193 -0.094482 -1.005981 -0.531168 -0.183701 -1.955921
-0.617188 -0.052979 -0.944336 -1.199993 -0.103006 -1.836064
-0.896118 0.071289 -0.813354 -1.742315 0.138607 -1.581398
-1.630859 0.567017 -0.644165 -3.170866 1.102446 -1.252445
-2.340942 0.435303 -0.529663 -4.551475 0.846355 -1.029819
-1.618652 -0.130859 0.078125 -3.147132 -0.254429 0.151898
-0.758057 -0.067993 0.658325 -1.473883 -0.132199 1.279976
-0.796387 -0.197632 0.851685 -1.548408 -0.384254 1.655923
-0.664551 -0.195068 0.889893 -1.292081 -0.379270 1.730211
-0.316650 -0.118042 0.992310 -0.615661 -0.229508 1.929339
-0.011353 -0.169678 1.061646 -0.022073 -0.329903 2.064148
0.245483 -0.170776 0.971191 0.477291 -0.332039 1.888279
0.509277 -0.005249 0.617798 0.990184 -0.010206 1.201179
0.756104 0.032349 0.178467 1.470086 0.062895 0.346992
0.923584 0.067017 -0.068970 1.795717 0.130300 -0.134097
1.039307 0.072510 -0.169312 2.020715 0.140980 -0.329191
1.090942 0.068359 -0.298218 2.121110 0.132911 -0.579822
1.239990 0.044067 -0.500977 2.410903 0.085680 -0.974045
0.311401 0.185669 -0.423462 0.605455 0.360995 -0.823333
-0.150391 0.197754 -0.456421 -0.292403 0.384491 -0.887415
0.218994 -0.037354 -0.541626 0.425788 -0.072626 -1.053079
0.562134 -0.272095 -0.564697 1.092952 -0.529032 -1.097936
0.494385 -0.251099 -0.496704 0.961228 -0.488209 -0.965738
0.072632 -0.048950 -0.460449 0.141217 -0.095173 -0.895248
-0.162231 0.041748 -0.385254 -0.315425 0.081170 -0.749046
-0.143066 -0.042847 -0.322510 -0.278163 -0.083306 -0.627053
-0.075684 -0.127319 -0.260498 -0.147151 -0.247546 -0.506484
-0.057129 -0.094238 -0.223267 -0.111075 -0.183227 -0.434095
-0.120728 -0.042847 -0.216675 -0.234730 -0.083306 -0.421279
-0.139771 -0.011230 -0.163696 -0.271755 -0.021835 -0.318273
-0.091187 -0.011841 -0.101440 -0.177293 -0.023022 -0.197230
-0.030762 -0.023682 -0.099609 -0.059810 -0.046044 -0.193670
-0.016846 0.009644 -0.120728 -0.032753 0.018750 -0.234730
0.024048 0.060303 -0.134521 0.046756 0.117246 -0.261549
0.030884 0.090698 -0.122803 0.060047 0.176344 -0.238764
0.010864 0.114624 -0.106812 0.021123 0.222863 -0.207673
-0.014038 0.114624 -0.069092 -0.027294 0.222863 -0.134335
-0.057983 0.047729 -0.059937 -0.112737 0.092800 -0.116534
-0.036255 -0.002197 -0.064331 -0.070490 -0.004272 -0.125078
-0.010254 -0.025024 -0.027100 -0.019937 -0.048655 -0.052690
-0.050903 0.022583 -0.053467 -0.098971 0.043908 -0.103955
-0.012573 0.039673 -0.081787 -0.024446 0.077136 -0.159018
0.054077 0.035034 -0.095581 0.105142 0.068117 -0.185837
0.063110 0.061646 -0.110352 0.122705 0.119857 -0.214556
0.008057 0.078857 -0.087646 0.015664 0.153322 -0.170410
-0.083496 0.101563 -0.045166 -0.162341 0.197467 -0.087816
-0.090210 0.070068 -0.010620 -0.175394 0.136233 -0.020649
-0.137451 0.006714 0.012085 -0.267245 0.013054 0.023497
-0.161377 -0.026489 -0.031738 -0.313764 -0.051503 -0.061708
-0.075928 -0.044189 -0.052979 -0.147626 -0.085917 -0.103006
0.026245 -0.006470 -0.100464 0.051028 -0.012579 -0.195331
0.099854 -0.010132 -0.142578 0.194144 -0.019699 -0.277213
0.049561 0.003174 -0.145264 0.096360 0.006171 -0.282435
0.064697 0.016724 -0.120361 0.125790 0.032516 -0.234018
0.047119 0.041016 -0.097778 0.091613 0.079746 -0.190110
-0.050781 0.034790 -0.064941 -0.098734 0.067642 -0.126265
-0.087402 0.014404 -0.056030 -0.169936 0.028006 -0.108939
-0.030396 -0.015259 -0.057251 -0.059098 -0.029668 -0.111313
-0.060913 -0.038940 -0.070190 -0.118433 -0.075712 -0.136471
-0.080566 -0.030884 -0.083984 -0.156645 -0.060047 -0.163290
-0.030640 -0.033325 -0.091797 -0.059572 -0.064794 -0.178480
0.025513 -0.053467 -0.120117 0.049604 -0.103955 -0.233543
