-0.453247 0.345703 0.043579 -0.881244 0.672148 0.084730
-0.385132 0.121704 0.011963 -0.748809 0.236628 0.023259
-0.342041 -0.030151 -0.001831 -0.665027 -0.058623 -0.003560
-0.109009 -0.044434 0.018677 -0.211945 -0.086392 0.036313
0.391113 -0.190918 0.038696 0.760438 -0.371200 0.075237
0.856812 -0.546265 -0.028931 1.665891 -1.062098 -0.056250
1.294800 -0.631836 -0.162231 2.517468 -1.228473 -0.315425
1.536133 -0.461060 -0.397705 2.986690 -0.896434 -0.773255
2.049194 -0.266479 -0.649170 3.984231 -0.518114 -1.262176
1.204468 -0.800903 -0.578857 2.341837 -1.557190 -1.125468
0.982666 -0.822876 -0.488892 1.910589 -1.599911 -0.950548
1.180420 -0.316406 -0.593750 2.295081 -0.615186 -1.154423
1.002197 -0.150513 -0.741577 1.948564 -0.292641 -1.441842
0.574829 -0.279053 -0.823486 1.117635 -0.542560 -1.601098
0.310547 -0.357666 -0.800537 0.603794 -0.695407 -1.556478
0.171143 -0.261597 -0.762939 0.332751 -0.508620 -1.483377
0.059814 -0.245850 -0.820190 0.116297 -0.478003 -1.594689
-0.085449 -0.232910 -0.909180 -0.166138 -0.452845 -1.767710
-0.248657 -0.226318 -0.950684 -0.483462 -0.440029 -1.848406
-0.387085 -0.362549 -0.846924 -0.752606 -0.704901 -1.646667
-0.676270 -0.536865 -0.764648 -1.314865 -1.043823 -1.486700
-1.027954 -0.333740 -0.743408 -1.998643 -0.648888 -1.445402
-1.317139 0.022461 -0.650146 -2.560902 0.043671 -1.264074
-2.242188 -0.150879 -0.516357 -4.359467 -0.293353 -1.003949
-2.182739 -0.625366 -0.142700 -4.243882 -1.215894 -0.277451
-1.410400 -0.457153 0.569092 -2.742230 -0.888839 1.106480
-1.259644 -0.433594 1.008179 -2.449114 -0.843033 1.960193
-1.097168 -0.417603 1.117920 -2.133214 -0.811941 2.173562
-0.635742 -0.394409 1.213745 -1.236068 -0.766846 2.359874
-0.079346 -0.509399 1.290405 -0.154271 -0.990421 2.508924
0.404297 -0.372070 1.083008 0.786071 -0.723413 2.105683
0.679565 -0.023560 0.818115 1.321273 -0.045807 1.590655
0.826050 0.139038 0.548096 1.606082 0.270331 1.065658
0.967896 0.156372 0.239258 1.881871 0.304033 0.465187
1.125488 0.076416 0.003662 2.188277 0.148575 0.007120
1.271362 0.009888 -0.207031 2.471899 0.019225 -0.402529
1.337036 0.065918 -0.448730 2.599588 0.128164 -0.872463
1.812134 0.034546 -0.679321 3.523317 0.067167 -1.320799
0.826904 -0.018433 -0.484009 1.607743 -0.035838 -0.941054
0.014160 0.291138 -0.592407 0.027531 0.566057 -1.151812
0.268921 0.063354 -0.789673 0.522861 0.123180 -1.535354
0.390381 -0.097168 -0.968140 0.759014 -0.188923 -1.882346
0.179565 -0.269165 -0.902954 0.349128 -0.523335 -1.755606
0.064575 -0.282959 -0.738770 0.125553 -0.550155 -1.436383
-0.137329 -0.013184 -0.583130 -0.267008 -0.025633 -1.133775
-0.307983 0.163452 -0.478149 -0.598810 0.317799 -0.929662
-0.361206 0.040527 -0.391602 -0.702290 0.078797 -0.761388
-0.267334 -0.054199 -0.282593 -0.519775 -0.105379 -0.549443
-0.177979 -0.020874 -0.231201 -0.346042 -0.040585 -0.449522
-0.142822 0.029907 -0.198730 -0.277688 0.058148 -0.386390
-0.112915 -0.003418 -0.141479 -0.219540 -0.006646 -0.275077
-0.060425 -0.022583 -0.097778 -0.117483 -0.043908 -0.190110
-0.042480 0.011963 -0.114990 -0.082594 0.023259 -0.223575
-0.001343 0.048584 -0.114746 -0.002611 0.094461 -0.223100
-0.018433 0.066406 -0.125000 -0.035838 0.129113 -0.243036
-0.029053 0.049927 -0.118652 -0.056487 0.097072 -0.230695
-0.006714 0.051025 -0.106445 -0.013054 0.099208 -0.206961
-0.015747 0.060669 -0.097778 -0.030617 0.117958 -0.190110
-0.033447 0.072876 -0.102173 -0.065031 0.141692 -0.198654
-0.013672 0.048096 -0.089478 -0.026582 0.093512 -0.173970
0.004517 0.025146 -0.077881 0.008782 0.048892 -0.151423
0.003296 -0.000732 -0.078735 0.006408 -0.001424 -0.153084
-0.005859 -0.034790 -0.102783 -0.011392 -0.067642 -0.199841
-0.020874 -0.014282 -0.139038 -0.040585 -0.027769 -0.270331
-0.065186 -0.007935 -0.140625 -0.126740 -0.015427 -0.273416
-0.073730 -0.018555 -0.127441 -0.143354 -0.036076 -0.247783
-0.046753 -0.021973 -0.125122 -0.090901 -0.042721 -0.243274
-0.008057 -0.008179 -0.131104 -0.015664 -0.015902 -0.254903
-0.056885 0.076294 -0.114014 -0.110601 0.148338 -0.221676
-0.236572 0.169312 -0.039673 -0.459965 0.329191 -0.077136
-0.247070 0.145630 0.020630 -0.480377 0.283147 0.040111
-0.131348 0.060059 -0.005371 -0.255378 0.116771 -0.010443
-0.034668 -0.009766 -0.046875 -0.067405 -0.018987 -0.091139
0.064575 -0.041626 -0.074585 0.125553 -0.080933 -0.145015
0.085938 -0.059448 -0.081543 0.167088 -0.115585 -0.158543
0.041138 -0.034668 -0.102783 0.079984 -0.067405 -0.199841
0.015259 -0.042114 -0.114380 0.029668 -0.081882 -0.222388
0.017212 -0.045898 -0.113037 0.033465 -0.089240 -0.219777
-0.000732 -0.028076 -0.113403 -0.001424 -0.054588 -0.220489
-0.008789 -0.005005 -0.115234 -0.017089 -0.009731 -0.224049
