-0.905640 -0.190308 0.367188 -1.760828 -0.370014 0.713920
-0.594116 0.142700 0.415894 -1.155135 0.277451 0.808618
-0.344727 0.354004 0.401489 -0.670249 0.688287 0.780612
-0.096313 0.211548 0.341064 -0.187261 0.411311 0.663129
0.378540 0.291626 0.199585 0.735992 0.567006 0.388051
0.505371 0.697021 -0.189331 0.982589 1.355213 -0.368115
0.789429 0.244385 -0.396362 1.534880 0.475155 -0.770644
1.022461 0.188599 -0.414429 1.987962 0.366691 -0.805770
1.027588 0.115479 -0.491333 1.997931 0.224524 -0.955295
1.080078 0.141479 -0.508545 2.099987 0.275077 -0.988760
1.107910 0.166504 -0.678101 2.154100 0.323732 -1.318425
1.145386 0.232544 -0.787109 2.226964 0.452133 -1.530370
0.921387 -0.127808 -0.868164 1.791444 -0.248495 -1.687964
0.486328 -0.227661 -0.937378 0.945564 -0.442640 -1.822536
0.020264 -0.198975 -0.897339 0.039398 -0.386865 -1.744688
-0.254272 -0.132935 -0.868408 -0.494380 -0.258464 -1.688439
-0.334717 -0.164307 -0.825562 -0.650787 -0.319460 -1.605132
-0.497314 -0.332642 -0.793213 -0.966924 -0.646752 -1.542237
-0.870117 -0.374756 -0.771973 -1.691761 -0.728635 -1.500940
-1.329346 -0.309570 -0.715576 -2.584636 -0.601895 -1.391289
-1.435913 -0.344849 -0.451294 -2.791834 -0.670486 -0.877447
-1.270996 -0.246704 -0.158203 -2.471187 -0.479665 -0.307593
-1.170044 -0.200928 0.109497 -2.274907 -0.390662 0.212894
-1.028076 -0.103638 0.424927 -1.998880 -0.201502 0.826182
-0.650391 -0.038574 0.600220 -1.264549 -0.075000 1.167002
-0.250977 -0.169312 0.714722 -0.487972 -0.329191 1.389627
0.094238 -0.139893 0.729980 0.183227 -0.271992 1.419295
0.319824 -0.058960 0.767090 0.621832 -0.114635 1.491446
0.539063 -0.011475 0.998169 1.048095 -0.022310 1.940732
0.405762 -0.117432 1.235474 0.788919 -0.228321 2.402121
0.371460 -0.199097 1.098022 0.722227 -0.387102 2.134876
0.505005 -0.162231 0.562744 0.981877 -0.315425 1.094139
0.675903 -0.120850 0.132935 1.314153 -0.234967 0.258464
0.765503 -0.078613 -0.110107 1.488361 -0.152847 -0.214081
0.807739 0.033569 -0.283691 1.570481 0.065269 -0.551579
0.858521 0.140503 -0.397949 1.669214 0.273179 -0.773729
0.817139 0.204590 -0.411499 1.588756 0.397782 -0.800074
0.655396 0.208618 -0.527466 1.274280 0.405615 -1.025547
0.743164 0.166626 -0.640991 1.444928 0.323969 -1.246274
0.647583 0.124756 -0.580566 1.259090 0.242562 -1.128790
0.383789 0.119141 -0.593506 0.746198 0.231644 -1.153948
0.250122 0.104492 -0.656616 0.486310 0.203163 -1.276653
0.199707 0.073853 -0.657715 0.388289 0.143591 -1.278789
0.149292 0.044922 -0.600220 0.290267 0.087341 -1.167002
0.140259 0.046387 -0.549316 0.272704 0.090189 -1.068031
0.117432 0.041870 -0.518188 0.228321 0.081408 -1.007509
0.064575 0.038574 -0.480225 0.125553 0.075000 -0.933697
-0.011353 0.032715 -0.427002 -0.022073 0.063607 -0.830216
-0.075073 0.026245 -0.298950 -0.145964 0.051028 -0.581246
-0.069214 0.049438 -0.228760 -0.134572 0.096123 -0.444776
-0.020630 0.019287 -0.185425 -0.040111 0.037500 -0.360520
-0.030396 0.028931 -0.152222 -0.059098 0.056250 -0.295963
0.001465 0.028564 -0.190430 0.002848 0.055538 -0.370251
0.024536 0.003052 -0.206177 0.047705 0.005934 -0.400868
-0.001221 -0.047852 -0.150879 -0.002373 -0.093037 -0.293353
-0.041504 -0.056274 -0.109131 -0.080696 -0.109414 -0.212182
-0.064453 -0.034180 -0.141968 -0.125316 -0.066455 -0.276027
-0.030640 -0.043091 -0.188110 -0.059572 -0.083781 -0.365741
-0.000610 -0.055054 -0.189087 -0.001187 -0.107040 -0.367640
0.011475 -0.121582 -0.184692 0.022310 -0.236391 -0.359096
-0.022461 -0.103394 -0.194458 -0.043671 -0.201027 -0.378083
-0.063110 -0.047485 -0.138794 -0.122705 -0.092325 -0.269856
-0.034790 -0.037476 -0.076660 -0.067642 -0.072863 -0.149050
-0.006470 -0.082153 -0.027588 -0.012579 -0.159730 -0.053639
0.014893 -0.084106 -0.111938 0.028956 -0.163527 -0.217641
0.003418 -0.057251 -0.175293 0.006646 -0.111313 -0.340821
-0.006226 -0.077637 -0.171265 -0.012104 -0.150948 -0.332988
-0.027466 -0.019165 -0.209595 -0.053402 -0.037262 -0.407513
-0.113892 0.046875 -0.285156 -0.221438 0.091139 -0.554427
-0.087524 0.028442 -0.260010 -0.170173 0.055300 -0.505535
-0.052490 0.056885 -0.268066 -0.102056 0.110601 -0.521199
-0.022583 0.144775 -0.256348 -0.043908 0.281486 -0.498415
0.009277 0.067017 -0.217651 0.018038 0.130300 -0.423178
0.014648 0.059570 -0.234741 0.028481 0.115822 -0.456405
-0.011108 0.104614 -0.256470 -0.021598 0.203401 -0.498652
-0.044189 0.145264 -0.178955 -0.085917 0.282435 -0.347941
-0.084351 0.231812 -0.112793 -0.164002 0.450709 -0.219302
-0.137573 0.102905 -0.053955 -0.267482 0.200078 -0.104904
-0.113525 0.088257 -0.036621 -0.220726 0.171597 -0.071202
0.008423 0.236450 -0.047119 0.016376 0.459728 -0.091613
