-0.148804 -0.134277 -0.102417 -0.289318 -0.261074 -0.199128
0.029419 -0.145142 -0.023682 0.057199 -0.282198 -0.046044
-0.013062 -0.202271 0.062500 -0.025395 -0.393273 0.121518
0.002319 -0.255981 0.181763 0.004509 -0.497703 0.353400
0.152344 -0.271729 0.281128 0.296201 -0.528319 0.546595
0.381714 0.064087 0.331909 0.742163 0.124604 0.645328
0.617310 -0.039917 0.144043 1.200230 -0.077610 0.280062
0.899048 -0.213013 -0.124146 1.748011 -0.414159 -0.241375
1.025146 -0.305542 -0.288208 1.993184 -0.594063 -0.560360
1.060791 -0.183838 -0.352417 2.062487 -0.357434 -0.685201
1.045898 -0.127808 -0.446167 2.033532 -0.248495 -0.867479
1.001465 -0.051514 -0.613037 1.947140 -0.100158 -1.191923
0.920288 -0.084595 -0.817505 1.789308 -0.164477 -1.589468
0.774536 -0.115234 -0.993530 1.505924 -0.224049 -1.931713
0.643921 -0.044922 -1.082886 1.251970 -0.087341 -2.105446
0.527832 -0.029053 -1.113281 1.026259 -0.056487 -2.164543
0.337280 -0.041138 -1.126221 0.655771 -0.079984 -2.189702
0.022461 -0.021362 -1.117065 0.043671 -0.041535 -2.171901
-0.335938 0.063354 -1.064331 -0.653160 0.123180 -2.069370
-0.641724 0.224243 -0.999756 -1.247698 0.435994 -1.943817
-0.938354 0.088013 -0.909424 -1.824435 0.171122 -1.768185
-1.276733 -0.074219 -0.754395 -2.482342 -0.144303 -1.466763
-1.618530 -0.133301 -0.596680 -3.146895 -0.259176 -1.160119
-1.798462 -0.130737 -0.436768 -3.496734 -0.254191 -0.849204
-1.857056 -0.166016 -0.263794 -3.610658 -0.322783 -0.512892
-1.837524 -0.680176 -0.463013 -3.572683 -1.322460 -0.900232
-1.487305 -0.775635 -0.448975 -2.891754 -1.508060 -0.872938
-0.891602 -0.581543 0.042847 -1.733533 -1.130689 0.083306
-0.405029 -0.727539 0.675659 -0.787495 -1.414548 1.313679
0.044189 -0.722534 1.075317 0.085917 -1.404817 2.090731
0.351563 -0.496826 1.178345 0.683540 -0.965975 2.291046
0.572632 -0.354858 1.022095 1.113363 -0.689948 1.987250
0.709717 -0.281006 0.903564 1.379896 -0.546357 1.756793
0.880127 -0.261841 0.804932 1.711223 -0.509095 1.565022
0.942017 -0.119141 0.590698 1.831555 -0.231644 1.148490
0.976074 0.114258 0.295776 1.897773 0.222151 0.575076
1.013916 0.205078 0.066895 1.971348 0.398732 0.130062
0.987427 0.275635 -0.095947 1.919846 0.535914 -0.186549
0.891724 0.369507 -0.268311 1.733771 0.718429 -0.521674
0.780884 0.387451 -0.500122 1.518266 0.753318 -0.972383
0.691895 0.435425 -0.657715 1.345245 0.846593 -1.278789
0.641724 0.488892 -0.753052 1.247698 0.950548 -1.464152
0.536743 0.471558 -0.834717 1.043585 0.916846 -1.622933
0.419067 0.429443 -0.886108 0.814789 0.834963 -1.722853
0.265259 0.420776 -0.901489 0.515740 0.818112 -1.752758
0.052124 0.526855 -0.907715 0.101344 1.024361 -1.764862
-0.129761 0.692993 -0.958862 -0.252293 1.347381 -1.864308
-0.229980 0.744019 -1.012085 -0.447149 1.446589 -1.967788
-0.278564 0.671753 -0.987061 -0.541611 1.306084 -1.919134
-0.347656 0.612915 -0.833984 -0.675945 1.191686 -1.621509
-0.416382 0.586670 -0.670166 -0.809568 1.140657 -1.302998
-0.460205 0.557007 -0.517090 -0.894773 1.082984 -1.005373
-0.421753 0.465942 -0.377319 -0.820011 0.905928 -0.733619
-0.336060 0.269287 -0.250122 -0.653398 0.523573 -0.486310
-0.290649 0.121826 -0.168579 -0.565107 0.236866 -0.327767
-0.257202 0.064331 -0.127930 -0.500076 0.125078 -0.248733
-0.204590 0.052612 -0.122437 -0.397782 0.102294 -0.238052
-0.142578 0.062134 -0.108032 -0.277213 0.120806 -0.210046
-0.091797 0.035034 -0.087769 -0.178480 0.068117 -0.170648
-0.049561 -0.016235 -0.064087 -0.096360 -0.031566 -0.124604
-0.038696 -0.046387 -0.048218 -0.075237 -0.090189 -0.093749
-0.027588 0.001221 -0.014893 -0.053639 0.002373 -0.028956
-0.000732 0.036621 0.000732 -0.001424 0.071202 0.001424
0.019531 0.046265 -0.043457 0.037974 0.089952 -0.084493
-0.012085 0.002197 -0.070068 -0.023497 0.004272 -0.136233
-0.034546 -0.019043 -0.066528 -0.067167 -0.037025 -0.129350
-0.041260 -0.046875 -0.065186 -0.080221 -0.091139 -0.126740
-0.071655 -0.028687 -0.071045 -0.139319 -0.055775 -0.138132
-0.067261 -0.012085 -0.103516 -0.130774 -0.023497 -0.201265
-0.037598 -0.008179 -0.138184 -0.073101 -0.015902 -0.268669
-0.015259 0.016602 -0.169800 -0.029668 0.032278 -0.330140
0.016968 0.015259 -0.171631 0.032990 0.029668 -0.333700
0.018921 -0.004028 -0.150879 0.036788 -0.007832 -0.293353
0.008545 -0.029297 -0.103271 0.016614 -0.056962 -0.200790
-0.013184 -0.041504 -0.077148 -0.025633 -0.080696 -0.149999
-0.032837 -0.029907 -0.062500 -0.063845 -0.058148 -0.121518
-0.056152 -0.021729 -0.055908 -0.109177 -0.042247 -0.108702
-0.071899 -0.002197 -0.050903 -0.139793 -0.004272 -0.098971
-0.064575 0.017700 -0.065674 -0.125553 0.034414 -0.127689
-0.032837 0.011353 -0.097656 -0.063845 0.022073 -0.189872
