-1.137695 -0.534424 0.118896 -2.212011 -1.039076 0.231169
-0.803101 -0.066895 0.223877 -1.561462 -0.130062 0.435282
-0.504272 0.056274 0.342163 -0.980453 0.109414 0.665265
-0.146973 0.151611 0.412964 -0.285758 0.294777 0.802922
0.147705 0.416504 0.391235 0.287182 0.809805 0.760676
0.384033 0.434570 0.234863 0.746673 0.844931 0.456643
0.509644 0.162720 -0.098755 0.990896 0.316375 -0.192008
0.828369 0.037354 -0.452148 1.610591 0.072626 -0.879108
1.061035 -0.078857 -0.540771 2.062962 -0.153322 -1.051417
1.174683 -0.146973 -0.563354 2.283926 -0.285758 -1.095325
1.184082 -0.184448 -0.719360 2.302201 -0.358621 -1.398646
1.027588 -0.166016 -0.872925 1.997931 -0.322783 -1.697220
0.830200 -0.145386 -0.888428 1.614151 -0.282672 -1.727363
0.573242 -0.103271 -0.862061 1.114550 -0.200790 -1.676097
0.304321 -0.105591 -0.883179 0.591689 -0.205299 -1.717157
-0.018799 -0.137817 -0.809570 -0.036550 -0.267957 -1.574041
-0.294678 -0.244507 -0.783691 -0.572939 -0.475393 -1.523725
-0.584839 -0.222412 -0.767334 -1.137097 -0.432434 -1.491921
-0.854004 -0.231689 -0.681396 -1.660433 -0.450472 -1.324834
-1.361450 -0.143066 -0.512695 -2.647056 -0.278163 -0.996829
-1.704834 -0.102905 -0.240723 -3.314694 -0.200078 -0.468035
-1.472412 -0.026611 0.059692 -2.862798 -0.051740 0.116059
-1.176270 -0.013672 0.432007 -2.287011 -0.026582 0.839947
-0.877686 -0.202881 0.591431 -1.706477 -0.394460 1.149914
-0.573242 -0.331543 0.705811 -1.114550 -0.644616 1.372302
-0.303833 -0.356323 0.826416 -0.590740 -0.692796 1.606794
-0.093994 -0.268188 0.925903 -0.182752 -0.521437 1.800226
0.091797 -0.216309 0.962036 0.178480 -0.420567 1.870479
0.484619 -0.193848 0.900146 0.942241 -0.376896 1.750147
0.684204 -0.159668 0.841187 1.330292 -0.310441 1.635512
0.890747 -0.275879 0.560181 1.731872 -0.536389 1.089155
0.972534 -0.419434 0.166260 1.890890 -0.815501 0.323257
0.894653 -0.201294 -0.213623 1.739467 -0.391374 -0.415345
0.780029 0.200073 -0.518921 1.516604 0.389001 -1.008934
0.671265 0.343994 -0.548096 1.305134 0.668825 -1.065658
0.713501 0.326294 -0.577393 1.387254 0.634411 -1.122620
0.664673 0.393433 -0.553223 1.292318 0.764948 -1.075626
0.453491 0.485840 -0.694336 0.881719 0.944614 -1.349992
0.567505 0.466797 -0.923950 1.103395 0.907589 -1.796429
0.440308 0.421387 -0.854126 0.856086 0.819299 -1.660670
0.371582 0.396118 -0.821045 0.722464 0.770169 -1.596351
0.308350 0.396118 -0.769897 0.599522 0.770169 -1.496905
0.268433 0.397583 -0.720459 0.521911 0.773017 -1.400782
0.175781 0.353149 -0.605957 0.341770 0.686625 -1.178157
0.063843 0.358032 -0.516724 0.124129 0.696119 -1.004661
0.011719 0.366577 -0.445801 0.022785 0.712733 -0.866767
-0.037598 0.314331 -0.378540 -0.073101 0.611151 -0.735992
-0.056519 0.232178 -0.288086 -0.109889 0.451421 -0.560123
-0.028809 0.205566 -0.235229 -0.056012 0.399681 -0.457355
-0.035767 0.170410 -0.207275 -0.069541 0.331327 -0.403004
-0.074463 0.167480 -0.161743 -0.144778 0.325631 -0.314476
-0.112305 0.262695 -0.171875 -0.218353 0.510756 -0.334175
-0.077515 0.349365 -0.225098 -0.150711 0.679268 -0.437655
0.026733 0.229370 -0.222534 0.051978 0.445962 -0.432671
0.090698 0.077271 -0.177979 0.176344 0.150236 -0.346042
0.070190 0.018555 -0.108521 0.136471 0.036076 -0.210996
-0.010986 0.041504 -0.074463 -0.021361 0.080696 -0.144778
-0.093872 0.065186 -0.060791 -0.182515 0.126740 -0.118195
-0.070068 0.038818 -0.038452 -0.136233 0.075474 -0.074762
0.011719 0.016479 -0.052490 0.022785 0.032041 -0.102056
0.037842 -0.016479 -0.080078 0.073575 -0.032041 -0.155695
0.019897 -0.069092 -0.067383 0.038686 -0.134335 -0.131012
-0.039429 -0.028442 -0.056763 -0.076661 -0.055300 -0.110363
-0.042603 0.064331 -0.054077 -0.082832 0.125078 -0.105142
-0.029297 0.091919 -0.084351 -0.056962 0.178717 -0.164002
-0.014404 0.070190 -0.148560 -0.028006 0.136471 -0.288843
0.016724 0.045166 -0.142944 0.032516 0.087816 -0.277925
0.070190 0.061401 -0.083130 0.136471 0.119382 -0.161629
0.163208 0.086182 -0.067749 0.317324 0.167562 -0.131724
0.183838 0.048706 -0.136108 0.357434 0.094699 -0.264634
0.119629 0.001343 -0.188232 0.232593 0.002611 -0.365979
0.067505 0.020264 -0.134033 0.131249 0.039398 -0.260600
0.039551 0.130859 -0.093140 0.076898 0.254429 -0.181091
0.050659 0.160400 -0.116211 0.098496 0.311865 -0.225948
0.071167 0.082397 -0.135132 0.138369 0.160205 -0.262736
0.080811 0.051514 -0.109009 0.157119 0.100158 -0.211945
0.037598 0.056519 -0.159180 0.073101 0.109889 -0.309492
0.034302 0.012573 -0.095703 0.066693 0.024446 -0.186075
0.064453 -0.000488 -0.067261 0.125316 -0.000949 -0.130774
0.041504 0.042847 -0.095459 0.080696 0.083306 -0.185600
