-0.045898 -0.068237 0.060913 -0.089240 -0.132673 0.118433
0.118774 -0.112427 0.032593 0.230932 -0.218590 0.063370
0.128906 -0.091187 0.036987 0.250631 -0.177293 0.071914
0.143311 -0.181519 0.097290 0.278637 -0.352925 0.189160
0.243530 -0.337524 0.172119 0.473494 -0.656246 0.334650
0.396362 -0.094360 0.301270 0.770644 -0.183464 0.585756
0.450928 0.184082 0.255249 0.876735 0.357909 0.496279
0.670288 -0.092041 -0.109497 1.303236 -0.178955 -0.212894
0.829224 -0.336426 -0.382202 1.612253 -0.654110 -0.743112
0.907227 -0.360596 -0.464355 1.763913 -0.701103 -0.902842
0.912476 -0.277710 -0.509766 1.774119 -0.539949 -0.991133
0.875122 -0.193359 -0.594116 1.701493 -0.375947 -1.155135
0.866089 -0.255005 -0.686035 1.683929 -0.495804 -1.333852
0.832886 -0.364258 -0.806641 1.619373 -0.708223 -1.568345
0.736572 -0.354858 -0.878174 1.432111 -0.689948 -1.707426
0.539429 -0.302002 -0.894043 1.048807 -0.587180 -1.738280
0.278320 -0.213257 -0.917358 0.541136 -0.414633 -1.783612
-0.007324 -0.103271 -0.932739 -0.014240 -0.200790 -1.813517
-0.268311 -0.015381 -0.913086 -0.521674 -0.029905 -1.775305
-0.452881 0.042847 -0.905029 -0.880532 0.083306 -1.759641
-0.729980 0.162720 -0.931519 -1.419295 0.316375 -1.811144
-1.074341 0.220215 -0.895142 -2.088832 0.428162 -1.740416
-1.405762 0.253662 -0.695313 -2.733211 0.493193 -1.351890
-1.651978 0.438599 -0.356323 -3.211926 0.852764 -0.692796
-1.687500 0.468018 0.053223 -3.280992 0.909963 0.103480
-1.680908 0.317627 0.344482 -3.268176 0.617559 0.669774
-1.326294 -0.095093 0.485596 -2.578702 -0.184888 0.944140
-1.097656 -0.100220 0.734131 -2.134164 -0.194856 1.427364
-1.157959 0.091553 1.071167 -2.251410 0.178005 2.082661
-1.095215 -0.181152 1.213501 -2.129417 -0.352213 2.359400
-0.507568 -0.300781 1.134521 -0.986861 -0.584806 2.205841
0.296997 -0.467773 0.882568 0.577449 -0.909488 1.715970
0.561768 -0.474609 0.702759 1.092240 -0.922779 1.366368
0.630615 -0.226440 0.582886 1.226100 -0.440266 1.133300
0.733398 -0.065918 0.433960 1.425940 -0.128164 0.843745
0.927002 -0.073242 0.266602 1.802362 -0.142404 0.518351
1.090576 -0.152344 0.104004 2.120398 -0.296201 0.202214
1.095581 -0.112549 -0.020752 2.130129 -0.218828 -0.040348
1.014771 -0.054810 -0.155273 1.973010 -0.106566 -0.301897
0.918457 -0.001831 -0.316284 1.785748 -0.003560 -0.614949
0.845581 0.075928 -0.448120 1.644056 0.147626 -0.871276
0.818970 0.049194 -0.597290 1.592316 0.095648 -1.161306
0.767212 0.046631 -0.737305 1.491684 0.090664 -1.433535
0.691772 0.011230 -0.846436 1.345007 0.021835 -1.645718
0.544800 0.054321 -0.928345 1.059250 0.105616 -1.804973
0.358643 0.240479 -0.967773 0.697306 0.467560 -1.881634
0.181885 0.448853 -0.946655 0.353637 0.872700 -1.840574
0.006226 0.574707 -0.924438 0.012104 1.117398 -1.797378
-0.143799 0.583496 -0.930054 -0.279587 1.134487 -1.808296
-0.248413 0.488892 -0.925415 -0.482987 0.950548 -1.799277
-0.337646 0.369629 -0.853149 -0.656483 0.718666 -1.658771
-0.377319 0.157104 -0.674927 -0.733619 0.305457 -1.312254
-0.349731 -0.101074 -0.340942 -0.679980 -0.196518 -0.662891
-0.380737 -0.161377 -0.057251 -0.740264 -0.313764 -0.111313
-0.433228 -0.070068 -0.051636 -0.842321 -0.136233 -0.100395
-0.313843 -0.006470 -0.175537 -0.610202 -0.012579 -0.341295
-0.119019 -0.162720 -0.252441 -0.231407 -0.316375 -0.490820
0.021118 -0.427124 -0.259277 0.041060 -0.830454 -0.504111
0.046509 -0.449219 -0.261230 0.090427 -0.873412 -0.507908
-0.019775 -0.292236 -0.187378 -0.038449 -0.568193 -0.364317
-0.135010 -0.105835 -0.116943 -0.262498 -0.205774 -0.227372
-0.140869 -0.065186 -0.074829 -0.273891 -0.126740 -0.145490
-0.105347 -0.001953 -0.081787 -0.204825 -0.003797 -0.159018
-0.065796 0.019775 -0.110962 -0.127926 0.038449 -0.215742
-0.007202 -0.019043 -0.167725 -0.014003 -0.037025 -0.326106
0.025024 -0.058716 -0.196899 0.048655 -0.114161 -0.382830
0.037598 -0.064697 -0.158203 0.073101 -0.125790 -0.307593
0.030029 -0.024414 -0.117920 0.058386 -0.047468 -0.229271
0.039795 -0.029785 -0.095947 0.077373 -0.057911 -0.186549
0.040283 -0.029663 -0.099365 0.078322 -0.057674 -0.193195
0.025757 -0.027832 -0.095581 0.050079 -0.054114 -0.185837
0.015137 0.004761 -0.087891 0.029430 0.009256 -0.170885
0.006104 0.022339 -0.109985 0.011867 0.043433 -0.213844
0.004517 -0.001587 -0.129150 0.008782 -0.003085 -0.251106
-0.006592 -0.018799 -0.109497 -0.012816 -0.036550 -0.212894
-0.028442 -0.039795 -0.084595 -0.055300 -0.077373 -0.164477
-0.027222 -0.058228 -0.078003 -0.052927 -0.113211 -0.151660
-0.002808 -0.076782 -0.100464 -0.005459 -0.149287 -0.195331
0.029053 -0.055176 -0.125366 0.056487 -0.107278 -0.243748
0.075684 -0.050781 -0.143311 0.147151 -0.098734 -0.278637
