-0.921753 0.092285 0.176392 -1.792156 0.179429 0.342957
-0.749756 0.177002 -0.043579 -1.457744 0.344143 -0.084730
-0.456543 -0.067017 -0.029907 -0.887653 -0.130300 -0.058148
-0.196045 -0.232788 0.183228 -0.381168 -0.452608 0.356248
-0.101074 -0.279297 0.376831 -0.196518 -0.543035 0.732669
-0.001343 -0.086670 0.287354 -0.002611 -0.168512 0.558699
0.467773 0.307251 0.015503 0.909488 0.597386 0.030142
0.880249 0.252441 -0.265503 1.711461 0.490820 -0.516215
0.985474 0.127930 -0.300659 1.916048 0.248733 -0.584569
0.885498 -0.133789 -0.543701 1.721666 -0.260125 -1.057114
0.840088 -0.197510 -0.629517 1.633376 -0.384017 -1.223964
0.962280 -0.173340 -0.657471 1.870953 -0.337023 -1.278315
0.852661 -0.194092 -0.732788 1.657822 -0.377371 -1.424754
0.620605 -0.301025 -0.920532 1.206638 -0.585281 -1.789783
0.457397 -0.353271 -0.993530 0.889314 -0.686863 -1.931713
0.240723 -0.353149 -0.936523 0.468035 -0.686625 -1.820875
-0.102539 -0.433228 -0.897705 -0.199366 -0.842321 -1.745400
-0.714355 -0.028076 -1.165649 -1.388915 -0.054588 -2.266362
-1.378662 0.498047 -1.405762 -2.680521 0.968348 -2.733211
-1.811401 -0.088867 -0.921753 -3.521893 -0.172784 -1.792156
-1.961426 -0.534668 -0.062500 -3.813584 -1.039550 -0.121518
-1.654419 -0.386719 0.220459 -3.216673 -0.751894 0.428637
-1.123291 -0.246704 0.551147 -2.184005 -0.479665 1.071591
-0.931396 -0.085083 0.777710 -1.810906 -0.165426 1.512095
-0.901855 -0.226807 0.908081 -1.753470 -0.440978 1.765574
-0.290283 -0.423096 1.048096 -0.564395 -0.822621 2.037804
0.506470 -0.233643 1.159180 0.984725 -0.454269 2.253783
0.806519 -0.231079 1.035522 1.568107 -0.449285 2.013358
0.978760 -0.253052 0.619141 1.902994 -0.492006 1.203790
1.045288 -0.056396 0.321289 2.032345 -0.109651 0.624680
0.926514 0.142090 0.141602 1.801413 0.276264 0.275315
0.907837 0.278931 -0.071411 1.765100 0.542323 -0.138844
0.931885 0.322144 -0.304077 1.811856 0.626341 -0.591215
0.986816 0.264160 -0.503174 1.918659 0.513604 -0.978317
1.016602 0.270508 -0.592773 1.976570 0.525946 -1.152524
0.875366 0.284424 -0.692383 1.701967 0.553003 -1.346194
0.936768 0.132813 -0.882568 1.821349 0.258226 -1.715970
1.231079 0.224976 -0.856079 2.393577 0.437418 -1.664467
1.080933 0.428345 -0.922974 2.101648 0.832827 -1.794530
0.670776 0.534668 -0.885620 1.304185 1.039550 -1.721904
0.508301 0.401855 -0.727783 0.988285 0.781324 -1.415023
0.425903 0.251831 -0.549194 0.828080 0.489633 -1.067794
0.110840 0.005005 -0.307739 0.215505 0.009731 -0.598335
-0.110596 0.066406 -0.258301 -0.215030 0.129113 -0.502212
-0.086304 0.104736 -0.281494 -0.167800 0.203638 -0.547307
0.147827 -0.100464 -0.143799 0.287419 -0.195331 -0.279587
0.203003 -0.145264 -0.134888 0.394697 -0.282435 -0.262261
0.073486 0.010254 -0.210449 0.142879 0.019937 -0.409175
0.004272 0.164673 -0.279907 0.008307 0.320172 -0.544221
0.011841 0.179565 -0.209717 0.023022 0.349128 -0.407751
0.022583 0.100220 -0.068970 0.043908 0.194856 -0.134097
0.017090 0.086304 -0.041992 0.033228 0.167800 -0.081645
-0.008057 0.093506 -0.087280 -0.015664 0.181803 -0.169698
-0.004639 0.119751 -0.095459 -0.009019 0.232831 -0.185600
-0.000854 0.071289 -0.055298 -0.001661 0.138607 -0.107515
0.009155 0.036621 -0.040161 0.017801 0.071202 -0.078085
-0.026978 0.106812 -0.022827 -0.052452 0.207673 -0.044383
-0.053711 0.083740 0.008423 -0.104430 0.162815 0.016376
-0.024902 0.038574 0.022217 -0.048417 0.075000 0.043196
-0.073853 -0.003052 -0.011841 -0.143591 -0.005934 -0.023022
-0.064209 0.022827 -0.047974 -0.124841 0.044383 -0.093275
-0.074585 -0.043579 0.002563 -0.145015 -0.084730 0.004984
-0.044922 -0.066650 0.036255 -0.087341 -0.129588 0.070490
-0.016968 0.000732 0.002319 -0.032990 0.001424 0.004509
-0.049805 0.041016 -0.042847 -0.096835 0.079746 -0.083306
-0.078491 0.069458 -0.058838 -0.152610 0.135047 -0.114398
-0.071289 0.066528 -0.062744 -0.138607 0.129350 -0.121993
-0.001953 0.042114 -0.049927 -0.003797 0.081882 -0.097072
0.031982 0.015503 -0.057129 0.062183 0.030142 -0.111075
0.027100 -0.046265 -0.057617 0.052690 -0.089952 -0.112025
0.003418 -0.004028 -0.101440 0.006646 -0.007832 -0.197230
-0.044556 0.070435 -0.158203 -0.086629 0.136945 -0.307593
-0.048584 -0.003052 -0.135986 -0.094461 -0.005934 -0.264397
-0.056396 -0.042358 -0.095337 -0.109651 -0.082357 -0.185363
-0.087036 0.020386 -0.114014 -0.169224 0.039636 -0.221676
-0.102295 0.053467 -0.163574 -0.198891 0.103955 -0.318036
-0.055176 0.049316 -0.184082 -0.107278 0.095885 -0.357909
-0.048828 0.011108 -0.148682 -0.094936 0.021598 -0.289080
-0.045776 -0.017944 -0.125244 -0.089003 -0.034889 -0.243511
0.006226 0.056030 -0.118164 0.012104 0.108939 -0.229745
