0.587036 0.030151 0.309326 1.141369 0.058623 0.601420
0.436401 -0.036255 0.263916 0.848491 -0.070490 0.513130
0.384888 -0.099243 0.257446 0.748334 -0.192958 0.500551
0.564819 -0.195068 0.245117 1.098173 -0.379270 0.476579
0.707031 -0.020020 0.293823 1.374675 -0.038924 0.571278
0.719849 0.050659 0.250244 1.399596 0.098496 0.486548
0.784302 -0.066650 0.067993 1.524911 -0.129588 0.132199
0.885498 0.036865 -0.131348 1.721666 0.071677 -0.255378
0.916870 0.178101 -0.309204 1.782663 0.346279 -0.601183
0.987915 0.327515 -0.488892 1.920795 0.636784 -0.950548
1.020630 0.068726 -0.699707 1.984402 0.133623 -1.360435
0.965820 -0.117432 -0.856323 1.877836 -0.228321 -1.664942
0.880981 -0.146973 -0.997070 1.712885 -0.285758 -1.938595
0.711426 0.013428 -1.099609 1.383219 0.026107 -2.137961
0.504517 0.073242 -1.108521 0.980927 0.142404 -2.155287
0.235474 -0.007446 -1.061035 0.457829 -0.014478 -2.062962
-0.075439 0.006226 -0.932129 -0.146676 0.012104 -1.812330
-0.459106 0.093506 -0.797729 -0.892637 0.181803 -1.551019
-0.835205 0.091675 -0.728394 -1.623882 0.178243 -1.416209
-1.089600 0.050415 -0.671265 -2.118499 0.098022 -1.305134
-1.322998 0.126465 -0.550537 -2.572294 0.245885 -1.070405
-1.575806 0.208984 -0.320068 -3.063826 0.406327 -0.622306
-1.754395 0.173828 -0.050659 -3.411055 0.337973 -0.098496
-1.776611 0.118896 0.238892 -3.454251 0.231169 0.464475
-1.428101 0.046265 0.465088 -2.776644 0.089952 0.904266
-0.946655 -0.049805 0.674316 -1.840574 -0.096835 1.311068
-0.611572 -0.191162 0.825562 -1.189075 -0.371675 1.605132
-0.404175 -0.336060 1.015991 -0.785834 -0.653398 1.975383
-0.161499 -0.371948 1.215820 -0.314001 -0.723176 2.363909
0.087280 -0.365845 1.308228 0.169698 -0.711309 2.543576
0.314575 -0.284790 1.301270 0.611626 -0.553715 2.530047
0.542725 -0.158936 1.028809 1.055215 -0.309017 2.000304
0.869141 -0.228271 0.457886 1.689863 -0.443826 0.890263
1.140381 -0.205078 -0.071899 2.217233 -0.398732 -0.139793
1.227661 -0.131836 -0.414551 2.386931 -0.256328 -0.806008
1.259033 -0.080078 -0.611450 2.447928 -0.155695 -1.188838
1.232300 -0.057861 -0.748047 2.395950 -0.112499 -1.454421
1.040771 -0.012207 -0.876099 2.023563 -0.023734 -1.703391
0.800903 0.073364 -1.028442 1.557190 0.142642 -1.999592
0.634277 0.153198 -1.133545 1.233220 0.297862 -2.203942
0.449097 0.254883 -1.169067 0.873175 0.495567 -2.273008
0.226318 0.370483 -1.152588 0.440029 0.720328 -2.240967
-0.032837 0.364868 -1.118042 -0.063845 0.709410 -2.173800
-0.306030 0.351929 -1.047363 -0.595012 0.684252 -2.036380
-0.481812 0.320557 -0.853638 -0.936782 0.623256 -1.659721
-0.599731 0.223511 -0.606567 -1.166053 0.434570 -1.179344
-0.721436 0.243408 -0.352783 -1.402681 0.473257 -0.685913
-0.696167 0.186279 -0.114502 -1.353552 0.362181 -0.222625
-0.480591 0.132690 -0.012939 -0.934409 0.257989 -0.025158
-0.269043 0.051636 -0.064087 -0.523098 0.100395 -0.124604
-0.128540 -0.070068 -0.115967 -0.249919 -0.136233 -0.225473
-0.095703 -0.063232 -0.090210 -0.186075 -0.122942 -0.175394
-0.085205 -0.017456 -0.033325 -0.165664 -0.033940 -0.064794
-0.068848 -0.010254 -0.019531 -0.133860 -0.019937 -0.037974
-0.089478 -0.009399 -0.029053 -0.173970 -0.018275 -0.056487
-0.091187 -0.022949 -0.024292 -0.177293 -0.044620 -0.047231
-0.073364 -0.052002 -0.026489 -0.142642 -0.101107 -0.051503
-0.060181 -0.033447 -0.033203 -0.117009 -0.065031 -0.064557
-0.064697 0.006104 -0.065430 -0.125790 0.011867 -0.127214
-0.033447 -0.013306 -0.081299 -0.065031 -0.025870 -0.158069
-0.004883 -0.030762 -0.090942 -0.009494 -0.059810 -0.176819
-0.018799 -0.019043 -0.099487 -0.036550 -0.037025 -0.193432
-0.024292 -0.035156 -0.073730 -0.047231 -0.068354 -0.143354
-0.007080 -0.038818 -0.023193 -0.013766 -0.075474 -0.045095
-0.012085 -0.032227 -0.016846 -0.023497 -0.062658 -0.032753
-0.006836 -0.047241 -0.051514 -0.013291 -0.091851 -0.100158
-0.010010 -0.079224 -0.099609 -0.019462 -0.154034 -0.193670
-0.072876 -0.068237 -0.137085 -0.141692 -0.132673 -0.266533
-0.061646 -0.037476 -0.140381 -0.119857 -0.072863 -0.272941
-0.022339 0.011963 -0.144409 -0.043433 0.023259 -0.280774
0.019165 0.053711 -0.176025 0.037262 0.104430 -0.342245
0.064087 0.033325 -0.191162 0.124604 0.064794 -0.371675
0.047974 -0.020752 -0.168457 0.093275 -0.040348 -0.327530
0.006104 -0.036621 -0.125854 0.011867 -0.071202 -0.244698
0.002563 -0.039185 -0.092896 0.004984 -0.076186 -0.180616
0.026978 -0.078369 -0.085205 0.052452 -0.152372 -0.165664
0.022095 -0.084961 -0.098145 0.042959 -0.165189 -0.190822
0.016357 -0.065918 -0.106567 0.031804 -0.128164 -0.207198
0.082275 -0.059937 -0.106567 0.159967 -0.116534 -0.207198
0.131714 -0.030762 -0.121216 0.256090 -0.059810 -0.235679
