-0.071655 -0.275879 0.099609 -0.139319 -0.536389 0.193670
0.043457 -0.258179 -0.066772 0.084493 -0.501975 -0.129825
0.283447 0.125366 -0.064087 0.551104 0.243748 -0.124604
0.464722 -0.110107 -0.082886 0.903554 -0.214081 -0.161154
0.671631 -0.237305 -0.048828 1.305846 -0.461390 -0.094936
0.767334 -0.072021 -0.096069 1.491921 -0.140031 -0.186787
1.047241 0.169556 -0.170776 2.036142 0.329666 -0.332039
1.460571 0.102173 -0.263428 2.839777 0.198654 -0.512180
1.528931 -0.529297 -0.514771 2.972687 -1.029107 -1.000864
1.056763 0.337158 -0.595825 2.054655 0.655534 -1.158458
0.541504 0.628906 -0.635132 1.052842 1.222777 -1.234882
0.374023 0.235718 -0.645508 0.727211 0.458304 -1.255055
0.449463 -0.180664 -0.637329 0.873887 -0.351264 -1.239154
0.451660 -0.740723 -0.706177 0.878159 -1.440181 -1.373013
0.336914 -0.396240 -0.704834 0.655059 -0.770407 -1.370403
0.261353 0.195801 -0.763184 0.508146 0.380694 -1.483851
0.168945 0.253662 -0.976196 0.328479 0.493193 -1.898010
0.011841 0.336670 -1.216675 0.023022 0.654585 -2.365571
-0.200562 0.471191 -1.360229 -0.389950 0.916134 -2.644683
-0.412598 -0.055908 -1.413330 -0.802210 -0.108702 -2.747926
-1.277954 -0.702637 -1.071045 -2.484715 -1.366131 -2.082424
-2.096558 -1.767578 -0.691895 -4.076319 -3.436687 -1.345245
-1.523560 -0.555908 0.082642 -2.962244 -1.080848 0.160679
-0.813477 -0.339966 0.573608 -1.581636 -0.660993 1.115262
-0.647949 -0.352661 0.835449 -1.259802 -0.685676 1.624357
-0.415405 -0.272827 1.117310 -0.807669 -0.530456 2.172376
-0.179077 -0.072144 1.160889 -0.348178 -0.140268 2.257106
0.030762 0.085571 1.042603 0.059810 0.166376 2.027123
0.379639 0.106079 0.895630 0.738128 0.206249 1.741366
0.791138 0.093872 0.687012 1.538202 0.182515 1.335751
1.111572 0.151001 0.420044 2.161221 0.293590 0.816688
1.215698 0.298340 0.200195 2.363672 0.580060 0.389238
1.243530 0.267700 0.024658 2.417785 0.520487 0.047943
1.263672 0.165771 -0.127930 2.456947 0.322308 -0.248733
1.423706 0.227417 -0.213501 2.768100 0.442165 -0.415108
1.691772 0.006104 -0.392578 3.289299 0.011867 -0.763286
0.527588 0.227539 -0.455566 1.025785 0.442402 -0.885754
0.263672 0.253418 -0.638672 0.512655 0.492718 -1.241764
0.709961 0.188843 -0.691406 1.380371 0.367165 -1.344295
0.521973 0.044556 -0.539063 1.014867 0.086629 -1.048095
0.286987 0.231323 -0.375122 0.557987 0.449760 -0.729347
0.023438 0.505737 -0.375977 0.045569 0.983301 -0.731008
-0.155396 0.447632 -0.429565 -0.302134 0.870327 -0.835200
-0.116577 0.157715 -0.384644 -0.226660 0.306644 -0.747859
-0.012085 0.030396 -0.317139 -0.023497 0.059098 -0.616610
-0.058105 0.183594 -0.240356 -0.112974 0.356960 -0.467323
-0.104858 0.323120 -0.195435 -0.203875 0.628240 -0.379982
-0.242310 0.201050 -0.290039 -0.471120 0.390899 -0.563920
-0.284546 0.020386 -0.294312 -0.553240 0.039636 -0.572227
-0.234253 -0.108887 -0.251587 -0.455456 -0.211708 -0.489158
-0.095825 -0.145020 -0.209839 -0.186312 -0.281960 -0.407988
0.029053 -0.042969 -0.227905 0.056487 -0.083544 -0.443114
0.072021 -0.060791 -0.249634 0.140031 -0.118195 -0.485361
0.009521 -0.151123 -0.246216 0.018513 -0.293827 -0.478715
-0.030518 -0.311890 -0.205444 -0.059335 -0.606404 -0.399444
-0.043335 -0.161865 -0.210083 -0.084256 -0.314713 -0.408463
-0.199829 -0.087158 -0.162354 -0.388526 -0.169461 -0.315663
-0.309570 -0.149902 -0.058350 -0.601895 -0.291454 -0.113449
-0.255493 -0.216431 0.017090 -0.496753 -0.420804 0.033228
-0.219727 -0.095947 0.066528 -0.427213 -0.186549 0.129350
-0.073730 0.118042 0.021362 -0.143354 0.229508 0.041535
0.052368 0.172485 -0.142212 0.101819 0.335362 -0.276501
0.083008 0.112793 -0.191895 0.161391 0.219302 -0.373099
-0.029053 0.111328 -0.069214 -0.056487 0.216454 -0.134572
-0.056641 0.196045 -0.017700 -0.110126 0.381168 -0.034414
-0.020996 0.152344 -0.138428 -0.040823 0.296201 -0.269144
-0.031982 0.097412 -0.177490 -0.062183 0.189398 -0.345093
-0.051636 0.134155 -0.141357 -0.100395 0.260837 -0.274840
-0.044189 0.224243 -0.071533 -0.085917 0.435994 -0.139081
-0.045044 0.228760 -0.030518 -0.087579 0.444776 -0.059335
-0.059692 0.067993 -0.106445 -0.116059 0.132199 -0.206961
-0.078979 -0.015869 -0.215820 -0.153559 -0.030854 -0.419618
-0.097290 0.050049 -0.234741 -0.189160 0.097310 -0.456405
-0.125366 0.130249 -0.221924 -0.243748 0.253242 -0.431485
-0.140625 0.137329 -0.189575 -0.273416 0.267008 -0.368589
-0.129883 0.103149 -0.150146 -0.252530 0.200553 -0.291929
-0.125610 0.070801 -0.149780 -0.244223 0.137657 -0.291217
-0.130249 0.005737 -0.157959 -0.253242 0.011155 -0.307118
-0.095215 -0.001343 -0.136230 -0.185125 -0.002611 -0.264872
-0.067505 0.004028 -0.165039 -0.131249 0.007832 -0.320884
