0.032715 0.042358 0.071167 0.063607 0.082357 0.138369
0.175171 0.044189 0.128418 0.340583 0.085917 0.249682
0.364258 -0.030151 0.152588 0.708223 -0.058623 0.296675
0.494751 -0.017944 0.165649 0.961940 -0.034889 0.322071
0.598633 0.013672 0.245850 1.163917 0.026582 0.478003
0.731812 0.157959 0.326294 1.422855 0.307118 0.634411
0.779663 0.127808 0.238403 1.515892 0.248495 0.463526
0.888916 0.083252 0.070068 1.728312 0.161866 0.136233
0.911377 0.173706 -0.104736 1.771983 0.337735 -0.203638
0.837036 0.255127 -0.301392 1.627442 0.496041 -0.585993
0.837036 0.246826 -0.508057 1.627442 0.479902 -0.987810
0.794312 -0.003662 -0.680176 1.544373 -0.007120 -1.322460
0.773315 -0.136719 -0.710449 1.503551 -0.265821 -1.381320
0.629272 -0.022583 -0.721924 1.223489 -0.043908 -1.403630
0.457520 0.075317 -0.730469 0.889551 0.146439 -1.420244
0.131470 -0.034546 -0.818848 0.255615 -0.067167 -1.592079
-0.315674 -0.014771 -0.911743 -0.613762 -0.028718 -1.772695
-0.556519 0.100708 -0.905151 -1.082034 0.195806 -1.759878
-0.663696 0.159668 -0.894775 -1.290419 0.310441 -1.739704
-0.831299 0.172485 -0.832397 -1.616287 0.335362 -1.618423
-1.053833 0.209351 -0.669067 -2.048959 0.407039 -1.300862
-1.186768 0.095093 -0.426514 -2.307422 0.184888 -0.829267
-1.199219 -0.102051 -0.106689 -2.331631 -0.198416 -0.207435
-1.141602 -0.179565 0.111328 -2.219606 -0.349128 0.216454
-1.047119 -0.489990 0.006714 -2.035905 -0.952684 0.013054
-0.460327 -0.885620 0.005249 -0.895010 -1.721904 0.010206
-0.144897 -0.850708 0.529297 -0.281723 -1.654024 1.029107
-0.168945 -0.645142 0.920898 -0.328479 -1.254343 1.790495
-0.249023 -0.526001 0.973267 -0.484174 -1.022699 1.892314
-0.119751 -0.461914 0.954712 -0.232831 -0.898096 1.856238
0.162598 -0.421509 0.951904 0.316137 -0.819536 1.850780
0.390259 -0.201416 0.890747 0.758777 -0.391611 1.731872
0.569092 0.033569 0.656738 1.106480 0.065269 1.276891
0.774780 0.064575 0.328369 1.506399 0.125553 0.638445
1.000732 -0.036499 0.052856 1.945716 -0.070965 0.102768
1.083130 -0.031128 -0.139771 2.105920 -0.060522 -0.271755
1.058594 -0.006226 -0.312500 2.058215 -0.012104 -0.607591
0.986938 0.159790 -0.448853 1.918896 0.310678 -0.872700
0.887451 0.259399 -0.611450 1.725464 0.504348 -1.188838
0.823120 0.234131 -0.789917 1.600386 0.455219 -1.535829
0.772705 0.232056 -0.927368 1.502364 0.451184 -1.803074
0.681274 0.255249 -1.009033 1.324596 0.496279 -1.961855
0.504150 0.270020 -1.030884 0.980215 0.524997 -2.004339
0.256836 0.319092 -1.016724 0.499364 0.620408 -1.976807
-0.031860 0.369141 -1.028076 -0.061946 0.717717 -1.998880
-0.218872 0.431030 -1.092529 -0.425551 0.838049 -2.124196
-0.399902 0.509033 -1.143311 -0.777527 0.989709 -2.222929
-0.608398 0.565308 -1.106323 -1.182904 1.099123 -2.151015
-0.709106 0.495605 -0.898071 -1.378710 0.963602 -1.746112
-0.721191 0.397339 -0.646973 -1.402206 0.772543 -1.257903
-0.635376 0.259766 -0.420410 -1.235356 0.505060 -0.817400
-0.529175 0.137329 -0.295166 -1.028870 0.267008 -0.573889
-0.473511 0.011353 -0.212402 -0.920643 0.022073 -0.412972
-0.416626 -0.007568 -0.081787 -0.810042 -0.014715 -0.159018
-0.444702 0.052612 0.011841 -0.864631 0.102294 0.023022
-0.422729 0.145142 0.006836 -0.821909 0.282198 0.013291
-0.278076 0.182861 -0.092773 -0.540661 0.355536 -0.180379
-0.140503 0.127930 -0.101563 -0.273179 0.248733 -0.197467
-0.078003 0.092773 -0.050781 -0.151660 0.180379 -0.098734
-0.082275 0.096436 -0.027222 -0.159967 0.187499 -0.052927
-0.040527 0.059814 -0.057617 -0.078797 0.116297 -0.112025
0.012085 0.031250 -0.055176 0.023497 0.060759 -0.107278
0.046021 -0.004272 -0.036133 0.089477 -0.008307 -0.070253
0.049072 -0.047729 -0.008301 0.095411 -0.092800 -0.016139
0.066895 -0.113647 0.020752 0.130062 -0.220964 0.040348
0.057617 -0.111938 0.044312 0.112025 -0.217641 0.086155
0.004517 -0.019531 0.047607 0.008782 -0.037974 0.092563
0.014893 0.058228 0.043823 0.028956 0.113211 0.085205
0.086670 0.058472 0.020020 0.168512 0.113686 0.038924
0.106689 0.028076 -0.028076 0.207435 0.054588 -0.054588
0.110962 -0.014282 -0.054199 0.215742 -0.027769 -0.105379
0.097412 -0.046875 -0.072388 0.189398 -0.091139 -0.140743
0.083740 -0.046631 -0.075073 0.162815 -0.090664 -0.145964
0.059326 -0.028442 -0.061890 0.115347 -0.055300 -0.120332
0.022949 -0.005737 -0.069336 0.044620 -0.011155 -0.134809
0.010376 -0.005615 -0.100220 0.020174 -0.010918 -0.194856
0.012573 -0.009888 -0.135010 0.024446 -0.019225 -0.262498
-0.013428 -0.039673 -0.155273 -0.026107 -0.077136 -0.301897
-0.016968 -0.043335 -0.151733 -0.032990 -0.084256 -0.295014
0.003906 -0.035034 -0.157104 0.007595 -0.068117 -0.305457
