0.001465 -0.368042 0.135376 0.002848 -0.715581 0.263210
0.187256 -0.362915 0.139526 0.364080 -0.705613 0.271280
0.220947 -0.284790 0.225220 0.429586 -0.553715 0.437893
0.348877 -0.125122 0.328857 0.678319 -0.243274 0.639395
0.536743 0.023804 0.314941 1.043585 0.046281 0.612338
0.688477 0.076904 0.117188 1.338599 0.149524 0.227847
0.857910 -0.104980 -0.213867 1.668028 -0.204113 -0.415820
1.064087 -0.154785 -0.458862 2.068895 -0.300947 -0.892162
1.066772 -0.105469 -0.602661 2.074117 -0.205062 -1.171749
0.996582 0.076416 -0.658569 1.937646 0.148575 -1.280451
0.909790 0.120972 -0.721436 1.768897 0.235204 -1.402681
0.813599 0.080322 -0.769287 1.581873 0.156170 -1.495718
0.772461 -0.041016 -0.770874 1.501889 -0.079746 -1.498804
0.628540 -0.182739 -0.765869 1.222065 -0.355298 -1.489073
0.343994 -0.193237 -0.769775 0.668825 -0.375710 -1.496668
0.051147 -0.077637 -0.784546 0.099446 -0.150948 -1.525386
-0.261597 0.104004 -0.799683 -0.508620 0.202214 -1.554816
-0.435913 0.178833 -0.791138 -0.847542 0.347704 -1.538202
-0.673706 0.205444 -0.847290 -1.309881 0.399444 -1.647379
-0.916016 0.173950 -0.876953 -1.781001 0.338210 -1.705053
-1.161255 0.063110 -0.810059 -2.257818 0.122705 -1.574990
-1.358887 0.008301 -0.694580 -2.642072 0.016139 -1.350466
-1.442749 -0.127930 -0.515747 -2.805125 -0.248733 -1.002763
-1.703735 -0.254272 -0.249268 -3.312558 -0.494380 -0.484649
-1.470459 -0.171875 0.111572 -2.859001 -0.334175 0.216929
-1.239258 -0.237427 0.344849 -2.409479 -0.461627 0.670486
-0.969604 -0.451538 0.501343 -1.885194 -0.877922 0.974757
-0.705811 -0.594360 0.635620 -1.372302 -1.155610 1.235831
-0.149048 -0.746704 0.838135 -0.289792 -1.451810 1.629578
0.372314 -0.803955 1.008911 0.723888 -1.563123 1.961617
0.513794 -0.749023 1.148071 0.998965 -1.456320 2.232185
0.583862 -0.566284 1.129883 1.135199 -1.101022 2.196822
0.563843 -0.254517 0.886230 1.096275 -0.494854 1.723090
0.630981 0.011719 0.550659 1.226812 0.022785 1.070642
0.907715 0.020264 0.202148 1.764862 0.039398 0.393036
1.200195 -0.032227 -0.045776 2.333530 -0.062658 -0.089003
1.241333 0.027588 -0.225464 2.413513 0.053639 -0.438368
1.115479 0.172729 -0.336304 2.168816 0.335836 -0.653872
0.978027 0.251587 -0.442017 1.901570 0.489158 -0.859409
0.898193 0.266357 -0.539551 1.746350 0.517877 -1.049044
0.811523 0.293945 -0.616455 1.577838 0.571515 -1.198568
0.619751 0.482544 -0.730591 1.204977 0.938206 -1.420482
0.386597 0.578369 -0.784668 0.751657 1.124518 -1.525623
0.292969 0.640747 -0.805786 0.569617 1.245799 -1.566683
0.219971 0.642212 -0.905396 0.427687 1.248647 -1.760353
0.133667 0.546387 -1.027832 0.259888 1.062335 -1.998405
0.060913 0.537964 -1.119995 0.118433 1.045959 -2.177597
-0.039795 0.565063 -1.182861 -0.077373 1.098648 -2.299827
-0.123535 0.489502 -1.241943 -0.240188 0.951735 -2.414700
-0.181763 0.149048 -1.187378 -0.353400 0.289792 -2.308609
-0.268066 -0.258545 -0.753052 -0.521199 -0.502687 -1.464152
-0.403687 -0.276611 -0.154297 -0.784884 -0.537813 -0.299998
-0.678711 0.072510 0.096802 -1.319612 0.140980 0.188211
-0.654907 0.432983 0.106079 -1.273331 0.841846 0.206249
-0.214600 0.330078 -0.001831 -0.417244 0.641768 -0.003560
0.093140 -0.006714 -0.181030 0.181091 -0.013054 -0.351976
0.197876 -0.140381 -0.222656 0.384729 -0.272941 -0.432909
0.168213 -0.145142 -0.134766 0.327055 -0.282198 -0.262024
0.096191 0.012939 -0.058960 0.187024 0.025158 -0.114635
0.022461 0.075928 0.009521 0.043671 0.147626 0.018513
-0.003784 0.053955 0.044678 -0.007358 0.104904 0.086867
0.019409 0.032349 0.049927 0.037737 0.062895 0.097072
0.008667 -0.022705 0.042603 0.016851 -0.044145 0.082832
-0.017944 -0.020996 0.030762 -0.034889 -0.040823 0.059810
-0.039795 -0.036133 -0.008057 -0.077373 -0.070253 -0.015664
-0.029785 -0.026855 -0.045410 -0.057911 -0.052215 -0.088291
-0.018066 -0.008667 -0.073853 -0.035126 -0.016851 -0.143591
-0.020874 0.002197 -0.075684 -0.040585 0.004272 -0.147151
-0.015625 0.001953 -0.066284 -0.030380 0.003797 -0.128876
-0.033691 -0.012817 -0.084351 -0.065506 -0.024921 -0.164002
-0.056519 -0.005615 -0.091064 -0.109889 -0.010918 -0.177056
-0.068237 -0.007568 -0.092163 -0.132673 -0.014715 -0.179192
-0.062256 0.010742 -0.098999 -0.121044 0.020886 -0.192483
-0.050415 0.021973 -0.117676 -0.098022 0.042721 -0.228796
-0.021362 0.015381 -0.140747 -0.041535 0.029905 -0.273653
-0.003906 0.028320 -0.150635 -0.007595 0.055063 -0.292878
-0.009766 0.033691 -0.139893 -0.018987 0.065506 -0.271992
-0.016235 -0.005859 -0.131958 -0.031566 -0.011392 -0.256565
-0.027710 -0.011353 -0.127930 -0.053876 -0.022073 -0.248733
-0.026245 -0.001221 -0.120728 -0.051028 -0.002373 -0.234730
