-0.407837 0.783447 0.609863 -0.792954 1.523250 1.185752
-0.923096 -0.247314 -0.473389 -1.794767 -0.480851 -0.920406
-0.562622 -0.758667 -0.646606 -1.093901 -1.475070 -1.257192
0.039063 -0.501831 -0.308472 0.075949 -0.975706 -0.599759
0.411499 -0.654419 -0.053223 0.800074 -1.272381 -0.103480
0.718262 -0.259888 0.156860 1.396510 -0.505297 0.304982
1.381958 0.328979 0.185303 2.686929 0.639632 0.360283
1.518555 -0.101563 -0.326172 2.952513 -0.197467 -0.634173
1.374023 -0.506226 -0.969482 2.671502 -0.984250 -1.884957
1.138916 -0.368652 -0.865723 2.214385 -0.716768 -1.683217
1.334961 -0.272339 -0.654053 2.595553 -0.529506 -1.271669
1.242920 -0.125366 -0.515015 2.416599 -0.243748 -1.001339
0.977783 -0.316040 -0.604736 1.901096 -0.614474 -1.175784
0.984375 -0.397217 -0.834961 1.913912 -0.772305 -1.623408
0.865112 -0.503662 -1.009033 1.682031 -0.979266 -1.961855
0.576538 -0.440552 -1.015869 1.120958 -0.856561 -1.975146
0.177002 -0.333862 -0.941895 0.344143 -0.649126 -1.831318
-0.215576 -0.233887 -0.951538 -0.419143 -0.454744 -1.850067
-0.545410 -0.243896 -1.000000 -1.060436 -0.474206 -1.944292
-0.823120 -0.181763 -0.962158 -1.600386 -0.353400 -1.870716
-1.111450 0.040161 -0.891724 -2.160983 0.078085 -1.733771
-1.731689 0.111084 -0.825439 -3.366909 0.215980 -1.604895
-2.210938 0.026001 -0.467407 -4.298707 0.050553 -0.908776
-2.038208 -0.824341 0.067017 -3.962871 -1.602759 0.130300
-1.271606 -0.719482 0.703003 -2.472374 -1.398884 1.366843
-0.819214 -0.391357 1.113892 -1.592791 -0.760913 2.165730
-0.686890 -0.509277 1.265991 -1.335514 -0.990184 2.461456
-0.662964 -0.580200 1.310913 -1.288995 -1.128078 2.548797
-0.459106 -0.425903 1.387207 -0.892637 -0.828080 2.697135
0.029053 -0.281860 1.468994 0.056487 -0.548019 2.856153
0.434204 -0.066895 1.205566 0.844219 -0.130062 2.343973
0.677124 0.122070 0.681396 1.316527 0.237340 1.324834
0.875610 0.194458 0.211792 1.702442 0.378083 0.411785
1.064941 0.173584 -0.083130 2.070557 0.337498 -0.161629
1.238525 0.069458 -0.302856 2.408055 0.135047 -0.588841
1.841431 -0.146240 -0.619873 3.580278 -0.284334 -1.205214
1.981323 -0.180054 -0.695068 3.852270 -0.350077 -1.351416
0.859741 0.253052 -0.527222 1.671588 0.492006 -1.025073
0.159790 0.645752 -0.629883 0.310678 1.255530 -1.224676
0.335938 0.587158 -0.913086 0.653160 1.141607 -1.775305
0.568604 0.395508 -0.975464 1.105531 0.768983 -1.896586
0.463623 0.180176 -0.734009 0.901418 0.350314 -1.427127
0.324341 0.197144 -0.709595 0.630613 0.383305 -1.379659
0.155518 0.435303 -0.762451 0.302372 0.846355 -1.482427
0.032227 0.386841 -0.712524 0.062658 0.752131 -1.385355
0.018677 0.156494 -0.521362 0.036313 0.304270 -1.013680
0.027466 0.170654 -0.405518 0.053402 0.331802 -0.788444
-0.145752 0.308350 -0.374146 -0.283384 0.599522 -0.727448
-0.232788 0.462036 -0.299194 -0.452608 0.898333 -0.581721
-0.205811 0.431519 -0.214355 -0.400156 0.838998 -0.416770
-0.136475 0.267822 -0.169800 -0.265346 0.520725 -0.330140
-0.067017 0.193359 -0.203979 -0.130300 0.375947 -0.396596
-0.115234 0.139160 -0.245850 -0.224049 0.270568 -0.478003
-0.179077 0.087402 -0.223389 -0.348178 0.169936 -0.434333
-0.167847 0.002808 -0.123657 -0.326343 0.005459 -0.240426
-0.053955 -0.024902 -0.016235 -0.104904 -0.048417 -0.031566
-0.014648 0.029541 -0.057251 -0.028481 0.057436 -0.111313
-0.013672 0.067017 -0.131836 -0.026582 0.130300 -0.256328
0.002563 0.014160 -0.150269 0.004984 0.027531 -0.292166
-0.003662 0.023926 -0.117676 -0.007120 0.046519 -0.228796
-0.009521 0.084961 -0.072388 -0.018513 0.165189 -0.140743
-0.005371 0.106201 -0.068604 -0.010443 0.206486 -0.133385
0.010986 0.054688 -0.103027 0.021361 0.106328 -0.200315
0.003540 -0.023560 -0.122559 0.006883 -0.045807 -0.238290
0.033081 0.014282 -0.090088 0.064319 0.027769 -0.175157
0.013428 0.100586 -0.065308 0.026107 0.195568 -0.126977
-0.001831 0.078857 -0.057739 -0.003560 0.153322 -0.112262
0.036255 0.072876 -0.074829 0.070490 0.141692 -0.145490
0.041748 0.070435 -0.073975 0.081170 0.136945 -0.143828
0.039063 0.022461 -0.046509 0.075949 0.043671 -0.090427
0.009521 -0.027710 -0.023926 0.018513 -0.053876 -0.046519
-0.007690 -0.066650 -0.036621 -0.014952 -0.129588 -0.071202
-0.005127 -0.099976 -0.066772 -0.009968 -0.194382 -0.129825
-0.008911 -0.047119 -0.082520 -0.017326 -0.091613 -0.160442
-0.055908 0.056152 -0.093506 -0.108702 0.109177 -0.181803
-0.058716 0.048584 -0.095703 -0.114161 0.094461 -0.186075
0.008789 -0.002319 -0.079956 0.017089 -0.004509 -0.155458
0.005371 -0.027466 -0.073608 0.010443 -0.053402 -0.143116
-0.010010 0.001709 -0.080200 -0.019462 0.003323 -0.155933
-0.033203 -0.005737 -0.098022 -0.064557 -0.011155 -0.190584
