0.130493 -0.229004 0.050415 0.253717 -0.445250 0.098022
0.081787 -0.107300 0.013184 0.159018 -0.208622 0.025633
0.146851 -0.132446 0.082642 0.285520 -0.257514 0.160679
0.427612 -0.201538 0.218018 0.831403 -0.391849 0.423890
0.638672 -0.068481 0.251343 1.241764 -0.133148 0.488684
0.694824 -0.170898 0.100708 1.350941 -0.332276 0.195806
0.850342 -0.162964 -0.112793 1.653312 -0.316849 -0.219302
0.964478 -0.073730 -0.330444 1.875226 -0.143354 -0.642480
1.002441 -0.082275 -0.505371 1.949038 -0.159967 -0.982589
0.994019 -0.042969 -0.598389 1.932662 -0.083544 -1.163442
0.914917 0.017090 -0.670654 1.778865 0.033228 -1.303948
0.802246 -0.067993 -0.737305 1.559800 -0.132199 -1.433535
0.683960 -0.103027 -0.790039 1.329818 -0.200315 -1.536066
0.515015 -0.079590 -0.845459 1.001339 -0.154746 -1.643819
0.359131 -0.138672 -0.901001 0.698255 -0.269619 -1.751809
0.151123 -0.258911 -0.931396 0.293827 -0.503399 -1.810906
-0.119141 -0.222778 -0.962769 -0.231644 -0.433146 -1.871903
-0.445801 0.049194 -0.968506 -0.866767 0.095648 -1.883058
-0.656738 0.263306 -0.942261 -1.276891 0.511943 -1.832030
-0.799194 0.270752 -0.970337 -1.553867 0.526421 -1.886618
-1.013794 0.251099 -0.957031 -1.971111 0.488209 -1.860748
-1.285034 0.250488 -0.809204 -2.498481 0.487022 -1.573329
-1.514771 0.399170 -0.551147 -2.945156 0.776103 -1.071591
-1.889160 0.632446 -0.276855 -3.673078 1.229660 -0.538288
-1.888184 0.345459 -0.103394 -3.671180 0.671673 -0.201027
-1.637207 -0.401733 0.435059 -3.183208 -0.781087 0.845881
-1.025024 -0.590454 0.935059 -1.992946 -1.148015 1.818027
-0.396606 -0.886841 0.989014 -0.771119 -1.724277 1.922931
-0.083374 -0.835205 0.999512 -0.162103 -1.623882 1.943342
0.142944 -0.593750 0.959961 0.277925 -1.154423 1.866444
0.360229 -0.677368 0.823486 0.700391 -1.317001 1.601098
0.422363 -0.537842 0.862305 0.821197 -1.045721 1.676572
0.449341 -0.090332 0.769409 0.873650 -0.175632 1.495956
0.650757 -0.005981 0.513916 1.265261 -0.011630 0.999203
0.952881 -0.117676 0.309326 1.852678 -0.228796 0.601420
1.092773 -0.140137 0.139771 2.124670 -0.272467 0.271755
1.133545 -0.139404 -0.075928 2.203942 -0.271043 -0.147626
1.110840 -0.115601 -0.256836 2.159796 -0.224761 -0.499364
0.977173 -0.015503 -0.407837 1.899909 -0.030142 -0.792954
0.820801 0.099976 -0.503418 1.595876 0.194382 -0.978791
0.746826 0.110107 -0.627930 1.452048 0.214081 -1.220878
0.711060 0.056763 -0.737549 1.382507 0.110363 -1.434010
0.592651 0.138062 -0.776245 1.152287 0.268432 -1.509247
0.452515 0.209229 -0.830811 0.879820 0.406801 -1.615338
0.323608 0.243896 -0.918701 0.629189 0.474206 -1.786223
0.188965 0.257202 -0.962524 0.367403 0.500076 -1.871428
0.046021 0.315430 -0.948853 0.089477 0.613287 -1.844846
-0.103271 0.363647 -0.912964 -0.200790 0.707037 -1.775068
-0.230225 0.346802 -0.850708 -0.447624 0.674284 -1.654024
-0.315552 0.264893 -0.760498 -0.613525 0.515028 -1.478630
-0.336304 0.125732 -0.624146 -0.653872 0.244460 -1.213521
-0.301758 -0.065918 -0.411377 -0.586705 -0.128164 -0.799837
-0.305542 -0.130981 -0.225708 -0.594063 -0.254666 -0.438842
-0.297485 -0.110596 -0.118896 -0.578398 -0.215030 -0.231169
-0.253296 -0.067749 -0.088135 -0.492481 -0.131724 -0.171360
-0.175049 -0.108276 -0.126343 -0.340346 -0.210521 -0.245647
-0.102661 -0.116577 -0.143799 -0.199603 -0.226660 -0.279587
-0.030151 -0.110107 -0.116333 -0.058623 -0.214081 -0.226185
-0.006348 -0.105347 -0.058105 -0.012342 -0.204825 -0.112974
0.020874 -0.078247 -0.037964 0.040585 -0.152135 -0.073813
0.013550 -0.016846 -0.062866 0.026345 -0.032753 -0.122230
0.054810 0.015991 -0.138428 0.106566 0.031092 -0.269144
0.051880 0.001953 -0.193115 0.100870 0.003797 -0.375472
-0.011230 0.021484 -0.168701 -0.021835 0.041772 -0.328004
-0.063721 0.027954 -0.144287 -0.123892 0.054351 -0.280536
-0.060669 -0.044556 -0.117798 -0.117958 -0.086629 -0.229033
-0.036621 -0.086914 -0.093140 -0.071202 -0.168986 -0.181091
-0.031616 -0.113281 -0.095215 -0.061471 -0.220252 -0.185125
-0.035400 -0.088257 -0.096313 -0.068829 -0.171597 -0.187261
-0.030029 -0.071899 -0.091919 -0.058386 -0.139793 -0.178717
-0.005615 -0.063843 -0.120850 -0.010918 -0.124129 -0.234967
0.005249 -0.029297 -0.135986 0.010206 -0.056962 -0.264397
-0.018311 -0.032715 -0.116821 -0.035601 -0.063607 -0.227135
-0.058838 -0.017578 -0.089478 -0.114398 -0.034177 -0.173970
-0.080322 -0.039551 -0.093994 -0.156170 -0.076898 -0.182752
-0.084961 -0.067749 -0.108643 -0.165189 -0.131724 -0.211233
-0.080811 -0.070557 -0.118530 -0.157119 -0.137183 -0.230457
-0.062012 -0.062134 -0.124390 -0.120569 -0.120806 -0.241850
-0.025635 -0.054443 -0.134766 -0.049841 -0.105854 -0.262024
0.002441 -0.022339 -0.134033 0.004747 -0.043433 -0.260600
