-0.167358 -0.189697 -0.100342 -0.325394 -0.368827 -0.195094
-0.106079 -0.167969 -0.052124 -0.206249 -0.326580 -0.101344
-0.097168 -0.269775 -0.042725 -0.188923 -0.524522 -0.083069
-0.050781 -0.192017 -0.004395 -0.098734 -0.373336 -0.008544
0.019897 -0.143433 0.125244 0.038686 -0.278875 0.243511
0.060181 -0.000610 0.322388 0.117009 -0.001187 0.626816
-0.060913 -0.108032 0.334473 -0.118433 -0.210046 0.650312
-0.052368 -0.167480 0.353149 -0.101819 -0.325631 0.686625
0.123291 -0.063721 0.416870 0.239714 -0.123892 0.810517
0.389282 -0.172974 0.334473 0.756878 -0.336311 0.650312
0.572266 -0.493652 0.088989 1.112651 -0.959804 0.173021
0.717529 -0.635376 -0.221802 1.395086 -1.235356 -0.431247
0.773071 -0.474365 -0.382202 1.503076 -0.922304 -0.743112
0.736816 -0.197754 -0.521484 1.432586 -0.384491 -1.013918
0.714233 -0.071167 -0.767578 1.388678 -0.138369 -1.492396
0.673584 -0.038574 -0.939941 1.309644 -0.075000 -1.827520
0.562988 -0.180664 -1.030640 1.094613 -0.351264 -2.003864
0.452148 -0.328247 -1.037720 0.879108 -0.638208 -2.017630
0.342407 -0.220093 -1.066284 0.665739 -0.427925 -2.073167
0.141479 0.017456 -1.116699 0.275077 0.033940 -2.171189
-0.053589 0.077515 -1.138184 -0.104192 0.150711 -2.212961
-0.240234 -0.017578 -1.131226 -0.467086 -0.034177 -2.199432
-0.551025 -0.152954 -1.127930 -1.071354 -0.297387 -2.193024
-0.859863 -0.163696 -0.976440 -1.671825 -0.318273 -1.898485
-1.212280 -0.146851 -0.757568 -2.357026 -0.285520 -1.472934
-1.527344 -0.157227 -0.489624 -2.969602 -0.305694 -0.951972
-1.852417 -0.224487 -0.128784 -3.601639 -0.436469 -0.250394
-2.073975 -0.833862 0.273926 -4.032412 -1.621271 0.532592
-1.556396 -1.447632 0.797852 -3.026089 -2.814618 1.551256
-0.755737 -1.092285 1.172729 -1.469374 -2.123721 2.280128
-0.288696 -0.584106 1.593872 -0.561310 -1.135673 3.098952
-0.181152 -0.220459 1.546753 -0.352213 -0.428637 3.007339
0.037964 -0.126709 1.254639 0.073813 -0.246359 2.439384
0.468750 -0.125000 1.036011 0.911387 -0.243036 2.014307
0.760864 -0.041748 0.799438 1.479342 -0.081170 1.554342
0.997681 -0.099121 0.542114 1.939782 -0.192720 1.054028
1.139648 0.052734 0.281494 2.215809 0.102531 0.547307
1.170288 0.196533 0.099121 2.275381 0.382118 0.192720
1.246704 0.189087 -0.071899 2.423956 0.367640 -0.139793
1.441406 0.214722 -0.305054 2.802514 0.417482 -0.593113
1.418457 0.090942 -0.493896 2.757894 0.176819 -0.960279
1.146973 0.094482 -0.634277 2.230049 0.183701 -1.233220
0.865356 0.177246 -0.817261 1.682505 0.344618 -1.588993
0.630005 0.199829 -0.942017 1.224913 0.388526 -1.831555
0.424438 0.081787 -0.899902 0.825232 0.159018 -1.749673
0.385864 0.048462 -0.886963 0.750233 0.094224 -1.724514
0.302856 0.130371 -1.005981 0.588841 0.253479 -1.955921
0.126831 0.159790 -1.178345 0.246597 0.310678 -2.291046
-0.110352 0.114014 -1.284058 -0.214556 0.221676 -2.496583
-0.316650 0.166504 -1.231445 -0.615661 0.323732 -2.394289
-0.525024 0.235962 -1.137207 -1.020801 0.458779 -2.211062
-0.686157 0.284058 -0.968994 -1.334090 0.552291 -1.884007
-0.770508 0.357422 -0.691650 -1.498092 0.694932 -1.344770
-0.764160 0.396851 -0.402588 -1.485750 0.771593 -0.782748
-0.624756 0.398804 -0.172363 -1.214708 0.775391 -0.335124
-0.464722 0.397583 -0.057861 -0.903554 0.773017 -0.112499
-0.256714 0.186401 -0.094727 -0.499127 0.362419 -0.184176
-0.018188 -0.089966 -0.216675 -0.035364 -0.174920 -0.421279
0.089722 -0.135742 -0.264771 0.174445 -0.263922 -0.514791
0.094727 -0.069336 -0.219604 0.184176 -0.134809 -0.426975
0.005005 0.011475 -0.133301 0.009731 0.022310 -0.259176
-0.003784 0.071045 -0.070923 -0.007358 0.138132 -0.137895
0.031616 0.084229 -0.106445 0.061471 0.163765 -0.206961
0.073975 0.056885 -0.119263 0.143828 0.110601 -0.231881
0.103638 0.006348 -0.081665 0.201502 0.012342 -0.158781
0.066406 -0.040771 -0.058228 0.129113 -0.079272 -0.113211
0.008057 -0.087891 -0.036865 0.015664 -0.170885 -0.071677
-0.029297 -0.064697 -0.022583 -0.056962 -0.125790 -0.043908
-0.070435 -0.046753 -0.047241 -0.136945 -0.090901 -0.091851
-0.105469 -0.036987 -0.067017 -0.205062 -0.071914 -0.130300
-0.103882 -0.040283 -0.078003 -0.201977 -0.078322 -0.151660
-0.051880 -0.042236 -0.077515 -0.100870 -0.082120 -0.150711
-0.027222 -0.038574 -0.073242 -0.052927 -0.075000 -0.142404
-0.012695 0.004028 -0.064087 -0.024683 0.007832 -0.124604
0.006714 0.031494 -0.066162 0.013054 0.061234 -0.128638
0.000488 0.008057 -0.053345 0.000949 0.015664 -0.103718
-0.023315 -0.007446 -0.072510 -0.045332 -0.014478 -0.140980
-0.050171 -0.015137 -0.109741 -0.097547 -0.029430 -0.213369
-0.083740 0.013550 -0.128784 -0.162815 0.026345 -0.250394
-0.101318 0.056519 -0.150757 -0.196992 0.109889 -0.293115
