0.110107 -0.064819 -0.092041 0.214081 -0.126028 -0.178955
0.208008 -0.043335 0.023682 0.404428 -0.084256 0.046044
0.217407 -0.071655 0.052002 0.422703 -0.139319 0.101107
0.175293 -0.285400 -0.019531 0.340821 -0.554902 -0.037974
0.138916 -0.455811 -0.090698 0.270093 -0.886229 -0.176344
0.271973 -0.184326 -0.151489 0.528794 -0.358384 -0.294539
0.310303 -0.023315 -0.166016 0.603319 -0.045332 -0.322783
0.209839 0.011719 -0.237183 0.407988 0.022785 -0.461152
0.063965 0.084839 -0.309692 0.124366 0.164952 -0.602132
-0.014282 0.001465 -0.352905 -0.027769 0.002848 -0.686151
-0.026367 -0.132324 -0.409302 -0.051266 -0.257277 -0.795802
-0.064087 -0.192993 -0.475952 -0.124604 -0.375235 -0.925390
-0.114014 -0.246582 -0.491089 -0.221676 -0.479427 -0.954820
-0.279907 -0.590088 -0.587769 -0.544221 -1.147303 -1.142793
-0.359009 -0.387573 -0.611328 -0.698018 -0.753555 -1.188600
-0.511353 -0.259277 -0.562012 -0.994218 -0.504111 -1.092715
-0.632446 0.055054 -0.498535 -1.229660 0.107040 -0.969298
-0.765869 0.242188 -0.397705 -1.489073 0.470883 -0.773255
-1.055908 0.086060 -0.322388 -2.052994 0.167325 -0.626816
-1.518799 -0.068481 -0.200806 -2.952988 -0.133148 -0.390425
-1.872192 -0.032593 0.015137 -3.640088 -0.063370 0.029430
-1.985107 -0.135986 0.296143 -3.859628 -0.264397 0.575788
-1.628662 -0.250732 0.668091 -3.166594 -0.487497 1.298963
-0.916626 -0.500732 1.013672 -1.782188 -0.973570 1.970874
-0.469849 -0.579834 1.219971 -0.913523 -1.127366 2.371979
-0.332153 -0.451294 1.267944 -0.645803 -0.877447 2.465254
0.089355 -0.347778 1.113525 0.173733 -0.676182 2.165018
0.651855 -0.304565 0.890137 1.267397 -0.592164 1.730685
0.993164 -0.269653 0.603882 1.931001 -0.524285 1.174122
1.097412 -0.250366 0.270264 2.133689 -0.486785 0.525471
1.118530 -0.235474 0.016724 2.174749 -0.457829 0.032516
1.177612 -0.266479 -0.156250 2.289622 -0.518114 -0.303796
1.235107 -0.323608 -0.276123 2.401409 -0.629189 -0.536864
1.274658 -0.292969 -0.366211 2.478307 -0.569617 -0.712021
1.257813 -0.191040 -0.446533 2.445554 -0.371438 -0.868191
1.115356 -0.090332 -0.541626 2.168578 -0.175632 -1.053079
0.910522 -0.022461 -0.624023 1.770321 -0.043671 -1.213284
0.748657 -0.031860 -0.662964 1.455608 -0.061946 -1.288995
0.650513 -0.077759 -0.685059 1.264786 -0.151186 -1.331954
0.519043 -0.097656 -0.752319 1.009171 -0.189872 -1.462728
0.369507 -0.119751 -0.810791 0.718429 -0.232831 -1.576414
0.250732 -0.119873 -0.791260 0.487497 -0.233068 -1.538440
0.143677 -0.080811 -0.736450 0.279350 -0.157119 -1.431874
-0.004639 -0.030029 -0.691284 -0.009019 -0.058386 -1.344058
-0.194824 0.112915 -0.728638 -0.378795 0.219540 -1.416684
-0.296265 0.144287 -0.778564 -0.576025 0.280536 -1.513756
-0.411499 0.138794 -0.751953 -0.800074 0.269856 -1.462016
-0.560059 0.122192 -0.694458 -1.088917 0.237578 -1.350229
-0.629272 0.026978 -0.542969 -1.223489 0.052452 -1.055690
-0.728638 0.019531 -0.374146 -1.416684 0.037974 -0.727448
-0.831909 0.107788 -0.207520 -1.617474 0.209571 -0.403478
-0.890625 0.166138 -0.169678 -1.731635 0.323020 -0.329903
-0.889771 0.055786 -0.163940 -1.729973 0.108465 -0.318748
-0.757813 0.069458 -0.076050 -1.473408 0.135047 -0.147863
-0.676880 0.054688 -0.042114 -1.316052 0.106328 -0.081882
-0.564941 0.017822 0.025879 -1.098411 0.034652 0.050316
-0.436279 0.149902 0.049805 -0.848254 0.291454 0.096835
-0.322998 0.123291 -0.038330 -0.628002 0.239714 -0.074525
-0.173340 0.144287 -0.058594 -0.337023 0.280536 -0.113923
-0.094971 0.130737 -0.073853 -0.184651 0.254191 -0.143591
-0.071655 0.058960 -0.085327 -0.139319 0.114635 -0.165901
-0.044800 0.054688 -0.077148 -0.087104 0.106328 -0.149999
-0.001099 0.038574 -0.065063 -0.002136 0.075000 -0.126502
0.023804 -0.012085 -0.070068 0.046281 -0.023497 -0.136233
0.010498 -0.007568 -0.075073 0.020411 -0.014715 -0.145964
0.025146 0.025269 -0.089233 0.048892 0.049129 -0.173496
0.044067 0.011719 -0.110474 0.085680 0.022785 -0.214793
0.053467 -0.011475 -0.103394 0.103955 -0.022310 -0.201027
0.019043 -0.004150 -0.112427 0.037025 -0.008070 -0.218590
-0.016479 -0.002441 -0.105957 -0.032041 -0.004747 -0.206011
-0.026733 0.017090 -0.089478 -0.051978 0.033228 -0.173970
-0.011963 0.032104 -0.098999 -0.023259 0.062420 -0.192483
0.010620 0.063721 -0.144653 0.020649 0.123892 -0.281248
0.012939 0.080811 -0.162598 0.025158 0.157119 -0.316137
-0.000488 0.123535 -0.158691 -0.000949 0.240188 -0.308542
0.001953 0.119629 -0.152710 0.003797 0.232593 -0.296913
-0.031494 0.084106 -0.122070 -0.061234 0.163527 -0.237340
-0.068970 0.077148 -0.092407 -0.134097 0.149999 -0.179667
-0.095459 0.082153 -0.101563 -0.185600 0.159730 -0.197467
-0.093384 0.066284 -0.120117 -0.181565 0.128876 -0.233543
