-0.691162 -0.134155 0.260742 -1.343821 -0.260837 0.506959
-0.375488 -0.124268 0.145752 -0.730059 -0.241612 0.283384
-0.150635 -0.210083 0.151733 -0.292878 -0.408463 0.295014
0.139038 -0.252319 0.186768 0.270331 -0.490582 0.363131
0.456421 -0.248413 0.058472 0.887415 -0.482987 0.113686
0.745239 -0.192993 -0.217041 1.448962 -0.375235 -0.421991
0.863770 -0.083984 -0.328125 1.679420 -0.163290 -0.637971
0.793823 0.012817 -0.507935 1.543424 0.024921 -0.987573
0.764771 0.142090 -0.581421 1.486937 0.276264 -1.130452
0.535889 0.090576 -0.626831 1.041924 0.176106 -1.218742
0.477661 0.233887 -0.748413 0.928713 0.454744 -1.455133
0.622559 0.187744 -0.739746 1.210436 0.365029 -1.438282
0.621094 0.106079 -0.725098 1.207587 0.206249 -1.409801
0.549194 0.009766 -0.768921 1.067794 0.018987 -1.495006
0.358398 -0.071655 -0.853271 0.696831 -0.139319 -1.659009
0.125977 -0.116577 -0.880005 0.244935 -0.226660 -1.710986
-0.066284 -0.178101 -0.786865 -0.128876 -0.346279 -1.529895
-0.337524 -0.272583 -0.680298 -0.656246 -0.529981 -1.322697
-0.625122 -0.243164 -0.652344 -1.215420 -0.472782 -1.268346
-1.140015 -0.025879 -0.614624 -2.216521 -0.050316 -1.195008
-1.602173 -0.057373 -0.334961 -3.115091 -0.111550 -0.651262
-1.325195 0.046021 0.123535 -2.576566 0.089477 0.240188
-1.077515 0.044189 0.385132 -2.095003 0.085917 0.748809
-0.748291 -0.081909 0.479004 -1.454896 -0.159255 0.931323
-0.389893 -0.189453 0.611938 -0.758065 -0.368352 1.189787
-0.199707 -0.140137 0.783325 -0.388289 -0.272467 1.523013
-0.066772 -0.061523 0.967041 -0.129825 -0.119620 1.880210
0.014526 -0.018433 1.000122 0.028243 -0.035838 1.944529
0.226929 -0.061401 0.816895 0.441216 -0.119382 1.588281
0.420044 -0.120972 0.570435 0.816688 -0.235204 1.109091
0.694092 -0.041016 0.336060 1.349517 -0.079746 0.653398
0.777344 0.048096 0.194702 1.511383 0.093512 0.378558
0.859619 0.091919 -0.043945 1.671350 0.178717 -0.085443
0.833252 0.150391 -0.290527 1.620085 0.292403 -0.564870
0.786621 0.162720 -0.450684 1.529421 0.316375 -0.876260
0.782715 0.133301 -0.575684 1.521826 0.259176 -1.119297
0.662476 0.136597 -0.654175 1.288046 0.265584 -1.271907
0.600708 0.247925 -0.733276 1.167952 0.482038 -1.425703
0.521240 0.266724 -0.657715 1.013443 0.518589 -1.278789
0.378906 0.244995 -0.598267 0.736704 0.476342 -1.163205
0.311279 0.183716 -0.547363 0.605218 0.357197 -1.064234
0.281250 0.168945 -0.520874 0.546832 0.328479 -1.012731
0.247070 0.173462 -0.477905 0.480377 0.337261 -0.929187
0.175293 0.148315 -0.404907 0.340821 0.288368 -0.787258
0.111938 0.183716 -0.323486 0.217641 0.357197 -0.628952
0.039063 0.223511 -0.279053 0.075949 0.434570 -0.542560
0.014648 0.172241 -0.224731 0.028481 0.334887 -0.436943
-0.004395 0.112183 -0.193359 -0.008544 0.218116 -0.375947
-0.037354 0.081909 -0.173584 -0.072626 0.159255 -0.337498
-0.046997 0.075928 -0.166870 -0.091376 0.147626 -0.324444
-0.019409 0.083130 -0.174194 -0.037737 0.161629 -0.338685
0.015381 0.074097 -0.142944 0.029905 0.144066 -0.277925
-0.003296 0.078491 -0.114258 -0.006408 0.152610 -0.222151
0.008911 0.080688 -0.117798 0.017326 0.156882 -0.229033
0.019043 0.038330 -0.126343 0.037025 0.074525 -0.245647
0.024170 0.023560 -0.133789 0.046993 0.045807 -0.260125
0.017822 0.034424 -0.133179 0.034652 0.066930 -0.258938
-0.004150 0.034668 -0.106323 -0.008070 0.067405 -0.206723
-0.033569 0.039673 -0.088379 -0.065269 0.077136 -0.171834
-0.022949 0.002441 -0.092651 -0.044620 0.004747 -0.180141
-0.021240 -0.043335 -0.105713 -0.041297 -0.084256 -0.205537
-0.014160 -0.025269 -0.113403 -0.027531 -0.049129 -0.220489
-0.028076 -0.010132 -0.109253 -0.054588 -0.019699 -0.212420
-0.045532 0.019897 -0.087158 -0.088528 0.038686 -0.169461
-0.035034 0.046997 -0.104736 -0.068117 0.091376 -0.203638
-0.013794 0.041870 -0.146729 -0.026819 0.081408 -0.285283
0.006470 0.026978 -0.159180 0.012579 0.052452 -0.309492
-0.012695 0.035400 -0.138428 -0.024683 0.068829 -0.269144
-0.003174 0.037476 -0.119873 -0.006171 0.072863 -0.233068
-0.001587 0.017944 -0.108276 -0.003085 0.034889 -0.210521
-0.009644 0.021484 -0.112793 -0.018750 0.041772 -0.219302
-0.021362 0.003052 -0.110962 -0.041535 0.005934 -0.215742
-0.033936 -0.006592 -0.091919 -0.065981 -0.012816 -0.178717
-0.042847 0.005249 -0.091797 -0.083306 0.010206 -0.178480
-0.037842 0.005493 -0.098633 -0.073575 0.010680 -0.191771
-0.024902 0.014771 -0.088379 -0.048417 0.028718 -0.171834
-0.009766 0.028198 -0.099976 -0.018987 0.054826 -0.194382
0.002075 0.028564 -0.134399 0.004035 0.055538 -0.261312
0.010376 0.032593 -0.139282 0.020174 0.063370 -0.270805
-0.001831 0.046021 -0.134399 -0.003560 0.089477 -0.261312
