-0.569214 -0.367310 0.176514 -1.106718 -0.714157 0.343194
-0.336060 -0.303345 0.219482 -0.653398 -0.589791 0.426738
0.065796 0.184082 0.047119 0.127926 0.357909 0.091613
0.369507 0.364746 -0.062744 0.718429 0.709173 -0.121993
0.691162 0.444824 -0.257202 1.343821 0.864868 -0.500076
1.119995 0.499390 -0.437744 2.177597 0.970959 -0.851102
1.277344 0.424072 -0.675903 2.483529 0.824520 -1.314153
1.073120 0.082886 -0.921265 2.086458 0.161154 -1.791207
0.799072 -0.006348 -1.022461 1.553630 -0.012342 -1.987962
0.603516 0.745361 -0.964355 1.173410 1.449200 -1.874988
0.291504 0.667969 -0.791138 0.566769 1.298726 -1.538202
0.066650 -0.353149 -0.727905 0.129588 -0.686625 -1.415260
-0.097778 -0.442871 -0.789185 -0.190110 -0.861071 -1.534405
-0.447388 -0.405396 -0.918335 -0.869852 -0.788207 -1.785511
-0.743408 -0.512573 -1.033691 -1.445402 -0.996592 -2.009798
-0.906616 -0.356201 -0.955688 -1.762726 -0.692559 -1.858137
-1.024048 0.011108 -0.712891 -1.991048 0.021598 -1.386067
-1.040405 -0.350952 -0.450317 -2.022851 -0.682353 -0.875548
-0.983887 -0.170898 -0.163208 -1.912963 -0.332276 -0.317324
-1.205688 -0.223511 0.406494 -2.344210 -0.434570 0.790343
-1.237793 -0.213745 0.883057 -2.406631 -0.415583 1.716920
-1.011108 -0.384033 0.935303 -1.965890 -0.746673 1.818501
-0.472900 -0.620728 1.045776 -0.919456 -1.206875 2.033294
0.013062 -0.565308 1.172119 0.025395 -1.099123 2.278941
0.286133 -0.323364 1.071045 0.556326 -0.628714 2.082424
0.455200 -0.095947 0.985107 0.885042 -0.186549 1.915336
0.623535 0.066040 0.925659 1.212334 0.128401 1.799751
0.891357 0.086792 0.557861 1.733059 0.168749 1.084645
0.980591 0.046387 0.105713 1.906554 0.090189 0.205537
0.867554 0.058960 -0.176880 1.686777 0.114635 -0.343906
0.750977 0.153320 -0.401001 1.460117 0.298099 -0.779663
0.847046 0.220215 -0.535034 1.646904 0.428162 -1.040262
0.828491 0.254761 -0.561890 1.610829 0.495329 -1.092477
0.743164 0.266235 -0.682373 1.444928 0.517639 -1.326732
0.751709 0.234131 -0.697266 1.461541 0.455219 -1.355688
0.746216 0.353516 -0.728760 1.450861 0.687337 -1.416921
0.739258 0.363159 -0.766602 1.437333 0.706087 -1.490497
0.421265 0.290161 -0.756470 0.819061 0.564158 -1.470798
0.170898 0.350952 -0.751953 0.332276 0.682353 -1.462016
0.237183 0.354370 -0.680542 0.461152 0.688999 -1.323172
0.021484 -0.168945 -0.542969 0.041772 -0.328479 -1.055690
-0.077881 -0.114258 -0.429077 -0.151423 -0.222151 -0.834251
0.136475 0.510986 -0.393311 0.265346 0.993506 -0.764710
0.206909 0.447388 -0.394287 0.402292 0.869852 -0.766609
0.172241 0.053711 -0.335449 0.334887 0.104430 -0.652211
0.245850 0.090820 -0.107178 0.478003 0.176581 -0.208385
0.139160 0.102051 -0.031982 0.270568 0.198416 -0.062183
0.089966 0.071289 -0.110107 0.174920 0.138607 -0.214081
0.074707 0.016357 -0.161377 0.145252 0.031804 -0.313764
0.083740 -0.055542 -0.127197 0.162815 -0.107990 -0.247309
0.107422 -0.039551 -0.074341 0.208859 -0.076898 -0.144540
0.070313 0.062988 -0.065674 0.136708 0.122468 -0.127689
0.040527 0.122559 -0.092773 0.078797 0.238290 -0.180379
0.082886 0.061035 -0.093262 0.161154 0.118670 -0.181328
0.112549 -0.023315 -0.059326 0.218828 -0.045332 -0.115347
0.083862 -0.068237 -0.043823 0.163053 -0.132673 -0.085205
0.027954 -0.003540 -0.049683 0.054351 -0.006883 -0.096597
0.004395 0.092651 -0.098389 0.008544 0.180141 -0.191296
-0.036743 0.082031 -0.113159 -0.071439 0.159493 -0.220014
-0.034180 0.065063 -0.102417 -0.066455 0.126502 -0.199128
-0.018555 0.057617 -0.084351 -0.036076 0.112025 -0.164002
-0.017456 0.030762 -0.083984 -0.033940 0.059810 -0.163290
-0.005127 0.016968 -0.066284 -0.009968 0.032990 -0.128876
0.024658 0.012329 -0.060059 0.047943 0.023971 -0.116771
0.082397 0.032349 -0.091309 0.160205 0.062895 -0.177531
0.077148 0.015015 -0.105957 0.149999 0.029193 -0.206011
0.080078 -0.005493 -0.115479 0.155695 -0.010680 -0.224524
0.087280 -0.015625 -0.095459 0.169698 -0.030380 -0.185600
0.049072 -0.037109 -0.086792 0.095411 -0.072151 -0.168749
0.007690 -0.027710 -0.062012 0.014952 -0.053876 -0.120569
0.012085 -0.001831 -0.087280 0.023497 -0.003560 -0.169698
0.043823 0.011841 -0.128174 0.085205 0.023022 -0.249207
0.062134 0.041016 -0.160889 0.120806 0.079746 -0.312815
0.062866 0.020142 -0.173096 0.122230 0.039161 -0.336549
0.042603 -0.023315 -0.182007 0.082832 -0.045332 -0.353874
0.026978 -0.064697 -0.212891 0.052452 -0.125790 -0.413921
0.040894 -0.027344 -0.255005 0.079509 -0.053164 -0.495804
0.016968 0.007690 -0.237427 0.032990 0.014952 -0.461627
-0.031128 0.022095 -0.215820 -0.060522 0.042959 -0.419618
-0.076538 0.008057 -0.187622 -0.148812 0.015664 -0.364792
