-0.029419 -0.024902 0.161377 -0.057199 -0.048417 0.313764
0.087158 0.074341 0.186890 0.169461 0.144540 0.363368
0.133423 0.124023 0.106201 0.259413 0.241138 0.206486
0.199829 0.135132 0.099121 0.388526 0.262736 0.192720
0.452148 0.041382 0.110107 0.879108 0.080458 0.214081
0.783203 -0.143311 0.087769 1.522775 -0.278637 0.170648
1.078979 -0.351318 0.068359 2.097851 -0.683065 0.132911
0.995117 -0.407349 0.003540 1.934798 -0.792005 0.006883
0.861938 -0.073853 -0.151978 1.675860 -0.143591 -0.295489
0.772095 0.155273 -0.477783 1.501177 0.301897 -0.928950
0.825073 0.013672 -0.676758 1.604183 0.026582 -1.315814
0.944702 0.027588 -0.739990 1.836776 0.053639 -1.438757
0.928955 0.011475 -0.835327 1.806160 0.022310 -1.624120
0.848022 -0.086426 -0.927124 1.648803 -0.168037 -1.802599
0.743530 -0.057739 -0.941406 1.445640 -0.112262 -1.830368
0.466064 -0.120361 -0.920654 0.906165 -0.234018 -1.790020
0.057129 -0.184692 -0.925903 0.111075 -0.359096 -1.800226
-0.374268 -0.045776 -0.904175 -0.727685 -0.089003 -1.757980
-0.665161 0.106079 -0.810669 -1.293267 0.206249 -1.576177
-0.770508 0.268188 -0.661987 -1.498092 0.521437 -1.287096
-0.943970 0.208618 -0.529541 -1.835352 0.405615 -1.029582
-1.196655 0.126099 -0.350952 -2.326647 0.245173 -0.682353
-1.556274 0.078979 -0.004517 -3.025851 0.153559 -0.008782
-1.810303 0.034180 0.411377 -3.519756 0.066455 0.799837
-1.511963 -0.244141 0.694824 -2.939697 -0.474681 1.350941
-1.002319 -0.285034 0.885498 -1.948801 -0.554190 1.721666
-0.672119 -0.348389 0.863037 -1.306796 -0.677369 1.677996
-0.348633 -0.513550 0.862793 -0.677844 -0.998491 1.677521
0.025269 -0.488525 0.989136 0.049129 -0.949836 1.923168
0.354614 -0.483032 1.003174 0.689474 -0.939156 1.950462
0.560791 -0.279419 0.975952 1.090341 -0.543272 1.897536
0.638306 -0.146484 0.860596 1.241052 -0.284808 1.673249
0.738525 -0.041992 0.682251 1.435909 -0.081645 1.326495
0.773804 -0.076416 0.343628 1.504500 -0.148575 0.668113
0.780151 -0.139282 -0.020142 1.516842 -0.270805 -0.039161
0.826660 -0.092163 -0.316284 1.607268 -0.179192 -0.614949
0.832397 -0.034546 -0.574341 1.618423 -0.067167 -1.116686
0.824707 -0.010132 -0.760986 1.603471 -0.019699 -1.479579
0.734741 -0.045166 -0.876831 1.428551 -0.087816 -1.704815
0.595581 0.044434 -0.944336 1.157983 0.086392 -1.836064
0.411743 0.136108 -0.965820 0.800549 0.264634 -1.877836
0.232910 0.188232 -0.959473 0.452845 0.365979 -1.865495
0.088989 0.237549 -0.955078 0.173021 0.461864 -1.856950
-0.076904 0.304321 -0.947876 -0.149524 0.591689 -1.842947
-0.230469 0.395752 -0.922485 -0.448098 0.769457 -1.793581
-0.373657 0.371826 -0.870483 -0.726499 0.722938 -1.692474
-0.437866 0.318726 -0.787842 -0.851340 0.619695 -1.531794
-0.426636 0.269409 -0.667847 -0.829504 0.523810 -1.298489
-0.357300 0.135986 -0.539185 -0.694695 0.264397 -1.048332
-0.294800 -0.073975 -0.355469 -0.573177 -0.143828 -0.691135
-0.271729 -0.174805 -0.127075 -0.528319 -0.339871 -0.247071
-0.282349 -0.190430 -0.001709 -0.548968 -0.370251 -0.003323
-0.232178 -0.114014 -0.009521 -0.451421 -0.221676 -0.018513
-0.140625 -0.000854 -0.078857 -0.273416 -0.001661 -0.153322
-0.044678 0.019043 -0.195435 -0.086867 0.037025 -0.379982
0.036743 -0.003418 -0.206299 0.071439 -0.006646 -0.401105
0.045532 -0.035034 -0.155151 0.088528 -0.068117 -0.301659
0.019165 -0.007813 -0.083252 0.037262 -0.015190 -0.161866
-0.001343 -0.013428 -0.042725 -0.002611 -0.026107 -0.083069
0.003296 -0.032227 -0.051636 0.006408 -0.062658 -0.100395
-0.008789 -0.033813 -0.087769 -0.017089 -0.065743 -0.170648
-0.014893 -0.020142 -0.102417 -0.028956 -0.039161 -0.199128
0.026489 0.014526 -0.107178 0.051503 0.028243 -0.208385
0.031738 -0.003296 -0.104980 0.061708 -0.006408 -0.204113
0.007324 -0.030762 -0.101074 0.014240 -0.059810 -0.196518
-0.013184 -0.039185 -0.077637 -0.025633 -0.076186 -0.150948
-0.042480 -0.015259 -0.043579 -0.082594 -0.029668 -0.084730
-0.051392 -0.018921 -0.024170 -0.099920 -0.036788 -0.046993
-0.029907 -0.058350 -0.034058 -0.058148 -0.113449 -0.066218
-0.035767 -0.057617 -0.065063 -0.069541 -0.112025 -0.126502
-0.062134 0.004639 -0.097656 -0.120806 0.009019 -0.189872
-0.045044 0.001709 -0.131592 -0.087579 0.003323 -0.255853
0.007813 -0.019775 -0.159180 0.015190 -0.038449 -0.309492
-0.009644 -0.012207 -0.172729 -0.018750 -0.023734 -0.335836
-0.013428 0.012695 -0.165283 -0.026107 0.024683 -0.321359
-0.014893 0.000122 -0.160645 -0.028956 0.000237 -0.312340
-0.028076 -0.014771 -0.145508 -0.054588 -0.028718 -0.282910
-0.053467 -0.024658 -0.145020 -0.103955 -0.047943 -0.281960
-0.045898 -0.012329 -0.145142 -0.089240 -0.023971 -0.282198
-0.047241 0.005371 -0.140381 -0.091851 0.010443 -0.272941
