-0.959351 -0.270630 0.480713 -1.865257 -0.526183 0.934646
-0.843994 -0.047729 0.194336 -1.640971 -0.092800 0.377846
-0.454956 -0.017456 0.207397 -0.884567 -0.033940 0.403241
-0.095093 -0.047241 0.351807 -0.184888 -0.091851 0.684015
0.188843 -0.005737 0.403809 0.367165 -0.011155 0.785122
0.493896 0.110352 0.303833 0.960279 0.214556 0.590740
0.813477 0.191406 0.125977 1.581636 0.372150 0.244935
0.771484 0.313232 -0.091675 1.499991 0.609015 -0.178243
0.714722 0.184448 -0.257446 1.389627 0.358621 -0.500551
0.824097 0.033936 -0.435181 1.602284 0.065981 -0.846118
1.026245 -0.074219 -0.535156 1.995320 -0.144303 -1.040500
1.163452 0.011719 -0.561157 2.262090 0.022785 -1.091053
1.078613 0.031372 -0.656616 2.097139 0.060996 -1.276653
0.950562 -0.009033 -0.666382 1.848169 -0.017563 -1.295641
0.746216 -0.217896 -0.710327 1.450861 -0.423652 -1.381083
0.481567 -0.332275 -0.784424 0.936307 -0.646040 -1.525149
0.262329 -0.218262 -0.874390 0.510044 -0.424364 -1.700068
0.057617 0.013794 -0.896973 0.112025 0.026819 -1.743976
-0.187744 0.019897 -0.814575 -0.365029 0.038686 -1.583772
-0.524048 -0.187378 -0.736694 -1.018902 -0.364317 -1.432349
-0.724854 -0.079224 -0.551636 -1.409327 -0.154034 -1.072541
-0.931763 -0.086182 -0.495972 -1.811618 -0.167562 -0.964314
-1.077271 0.157837 -0.469727 -2.094528 0.306881 -0.913285
-1.289307 0.066040 -0.365845 -2.506788 0.128401 -0.711309
-1.885132 -0.636108 -0.072510 -3.665246 -1.236780 -0.140980
-1.473022 -0.892334 0.342529 -2.863985 -1.734957 0.665977
-0.676147 -0.536865 0.605103 -1.314628 -1.043823 1.176496
-0.248535 -0.209839 1.086060 -0.483225 -0.407988 2.111617
0.039917 -0.082886 1.241455 0.077610 -0.161154 2.413751
0.521484 -0.017944 1.138916 1.013918 -0.034889 2.214385
0.817505 0.004028 0.864380 1.589468 0.007832 1.680607
0.864868 0.065674 0.679810 1.681556 0.127689 1.321748
0.877319 0.082764 0.559204 1.705765 0.160917 1.087256
0.850952 0.157349 0.310791 1.654499 0.305932 0.604268
0.837769 0.173828 -0.007202 1.628866 0.337973 -0.014003
0.823364 0.073853 -0.299316 1.600860 0.143591 -0.581958
0.840576 0.009277 -0.458374 1.634325 0.018038 -0.891213
0.719238 0.129272 -0.563965 1.398409 0.251343 -1.096512
0.568848 0.249512 -0.620728 1.106006 0.485124 -1.206875
0.409790 0.248535 -0.674316 0.796751 0.483225 -1.311068
0.275635 0.212524 -0.742920 0.535914 0.413209 -1.444453
0.193726 0.176514 -0.769653 0.376659 0.343194 -1.496431
0.181274 0.153809 -0.730103 0.352450 0.299049 -1.419532
0.169434 0.163574 -0.684448 0.329428 0.318036 -1.330767
0.098389 0.155762 -0.594604 0.191296 0.302846 -1.156085
-0.013428 0.103882 -0.451294 -0.026107 0.201977 -0.877447
-0.100952 0.126343 -0.314209 -0.196280 0.245647 -0.610914
-0.113037 0.169312 -0.230347 -0.219777 0.329191 -0.447861
-0.114502 0.160889 -0.188965 -0.222625 0.312815 -0.367403
-0.097412 0.108154 -0.158569 -0.189398 0.210283 -0.308305
-0.075439 0.054932 -0.135010 -0.146676 0.106803 -0.262498
-0.055420 0.035645 -0.120361 -0.107752 0.069303 -0.234018
-0.051025 0.040771 -0.119629 -0.099208 0.079272 -0.232593
-0.051880 0.030518 -0.104614 -0.100870 0.059335 -0.203401
-0.029175 0.044678 -0.076660 -0.056724 0.086867 -0.149050
-0.025879 0.067261 -0.093262 -0.050316 0.130774 -0.181328
-0.016235 0.053833 -0.105713 -0.031566 0.104667 -0.205537
-0.024780 0.038452 -0.106934 -0.048180 0.074762 -0.207910
-0.038818 0.019165 -0.096069 -0.075474 0.037262 -0.186787
-0.044922 0.022583 -0.091431 -0.087341 0.043908 -0.177768
-0.046875 0.028687 -0.106445 -0.091139 0.055775 -0.206961
-0.045288 0.024048 -0.129883 -0.088053 0.046756 -0.252530
-0.036011 0.017822 -0.133789 -0.070015 0.034652 -0.260125
-0.036255 0.004150 -0.127686 -0.070490 0.008070 -0.248258
-0.028442 -0.010498 -0.105225 -0.055300 -0.020411 -0.204587
-0.028076 0.003174 -0.151367 -0.054588 0.006171 -0.294302
-0.018433 -0.026245 -0.163818 -0.035838 -0.051028 -0.318511
-0.022827 0.001709 -0.170166 -0.044383 0.003323 -0.330852
-0.032959 0.024780 -0.151855 -0.064082 0.048180 -0.295251
-0.031494 0.019287 -0.123413 -0.061234 0.037500 -0.239951
-0.011719 0.017578 -0.122559 -0.022785 0.034177 -0.238290
-0.009521 0.000977 -0.140137 -0.018513 0.001899 -0.272467
-0.022461 -0.009277 -0.153809 -0.043671 -0.018038 -0.299049
-0.040527 -0.018555 -0.129272 -0.078797 -0.036076 -0.251343
-0.054321 -0.022339 -0.106812 -0.105616 -0.043433 -0.207673
-0.054321 -0.015381 -0.102417 -0.105616 -0.029905 -0.199128
-0.043579 -0.008057 -0.122192 -0.084730 -0.015664 -0.237578
-0.030640 0.010742 -0.119263 -0.059572 0.020886 -0.231881
-0.022217 0.019653 -0.109863 -0.043196 0.038212 -0.213606
-0.024170 0.014648 -0.121216 -0.046993 0.028481 -0.235679
