-0.221558 0.049805 0.174316 -0.430773 0.096835 0.338922
0.033691 -0.066162 0.193848 0.065506 -0.128638 0.376896
-0.098877 -0.182861 0.068359 -0.192246 -0.355536 0.132911
-0.111816 -0.231567 0.151245 -0.217404 -0.450235 0.294065
0.222168 -0.153442 0.357178 0.431959 -0.298337 0.694458
0.681885 0.193604 0.456665 1.325783 0.376422 0.887890
0.951782 0.049805 0.173950 1.850542 0.096835 0.338210
1.121704 -0.235352 -0.164795 2.180920 -0.457592 -0.320409
1.205200 -0.369751 -0.370972 2.343261 -0.718904 -0.721277
1.213257 -0.362793 -0.436646 2.358925 -0.705375 -0.848966
1.218384 -0.021240 -0.390869 2.368893 -0.041297 -0.759964
1.133545 0.087036 -0.531250 2.203942 0.169224 -1.032905
1.000488 -0.044678 -0.770264 1.945241 -0.086867 -1.497617
0.904663 -0.110352 -0.900024 1.758929 -0.214556 -1.749910
0.722412 -0.270996 -0.963135 1.404580 -0.526895 -1.872615
0.504150 -0.290649 -0.982788 0.980215 -0.565107 -1.910827
0.215942 -0.251343 -0.989746 0.419855 -0.488684 -1.924355
-0.095459 -0.110596 -0.975586 -0.185600 -0.215030 -1.896824
-0.335571 0.086548 -0.970703 -0.652448 0.168274 -1.887330
-0.590576 0.188110 -1.001465 -1.148252 0.365741 -1.947140
-0.908569 0.280762 -1.040283 -1.766524 0.545883 -2.022614
-1.183838 0.329712 -0.993896 -2.301726 0.641056 -1.932425
-1.352905 0.319946 -0.892456 -2.630442 0.622069 -1.735195
-1.398682 0.177368 -0.649658 -2.719445 0.344855 -1.263125
-1.393433 0.085693 -0.254639 -2.709239 0.166613 -0.495092
-1.444702 0.002686 0.161133 -2.808922 0.005221 0.313289
-1.476074 -0.196655 0.600342 -2.869919 -0.382355 1.167240
-1.291748 -0.295898 0.973389 -2.511535 -0.575313 1.892551
-1.061035 -0.254028 1.100952 -2.062962 -0.493905 2.140572
-0.592651 -0.514282 1.065063 -1.152287 -0.999915 2.070794
-0.044067 -0.630737 1.078979 -0.085680 -1.226337 2.097851
0.404663 -0.688232 1.013550 0.786783 -1.338125 1.970636
0.696533 -0.725952 0.997070 1.354264 -1.411463 1.938595
0.750854 -0.505249 0.928833 1.459880 -0.982351 1.805922
0.739990 -0.341187 0.717285 1.438757 -0.663366 1.394611
0.898926 -0.287476 0.440308 1.747774 -0.558936 0.856086
1.060669 -0.296265 0.124146 2.062250 -0.576025 0.241375
1.101074 -0.314941 -0.156128 2.140809 -0.612338 -0.303558
1.038696 -0.256348 -0.358643 2.019528 -0.498415 -0.697306
0.894409 -0.070435 -0.495605 1.738992 -0.136945 -0.963602
0.759155 0.067139 -0.630859 1.476019 0.130537 -1.226575
0.693604 0.081909 -0.766968 1.348567 0.159255 -1.491209
0.602905 0.039429 -0.888428 1.172224 0.076661 -1.727363
0.489258 0.041870 -1.021973 0.951260 0.081408 -1.987013
0.369263 0.086182 -1.123413 0.717954 0.167562 -2.184243
0.197754 0.237549 -1.178101 0.384491 0.461864 -2.290571
-0.051392 0.430176 -1.184204 -0.099920 0.836387 -2.302438
-0.266968 0.543213 -1.213867 -0.519063 1.056164 -2.360112
-0.460449 0.569580 -1.269531 -0.895248 1.107430 -2.468339
-0.614746 0.546631 -1.264526 -1.195246 1.062810 -2.458608
-0.694214 0.540527 -1.091309 -1.349754 1.050943 -2.121822
-0.714355 0.583740 -0.830078 -1.388915 1.134961 -1.613914
-0.649536 0.592773 -0.549683 -1.262888 1.152524 -1.068743
-0.526489 0.406250 -0.313965 -1.023649 0.789868 -0.610439
-0.391724 0.243530 -0.177734 -0.761625 0.473494 -0.345567
-0.292480 0.022217 -0.150391 -0.568667 0.043196 -0.292403
-0.228638 -0.082886 -0.118774 -0.444538 -0.161154 -0.230932
-0.205200 -0.059082 -0.039063 -0.398969 -0.114873 -0.075949
-0.184082 -0.011108 0.010864 -0.357909 -0.021598 0.021123
-0.081177 0.038086 -0.013306 -0.157831 0.074050 -0.025870
0.015625 0.068115 -0.067139 0.030380 0.132436 -0.130537
0.105713 0.025635 -0.072266 0.205537 0.049841 -0.140505
0.146973 -0.001831 -0.074341 0.285758 -0.003560 -0.144540
0.136719 -0.003296 -0.092041 0.265821 -0.006408 -0.178955
0.159058 -0.009277 -0.077637 0.309254 -0.018038 -0.150948
0.155762 -0.014038 -0.077271 0.302846 -0.027294 -0.150236
0.143677 -0.023315 -0.103149 0.279350 -0.045332 -0.200553
0.140991 -0.010742 -0.106689 0.274128 -0.020886 -0.207435
0.137085 0.000977 -0.125366 0.266533 0.001899 -0.243748
0.099976 -0.001343 -0.133789 0.194382 -0.002611 -0.260125
0.075928 0.000854 -0.121582 0.147626 0.001661 -0.236391
0.035767 0.005615 -0.109131 0.069541 0.010918 -0.212182
0.001953 0.001465 -0.075928 0.003797 0.002848 -0.147626
-0.005859 0.007324 -0.061768 -0.011392 0.014240 -0.120094
-0.016113 -0.000244 -0.090576 -0.031329 -0.000475 -0.176106
-0.006836 -0.011108 -0.103271 -0.013291 -0.021598 -0.200790
0.000977 -0.038086 -0.093750 0.001899 -0.074050 -0.182277
-0.008545 0.004761 -0.073486 -0.016614 0.009256 -0.142879
0.003784 0.026489 -0.080444 0.007358 0.051503 -0.156407
-0.006958 0.047974 -0.098389 -0.013528 0.093275 -0.191296
