0.165405 -0.066040 -0.083618 0.321596 -0.128401 -0.162578
0.243896 -0.191895 0.018433 0.474206 -0.373099 0.035838
0.195923 -0.102051 0.133545 0.380931 -0.198416 0.259650
0.261597 -0.141479 0.216309 0.508620 -0.275077 0.420567
0.601196 -0.080322 0.289551 1.168901 -0.156170 0.562971
0.788940 -0.081177 0.227051 1.533930 -0.157831 0.441453
0.840210 -0.220581 -0.053101 1.633613 -0.428874 -0.103243
1.045166 -0.163208 -0.338135 2.032108 -0.317324 -0.657433
1.085693 -0.181519 -0.493774 2.110904 -0.352925 -0.960041
1.074341 -0.124146 -0.537842 2.088832 -0.241375 -1.045721
1.033936 -0.085571 -0.570557 2.010272 -0.166376 -1.109329
0.966675 -0.087891 -0.671753 1.879498 -0.170885 -1.306084
0.935181 -0.199219 -0.782349 1.818264 -0.387339 -1.521114
0.875122 -0.296753 -0.880249 1.701493 -0.576974 -1.711461
0.672485 -0.313599 -0.960938 1.307508 -0.609727 -1.868343
0.393921 -0.177002 -0.956543 0.765897 -0.344143 -1.859798
0.101807 -0.135376 -0.941772 0.197942 -0.263210 -1.831080
-0.180420 -0.006592 -0.959229 -0.350789 -0.012816 -1.865020
-0.510742 0.137695 -0.971313 -0.993032 0.267720 -1.888517
-0.816895 0.300049 -0.962036 -1.588281 0.583382 -1.870479
-1.037109 0.422852 -0.935669 -2.016443 0.822147 -1.819213
-1.295166 0.364380 -0.838989 -2.518180 0.708461 -1.631240
-1.415039 0.269043 -0.556274 -2.751249 0.523098 -1.081560
-1.362793 0.315796 -0.208374 -2.649667 0.613999 -0.405140
-1.291260 0.725830 -0.019653 -2.510586 1.411225 -0.038212
-1.055542 0.799316 0.034546 -2.052281 1.554104 0.067167
-0.973267 0.153442 0.301025 -1.892314 0.298337 0.585281
-0.832153 -0.376953 0.747925 -1.617949 -0.732907 1.454184
-0.462769 -0.631470 0.974365 -0.899757 -1.227761 1.894450
-0.261841 -0.614868 1.128418 -0.509095 -1.195483 2.193974
-0.094604 -0.565063 1.191650 -0.183939 -1.098648 2.316916
0.030640 -0.672485 1.147827 0.059572 -1.307508 2.231711
0.203735 -0.501465 0.983643 0.396121 -0.974994 1.912488
0.386597 -0.384399 0.714600 0.751657 -0.747385 1.389390
0.626709 -0.367798 0.472778 1.218505 -0.715106 0.919219
0.826904 -0.360840 0.244141 1.607743 -0.701578 0.474681
0.886597 -0.355347 0.001343 1.723802 -0.690898 0.002611
0.855713 -0.246216 -0.220093 1.663755 -0.478715 -0.427925
0.776489 -0.132935 -0.348267 1.509722 -0.258464 -0.677132
0.698853 -0.036133 -0.441284 1.358773 -0.070253 -0.857985
0.659302 0.004272 -0.548950 1.281875 0.008307 -1.067319
0.629883 0.004272 -0.685181 1.224676 0.008307 -1.332191
0.586426 -0.058716 -0.807495 1.140183 -0.114161 -1.570006
0.531372 -0.028198 -0.882568 1.033142 -0.054826 -1.715970
0.425293 0.069824 -0.909668 0.826894 0.135759 -1.768660
0.276733 0.185181 -0.934326 0.538050 0.360045 -1.816603
0.117798 0.247803 -0.936157 0.229033 0.481801 -1.820163
-0.036133 0.249023 -0.950073 -0.070253 0.484174 -1.847219
-0.163940 0.265625 -0.969238 -0.318748 0.516452 -1.884482
-0.288452 0.296997 -0.883179 -0.560835 0.577449 -1.717157
-0.369751 0.284302 -0.769531 -0.718904 0.552766 -1.496193
-0.438232 0.169922 -0.687256 -0.852052 0.330378 -1.336226
-0.457764 0.050293 -0.542114 -0.890026 0.097784 -1.054028
-0.400879 -0.045288 -0.331421 -0.779426 -0.088053 -0.644379
-0.329346 -0.047607 -0.181030 -0.640344 -0.092563 -0.351976
-0.280151 -0.012451 -0.124023 -0.544696 -0.024209 -0.241138
-0.189209 0.059204 -0.124390 -0.367877 0.115110 -0.241850
-0.064697 -0.005981 -0.193115 -0.125790 -0.011630 -0.375472
0.004150 -0.019897 -0.197266 0.008070 -0.038686 -0.383542
0.000488 -0.009888 -0.202637 0.000949 -0.019225 -0.393985
0.007935 -0.034424 -0.166504 0.015427 -0.066930 -0.323732
-0.025757 -0.014526 -0.120117 -0.050079 -0.028243 -0.233543
-0.048218 -0.003662 -0.072144 -0.093749 -0.007120 -0.140268
-0.019653 0.015991 -0.035767 -0.038212 0.031092 -0.069541
0.048584 0.014893 -0.070435 0.094461 0.028956 -0.136945
0.081543 0.008057 -0.120361 0.158543 0.015664 -0.234018
0.067505 -0.010376 -0.169434 0.131249 -0.020174 -0.329428
0.029541 -0.005615 -0.180664 0.057436 -0.010918 -0.351264
-0.019531 0.001709 -0.151489 -0.037974 0.003323 -0.294539
-0.080811 0.024414 -0.102051 -0.157119 0.047468 -0.198416
-0.120117 0.015137 -0.079224 -0.233543 0.029430 -0.154034
-0.113281 -0.004639 -0.053101 -0.220252 -0.009019 -0.103243
-0.081909 -0.018921 -0.058472 -0.159255 -0.036788 -0.113686
-0.045532 -0.028564 -0.074097 -0.088528 -0.055538 -0.144066
-0.012939 0.031616 -0.067261 -0.025158 0.061471 -0.130774
-0.019409 0.105225 -0.044067 -0.037737 0.204587 -0.085680
-0.017578 0.126465 -0.020020 -0.034177 0.245885 -0.038924
-0.012695 0.130371 -0.049927 -0.024683 0.253479 -0.097072
-0.003906 0.064697 -0.107910 -0.007595 0.125790 -0.209809
-0.011719 0.046997 -0.148315 -0.022785 0.091376 -0.288368
