-0.120117 0.225952 -0.095703 -0.233543 0.439317 -0.186075
0.029297 0.037842 -0.080811 0.056962 0.073575 -0.157119
-0.188232 -0.119507 -0.104004 -0.365979 -0.232356 -0.202214
-0.182739 -0.252930 0.045288 -0.355298 -0.491769 0.088053
-0.072266 -0.399170 0.199219 -0.140505 -0.776103 0.387339
0.209473 -0.199829 0.204956 0.407276 -0.388526 0.398494
0.351685 -0.222656 0.019775 0.683777 -0.432909 0.038449
0.537231 -0.307495 -0.271973 1.044535 -0.597860 -0.528794
0.718140 -0.378906 -0.482056 1.396273 -0.736704 -0.937257
0.794678 -0.322144 -0.625244 1.545085 -0.626341 -1.215657
0.851074 -0.210205 -0.757813 1.654737 -0.408700 -1.473408
0.821899 -0.226196 -0.920166 1.598012 -0.439792 -1.789071
0.764526 -0.301025 -1.081177 1.486462 -0.585281 -2.102123
0.677368 -0.327026 -1.247192 1.317001 -0.635835 -2.424906
0.559448 -0.299072 -1.345459 1.087731 -0.581484 -2.615965
0.376953 -0.359985 -1.354248 0.732907 -0.699916 -2.633053
0.130493 -0.418579 -1.259766 0.253717 -0.813840 -2.449352
-0.307373 -0.327271 -1.160400 -0.597623 -0.636309 -2.256157
-0.718506 -0.161377 -0.933472 -1.396985 -0.313764 -1.814941
-1.018066 -0.135498 -0.648071 -1.979418 -0.263448 -1.260040
-1.280151 -0.024536 -0.314697 -2.488988 -0.047705 -0.611863
-1.502319 0.068359 -0.093506 -2.920947 0.132911 -0.181803
-1.787598 0.180420 0.030762 -3.475611 0.350789 0.059810
-1.923584 0.240234 0.205078 -3.740008 0.467086 0.398732
-1.706787 0.087891 0.484863 -3.318492 0.170885 0.942716
-1.374390 -0.067871 0.728516 -2.672214 -0.131961 1.416447
-1.108032 -0.221313 0.902588 -2.154338 -0.430298 1.754894
-0.894043 -0.157959 1.153320 -1.738280 -0.307118 2.242391
-0.348267 -0.150757 1.296509 -0.677132 -0.293115 2.520791
0.285522 -0.385132 1.368774 0.555139 -0.748809 2.661297
0.733887 -0.456421 1.269775 1.426890 -0.887415 2.468814
0.930298 -0.205811 0.731079 1.808770 -0.400156 1.421431
1.065674 -0.227051 0.180054 2.071981 -0.441453 0.350077
1.195923 -0.278442 0.100830 2.325223 -0.541373 0.196043
1.221069 -0.215332 0.189087 2.374115 -0.418668 0.367640
1.210693 -0.234985 0.230835 2.353941 -0.456880 0.448810
1.166748 -0.280151 0.032471 2.268498 -0.544696 0.063133
0.993652 -0.309204 -0.270264 1.931950 -0.601183 -0.525471
0.846924 -0.353516 -0.536743 1.646667 -0.687337 -1.043585
0.812500 -0.297852 -0.654541 1.579737 -0.579110 -1.272619
0.801392 -0.238525 -0.742310 1.558139 -0.463763 -1.443266
0.744751 -0.255371 -0.863403 1.448013 -0.496516 -1.678708
0.566162 -0.240112 -0.941040 1.100784 -0.466848 -1.829656
0.350708 -0.119141 -1.007690 0.681879 -0.231644 -1.959244
0.192993 0.005005 -1.084473 0.375235 0.009731 -2.108531
-0.030884 0.088257 -1.134888 -0.060047 0.171597 -2.206553
-0.292969 0.087891 -1.127197 -0.569617 0.170885 -2.191600
-0.450928 0.122559 -1.023560 -0.876735 0.238290 -1.990098
-0.509033 0.119629 -0.834595 -0.989709 0.232593 -1.622696
-0.572876 0.079956 -0.608643 -1.113838 0.155458 -1.183379
-0.635376 0.170166 -0.384521 -1.235356 0.330852 -0.747622
-0.636719 0.309937 -0.199219 -1.237967 0.602607 -0.387339
-0.615479 0.328491 -0.116089 -1.196670 0.638683 -0.225711
-0.579346 0.272705 -0.089355 -1.126417 0.530218 -0.173733
-0.474609 0.202026 -0.067017 -0.922779 0.392798 -0.130300
-0.388062 0.131958 -0.030762 -0.754505 0.256565 -0.059810
-0.350464 0.090942 0.023560 -0.681404 0.176819 0.045807
-0.189209 -0.030151 -0.030640 -0.367877 -0.058623 -0.059572
-0.013916 -0.086914 -0.093628 -0.027057 -0.168986 -0.182040
0.035400 -0.094116 -0.156616 0.068829 -0.182989 -0.304508
0.012329 -0.100098 -0.200562 0.023971 -0.194619 -0.389950
-0.002441 -0.076782 -0.196655 -0.004747 -0.149287 -0.382355
-0.005859 -0.052856 -0.174072 -0.011392 -0.102768 -0.338447
0.002075 -0.046265 -0.164307 0.004035 -0.089952 -0.319460
-0.017578 -0.014404 -0.166992 -0.034177 -0.028006 -0.324682
-0.027832 0.009521 -0.142334 -0.054114 0.018513 -0.276739
-0.022705 0.030029 -0.111694 -0.044145 0.058386 -0.217166
-0.037476 0.009888 -0.093506 -0.072863 0.019225 -0.181803
-0.031250 -0.046631 -0.085327 -0.060759 -0.090664 -0.165901
-0.034790 -0.032349 -0.087280 -0.067642 -0.062895 -0.169698
-0.045044 -0.054199 -0.059814 -0.087579 -0.105379 -0.116297
-0.037354 -0.063965 -0.031372 -0.072626 -0.124366 -0.060996
-0.048096 -0.061646 -0.016968 -0.093512 -0.119857 -0.032990
-0.048096 -0.062988 -0.015625 -0.093512 -0.122468 -0.030380
-0.026978 -0.059814 -0.034790 -0.052452 -0.116297 -0.067642
-0.017700 -0.045044 -0.061035 -0.034414 -0.087579 -0.118670
-0.004028 -0.041382 -0.055664 -0.007832 -0.080458 -0.108227
0.001343 -0.013062 -0.070313 0.002611 -0.025395 -0.136708
-0.014526 -0.020508 -0.096069 -0.028243 -0.039873 -0.186787
-0.009521 -0.010498 -0.101685 -0.018513 -0.020411 -0.197704
