0.037842 0.089966 0.046997 0.073575 0.174920 0.091376
0.278320 0.037842 0.075195 0.541136 0.073575 0.146202
0.233765 -0.323853 0.009277 0.454507 -0.629664 0.018038
0.090698 -0.364014 -0.010864 0.176344 -0.707749 -0.021123
0.118408 -0.375732 0.062256 0.230220 -0.730533 0.121044
0.354370 -0.378418 0.110840 0.688999 -0.735755 0.215505
0.545776 -0.246460 0.113403 1.061148 -0.479190 0.220489
0.406250 -0.224609 -0.064697 0.789868 -0.436706 -0.125790
0.255981 -0.081177 -0.271484 0.497703 -0.157831 -0.527845
0.332397 0.140991 -0.504272 0.646278 0.274128 -0.980453
0.459473 0.177856 -0.706665 0.893349 0.345805 -1.373963
0.430176 0.008301 -0.860596 0.836387 0.016139 -1.673249
0.340576 -0.086548 -0.918945 0.662179 -0.168274 -1.786698
0.232788 -0.044434 -0.908936 0.452608 -0.086392 -1.767236
0.127808 0.166138 -0.872803 0.248495 0.323020 -1.696983
0.025879 0.074341 -0.848633 0.050316 0.144540 -1.649990
-0.174072 -0.238281 -0.899170 -0.338447 -0.463288 -1.748249
-0.406494 -0.331421 -0.926880 -0.790343 -0.644379 -1.802125
-0.560791 -0.023438 -0.832397 -1.090341 -0.045569 -1.618423
-0.640137 0.160645 -0.705200 -1.244612 0.312340 -1.371115
-0.612671 0.136353 -0.658081 -1.191211 0.265109 -1.279501
-0.601318 0.057739 -0.678955 -1.169138 0.112262 -1.320087
-0.684204 -0.031128 -0.648682 -1.330292 -0.060522 -1.261226
-0.865234 -0.190796 -0.542603 -1.682268 -0.370963 -1.054978
-1.107910 -0.125000 -0.304321 -2.154100 -0.243036 -0.591689
-1.173462 -0.090942 -0.113647 -2.281552 -0.176819 -0.220964
-1.290771 -0.029785 0.033081 -2.509636 -0.057911 0.064319
-1.416138 -0.011353 0.246338 -2.753385 -0.022073 0.478953
-1.350952 -0.226929 0.467529 -2.626645 -0.441216 0.909013
-1.060303 -0.504028 0.740845 -2.061538 -0.979978 1.440418
-0.810181 -0.431396 0.955200 -1.575227 -0.838761 1.857188
-0.635620 -0.186523 1.032227 -1.235831 -0.362656 2.006949
-0.429565 -0.148193 0.988037 -0.835200 -0.288131 1.921032
-0.084717 -0.418579 0.798340 -0.164714 -0.813840 1.552205
0.416504 -0.725952 0.670654 0.809805 -1.411463 1.303948
0.509277 -0.607056 0.747559 0.990184 -1.180293 1.453472
0.506470 -0.376709 0.802734 0.984725 -0.732432 1.560750
0.636475 -0.366089 0.688843 1.237492 -0.711784 1.339311
0.789795 -0.397339 0.463013 1.535592 -0.772543 0.900232
0.863525 -0.295288 0.227905 1.678945 -0.574126 0.443114
0.968262 -0.361084 0.033081 1.882583 -0.702053 0.064319
1.021240 -0.377686 -0.093384 1.985589 -0.734331 -0.181565
0.984253 -0.176636 -0.149536 1.913675 -0.343431 -0.290742
0.847656 0.009277 -0.227417 1.648091 0.018038 -0.442165
0.834351 0.069092 -0.389160 1.622221 0.134335 -0.756641
0.906616 0.087769 -0.498169 1.762726 0.170648 -0.968586
0.974854 0.051758 -0.597534 1.895400 0.100632 -1.161781
0.952515 0.009399 -0.700684 1.851966 0.018275 -1.362333
0.902588 0.028687 -0.785645 1.754894 0.055775 -1.527522
0.778442 0.100342 -0.850586 1.513519 0.195094 -1.653787
0.577637 0.132080 -0.870239 1.123094 0.256802 -1.691999
0.439331 0.144043 -0.849243 0.854188 0.280062 -1.651176
0.370850 0.167847 -0.899292 0.721040 0.326343 -1.748486
0.241333 0.098999 -0.923340 0.469222 0.192483 -1.795242
0.060059 0.153687 -0.909668 0.116771 0.298811 -1.768660
-0.168457 0.287109 -0.867310 -0.327530 0.558224 -1.686303
-0.327026 0.322021 -0.814453 -0.635835 0.626104 -1.583534
-0.361816 0.367676 -0.754395 -0.703477 0.714869 -1.466763
-0.375122 0.450439 -0.670532 -0.729347 0.875786 -1.303710
-0.403931 0.416626 -0.572876 -0.785359 0.810042 -1.113838
-0.432861 0.275513 -0.447144 -0.841609 0.535677 -0.869377
-0.476196 0.234497 -0.265747 -0.925864 0.455931 -0.516690
-0.481323 0.263794 -0.162109 -0.935833 0.512892 -0.315188
-0.404175 0.225098 -0.184692 -0.785834 0.437655 -0.359096
-0.295044 0.068970 -0.224609 -0.573651 0.134097 -0.436706
-0.183960 0.016357 -0.203003 -0.357672 0.031804 -0.394697
-0.130249 0.040405 -0.150391 -0.253242 0.078560 -0.292403
-0.120117 0.052246 -0.139404 -0.233543 0.101582 -0.271043
-0.068481 0.051392 -0.089966 -0.133148 0.099920 -0.174920
-0.033813 0.020020 -0.085815 -0.065743 0.038924 -0.166850
0.001099 -0.013184 -0.091309 0.002136 -0.025633 -0.177531
-0.010254 -0.013184 -0.097534 -0.019937 -0.025633 -0.189635
0.017578 0.007202 -0.097656 0.034177 0.014003 -0.189872
0.028442 0.003906 -0.093262 0.055300 0.007595 -0.181328
0.010376 0.003540 -0.088135 0.020174 0.006883 -0.171360
-0.003540 0.014648 -0.080933 -0.006883 0.028481 -0.157357
0.000366 0.016479 -0.086670 0.000712 0.032041 -0.168512
0.008179 -0.012573 -0.097778 0.015902 -0.024446 -0.190110
-0.005737 -0.003906 -0.093384 -0.011155 -0.007595 -0.181565
-0.011963 -0.002197 -0.091187 -0.023259 -0.004272 -0.177293
