-0.473999 0.242432 -0.121460 -0.921592 0.471358 -0.236154
-0.389038 0.151245 -0.023438 -0.756404 0.294065 -0.045569
-0.108887 -0.028809 0.024292 -0.211708 -0.056012 0.047231
0.008789 -0.325928 0.048096 0.017089 -0.633699 0.093512
0.043579 -0.457031 0.194702 0.084730 -0.888602 0.378558
0.349365 -0.357666 0.125366 0.679268 -0.695407 0.243748
0.366699 -0.421997 -0.001465 0.712970 -0.820485 -0.002848
0.591919 -0.772217 0.037842 1.150863 -1.501415 0.073575
0.800781 -0.526245 -0.046387 1.556952 -1.023174 -0.090189
0.830566 -0.546265 -0.235474 1.614863 -1.062098 -0.457829
0.873047 -0.479736 -0.439453 1.697458 -0.932747 -0.854425
0.896484 -0.413940 -0.630859 1.743027 -0.804821 -1.226575
0.853882 -0.398193 -0.783203 1.660195 -0.774204 -1.522775
0.754028 -0.414917 -0.927124 1.466051 -0.806720 -1.802599
0.576416 -0.458008 -1.035156 1.120721 -0.890501 -2.012646
0.441162 -0.434204 -1.076782 0.857748 -0.844219 -2.093579
0.278442 -0.583496 -1.034424 0.541373 -1.134487 -2.011222
0.101318 -0.490112 -0.995239 0.196992 -0.952921 -1.935035
-0.155640 -0.171997 -1.053833 -0.302609 -0.334412 -2.048959
-0.518677 -0.177612 -1.096680 -1.008459 -0.345330 -2.132265
-0.825439 0.014526 -1.012207 -1.604895 0.028243 -1.968026
-1.133545 0.062622 -0.845337 -2.203942 0.121756 -1.643582
-1.418823 -0.004761 -0.686768 -2.758606 -0.009256 -1.335276
-1.721069 0.211792 -0.605469 -3.346261 0.411785 -1.177208
-1.891113 0.370972 -0.360840 -3.676876 0.721277 -0.701578
-1.833618 0.386719 -0.007446 -3.565089 0.751894 -0.014478
-1.378784 0.334229 0.443726 -2.680758 0.649838 0.862732
-1.265869 0.029907 0.928345 -2.461219 0.058148 1.804973
-1.166382 -0.112671 1.388794 -2.267787 -0.219065 2.700220
-0.854126 -0.142822 1.583862 -1.660670 -0.277688 3.079490
-0.388794 -0.295166 1.590820 -0.755929 -0.573889 3.093019
0.140015 -0.521606 1.510986 0.272229 -1.014155 2.937798
0.570557 -0.582886 1.358398 1.109329 -1.133300 2.641123
0.827637 -0.555908 1.231201 1.609167 -1.080848 2.393814
0.914185 -0.220337 1.079224 1.777441 -0.428399 2.098325
0.934082 -0.079956 0.828003 1.816128 -0.155458 1.609879
1.019531 -0.112061 0.510498 1.982266 -0.217878 0.992557
1.039673 -0.034058 0.102417 2.021427 -0.066218 0.199128
1.110474 -0.058105 -0.247314 2.159085 -0.112974 -0.480851
1.295044 -0.064819 -0.457520 2.517943 -0.126028 -0.889551
1.272217 -0.105103 -0.632690 2.473560 -0.204350 -1.230135
0.951782 0.036621 -0.648315 1.850542 0.071202 -1.260514
0.637207 0.153076 -0.679321 1.238916 0.297625 -1.320799
0.503906 0.120239 -0.782837 0.979741 0.233780 -1.522063
0.459106 -0.056519 -0.880859 0.892637 -0.109889 -1.712647
0.451538 -0.156738 -0.965088 0.877922 -0.304745 -1.876412
0.383057 -0.215942 -1.035889 0.744774 -0.419855 -2.014070
0.182495 -0.026733 -1.092285 0.354824 -0.051978 -2.123721
-0.153687 0.111084 -1.078247 -0.298811 0.215980 -2.096427
-0.464966 0.377075 -1.054077 -0.904029 0.733144 -2.049433
-0.728760 0.489380 -1.026367 -1.416921 0.951497 -1.995557
-0.790405 0.336548 -0.897949 -1.536778 0.654347 -1.745875
-0.591553 0.235474 -0.632446 -1.150151 0.457829 -1.229660
-0.417725 0.215454 -0.395386 -0.812178 0.418906 -0.768745
-0.384766 0.400269 -0.264038 -0.748097 0.778239 -0.513367
-0.401001 0.771729 -0.156250 -0.779663 1.500465 -0.303796
-0.405762 0.701172 -0.087158 -0.788919 1.363283 -0.169461
-0.371216 0.483276 -0.122925 -0.721752 0.939630 -0.239002
-0.329224 0.444214 -0.100830 -0.640107 0.863681 -0.196043
-0.299927 0.213501 -0.163574 -0.583145 0.415108 -0.318036
-0.265259 0.195679 -0.316895 -0.515740 0.380456 -0.616135
-0.254517 0.239258 -0.421631 -0.494854 0.465187 -0.819773
-0.244873 0.312012 -0.480957 -0.476105 0.606642 -0.935121
-0.219482 0.286865 -0.501953 -0.426738 0.557750 -0.975943
-0.226440 0.070557 -0.578979 -0.440266 0.137183 -1.125705
-0.243774 -0.100952 -0.580444 -0.473969 -0.196280 -1.128553
-0.273560 -0.098877 -0.484375 -0.531880 -0.192246 -0.941766
-0.122437 -0.010010 -0.290405 -0.238052 -0.019462 -0.564633
0.111694 -0.035034 -0.204346 0.217166 -0.068117 -0.397308
0.245117 -0.084351 -0.254150 0.476579 -0.164002 -0.494142
0.317139 -0.063110 -0.257080 0.616610 -0.122705 -0.499839
0.301514 -0.104126 -0.236572 0.586231 -0.202451 -0.459965
0.223145 -0.176392 -0.272217 0.433858 -0.342957 -0.529269
0.260254 -0.190552 -0.249390 0.506009 -0.370488 -0.484886
0.283203 -0.176636 -0.147339 0.550629 -0.343431 -0.286470
0.233398 -0.204590 -0.089478 0.453795 -0.397782 -0.173970
0.150146 -0.346436 -0.175293 0.291929 -0.673572 -0.340821
0.050537 -0.363159 -0.270264 0.098259 -0.706087 -0.525471
-0.132935 0.054199 -0.141479 -0.258464 0.105379 -0.275077
-0.133301 0.058594 -0.114868 -0.259176 0.113923 -0.223337
