-0.182373 0.024292 -0.157227 -0.354586 0.047231 -0.305694
-0.202515 0.109863 0.003662 -0.393748 0.213606 0.007120
-0.173096 -0.082031 0.035522 -0.336549 -0.159493 0.069066
0.084229 -0.101196 0.029053 0.163765 -0.196755 0.056487
0.581543 -0.053467 0.040161 1.130689 -0.103955 0.078085
1.080811 -0.192383 -0.035034 2.101411 -0.374048 -0.068117
1.286377 -0.004639 -0.073364 2.501092 -0.009019 -0.142642
0.891235 0.267334 0.023560 1.732821 0.519775 0.045807
0.641235 -0.059570 -0.213379 1.246749 -0.115822 -0.414871
0.837769 -0.196655 -0.479614 1.628866 -0.382355 -0.932510
0.827759 -0.288696 -0.583374 1.609404 -0.561310 -1.134249
0.658569 -0.452148 -0.604980 1.280451 -0.879108 -1.176258
0.427734 -0.519165 -0.720459 0.831640 -1.009408 -1.400782
0.093994 -0.426636 -0.827148 0.182752 -0.829504 -1.608218
-0.198608 -0.357056 -0.926270 -0.386153 -0.694220 -1.800938
-0.358032 -0.292358 -0.979248 -0.696119 -0.568430 -1.903944
-0.660400 -0.207031 -1.032104 -1.284011 -0.402529 -2.006712
-1.204224 -0.253662 -1.026245 -2.341362 -0.493193 -1.995320
-1.493286 -0.175903 -0.818359 -2.903384 -0.342007 -1.591129
-1.541992 -0.048340 -0.482422 -2.998082 -0.093987 -0.937969
-1.314697 -0.063477 -0.044922 -2.556155 -0.123417 -0.087341
-0.977661 -0.299072 0.299561 -1.900858 -0.581484 0.582433
-0.644043 -0.447876 0.649902 -1.252207 -0.870802 1.263600
-0.499756 -0.553711 0.893311 -0.971671 -1.076576 1.736856
-0.232544 -0.570679 1.046021 -0.452133 -1.109566 2.033769
0.139526 -0.383301 1.305786 0.271280 -0.745248 2.538829
0.246582 -0.285400 1.603271 0.479427 -0.554902 3.117227
0.336670 -0.130981 1.433594 0.654585 -0.254666 2.787324
0.600708 0.235474 0.944336 1.167952 0.457829 1.836064
0.727173 0.103027 0.435425 1.413836 0.200315 0.846593
0.851929 0.073364 0.094849 1.656398 0.142642 0.184413
1.001709 0.167114 -0.188721 1.947614 0.324919 -0.366928
1.000122 0.189087 -0.357910 1.944529 0.367640 -0.695882
0.959106 0.232544 -0.442627 1.864783 0.452133 -0.860596
1.109985 0.300049 -0.485718 2.158135 0.583382 -0.944377
1.221313 0.428467 -0.593262 2.374589 0.833064 -1.153474
1.059692 0.493164 -0.672607 2.060351 0.958855 -1.307745
0.711304 0.502930 -0.685669 1.382982 0.977842 -1.333140
0.381836 0.312988 -0.653198 0.742400 0.608540 -1.270008
0.164307 0.060425 -0.629639 0.319460 0.117483 -1.224201
0.181396 0.074219 -0.657837 0.352688 0.144303 -1.279027
0.315308 0.372681 -0.620728 0.613050 0.724600 -1.206875
0.180542 0.384521 -0.546387 0.351026 0.747622 -1.062335
0.023438 0.270264 -0.415649 0.045569 0.525471 -0.808144
0.004150 0.180420 -0.327881 0.008070 0.350789 -0.637496
0.000000 0.130371 -0.295776 0.000000 0.253479 -0.575076
-0.035767 0.166382 -0.322266 -0.069541 0.323495 -0.626578
-0.101196 0.173706 -0.265137 -0.196755 0.337735 -0.515503
-0.118896 0.115112 -0.190552 -0.231169 0.223812 -0.370488
-0.106812 0.067261 -0.165283 -0.207673 0.130774 -0.321359
-0.094727 0.070190 -0.189941 -0.184176 0.136471 -0.369301
-0.014038 0.113281 -0.208374 -0.027294 0.220252 -0.405140
0.035156 0.076294 -0.174927 0.068354 0.148338 -0.340109
0.027588 0.008545 -0.153564 0.053639 0.016614 -0.298574
0.007446 -0.003662 -0.148560 0.014478 -0.007120 -0.288843
-0.009033 0.028809 -0.143433 -0.017563 0.056012 -0.278875
0.010254 0.052856 -0.118774 0.019937 0.102768 -0.230932
0.024902 0.043335 -0.110962 0.048417 0.084256 -0.215742
0.023315 0.046997 -0.130005 0.045332 0.091376 -0.252767
-0.011108 0.046021 -0.123291 -0.021598 0.089477 -0.239714
-0.028931 0.039917 -0.111816 -0.056250 0.077610 -0.217404
-0.005493 0.045654 -0.090210 -0.010680 0.088765 -0.175394
0.027222 0.033813 -0.090088 0.052927 0.065743 -0.175157
0.027100 0.009644 -0.099365 0.052690 0.018750 -0.193195
0.043457 0.057861 -0.116821 0.084493 0.112499 -0.227135
0.081421 0.062500 -0.106689 0.158306 0.121518 -0.207435
0.085205 0.036621 -0.084229 0.165664 0.071202 -0.163765
0.062500 0.059937 -0.069824 0.121518 0.116534 -0.135759
0.016479 0.069702 -0.082642 0.032041 0.135521 -0.160679
-0.032349 0.032227 -0.087524 -0.062895 0.062658 -0.170173
-0.012329 0.013306 -0.067017 -0.023971 0.025870 -0.130300
0.024536 0.025757 -0.044678 0.047705 0.050079 -0.086867
-0.031372 0.003784 -0.069336 -0.060996 0.007358 -0.134809
-0.047119 0.022339 -0.092285 -0.091613 0.043433 -0.179429
-0.017822 0.024780 -0.087036 -0.034652 0.048180 -0.169224
0.035889 0.043945 -0.060425 0.069778 0.085443 -0.117483
0.023560 0.063965 -0.066284 0.045807 0.124366 -0.128876
-0.062500 0.027954 -0.122314 -0.121518 0.054351 -0.237815
-0.059204 0.029663 -0.089355 -0.115110 0.057674 -0.173733
-0.033936 0.052856 -0.047729 -0.065981 0.102768 -0.092800
