-0.692749 -0.129150 0.084106 -1.346906 -0.251106 0.163527
-0.560791 -0.483276 0.138062 -1.090341 -0.939630 0.268432
-0.529785 -0.460449 0.179077 -1.030057 -0.895248 0.348178
-0.591187 -0.143555 0.275879 -1.149439 -0.279112 0.536389
-0.230957 0.039063 0.375732 -0.449048 0.075949 0.730533
0.199585 -0.061401 0.371582 0.388051 -0.119382 0.722464
0.513672 -0.054565 0.372314 0.998728 -0.106091 0.723888
0.675537 -0.124268 0.189575 1.313441 -0.241612 0.368589
0.938354 -0.186401 0.054688 1.824435 -0.362419 0.106328
1.034912 -0.071289 -0.132568 2.012171 -0.138607 -0.257752
1.067749 0.050903 -0.235718 2.076015 0.098971 -0.458304
1.173218 0.010986 -0.384155 2.281077 0.021361 -0.746910
1.168457 -0.137085 -0.626587 2.271821 -0.266533 -1.218268
1.060547 -0.364502 -0.874878 2.062012 -0.708698 -1.701018
0.888184 -0.459595 -1.032104 1.726888 -0.893586 -2.006712
0.757690 -0.327271 -1.050415 1.473171 -0.636309 -2.042313
0.652100 -0.265869 -1.101440 1.267872 -0.516927 -2.141521
0.383911 -0.082153 -1.059204 0.746435 -0.159730 -2.059402
-0.069580 -0.097290 -1.091309 -0.135284 -0.189160 -2.121822
-0.364624 0.008301 -1.001465 -0.708935 0.016139 -1.947140
-0.553711 0.168091 -0.875488 -1.076576 0.326818 -1.702204
-0.828125 0.224487 -0.757080 -1.610116 0.436469 -1.471985
-1.031982 0.184570 -0.564087 -2.006475 0.358858 -1.096749
-1.336060 0.030029 -0.280029 -2.597689 0.058386 -0.544459
-1.601563 0.153687 0.142700 -3.113904 0.298811 0.277451
-1.576538 0.281494 0.482910 -3.065250 0.547307 0.938918
-1.331177 0.041138 0.647095 -2.588196 0.079984 1.258141
-1.062988 -0.416504 0.813477 -2.066759 -0.809805 1.581636
-0.859009 -0.585205 1.055176 -1.670164 -1.137809 2.051569
-0.603882 -0.455811 1.324951 -1.174122 -0.886229 2.576092
-0.266968 -0.062500 1.467896 -0.519063 -0.121518 2.854017
0.082397 0.003174 1.253174 0.160205 0.006171 2.436535
0.359131 -0.038818 0.822144 0.698255 -0.075474 1.598487
0.844971 -0.204956 0.277588 1.642869 -0.398494 0.539712
1.183350 -0.275879 -0.064453 2.300777 -0.536389 -0.125316
1.339966 -0.108643 -0.184937 2.605284 -0.211233 -0.359571
1.261963 0.041382 -0.282959 2.453624 0.080458 -0.550155
1.019165 0.113403 -0.453247 1.981554 0.220489 -0.881244
0.898682 0.135986 -0.592407 1.747299 0.264397 -1.151812
0.885376 0.100708 -0.708862 1.721429 0.195806 -1.378235
0.840698 0.154663 -0.784424 1.634562 0.300710 -1.525149
0.774170 0.068848 -0.909302 1.505212 0.133860 -1.767948
0.628296 0.118652 -1.053711 1.221590 0.230695 -2.048721
0.484497 0.225952 -1.147095 0.942004 0.439317 -2.230287
0.346680 0.257080 -1.186157 0.674046 0.499839 -2.306236
0.069580 0.212646 -1.200806 0.135284 0.413447 -2.334716
-0.284790 0.343872 -1.116089 -0.553715 0.668588 -2.170002
-0.625610 0.456421 -1.000000 -1.216369 0.887415 -1.944292
-0.825317 0.497559 -0.845093 -1.604658 0.967399 -1.643107
-0.913086 0.342407 -0.597168 -1.775305 0.665739 -1.161069
-0.834961 0.148071 -0.251099 -1.623408 0.287894 -0.488209
-0.633911 0.007568 0.022705 -1.232508 0.014715 0.044145
-0.479736 -0.176880 0.084839 -0.932747 -0.343906 0.164952
-0.484741 -0.270630 0.082275 -0.942478 -0.526183 0.159967
-0.302734 -0.193604 0.088013 -0.588604 -0.376422 0.171122
-0.132080 -0.100952 0.080933 -0.256802 -0.196280 0.157357
-0.042603 -0.042480 0.059082 -0.082832 -0.082594 0.114873
0.055054 -0.083862 0.065308 0.107040 -0.163053 0.126977
0.180786 -0.154053 0.064819 0.351501 -0.299523 0.126028
0.194336 -0.169922 0.039429 0.377846 -0.330378 0.076661
0.200806 -0.167114 -0.017090 0.390425 -0.324919 -0.033228
0.199707 -0.190918 -0.081177 0.388289 -0.371200 -0.157831
0.153320 -0.173096 -0.143188 0.298099 -0.336549 -0.278400
0.076538 -0.127197 -0.170166 0.148812 -0.247309 -0.330852
0.028442 -0.091553 -0.177002 0.055300 -0.178005 -0.344143
-0.001221 -0.054932 -0.163940 -0.002373 -0.106803 -0.318748
0.000977 -0.011597 -0.163940 0.001899 -0.022547 -0.318748
-0.034546 -0.021484 -0.180908 -0.067167 -0.041772 -0.351738
-0.018066 -0.023926 -0.180176 -0.035126 -0.046519 -0.350314
0.045654 -0.046631 -0.175049 0.088765 -0.090664 -0.340346
0.053955 -0.040649 -0.186890 0.104904 -0.079034 -0.363368
0.048096 -0.000366 -0.205811 0.093512 -0.000712 -0.400156
0.018921 0.010132 -0.183838 0.036788 0.019699 -0.357434
-0.014404 -0.005127 -0.141724 -0.028006 -0.009968 -0.275552
-0.021851 -0.004883 -0.106689 -0.042484 -0.009494 -0.207435
-0.026978 -0.033813 -0.109985 -0.052452 -0.065743 -0.213844
-0.028076 -0.021973 -0.107544 -0.054588 -0.042721 -0.209097
-0.012573 0.015747 -0.124878 -0.024446 0.030617 -0.242799
0.043457 0.060425 -0.162598 0.084493 0.117483 -0.316137
0.055542 0.067749 -0.187500 0.107990 0.131724 -0.364555
