0.303955 0.077637 -0.145264 0.590977 0.150948 -0.282435
0.341431 0.101929 -0.216431 0.663841 0.198179 -0.420804
0.302490 0.028320 -0.148438 0.588129 0.055063 -0.288606
0.200806 -0.160400 -0.082886 0.390425 -0.311865 -0.161154
-0.069214 -0.501099 -0.041748 -0.134572 -0.974282 -0.081170
-0.197266 -0.455811 -0.040405 -0.383542 -0.886229 -0.078560
-0.207153 -0.190186 0.057739 -0.402766 -0.369776 0.112262
-0.182007 -0.112061 0.149658 -0.353874 -0.217878 0.290979
-0.035400 -0.061401 0.125977 -0.068829 -0.119382 0.244935
0.079224 -0.122070 0.010376 0.154034 -0.237340 0.020174
0.179199 -0.209839 -0.157227 0.348416 -0.407988 -0.305694
0.349243 -0.185913 -0.257446 0.679031 -0.361469 -0.500551
0.448975 -0.180786 -0.323120 0.872938 -0.351501 -0.628240
0.464722 -0.109619 -0.451050 0.903554 -0.213132 -0.876972
0.490112 -0.103760 -0.614380 0.952921 -0.201739 -1.194534
0.487549 -0.140991 -0.823975 0.947937 -0.274128 -1.602047
0.444580 -0.245850 -1.004028 0.864393 -0.478003 -1.952124
0.387573 -0.187988 -1.079956 0.753555 -0.365504 -2.099750
0.270386 -0.025391 -0.954224 0.525709 -0.049367 -1.855289
0.077393 -0.015015 -0.841797 0.150474 -0.029193 -1.636699
-0.211060 -0.024414 -0.805054 -0.410361 -0.047468 -1.565259
-0.435791 0.002075 -0.758179 -0.847305 0.004035 -1.474120
-0.526611 -0.001587 -0.671143 -1.023886 -0.003085 -1.304897
-0.647827 0.068970 -0.613159 -1.259565 0.134097 -1.192160
-0.837036 0.163940 -0.529053 -1.627442 0.318748 -1.028633
-1.067139 0.157227 -0.429321 -2.074829 0.305694 -0.834726
-1.185913 0.088867 -0.271851 -2.305761 0.172784 -0.528557
-1.269653 0.103516 -0.035645 -2.468576 0.201265 -0.069303
-1.355957 -0.069336 0.246460 -2.636376 -0.134809 0.479190
-1.313110 -0.205688 0.573853 -2.553069 -0.399918 1.115737
-1.118408 -0.173950 0.758057 -2.174512 -0.338210 1.473883
-0.789185 -0.260376 0.849121 -1.534405 -0.506247 1.650939
-0.403931 -0.279663 0.915649 -0.785359 -0.543747 1.780290
-0.001709 -0.245361 0.884766 -0.003323 -0.477054 1.720242
0.335693 -0.356323 0.798584 0.652686 -0.692796 1.552680
0.604858 -0.113281 0.768066 1.176021 -0.220252 1.493345
0.886841 -0.045776 0.341431 1.724277 -0.089003 0.663841
1.053223 -0.208130 0.070435 2.047772 -0.404665 0.136945
1.017700 -0.273560 0.144043 1.978706 -0.531880 0.280062
0.921265 -0.309448 0.287842 1.791207 -0.601658 0.559648
0.898682 -0.317017 0.273926 1.747299 -0.616373 0.532592
0.905151 -0.298218 0.116577 1.759878 -0.579822 0.226660
0.922974 -0.277954 -0.094849 1.794530 -0.540424 -0.184413
0.902588 -0.162231 -0.352539 1.754894 -0.315425 -0.685439
0.881958 -0.117188 -0.605469 1.714784 -0.227847 -1.177208
0.929199 -0.132446 -0.777832 1.806634 -0.257514 -1.512332
0.948853 -0.212769 -0.870117 1.844846 -0.413684 -1.691761
0.864258 -0.214355 -0.930176 1.680369 -0.416770 -1.808533
0.605347 -0.099854 -0.908203 1.176970 -0.194144 -1.765812
0.322754 0.034424 -0.867065 0.627528 0.066930 -1.685828
0.049805 0.101685 -0.873535 0.096835 0.197704 -1.698407
-0.239624 0.134033 -0.891235 -0.465899 0.260600 -1.732821
-0.356201 0.090820 -0.796631 -0.692559 0.176581 -1.548883
-0.392944 0.046875 -0.712280 -0.763998 0.091139 -1.384881
-0.515869 0.062500 -0.617920 -1.003000 0.121518 -1.201416
-0.665527 0.073120 -0.458496 -1.293979 0.142167 -0.891450
-0.775269 0.137329 -0.179321 -1.507348 0.267008 -0.348653
-0.734863 0.313599 -0.040161 -1.428789 0.609727 -0.078085
-0.626831 0.345947 -0.050049 -1.218742 0.672622 -0.097310
-0.420898 0.138916 -0.086548 -0.818349 0.270093 -0.168274
-0.214111 -0.023071 -0.098999 -0.416295 -0.044857 -0.192483
-0.089355 -0.015991 -0.097412 -0.173733 -0.031092 -0.189398
-0.060547 0.003296 -0.062988 -0.117721 0.006408 -0.122468
-0.030273 0.061890 -0.070801 -0.058860 0.120332 -0.137657
0.020020 0.023682 -0.119019 0.038924 0.046044 -0.231407
0.077148 -0.009766 -0.118774 0.149999 -0.018987 -0.230932
0.067261 -0.000854 -0.085327 0.130774 -0.001661 -0.165901
0.049194 0.020508 -0.081177 0.095648 0.039873 -0.157831
0.026855 0.002930 -0.096558 0.052215 0.005696 -0.187736
0.024292 -0.002075 -0.073975 0.047231 -0.004035 -0.143828
0.014648 0.006592 -0.044434 0.028481 0.012816 -0.086392
-0.010376 0.000977 -0.030518 -0.020174 0.001899 -0.059335
0.011719 0.037598 -0.039917 0.022785 0.073101 -0.077610
-0.001221 0.008179 -0.080566 -0.002373 0.015902 -0.156645
0.000610 -0.012939 -0.089111 0.001187 -0.025158 -0.173258
-0.000244 -0.013184 -0.077148 -0.000475 -0.025633 -0.149999
-0.023560 -0.009033 -0.086060 -0.045807 -0.017563 -0.167325
-0.050415 -0.007446 -0.115967 -0.098022 -0.014478 -0.225473
-0.066406 0.017578 -0.107666 -0.129113 0.034177 -0.209334
-0.094116 0.033691 -0.083618 -0.182989 0.065506 -0.162578
