0.026855 -0.238525 -0.050049 0.052215 -0.463763 -0.097310
0.130005 -0.189209 -0.019653 0.252767 -0.367877 -0.038212
0.173950 -0.149414 0.081055 0.338210 -0.290505 0.157594
0.341919 -0.208130 0.199585 0.664790 -0.404665 0.388051
0.506714 -0.113037 0.262695 0.985200 -0.219777 0.510756
0.720215 0.043701 0.242065 1.400308 0.084968 0.470646
0.832397 0.100586 0.016357 1.618423 0.195568 0.031804
0.976074 0.092041 -0.316528 1.897773 0.178955 -0.615423
1.124146 0.049927 -0.494751 2.185667 0.097072 -0.961940
1.122070 0.064087 -0.560303 2.181632 0.124604 -1.089392
1.018921 0.113647 -0.592041 1.981079 0.220964 -1.151100
0.919189 0.092651 -0.621338 1.787172 0.180141 -1.208062
0.736938 -0.091675 -0.675781 1.432823 -0.178243 -1.313916
0.537354 -0.141235 -0.679321 1.044772 -0.274603 -1.320799
0.400269 -0.201416 -0.668579 0.778239 -0.391611 -1.299913
0.237915 -0.312622 -0.687012 0.462576 -0.607828 -1.335751
-0.003418 -0.316162 -0.721680 -0.006646 -0.614711 -1.403156
-0.253052 -0.138062 -0.752930 -0.492006 -0.268432 -1.463915
-0.516357 0.058838 -0.748169 -1.003949 0.114398 -1.454659
-0.805420 0.114136 -0.755249 -1.565971 0.221913 -1.468424
-1.120972 0.065186 -0.722046 -2.179496 0.126740 -1.403868
-1.302002 -0.012939 -0.631836 -2.531471 -0.025158 -1.228473
-1.323730 -0.170776 -0.479370 -2.573718 -0.332039 -0.932035
-1.238525 -0.281128 -0.332764 -2.408055 -0.546595 -0.646990
-1.308594 -0.302734 -0.268555 -2.544288 -0.588604 -0.522149
-1.170654 -0.362915 -0.167114 -2.276093 -0.705613 -0.324919
-0.961670 -0.483521 0.184692 -1.869767 -0.940105 0.359096
-0.588379 -0.698364 0.742065 -1.143980 -1.357824 1.442792
-0.393799 -0.799927 0.993774 -0.765660 -1.555291 1.932187
-0.264526 -0.598267 0.898682 -0.514316 -1.163205 1.747299
0.250000 -0.605469 0.775391 0.486073 -1.177208 1.507586
0.601929 -0.622070 0.836304 1.170325 -1.209486 1.626018
0.726807 -0.508057 0.901733 1.413124 -0.987810 1.753233
0.827759 -0.302246 0.690308 1.609404 -0.587655 1.342159
0.887451 -0.042236 0.299438 1.725464 -0.082120 0.582196
0.960571 0.106201 0.037598 1.867631 0.206486 0.073101
1.081909 0.149536 -0.087158 2.103547 0.290742 -0.169461
1.042358 0.190674 -0.217529 2.026649 0.370726 -0.422940
0.907959 0.218872 -0.335938 1.765337 0.425551 -0.653160
0.761108 0.305542 -0.405029 1.479817 0.594063 -0.787495
0.608887 0.492920 -0.507446 1.183853 0.958380 -0.986624
0.513794 0.557373 -0.609863 0.998965 1.083696 -1.185752
0.484375 0.506592 -0.686523 0.941766 0.984962 -1.334802
0.435913 0.465454 -0.751221 0.847542 0.904979 -1.460592
0.389038 0.477295 -0.799316 0.756404 0.928001 -1.554104
0.345215 0.523193 -0.894531 0.671198 1.017240 -1.739230
0.292847 0.594849 -0.985352 0.569379 1.156559 -1.915811
0.235718 0.697998 -1.032715 0.458304 1.357112 -2.007899
0.187134 0.702515 -1.112305 0.363843 1.365893 -2.162645
0.121948 0.641602 -1.216919 0.237103 1.247460 -2.366045
0.011353 0.447144 -1.261108 0.022073 0.869377 -2.451962
-0.138794 0.324951 -1.192749 -0.269856 0.631800 -2.319052
-0.251953 0.250977 -1.022583 -0.489870 0.487972 -1.988200
-0.363403 0.149048 -0.882813 -0.706562 0.289792 -1.716445
-0.414429 0.216797 -0.780396 -0.805770 0.421516 -1.517316
-0.465698 -0.034180 -0.625244 -0.905453 -0.066455 -1.215657
-0.412476 -0.338623 -0.361694 -0.801973 -0.658382 -0.703239
-0.348145 -0.202026 -0.055420 -0.676894 -0.392798 -0.107752
-0.339966 -0.013184 0.088745 -0.660993 -0.025633 0.172546
-0.201538 0.114136 -0.002686 -0.391849 0.221913 -0.005221
0.011841 -0.002563 -0.127930 0.023022 -0.004984 -0.248733
0.139160 -0.115234 -0.138062 0.270568 -0.224049 -0.268432
0.186279 -0.086548 -0.067871 0.362181 -0.168274 -0.131961
0.079346 -0.075073 -0.025024 0.154271 -0.145964 -0.048655
-0.034058 0.001099 -0.002686 -0.066218 0.002136 -0.005221
-0.036499 0.016357 0.011719 -0.070965 0.031804 0.022785
-0.013672 0.058472 0.016113 -0.026582 0.113686 0.031329
-0.021973 -0.000488 -0.011230 -0.042721 -0.000949 -0.021835
-0.025513 -0.024780 -0.013306 -0.049604 -0.048180 -0.025870
-0.050537 -0.030762 0.026001 -0.098259 -0.059810 0.050553
-0.099609 -0.049927 0.064087 -0.193670 -0.097072 0.124604
-0.136597 -0.094604 0.074707 -0.265584 -0.183939 0.145252
-0.129395 -0.104248 0.047485 -0.251581 -0.202689 0.092325
-0.080078 -0.033813 0.019287 -0.155695 -0.065743 0.037500
-0.021851 0.003052 0.041504 -0.042484 0.005934 0.080696
0.006836 -0.005737 0.065674 0.013291 -0.011155 0.127689
0.019165 -0.036987 0.075806 0.037262 -0.071914 0.147388
0.003906 -0.063721 0.051758 0.007595 -0.123892 0.100632
-0.021973 -0.082275 0.010132 -0.042721 -0.159967 0.019699
-0.051758 -0.094604 0.008545 -0.100632 -0.183939 0.016614
