0.041626 -0.037476 -0.146973 0.080933 -0.072863 -0.285758
0.005371 -0.002930 -0.090454 0.010443 -0.005696 -0.175869
-0.010132 0.080933 -0.052490 -0.019699 0.157357 -0.102056
-0.076904 0.077759 -0.057617 -0.149524 0.151186 -0.112025
-0.093628 0.040894 -0.066284 -0.182040 0.079509 -0.128876
-0.088989 0.026855 -0.085083 -0.173021 0.052215 -0.165426
-0.116089 -0.043823 -0.075562 -0.225711 -0.085205 -0.146914
-0.145020 0.186279 0.114624 -0.281960 0.362181 0.222863
-0.307861 0.012207 0.138428 -0.598572 0.023734 0.269144
-0.237061 -0.131958 0.125122 -0.460915 -0.256565 0.243274
-0.015503 -0.220703 0.129639 -0.030142 -0.429111 0.252055
0.176147 -0.246948 0.072754 0.342482 -0.480139 0.141455
0.306519 -0.325439 -0.020874 0.595961 -0.632749 -0.040585
0.466675 -0.323486 -0.119141 0.907352 -0.628952 -0.231644
0.564453 -0.236816 -0.252075 1.097461 -0.460440 -0.490108
0.633179 -0.145142 -0.385132 1.231084 -0.282198 -0.748809
0.651855 -0.067749 -0.546143 1.267397 -0.131724 -1.061860
0.573486 -0.109131 -0.723145 1.115025 -0.212182 -1.406004
0.475342 -0.062988 -0.841553 0.924203 -0.122468 -1.636224
0.346191 -0.072021 -0.913696 0.673097 -0.140031 -1.776492
0.156006 0.005615 -0.919922 0.303321 0.010918 -1.788596
-0.077881 0.193726 -0.876587 -0.151423 0.376659 -1.704341
-0.315674 0.264404 -0.839844 -0.613762 0.514079 -1.632901
-0.574951 0.288208 -0.833496 -1.117873 0.560360 -1.620559
-0.820190 0.206543 -0.825806 -1.594689 0.401580 -1.605607
-1.040771 0.055908 -0.769775 -2.023563 0.108702 -1.496668
-1.296875 0.003784 -0.607544 -2.521503 0.007358 -1.181243
-1.629395 -0.018555 -0.429565 -3.168018 -0.036076 -0.835200
-1.831543 -0.125122 -0.124756 -3.561054 -0.243274 -0.242562
-1.435425 -0.305176 0.144897 -2.790884 -0.593351 0.281723
-1.169556 -0.380615 0.410400 -2.273957 -0.740027 0.797938
-0.919556 -0.483276 0.621826 -1.787884 -0.939630 1.209011
-0.672852 -0.635498 0.836182 -1.308220 -1.235594 1.625781
-0.183716 -0.802979 0.993286 -0.357197 -1.561224 1.931238
0.443237 -0.904541 1.141235 0.861783 -1.758692 2.218894
0.744751 -0.778564 1.117065 1.448013 -1.513756 2.171901
0.831055 -0.568848 0.855469 1.615813 -1.106006 1.663281
0.800171 -0.368896 0.605835 1.555766 -0.717242 1.177920
0.917236 -0.338867 0.426636 1.783375 -0.658857 0.829504
1.140015 -0.355957 0.285889 2.216521 -0.692084 0.555851
1.219727 -0.408203 0.114014 2.371504 -0.793666 0.221676
1.154053 -0.234375 -0.135254 2.243815 -0.455693 -0.262973
1.000000 0.002319 -0.319580 1.944292 0.004509 -0.621357
0.894287 0.063232 -0.463867 1.738755 0.122942 -0.901893
0.825317 0.117554 -0.584473 1.604658 0.228559 -1.136385
0.704590 0.117432 -0.673828 1.369928 0.228321 -1.310118
0.578857 0.174927 -0.741699 1.125468 0.340109 -1.442080
0.438232 0.393921 -0.804688 0.852052 0.765897 -1.564547
0.270020 0.506226 -0.850708 0.524997 0.984250 -1.654024
0.151733 0.517334 -0.856934 0.295014 1.005848 -1.666129
0.065674 0.569092 -0.860962 0.127689 1.106480 -1.673961
-0.034790 0.551270 -0.864258 -0.067642 1.071829 -1.680369
-0.143433 0.574585 -0.778198 -0.278875 1.117161 -1.513044
-0.219849 0.570801 -0.655151 -0.427450 1.109803 -1.273805
-0.246338 0.543091 -0.607422 -0.478953 1.055927 -1.181005
-0.312256 0.465454 -0.586548 -0.607116 0.904979 -1.140420
-0.328491 0.410278 -0.510376 -0.638683 0.797701 -0.992320
-0.370850 0.335693 -0.432739 -0.721040 0.652686 -0.841371
-0.432373 0.280884 -0.338745 -0.840659 0.546120 -0.658619
-0.431274 0.241699 -0.210571 -0.838523 0.469934 -0.409412
-0.389404 0.258667 -0.136841 -0.757115 0.502924 -0.266058
-0.328003 0.211182 -0.118896 -0.637733 0.410599 -0.231169
-0.239380 0.150024 -0.139526 -0.465424 0.291691 -0.271280
-0.129150 0.139526 -0.161499 -0.251106 0.271280 -0.314001
-0.066406 0.091675 -0.170654 -0.129113 0.178243 -0.331802
-0.056885 0.029053 -0.151123 -0.110601 0.056487 -0.293827
-0.048218 0.007935 -0.088623 -0.093749 0.015427 -0.172309
-0.037109 0.033081 -0.032471 -0.072151 0.064319 -0.063133
-0.004150 0.047119 -0.032227 -0.008070 0.091613 -0.062658
-0.003662 0.062866 -0.093628 -0.007120 0.122230 -0.182040
0.006958 0.079956 -0.127686 0.013528 0.155458 -0.248258
0.036377 0.057739 -0.137207 0.070727 0.112262 -0.266770
0.040527 0.041138 -0.131226 0.078797 0.079984 -0.255141
0.027832 0.022827 -0.102173 0.054114 0.044383 -0.198654
0.012085 0.002441 -0.076050 0.023497 0.004747 -0.147863
-0.021851 0.008057 -0.069214 -0.042484 0.015664 -0.134572
-0.036621 0.019531 -0.074829 -0.071202 0.037974 -0.145490
-0.033081 0.014282 -0.093018 -0.064319 0.027769 -0.180853
-0.030029 0.025269 -0.121216 -0.058386 0.049129 -0.235679
-0.019165 0.006714 -0.156006 -0.037262 0.013054 -0.303321
