-0.120117 -0.348999 -0.009644 -0.233543 -0.678556 -0.018750
0.127808 -0.433228 0.070190 0.248495 -0.842321 0.136471
0.308716 -0.408936 0.169800 0.600234 -0.795090 0.330140
0.429810 -0.442993 0.218262 0.835675 -0.861308 0.424364
0.661255 -0.270752 0.358643 1.285672 -0.526421 0.697306
0.843384 -0.032104 0.306519 1.639784 -0.062420 0.595961
0.921875 -0.202271 -0.032715 1.792394 -0.393273 -0.063607
0.949951 -0.340576 -0.317993 1.846982 -0.662179 -0.618271
1.044189 -0.211914 -0.395874 2.030209 -0.412023 -0.769695
0.957397 -0.006592 -0.410889 1.861460 -0.012816 -0.798887
0.869385 0.011353 -0.505493 1.690338 0.022073 -0.982826
0.864014 0.051758 -0.647217 1.679895 0.100632 -1.258378
0.777100 -0.015747 -0.795166 1.510908 -0.030617 -1.546035
0.673218 -0.051636 -0.847412 1.308932 -0.100395 -1.647616
0.573975 0.025024 -0.842041 1.115974 0.048655 -1.637173
0.308472 0.040771 -0.875000 0.599759 0.079272 -1.701255
-0.090210 0.058472 -0.904541 -0.175394 0.113686 -1.758692
-0.401367 0.177734 -0.888672 -0.780375 0.345567 -1.727837
-0.667358 0.233521 -0.880615 -1.297539 0.454032 -1.712173
-0.928589 0.197754 -0.887695 -1.805448 0.384491 -1.725939
-1.148315 0.224854 -0.857178 -2.232660 0.437181 -1.666603
-1.266846 0.308228 -0.775757 -2.463117 0.599284 -1.508298
-1.300415 0.276367 -0.724365 -2.528386 0.537338 -1.408377
-1.323730 0.182861 -0.708008 -2.573718 0.355536 -1.376574
-1.387207 0.112793 -0.785522 -2.697135 0.219302 -1.527285
-0.942139 -0.127197 -0.718384 -1.831792 -0.247309 -1.396748
-0.502808 -0.673828 0.073975 -0.977605 -1.310118 0.143828
-0.379028 -0.727539 0.989136 -0.736942 -1.414548 1.923168
-0.312378 -0.603882 1.189331 -0.607354 -1.174122 2.312406
-0.057739 -0.514893 1.021606 -0.112262 -1.001101 1.986301
0.233276 -0.493286 1.070190 0.453557 -0.959092 2.080762
0.416382 -0.474121 1.122559 0.809568 -0.921830 2.182581
0.517822 -0.454712 1.068359 1.006797 -0.884093 2.077202
0.618164 -0.264160 0.904663 1.201891 -0.513604 1.758929
0.782959 -0.113647 0.625610 1.522301 -0.220964 1.216369
0.969482 -0.093872 0.325439 1.884957 -0.182515 0.632749
1.052490 -0.085693 0.096191 2.046348 -0.166613 0.187024
0.960815 0.048218 -0.147095 1.868105 0.093749 -0.285995
0.797485 0.196045 -0.339111 1.550544 0.381168 -0.659331
0.719116 0.276367 -0.482544 1.398172 0.537338 -0.938206
0.653809 0.305542 -0.603149 1.271195 0.594063 -1.172698
0.649292 0.340454 -0.685547 1.262413 0.661942 -1.332903
0.575439 0.405273 -0.795898 1.118822 0.787970 -1.547459
0.481079 0.502441 -0.869507 0.935358 0.976893 -1.690575
0.418091 0.595093 -0.898438 0.812890 1.157034 -1.746825
0.404785 0.568359 -0.916870 0.787020 1.105056 -1.782663
0.318359 0.507935 -1.056152 0.618983 0.987573 -2.053468
0.110107 0.385132 -1.159180 0.214081 0.748809 -2.253783
-0.089355 0.208252 -1.110107 -0.173733 0.404903 -2.158373
-0.231689 0.107056 -0.971069 -0.450472 0.208147 -1.888042
-0.384399 0.048950 -0.721558 -0.747385 0.095173 -1.402918
-0.433350 0.002930 -0.305542 -0.842558 0.005696 -0.594063
-0.387451 0.189087 -0.025635 -0.753318 0.367640 -0.049841
-0.445190 0.261597 -0.078613 -0.865580 0.508620 -0.152847
-0.412231 0.234619 -0.198975 -0.801498 0.456168 -0.386865
-0.236694 -0.011719 -0.308472 -0.460203 -0.022785 -0.599759
0.084351 -0.227051 -0.348999 0.164002 -0.441453 -0.678556
0.248901 -0.219971 -0.262451 0.483937 -0.427687 -0.510282
0.212036 -0.215210 -0.217407 0.412260 -0.418431 -0.422703
0.126953 -0.177734 -0.158203 0.246834 -0.345567 -0.307593
0.039795 -0.106323 -0.068115 0.077373 -0.206723 -0.132436
-0.033325 -0.009766 -0.010010 -0.064794 -0.018987 -0.019462
-0.095459 -0.020996 -0.005127 -0.185600 -0.040823 -0.009968
-0.090698 0.018799 0.009399 -0.176344 0.036550 0.018275
-0.126709 0.041260 -0.007935 -0.246359 0.080221 -0.015427
-0.113159 0.027344 -0.064819 -0.220014 0.053164 -0.126028
-0.042358 0.026367 -0.087402 -0.082357 0.051266 -0.169936
-0.033691 0.002319 -0.085938 -0.065506 0.004509 -0.167088
-0.077515 -0.023193 -0.052856 -0.150711 -0.045095 -0.102768
-0.124756 -0.024780 -0.013428 -0.242562 -0.048180 -0.026107
-0.139282 0.001343 0.016602 -0.270805 0.002611 0.032278
-0.136108 0.034790 0.008423 -0.264634 0.067642 0.016376
-0.114258 0.073975 -0.018555 -0.222151 0.143828 -0.036076
-0.065552 0.065063 -0.052734 -0.127452 0.126502 -0.102531
-0.008301 0.062378 -0.087769 -0.016139 0.121281 -0.170648
0.028687 0.012939 -0.128906 0.055775 0.025158 -0.250631
0.041748 -0.023071 -0.124756 0.081170 -0.044857 -0.242562
0.019287 -0.048462 -0.089966 0.037500 -0.094224 -0.174920
-0.018433 -0.060791 -0.047852 -0.035838 -0.118195 -0.093037
-0.067139 -0.049805 -0.029785 -0.130537 -0.096835 -0.057911
