-0.303955 0.061768 0.274658 -0.590977 0.120094 0.534016
-0.155151 -0.107544 0.434570 -0.301659 -0.209097 0.844931
-0.225220 -0.558960 0.404785 -0.437893 -1.086781 0.787020
-0.253784 -0.515869 0.379639 -0.493430 -1.003000 0.738128
-0.083374 -0.519531 0.346802 -0.162103 -1.010120 0.674284
0.068359 -0.697510 0.224365 0.132911 -1.356162 0.436231
0.229492 -0.458740 0.319702 0.446200 -0.891925 0.621594
0.481812 -0.350830 0.291748 0.936782 -0.682116 0.567243
0.663574 -0.066528 0.273315 1.290182 -0.129350 0.531405
0.807861 0.108398 0.180420 1.570718 0.210758 0.350789
0.920410 -0.005615 -0.001587 1.789546 -0.010918 -0.003085
0.953369 -0.187500 -0.250854 1.853628 -0.364555 -0.487734
0.890625 -0.135498 -0.473511 1.731635 -0.263448 -0.920643
0.851685 0.056396 -0.639771 1.655923 0.109651 -1.243900
0.822021 0.121582 -0.843628 1.598249 0.236391 -1.640259
0.774902 0.019409 -1.092896 1.506636 0.037737 -2.124907
0.736694 -0.192993 -1.252197 1.432349 -0.375235 -2.434637
0.674927 -0.408325 -1.358154 1.312254 -0.793903 -2.640648
0.567139 -0.449341 -1.442017 1.102683 -0.873650 -2.803701
0.441284 -0.416870 -1.497559 0.857985 -0.810517 -2.911691
0.211426 -0.494385 -1.447876 0.411073 -0.961228 -2.815093
-0.121948 -0.438599 -1.318115 -0.237103 -0.852764 -2.562800
-0.531250 -0.173462 -1.185913 -1.032905 -0.337261 -2.305761
-0.957153 0.066040 -0.983521 -1.860985 0.128401 -1.912251
-1.272705 0.110840 -0.797729 -2.474510 0.215505 -1.551019
-1.461426 -0.026123 -0.667480 -2.841438 -0.050791 -1.297777
-1.665771 -0.201294 -0.439941 -3.238745 -0.391374 -0.855374
-1.866821 -0.122925 -0.134399 -3.629645 -0.239002 -0.261312
-1.883179 0.115479 0.124146 -3.661448 0.224524 0.241375
-1.597778 0.093140 0.374023 -3.106547 0.181091 0.727211
-1.184937 -0.183838 0.621460 -2.303862 -0.357434 1.208299
-0.988892 -0.302734 0.944214 -1.922694 -0.588604 1.835827
-0.801514 -0.313721 1.289673 -1.558376 -0.609965 2.507500
-0.464722 -0.291626 1.575684 -0.903554 -0.567006 3.063588
0.036621 -0.404785 1.637573 0.071202 -0.787020 3.183920
0.553345 -0.487915 1.521118 1.075863 -0.948649 2.957497
1.008667 -0.438721 1.212280 1.961143 -0.853001 2.357026
1.191528 -0.415405 0.742798 2.316679 -0.807669 1.444216
1.191406 -0.486938 0.467285 2.316441 -0.946750 0.908539
1.265625 -0.600464 0.284912 2.460744 -1.167477 0.553952
1.400024 -0.571899 0.014771 2.722056 -1.111939 0.028718
1.405273 -0.474121 -0.246704 2.732261 -0.921830 -0.479665
1.249023 -0.367432 -0.421265 2.428466 -0.714394 -0.819061
0.985474 -0.179077 -0.563232 1.916048 -0.348178 -1.095088
0.714722 -0.037231 -0.664307 1.389627 -0.072389 -1.291606
0.595215 -0.072144 -0.748901 1.157271 -0.140268 -1.456083
0.556885 -0.203613 -0.854492 1.082746 -0.395884 -1.661382
0.457886 -0.270508 -0.929321 0.890263 -0.525946 -1.806872
0.339722 -0.200928 -0.956421 0.660518 -0.390662 -1.859561
0.180786 -0.057861 -1.031128 0.351501 -0.112499 -2.004813
0.029785 0.039307 -1.052734 0.057911 0.076424 -2.046823
-0.105591 0.068237 -0.979858 -0.205299 0.132673 -1.905131
-0.277954 0.095093 -0.864380 -0.540424 0.184888 -1.680607
-0.439697 0.026978 -0.675659 -0.854900 0.052452 -1.313679
-0.356934 -0.180420 -0.480591 -0.693983 -0.350789 -0.934409
-0.128906 -0.460449 -0.339722 -0.250631 -0.895248 -0.660518
0.009399 -0.510742 -0.244629 0.018275 -0.993032 -0.475630
-0.079224 -0.315430 -0.128906 -0.154034 -0.613287 -0.250631
-0.252930 -0.139648 0.051392 -0.491769 -0.271517 0.099920
-0.335083 0.033936 0.154907 -0.651499 0.065981 0.301185
-0.370605 0.220947 0.191650 -0.720565 0.429586 0.372624
-0.330200 0.243164 0.177856 -0.642005 0.472782 0.345805
-0.264160 0.168579 0.101807 -0.513604 0.327767 0.197942
-0.169800 0.072510 -0.053711 -0.330140 0.140980 -0.104430
-0.057373 -0.055542 -0.194458 -0.111550 -0.107990 -0.378083
-0.001709 -0.070679 -0.207031 -0.003323 -0.137420 -0.402529
-0.025513 -0.006226 -0.168213 -0.049604 -0.012104 -0.327055
-0.063843 0.015625 -0.122925 -0.124129 0.030380 -0.239002
-0.037720 0.053589 -0.090332 -0.073338 0.104192 -0.175632
-0.019165 0.044800 -0.053589 -0.037262 0.087104 -0.104192
-0.021118 0.032349 -0.041870 -0.041060 0.062895 -0.081408
-0.043091 0.054443 -0.048950 -0.083781 0.105854 -0.095173
-0.036743 0.037720 -0.058838 -0.071439 0.073338 -0.114398
-0.051392 0.007202 -0.083984 -0.099920 0.014003 -0.163290
-0.082886 0.013428 -0.095825 -0.161154 0.026107 -0.186312
-0.118530 0.077026 -0.072266 -0.230457 0.149762 -0.140505
-0.114990 0.120483 -0.052490 -0.223575 0.234255 -0.102056
-0.096558 0.123413 -0.052856 -0.187736 0.239951 -0.102768
-0.094360 0.068359 -0.090576 -0.183464 0.132911 -0.176106
-0.083008 -0.013428 -0.113647 -0.161391 -0.026107 -0.220964
