-0.308228 0.300171 0.318970 -0.599284 0.583620 0.620170
-0.053589 -0.114990 0.250854 -0.104192 -0.223575 0.487734
-0.013794 -0.297607 0.250000 -0.026819 -0.578636 0.486073
-0.032227 -0.229248 0.213013 -0.062658 -0.445725 0.414159
0.197266 -0.249146 0.193970 0.383542 -0.484412 0.377134
0.757935 -0.226318 0.119751 1.473646 -0.440029 0.232831
1.093750 -0.211426 -0.178589 2.126569 -0.411073 -0.347229
1.112305 -0.231689 -0.443481 2.162645 -0.450472 -0.862257
1.027710 -0.170288 -0.604614 1.998168 -0.331090 -1.175546
0.918335 -0.056396 -0.652588 1.785511 -0.109651 -1.268821
0.878296 0.106201 -0.622925 1.707663 0.206486 -1.211147
0.834106 0.232422 -0.601685 1.621746 0.451896 -1.169850
0.730957 0.152588 -0.669556 1.421194 0.296675 -1.301811
0.605347 0.095703 -0.734863 1.176970 0.186075 -1.428789
0.479858 0.042358 -0.744751 0.932985 0.082357 -1.448013
0.322266 0.018677 -0.710083 0.626578 0.036313 -1.380608
-0.019775 -0.523438 -0.957886 -0.038449 -1.017715 -1.862409
-0.126709 -0.189941 -0.935791 -0.246359 -0.369301 -1.819451
-0.376221 0.137451 -0.729248 -0.731483 0.267245 -1.417871
-0.741821 0.115356 -0.677246 -1.442317 0.224287 -1.316764
-0.997803 0.045898 -0.564453 -1.940019 0.089240 -1.097461
-1.096069 -0.035156 -0.449585 -2.131078 -0.068354 -0.874124
-1.161133 -0.013794 -0.367676 -2.257581 -0.026819 -0.714869
-1.392212 0.105713 -0.292603 -2.706866 0.205537 -0.568905
-1.684570 0.213013 -0.221680 -3.275296 0.414159 -0.431010
-1.724121 0.220337 0.027100 -3.352194 0.428399 0.052690
-1.532959 0.063354 0.393677 -2.980519 0.123180 0.765422
-1.127319 -0.251465 0.597656 -2.191838 -0.488921 1.162018
-0.933594 -0.463379 0.805420 -1.815179 -0.900944 1.565971
-0.547852 -0.578003 1.003906 -1.065183 -1.123806 1.951887
-0.117432 -0.687012 1.108521 -0.228321 -1.335751 2.155287
0.402588 -0.647339 1.029785 0.782748 -1.258615 2.002203
0.687988 -0.524414 0.726685 1.337650 -1.019614 1.412887
0.913452 -0.387329 0.471069 1.776017 -0.753081 0.915896
0.970215 -0.217041 0.308716 1.886381 -0.421991 0.600234
1.100464 -0.190552 0.175659 2.139623 -0.370488 0.341533
1.259888 -0.272461 0.008911 2.449589 -0.529743 0.017326
1.306763 -0.386963 -0.180542 2.540728 -0.752369 -0.351026
1.245117 -0.292725 -0.370117 2.420871 -0.569142 -0.719616
1.001587 -0.072388 -0.515381 1.947377 -0.140743 -1.002051
0.803101 0.143311 -0.579468 1.561462 0.278637 -1.126654
0.755249 0.166626 -0.658936 1.468424 0.323969 -1.281163
0.761719 0.125977 -0.810913 1.481003 0.244935 -1.576651
0.691284 0.129639 -0.967407 1.344058 0.252055 -1.880922
0.585083 0.085327 -1.023804 1.137572 0.165901 -1.990573
0.409912 0.077759 -0.994629 0.796989 0.151186 -1.933849
0.150635 0.159912 -0.940796 0.292878 0.310916 -1.829182
-0.094238 0.307617 -0.853760 -0.183227 0.598098 -1.659958
-0.244873 0.297241 -0.775391 -0.476105 0.577924 -1.507586
-0.328735 0.294800 -0.705933 -0.639157 0.573177 -1.372539
-0.433594 0.362793 -0.654053 -0.843033 0.705375 -1.271669
-0.548340 0.411987 -0.544800 -1.066133 0.801023 -1.059250
-0.567383 0.418945 -0.361694 -1.103158 0.814552 -0.703239
-0.468384 0.346436 -0.239990 -0.910675 0.673572 -0.466611
-0.318970 0.139282 -0.225830 -0.620170 0.270805 -0.439080
-0.180786 0.024414 -0.239868 -0.351501 0.047468 -0.466374
-0.087891 0.033203 -0.222656 -0.170885 0.064557 -0.432909
-0.064209 0.019897 -0.178589 -0.124841 0.038686 -0.347229
-0.046753 0.019165 -0.095825 -0.090901 0.037262 -0.186312
-0.026733 0.051147 -0.042969 -0.051978 0.099446 -0.083544
-0.005371 0.040894 -0.046997 -0.010443 0.079509 -0.091376
0.050659 0.025391 -0.031006 0.098496 0.049367 -0.060284
0.091797 -0.037842 -0.038086 0.178480 -0.073575 -0.074050
0.072632 -0.048584 -0.074829 0.141217 -0.094461 -0.145490
-0.002563 -0.024048 -0.090820 -0.004984 -0.046756 -0.176581
-0.015991 -0.050171 -0.082397 -0.031092 -0.097547 -0.160205
-0.017212 -0.021606 -0.082886 -0.033465 -0.042009 -0.161154
-0.042603 0.011963 -0.092407 -0.082832 0.023259 -0.179667
-0.045166 0.002930 -0.108643 -0.087816 0.005696 -0.211233
-0.018921 -0.009644 -0.104370 -0.036788 -0.018750 -0.202926
-0.051147 0.022705 -0.077271 -0.099446 0.044145 -0.150236
-0.101685 0.029663 -0.054932 -0.197704 0.057674 -0.106803
-0.104980 0.042725 -0.063477 -0.204113 0.083069 -0.123417
-0.081177 0.020264 -0.103516 -0.157831 0.039398 -0.201265
-0.044189 0.001831 -0.138794 -0.085917 0.003560 -0.269856
-0.031128 0.019775 -0.147339 -0.060522 0.038449 -0.286470
-0.037598 0.034790 -0.145874 -0.073101 0.067642 -0.283622
-0.041992 0.024414 -0.135986 -0.081645 0.047468 -0.264397
-0.052490 0.012939 -0.114624 -0.102056 0.025158 -0.222863
-0.056763 0.021362 -0.098633 -0.110363 0.041535 -0.191771
