-0.247681 -0.041748 -0.443848 -0.481563 -0.081170 -0.862969
0.120361 0.085327 -0.266113 0.234018 0.165901 -0.517402
0.066406 0.058228 -0.173462 0.129113 0.113211 -0.337261
-0.167725 -0.180054 -0.229126 -0.326106 -0.350077 -0.445488
-0.036865 -0.399170 -0.231201 -0.071677 -0.776103 -0.449522
0.491943 -0.681641 -0.289795 0.956481 -1.325308 -0.563446
0.916138 -0.979248 -0.172607 1.781239 -1.903944 -0.335599
1.158203 -1.106689 0.124634 2.251885 -2.151727 0.242324
1.141724 -1.034180 0.507690 2.219844 -2.010747 0.987098
0.941772 -0.793823 0.761841 1.831080 -1.543424 1.481241
0.664185 -0.606445 0.857910 1.291368 -1.179107 1.668028
0.337036 -0.614502 0.922729 0.655297 -1.194771 1.794055
0.080811 -0.616943 1.062500 0.157119 -1.199518 2.065810
-0.053833 -0.464966 1.312134 -0.104667 -0.904029 2.551171
-0.315918 -0.507568 1.348145 -0.614237 -0.986861 2.621186
-0.622803 -0.551636 0.898804 -1.210910 -1.072541 1.747537
-0.778809 -0.203369 0.827637 -1.514231 -0.395409 1.609167
-0.898926 -0.109131 0.915527 -1.747774 -0.212182 1.780052
-0.947754 -0.204590 1.158447 -1.842710 -0.397782 2.252359
-0.760986 0.516724 1.464478 -1.479579 1.004661 2.847371
-0.500610 0.839844 1.562744 -0.973333 1.632901 3.038430
-0.420898 0.852539 1.150024 -0.818349 1.657585 2.235983
-0.222168 0.557739 0.512939 -0.431959 1.084408 0.997304
0.187500 0.080322 0.467773 0.364555 0.156170 0.909488
0.777344 -0.268921 0.115723 1.511383 -0.522861 0.224999
1.114502 -0.213013 0.013550 2.166917 -0.414159 0.026345
1.374878 -0.091309 -0.114258 2.673164 -0.177531 -0.222151
1.632935 -0.020874 -0.376465 3.174901 -0.040585 -0.731957
1.665039 0.034424 -0.663208 3.237321 0.066930 -1.289470
1.648071 0.076050 -0.816895 3.204331 0.147863 -1.588281
1.399048 0.140137 -0.894165 2.720157 0.272467 -1.738518
1.114624 0.251099 -1.028931 2.167154 0.488209 -2.000541
0.884399 0.330078 -1.193115 1.719530 0.641768 -2.319764
0.684570 0.493896 -1.319702 1.331004 0.960279 -2.565886
0.489502 0.637085 -1.533325 0.951735 1.238679 -2.981231
0.307373 0.716919 -1.724609 0.597623 1.393899 -3.353143
0.107788 0.688843 -1.855469 0.209571 1.339311 -3.607572
0.050903 0.489746 -1.971436 0.098971 0.952209 -3.833045
-0.051636 0.333374 -2.041138 -0.100395 0.648176 -3.968567
-0.400513 0.400391 -1.864258 -0.778713 0.778476 -3.624661
-0.842407 0.557495 -1.465088 -1.637885 1.083933 -2.848558
-0.950073 0.783447 -0.936646 -1.847219 1.523250 -1.821112
-0.813354 0.933716 -0.435669 -1.581398 1.815416 -0.847067
-0.664673 0.775269 0.046265 -1.292318 1.507348 0.089952
-0.507446 0.462524 0.062256 -0.986624 0.899282 0.121044
-0.358643 -0.081421 -0.280151 -0.697306 -0.158306 -0.544696
-0.066284 -0.574219 -0.415894 -0.128876 -1.116449 -0.808618
0.290771 -0.648438 -0.234131 0.565345 -1.260752 -0.455219
0.395508 -0.485840 -0.079712 0.768983 -0.944614 -0.154983
0.204102 -0.263184 -0.014282 0.396833 -0.511706 -0.027769
-0.065918 -0.116455 0.022095 -0.128164 -0.226423 0.042959
-0.166992 -0.073975 0.032349 -0.324682 -0.143828 0.062895
-0.067383 -0.098145 0.010010 -0.131012 -0.190822 0.019462
0.054443 -0.160400 -0.013428 0.105854 -0.311865 -0.026107
0.102417 -0.214355 -0.025513 0.199128 -0.416770 -0.049604
0.057617 -0.202271 -0.065552 0.112025 -0.393273 -0.127452
-0.057617 -0.165161 -0.082764 -0.112025 -0.321121 -0.160917
-0.156372 -0.092651 -0.058838 -0.304033 -0.180141 -0.114398
-0.195435 -0.016113 -0.013428 -0.379982 -0.031329 -0.026107
-0.184937 0.049927 0.001099 -0.359571 0.097072 0.002136
-0.151123 0.047241 -0.049561 -0.293827 0.091851 -0.096360
-0.149658 0.011719 -0.073608 -0.290979 0.022785 -0.143116
-0.171387 0.003418 -0.066406 -0.333226 0.006646 -0.129113
-0.203369 0.022339 -0.070435 -0.395409 0.043433 -0.136945
-0.208130 0.033081 -0.065918 -0.404665 0.064319 -0.128164
-0.174438 0.071167 -0.063477 -0.339159 0.138369 -0.123417
-0.140137 0.090576 -0.096924 -0.272467 0.176106 -0.188448
-0.183472 0.072144 -0.117065 -0.356722 0.140268 -0.227609
-0.148315 0.065552 -0.104980 -0.288368 0.127452 -0.204113
-0.141235 0.013306 -0.077515 -0.274603 0.025870 -0.150711
-0.111328 0.013550 0.034912 -0.216454 0.026345 0.067879
-0.045898 0.017090 0.028198 -0.089240 0.033228 0.054826
-0.014038 0.009766 -0.031372 -0.027294 0.018987 -0.060996
-0.023438 -0.013428 -0.025024 -0.045569 -0.026107 -0.048655
-0.043945 -0.007202 -0.006714 -0.085443 -0.014003 -0.013054
-0.059204 -0.007080 -0.015625 -0.115110 -0.013766 -0.030380
-0.048584 -0.008057 -0.045288 -0.094461 -0.015664 -0.088053
0.004883 0.010498 -0.066406 0.009494 0.020411 -0.129113
0.044312 0.005005 -0.080200 0.086155 0.009731 -0.155933
0.041626 -0.013306 -0.086304 0.080933 -0.025870 -0.167800
