-0.417358 -0.077271 -0.447510 -0.811466 -0.150236 -0.870089
-0.385132 -0.042480 -0.507813 -0.748809 -0.082594 -0.987336
-0.188354 0.020630 -0.372192 -0.366216 0.040111 -0.723651
-0.032593 0.090942 -0.290771 -0.063370 0.176819 -0.565345
0.004883 0.079224 -0.131958 0.009494 0.154034 -0.256565
0.111694 0.089600 0.218140 0.217166 0.174208 0.424127
0.354736 0.317139 0.588013 0.689711 0.616610 1.143268
0.640381 0.098999 0.401733 1.245087 0.192483 0.781087
0.861694 -0.490845 0.088745 1.675385 -0.954345 0.172546
1.104004 -0.688599 0.032593 2.146506 -1.338837 0.063370
1.256470 -0.542969 0.229370 2.442944 -1.055690 0.445962
1.227417 -0.481812 0.489502 2.386456 -0.936782 0.951735
1.095215 -0.576538 0.773315 2.129417 -1.120958 1.503551
0.830444 -0.753418 0.980713 1.614626 -1.464864 1.906792
0.651489 -1.005859 1.159424 1.266685 -1.955684 2.254258
0.361572 -1.132935 1.307983 0.703002 -2.202755 2.543101
-0.063110 -1.280884 1.397827 -0.122705 -2.490412 2.717784
-0.456055 -1.085327 1.655518 -0.886703 -2.110193 3.218809
-0.773438 -0.588867 1.771240 -1.503788 -1.144930 3.443808
-1.242554 -0.335938 1.895386 -2.415887 -0.653160 3.685183
-1.696533 -0.128906 2.042480 -3.298555 -0.250631 3.971178
-1.917480 0.522949 1.884521 -3.728141 1.016766 3.664059
-1.526001 1.030151 1.543457 -2.966991 2.002915 3.000931
-0.879150 0.843506 1.152588 -1.709325 1.640021 2.240967
-0.432373 0.238159 0.638184 -0.840659 0.463051 1.240815
0.093994 -0.004150 0.256226 0.182752 -0.008070 0.498177
0.758545 0.160767 0.112061 1.474833 0.312577 0.217878
1.126221 0.370605 -0.034546 2.189702 0.720565 -0.067167
1.135864 0.393188 -0.306763 2.208451 0.764473 -0.596436
1.168335 0.315674 -0.633301 2.271584 0.613762 -1.231321
1.492676 0.317871 -0.919434 2.902197 0.618034 -1.787647
1.660034 0.354492 -1.123901 3.227591 0.689236 -2.185192
1.588135 0.329102 -1.199951 3.087797 0.639869 -2.333055
1.389404 0.235840 -1.335449 2.701407 0.458541 -2.596503
1.146240 0.285767 -1.531738 2.228625 0.555614 -2.978146
0.947510 0.672485 -1.573486 1.842235 1.307508 -3.059316
0.615723 0.828979 -1.537842 1.197144 1.611778 -2.990013
0.227173 0.551758 -1.653564 0.441690 1.072778 -3.215012
-0.218750 0.411987 -1.898926 -0.425314 0.801023 -3.692065
-0.404297 0.762207 -1.911987 -0.786071 1.481953 -3.717461
-0.512939 0.904907 -1.581543 -0.997304 1.759404 -3.074981
-0.575562 0.836304 -1.207275 -1.119059 1.626018 -2.347296
-0.597900 0.786377 -0.967407 -1.162493 1.528946 -1.880922
-0.481323 0.574585 -0.874268 -0.935833 1.117161 -1.699831
-0.176270 0.237183 -0.656372 -0.342719 0.461152 -1.276179
-0.005371 -0.039795 -0.490601 -0.010443 -0.077373 -0.953871
0.097046 0.061523 -0.428345 0.188686 0.119620 -0.832827
0.205566 0.226440 -0.381836 0.399681 0.440266 -0.742400
0.230835 0.123047 -0.361694 0.448810 0.239239 -0.703239
0.143921 0.072266 -0.282104 0.279824 0.140505 -0.548493
0.038818 0.145508 -0.186279 0.075474 0.282910 -0.362181
-0.012695 0.107300 -0.139404 -0.024683 0.208622 -0.271043
-0.005737 0.027344 -0.079468 -0.011155 0.053164 -0.154509
0.026733 -0.054688 -0.025757 0.051978 -0.106328 -0.050079
0.011963 -0.120361 -0.032837 0.023259 -0.234018 -0.063845
0.063965 -0.146851 -0.035278 0.124366 -0.285520 -0.068591
0.095703 -0.130127 -0.032593 0.186075 -0.253005 -0.063370
0.066284 -0.063354 -0.054077 0.128876 -0.123180 -0.105142
0.026001 -0.041870 -0.047363 0.050553 -0.081408 -0.092088
-0.007813 -0.033325 -0.026978 -0.015190 -0.064794 -0.052452
-0.045898 -0.017212 -0.018677 -0.089240 -0.033465 -0.036313
-0.087646 -0.022827 -0.039795 -0.170410 -0.044383 -0.077373
-0.115723 -0.010742 -0.050049 -0.224999 -0.020886 -0.097310
-0.118896 0.020630 -0.055786 -0.231169 0.040111 -0.108465
-0.102905 0.011841 -0.089966 -0.200078 0.023022 -0.174920
-0.112427 -0.023438 -0.108887 -0.218590 -0.045569 -0.211708
-0.135376 -0.009521 -0.103027 -0.263210 -0.018513 -0.200315
-0.134033 -0.009277 -0.114014 -0.260600 -0.018038 -0.221676
-0.117432 -0.027710 -0.140747 -0.228321 -0.053876 -0.273653
-0.106323 -0.076416 -0.152588 -0.206723 -0.148575 -0.296675
-0.110107 -0.105225 -0.119751 -0.214081 -0.204587 -0.232831
-0.102905 -0.089355 -0.121338 -0.200078 -0.173733 -0.235916
-0.100586 -0.077881 -0.152222 -0.195568 -0.151423 -0.295963
-0.123535 -0.034180 -0.169922 -0.240188 -0.066455 -0.330378
-0.119141 -0.003052 -0.158691 -0.231644 -0.005934 -0.308542
-0.096802 -0.026001 -0.135254 -0.188211 -0.050553 -0.262973
-0.083130 -0.067627 -0.098145 -0.161629 -0.131487 -0.190822
-0.061157 -0.073364 -0.057617 -0.118907 -0.142642 -0.112025
-0.047729 -0.079834 -0.057739 -0.092800 -0.155221 -0.112262
-0.051392 -0.067261 -0.082886 -0.099920 -0.130774 -0.161154
