-0.061646 0.135620 -0.393677 -0.119857 0.263685 -0.765422
-0.012329 0.189453 -0.468506 -0.023971 0.368352 -0.910912
-0.048462 0.103271 -0.415039 -0.094224 0.200790 -0.806957
0.021729 -0.028809 -0.329346 0.042247 -0.056012 -0.640344
0.033081 -0.377075 -0.286621 0.064319 -0.733144 -0.557275
0.153931 -0.493530 -0.287598 0.299286 -0.959567 -0.559174
0.512451 -0.489746 -0.324951 0.996355 -0.952209 -0.631800
0.729614 -0.400757 0.015503 1.418583 -0.779188 0.030142
0.509155 -0.590332 0.293579 0.989946 -1.147778 0.570803
0.466797 -0.866821 0.536865 0.907589 -1.685353 1.043823
0.404419 -0.944214 0.858276 0.786308 -1.835827 1.668740
0.266479 -0.933838 0.983276 0.518114 -1.815653 1.911776
0.295166 -0.774292 1.044312 0.573889 -1.505449 2.030446
0.327148 -0.734253 1.073486 0.636072 -1.427602 2.087170
0.185669 -0.879395 1.174683 0.360995 -1.709799 2.283926
-0.106323 -0.717285 1.346313 -0.206723 -1.394611 2.617626
-0.158569 -0.497925 1.494385 -0.308305 -0.968111 2.905520
-0.128662 -0.217163 1.652344 -0.250157 -0.422228 3.212638
-0.494019 0.322510 1.478149 -0.960516 0.627053 2.873954
-0.810303 0.710815 1.152710 -1.575465 1.382033 2.241204
-0.791260 0.807007 0.954468 -1.538440 1.569057 1.855764
-0.088501 0.674927 0.777588 -0.172072 1.312254 1.511858
0.451172 0.263062 0.360107 0.877210 0.511468 0.700154
0.745850 -0.149170 -0.172485 1.450149 -0.290030 -0.335362
1.005493 -0.270630 -0.468018 1.954972 -0.526183 -0.909963
1.106689 -0.155151 -0.562500 2.151727 -0.301659 -1.093664
1.101196 -0.029053 -0.630371 2.141047 -0.056487 -1.225625
1.070068 0.034668 -0.809204 2.080525 0.067405 -1.573329
1.056519 0.086914 -0.986206 2.054180 0.168986 -1.917472
1.056763 0.102905 -1.094116 2.054655 0.200078 -2.127281
0.889526 0.063721 -1.187866 1.729499 0.123892 -2.309558
0.801514 0.026367 -1.273560 1.558376 0.051266 -2.476171
0.720459 -0.013428 -1.376709 1.400782 -0.026107 -2.676724
0.564819 -0.145874 -1.526245 1.098173 -0.283622 -2.967466
0.435059 -0.229370 -1.642212 0.845881 -0.445962 -3.192939
0.160889 -0.081421 -1.655396 0.312815 -0.158306 -3.218572
-0.158569 0.165527 -1.574219 -0.308305 0.321833 -3.060740
-0.413818 0.259888 -1.497314 -0.804584 0.505297 -2.911216
-0.564941 0.315430 -1.349731 -1.098411 0.613287 -2.624272
-0.688354 0.628906 -1.165039 -1.338362 1.222777 -2.265176
-0.857178 0.885376 -0.967407 -1.666603 1.721429 -1.880922
-0.997437 0.804321 -0.900391 -1.939307 1.563835 -1.750622
-0.819458 0.607056 -0.589600 -1.593265 1.180293 -1.146354
-0.457031 0.262573 -0.263916 -0.888602 0.510519 -0.513130
-0.125366 -0.097534 -0.234131 -0.243748 -0.189635 -0.455219
0.037598 -0.326172 -0.345459 0.073101 -0.634173 -0.671673
0.111206 -0.444946 -0.329346 0.216217 -0.865105 -0.640344
0.109619 -0.378784 -0.251709 0.213132 -0.736467 -0.489396
0.055420 -0.263428 -0.150269 0.107752 -0.512180 -0.292166
0.045898 -0.176025 -0.054810 0.089240 -0.342245 -0.106566
0.019409 -0.179810 -0.032104 0.037737 -0.349602 -0.062420
-0.002808 -0.151489 -0.051392 -0.005459 -0.294539 -0.099920
-0.002930 -0.151489 -0.078613 -0.005696 -0.294539 -0.152847
-0.033691 -0.187134 -0.071655 -0.065506 -0.363843 -0.139319
-0.062866 -0.148315 -0.040161 -0.122230 -0.288368 -0.078085
-0.082764 -0.082397 -0.029297 -0.160917 -0.160205 -0.056962
-0.073364 -0.036377 -0.027100 -0.142642 -0.070727 -0.052690
-0.083618 -0.042480 -0.014771 -0.162578 -0.082594 -0.028718
-0.128540 -0.019897 -0.039673 -0.249919 -0.038686 -0.077136
-0.124146 -0.006714 -0.053345 -0.241375 -0.013054 -0.103718
-0.091187 0.017578 -0.029907 -0.177293 0.034177 -0.058148
-0.097778 0.027832 -0.071655 -0.190110 0.054114 -0.139319
-0.071411 0.018799 -0.118408 -0.138844 0.036550 -0.230220
-0.038208 0.018677 -0.117554 -0.074288 0.036313 -0.228559
-0.043457 0.030029 -0.115234 -0.084493 0.058386 -0.224049
-0.046509 0.010620 -0.098633 -0.090427 0.020649 -0.191771
-0.049805 0.019775 -0.065186 -0.096835 0.038449 -0.126740
-0.077637 0.021362 -0.074585 -0.150948 0.041535 -0.145015
-0.083008 0.004395 -0.095093 -0.161391 0.008544 -0.184888
-0.063354 -0.010986 -0.098511 -0.123180 -0.021361 -0.191534
-0.045654 -0.019409 -0.109619 -0.088765 -0.037737 -0.213132
-0.052612 -0.028687 -0.087158 -0.102294 -0.055775 -0.169461
-0.064575 -0.006470 -0.065430 -0.125553 -0.012579 -0.127214
-0.062622 -0.000610 -0.131592 -0.121756 -0.001187 -0.255853
-0.026978 -0.009521 -0.148560 -0.052452 -0.018513 -0.288843
0.014038 -0.009766 -0.125000 0.027294 -0.018987 -0.243036
0.011597 0.004761 -0.133423 0.022547 0.009256 -0.259413
-0.022827 -0.003052 -0.136108 -0.044383 -0.005934 -0.264634
-0.023315 0.009033 -0.111938 -0.045332 0.017563 -0.217641
-0.014160 0.000488 -0.118896 -0.027531 0.000949 -0.231169
