0.228638 -0.000854 -0.932129 0.444538 -0.001661 -1.812330
0.223755 0.140991 -0.783447 0.435045 0.274128 -1.523250
0.261108 0.281494 -0.499634 0.507671 0.547307 -0.971434
0.349487 0.209229 -0.213989 0.679505 0.406801 -0.416058
0.450317 -0.193604 -0.000366 0.875548 -0.376422 -0.000712
0.681885 -0.228760 0.274902 1.325783 -0.444776 0.534490
0.849365 0.158325 0.418823 1.651414 0.307830 0.814315
0.516846 -0.273804 0.682983 1.004899 -0.532354 1.327919
0.276367 -0.230713 0.889526 0.537338 -0.448573 1.729499
-0.292480 -0.364136 1.051270 -0.568667 -0.707986 2.043975
-0.684570 -0.379883 1.398682 -1.331004 -0.738603 2.719445
-0.736816 -0.161499 1.524414 -1.432586 -0.314001 2.963906
-0.781250 -0.132568 1.329102 -1.518978 -0.257752 2.584161
-0.894531 -0.104614 1.191895 -1.739230 -0.203401 2.317390
-0.981934 -0.048462 1.119751 -1.909165 -0.094224 2.177122
-0.362183 0.073242 0.953125 -0.704189 0.142404 1.853153
0.357178 0.379272 0.788696 0.694458 0.737416 1.533456
0.668335 0.559692 0.729980 1.299438 1.088205 1.419295
0.580444 0.356201 0.330566 1.128553 0.692559 0.642717
0.843262 0.267090 -0.190674 1.639547 0.519301 -0.370726
1.087036 0.195801 -0.487549 2.113515 0.380694 -0.947937
1.192139 0.044556 -0.789551 2.317865 0.086629 -1.535117
1.132568 -0.072998 -1.101196 2.202043 -0.141929 -2.141047
0.942871 -0.217529 -1.299194 1.833216 -0.422940 -2.526013
0.722534 -0.483032 -1.455322 1.404817 -0.939156 -2.829571
0.752808 -0.685547 -1.621460 1.463678 -1.332903 -3.152591
0.774414 -0.552612 -1.733521 1.505687 -1.074440 -3.370469
0.528076 -0.321167 -1.685791 1.026734 -0.624442 -3.277669
0.185303 -0.021729 -1.622192 0.360283 -0.042247 -3.154015
0.042236 0.167725 -1.518433 0.082120 0.326106 -2.952276
-0.078857 0.249878 -1.383545 -0.153322 0.485836 -2.690015
-0.145386 0.313477 -1.273560 -0.282672 0.609490 -2.476171
-0.307617 0.431885 -1.075439 -0.598098 0.839710 -2.090968
-0.517700 0.478027 -0.868896 -1.006560 0.929425 -1.689388
-0.618042 0.255249 -0.616089 -1.201654 0.496279 -1.197856
-0.548096 -0.044922 -0.476929 -1.065658 -0.087341 -0.927288
-0.358643 -0.056396 -0.385254 -0.697306 -0.109651 -0.749046
-0.228271 0.040894 -0.296387 -0.443826 0.079509 -0.576262
-0.139893 0.049194 -0.224609 -0.271992 0.095648 -0.436706
-0.060303 0.046997 -0.135376 -0.117246 0.091376 -0.263210
-0.056396 0.057373 -0.050537 -0.109651 0.111550 -0.098259
-0.026367 -0.053833 0.008789 -0.051266 -0.104667 0.017089
0.038696 -0.186401 -0.013672 0.075237 -0.362419 -0.026582
0.026611 -0.192383 -0.078247 0.051740 -0.374048 -0.152135
-0.021973 -0.119263 -0.104858 -0.042721 -0.231881 -0.203875
-0.030518 -0.075928 -0.077271 -0.059335 -0.147626 -0.150236
-0.012085 -0.088867 -0.032715 -0.023497 -0.172784 -0.063607
-0.012817 -0.066040 -0.014893 -0.024921 -0.128401 -0.028956
-0.083984 -0.024292 -0.069580 -0.163290 -0.047231 -0.135284
-0.124634 -0.055298 -0.126465 -0.242324 -0.107515 -0.245885
-0.134277 -0.127808 -0.097168 -0.261074 -0.248495 -0.188923
-0.103882 -0.131836 -0.052368 -0.201977 -0.256328 -0.101819
-0.071167 -0.038940 -0.047852 -0.138369 -0.075712 -0.093037
-0.051514 0.064697 -0.048706 -0.100158 0.125790 -0.094699
0.001953 0.010254 -0.087402 0.003797 0.019937 -0.169936
0.010010 -0.007813 -0.118286 0.019462 -0.015190 -0.229983
-0.064697 0.025146 -0.106445 -0.125790 0.048892 -0.206961
-0.094116 0.035156 -0.076782 -0.182989 0.068354 -0.149287
-0.066406 0.027954 -0.088867 -0.129113 0.054351 -0.172784
-0.057617 0.039673 -0.096436 -0.112025 0.077136 -0.187499
-0.056763 0.040894 -0.095703 -0.110363 0.079509 -0.186075
-0.048462 0.059082 -0.091064 -0.094224 0.114873 -0.177056
-0.043701 0.070801 -0.103516 -0.084968 0.137657 -0.201265
-0.026123 0.043213 -0.116089 -0.050791 0.084018 -0.225711
-0.017212 0.028931 -0.126709 -0.033465 0.056250 -0.246359
-0.029907 0.030884 -0.119385 -0.058148 0.060047 -0.232119
-0.044800 0.046753 -0.093872 -0.087104 0.090901 -0.182515
-0.042969 0.036133 -0.078613 -0.083544 0.070253 -0.152847
-0.015625 0.001465 -0.102539 -0.030380 0.002848 -0.199366
-0.025879 0.006226 -0.128540 -0.050316 0.012104 -0.249919
-0.049072 0.009888 -0.135742 -0.095411 0.019225 -0.263922
-0.054077 0.002319 -0.130859 -0.105142 0.004509 -0.254429
-0.054199 -0.012939 -0.117676 -0.105379 -0.025158 -0.228796
-0.050171 -0.025391 -0.112671 -0.097547 -0.049367 -0.219065
-0.049316 -0.031006 -0.109863 -0.095885 -0.060284 -0.213606
-0.039917 -0.020630 -0.101074 -0.077610 -0.040111 -0.196518
-0.044434 0.003540 -0.099365 -0.086392 0.006883 -0.193195
-0.055908 0.028931 -0.115601 -0.108702 0.056250 -0.224761
-0.058472 0.028809 -0.127808 -0.113686 0.056012 -0.248495
-0.037964 -0.006836 -0.140991 -0.073813 -0.013291 -0.274128
