-0.333740 -0.110474 -0.524658 -0.648888 -0.214793 -1.020089
-0.463989 -0.242920 -0.526123 -0.902130 -0.472307 -1.022937
-0.667847 -0.474976 -0.424683 -1.298489 -0.923491 -0.825707
-0.400757 -0.143799 -0.431519 -0.779188 -0.279587 -0.838998
-0.362183 0.044067 -0.440186 -0.704189 0.085680 -0.855849
-0.043945 0.088989 -0.327026 -0.085443 0.173021 -0.635835
0.108276 -0.214600 -0.245117 0.210521 -0.417244 -0.476579
0.492554 -0.348877 -0.319946 0.957668 -0.678319 -0.622069
0.812622 -0.497925 -0.368164 1.579974 -0.968111 -0.715818
0.964722 -0.546387 -0.226074 1.875700 -1.062335 -0.439554
1.095459 -0.678467 -0.039185 2.129892 -1.319137 -0.076186
1.234741 -0.873901 0.100220 2.400697 -1.699119 0.194856
1.311035 -0.938110 0.278076 2.549035 -1.823960 0.540661
1.175293 -0.979004 0.486450 2.285112 -1.903469 0.945801
1.002930 -1.013184 0.708252 1.949988 -1.969924 1.377048
0.777222 -1.025513 0.943848 1.511146 -1.993896 1.835115
0.533081 -1.029053 1.203003 1.036465 -2.000779 2.338989
0.248291 -1.097046 1.340210 0.482750 -2.132977 2.605759
-0.093628 -1.136597 1.473633 -0.182040 -2.209875 2.865172
-0.465088 -1.052490 1.653564 -0.904266 -2.046348 3.215012
-0.746216 -0.969849 1.885498 -1.450861 -1.885669 3.665958
-0.850098 -0.480591 1.989624 -1.652838 -0.934409 3.868409
-0.976318 0.197144 1.932861 -1.898248 0.383305 3.758046
-0.839966 0.638184 1.729492 -1.633139 1.240815 3.362637
-0.453125 0.675659 1.349243 -0.881007 1.313679 2.623322
0.039429 0.539551 0.852417 0.076661 1.049044 1.657347
0.341064 0.419922 0.364258 0.663129 0.816451 0.708223
0.615234 0.509888 0.105957 1.196195 0.991370 0.206011
0.857544 0.574463 -0.136963 1.667315 1.116923 -0.266296
1.093506 0.605835 -0.399902 2.126094 1.177920 -0.777527
1.411865 0.700684 -0.652588 2.745078 1.362333 -1.268821
1.567993 0.625610 -0.868408 3.048636 1.216369 -1.688439
1.551514 0.586914 -1.111816 3.016595 1.141132 -2.161695
1.402466 0.649292 -1.228394 2.726803 1.262413 -2.388355
0.994751 0.602173 -1.445557 1.934086 1.170800 -2.810584
0.783203 0.628906 -1.595459 1.522775 1.222777 -3.102037
0.695679 0.489380 -1.707275 1.352602 0.951497 -3.319441
0.542480 0.420776 -1.810669 1.054740 0.818112 -3.520468
0.095093 0.504395 -1.821655 0.184888 0.980690 -3.541829
-0.403687 0.588867 -1.819092 -0.784884 1.144930 -3.536845
-0.750244 0.677856 -1.665649 -1.458693 1.317951 -3.238508
-0.903809 0.704102 -1.386597 -1.757267 1.368979 -2.695948
-0.928833 0.612549 -1.090576 -1.805922 1.190974 -2.120398
-0.745361 0.330322 -0.781006 -1.449200 0.642243 -1.518503
-0.637085 -0.072388 -0.677002 -1.238679 -0.140743 -1.316289
-0.507202 -0.215332 -0.747314 -0.986149 -0.418668 -1.452997
-0.253174 -0.165649 -0.609985 -0.492244 -0.322071 -1.185989
0.033569 -0.126343 -0.322144 0.065269 -0.245647 -0.626341
0.268433 -0.110596 -0.160645 0.521911 -0.215030 -0.312340
0.295166 -0.120483 -0.111328 0.573889 -0.234255 -0.216454
0.171753 -0.155396 -0.103638 0.333938 -0.302134 -0.201502
0.039551 -0.177856 -0.137085 0.076898 -0.345805 -0.266533
0.007080 -0.169067 -0.111694 0.013766 -0.328716 -0.217166
0.071655 -0.154297 -0.039917 0.139319 -0.299998 -0.077610
0.143066 -0.120728 -0.027222 0.278163 -0.234730 -0.052927
0.156616 -0.077026 -0.052856 0.304508 -0.149762 -0.102768
0.088501 -0.088989 -0.112305 0.172072 -0.173021 -0.218353
-0.005127 -0.146240 -0.149414 -0.009968 -0.284334 -0.290505
-0.048584 -0.154541 -0.111938 -0.094461 -0.300473 -0.217641
-0.060425 -0.125244 -0.053223 -0.117483 -0.243511 -0.103480
-0.055664 -0.044800 -0.029419 -0.108227 -0.087104 -0.057199
-0.044922 0.005737 -0.078979 -0.087341 0.011155 -0.153559
-0.034790 0.007202 -0.124756 -0.067642 0.014003 -0.242562
-0.011108 0.045166 -0.138916 -0.021598 0.087816 -0.270093
0.001465 0.049072 -0.137817 0.002848 0.095411 -0.267957
-0.035034 0.004761 -0.164185 -0.068117 0.009256 -0.319223
-0.093628 -0.010498 -0.166260 -0.182040 -0.020411 -0.323257
-0.119995 -0.015869 -0.146118 -0.233305 -0.030854 -0.284096
-0.109009 -0.014404 -0.133301 -0.211945 -0.028006 -0.259176
-0.084351 -0.009155 -0.111450 -0.164002 -0.017801 -0.216692
-0.045166 0.018066 -0.084351 -0.087816 0.035126 -0.164002
-0.005249 0.034058 -0.061523 -0.010206 0.066218 -0.119620
0.031250 0.056641 -0.044312 0.060759 0.110126 -0.086155
0.041748 0.060547 -0.024414 0.081170 0.117721 -0.047468
0.008179 0.026489 -0.053467 0.015902 0.051503 -0.103955
-0.063354 0.027100 -0.095459 -0.123180 0.052690 -0.185600
-0.124634 0.040771 -0.105469 -0.242324 0.079272 -0.205062
-0.122192 0.039185 -0.086182 -0.237578 0.076186 -0.167562
-0.068359 0.012817 -0.053589 -0.132911 0.024921 -0.104192
-0.022583 0.020142 -0.045532 -0.043908 0.039161 -0.088528
