-0.524902 -0.009277 -0.504761 -1.020563 -0.018038 -0.981402
-0.339355 -0.157715 -0.606445 -0.659806 -0.306644 -1.179107
-0.125610 -0.197876 -0.591553 -0.244223 -0.384729 -1.150151
0.133179 -0.122314 -0.470459 0.258938 -0.237815 -0.914709
0.432373 -0.115112 -0.266846 0.840659 -0.223812 -0.518826
0.749268 -0.073120 0.109741 1.456795 -0.142167 0.213369
0.630737 0.013428 0.423828 1.226337 0.026107 0.824045
0.549194 -0.164917 0.602905 1.067794 -0.320647 1.172224
0.652344 -0.209229 0.710938 1.268346 -0.406801 1.382270
0.609253 -0.175781 0.800781 1.184565 -0.341770 1.556952
0.295776 -0.176270 0.910278 0.575076 -0.342719 1.769847
-0.034912 -0.319336 0.964722 -0.067879 -0.620882 1.875700
-0.436035 -0.474854 0.998047 -0.847780 -0.923254 1.940494
-0.788574 -0.576416 1.087036 -1.533218 -1.120721 2.113515
-1.124146 -0.662964 1.258545 -2.185667 -1.288995 2.446978
-1.137939 -0.230225 1.210449 -2.212486 -0.447624 2.353466
-0.616089 0.086182 0.936035 -1.197856 0.167562 1.819925
-0.021362 0.163330 0.725098 -0.041535 0.317561 1.409801
0.380249 0.206299 0.508545 0.739315 0.401105 0.988760
0.688965 0.195190 0.261475 1.339549 0.379507 0.508383
0.928833 0.260132 -0.062256 1.805922 0.505772 -0.121044
1.050781 0.378174 -0.272217 2.043025 0.735280 -0.529269
1.093384 0.494507 -0.430786 2.125857 0.961465 -0.837574
1.088257 0.531738 -0.606812 2.115889 1.033854 -1.179819
1.043335 0.480225 -0.780518 2.028548 0.933697 -1.517554
1.017944 0.372070 -0.929199 1.979181 0.723413 -1.806634
0.980957 0.131470 -1.090454 1.907266 0.255615 -2.120161
0.910034 -0.433228 -1.358154 1.769372 -0.842321 -2.640648
0.793335 -1.026611 -1.682739 1.542475 -1.996032 -3.271736
0.606445 -1.099854 -1.942017 1.179107 -2.138436 -3.775846
0.201538 -0.385864 -1.836182 0.391849 -0.750233 -3.570073
-0.188965 0.285522 -1.450317 -0.367403 0.555139 -2.819840
-0.545288 0.541626 -1.006714 -1.060199 1.053079 -1.957345
-0.642944 0.682373 -0.733521 -1.250071 1.326732 -1.426178
-0.503540 0.547241 -0.703247 -0.979029 1.063997 -1.367317
-0.316284 0.148071 -0.695679 -0.614949 0.287894 -1.352602
-0.276001 -0.008423 -0.572998 -0.536626 -0.016376 -1.114075
-0.209473 0.127075 -0.304565 -0.407276 0.247071 -0.592164
-0.081665 0.307861 -0.104492 -0.158781 0.598572 -0.203163
0.050415 0.379883 -0.086914 0.098022 0.738603 -0.168986
0.060059 0.288696 -0.171631 0.116771 0.561310 -0.333700
0.081787 0.190552 -0.201294 0.159018 0.370488 -0.391374
0.115601 0.128784 -0.128296 0.224761 0.250394 -0.249445
0.176270 0.101318 -0.065674 0.342719 0.196992 -0.127689
0.017212 0.055420 -0.105225 0.033465 0.107752 -0.204587
-0.094727 0.079590 -0.154663 -0.184176 0.154746 -0.300710
-0.036255 0.034180 -0.118530 -0.070490 0.066455 -0.230457
-0.062988 -0.030884 -0.095093 -0.122468 -0.060047 -0.184888
-0.101685 -0.050049 -0.107910 -0.197704 -0.097310 -0.209809
-0.127686 -0.001831 -0.136353 -0.248258 -0.003560 -0.265109
-0.126587 0.052856 -0.164185 -0.246122 0.102768 -0.319223
-0.106445 0.091675 -0.179932 -0.206961 0.178243 -0.349840
-0.062256 0.115234 -0.184814 -0.121044 0.224049 -0.359333
-0.037231 0.084595 -0.187622 -0.072389 0.164477 -0.364792
0.009399 0.046265 -0.190186 0.018275 0.089952 -0.369776
0.052734 0.063599 -0.247681 0.102531 0.123654 -0.481563
0.008789 0.118164 -0.275635 0.017089 0.229745 -0.535914
-0.076660 0.084717 -0.257813 -0.149050 0.164714 -0.501263
-0.088379 0.002686 -0.219971 -0.171834 0.005221 -0.427687
-0.056152 -0.012207 -0.164063 -0.109177 -0.023734 -0.318985
-0.051636 -0.038208 -0.111206 -0.100395 -0.074288 -0.216217
-0.050415 -0.034668 -0.081665 -0.098022 -0.067405 -0.158781
-0.053223 -0.018066 -0.082520 -0.103480 -0.035126 -0.160442
-0.055786 -0.032715 -0.089844 -0.108465 -0.063607 -0.174682
-0.040283 -0.052002 -0.106934 -0.078322 -0.101107 -0.207910
-0.055542 -0.040283 -0.122070 -0.107990 -0.078322 -0.237340
-0.066528 -0.016113 -0.119507 -0.129350 -0.031329 -0.232356
-0.044922 0.019653 -0.120972 -0.087341 0.038212 -0.235204
-0.027344 0.020508 -0.106934 -0.053164 0.039873 -0.207910
-0.022095 0.012329 -0.114990 -0.042959 0.023971 -0.223575
-0.022095 -0.026611 -0.131836 -0.042959 -0.051740 -0.256328
-0.040161 -0.033936 -0.135864 -0.078085 -0.065981 -0.264160
-0.062866 -0.005371 -0.128418 -0.122230 -0.010443 -0.249682
-0.059082 -0.001709 -0.120239 -0.114873 -0.003323 -0.233780
-0.045166 -0.019897 -0.105591 -0.087816 -0.038686 -0.205299
-0.034912 -0.014771 -0.112793 -0.067879 -0.028718 -0.219302
-0.040771 -0.004028 -0.119629 -0.079272 -0.007832 -0.232593
-0.025024 0.003784 -0.117798 -0.048655 0.007358 -0.229033
-0.023926 0.004883 -0.126221 -0.046519 0.009494 -0.245410
-0.028564 0.016235 -0.133301 -0.055538 0.031566 -0.259176
