-0.420288 -0.107910 -0.380127 -0.817163 -0.209809 -0.739078
-0.184570 0.017090 -0.316772 -0.358858 0.033228 -0.615898
0.130371 -0.136963 -0.354492 0.253479 -0.266296 -0.689236
0.485107 -0.275757 -0.162109 0.943190 -0.536152 -0.315188
0.892090 -0.555420 0.130737 1.734483 -1.079898 0.254191
1.385376 -0.931641 0.382324 2.693575 -1.811381 0.743350
1.744507 -0.786743 0.731445 3.391830 -1.529658 1.422143
1.687622 -0.667603 0.990845 3.281229 -1.298014 1.926491
1.262817 -0.657349 1.054932 2.455285 -1.278077 2.051095
0.817017 -1.041382 0.900513 1.588519 -2.024750 1.750859
0.586182 -1.177734 0.897461 1.139708 -2.289859 1.744926
0.312256 -1.292358 1.098145 0.607116 -2.512722 2.135113
-0.066772 -1.307983 1.248657 -0.129825 -2.543101 2.427754
-0.502808 -1.166504 1.280518 -0.977605 -2.268024 2.489700
-0.842773 -0.886719 1.300537 -1.638597 -1.724040 2.528623
-1.169434 -0.596313 1.468018 -2.273720 -1.159407 2.854254
-1.464844 -0.668335 1.754272 -2.848083 -1.299438 3.410817
-1.495483 -0.577881 2.056763 -2.907656 -1.123569 3.998946
-1.172363 0.444702 2.098633 -2.279416 0.864631 4.080354
-0.668457 1.102905 1.799561 -1.299675 2.144369 3.498870
-0.037109 0.667603 1.267944 -0.072151 1.298014 2.465254
0.428711 0.077271 0.666382 0.833539 0.150236 1.295641
0.792603 0.009155 0.228760 1.541050 0.017801 0.444776
1.017822 0.358398 0.059326 1.978943 0.696831 0.115347
1.096191 0.594727 -0.089844 2.131316 1.156322 -0.174682
1.270752 0.638916 -0.269165 2.470712 1.242239 -0.523335
1.518555 0.549194 -0.515137 2.952513 1.067794 -1.001576
1.365845 0.292480 -0.773071 2.655601 0.568667 -1.503076
1.122681 0.054443 -1.108398 2.182819 0.105854 -2.155050
0.957275 0.054199 -1.400146 1.861223 0.105379 -2.722293
0.863281 0.152344 -1.535522 1.678470 0.296201 -2.985503
0.773804 0.189575 -1.566528 1.504500 0.368589 -3.045788
0.555542 0.229858 -1.542725 1.080136 0.446912 -2.999506
0.099365 0.428589 -1.697754 0.193195 0.833302 -3.300929
-0.309814 0.684082 -1.947388 -0.602370 1.330055 -3.786289
-0.475830 0.685913 -1.864136 -0.925152 1.333615 -3.624424
-0.621704 0.665894 -1.561646 -1.208774 1.294691 -3.036294
-0.718384 0.663818 -1.127563 -1.396748 1.290656 -2.192312
-0.711182 0.567383 -0.733032 -1.382745 1.103158 -1.425228
-0.631348 0.516479 -0.475830 -1.227524 1.004187 -0.925152
-0.465576 0.298096 -0.337280 -0.905216 0.579585 -0.655771
-0.283447 -0.126953 -0.197998 -0.551104 -0.246834 -0.384966
-0.026733 -0.360718 -0.160645 -0.051978 -0.701341 -0.312340
0.226440 -0.358154 -0.115845 0.440266 -0.696356 -0.225236
0.304443 -0.348389 -0.091064 0.591927 -0.677369 -0.177056
0.237549 -0.285889 -0.115356 0.461864 -0.555851 -0.224287
0.119629 -0.172485 -0.141846 0.232593 -0.335362 -0.275789
0.078369 -0.115356 -0.159302 0.152372 -0.224287 -0.309729
0.047363 -0.172852 -0.145386 0.092088 -0.336074 -0.282672
0.005615 -0.226563 -0.125732 0.010918 -0.440504 -0.244460
-0.058472 -0.225830 -0.098145 -0.113686 -0.439080 -0.190822
-0.157349 -0.209106 -0.046143 -0.305932 -0.406564 -0.089715
-0.141968 -0.169678 0.000244 -0.276027 -0.329903 0.000475
-0.103882 -0.136841 -0.022705 -0.201977 -0.266058 -0.044145
-0.089722 -0.133301 -0.069214 -0.174445 -0.259176 -0.134572
-0.079224 -0.140381 -0.082397 -0.154034 -0.272941 -0.160205
-0.051880 -0.146973 -0.091064 -0.100870 -0.285758 -0.177056
-0.048584 -0.174805 -0.106079 -0.094461 -0.339871 -0.206249
-0.063843 -0.205078 -0.129150 -0.124129 -0.398732 -0.251106
-0.078247 -0.182495 -0.145142 -0.152135 -0.354824 -0.282198
-0.077271 -0.110840 -0.134644 -0.150236 -0.215505 -0.261786
-0.069702 -0.072632 -0.103149 -0.135521 -0.141217 -0.200553
-0.064819 -0.027344 -0.094360 -0.126028 -0.053164 -0.183464
-0.048950 0.005371 -0.111572 -0.095173 0.010443 -0.216929
-0.037598 -0.001465 -0.122437 -0.073101 -0.002848 -0.238052
-0.032349 -0.017212 -0.107788 -0.062895 -0.033465 -0.209571
-0.014038 -0.003174 -0.100952 -0.027294 -0.006171 -0.196280
-0.026001 -0.016724 -0.109741 -0.050553 -0.032516 -0.213369
-0.047485 -0.027466 -0.099609 -0.092325 -0.053402 -0.193670
-0.067017 -0.016968 -0.081421 -0.130300 -0.032990 -0.158306
-0.065674 0.009399 -0.069946 -0.127689 0.018275 -0.135996
-0.060425 0.025269 -0.088013 -0.117483 0.049129 -0.171122
-0.055908 0.021484 -0.114014 -0.108702 0.041772 -0.221676
-0.043701 0.003784 -0.103149 -0.084968 0.007358 -0.200553
-0.032959 -0.002686 -0.097168 -0.064082 -0.005221 -0.188923
-0.035156 -0.000366 -0.114502 -0.068354 -0.000712 -0.222625
-0.050659 0.006470 -0.125854 -0.098496 0.012579 -0.244698
-0.058838 0.025513 -0.120483 -0.114398 0.049604 -0.234255
-0.045166 0.018188 -0.097656 -0.087816 0.035364 -0.189872
-0.025879 0.025269 -0.088501 -0.050316 0.049129 -0.172072
