0.055420 -0.370483 -0.961548 0.107752 -0.720328 -1.869529
0.165527 -0.125610 -0.922852 0.321833 -0.244223 -1.794293
-0.005737 -0.047485 -0.740356 -0.011155 -0.092325 -1.439469
-0.247314 -0.098389 -0.481323 -0.480851 -0.191296 -0.935833
-0.434082 -0.468994 -0.348999 -0.843982 -0.911861 -0.678556
-0.196167 -0.777954 -0.346069 -0.381406 -1.512570 -0.672860
0.439941 -0.726318 -0.238403 0.855374 -1.412175 -0.463526
1.151611 -0.745850 -0.080078 2.239068 -1.450149 -0.155695
1.600220 -0.769165 0.274170 3.111294 -1.495481 0.533066
1.454590 -1.072266 0.706055 2.828147 -2.084797 1.372776
1.071045 -1.238281 1.010498 2.082424 -2.407580 1.964703
0.689331 -0.978882 1.213989 1.340261 -1.903232 2.360349
0.503540 -1.134644 1.048340 0.979029 -2.206078 2.038278
0.544556 -1.021118 0.699219 1.058775 -1.985351 1.359485
0.432617 -0.541992 0.930298 0.841134 -1.053791 1.808770
0.000366 -0.094849 1.254517 0.000712 -0.184413 2.439146
-0.529663 0.018188 1.192139 -1.029819 0.035364 2.317865
-1.136108 0.421509 1.360596 -2.208926 0.819536 2.645395
-1.579468 0.645996 1.715942 -3.070946 1.256005 3.336292
-1.600342 0.637085 1.698364 -3.111531 1.238679 3.302115
-1.230957 0.644897 1.258789 -2.393339 1.253869 2.447453
-0.562256 0.435181 0.697266 -1.093189 0.846118 1.355688
-0.109375 -0.002075 0.278687 -0.212657 -0.004035 0.541848
0.334351 -0.333740 -0.027222 0.650075 -0.648888 -0.052927
0.726318 -0.027466 -0.267578 1.412175 -0.053402 -0.520250
0.897339 0.364380 -0.359741 1.744688 0.708461 -0.699442
0.915527 0.427612 -0.510132 1.780052 0.831403 -0.991845
0.696289 0.381836 -0.735840 1.353789 0.742400 -1.430687
0.436890 0.522095 -1.000488 0.849441 1.015104 -1.945241
0.304443 0.737183 -1.187744 0.591927 1.433298 -2.309321
0.324463 0.748413 -1.153564 0.630850 1.455133 -2.242866
0.411377 0.553467 -1.023438 0.799837 1.076101 -1.989861
0.573120 0.458496 -1.032593 1.114313 0.891450 -2.007662
0.839233 0.556274 -1.080688 1.631714 1.081560 -2.101174
1.032593 0.614990 -1.049072 2.007662 1.195720 -2.039702
1.058594 0.519165 -1.063354 2.058215 1.009408 -2.067471
0.838989 0.339844 -1.131836 1.631240 0.660755 -2.200619
0.414429 0.237915 -1.228271 0.805770 0.462576 -2.388118
0.036133 0.414917 -1.269165 0.070253 0.806720 -2.467627
-0.299683 0.641235 -1.211670 -0.582670 1.246749 -2.355840
-0.605835 0.661133 -1.104004 -1.177920 1.285435 -2.146506
-0.786499 0.646729 -0.999634 -1.529184 1.257429 -1.943580
-0.781616 0.659912 -0.915771 -1.519690 1.283062 -1.780527
-0.584106 0.677856 -0.750122 -1.135673 1.317951 -1.458456
-0.488037 0.526123 -0.652100 -0.948886 1.022937 -1.267872
-0.448486 0.386475 -0.257080 -0.871988 0.751419 -0.499839
-0.315796 0.232300 -0.121460 -0.613999 0.451659 -0.236154
-0.130737 -0.016968 -0.149902 -0.254191 -0.032990 -0.291454
-0.063477 -0.121338 0.038574 -0.123417 -0.235916 0.075000
-0.001953 -0.220947 0.180420 -0.003797 -0.429586 0.350789
0.014648 -0.211670 0.151123 0.028481 -0.411548 0.293827
-0.069580 -0.121948 -0.002441 -0.135284 -0.237103 -0.004747
-0.158447 -0.032715 -0.048584 -0.308068 -0.063607 -0.094461
-0.231689 0.023193 0.083374 -0.450472 0.045095 0.162103
-0.244751 0.001831 0.153687 -0.475867 0.003560 0.298811
-0.216919 -0.077637 0.160278 -0.421754 -0.150948 0.311628
-0.183472 -0.138794 0.143066 -0.356722 -0.269856 0.278163
-0.143066 -0.154419 0.061401 -0.278163 -0.300235 0.119382
-0.133423 -0.151733 0.004883 -0.259413 -0.295014 0.009494
-0.149048 -0.114380 -0.048950 -0.289792 -0.222388 -0.095173
-0.131714 -0.070557 -0.085205 -0.256090 -0.137183 -0.165664
-0.088745 -0.051514 -0.072510 -0.172546 -0.100158 -0.140980
-0.065552 -0.032959 -0.026489 -0.127452 -0.064082 -0.051503
-0.063232 -0.021118 0.008911 -0.122942 -0.041060 0.017326
-0.049805 -0.015381 -0.015747 -0.096835 -0.029905 -0.030617
-0.021851 -0.006836 -0.083008 -0.042484 -0.013291 -0.161391
0.000000 0.004028 -0.134033 0.000000 0.007832 -0.260600
0.002686 -0.014404 -0.117432 0.005221 -0.028006 -0.228321
0.009033 -0.019409 -0.087891 0.017563 -0.037737 -0.170885
-0.018311 -0.010498 -0.097412 -0.035601 -0.020411 -0.189398
-0.034424 0.004150 -0.117676 -0.066930 0.008070 -0.228796
-0.048462 0.008667 -0.114868 -0.094224 0.016851 -0.223337
-0.058716 0.015991 -0.106323 -0.114161 0.031092 -0.206723
-0.035767 0.018555 -0.107666 -0.069541 0.036076 -0.209334
-0.045044 0.013184 -0.099609 -0.087579 0.025633 -0.193670
-0.046265 -0.007324 -0.080688 -0.089952 -0.014240 -0.156882
-0.043945 -0.018555 -0.085449 -0.085443 -0.036076 -0.166138
-0.035278 -0.002075 -0.096924 -0.068591 -0.004035 -0.188448
-0.015259 0.010742 -0.091064 -0.029668 0.020886 -0.177056
-0.010742 0.004883 -0.106323 -0.020886 0.009494 -0.206723
