-0.760376 -0.444702 -0.198364 -1.478393 -0.864631 -0.385678
-0.751099 -0.422607 -0.208862 -1.460355 -0.821672 -0.406089
-0.611938 -0.466553 -0.091187 -1.189787 -0.907115 -0.177293
-0.415771 -0.243286 -0.111694 -0.808381 -0.473019 -0.217166
-0.181519 -0.031250 -0.130249 -0.352925 -0.060759 -0.253242
0.178711 -0.176392 -0.134521 0.347466 -0.342957 -0.261549
0.442261 -0.523560 -0.230225 0.859884 -1.017952 -0.447624
0.694092 -0.496338 -0.266968 1.349517 -0.965026 -0.519063
0.904785 -0.399536 -0.002197 1.759166 -0.776815 -0.004272
0.898315 -0.205811 0.308594 1.746587 -0.400156 0.599996
0.828857 -0.258911 0.535278 1.611541 -0.503399 1.040737
0.668335 -0.354492 0.720947 1.299438 -0.689236 1.401732
0.420288 -0.261963 0.847900 0.817163 -0.509332 1.648566
0.147949 -0.268311 0.966431 0.287656 -0.521674 1.879023
-0.212646 -0.379517 1.103394 -0.413447 -0.737891 2.145319
-0.514404 -0.407104 1.218750 -1.000152 -0.791530 2.369605
-0.795166 -0.297607 1.319336 -1.546035 -0.578636 2.565174
-1.061157 -0.265015 1.425049 -2.063199 -0.515266 2.770710
-0.803101 -0.026855 1.295898 -1.561462 -0.052215 2.519604
-0.368408 0.136841 0.876709 -0.716293 0.266058 1.704578
0.192505 -0.008789 0.529175 0.374286 -0.017089 1.028870
0.581421 0.129028 0.179443 1.130452 0.250869 0.348890
0.892212 0.283447 -0.122070 1.734720 0.551104 -0.237340
1.085205 0.368408 -0.386230 2.109955 0.716293 -0.750945
1.261597 0.437378 -0.658813 2.452912 0.850390 -1.280926
1.309692 0.556152 -0.833496 2.546424 1.081322 -1.620559
1.200684 0.616333 -0.936401 2.334479 1.198331 -1.820637
1.156494 0.713623 -1.038818 2.248562 1.387491 -2.019766
1.122192 0.796265 -1.114502 2.181869 1.548171 -2.166917
0.905029 0.563599 -1.186768 1.759641 1.095800 -2.307422
0.522095 0.130615 -1.338745 1.015104 0.253954 -2.602911
0.327148 -0.187866 -1.605225 0.636072 -0.365267 -3.121025
0.090088 -0.288940 -1.787109 0.175157 -0.561784 -3.474662
-0.124756 -0.046875 -1.779175 -0.242562 -0.091139 -3.459235
-0.352417 0.335205 -1.552856 -0.685201 0.651736 -3.019206
-0.400269 0.509521 -1.151245 -0.778239 0.990658 -2.238356
-0.289063 0.358398 -0.722534 -0.562022 0.696831 -1.404817
-0.174072 0.143555 -0.460938 -0.338447 0.279112 -0.896197
-0.142944 0.094971 -0.409546 -0.277925 0.184651 -0.796277
-0.479492 0.388062 -0.442017 -0.932273 0.754505 -0.859409
0.176392 1.009888 -0.163940 0.342957 1.963516 -0.318748
0.609863 0.085815 0.148438 1.185752 0.166850 0.288606
0.566895 -0.067017 -0.109497 1.102208 -0.130300 -0.212894
0.349609 -0.050781 -0.262207 0.679743 -0.098734 -0.509807
0.095581 0.094238 -0.250854 0.185837 0.183227 -0.487734
-0.079834 0.161255 -0.177368 -0.155221 0.313527 -0.344855
-0.167603 0.051880 -0.141235 -0.325868 0.100870 -0.274603
-0.097534 -0.029663 -0.146118 -0.189635 -0.057674 -0.284096
-0.000366 -0.026367 -0.176758 -0.000712 -0.051266 -0.343669
0.003418 0.036133 -0.210083 0.006646 0.070253 -0.408463
0.001099 0.072388 -0.180298 0.002136 0.140743 -0.350552
0.014282 0.038452 -0.129883 0.027769 0.074762 -0.252530
0.040161 -0.002808 -0.100708 0.078085 -0.005459 -0.195806
0.024170 -0.016113 -0.122070 0.046993 -0.031329 -0.237340
-0.050903 -0.021606 -0.148193 -0.098971 -0.042009 -0.288131
-0.110718 -0.004761 -0.125244 -0.215268 -0.009256 -0.243511
-0.058472 0.015015 -0.088501 -0.113686 0.029193 -0.172072
0.012207 -0.012451 -0.111084 0.023734 -0.024209 -0.215980
0.032959 -0.030640 -0.154175 0.064082 -0.059572 -0.299761
0.001953 0.021484 -0.167847 0.003797 0.041772 -0.326343
-0.020874 0.071533 -0.123535 -0.040585 0.139081 -0.240188
-0.001465 0.077393 -0.094360 -0.002848 0.150474 -0.183464
0.012329 0.050781 -0.100830 0.023971 0.098734 -0.196043
0.001465 0.003418 -0.102417 0.002848 0.006646 -0.199128
-0.045654 -0.044312 -0.088623 -0.088765 -0.086155 -0.172309
-0.092529 0.007568 -0.080688 -0.179904 0.014715 -0.156882
-0.075806 0.066284 -0.086670 -0.147388 0.128876 -0.168512
-0.031494 0.042236 -0.094971 -0.061234 0.082120 -0.184651
-0.000610 0.012573 -0.097900 -0.001187 0.024446 -0.190347
-0.018799 0.030762 -0.100952 -0.036550 0.059810 -0.196280
-0.024780 0.040405 -0.093872 -0.048180 0.078560 -0.182515
0.009033 0.018921 -0.094482 0.017563 0.036788 -0.183701
0.040771 -0.011108 -0.114746 0.079272 -0.021598 -0.223100
0.035156 -0.032593 -0.122803 0.068354 -0.063370 -0.238764
-0.009644 -0.037964 -0.098877 -0.018750 -0.073813 -0.192246
-0.050049 -0.007202 -0.086670 -0.097310 -0.014003 -0.168512
-0.071045 0.004517 -0.101685 -0.138132 0.008782 -0.197704
-0.066650 -0.006836 -0.134277 -0.129588 -0.013291 -0.261074
-0.016846 -0.029297 -0.129395 -0.032753 -0.056962 -0.251581
0.014648 -0.030029 -0.139282 0.028481 -0.058386 -0.270805
