-0.035889 0.187134 -0.421143 -0.069778 0.363843 -0.818824
0.290405 0.444214 -0.324341 0.564633 0.863681 -0.630613
0.581909 -0.473389 -0.191895 1.131401 -0.920406 -0.373099
1.026978 -1.209351 -0.132935 1.996744 -2.351330 -0.258464
1.358765 -1.727783 0.112671 2.641835 -3.359314 0.219065
1.537720 -2.112915 0.184448 2.989776 -4.108123 0.358621
1.619263 -2.169556 0.132446 3.148319 -4.218249 0.257514
1.674927 -1.798462 0.464966 3.256546 -3.496734 0.904029
1.444214 -1.571411 0.839966 2.807973 -3.055281 1.633139
1.055664 -1.401978 1.166992 2.052519 -2.725853 2.268973
0.670166 -1.225464 1.431274 1.302998 -2.382659 2.782815
0.356323 -1.309326 1.537354 0.692796 -2.545712 2.989064
0.153198 -1.088013 1.499268 0.297862 -2.115414 2.915013
0.037720 -0.667969 1.459229 0.073338 -1.298726 2.837166
-0.166138 -0.403442 1.482422 -0.323020 -0.784410 2.882260
-0.538208 -0.344604 1.615356 -1.046433 -0.670012 3.140724
-1.020874 -0.536377 1.783203 -1.984877 -1.042873 3.467067
-1.529419 -0.823486 1.582886 -2.973636 -1.601098 3.077591
-0.973267 0.179932 1.202026 -1.892314 0.349840 2.337090
0.226929 1.131958 0.723389 0.441216 2.200856 1.406479
0.456177 1.075439 0.111084 0.886941 2.090968 0.215980
0.665161 0.559692 -0.209717 1.293267 1.088205 -0.407751
1.308716 0.544067 -0.472290 2.544525 1.057826 -0.918270
1.795898 0.835449 -0.754150 3.491750 1.624357 -1.466288
1.948608 1.037720 -0.771362 3.788663 2.017630 -1.499753
1.649414 0.984497 -0.840576 3.206942 1.914149 -1.634325
1.541626 1.012451 -0.897583 2.997370 1.968500 -1.745163
1.441284 1.047974 -1.117920 2.802277 2.037566 -2.173562
1.260986 1.217285 -1.266357 2.451725 2.366757 -2.462168
1.102661 1.229370 -1.435791 2.143895 2.390254 -2.791596
0.939453 1.023071 -1.706665 1.826571 1.989149 -3.318254
0.805908 0.797974 -2.007324 1.566921 1.551493 -3.902824
0.545776 0.771240 -2.163452 1.061148 1.499516 -4.206382
0.111694 0.839355 -2.217529 0.217166 1.631952 -4.311523
-0.271606 0.814087 -2.152710 -0.528082 1.582822 -4.185496
-0.365479 0.974243 -2.136353 -0.710597 1.894213 -4.153692
-0.688965 1.193359 -2.068115 -1.339549 2.320239 -4.021019
-1.031128 1.059448 -1.951538 -2.004813 2.059876 -3.794359
-1.160645 0.698364 -1.723267 -2.256631 1.357824 -3.350533
-0.913208 0.531006 -1.291748 -1.775543 1.032430 -2.511535
-0.499756 0.179321 -0.728027 -0.971671 0.348653 -1.415497
-0.242188 -0.139282 -0.361938 -0.470883 -0.270805 -0.703714
-0.074707 -0.300171 -0.208496 -0.145252 -0.583620 -0.405377
0.025146 -0.371338 -0.092041 0.048892 -0.721989 -0.178955
0.096436 -0.310059 0.006104 0.187499 -0.602844 0.011867
0.071411 -0.210327 -0.029663 0.138844 -0.408937 -0.057674
0.079834 -0.189697 -0.021606 0.155221 -0.368827 -0.042009
0.130615 -0.156616 0.030640 0.253954 -0.304508 0.059572
0.160278 -0.184204 0.066528 0.311628 -0.358146 0.129350
0.163086 -0.242676 0.089233 0.317087 -0.471832 0.173496
0.136597 -0.250244 0.139526 0.265584 -0.486548 0.271280
0.129883 -0.238281 0.152100 0.252530 -0.463288 0.295726
0.071533 -0.206421 0.114990 0.139081 -0.401342 0.223575
-0.012085 -0.130859 0.138794 -0.023497 -0.254429 0.269856
-0.081177 -0.015747 0.101563 -0.157831 -0.030617 0.197467
-0.114502 0.079956 -0.017090 -0.222625 0.155458 -0.033228
-0.112671 0.129395 -0.046997 -0.219065 0.251581 -0.091376
-0.130005 0.090210 -0.053467 -0.252767 0.175394 -0.103955
-0.165894 0.073364 -0.027344 -0.322545 0.142642 -0.053164
-0.162109 0.050537 -0.038818 -0.315188 0.098259 -0.075474
-0.150513 0.022217 -0.054810 -0.292641 0.043196 -0.106566
-0.141235 0.001587 -0.059326 -0.274603 0.003085 -0.115347
-0.139526 -0.017456 -0.067139 -0.271280 -0.033940 -0.130537
-0.128662 -0.033081 -0.101074 -0.250157 -0.064319 -0.196518
-0.116211 -0.060669 -0.124756 -0.225948 -0.117958 -0.242562
-0.108643 -0.043457 -0.127930 -0.211233 -0.084493 -0.248733
-0.109497 -0.006226 -0.141846 -0.212894 -0.012104 -0.275789
-0.098633 -0.012451 -0.143066 -0.191771 -0.024209 -0.278163
-0.075928 -0.022461 -0.142334 -0.147626 -0.043671 -0.276739
-0.071045 -0.064941 -0.136719 -0.138132 -0.126265 -0.265821
-0.064819 -0.047729 -0.118042 -0.126028 -0.092800 -0.229508
-0.039673 -0.048218 -0.117920 -0.077136 -0.093749 -0.229271
-0.027100 -0.043579 -0.084106 -0.052690 -0.084730 -0.163527
-0.018188 -0.020264 -0.066528 -0.035364 -0.039398 -0.129350
-0.002808 -0.061157 -0.027466 -0.005459 -0.118907 -0.053402
0.000610 -0.036011 -0.002563 0.001187 -0.070015 -0.004984
-0.004639 -0.006348 -0.075806 -0.009019 -0.012342 -0.147388
0.000854 -0.047729 -0.111084 0.001661 -0.092800 -0.215980
-0.023438 -0.047241 -0.106445 -0.045569 -0.091851 -0.206961
-0.047729 -0.049194 -0.088501 -0.092800 -0.095648 -0.172072
