-0.352295 -0.058472 -0.434448 -0.684964 -0.113686 -0.844694
-0.433594 -0.050049 -0.545776 -0.843033 -0.097310 -1.061148
-0.473999 0.039429 -0.519531 -0.921592 0.076661 -1.010120
-0.391968 0.056152 -0.447144 -0.762100 0.109177 -0.869377
-0.271851 0.152588 -0.359131 -0.528557 0.296675 -0.698255
-0.073975 0.111206 -0.190308 -0.143828 0.216217 -0.370014
0.347412 -0.101318 -0.217651 0.675470 -0.196992 -0.423178
0.776978 -0.535278 -0.115601 1.510671 -1.040737 -0.224761
1.129272 -0.526001 0.048950 2.195635 -1.022699 0.095173
1.243530 -0.612671 0.126831 2.417785 -1.191211 0.246597
1.287720 -0.881104 0.226318 2.503703 -1.713122 0.440029
1.365723 -1.161255 0.467041 2.655363 -2.257818 0.908064
1.305420 -1.232300 0.828857 2.538117 -2.395950 1.611541
0.955322 -1.342407 1.206787 1.857425 -2.610031 2.346346
0.427612 -1.514404 1.542969 0.831403 -2.944443 2.999981
-0.025391 -1.721191 1.880005 -0.049367 -3.346498 3.655278
-0.372803 -1.780151 2.117188 -0.724837 -3.461133 4.116430
-0.744995 -1.250122 2.279907 -1.448488 -2.430602 4.432805
-1.037476 -0.609131 2.414185 -2.017155 -1.184328 4.693879
-1.140869 -0.461426 2.455322 -2.218182 -0.897146 4.773862
-1.143677 -0.453369 2.429199 -2.223641 -0.881482 4.723072
-0.906860 0.119995 2.245850 -1.763201 0.233305 4.366587
-0.389526 0.250977 1.603638 -0.757353 0.487972 3.117939
0.278687 -0.250977 0.686890 0.541848 -0.487972 1.335514
0.705688 -0.530273 0.077271 1.372064 -1.031006 0.150236
0.946777 -0.101196 -0.070190 1.840811 -0.196755 -0.136471
0.879395 0.300171 -0.020752 1.709799 0.583620 -0.040348
0.701904 0.374023 -0.307983 1.364707 0.727211 -0.598810
0.826294 0.341309 -0.618042 1.606556 0.663603 -1.201654
1.076904 0.419189 -0.874634 2.093816 0.815027 -1.700543
1.133545 0.620728 -0.955811 2.203942 1.206875 -1.858374
1.307251 0.827881 -1.147949 2.541677 1.609642 -2.231948
1.289185 0.864380 -1.318359 2.506551 1.680607 -2.563275
1.056396 0.794189 -1.513916 2.053943 1.544136 -2.943494
0.866211 0.812378 -1.670044 1.684167 1.579500 -3.247052
0.765503 1.134155 -1.816406 1.488361 2.205129 -3.531623
0.530273 1.337646 -1.962158 1.031006 2.600775 -3.815008
0.078613 1.188965 -2.111694 0.152847 2.311694 -4.105750
-0.277100 0.972900 -2.352173 -0.538762 1.891602 -4.573310
-0.269165 1.026733 -2.538452 -0.523335 1.996269 -4.935491
-0.151489 1.335571 -2.407471 -0.294539 2.596740 -4.680825
-0.099731 1.409790 -1.851685 -0.193907 2.741043 -3.600215
-0.113159 0.996094 -1.147949 -0.220014 1.936697 -2.231948
-0.086426 0.435547 -0.728638 -0.168037 0.846830 -1.416684
-0.001709 0.098633 -0.524170 -0.003323 0.191771 -1.019139
0.034790 0.005493 -0.351318 0.067642 0.010680 -0.683065
0.042847 -0.095215 -0.241333 0.083306 -0.185125 -0.469222
0.040771 -0.140381 -0.155151 0.079272 -0.272941 -0.301659
0.030762 -0.136108 -0.131714 0.059810 -0.264634 -0.256090
0.049072 -0.123657 -0.101929 0.095411 -0.240426 -0.198179
0.056396 -0.112183 -0.002075 0.109651 -0.218116 -0.004035
0.101318 -0.080811 0.055054 0.196992 -0.157119 0.107040
0.124756 -0.088501 0.059692 0.242562 -0.172072 0.116059
0.128052 -0.096924 0.051025 0.248970 -0.188448 0.099208
0.128784 -0.081665 0.024048 0.250394 -0.158781 0.046756
0.117065 -0.116333 -0.027954 0.227609 -0.226185 -0.054351
0.092163 -0.124023 -0.043213 0.179192 -0.241138 -0.084018
0.070557 -0.106079 -0.048584 0.137183 -0.206249 -0.094461
0.005859 -0.102417 -0.054321 0.011392 -0.199128 -0.105616
-0.053345 -0.070557 -0.043335 -0.103718 -0.137183 -0.084256
-0.113159 -0.019653 -0.041138 -0.220014 -0.038212 -0.079984
-0.163452 -0.014893 -0.047607 -0.317799 -0.028956 -0.092563
-0.188354 -0.043701 -0.063477 -0.366216 -0.084968 -0.123417
-0.206787 -0.059814 -0.067139 -0.402054 -0.116297 -0.130537
-0.229736 -0.069580 -0.081177 -0.446674 -0.135284 -0.157831
-0.242432 -0.065063 -0.094971 -0.471358 -0.126502 -0.184651
-0.249023 -0.056519 -0.090332 -0.484174 -0.109889 -0.175632
-0.242920 -0.068848 -0.087769 -0.472307 -0.133860 -0.170648
-0.231445 -0.098389 -0.067139 -0.449997 -0.191296 -0.130537
-0.218628 -0.092896 -0.031128 -0.425076 -0.180616 -0.060522
-0.167969 -0.046265 -0.042603 -0.326580 -0.089952 -0.082832
-0.113525 -0.050659 -0.065674 -0.220726 -0.098496 -0.127689
-0.108398 -0.055054 -0.066406 -0.210758 -0.107040 -0.129113
-0.109741 -0.044800 -0.046387 -0.213369 -0.087104 -0.090189
-0.098877 -0.066528 -0.030396 -0.192246 -0.129350 -0.059098
-0.077881 -0.046753 -0.037598 -0.151423 -0.090901 -0.073101
-0.062256 -0.023193 -0.106689 -0.121044 -0.045095 -0.207435
-0.037964 -0.115234 -0.195068 -0.073813 -0.224049 -0.379270
-0.042969 -0.232666 -0.101318 -0.083544 -0.452371 -0.196992
-0.104126 -0.363159 0.116821 -0.202451 -0.706087 0.227135
