-0.055786 -0.039551 -0.285522 -0.108465 -0.076898 -0.555139
-0.052368 -0.055542 -0.417969 -0.101819 -0.107990 -0.812653
-0.155029 0.168457 -0.340698 -0.301422 0.327530 -0.662417
-0.419067 0.146240 -0.043457 -0.814789 0.284334 -0.084493
-0.562378 0.069336 -0.178589 -1.093427 0.134809 -0.347229
-0.525024 -0.147095 -0.125244 -1.020801 -0.285995 -0.243511
-0.100098 -0.383667 -0.100342 -0.194619 -0.745961 -0.195094
0.387329 -0.494141 -0.368286 0.753081 -0.960754 -0.716056
0.553467 -0.712402 -0.484253 1.076101 -1.385118 -0.941529
0.641357 -0.769287 -0.240112 1.246986 -1.495718 -0.466848
0.760254 -1.120483 -0.072266 1.478155 -2.178546 -0.140505
1.011963 -1.495361 0.087646 1.967551 -2.907418 0.170410
1.221069 -1.588989 0.193481 2.374115 -3.089458 0.376184
1.093506 -1.555420 0.387817 2.126094 -3.024190 0.754030
0.805298 -1.486938 0.854004 1.565734 -2.891042 1.660433
0.451538 -1.458008 1.234375 0.877922 -2.834792 2.399985
0.136841 -1.271362 1.340210 0.266058 -2.471899 2.605759
-0.099121 -1.050659 1.315552 -0.192720 -2.042788 2.557816
-0.250000 -0.634644 1.424927 -0.486073 -1.233932 2.770473
-0.382080 -0.406250 1.482178 -0.742875 -0.789868 2.881786
-0.556641 -0.347656 1.532837 -1.082272 -0.675945 2.980282
-0.592163 -0.023682 1.788208 -1.151338 -0.046044 3.476798
-0.316528 0.558960 1.836060 -0.615423 1.086781 3.569835
0.027832 0.763550 1.303833 0.054114 1.484563 2.535032
0.341553 0.557251 0.702393 0.664078 1.083458 1.365656
0.725098 0.143433 0.169067 1.409801 0.278875 0.328716
0.990967 -0.076172 0.144165 1.926728 -0.148100 0.280299
0.928101 0.129150 -0.073120 1.804498 0.251106 -0.142167
1.059326 0.577881 -0.122925 2.059639 1.123569 -0.239002
1.078979 0.887939 -0.192993 2.097851 1.726413 -0.375235
1.082886 0.823242 -0.435059 2.105446 1.600623 -0.845881
0.971924 0.409180 -0.733154 1.889703 0.795565 -1.425466
0.905029 0.249756 -0.966187 1.759641 0.485598 -1.878548
0.945190 0.606323 -1.097412 1.837726 1.178869 -2.133689
0.898438 0.801025 -1.166992 1.746825 1.557427 -2.268973
0.832642 0.782715 -1.277832 1.618898 1.521826 -2.484478
0.957642 0.798584 -1.476929 1.861935 1.552680 -2.871580
0.622192 0.503052 -1.556641 1.209723 0.978079 -3.026563
0.391602 0.371704 -1.673462 0.761388 0.722701 -3.253698
0.194580 0.527222 -1.801880 0.378320 1.025073 -3.503380
-0.044189 0.687988 -1.822754 -0.085917 1.337650 -3.543965
-0.415283 0.730225 -1.711060 -0.807432 1.419770 -3.326799
-1.003052 0.848145 -1.541748 -1.950225 1.649040 -2.997608
-0.951294 1.021240 -1.677734 -1.849593 1.985589 -3.262005
-0.770508 0.942261 -1.637695 -1.498092 1.832030 -3.184157
-0.540527 0.490723 -1.193726 -1.050943 0.954108 -2.320951
-0.297974 0.140503 -0.738892 -0.579348 0.273179 -1.436621
-0.100098 0.006348 -0.403809 -0.194619 0.012342 -0.785122
-0.020508 -0.053345 -0.226929 -0.039873 -0.103718 -0.441216
-0.021484 -0.094482 -0.106323 -0.041772 -0.183701 -0.206723
-0.003784 -0.202271 -0.000244 -0.007358 -0.393273 -0.000475
0.072144 -0.308105 0.067261 0.140268 -0.599047 0.130774
0.141357 -0.306885 0.067383 0.274840 -0.596673 0.131012
0.136719 -0.257813 0.032227 0.265821 -0.501263 0.062658
0.074341 -0.226074 -0.015259 0.144540 -0.439554 -0.029668
0.026123 -0.202026 -0.034180 0.050791 -0.392798 -0.066455
0.031982 -0.160767 -0.016846 0.062183 -0.312577 -0.032753
0.035522 -0.118530 -0.008179 0.069066 -0.230457 -0.015902
-0.005737 -0.070435 -0.015015 -0.011155 -0.136945 -0.029193
-0.038330 -0.034790 -0.028198 -0.074525 -0.067642 -0.054826
-0.021362 -0.030151 -0.036377 -0.041535 -0.058623 -0.070727
0.012085 -0.027832 -0.051514 0.023497 -0.054114 -0.100158
0.032959 -0.011475 -0.074829 0.064082 -0.022310 -0.145490
0.039917 -0.002930 -0.088257 0.077610 -0.005696 -0.171597
0.038818 0.030518 -0.103271 0.075474 0.059335 -0.200790
0.033203 0.021362 -0.101563 0.064557 0.041535 -0.197467
0.028687 0.039307 -0.110229 0.055775 0.076424 -0.214318
0.004883 0.053711 -0.098999 0.009494 0.104430 -0.192483
-0.022827 0.052002 -0.095459 -0.044383 0.101107 -0.185600
-0.065918 0.050537 -0.107056 -0.128164 0.098259 -0.208147
-0.086792 0.032593 -0.113770 -0.168749 0.063370 -0.221201
-0.096313 0.025391 -0.113525 -0.187261 0.049367 -0.220726
-0.116455 0.037354 -0.113892 -0.226423 0.072626 -0.221438
-0.163330 0.054077 -0.127930 -0.317561 0.105142 -0.248733
-0.193359 0.088745 -0.115845 -0.375947 0.172546 -0.225236
-0.131592 0.106323 -0.104248 -0.255853 0.206723 -0.202689
-0.080078 0.085449 -0.148071 -0.155695 0.166138 -0.287894
-0.051636 0.007813 -0.189087 -0.100395 0.015190 -0.367640
-0.023438 -0.015259 -0.200195 -0.045569 -0.029668 -0.389238
-0.012451 -0.022217 -0.165039 -0.024209 -0.043196 -0.320884
