-0.592041 -0.045776 -0.337158 -1.151100 -0.089003 -0.655534
-0.548706 0.205200 -0.281860 -1.066845 0.398969 -0.548019
-0.253540 0.206787 -0.217407 -0.492956 0.402054 -0.422703
0.074219 -0.051392 -0.224976 0.144303 -0.099920 -0.437418
0.333008 -0.350342 -0.210693 0.647464 -0.681167 -0.409649
0.598877 -0.489868 -0.155640 1.164391 -0.952447 -0.302609
0.712280 -0.388916 -0.091919 1.384881 -0.756166 -0.178717
0.816406 -0.462646 0.089355 1.587332 -0.899520 0.173733
0.796021 -0.475342 0.261475 1.547696 -0.924203 0.508383
0.643555 -0.660522 0.488281 1.251258 -1.284248 0.949361
0.394897 -0.645752 0.738770 0.767796 -1.255530 1.436383
0.095459 -0.589233 0.864746 0.185600 -1.145642 1.681319
-0.164795 -0.657959 0.871094 -0.320409 -1.279264 1.693660
-0.400879 -0.753540 0.845947 -0.779426 -1.465102 1.644768
-0.578979 -0.691895 0.812744 -1.125705 -1.345245 1.580212
-0.756470 -0.750244 0.860596 -1.470798 -1.458693 1.673249
-0.898315 -0.494385 0.978394 -1.746587 -0.961228 1.902282
-0.941528 -0.124268 1.033813 -1.830606 -0.241612 2.010035
-0.856201 0.200684 0.999390 -1.664705 0.390187 1.943105
-0.327515 0.241089 0.655273 -0.636784 0.468747 1.274043
0.340454 0.154053 0.257690 0.661942 0.299523 0.501025
0.691772 0.046997 0.035645 1.345007 0.091376 0.069303
0.881470 0.080322 -0.094238 1.713834 0.156170 -0.183227
0.890503 0.263184 -0.203491 1.731397 0.511706 -0.395646
0.868408 0.372803 -0.312378 1.688439 0.724837 -0.607354
0.851563 0.317627 -0.470337 1.655686 0.617559 -0.914472
0.864258 0.283203 -0.643188 1.680369 0.550629 -1.250546
0.880981 0.277954 -0.755737 1.712885 0.540424 -1.469374
0.822632 0.304565 -0.831421 1.599436 0.592164 -1.616525
0.705322 0.328735 -0.903564 1.371352 0.639157 -1.756793
0.546997 0.324341 -0.974121 1.063522 0.630613 -1.893975
0.357910 0.319580 -0.999146 0.695882 0.621357 -1.942630
0.250000 0.319946 -1.039429 0.486073 0.622069 -2.020952
0.124390 0.290283 -1.106689 0.241850 0.564395 -2.151727
0.004150 0.294800 -1.142822 0.008070 0.573177 -2.221980
-0.107056 0.320068 -1.111938 -0.208147 0.622306 -2.161933
-0.215942 0.310913 -1.019165 -0.419855 0.604506 -1.981554
-0.255859 0.252441 -0.901733 -0.497465 0.490820 -1.753233
-0.276733 0.168213 -0.768677 -0.538050 0.327055 -1.494532
-0.262695 0.145996 -0.628052 -0.510756 0.283859 -1.221116
-0.254028 0.146118 -0.478027 -0.493905 0.284096 -0.929425
-0.235962 0.205200 -0.354980 -0.458779 0.398969 -0.690186
-0.178711 0.202148 -0.294922 -0.347466 0.393036 -0.573414
-0.116455 0.109375 -0.264893 -0.226423 0.212657 -0.515028
-0.075562 0.064087 -0.239502 -0.146914 0.124604 -0.465662
-0.078247 0.023560 -0.208740 -0.152135 0.045807 -0.405852
-0.091797 -0.023682 -0.172729 -0.178480 -0.046044 -0.335836
-0.073853 -0.023682 -0.152466 -0.143591 -0.046044 -0.296438
-0.033569 0.006348 -0.170898 -0.065269 0.012342 -0.332276
0.011108 -0.001099 -0.189331 0.021598 -0.002136 -0.368115
0.029419 -0.030640 -0.170166 0.057199 -0.059572 -0.330852
0.022705 -0.012329 -0.135986 0.044145 -0.023971 -0.264397
0.000732 -0.005127 -0.105469 0.001424 -0.009968 -0.205062
-0.011230 0.023315 -0.098389 -0.021835 0.045332 -0.191296
0.001831 0.042969 -0.107666 0.003560 0.083544 -0.209334
0.017578 0.005737 -0.100830 0.034177 0.011155 -0.196043
0.000610 -0.005859 -0.086060 0.001187 -0.011392 -0.167325
-0.005005 0.010986 -0.078857 -0.009731 0.021361 -0.153322
-0.000854 0.039307 -0.084351 -0.001661 0.076424 -0.164002
0.014282 0.026489 -0.102905 0.027769 0.051503 -0.200078
0.011230 0.007813 -0.102905 0.021835 0.015190 -0.200078
0.003418 -0.011108 -0.103882 0.006646 -0.021598 -0.201977
-0.005005 -0.027588 -0.100586 -0.009731 -0.053639 -0.195568
-0.013916 -0.012207 -0.095337 -0.027057 -0.023734 -0.185363
-0.013794 0.009033 -0.076050 -0.026819 0.017563 -0.147863
-0.005371 -0.013306 -0.067017 -0.010443 -0.025870 -0.130300
0.010498 -0.064331 -0.076416 0.020411 -0.125078 -0.148575
0.021240 -0.099854 -0.081299 0.041297 -0.194144 -0.158069
-0.018921 -0.050293 -0.073120 -0.036788 -0.097784 -0.142167
-0.067749 0.010864 -0.046509 -0.131724 0.021123 -0.090427
-0.081177 0.017822 -0.013916 -0.157831 0.034652 -0.027057
-0.098511 0.021240 0.008789 -0.191534 0.041297 0.017089
-0.103149 0.079712 0.012451 -0.200553 0.154983 0.024209
-0.052856 0.157715 -0.040161 -0.102768 0.306644 -0.078085
0.018433 0.204468 -0.092651 0.035838 0.397545 -0.180141
0.080566 0.235229 -0.132324 0.156645 0.457355 -0.257277
0.100708 0.201538 -0.136230 0.195806 0.391849 -0.264872
0.094971 0.142212 -0.116821 0.184651 0.276501 -0.227135
0.083618 0.127441 -0.073975 0.162578 0.247783 -0.143828
0.066772 0.129639 -0.039307 0.129825 0.252055 -0.076424
