-0.174316 0.160522 -0.395874 -0.338922 0.312102 -0.769695
-0.265991 0.054321 -0.336060 -0.517164 0.105616 -0.653398
-0.204956 -0.048462 -0.366943 -0.398494 -0.094224 -0.713445
-0.043335 -0.096436 -0.344849 -0.084256 -0.187499 -0.670486
0.219238 -0.207764 -0.308716 0.426263 -0.403953 -0.600234
0.408081 -0.353882 -0.312134 0.793429 -0.688049 -0.606879
0.446411 -0.513306 -0.321533 0.867953 -0.998016 -0.625154
0.733887 -0.238525 -0.337769 1.426890 -0.463763 -0.656721
0.774902 0.206543 -0.401733 1.506636 0.401580 -0.781087
0.658936 -0.200073 -0.004883 1.281163 -0.389001 -0.009494
0.641602 -0.238647 0.409424 1.247460 -0.464000 0.796039
0.508423 0.043457 0.714111 0.988522 0.084493 1.388441
0.317017 -0.015259 0.807495 0.616373 -0.029668 1.570006
0.138794 -0.391357 0.773560 0.269856 -0.760913 1.504025
-0.022339 -0.691772 0.845459 -0.043433 -1.345007 1.643819
-0.242065 -0.751221 1.018066 -0.470646 -1.460592 1.979418
-0.505615 -0.595093 1.202759 -0.983063 -1.157034 2.338514
-0.720337 -0.385132 1.235962 -1.400545 -0.748809 2.403070
-0.851196 -0.161987 1.126221 -1.654974 -0.314951 2.189702
-0.866333 0.096069 0.941406 -1.684404 0.186787 1.830368
-0.650146 0.225586 0.782471 -1.264074 0.438605 1.521351
-0.319946 0.284546 0.687622 -0.622069 0.553240 1.336938
0.058960 0.332764 0.518066 0.114635 0.646990 1.007272
0.483398 0.230225 0.188599 0.939868 0.447624 0.366691
0.765137 0.133179 -0.112793 1.487649 0.258938 -0.219302
0.898071 0.100830 -0.249268 1.746112 0.196043 -0.484649
0.944214 0.157837 -0.333862 1.835827 0.306881 -0.649126
0.914063 0.225342 -0.456543 1.777204 0.438130 -0.887653
0.951050 0.317871 -0.644531 1.849118 0.618034 -1.253157
1.074585 0.363647 -0.804199 2.089307 0.707037 -1.563598
1.134399 0.329102 -0.932861 2.205603 0.639869 -1.813754
1.015381 0.349121 -1.029297 1.974196 0.678793 -2.001253
0.896606 0.487671 -1.122070 1.743264 0.948174 -2.181632
0.798706 0.580078 -1.211060 1.552917 1.127841 -2.354653
0.668457 0.490967 -1.274414 1.299675 0.954583 -2.477833
0.548584 0.249390 -1.352173 1.066607 0.484886 -2.629018
0.333496 0.298462 -1.450684 0.648414 0.580297 -2.820552
0.059937 0.538940 -1.440918 0.116534 1.047857 -2.801565
-0.223999 0.499268 -1.230957 -0.435519 0.970722 -2.393339
-0.345337 0.398315 -0.975098 -0.671436 0.774441 -1.895874
-0.307861 0.313110 -0.710327 -0.598572 0.608778 -1.381083
-0.306763 0.208374 -0.495605 -0.596436 0.405140 -0.963602
-0.306763 0.224976 -0.353027 -0.596436 0.437418 -0.686388
-0.274780 0.171387 -0.268433 -0.534253 0.333226 -0.521911
-0.237915 0.047363 -0.210083 -0.462576 0.092088 -0.408463
-0.181030 0.044434 -0.212524 -0.351976 0.086392 -0.413209
-0.138062 0.082031 -0.232910 -0.268432 0.159493 -0.452845
-0.098389 0.101074 -0.193359 -0.191296 0.196518 -0.375947
-0.043579 0.137329 -0.149170 -0.084730 0.267008 -0.290030
0.005127 0.099609 -0.103638 0.009968 0.193670 -0.201502
0.049683 -0.008423 -0.095947 0.096597 -0.016376 -0.186549
0.058105 -0.010010 -0.081787 0.112974 -0.019462 -0.159018
0.024658 0.036865 -0.052856 0.047943 0.071677 -0.102768
0.006836 0.029297 -0.047974 0.013291 0.056962 -0.093275
-0.007080 -0.001343 -0.058716 -0.013766 -0.002611 -0.114161
-0.009155 -0.029053 -0.087280 -0.017801 -0.056487 -0.169698
-0.010986 -0.055054 -0.108521 -0.021361 -0.107040 -0.210996
-0.034546 -0.053589 -0.111572 -0.067167 -0.104192 -0.216929
-0.055176 -0.048096 -0.096558 -0.107278 -0.093512 -0.187736
-0.056396 -0.072754 -0.098511 -0.109651 -0.141455 -0.191534
-0.063110 -0.098999 -0.135132 -0.122705 -0.192483 -0.262736
-0.090820 -0.086304 -0.137573 -0.176581 -0.167800 -0.267482
-0.088745 -0.047485 -0.151489 -0.172546 -0.092325 -0.294539
-0.062744 -0.010254 -0.157227 -0.121993 -0.019937 -0.305694
-0.049194 0.002563 -0.150757 -0.095648 0.004984 -0.293115
-0.044189 0.029785 -0.131836 -0.085917 0.057911 -0.256328
-0.037109 0.011841 -0.134033 -0.072151 0.023022 -0.260600
-0.042480 -0.001831 -0.135986 -0.082594 -0.003560 -0.264397
-0.049194 0.045044 -0.134644 -0.095648 0.087579 -0.261786
-0.034546 0.027100 -0.133667 -0.067167 0.052690 -0.259888
-0.015747 -0.002441 -0.124512 -0.030617 -0.004747 -0.242087
-0.011963 -0.029907 -0.103882 -0.023259 -0.058148 -0.201977
-0.009399 -0.021606 -0.096313 -0.018275 -0.042009 -0.187261
-0.015259 -0.026001 -0.119995 -0.029668 -0.050553 -0.233305
-0.021606 -0.021851 -0.133911 -0.042009 -0.042484 -0.260362
-0.037354 -0.018311 -0.130127 -0.072626 -0.035601 -0.253005
-0.052368 -0.012207 -0.109863 -0.101819 -0.023734 -0.213606
-0.043091 0.013550 -0.112061 -0.083781 0.026345 -0.217878
-0.023926 0.015015 -0.127808 -0.046519 0.029193 -0.248495
0.000366 0.007446 -0.142334 0.000712 0.014478 -0.276739
