0.288208 -0.278442 -1.166626 0.560360 -0.541373 -2.268261
0.682617 -0.211914 -1.321167 1.327207 -0.412023 -2.568734
0.565430 -0.051758 -1.000977 1.099360 -0.100632 -1.946190
0.160522 -0.107178 -0.512207 0.312102 -0.208385 -0.995880
0.012207 -0.199951 -0.018311 0.023734 -0.388763 -0.035601
0.277832 -0.384644 0.340576 0.540186 -0.747859 0.662179
0.620605 -0.510498 0.701904 1.206638 -0.992557 1.364707
0.864136 -0.657593 0.813965 1.680132 -1.278552 1.582585
0.913940 -0.736816 0.843506 1.776967 -1.432586 1.640021
0.674927 -0.974731 0.653442 1.312254 -1.895162 1.270483
0.593384 -1.091187 0.373535 1.153711 -2.121585 0.726261
0.730713 -1.169800 0.255371 1.420719 -2.274432 0.496516
0.770020 -0.901855 0.466797 1.497143 -1.753470 0.907589
0.771118 -0.617310 0.833740 1.499279 -1.200230 1.621034
0.653687 -0.831299 1.063599 1.270957 -1.616287 2.067946
0.448853 -0.809937 1.081299 0.872700 -1.574753 2.102360
0.185669 -0.300171 1.071655 0.360995 -0.583620 2.083610
-0.330566 0.290649 1.254028 -0.642717 0.565107 2.438197
-0.926392 1.068726 1.652100 -1.801175 2.077914 3.212163
-1.360596 1.192383 1.832520 -2.645395 2.318340 3.562952
-1.485352 1.124756 1.698730 -2.887957 2.186853 3.302827
-1.176514 0.630127 1.112549 -2.287486 1.225151 2.163119
-0.538208 -0.052856 0.215088 -1.046433 -0.102768 0.418194
0.203125 -0.402588 -0.459839 0.394934 -0.782748 -0.894061
0.734863 -0.267334 -0.407593 1.428789 -0.519775 -0.792479
0.754028 -0.000366 0.050781 1.466051 -0.000712 0.098734
0.567383 0.087524 0.136841 1.103158 0.170173 0.266058
0.590332 0.259888 -0.067749 1.147778 0.505297 -0.131724
0.593384 0.321777 -0.303101 1.153711 0.625629 -0.589316
0.848511 0.126221 -0.570190 1.649752 0.245410 -1.108616
1.199829 -0.048340 -0.822876 2.332818 -0.093987 -1.599911
1.367554 -0.005249 -0.820068 2.658923 -0.010206 -1.594452
1.328003 0.234741 -0.868530 2.582025 0.456405 -1.688676
1.104370 0.338989 -0.978149 2.147218 0.659094 -1.901808
0.798950 0.291748 -1.188477 1.553392 0.567243 -2.310745
0.450317 0.298340 -1.440796 0.875548 0.580060 -2.801327
0.132690 0.399780 -1.545898 0.257989 0.777289 -3.005677
-0.092773 0.465088 -1.521606 -0.180379 0.904266 -2.958447
-0.230713 0.470703 -1.456909 -0.448573 0.915184 -2.832656
-0.294067 0.533936 -1.457642 -0.571753 1.038126 -2.834080
-0.369385 0.694702 -1.496948 -0.718192 1.350704 -2.910504
-0.472046 0.723511 -1.415283 -0.917795 1.406716 -2.751723
-0.558838 0.640137 -1.254517 -1.086544 1.244612 -2.439146
-0.652100 0.469482 -1.091797 -1.267872 0.912811 -2.122772
-0.651489 0.355835 -0.779541 -1.266685 0.691847 -1.515655
-0.526611 0.253174 -0.407349 -1.023886 0.492244 -0.792005
-0.263794 0.108887 -0.113281 -0.512892 0.211708 -0.220252
0.028442 -0.020752 -0.010742 0.055300 -0.040348 -0.020886
0.215820 -0.072998 0.034668 0.419618 -0.141929 0.067405
0.248169 -0.070923 0.035156 0.482513 -0.137895 0.068354
0.147827 -0.098145 0.025391 0.287419 -0.190822 0.049367
-0.031372 -0.087891 0.101074 -0.060996 -0.170885 0.196518
-0.115723 -0.110352 0.111816 -0.224999 -0.214556 0.217404
-0.120483 -0.159302 0.101563 -0.234255 -0.309729 0.197467
-0.103271 -0.158936 0.145508 -0.200790 -0.309017 0.282910
-0.099365 -0.109619 0.159180 -0.193195 -0.213132 0.309492
-0.133789 -0.034546 0.147461 -0.260125 -0.067167 0.286707
-0.144287 0.009399 0.099854 -0.280536 0.018275 0.194144
-0.093994 0.031982 -0.002075 -0.182752 0.062183 -0.004035
-0.067749 0.062378 -0.081543 -0.131724 0.121281 -0.158543
-0.062500 0.057251 -0.107544 -0.121518 0.111313 -0.209097
-0.054443 0.052368 -0.115112 -0.105854 0.101819 -0.223812
-0.022827 0.049805 -0.101685 -0.044383 0.096835 -0.197704
-0.012695 0.059326 -0.104126 -0.024683 0.115347 -0.202451
-0.008789 0.037842 -0.132324 -0.017089 0.073575 -0.257277
0.006104 0.006470 -0.125977 0.011867 0.012579 -0.244935
0.008301 0.012939 -0.095825 0.016139 0.025158 -0.186312
0.005127 0.004639 -0.106934 0.009968 0.009019 -0.207910
0.010742 -0.002075 -0.133545 0.020886 -0.004035 -0.259650
0.005249 0.015503 -0.136475 0.010206 0.030142 -0.265346
-0.004761 0.019897 -0.141724 -0.009256 0.038686 -0.275552
-0.014038 0.004028 -0.140015 -0.027294 0.007832 -0.272229
-0.028931 0.007202 -0.115112 -0.056250 0.014003 -0.223812
-0.033691 0.001465 -0.102295 -0.065506 0.002848 -0.198891
-0.023926 -0.010620 -0.099121 -0.046519 -0.020649 -0.192720
-0.016602 -0.005249 -0.099609 -0.032278 -0.010206 -0.193670
-0.001343 -0.008789 -0.103638 -0.002611 -0.017089 -0.201502
0.000977 0.023804 -0.108643 0.001899 0.046281 -0.211233
0.010498 0.009888 -0.134521 0.020411 0.019225 -0.261549
0.029419 -0.006470 -0.134399 0.057199 -0.012579 -0.261312
