-0.182495 -0.408813 -0.624634 -0.354824 -0.794853 -1.214470
-0.229248 -0.544922 -0.731079 -0.445725 -1.059487 -1.421431
-0.378662 -0.281128 -0.840332 -0.736230 -0.546595 -1.633851
-0.465698 0.109741 -0.947754 -0.905453 0.213369 -1.842710
-0.403564 0.251465 -0.602539 -0.784647 0.488921 -1.171512
-0.155640 0.042114 -0.312744 -0.302609 0.081882 -0.608066
0.262817 -0.679810 -0.422974 0.510994 -1.321748 -0.822384
0.735474 -0.979980 -0.331543 1.429975 -1.905368 -0.644616
1.116211 -0.940552 0.070679 2.170239 -1.828707 0.137420
1.350464 -0.904175 0.552612 2.625695 -1.757980 1.074440
1.477905 -1.010864 0.582642 2.873479 -1.965415 1.132825
1.469116 -1.054932 0.352051 2.856390 -2.051095 0.684489
1.338257 -1.123413 0.301514 2.601962 -2.184243 0.586231
1.073730 -1.304199 0.393311 2.087645 -2.535744 0.764710
0.849976 -1.421875 0.512695 1.652600 -2.764540 0.996829
0.663696 -1.475098 0.766357 1.290419 -2.868020 1.490022
0.441650 -1.388428 1.009766 0.858697 -2.699508 1.963279
0.163086 -0.988647 1.265625 0.317087 -1.922219 2.460744
-0.190186 -0.741455 1.477905 -0.369776 -1.441605 2.873479
-0.577148 -1.037842 1.782104 -1.122145 -2.017867 3.464931
-0.855835 -1.342285 1.965088 -1.663993 -2.609794 3.820704
-0.644287 -0.357178 1.933716 -1.252682 -0.694458 3.759707
-0.278198 0.646362 1.824097 -0.540899 1.256717 3.546576
-0.210205 0.656738 1.292725 -0.408700 1.276891 2.513434
-0.016479 0.384277 0.697876 -0.032041 0.747147 1.356874
0.395508 0.052734 0.332275 0.768983 0.102531 0.646040
0.661011 -0.034668 0.519897 1.285198 -0.067405 1.010832
0.812500 -0.046265 0.069824 1.579737 -0.089952 0.135759
0.656860 0.103149 -0.043457 1.277128 0.200553 -0.084493
0.581909 0.188843 -0.093628 1.131401 0.367165 -0.182040
0.629272 0.235474 -0.159790 1.223489 0.457829 -0.310678
0.757813 0.265747 -0.291260 1.473408 0.516690 -0.566294
0.789429 0.254639 -0.427124 1.534880 0.495092 -0.830454
0.787476 0.327393 -0.627319 1.531082 0.636547 -1.219692
0.911743 0.373779 -0.848145 1.772695 0.726736 -1.649040
1.087280 0.439819 -1.033569 2.113990 0.855137 -2.009560
0.950439 0.644165 -1.069946 1.847932 1.252445 -2.080288
0.676025 0.690186 -1.271973 1.314391 1.341922 -2.473086
0.446655 0.634033 -1.491821 0.868428 1.232745 -2.900536
0.311646 0.619019 -1.579102 0.605930 1.203553 -3.070234
0.282471 0.736938 -1.541992 0.549205 1.432823 -2.998082
0.135498 0.858521 -1.469849 0.263448 1.669214 -2.857814
-0.100342 0.719116 -1.497803 -0.195094 1.398172 -2.912165
-0.372070 0.479980 -1.635010 -0.723413 0.933222 -3.178936
-0.616577 0.579224 -1.548096 -1.198806 1.126180 -3.009949
-0.770386 0.745728 -1.388916 -1.497855 1.449912 -2.700458
-0.870483 0.794556 -1.135010 -1.692474 1.544848 -2.206790
-0.869507 0.800415 -0.860107 -1.690575 1.556240 -1.672300
-0.742554 0.664063 -0.681641 -1.443741 1.291131 -1.325308
-0.526367 0.430420 -0.632813 -1.023411 0.836862 -1.230372
-0.327026 0.167358 -0.558105 -0.635835 0.325394 -1.085120
-0.170410 0.015869 -0.393799 -0.331327 0.030854 -0.765660
-0.059570 -0.083984 -0.253540 -0.115822 -0.163290 -0.492956
0.003784 -0.125122 -0.153564 0.007358 -0.243274 -0.298574
0.012817 -0.208740 -0.143066 0.024921 -0.405852 -0.278163
0.019775 -0.296631 -0.157715 0.038449 -0.576737 -0.306644
0.030884 -0.292480 -0.144653 0.060047 -0.568667 -0.281248
0.034912 -0.246704 -0.130493 0.067879 -0.479665 -0.253717
-0.001587 -0.243164 -0.122437 -0.003085 -0.472782 -0.238052
-0.033203 -0.239380 -0.079956 -0.064557 -0.465424 -0.155458
-0.049194 -0.216187 -0.031494 -0.095648 -0.420330 -0.061234
-0.050415 -0.171509 0.014648 -0.098022 -0.333463 0.028481
-0.041260 -0.097046 0.009766 -0.080221 -0.188686 0.018987
-0.042603 -0.060303 -0.025024 -0.082832 -0.117246 -0.048655
-0.031250 -0.041870 -0.041504 -0.060759 -0.081408 -0.080696
-0.006592 -0.034546 -0.074219 -0.012816 -0.067167 -0.144303
0.011963 -0.041748 -0.128784 0.023259 -0.081170 -0.250394
0.024536 -0.021973 -0.155640 0.047705 -0.042721 -0.302609
0.023682 0.023438 -0.161865 0.046044 0.045569 -0.314713
0.003296 0.016602 -0.135254 0.006408 0.032278 -0.262973
-0.006958 0.017578 -0.120972 -0.013528 0.034177 -0.235204
-0.029785 -0.004761 -0.138306 -0.057911 -0.009256 -0.268907
-0.059082 -0.012695 -0.140137 -0.114873 -0.024683 -0.272467
-0.087891 -0.009277 -0.157715 -0.170885 -0.018038 -0.306644
-0.108032 -0.013184 -0.148438 -0.210046 -0.025633 -0.288606
-0.103149 -0.015015 -0.100708 -0.200553 -0.029193 -0.195806
-0.071045 -0.008667 -0.086304 -0.138132 -0.016851 -0.167800
-0.023804 -0.014648 -0.092407 -0.046281 -0.028481 -0.179667
0.014648 -0.027710 -0.096558 0.028481 -0.053876 -0.187736
0.040527 -0.022095 -0.078003 0.078797 -0.042959 -0.151660
