-0.485718 -0.426636 -0.242554 -0.944377 -0.829504 -0.471595
-0.356201 -0.348389 -0.327026 -0.692559 -0.677369 -0.635835
-0.138062 -0.204102 -0.345093 -0.268432 -0.396833 -0.670961
0.113037 -0.053589 -0.333740 0.219777 -0.104192 -0.648888
0.375977 -0.189087 -0.234741 0.731008 -0.367640 -0.456405
0.609131 -0.144043 -0.194702 1.184328 -0.280062 -0.378558
0.618652 -0.292725 -0.038696 1.202841 -0.569142 -0.075237
0.692871 -0.286011 0.246094 1.347143 -0.556088 0.478478
0.552368 -0.366943 0.549316 1.073965 -0.713445 1.068031
0.322388 -0.490112 0.793335 0.626816 -0.952921 1.542475
0.016846 -0.693726 0.936401 0.032753 -1.348805 1.820637
-0.270508 -0.752075 1.039429 -0.525946 -1.462253 2.020952
-0.549316 -0.738281 1.069458 -1.068031 -1.435434 2.079338
-0.807007 -0.792725 1.123413 -1.569057 -1.541288 2.184243
-0.924561 -0.750244 1.155884 -1.797615 -1.458693 2.247375
-0.961548 -0.479126 1.116577 -1.869529 -0.931561 2.170952
-0.854126 -0.073975 0.966675 -1.660670 -0.143828 1.879498
-0.460083 0.144775 0.789063 -0.894536 0.281486 1.534168
0.107422 0.266724 0.636597 0.208859 0.518589 1.237730
0.420410 0.260620 0.326660 0.817400 0.506721 0.635123
0.740845 0.187500 0.014404 1.440418 0.364555 0.028006
0.951172 0.242432 -0.164185 1.849355 0.471358 -0.319223
1.059326 0.366943 -0.243774 2.059639 0.713445 -0.473969
0.998291 0.356567 -0.338501 1.940969 0.693271 -0.658145
0.979492 0.359863 -0.498047 1.904418 0.699679 -0.968348
0.981812 0.384888 -0.654419 1.908928 0.748334 -1.272381
0.946289 0.396240 -0.727661 1.839862 0.770407 -1.414785
0.927124 0.484741 -0.830811 1.802599 0.942478 -1.615338
0.911133 0.434937 -0.972900 1.771508 0.845643 -1.891602
0.798828 0.278687 -1.069336 1.553155 0.541848 -2.079101
0.637939 0.340820 -1.123535 1.240340 0.662654 -2.184480
0.450562 0.457764 -1.140625 0.876023 0.890026 -2.217708
0.240112 0.470703 -1.167236 0.466848 0.915184 -2.269448
0.083984 0.506104 -1.140381 0.163290 0.984013 -2.217233
-0.023682 0.495361 -1.035034 -0.046044 0.963127 -2.012408
-0.065063 0.411011 -0.918213 -0.126502 0.799125 -1.785274
-0.074341 0.349121 -0.796021 -0.144540 0.678793 -1.547696
-0.115112 0.267334 -0.643433 -0.223812 0.519775 -1.251021
-0.141724 0.225464 -0.474121 -0.275552 0.438368 -0.921830
-0.113892 0.224121 -0.376465 -0.221438 0.435757 -0.731957
-0.084229 0.201050 -0.302979 -0.163765 0.390899 -0.589079
-0.104126 0.155273 -0.229980 -0.202451 0.301897 -0.447149
-0.102295 0.107788 -0.217163 -0.198891 0.209571 -0.422228
-0.045166 0.032715 -0.211060 -0.087816 0.063607 -0.410361
-0.056763 -0.046021 -0.181641 -0.110363 -0.089477 -0.353162
-0.076050 -0.016479 -0.141235 -0.147863 -0.032041 -0.274603
-0.078491 0.003784 -0.112305 -0.152610 0.007358 -0.218353
-0.057861 0.014160 -0.080688 -0.112499 0.027531 -0.156882
-0.045776 0.001465 -0.079712 -0.089003 0.002848 -0.154983
-0.036255 0.031250 -0.098999 -0.070490 0.060759 -0.192483
-0.012329 0.046387 -0.084351 -0.023971 0.090189 -0.164002
0.012573 0.025024 -0.077881 0.024446 0.048655 -0.151423
0.033936 -0.005859 -0.074219 0.065981 -0.011392 -0.144303
0.036743 -0.033569 -0.083252 0.071439 -0.065269 -0.161866
0.004883 -0.026367 -0.090576 0.009494 -0.051266 -0.176106
-0.053833 0.008179 -0.066772 -0.104667 0.015902 -0.129825
-0.055786 0.009033 -0.065308 -0.108465 0.017563 -0.126977
-0.032593 -0.008423 -0.067871 -0.063370 -0.016376 -0.131961
-0.019897 0.001831 -0.071899 -0.038686 0.003560 -0.139793
-0.031494 0.002197 -0.073975 -0.061234 0.004272 -0.143828
-0.023804 -0.000122 -0.084839 -0.046281 -0.000237 -0.164952
-0.005859 0.018066 -0.095459 -0.011392 0.035126 -0.185600
0.007446 0.026367 -0.094727 0.014478 0.051266 -0.184176
0.016724 0.030884 -0.096558 0.032516 0.060047 -0.187736
-0.003784 0.010254 -0.088989 -0.007358 0.019937 -0.173021
-0.017090 -0.017944 -0.068359 -0.033228 -0.034889 -0.132911
-0.031250 -0.048096 -0.064331 -0.060759 -0.093512 -0.125078
-0.027466 -0.058472 -0.076172 -0.053402 -0.113686 -0.148100
-0.013916 -0.039185 -0.085449 -0.027057 -0.076186 -0.166138
-0.016235 -0.008179 -0.091064 -0.031566 -0.015902 -0.177056
-0.018799 -0.015991 -0.085571 -0.036550 -0.031092 -0.166376
-0.013550 -0.043213 -0.075928 -0.026345 -0.084018 -0.147626
-0.010254 -0.039307 -0.092651 -0.019937 -0.076424 -0.180141
-0.015625 -0.014282 -0.113525 -0.030380 -0.027769 -0.220726
-0.012939 -0.005371 -0.125610 -0.025158 -0.010443 -0.244223
-0.009277 -0.023193 -0.138916 -0.018038 -0.045095 -0.270093
-0.000122 -0.057373 -0.157593 -0.000237 -0.111550 -0.306406
-0.015259 -0.051514 -0.157715 -0.029668 -0.100158 -0.306644
-0.015625 -0.015015 -0.154419 -0.030380 -0.029193 -0.300235
-0.013916 -0.026489 -0.148315 -0.027057 -0.051503 -0.288368
