0.095093 0.149048 -0.764404 0.184888 0.289792 -1.486225
0.211670 0.273560 -0.705444 0.411548 0.531880 -1.371590
0.312012 0.238159 -0.549561 0.606642 0.463051 -1.068506
0.541992 0.028076 -0.285278 1.053791 0.054588 -0.554664
0.913330 -0.056885 0.043091 1.775780 -0.110601 0.083781
1.003906 -0.116699 0.289795 1.951887 -0.226897 0.563446
0.923096 -0.346436 0.407227 1.794767 -0.673572 0.791767
0.742798 -0.312866 0.498779 1.444216 -0.608303 0.969772
0.397949 -0.179810 0.607544 0.773729 -0.349602 1.181243
0.084961 -0.242432 0.804932 0.165189 -0.471358 1.565022
-0.487183 -0.206421 1.335938 -0.947225 -0.401342 2.597452
-0.990479 -0.483032 1.652344 -1.925779 -0.939156 3.212638
-1.224365 -0.380005 1.918335 -2.380523 -0.738840 3.729803
-1.521851 -0.062988 2.219238 -2.958921 -0.122468 4.314847
-1.923096 0.116699 2.179932 -3.739059 0.226897 4.238423
-1.151123 -0.087646 1.518066 -2.238119 -0.170410 2.951564
0.164795 0.194702 0.977295 0.320409 0.378558 1.900146
0.556396 0.220459 0.646606 1.081797 0.428637 1.257192
0.589478 0.354248 0.420532 1.146116 0.688762 0.817637
0.769775 0.459473 0.163940 1.496668 0.893349 0.318748
0.937012 0.541016 -0.244751 1.821824 1.051892 -0.475867
1.075806 0.158325 -0.753174 2.091680 0.307830 -1.464390
1.236084 -0.113525 -0.904297 2.403308 -0.220726 -1.758217
1.291870 0.011841 -0.875366 2.511772 0.023022 -1.701967
0.992065 0.153809 -1.234741 1.928864 0.299049 -2.400697
0.884644 -0.110107 -1.671509 1.720005 -0.214081 -3.249901
1.168213 -0.240967 -1.774414 2.271347 -0.468510 -3.449978
1.000366 -0.037964 -1.848389 1.945004 -0.073813 -3.593807
0.728516 0.070435 -1.852905 1.416447 0.136945 -3.602588
0.514893 -0.681519 -2.008667 1.001101 -1.325071 -3.905434
0.700195 -1.029175 -2.189819 1.361384 -2.001016 -4.257648
0.505371 -0.308838 -1.884277 0.982589 -0.600471 -3.663585
-0.229126 0.447144 -1.459106 -0.445488 0.869377 -2.836928
-0.746460 0.464478 -1.200073 -1.451336 0.903080 -2.333292
-0.848877 0.189819 -0.923462 -1.650464 0.369064 -1.795479
-0.505249 0.072998 -0.642578 -0.982351 0.141929 -1.249359
-0.147461 -0.202271 -0.540405 -0.286707 -0.393273 -1.050705
-0.002197 -0.255249 -0.436279 -0.004272 -0.496279 -0.848254
-0.167969 0.042114 -0.348999 -0.326580 0.081882 -0.678556
-0.417236 0.298706 -0.218872 -0.811229 0.580772 -0.425551
-0.483887 0.395264 -0.171509 -0.940817 0.768508 -0.333463
-0.275513 0.186768 -0.115479 -0.535677 0.363131 -0.224524
-0.003540 -0.105225 -0.119751 -0.006883 -0.204587 -0.232831
0.126343 -0.170898 -0.159668 0.245647 -0.332276 -0.310441
0.085815 -0.163574 -0.129028 0.166850 -0.318036 -0.250869
0.015259 -0.084961 -0.069336 0.029668 -0.165189 -0.134809
-0.042236 -0.002441 -0.026001 -0.082120 -0.004747 -0.050553
-0.077759 0.054932 -0.053833 -0.151186 0.106803 -0.104667
-0.096313 0.084595 -0.091675 -0.187261 0.164477 -0.178243
-0.090820 0.054932 -0.112305 -0.176581 0.106803 -0.218353
-0.073975 -0.007446 -0.106934 -0.143828 -0.014478 -0.207910
-0.064575 -0.015747 -0.097290 -0.125553 -0.030617 -0.189160
-0.089600 0.021973 -0.095215 -0.174208 0.042721 -0.185125
-0.115723 0.023804 -0.084106 -0.224999 0.046281 -0.163527
-0.171021 0.077026 -0.073120 -0.332514 0.149762 -0.142167
-0.229126 0.150146 -0.039185 -0.445488 0.291929 -0.076186
-0.210938 0.251831 -0.067505 -0.410124 0.489633 -0.131249
-0.148071 0.245117 -0.094116 -0.287894 0.476579 -0.182989
-0.102417 0.075073 -0.122437 -0.199128 0.145964 -0.238052
-0.010376 -0.013550 -0.158569 -0.020174 -0.026345 -0.308305
0.001709 0.015137 -0.137329 0.003323 0.029430 -0.267008
0.033813 -0.015503 -0.117065 0.065743 -0.030142 -0.227609
0.044189 -0.067505 -0.084473 0.085917 -0.131249 -0.164239
0.028198 -0.042480 -0.078735 0.054826 -0.082594 -0.153084
-0.020020 -0.016357 -0.102051 -0.038924 -0.031804 -0.198416
-0.054199 -0.007202 -0.101440 -0.105379 -0.014003 -0.197230
-0.075806 -0.022339 -0.098511 -0.147388 -0.043433 -0.191534
-0.079468 -0.048584 -0.103271 -0.154509 -0.094461 -0.200790
-0.073486 -0.089844 -0.117798 -0.142879 -0.174682 -0.229033
-0.067505 -0.053467 -0.141602 -0.131249 -0.103955 -0.275315
-0.063599 -0.025269 -0.118408 -0.123654 -0.049129 -0.230220
-0.040039 -0.030273 -0.080200 -0.077848 -0.058860 -0.155933
-0.052979 -0.042725 -0.073486 -0.103006 -0.083069 -0.142879
-0.051514 -0.054077 -0.075195 -0.100158 -0.105142 -0.146202
-0.035400 -0.012817 -0.105103 -0.068829 -0.024921 -0.204350
-0.006104 0.003052 -0.122070 -0.011867 0.005934 -0.237340
-0.033203 0.008667 -0.133667 -0.064557 0.016851 -0.259888
-0.023071 0.007568 -0.130859 -0.044857 0.014715 -0.254429
-0.047363 0.025757 -0.129761 -0.092088 0.050079 -0.252293
-0.042603 0.028076 -0.124268 -0.082832 0.054588 -0.241612
