0.179443 0.080566 -0.033813 0.348890 0.156645 -0.065743
0.056274 0.335449 0.020142 0.109414 0.652211 0.039161
-0.062500 0.588623 0.233887 -0.121518 1.144455 0.454744
-0.185181 0.193237 0.245239 -0.360045 0.375710 0.476817
-0.169434 -0.012817 -0.116577 -0.329428 -0.024921 -0.226660
-0.097900 -0.044922 -0.188110 -0.190347 -0.087341 -0.365741
0.051758 0.005981 0.025513 0.100632 0.011630 0.049604
0.283203 -0.471313 0.188721 0.550629 -0.916371 0.366928
0.734741 -0.580933 0.577515 1.428551 -1.129502 1.122857
1.084106 -0.727295 0.928345 2.107819 -1.414073 1.804973
1.186401 -0.898071 0.843628 2.306710 -1.746112 1.640259
1.057007 -1.265381 0.616455 2.055130 -2.460269 1.198568
0.769287 -1.316162 0.726440 1.495718 -2.559003 1.412412
0.338745 -1.153931 1.237793 0.658619 -2.243578 2.406631
0.012085 -1.046875 1.418945 0.023497 -2.035430 2.758843
-0.112183 -1.013428 1.354126 -0.218116 -1.970399 2.632816
-0.304077 -1.047485 1.257568 -0.591215 -2.036617 2.445080
-0.441772 -0.679443 1.281982 -0.858934 -1.321036 2.492548
-0.468994 -0.300781 1.395508 -0.911861 -0.584806 2.713274
-0.637573 -0.204590 1.546265 -1.239628 -0.397782 3.006389
-0.901001 -0.182495 1.607544 -1.751809 -0.354824 3.125534
-0.979858 -0.102905 1.455322 -1.905131 -0.200078 2.829571
-0.583130 0.169067 1.233276 -1.133775 0.328716 2.397849
0.092773 0.513794 1.020264 0.180379 0.998965 1.983690
0.395752 0.646851 1.029297 0.769457 1.257666 2.001253
0.529419 0.425659 0.877075 1.029345 0.827606 1.705290
0.612671 0.414673 0.350342 1.191211 0.806245 0.681167
0.963135 0.366333 -0.121704 1.872615 0.712258 -0.236628
1.126953 0.429565 -0.274658 2.191125 0.835200 -0.534016
1.066650 0.443970 -0.371338 2.073879 0.863207 -0.721989
1.105835 0.286377 -0.600830 2.150066 0.556800 -1.168189
1.250854 0.169800 -0.912964 2.432026 0.330140 -1.775068
1.351563 0.048096 -1.375977 2.627832 0.093512 -2.675300
1.300903 -0.111572 -1.738037 2.529335 -0.216929 -3.379251
1.224365 0.095459 -1.704712 2.380523 0.185600 -3.314457
1.216797 0.262207 -1.470825 2.365808 0.509807 -2.859713
1.070557 0.209839 -1.552979 2.081474 0.407988 -3.019443
0.817261 -0.108276 -1.734009 1.588993 -0.210521 -3.371419
0.464722 -0.272583 -1.945068 0.903554 -0.529981 -3.781780
0.236328 -0.267822 -1.981567 0.459491 -0.520725 -3.852745
0.033691 -0.116577 -1.940552 0.065506 -0.226660 -3.772999
-0.366455 -0.021118 -1.983765 -0.712496 -0.041060 -3.857017
-0.783081 0.152466 -1.875732 -1.522538 0.296438 -3.646971
-0.804565 0.362915 -1.531494 -1.564310 0.705613 -2.977671
-0.591309 0.536621 -1.201294 -1.149676 1.043348 -2.335666
-0.503540 0.477417 -0.893066 -0.979029 0.928238 -1.736382
-0.382935 0.326904 -0.625244 -0.744536 0.635597 -1.215657
-0.271973 0.078247 -0.474854 -0.528794 0.152135 -0.923254
-0.232422 -0.075439 -0.376099 -0.451896 -0.146676 -0.731245
-0.233154 -0.074829 -0.289063 -0.453320 -0.145490 -0.562022
-0.256714 0.070801 -0.214722 -0.499127 0.137657 -0.417482
-0.242798 0.117310 -0.135498 -0.472070 0.228084 -0.263448
-0.180298 0.077881 -0.096436 -0.350552 0.151423 -0.187499
-0.052856 -0.060425 -0.062744 -0.102768 -0.117483 -0.121993
0.076050 -0.129883 -0.041016 0.147863 -0.252530 -0.079746
0.154541 -0.132935 -0.027954 0.300473 -0.258464 -0.054351
0.156250 -0.085693 -0.110962 0.303796 -0.166613 -0.215742
0.093628 -0.052612 -0.131104 0.182040 -0.102294 -0.254903
0.031128 0.012207 -0.124023 0.060522 0.023734 -0.241138
-0.013550 0.054688 -0.096191 -0.026345 0.106328 -0.187024
-0.016235 0.043457 -0.069824 -0.031566 0.084493 -0.135759
-0.025024 0.049561 -0.085815 -0.048655 0.096360 -0.166850
-0.077393 0.057739 -0.126831 -0.150474 0.112262 -0.246597
-0.124512 0.055664 -0.144043 -0.242087 0.108227 -0.280062
-0.138184 0.097290 -0.141602 -0.268669 0.189160 -0.275315
-0.144165 0.167725 -0.109985 -0.280299 0.326106 -0.213844
-0.162964 0.177734 -0.107666 -0.316849 0.345567 -0.209334
-0.163086 0.126465 -0.089966 -0.317087 0.245885 -0.174920
-0.178589 0.028442 -0.095215 -0.347229 0.055300 -0.185125
-0.187744 -0.005859 -0.082764 -0.365029 -0.011392 -0.160917
-0.179077 0.007080 -0.099365 -0.348178 0.013766 -0.193195
-0.143799 -0.009399 -0.098511 -0.279587 -0.018275 -0.191534
-0.107300 -0.013428 -0.105103 -0.208622 -0.026107 -0.204350
-0.099487 -0.014648 -0.135132 -0.193432 -0.028481 -0.262736
-0.062866 -0.005127 -0.144775 -0.122230 -0.009968 -0.281486
-0.065552 -0.003296 -0.106812 -0.127452 -0.006408 -0.207673
-0.030884 0.000610 -0.096191 -0.060047 0.001187 -0.187024
-0.015015 0.013306 -0.133789 -0.029193 0.025870 -0.260125
-0.045654 -0.031616 -0.139771 -0.088765 -0.061471 -0.271755
-0.054443 -0.043823 -0.097412 -0.105854 -0.085205 -0.189398
