0.278931 -0.269287 -0.590332 0.542323 -0.523573 -1.147778
0.401367 -0.047241 -0.441650 0.780375 -0.091851 -0.858697
0.253418 -0.002197 -0.339233 0.492718 -0.004272 -0.659569
0.296021 -0.210083 -0.307861 0.575550 -0.408463 -0.598572
0.474121 -0.682373 -0.368652 0.921830 -1.326732 -0.716768
0.755981 -1.001221 -0.416138 1.469848 -1.946665 -0.809093
0.984863 -0.951660 -0.269897 1.914861 -1.850305 -0.524759
1.196289 -0.856323 -0.026001 2.325935 -1.664942 -0.050553
0.776001 -0.761108 0.387207 1.508772 -1.479817 0.752843
0.107056 -1.001343 0.675049 0.208147 -1.946902 1.312492
-0.242554 -1.110107 0.835693 -0.471595 -2.158373 1.624832
-0.164917 -0.998535 1.003174 -0.320647 -1.941444 1.950462
0.035034 -0.694458 1.179199 0.068117 -1.350229 2.292707
0.058960 -0.546265 1.323120 0.114635 -1.062098 2.572531
-0.191040 -0.479370 1.364624 -0.371438 -0.932035 2.653227
-0.651123 -0.534302 1.296875 -1.265973 -1.038838 2.521503
-1.053711 -0.681030 1.187622 -2.048721 -1.324121 2.309084
-1.055298 -0.112305 1.347656 -2.051807 -0.218353 2.620237
-0.755493 0.384033 1.220337 -1.468899 0.746673 2.372691
-0.585327 0.372192 0.884277 -1.138047 0.723651 1.719293
-0.476074 0.211914 0.620483 -0.925627 0.412023 1.206401
-0.229126 0.126099 0.332397 -0.445488 0.245173 0.646278
0.378296 0.302979 -0.100708 0.735518 0.589079 -0.195806
1.055298 0.446533 -0.415527 2.051807 0.868191 -0.807906
1.477295 0.381836 -0.528198 2.872292 0.742400 -1.026971
1.568481 0.423096 -0.665894 3.049585 0.822621 -1.294691
1.584229 0.550293 -0.893188 3.080202 1.069930 -1.736619
1.722778 0.610962 -1.011230 3.349583 1.187888 -1.966127
1.956299 0.505859 -1.111816 3.803615 0.983538 -2.161695
1.930542 0.461060 -1.057129 3.753537 0.896434 -2.055367
1.611084 0.577759 -0.902100 3.132417 1.123332 -1.753945
1.002563 0.618408 -0.856201 1.949276 1.202366 -1.664705
0.460693 0.513916 -0.748657 0.895722 0.999203 -1.455608
0.126709 0.359131 -0.804077 0.246359 0.698255 -1.563360
0.065430 0.142944 -0.972046 0.127214 0.277925 -1.889941
0.136597 0.095337 -1.217285 0.265584 0.185363 -2.366757
-0.036499 0.145142 -1.245605 -0.070965 0.282198 -2.421820
-0.347046 0.249756 -1.146118 -0.674758 0.485598 -2.228388
-0.613159 0.385864 -1.244141 -1.192160 0.750233 -2.418972
-0.630737 0.544922 -1.405640 -1.226337 1.059487 -2.732973
-0.675537 0.842407 -1.386353 -1.313441 1.637885 -2.695474
-0.734009 0.825073 -1.252075 -1.427127 1.604183 -2.434399
-0.776489 0.673340 -1.058228 -1.509722 1.309169 -2.057503
-0.693481 0.538818 -0.944824 -1.348330 1.047620 -1.837014
-0.592285 0.342896 -0.728516 -1.151575 0.666689 -1.416447
-0.305298 0.351685 -0.290649 -0.593588 0.683777 -0.565107
-0.033691 0.390503 -0.104736 -0.065506 0.759252 -0.203638
0.124390 0.185425 -0.209961 0.241850 0.360520 -0.408225
0.257324 -0.026978 -0.290405 0.500313 -0.052452 -0.564633
0.370850 -0.057617 -0.202148 0.721040 -0.112025 -0.393036
0.390991 0.010986 -0.070923 0.760201 0.021361 -0.137895
0.341309 0.012695 -0.051636 0.663603 0.024683 -0.100395
0.251831 -0.049194 -0.102295 0.489633 -0.095648 -0.198891
0.116211 -0.116089 -0.153564 0.225948 -0.225711 -0.298574
-0.024170 -0.096313 -0.143677 -0.046993 -0.187261 -0.279350
-0.102905 0.009155 -0.074097 -0.200078 0.017801 -0.144066
-0.080688 0.043335 -0.032715 -0.156882 0.084256 -0.063607
-0.036011 0.025879 -0.063232 -0.070015 0.050316 -0.122942
-0.080566 0.004395 -0.119019 -0.156645 0.008544 -0.231407
-0.146851 0.021484 -0.140259 -0.285520 0.041772 -0.272704
-0.151001 0.055542 -0.168579 -0.293590 0.107990 -0.327767
-0.155151 0.051147 -0.153809 -0.301659 0.099446 -0.299049
-0.206299 0.060547 -0.144287 -0.401105 0.117721 -0.280536
-0.234863 0.040771 -0.138306 -0.456643 0.079272 -0.268907
-0.241211 -0.015015 -0.132568 -0.468984 -0.029193 -0.257752
-0.215332 -0.048706 -0.107422 -0.418668 -0.094699 -0.208859
-0.131470 -0.057129 -0.066162 -0.255615 -0.111075 -0.128638
-0.076660 -0.089844 -0.026611 -0.149050 -0.174682 -0.051740
-0.094849 -0.113647 -0.026001 -0.184413 -0.220964 -0.050553
-0.138672 -0.070313 -0.042236 -0.269619 -0.136708 -0.082120
-0.141846 0.057007 -0.069702 -0.275789 0.110838 -0.135521
-0.099854 0.151489 -0.103271 -0.194144 0.294539 -0.200790
-0.061157 0.146729 -0.151123 -0.118907 0.285283 -0.293827
-0.048706 0.159302 -0.196045 -0.094699 0.309729 -0.381168
-0.003540 0.144409 -0.204712 -0.006883 0.280774 -0.398020
0.028198 0.083862 -0.168091 0.054826 0.163053 -0.326818
-0.006470 0.065063 -0.160400 -0.012579 0.126502 -0.311865
-0.092041 0.064331 -0.174438 -0.178955 0.125078 -0.339159
-0.153198 -0.002563 -0.142456 -0.297862 -0.004984 -0.276976
-0.206543 -0.024170 -0.115356 -0.401580 -0.046993 -0.224287
