-0.284912 0.020020 -0.543335 -0.553952 0.038924 -1.056402
-0.496338 0.168091 -0.690430 -0.965026 0.326818 -1.342397
-0.648926 0.178833 -0.622803 -1.261701 0.347704 -1.210910
-0.566406 0.183838 -0.558838 -1.101259 0.357434 -1.086544
-0.276367 0.124023 -0.435547 -0.537338 0.241138 -0.846830
0.110352 -0.291748 -0.526123 0.214556 -0.567243 -1.022937
0.695068 -0.794800 -0.667480 1.351416 -1.545323 -1.297777
1.140869 -0.939087 -0.431152 2.218182 -1.825859 -0.838286
1.337280 -0.896484 -0.108765 2.600063 -1.743027 -0.211470
1.229004 -0.946655 0.227173 2.389542 -1.840574 0.441690
1.020508 -1.041504 0.637695 1.984165 -2.024987 1.239866
0.963501 -0.931885 1.233154 1.873327 -1.811856 2.397612
0.580933 -0.792358 1.645020 1.129502 -1.540576 3.198398
-0.189697 -0.924805 1.805054 -0.368827 -1.798090 3.509551
-0.855835 -1.043945 1.910400 -1.663993 -2.029734 3.714375
-0.987793 -0.510254 1.804810 -1.920558 -0.992082 3.509076
-0.571289 0.444580 1.373047 -1.110753 0.864393 2.669604
-0.228149 0.462524 0.954346 -0.443589 0.899282 1.855526
-0.028564 0.297974 0.575684 -0.055538 0.579348 1.119297
0.287109 0.424194 0.155640 0.558224 0.824758 0.302609
0.887207 0.630859 -0.131348 1.724989 1.226575 -0.255378
1.095703 0.629517 -0.264404 2.130366 1.223964 -0.514079
1.033081 0.612793 -0.436646 2.008611 1.191448 -0.848966
1.027100 0.557007 -0.583740 1.996981 1.082984 -1.134961
1.201294 0.439087 -0.662354 2.335666 0.853713 -1.287808
1.482422 0.295532 -0.708130 2.882260 0.574601 -1.376811
1.476318 -0.030762 -0.901855 2.870394 -0.059810 -1.753470
1.462646 -0.150757 -1.104858 2.843811 -0.293115 -2.148167
1.331543 -0.051270 -1.276001 2.588908 -0.099683 -2.480918
1.136230 0.189209 -1.425903 2.209163 0.367877 -2.772372
0.885132 0.397583 -1.681763 1.720954 0.773017 -3.269837
0.531738 0.464111 -1.827881 1.033854 0.902368 -3.553933
-0.012329 0.416992 -1.870117 -0.023971 0.810754 -3.636053
-0.570557 0.345337 -1.825928 -1.109329 0.671436 -3.550136
-0.860474 0.390015 -1.656616 -1.673012 0.758302 -3.220945
-1.031860 0.477905 -1.440796 -2.006238 0.929187 -2.801327
-1.097656 0.502930 -1.320679 -2.134164 0.977842 -2.567785
-0.906494 0.558838 -1.125366 -1.762489 1.086544 -2.188040
-0.701294 0.444946 -0.760132 -1.363520 0.865105 -1.477918
-0.462036 0.312012 -0.503052 -0.898333 0.606642 -0.978079
-0.225708 0.121948 -0.318359 -0.438842 0.237103 -0.618983
-0.092041 0.026123 -0.203979 -0.178955 0.050791 -0.396596
-0.073120 0.035767 -0.125977 -0.142167 0.069541 -0.244935
-0.066895 0.025879 -0.077881 -0.130062 0.050316 -0.151423
-0.041748 -0.011230 -0.040527 -0.081170 -0.021835 -0.078797
0.000977 -0.080444 -0.011353 0.001899 -0.156407 -0.022073
-0.004639 -0.046753 0.036255 -0.009019 -0.090901 0.070490
-0.051880 -0.019409 0.045532 -0.100870 -0.037737 0.088528
-0.047607 -0.021973 0.041504 -0.092563 -0.042721 0.080696
-0.021118 -0.025269 0.037720 -0.041060 -0.049129 0.073338
-0.018188 -0.078613 0.031738 -0.035364 -0.152847 0.061708
-0.021362 -0.053101 0.021729 -0.041535 -0.103243 0.042247
-0.048340 -0.029175 0.003784 -0.093987 -0.056724 0.007358
-0.074219 0.002930 0.011841 -0.144303 0.005696 0.023022
-0.098389 0.034790 0.041504 -0.191296 0.067642 0.080696
-0.065308 -0.004639 0.056030 -0.126977 -0.009019 0.108939
-0.035645 -0.041748 0.011475 -0.069303 -0.081170 0.022310
-0.017090 -0.027588 -0.068237 -0.033228 -0.053639 -0.132673
-0.010498 -0.029541 -0.090698 -0.020411 -0.057436 -0.176344
-0.013916 -0.077759 -0.098999 -0.027057 -0.151186 -0.192483
-0.016968 -0.076660 -0.107422 -0.032990 -0.149050 -0.208859
-0.048706 -0.056641 -0.110352 -0.094699 -0.110126 -0.214556
-0.066772 -0.017212 -0.114868 -0.129825 -0.033465 -0.223337
-0.069580 -0.038940 -0.109009 -0.135284 -0.075712 -0.211945
-0.048340 -0.057617 -0.106934 -0.093987 -0.112025 -0.207910
-0.026123 -0.090454 -0.124512 -0.050791 -0.175869 -0.242087
-0.024414 -0.026245 -0.132202 -0.047468 -0.051028 -0.257040
-0.041748 0.019531 -0.134766 -0.081170 0.037974 -0.262024
-0.046387 -0.007568 -0.123169 -0.090189 -0.014715 -0.239476
-0.047119 -0.038818 -0.110352 -0.091613 -0.075474 -0.214556
-0.052734 -0.045410 -0.105835 -0.102531 -0.088291 -0.205774
-0.048584 -0.047485 -0.112915 -0.094461 -0.092325 -0.219540
-0.045532 -0.035645 -0.097900 -0.088528 -0.069303 -0.190347
-0.036987 -0.024902 -0.080078 -0.071914 -0.048417 -0.155695
-0.020996 -0.044556 -0.062378 -0.040823 -0.086629 -0.121281
-0.018311 -0.046265 -0.055786 -0.035601 -0.089952 -0.108465
-0.012329 -0.033081 -0.083862 -0.023971 -0.064319 -0.163053
-0.007080 -0.005493 -0.132568 -0.013766 -0.010680 -0.257752
-0.004883 0.006104 -0.154663 -0.009494 0.011867 -0.300710
-0.017334 0.020142 -0.150879 -0.033702 0.039161 -0.293353
