-0.807617 0.086060 -0.479492 -1.570243 0.167325 -0.932273
-0.586548 0.183716 -0.384644 -1.140420 0.357197 -0.747859
-0.211548 0.128052 -0.327759 -0.411311 0.248970 -0.637259
0.237183 -0.173584 -0.209717 0.461152 -0.337498 -0.407751
0.631958 -0.452026 -0.017090 1.228711 -0.878871 -0.033228
0.766602 -0.485229 0.136719 1.490497 -0.943428 0.265821
0.872437 -0.396362 0.338379 1.696271 -0.770644 0.657907
0.848755 -0.355835 0.486206 1.650227 -0.691847 0.945326
0.761719 -0.349854 0.631470 1.481003 -0.680217 1.227761
0.664673 -0.330933 0.770996 1.292318 -0.643430 1.499041
0.502808 -0.296875 0.849609 0.977605 -0.577212 1.651888
0.118286 -0.204468 0.847656 0.229983 -0.397545 1.648091
-0.345459 -0.145142 0.828613 -0.671673 -0.282198 1.611066
-0.667480 -0.095337 0.844849 -1.297777 -0.185363 1.642632
-0.889038 -0.080444 0.823486 -1.728549 -0.156407 1.601098
-1.049316 -0.095459 0.797974 -2.040177 -0.185600 1.551493
-1.204224 0.007568 0.840820 -2.341362 0.014715 1.634800
-0.994019 0.103027 0.799438 -1.932662 0.200315 1.554342
-0.467041 0.229370 0.637451 -0.908064 0.445962 1.239391
0.016602 0.130127 0.486206 0.032278 0.253005 0.945326
0.423706 0.166260 0.384399 0.823808 0.323257 0.747385
0.669800 0.086182 0.233276 1.302286 0.167562 0.453557
0.843994 0.041748 -0.010742 1.640971 0.081170 -0.020886
0.942261 0.062134 -0.172485 1.832030 0.120806 -0.335362
0.937134 0.195068 -0.266479 1.822061 0.379270 -0.518114
0.888306 0.216064 -0.424805 1.727125 0.420092 -0.825944
0.836182 0.192017 -0.600952 1.625781 0.373336 -1.168426
0.805298 0.179810 -0.763306 1.565734 0.349602 -1.484089
0.810669 0.242188 -0.841309 1.576177 0.470883 -1.635749
0.794189 0.250977 -0.902100 1.544136 0.487972 -1.753945
0.739624 0.199951 -1.017822 1.438045 0.388763 -1.978943
0.691040 0.160522 -1.167725 1.343583 0.312102 -2.270397
0.397827 0.174316 -1.294556 0.773492 0.338922 -2.516994
0.201050 0.251587 -1.276733 0.390899 0.489158 -2.482342
0.086670 0.188477 -1.251587 0.168512 0.366453 -2.433450
-0.058472 0.125122 -1.164307 -0.113686 0.243274 -2.263752
-0.176514 0.125000 -0.974731 -0.343194 0.243036 -1.895162
-0.245117 0.162598 -0.765747 -0.476579 0.316137 -1.488836
-0.247437 0.125244 -0.570313 -0.481089 0.243511 -1.108854
-0.216675 0.083618 -0.410522 -0.421279 0.162578 -0.798175
-0.197632 0.038452 -0.270386 -0.384254 0.074762 -0.525709
-0.153809 0.018799 -0.206055 -0.299049 0.036550 -0.400630
-0.101440 0.035522 -0.200684 -0.197230 0.069066 -0.390187
-0.087891 0.057373 -0.180908 -0.170885 0.111550 -0.351738
-0.080811 0.081055 -0.144165 -0.157119 0.157594 -0.280299
-0.057129 0.085083 -0.122314 -0.111075 0.165426 -0.237815
-0.033325 0.078735 -0.112427 -0.064794 0.153084 -0.218590
-0.023682 0.043579 -0.096069 -0.046044 0.084730 -0.186787
-0.023926 0.009888 -0.075317 -0.046519 0.019225 -0.146439
-0.030640 0.017334 -0.056274 -0.059572 0.033702 -0.109414
-0.046387 0.047241 -0.051270 -0.090189 0.091851 -0.099683
-0.051636 0.051147 -0.056885 -0.100395 0.099446 -0.110601
-0.044067 0.037354 -0.067749 -0.085680 0.072626 -0.131724
-0.032104 0.008301 -0.079468 -0.062420 0.016139 -0.154509
-0.033813 0.002930 -0.075806 -0.065743 0.005696 -0.147388
-0.036377 -0.005371 -0.070313 -0.070727 -0.010443 -0.136708
-0.030884 0.002808 -0.093872 -0.060047 0.005459 -0.182515
-0.027954 -0.008667 -0.102783 -0.054351 -0.016851 -0.199841
-0.029541 0.000122 -0.094971 -0.057436 0.000237 -0.184651
-0.037842 0.021484 -0.084839 -0.073575 0.041772 -0.164952
-0.043091 0.005249 -0.079956 -0.083781 0.010206 -0.155458
-0.049194 -0.003296 -0.078369 -0.095648 -0.006408 -0.152372
-0.046875 -0.012329 -0.083984 -0.091139 -0.023971 -0.163290
-0.057861 -0.023804 -0.103027 -0.112499 -0.046281 -0.200315
-0.065308 0.002441 -0.117798 -0.126977 0.004747 -0.229033
-0.064209 0.012939 -0.121338 -0.124841 0.025158 -0.235916
-0.049316 0.023438 -0.117920 -0.095885 0.045569 -0.229271
-0.042603 0.026855 -0.114136 -0.082832 0.052215 -0.221913
-0.046387 0.014526 -0.104980 -0.090189 0.028243 -0.204113
-0.050781 0.025024 -0.109497 -0.098734 0.048655 -0.212894
-0.048584 0.031494 -0.120972 -0.094461 0.061234 -0.235204
-0.056274 0.045532 -0.118286 -0.109414 0.088528 -0.229983
-0.078613 0.143555 -0.089722 -0.152847 0.279112 -0.174445
-0.091064 0.063843 -0.082642 -0.177056 0.124129 -0.160679
-0.015869 0.095581 -0.077881 -0.030854 0.185837 -0.151423
-0.029907 0.052124 -0.112915 -0.058148 0.101344 -0.219540
-0.051025 0.045166 -0.133179 -0.099208 0.087816 -0.258938
-0.051025 0.125854 -0.114014 -0.099208 0.244698 -0.221676
-0.065063 0.083252 -0.111816 -0.126502 0.161866 -0.217404
-0.052002 0.075073 -0.121582 -0.101107 0.145964 -0.236391
