0.287720 -0.388672 -1.287598 0.559411 -0.755691 -2.503465
0.210815 -0.020874 -0.683838 0.409887 -0.040585 -1.329580
-0.060669 -0.101074 -0.426270 -0.117958 -0.196518 -0.828792
-0.038696 -0.373169 -0.487305 -0.075237 -0.725549 -0.947462
0.342041 -0.885742 -0.365479 0.665027 -1.722141 -0.710597
0.754761 -1.019531 0.105713 1.467475 -1.982266 0.205537
1.035400 -0.782471 0.242310 2.013120 -1.521351 0.471120
1.169434 -0.567017 0.434570 2.273720 -1.102446 0.844931
1.053345 -0.615845 0.501953 2.048009 -1.197382 0.975943
0.843384 -0.474609 0.439209 1.639784 -0.922779 0.853950
0.956543 -0.372681 0.392090 1.859798 -0.724600 0.762337
0.977539 -0.695801 0.432129 1.900621 -1.352840 0.840185
0.729126 -1.072754 0.659790 1.417634 -2.085747 1.282824
0.468994 -0.774170 0.981689 0.911861 -1.505212 1.908691
0.129883 -0.185059 1.237549 0.252530 -0.359808 2.406156
-0.394897 0.268433 1.173950 -0.767796 0.521911 2.282501
-1.075928 0.382324 1.200073 -2.091917 0.743350 2.333292
-1.456299 0.404785 1.476929 -2.831470 0.787020 2.871580
-1.303101 0.673828 1.565430 -2.533607 1.310118 3.043652
-0.905151 0.487427 1.313721 -1.759878 0.947700 2.554256
-0.383667 0.105591 0.894531 -0.745961 0.205299 1.739230
-0.087280 -0.130249 0.404053 -0.169698 -0.253242 0.785596
-0.074707 0.167480 0.012329 -0.145252 0.325631 0.023971
-0.095947 0.458008 -0.040161 -0.186549 0.890501 -0.078085
0.088135 0.648560 0.029053 0.171360 1.260989 0.056487
0.182251 0.808472 0.059570 0.354349 1.571905 0.115822
0.304932 0.983154 -0.014404 0.592876 1.911539 -0.028006
0.532959 0.910278 -0.129028 1.036228 1.769847 -0.250869
0.818848 0.752197 -0.240479 1.592079 1.462491 -0.467560
1.137329 0.615479 -0.313354 2.211299 1.196670 -0.609253
1.404785 0.392090 -0.516968 2.731312 0.762337 -1.005136
1.649780 0.065186 -0.970703 3.207654 0.126740 -1.887330
1.781616 -0.208740 -1.464233 3.463981 -0.405852 -2.846897
1.669067 -0.320801 -1.764038 3.245154 -0.623730 -3.429805
1.339600 -0.243042 -1.792114 2.604572 -0.472545 -3.484393
0.832642 -0.108398 -1.712769 1.618898 -0.210758 -3.330122
0.245239 0.135010 -1.590820 0.476817 0.262498 -3.093019
-0.188965 0.298462 -1.385864 -0.367403 0.580297 -2.694524
-0.506470 0.284302 -1.019165 -0.984725 0.552766 -1.981554
-0.648193 0.338989 -0.734741 -1.260277 0.659094 -1.428551
-0.678589 0.386963 -0.674438 -1.319375 0.752369 -1.311305
-0.679443 0.235474 -0.628906 -1.321036 0.457829 -1.222777
-0.541748 0.000122 -0.444946 -1.053316 0.000237 -0.865105
-0.312378 -0.025024 -0.128540 -0.607354 -0.048655 -0.249919
-0.170776 0.104370 0.040771 -0.332039 0.202926 0.079272
-0.134033 0.100952 0.024170 -0.260600 0.196280 0.046993
-0.138672 0.039307 -0.043091 -0.269619 0.076424 -0.083781
-0.185303 -0.028931 -0.048096 -0.360283 -0.056250 -0.093512
-0.192993 -0.013306 0.010254 -0.375235 -0.025870 0.019937
-0.140869 0.034546 0.036865 -0.273891 0.067167 0.071677
-0.103027 0.031738 -0.003784 -0.200315 0.061708 -0.007358
-0.117554 -0.003418 -0.034302 -0.228559 -0.006646 -0.066693
-0.158691 0.018433 -0.008179 -0.308542 0.035838 -0.015902
-0.216187 0.043091 0.047363 -0.420330 0.083781 0.092088
-0.286011 0.066772 0.083618 -0.556088 0.129825 0.162578
-0.335693 0.103394 0.103394 -0.652686 0.201027 0.201027
-0.360107 0.136841 0.116943 -0.700154 0.266058 0.227372
-0.353027 0.145874 0.088623 -0.686388 0.283622 0.172309
-0.288818 0.126465 -0.026367 -0.561547 0.245885 -0.051266
-0.183960 0.089844 -0.110352 -0.357672 0.174682 -0.214556
-0.139282 0.077515 -0.088135 -0.270805 0.150711 -0.171360
-0.100220 0.068848 -0.078491 -0.194856 0.133860 -0.152610
-0.037354 0.052246 -0.099731 -0.072626 0.101582 -0.193907
0.001099 0.025024 -0.129028 0.002136 0.048655 -0.250869
0.000366 0.008057 -0.129028 0.000712 0.015664 -0.250869
-0.004517 0.003296 -0.109741 -0.008782 0.006408 -0.213369
-0.011108 0.026855 -0.109131 -0.021598 0.052215 -0.212182
-0.009644 0.031250 -0.128052 -0.018750 0.060759 -0.248970
-0.027832 0.024780 -0.108643 -0.054114 0.048180 -0.211233
-0.026001 0.026978 -0.064453 -0.050553 0.052452 -0.125316
-0.025024 0.013184 -0.075439 -0.048655 0.025633 -0.146676
-0.040161 -0.009277 -0.115723 -0.078085 -0.018038 -0.224999
-0.038696 -0.014160 -0.114258 -0.075237 -0.027531 -0.222151
-0.009521 0.002930 -0.109741 -0.018513 0.005696 -0.213369
0.011597 0.003296 -0.135498 0.022547 0.006408 -0.263448
0.005127 0.001465 -0.135620 0.009968 0.002848 -0.263685
-0.020508 0.018555 -0.113770 -0.039873 0.036076 -0.221201
-0.034424 0.021484 -0.124512 -0.066930 0.041772 -0.242087
-0.031738 0.009888 -0.109619 -0.061708 0.019225 -0.213132
-0.030396 -0.009399 -0.093750 -0.059098 -0.018275 -0.182277
