0.205566 -0.092896 -0.395630 0.399681 -0.180616 -0.769220
0.182129 -0.157837 -0.500122 0.354112 -0.306881 -0.972383
0.281250 -0.198730 -0.459106 0.546832 -0.386390 -0.892637
0.382568 -0.266113 -0.439819 0.743824 -0.517402 -0.855137
0.582520 -0.522949 -0.305542 1.132588 -1.016766 -0.594063
0.603882 -0.817871 -0.136597 1.174122 -1.590180 -0.265584
0.601685 -0.510742 -0.011353 1.169850 -0.993032 -0.022073
0.606689 0.003662 0.304443 1.179581 0.007120 0.591927
0.603271 0.079834 0.528809 1.172936 0.155221 1.028158
0.557129 -0.115479 0.767822 1.083221 -0.224524 1.492870
0.235840 -0.430298 0.955933 0.458541 -0.836625 1.858612
-0.046021 -0.469727 1.090088 -0.089477 -0.913285 2.119449
-0.309326 -0.427612 1.238281 -0.601420 -0.831403 2.407580
-0.565552 -0.461060 1.514893 -1.099598 -0.896434 2.945393
-0.914185 -0.475342 1.675537 -1.777441 -0.924203 3.257733
-0.988892 -0.211548 1.514648 -1.922694 -0.411311 2.944918
-0.818115 0.183105 1.154053 -1.590655 0.356010 2.243815
-0.545654 0.346802 0.854492 -1.060911 0.674284 1.661382
0.059326 0.288086 0.684814 0.115347 0.560123 1.331479
0.592407 0.172729 0.335693 1.151812 0.335836 0.652686
0.980957 0.109497 -0.055542 1.907266 0.212894 -0.107990
1.215210 0.203247 -0.332397 2.362723 0.395172 -0.646278
1.239868 0.449829 -0.498901 2.410665 0.874599 -0.970010
1.161377 0.619019 -0.656982 2.258055 1.203553 -1.277365
1.148804 0.601318 -0.821167 2.233609 1.169138 -1.596588
1.214233 0.614990 -1.006714 2.360824 1.195720 -1.957345
1.223633 0.545044 -1.161621 2.379099 1.059724 -2.258530
1.117065 0.143799 -1.323975 2.171901 0.279587 -2.574193
0.816406 -0.515869 -1.469727 1.587332 -1.003000 -2.857577
0.434082 -0.741821 -1.674316 0.843982 -1.442317 -3.255359
0.150757 -0.506470 -1.746582 0.293115 -0.984725 -3.395865
-0.077515 -0.253906 -1.484497 -0.150711 -0.493668 -2.886295
-0.129395 0.182617 -1.324829 -0.251581 0.355061 -2.575854
-0.199951 0.682861 -1.377075 -0.388763 1.327682 -2.677436
-0.264526 0.657837 -1.245361 -0.514316 1.279027 -2.421345
-0.150757 0.299683 -0.916748 -0.293115 0.582670 -1.782426
-0.113770 0.167114 -0.736694 -0.221201 0.324919 -1.432349
-0.200928 0.201782 -0.579224 -0.390662 0.392323 -1.126180
-0.256104 0.292114 -0.407349 -0.497940 0.567955 -0.792005
-0.278564 0.333252 -0.290161 -0.541611 0.647939 -0.564158
-0.282471 0.289307 -0.241943 -0.549205 0.562496 -0.470408
-0.075195 0.194092 -0.176270 -0.146202 0.377371 -0.342719
0.391479 0.000732 -0.048706 0.761150 0.001424 -0.094699
0.462280 -0.015869 -0.084229 0.898808 -0.030854 -0.163765
0.214233 0.034058 -0.051270 0.416532 0.066218 -0.099683
-0.035522 0.102661 -0.021729 -0.069066 0.199603 -0.042247
-0.127319 0.157227 0.008423 -0.247546 0.305694 0.016376
-0.090698 0.083862 0.004150 -0.176344 0.163053 0.008070
-0.022339 -0.055908 -0.010376 -0.043433 -0.108702 -0.020174
0.056763 -0.132202 -0.027954 0.110363 -0.257040 -0.054351
0.045654 -0.118286 -0.003540 0.088765 -0.229983 -0.006883
0.032471 -0.031128 0.028320 0.063133 -0.060522 0.055063
0.057007 0.046387 -0.013794 0.110838 0.090189 -0.026819
0.086426 0.038574 -0.064087 0.168037 0.075000 -0.124604
0.072510 -0.025879 -0.087402 0.140980 -0.050316 -0.169936
0.012451 -0.102417 -0.069702 0.024209 -0.199128 -0.135521
-0.096191 -0.112671 -0.002808 -0.187024 -0.219065 -0.005459
-0.112427 -0.043823 0.038452 -0.218590 -0.085205 0.074762
-0.104858 0.003418 -0.034180 -0.203875 0.006646 -0.066455
-0.105713 -0.014526 -0.123779 -0.205537 -0.028243 -0.240663
-0.114624 -0.033447 -0.146118 -0.222863 -0.065031 -0.284096
-0.093506 -0.020386 -0.113770 -0.181803 -0.039636 -0.221201
-0.050537 0.017090 -0.099487 -0.098259 0.033228 -0.193432
0.001709 0.028442 -0.117920 0.003323 0.055300 -0.229271
0.032227 -0.003296 -0.154785 0.062658 -0.006408 -0.300947
0.040771 0.009766 -0.173584 0.079272 0.018987 -0.337498
0.005127 0.020630 -0.151245 0.009968 0.040111 -0.294065
-0.016113 0.022827 -0.130615 -0.031329 0.044383 -0.253954
-0.011963 -0.000244 -0.129517 -0.023259 -0.000475 -0.251818
0.001465 -0.029663 -0.137451 0.002848 -0.057674 -0.267245
-0.010864 -0.032959 -0.140015 -0.021123 -0.064082 -0.272229
-0.020508 -0.011475 -0.118042 -0.039873 -0.022310 -0.229508
-0.006836 -0.006836 -0.100952 -0.013291 -0.013291 -0.196280
0.017212 0.002563 -0.119629 0.033465 0.004984 -0.232593
0.020508 -0.011353 -0.140503 0.039873 -0.022073 -0.273179
0.004883 -0.010376 -0.148926 0.009494 -0.020174 -0.289555
-0.026489 0.005249 -0.142090 -0.051503 0.010206 -0.276264
-0.032471 0.006226 -0.126343 -0.063133 0.012104 -0.245647
-0.030884 0.015869 -0.123779 -0.060047 0.030854 -0.240663
-0.016602 0.009399 -0.121094 -0.032278 0.018275 -0.235442
