-0.269165 0.078247 -0.355835 -0.523335 0.152135 -0.691847
-0.029053 0.250000 -0.485840 -0.056487 0.486073 -0.944614
0.169800 0.044678 -0.578613 0.330140 0.086867 -1.124993
0.350342 -0.104980 -0.578369 0.681167 -0.204113 -1.124518
0.463867 -0.101318 -0.260010 0.901893 -0.196992 -0.505535
0.485229 0.009644 0.002686 0.943428 0.018750 0.005221
0.471802 -0.333984 0.193848 0.917320 -0.649363 0.376896
0.489502 -0.975586 0.318726 0.951735 -1.896824 0.619695
0.655762 -1.232178 0.295044 1.274992 -2.395713 0.573651
0.701294 -0.949463 0.354736 1.363520 -1.846033 0.689711
0.554199 -0.522705 0.483521 1.077525 -1.016291 0.940105
0.252686 -0.439697 0.790283 0.491294 -0.854900 1.536541
-0.067627 -0.421631 1.199097 -0.131487 -0.819773 2.331394
-0.448853 -0.712524 1.373413 -0.872700 -1.385355 2.670316
-0.692505 -0.619629 1.363892 -1.346431 -1.204739 2.651803
-0.811157 -0.418579 1.221191 -1.577126 -0.813840 2.374352
-0.847046 -0.287720 1.000244 -1.646904 -0.559411 1.944766
-0.744629 -0.206665 0.798828 -1.447776 -0.401817 1.553155
-0.531616 0.168823 0.575562 -1.033617 0.328242 1.119059
-0.213867 0.515259 0.442993 -0.415820 1.001813 0.861308
0.178467 0.414429 0.476318 0.346992 0.805770 0.926102
0.356079 0.302734 0.312378 0.692322 0.588604 0.607354
0.582275 0.354370 0.059448 1.132113 0.688999 0.115585
0.831055 0.415894 -0.098145 1.615813 0.808618 -0.190822
0.952026 0.434692 -0.193359 1.851017 0.845169 -0.375947
0.935547 0.366089 -0.356812 1.818976 0.711784 -0.693746
1.000366 0.457397 -0.505005 1.945004 0.889314 -0.981877
1.100098 0.599731 -0.620605 2.138911 1.166053 -1.206638
1.133057 0.697632 -0.717529 2.202992 1.356400 -1.395086
1.140381 0.762939 -0.800781 2.217233 1.483377 -1.556952
1.106567 0.714355 -0.972290 2.151490 1.388915 -1.890415
1.061035 0.629639 -1.098511 2.062962 1.224201 -2.135825
0.967529 0.535889 -1.128662 1.881159 1.041924 -2.194448
0.756714 0.345581 -1.162720 1.471272 0.671910 -2.260666
0.579956 0.284912 -1.205078 1.127604 0.553952 -2.343023
0.487549 0.431519 -1.360840 0.947937 0.838998 -2.645869
0.288452 0.444702 -1.397949 0.560835 0.864631 -2.718021
0.018188 0.340820 -1.196045 0.035364 0.662654 -2.325460
-0.145874 0.275269 -0.842651 -0.283622 0.535202 -1.638360
-0.166138 0.167358 -0.538818 -0.323020 0.325394 -1.047620
-0.125244 0.059326 -0.371826 -0.243511 0.115347 -0.722938
-0.134766 0.077393 -0.292603 -0.262024 0.150474 -0.568905
-0.146729 0.252930 -0.197510 -0.285283 0.491769 -0.384017
-0.128418 0.353394 -0.058716 -0.249682 0.687100 -0.114161
-0.112915 0.282837 0.030151 -0.219540 0.549917 0.058623
-0.137695 0.173950 0.015991 -0.267720 0.338210 0.031092
-0.120483 0.113647 -0.045776 -0.234255 0.220964 -0.089003
0.091187 -0.146729 0.088013 0.177293 -0.285283 0.171122
0.394775 -0.100708 0.148682 0.767558 -0.195806 0.289080
0.306152 -0.055298 0.047607 0.595249 -0.107515 0.092563
0.037598 -0.105347 -0.115112 0.073101 -0.204825 -0.223812
-0.009033 -0.003662 -0.159424 -0.017563 -0.007120 -0.309966
-0.065063 0.062988 -0.122681 -0.126502 0.122468 -0.238527
-0.120117 0.090088 -0.156250 -0.233543 0.175157 -0.303796
-0.099731 0.125732 -0.191528 -0.193907 0.244460 -0.372387
-0.199585 -0.109619 -0.177124 -0.388051 -0.213132 -0.344381
-0.191040 -0.091431 -0.203735 -0.371438 -0.177768 -0.396121
0.035889 0.126221 -0.278931 0.069778 0.245410 -0.542323
0.164429 0.176880 -0.336182 0.319697 0.343906 -0.653635
0.232422 0.000732 -0.380371 0.451896 0.001424 -0.739552
0.354858 -0.079712 -0.392456 0.689948 -0.154983 -0.763049
0.326782 -0.102661 -0.401123 0.635360 -0.199603 -0.779900
0.174194 -0.128906 -0.386719 0.338685 -0.250631 -0.751894
0.116211 -0.113403 -0.370361 0.225948 -0.220489 -0.720090
0.112305 -0.142456 -0.340576 0.218353 -0.276976 -0.662179
0.214111 -0.129150 -0.283081 0.416295 -0.251106 -0.550392
0.187012 -0.181641 -0.187500 0.363605 -0.353162 -0.364555
0.059814 -0.139038 -0.090210 0.116297 -0.270331 -0.175394
0.090210 -0.073853 -0.163452 0.175394 -0.143591 -0.317799
0.143555 -0.094971 -0.253174 0.279112 -0.184651 -0.492244
0.041504 -0.176758 -0.210083 0.080696 -0.343669 -0.408463
0.031250 -0.132080 -0.208252 0.060759 -0.256802 -0.404903
0.095215 -0.056519 -0.308105 0.185125 -0.109889 -0.599047
0.222412 0.019043 -0.275024 0.432434 0.037025 -0.534728
0.069946 -0.174805 -0.150146 0.135996 -0.339871 -0.291929
-0.016113 -0.252075 -0.135254 -0.031329 -0.490108 -0.262973
-0.028442 -0.308472 -0.161621 -0.055300 -0.599759 -0.314239
-0.052612 -0.183716 -0.167358 -0.102294 -0.357197 -0.325394
-0.145142 -0.148315 -0.108765 -0.282198 -0.288368 -0.211470
-0.170898 -0.220337 -0.118042 -0.332276 -0.428399 -0.229508
