0.066650 -0.141113 -0.725098 0.129588 -0.274365 -1.409801
0.787354 -0.307861 -0.760010 1.530845 -0.598572 -1.477681
0.825195 -0.241577 -0.466187 1.604420 -0.469696 -0.906403
0.675537 -0.376587 -0.082886 1.313441 -0.732195 -0.161154
0.573120 -0.686768 0.076416 1.114313 -1.335276 0.148575
0.619263 -1.132080 -0.030029 1.204027 -2.201094 -0.058386
0.935303 -1.137939 0.058716 1.818501 -2.212486 0.114161
1.293335 -1.180420 0.250488 2.514620 -2.295081 0.487022
1.388306 -1.085449 0.559937 2.699271 -2.110430 1.088680
0.944458 -1.154785 0.978027 1.836302 -2.245239 1.901570
0.332275 -1.198730 1.025879 0.646040 -2.330682 1.994608
-0.215210 -1.087891 0.732178 -0.418431 -2.115177 1.423567
-0.361816 -0.864746 0.477905 -0.703477 -1.681319 0.929187
-0.293823 -0.634033 0.519775 -0.571278 -1.232745 1.010595
-0.188232 -0.753052 0.621582 -0.365979 -1.464152 1.208537
-0.416748 -0.710815 0.692505 -0.810280 -1.382033 1.346431
-0.859863 -0.283325 0.893433 -1.671825 -0.550867 1.737094
-1.155273 0.044922 0.982910 -2.246188 0.087341 1.911064
-1.232666 0.231812 1.108154 -2.396662 0.450709 2.154575
-1.021851 0.189575 1.194092 -1.986776 0.368589 2.321663
-0.570557 0.098877 1.057007 -1.109329 0.192246 2.055130
-0.170776 0.086426 0.733887 -0.332039 0.168037 1.426890
0.209717 0.101563 0.456299 0.407751 0.197467 0.887178
0.554321 0.051880 0.222534 1.077762 0.100870 0.432671
0.803223 -0.004883 0.116333 1.561699 -0.009494 0.226185
0.979858 0.124756 0.088379 1.905131 0.242562 0.171834
1.104370 0.246948 0.064209 2.147218 0.480139 0.124841
1.215576 0.321899 -0.086182 2.363435 0.625866 -0.167562
1.183350 0.362183 -0.363770 2.300777 0.704189 -0.707274
0.993164 0.487793 -0.626953 1.931001 0.948412 -1.218980
0.924805 0.541626 -0.692749 1.798090 1.053079 -1.346906
1.009766 0.494751 -0.671143 1.963279 0.961940 -1.304897
0.934448 0.439819 -0.735107 1.816840 0.855137 -1.429263
0.960693 0.363770 -0.917725 1.867868 0.707274 -1.784324
1.020020 0.199219 -1.185181 1.983215 0.387339 -2.304337
1.047974 0.038330 -1.441040 2.037566 0.074525 -2.801802
1.065674 -0.049194 -1.670532 2.071981 -0.095648 -3.248002
0.975952 0.074829 -1.824219 1.897536 0.145490 -3.546813
0.700073 0.328613 -1.770752 1.361147 0.638920 -3.442858
0.297363 0.545654 -1.573486 0.578161 1.060911 -3.059316
-0.097290 0.759766 -1.494385 -0.189160 1.477206 -2.905520
-0.410645 0.653564 -1.505493 -0.798413 1.270720 -2.927118
-0.583130 0.288818 -1.269531 -1.133775 0.561547 -2.468339
-0.476196 0.114258 -0.847900 -0.925864 0.222151 -1.648566
-0.186523 0.111450 -0.564087 -0.362656 0.216692 -1.096749
-0.276245 0.167114 -0.358276 -0.537101 0.324919 -0.696594
-0.386597 0.206543 -0.201904 -0.751657 0.401580 -0.392561
-0.348633 0.140503 -0.101563 -0.677844 0.273179 -0.197467
-0.314697 0.022461 0.015991 -0.611863 0.043671 0.031092
-0.240845 -0.087158 0.134155 -0.468272 -0.169461 0.260837
-0.193970 -0.128906 0.201172 -0.377134 -0.250631 0.391137
-0.194702 -0.144653 0.200928 -0.378558 -0.281248 0.390662
-0.222412 -0.129395 0.153931 -0.432434 -0.251581 0.299286
-0.207397 -0.115479 0.120483 -0.403241 -0.224524 0.234255
-0.203369 -0.134277 0.153198 -0.395409 -0.261074 0.297862
-0.221313 -0.053223 0.158569 -0.430298 -0.103480 0.308305
-0.188965 0.066406 0.007446 -0.367403 0.129113 0.014478
-0.067627 0.092529 -0.184448 -0.131487 0.179904 -0.358621
0.036011 0.032227 -0.242798 0.070015 0.062658 -0.472070
0.050049 0.053345 -0.222290 0.097310 0.103718 -0.432197
0.034912 0.089355 -0.213013 0.067879 0.173733 -0.414159
0.013062 0.082520 -0.188599 0.025395 0.160442 -0.366691
-0.016235 0.075562 -0.132690 -0.031566 0.146914 -0.257989
-0.007202 0.049927 -0.065674 -0.014003 0.097072 -0.127689
-0.017700 0.029663 -0.031250 -0.034414 0.057674 -0.060759
-0.028687 0.025635 -0.083618 -0.055775 0.049841 -0.162578
-0.024902 0.023438 -0.109619 -0.048417 0.045569 -0.213132
-0.026489 0.000854 -0.128418 -0.051503 0.001661 -0.249682
-0.021118 -0.034790 -0.154297 -0.041060 -0.067642 -0.299998
-0.023193 -0.033203 -0.131348 -0.045095 -0.064557 -0.255378
-0.019653 -0.022095 -0.113770 -0.038212 -0.042959 -0.221201
-0.025635 -0.009155 -0.107544 -0.049841 -0.017801 -0.209097
-0.009888 -0.000244 -0.120605 -0.019225 -0.000475 -0.234492
0.006714 -0.003784 -0.149536 0.013054 -0.007358 -0.290742
-0.014404 0.004395 -0.165039 -0.028006 0.008544 -0.320884
-0.027954 0.015747 -0.142944 -0.054351 0.030617 -0.277925
-0.040405 0.011108 -0.147827 -0.078560 0.021598 -0.287419
-0.060547 0.021973 -0.141968 -0.117721 0.042721 -0.276027
-0.042114 0.026611 -0.137085 -0.081882 0.051740 -0.266533
-0.029175 0.027954 -0.143311 -0.056724 0.054351 -0.278637
