-0.575317 -0.471436 -0.622925 -1.118585 -0.916608 -1.211147
-0.861084 -0.423340 -0.650513 -1.674198 -0.823096 -1.264786
-0.946289 -0.294067 -0.605835 -1.839862 -0.571753 -1.177920
-0.918091 -0.158813 -0.235962 -1.785036 -0.308780 -0.458779
-0.665771 0.137451 0.035400 -1.294454 0.267245 0.068829
-0.247192 0.226074 0.238281 -0.480614 0.439554 0.463288
0.297974 -0.124146 0.118896 0.579348 -0.241375 0.231169
0.747559 -0.397705 0.041016 1.453472 -0.773255 0.079746
0.986328 -0.605347 -0.004028 1.917709 -1.176970 -0.007832
1.142822 -0.482666 0.075073 2.221980 -0.938443 0.145964
1.293091 -0.652100 0.151001 2.514146 -1.267872 0.293590
1.336426 -0.755493 0.220459 2.598402 -1.468899 0.428637
1.257690 -0.824707 0.355225 2.445317 -1.603471 0.690660
1.122803 -0.856812 0.571411 2.183056 -1.665891 1.110990
0.903809 -0.886963 0.803589 1.757267 -1.724514 1.562411
0.602417 -0.993286 1.004761 1.171274 -1.931238 1.953548
0.247559 -0.990479 1.183472 0.481326 -1.925779 2.301014
-0.183472 -0.892090 1.387329 -0.356722 -1.734483 2.697372
-0.706665 -0.763062 1.608032 -1.373963 -1.483614 3.126484
-1.090210 -0.613770 1.881470 -2.119686 -1.193347 3.658126
-1.309814 -0.422119 2.026123 -2.546661 -0.820723 3.939374
-1.409180 -0.181274 2.028076 -2.739856 -0.352450 3.943172
-1.193359 -0.110718 1.767700 -2.320239 -0.215268 3.436925
-0.547729 -0.005493 1.209839 -1.064946 -0.010680 2.352280
-0.112061 -0.192505 0.909790 -0.217878 -0.374286 1.768897
0.068604 -0.119751 0.362183 0.133385 -0.232831 0.704189
0.404053 -0.045288 0.135132 0.785596 -0.088053 0.262736
0.672241 0.159058 0.099487 1.307033 0.309254 0.193432
0.811157 0.448242 -0.062866 1.577126 0.871514 -0.122230
0.941162 0.455200 -0.202637 1.829894 0.885042 -0.393985
1.047729 0.311523 -0.411621 2.037092 0.605692 -0.800311
1.244385 0.333252 -0.630615 2.419447 0.647939 -1.226100
1.206787 0.488037 -0.726807 2.346346 0.948886 -1.413124
1.081665 0.660034 -0.748291 2.103072 1.283299 -1.454896
0.878418 0.875977 -0.967896 1.707901 1.703154 -1.881871
0.776733 1.027344 -1.372559 1.510196 1.997456 -2.668654
0.677368 0.822266 -1.603149 1.317001 1.598724 -3.116990
0.528809 0.730835 -1.818970 1.028158 1.420956 -3.536608
0.328491 0.885986 -2.091675 0.638683 1.722616 -4.066826
0.042358 1.091431 -2.374878 0.082357 2.122060 -4.617455
-0.257568 1.209106 -2.550415 -0.500788 2.350856 -4.958751
-0.396484 1.154541 -2.531250 -0.770881 2.244764 -4.921488
-0.337280 0.920776 -2.086792 -0.655771 1.790258 -4.057332
-0.358398 0.600952 -1.201172 -0.696831 1.168426 -2.335428
-0.398071 0.305542 -0.338867 -0.773967 0.594063 -0.658857
-0.323486 0.192871 -0.154419 -0.628952 0.374998 -0.300235
-0.133057 0.062378 -0.215210 -0.258701 0.121281 -0.418431
0.019653 -0.060303 -0.274048 0.038212 -0.117246 -0.532829
0.063843 -0.090454 -0.227539 0.124129 -0.175869 -0.442402
0.051270 -0.054565 -0.153198 0.099683 -0.106091 -0.297862
0.026733 -0.077393 -0.078003 0.051978 -0.150474 -0.151660
0.023926 -0.137329 0.006592 0.046519 -0.267008 0.012816
0.040283 -0.172363 0.057739 0.078322 -0.335124 0.112262
0.047485 -0.201050 0.051392 0.092325 -0.390899 0.099920
0.035278 -0.196289 0.014526 0.068591 -0.381643 0.028243
0.002563 -0.182373 -0.006226 0.004984 -0.354586 -0.012104
-0.030273 -0.172485 0.014893 -0.058860 -0.335362 0.028956
-0.067139 -0.149292 0.067261 -0.130537 -0.290267 0.130774
-0.096069 -0.115845 0.099731 -0.186787 -0.225236 0.193907
-0.107910 -0.068481 0.089966 -0.209809 -0.133148 0.174920
-0.114868 -0.058960 0.065796 -0.223337 -0.114635 0.127926
-0.091675 -0.052856 0.034302 -0.178243 -0.102768 0.066693
-0.062500 -0.105103 -0.005371 -0.121518 -0.204350 -0.010443
-0.062012 -0.172852 -0.022461 -0.120569 -0.336074 -0.043671
-0.043823 -0.184692 -0.048096 -0.085205 -0.359096 -0.093512
-0.040405 -0.155640 -0.087158 -0.078560 -0.302609 -0.169461
-0.069214 -0.088013 -0.116821 -0.134572 -0.171122 -0.227135
-0.104370 -0.014526 -0.121582 -0.202926 -0.028243 -0.236391
-0.120483 0.029663 -0.117798 -0.234255 0.057674 -0.229033
-0.126221 0.051392 -0.109131 -0.245410 0.099920 -0.212182
-0.104004 0.064209 -0.132324 -0.202214 0.124841 -0.257277
-0.104980 0.048706 -0.149536 -0.204113 0.094699 -0.290742
-0.106079 0.061890 -0.135864 -0.206249 0.120332 -0.264160
-0.105591 0.062134 -0.122803 -0.205299 0.120806 -0.238764
-0.091919 0.030273 -0.111206 -0.178717 0.058860 -0.216217
-0.071045 0.026733 -0.118896 -0.138132 0.051978 -0.231169
-0.056274 0.028564 -0.134766 -0.109414 0.055538 -0.262024
-0.021362 0.014282 -0.154663 -0.041535 0.027769 -0.300710
-0.012817 0.004517 -0.175903 -0.024921 0.008782 -0.342007
-0.014282 -0.003906 -0.175781 -0.027769 -0.007595 -0.341770
