-0.021729 0.034180 -0.524902 -0.042247 0.066455 -1.020563
0.202881 0.134033 -0.531738 0.394460 0.260600 -1.033854
0.408813 0.105713 -0.462769 0.794853 0.205537 -0.899757
0.540283 0.008911 -0.286133 1.050468 0.017326 -0.556326
0.575928 -0.222046 -0.045654 1.119771 -0.431722 -0.088765
0.604126 -0.452148 0.178467 1.174597 -0.879108 0.346992
0.558960 -0.674316 0.386230 1.086781 -1.311068 0.750945
0.318237 -0.757446 0.586914 0.618746 -1.472696 1.141132
-0.146729 -0.559204 0.806030 -0.285283 -1.087256 1.567158
-0.619385 -0.620728 1.046143 -1.204265 -1.206875 2.034006
-0.975586 -0.787476 1.293213 -1.896824 -1.531082 2.514383
-1.176025 -0.887817 1.404541 -2.286536 -1.726176 2.730837
-1.071655 -0.696899 1.282715 -2.083610 -1.354976 2.493972
-0.722168 -0.512573 1.075073 -1.404105 -0.996592 2.090256
-0.295166 -0.179199 0.863281 -0.573889 -0.348416 1.678470
0.110352 -0.129517 0.818359 0.214556 -0.251818 1.591129
0.374512 -0.278198 0.963745 0.728160 -0.540899 1.873802
0.431641 -0.200195 1.044556 0.839235 -0.389238 2.030921
0.494019 -0.084473 0.825928 0.960516 -0.164239 1.605844
0.724976 0.123779 0.283203 1.409564 0.240663 0.550629
0.895020 0.265991 -0.114868 1.740179 0.517164 -0.223337
0.934814 0.321289 -0.229370 1.817552 0.624680 -0.445962
0.983521 0.420044 -0.324463 1.912251 0.816688 -0.630850
1.028442 0.503052 -0.468018 1.999592 0.978079 -0.909963
1.085693 0.579590 -0.613525 2.110904 1.126892 -1.192872
1.158203 0.605469 -0.753784 2.251885 1.177208 -1.465576
1.087158 0.509888 -0.833130 2.113753 0.991370 -1.619847
0.904419 0.497437 -0.937134 1.758454 0.967162 -1.822061
0.700806 0.519653 -1.059326 1.362571 1.010358 -2.059639
0.574585 0.600098 -1.202148 1.117161 1.166765 -2.337327
0.452759 0.734131 -1.310425 0.880295 1.427364 -2.547848
0.321167 0.731323 -1.371704 0.624442 1.421906 -2.666993
0.232422 0.631958 -1.368286 0.451896 1.228711 -2.660347
0.222168 0.549927 -1.385254 0.431959 1.069218 -2.693337
0.207764 0.433594 -1.391602 0.403953 0.843033 -2.705679
0.141846 0.298584 -1.299194 0.275789 0.580534 -2.526013
0.177979 0.203491 -1.060181 0.346042 0.395646 -2.061300
0.137207 0.026489 -0.687378 0.266770 0.051503 -1.336463
-0.039063 -0.055420 -0.400635 -0.075949 -0.107752 -0.778951
-0.225342 0.095825 -0.300537 -0.438130 0.186312 -0.584332
-0.309082 0.182129 -0.220093 -0.600946 0.354112 -0.427925
-0.252197 0.082886 -0.110718 -0.490345 0.161154 -0.215268
-0.084961 -0.071045 0.012573 -0.165189 -0.138132 0.024446
0.075073 -0.150269 0.068604 0.145964 -0.292166 0.133385
0.117676 -0.137573 0.055054 0.228796 -0.267482 0.107040
0.054932 -0.082520 0.023071 0.106803 -0.160442 0.044857
-0.043213 -0.081543 -0.056030 -0.084018 -0.158543 -0.108939
-0.104614 -0.225586 -0.133911 -0.203401 -0.438605 -0.260362
-0.145874 -0.217163 -0.121216 -0.283622 -0.422228 -0.235679
-0.123657 -0.067139 -0.080811 -0.240426 -0.130537 -0.157119
-0.009888 -0.017456 -0.051880 -0.019225 -0.033940 -0.100870
0.077515 -0.010010 -0.044067 0.150711 -0.019462 -0.085680
0.057617 0.035767 -0.067017 0.112025 0.069541 -0.130300
0.006104 0.055542 -0.086304 0.011867 0.107990 -0.167800
-0.033325 0.037109 -0.087402 -0.064794 0.072151 -0.169936
-0.038330 -0.010742 -0.109253 -0.074525 -0.020886 -0.212420
-0.034668 -0.018188 -0.144043 -0.067405 -0.035364 -0.280062
-0.022949 -0.006592 -0.166870 -0.044620 -0.012816 -0.324444
-0.004028 0.026611 -0.158203 -0.007832 0.051740 -0.307593
0.025391 0.006958 -0.140015 0.049367 0.013528 -0.272229
0.023315 -0.019165 -0.131836 0.045332 -0.037262 -0.256328
-0.023315 -0.022095 -0.111816 -0.045332 -0.042959 -0.217404
-0.058594 -0.035156 -0.082886 -0.113923 -0.068354 -0.161154
-0.043457 -0.078857 -0.073120 -0.084493 -0.153322 -0.142167
-0.042480 -0.121948 -0.087402 -0.082594 -0.237103 -0.169936
-0.063599 -0.070313 -0.125488 -0.123654 -0.136708 -0.243986
-0.076782 -0.010498 -0.163086 -0.149287 -0.020411 -0.317087
-0.066040 -0.017334 -0.144043 -0.128401 -0.033702 -0.280062
-0.046875 -0.021973 -0.113159 -0.091139 -0.042721 -0.220014
-0.028198 -0.013428 -0.116455 -0.054826 -0.026107 -0.226423
-0.011475 -0.002563 -0.099609 -0.022310 -0.004984 -0.193670
-0.019531 -0.006226 -0.071411 -0.037974 -0.012104 -0.138844
-0.032715 0.007080 -0.068848 -0.063607 0.013766 -0.133860
-0.038208 0.014404 -0.073120 -0.074288 0.028006 -0.142167
-0.027710 0.013550 -0.060791 -0.053876 0.026345 -0.118195
-0.022705 0.029907 -0.042114 -0.044145 0.058148 -0.081882
-0.035645 0.022583 -0.023804 -0.069303 0.043908 -0.046281
-0.060425 0.022705 -0.049805 -0.117483 0.044145 -0.096835
-0.087402 0.029175 -0.098267 -0.169936 0.056724 -0.191059
-0.104980 0.020142 -0.119141 -0.204113 0.039161 -0.231644
