0.174194 0.187378 -0.588745 0.338685 0.364317 -1.144692
0.379150 0.090698 -0.555298 0.737179 0.176344 -1.079661
0.395996 0.019897 -0.557983 0.769932 0.038686 -1.084882
0.422974 -0.153687 -0.401489 0.822384 -0.298811 -0.780612
0.480469 -0.683350 -0.186890 0.934171 -1.328631 -0.363368
0.708374 -1.110107 -0.066406 1.377286 -2.158373 -0.129113
1.123291 -1.151245 0.007813 2.184005 -2.238356 0.015190
1.524414 -1.087280 0.262207 2.963906 -2.113990 0.509807
1.518921 -1.174438 0.629761 2.953225 -2.283451 1.224439
1.181396 -1.432617 0.832397 2.296979 -2.785426 1.618423
0.754883 -1.450562 0.860718 1.467712 -2.820315 1.673486
0.361816 -1.200317 0.940674 0.703477 -2.333767 1.828944
0.071045 -0.766602 1.114868 0.138132 -1.490497 2.167629
-0.157227 -0.479614 1.337891 -0.305694 -0.932510 2.601249
-0.366089 -0.462280 1.421631 -0.711784 -0.898808 2.764065
-0.593506 -0.338989 1.063721 -1.153948 -0.659094 2.068183
-0.822144 -0.285400 0.746704 -1.598487 -0.554902 1.451810
-0.864868 -0.140869 1.021118 -1.681556 -0.273891 1.985351
-0.939697 0.035400 1.318726 -1.827046 0.068829 2.563987
-0.949829 0.364868 1.335938 -1.846745 0.709410 2.597452
-0.730957 0.451538 1.207031 -1.421194 0.877922 2.346821
-0.438232 0.423828 1.007813 -0.852052 0.824045 1.959481
-0.134033 0.459961 0.736572 -0.260600 0.894298 1.432111
0.059570 0.338623 0.652832 0.115822 0.658382 1.269296
0.145874 0.212402 0.537720 0.283622 0.412972 1.045484
0.529907 0.205688 0.237183 1.030294 0.399918 0.461152
0.899292 0.250854 -0.032104 1.748486 0.487734 -0.062420
0.990112 0.468018 -0.208496 1.925067 0.909963 -0.405377
1.012939 0.559570 -0.371826 1.969450 1.087968 -0.722938
1.001709 0.428101 -0.558105 1.947614 0.832352 -1.085120
0.940796 0.305908 -0.779053 1.829182 0.594775 -1.514706
0.871704 0.398315 -0.936401 1.694847 0.774441 -1.820637
0.988892 0.577148 -1.042847 1.922694 1.122145 -2.027598
1.012329 0.600830 -1.143921 1.968263 1.168189 -2.224116
0.896851 0.601685 -1.224365 1.743739 1.169850 -2.380523
0.814453 0.554932 -1.327759 1.583534 1.078949 -2.581550
0.782471 0.513550 -1.407715 1.521351 0.998491 -2.737008
0.762939 0.452026 -1.511475 1.483377 0.878871 -2.938747
0.679932 0.394775 -1.669189 1.321985 0.767558 -3.245391
0.503296 0.437012 -1.694458 0.978554 0.849678 -3.294520
0.281860 0.560181 -1.584961 0.548019 1.089155 -3.081626
0.090210 0.707031 -1.429688 0.175394 1.374675 -2.779729
-0.146118 0.708740 -1.547485 -0.284096 1.377998 -3.008763
-0.339600 0.500732 -1.474365 -0.660281 0.973570 -2.866596
-0.405273 0.418945 -1.070435 -0.787970 0.814552 -2.081237
-0.410767 0.426880 -0.736084 -0.798650 0.829979 -1.431162
-0.439941 0.311768 -0.510986 -0.855374 0.606167 -0.993506
-0.417847 0.179321 -0.214355 -0.812416 0.348653 -0.416770
-0.316162 0.069458 -0.003418 -0.614711 0.135047 -0.006646
-0.195679 -0.020630 0.054321 -0.380456 -0.040111 0.105616
-0.147217 -0.047119 0.021118 -0.286232 -0.091613 0.041060
-0.108643 -0.020386 0.012695 -0.211233 -0.039636 0.024683
-0.070557 0.018433 -0.000854 -0.137183 0.035838 -0.001661
-0.036499 0.042358 -0.039307 -0.070965 0.082357 -0.076424
0.013916 0.032349 0.006348 0.027057 0.062895 0.012342
0.039185 -0.010742 0.075684 0.076186 -0.020886 0.147151
0.067749 -0.022217 0.084961 0.131724 -0.043196 0.165189
0.072876 -0.034790 0.028687 0.141692 -0.067642 0.055775
0.049438 -0.033813 -0.034424 0.096123 -0.065743 -0.066930
0.013794 -0.002075 -0.075317 0.026819 -0.004035 -0.146439
-0.035278 0.008301 -0.047729 -0.068591 0.016139 -0.092800
-0.064331 0.003784 0.042725 -0.125078 0.007358 0.083069
-0.096436 0.020142 0.088501 -0.187499 0.039161 0.172072
-0.087280 0.045898 0.105103 -0.169698 0.089240 0.204350
-0.064453 0.032837 0.042603 -0.125316 0.063845 0.082832
-0.043091 0.013428 -0.031006 -0.083781 0.026107 -0.060284
-0.021484 0.017212 -0.067139 -0.041772 0.033465 -0.130537
-0.040771 -0.002319 -0.080688 -0.079272 -0.004509 -0.156882
-0.065308 -0.011719 -0.056519 -0.126977 -0.022785 -0.109889
-0.071289 -0.000244 -0.035522 -0.138607 -0.000475 -0.069066
-0.072754 -0.008545 -0.021362 -0.141455 -0.016614 -0.041535
-0.080811 -0.025635 -0.006104 -0.157119 -0.049841 -0.011867
-0.083984 -0.014771 -0.003540 -0.163290 -0.028718 -0.006883
-0.078491 -0.010376 -0.021484 -0.152610 -0.020174 -0.041772
-0.081909 -0.002686 -0.048218 -0.159255 -0.005221 -0.093749
-0.074341 0.004517 -0.079468 -0.144540 0.008782 -0.154509
-0.063843 0.002197 -0.092773 -0.124129 0.004272 -0.180379
-0.046753 0.005371 -0.097534 -0.090901 0.010443 -0.189635
-0.034302 0.006714 -0.115845 -0.066693 0.013054 -0.225236
-0.023926 0.002075 -0.109253 -0.046519 0.004035 -0.212420
