-0.446777 -0.087646 -0.300171 -0.868665 -0.170410 -0.583620
-0.261963 -0.138428 -0.183716 -0.509332 -0.269144 -0.357197
-0.019165 -0.242554 -0.063965 -0.037262 -0.471595 -0.124366
0.413330 -0.317383 0.100708 0.803634 -0.617085 0.195806
0.927979 -0.432495 0.251465 1.804261 -0.840897 0.488921
1.189941 -0.240601 0.364502 2.313593 -0.467798 0.708698
1.141479 -0.171875 0.517334 2.219369 -0.334175 1.005848
1.187256 -0.377930 0.724976 2.308372 -0.734806 1.409564
1.138306 -0.948364 0.886597 2.213198 -1.843897 1.723802
0.837646 -1.185181 0.851807 1.628629 -2.304337 1.656160
0.293213 -0.892822 0.743408 0.570091 -1.735907 1.445402
-0.293945 -0.584717 0.815063 -0.571515 -1.136860 1.584721
-0.840210 -0.356445 1.141724 -1.633613 -0.693034 2.219844
-1.309570 -0.178589 1.536987 -2.546187 -0.347229 2.988352
-1.436401 -0.168579 1.767700 -2.792783 -0.327767 3.436925
-0.937866 -0.327148 1.710815 -1.823485 -0.636072 3.326324
-0.242676 -0.457520 1.510864 -0.471832 -0.889551 2.937561
0.403076 -0.182007 1.211670 0.783698 -0.353874 2.355840
0.820190 0.287842 0.914795 1.594689 0.559648 1.778628
0.923584 0.503052 0.536621 1.795717 0.978079 1.043348
0.914185 0.412476 0.075195 1.777441 0.801973 0.146202
0.920288 0.366943 -0.336426 1.789308 0.713445 -0.654110
0.959351 0.444580 -0.582153 1.865257 0.864393 -1.131876
1.010010 0.506958 -0.720947 1.963753 0.985674 -1.401732
1.091919 0.580322 -0.823730 2.123009 1.128316 -1.601572
1.153320 0.623291 -0.989746 2.242391 1.211859 -1.924355
1.118530 0.575562 -1.187744 2.174749 1.119059 -2.309321
0.977661 0.562744 -1.362061 1.900858 1.094139 -2.648243
0.715576 0.618896 -1.536499 1.391289 1.203315 -2.987402
0.375854 0.609253 -1.604736 0.730771 1.184565 -3.120075
0.176147 0.514893 -1.568604 0.342482 1.001101 -3.049823
0.191650 0.529785 -1.532471 0.372624 1.030057 -2.979570
0.163330 0.717896 -1.557739 0.317561 1.395798 -3.028699
0.103149 0.740479 -1.579834 0.200553 1.439706 -3.071658
0.026489 0.552124 -1.437134 0.051503 1.073490 -2.794207
-0.035645 0.332275 -1.107666 -0.069303 0.646040 -2.153626
-0.058838 0.271606 -0.765381 -0.114398 0.528082 -1.488124
-0.094849 0.231689 -0.471680 -0.184413 0.450472 -0.917083
-0.070801 0.183716 -0.359253 -0.137657 0.357197 -0.698492
-0.017578 0.088623 -0.343750 -0.034177 0.172309 -0.668350
-0.001099 -0.080811 -0.275879 -0.002136 -0.157119 -0.536389
-0.027710 -0.059814 -0.191528 -0.053876 -0.116297 -0.372387
-0.090210 0.096558 -0.124878 -0.175394 0.187736 -0.242799
-0.122070 0.102783 -0.088257 -0.237340 0.199841 -0.171597
-0.128174 0.086914 -0.120972 -0.249207 0.168986 -0.235204
-0.072510 0.044678 -0.104004 -0.140980 0.086867 -0.202214
0.049438 0.014526 -0.019287 0.096123 0.028243 -0.037500
0.126831 -0.018799 0.005127 0.246597 -0.036550 0.009968
0.104614 -0.042847 -0.025391 0.203401 -0.083306 -0.049367
0.024658 -0.036255 -0.064087 0.047943 -0.070490 -0.124604
0.000610 -0.003662 -0.057373 0.001187 -0.007120 -0.111550
0.011597 0.012695 -0.025146 0.022547 0.024683 -0.048892
0.011597 0.025146 -0.055298 0.022547 0.048892 -0.107515
-0.003784 0.012451 -0.098389 -0.007358 0.024209 -0.191296
0.003662 0.003052 -0.114868 0.007120 0.005934 -0.223337
-0.001465 -0.002319 -0.117920 -0.002848 -0.004509 -0.229271
-0.018555 -0.010498 -0.112183 -0.036076 -0.020411 -0.218116
-0.026611 -0.003784 -0.101563 -0.051740 -0.007358 -0.197467
-0.035645 0.006714 -0.088989 -0.069303 0.013054 -0.173021
-0.028198 -0.005737 -0.081787 -0.054826 -0.011155 -0.159018
-0.025513 -0.028687 -0.086182 -0.049604 -0.055775 -0.167562
-0.032837 -0.019775 -0.090332 -0.063845 -0.038449 -0.175632
-0.036499 -0.027588 -0.089355 -0.070965 -0.053639 -0.173733
-0.024780 -0.053955 -0.073975 -0.048180 -0.104904 -0.143828
-0.015625 -0.072388 -0.057129 -0.030380 -0.140743 -0.111075
-0.022583 -0.105103 -0.039429 -0.043908 -0.204350 -0.076661
-0.034790 -0.096802 -0.049683 -0.067642 -0.188211 -0.096597
-0.045166 -0.091553 -0.085693 -0.087816 -0.178005 -0.166613
-0.070679 -0.084839 -0.094482 -0.137420 -0.164952 -0.183701
-0.081177 -0.051514 -0.094116 -0.157831 -0.100158 -0.182989
-0.041382 -0.021240 -0.120605 -0.080458 -0.041297 -0.234492
-0.011719 -0.017334 -0.144531 -0.022785 -0.033702 -0.281011
-0.009888 -0.012451 -0.146606 -0.019225 -0.024209 -0.285046
-0.037598 -0.012085 -0.149414 -0.073101 -0.023497 -0.290505
-0.051147 -0.000732 -0.151733 -0.099446 -0.001424 -0.295014
-0.043213 0.014648 -0.141113 -0.084018 0.028481 -0.274365
-0.024292 0.008911 -0.128418 -0.047231 0.017326 -0.249682
-0.009888 0.001709 -0.122925 -0.019225 0.003323 -0.239002
-0.014648 0.002930 -0.123901 -0.028481 0.005696 -0.240900
-0.024414 0.024170 -0.134033 -0.047468 0.046993 -0.260600
