-0.255371 -0.086060 -0.450928 -0.496516 -0.167325 -0.876735
-0.208130 0.027832 -0.464844 -0.404665 0.054114 -0.903792
-0.227539 0.106812 -0.512329 -0.442402 0.207673 -0.996117
-0.182739 0.138672 -0.457764 -0.355298 0.269619 -0.890026
0.012573 0.104248 -0.260376 0.024446 0.202689 -0.506247
0.384399 -0.105347 -0.017700 0.747385 -0.204825 -0.034414
0.986206 -0.321045 0.155762 1.917472 -0.624205 0.302846
1.501465 -0.644165 0.204102 2.919286 -1.252445 0.396833
1.614990 -0.753540 0.176025 3.140012 -1.465102 0.342245
1.338745 -0.717773 0.102173 2.602911 -1.395561 0.198654
1.127808 -0.870239 0.104248 2.192787 -1.691999 0.202689
0.994751 -1.064819 0.233276 1.934086 -2.070319 0.453557
0.931152 -1.025391 0.494629 1.810432 -1.993658 0.961703
0.723877 -1.010986 0.719604 1.407428 -1.965652 1.399121
0.391968 -1.131714 0.976929 0.762100 -2.200382 1.899434
0.088867 -1.192749 1.206787 0.172784 -2.319052 2.346346
-0.153809 -1.067261 1.306274 -0.299049 -2.075066 2.539778
-0.548096 -0.877319 1.474609 -1.065658 -1.705765 2.867071
-0.844604 -0.610352 1.745728 -1.642157 -1.186701 3.394203
-1.114502 -0.272583 1.999023 -2.166917 -0.529981 3.886684
-1.232422 0.150146 2.066040 -2.396188 0.291929 4.016984
-1.102539 0.562134 1.968872 -2.143657 1.092952 3.828061
-0.614136 0.730347 1.665161 -1.194059 1.420007 3.237559
-0.105347 0.421509 1.206177 -0.204825 0.819536 2.345159
0.305054 -0.041870 0.755737 0.593113 -0.081408 1.469374
0.742065 -0.151733 0.522827 1.442792 -0.295014 1.016528
1.103271 0.209229 0.355957 2.145082 0.406801 0.692084
1.047119 0.575073 0.065308 2.035905 1.118110 0.126977
0.865234 0.562622 -0.488403 1.682268 1.093901 -0.949598
0.922607 0.375488 -0.961060 1.793818 0.730059 -1.868580
1.190674 0.274902 -1.244995 2.315017 0.534490 -2.420634
1.211182 0.337158 -1.404541 2.354890 0.655534 -2.730837
1.032349 0.558716 -1.493286 2.007187 1.086306 -2.903384
0.725708 0.710693 -1.570801 1.410988 1.381795 -3.054095
0.533081 0.733398 -1.646240 1.036465 1.425940 -3.200771
0.512085 0.780518 -1.816040 0.995642 1.517554 -3.530911
0.382080 0.892822 -1.911377 0.742875 1.735907 -3.716274
0.118530 1.020264 -1.899902 0.230457 1.983690 -3.693964
-0.038940 1.015991 -1.813599 -0.075712 1.975383 -3.526165
-0.152222 0.975586 -1.722168 -0.295963 1.896824 -3.348397
-0.201050 0.947388 -1.685059 -0.390899 1.841998 -3.276245
-0.226685 0.717285 -1.360596 -0.440741 1.394611 -2.645395
-0.292603 0.281738 -0.738892 -0.568905 0.547781 -1.436621
-0.346558 0.095459 -0.360840 -0.673809 0.185600 -0.701578
-0.363159 0.140991 -0.216431 -0.706087 0.274128 -0.420804
-0.252197 0.055054 -0.132813 -0.490345 0.107040 -0.258226
-0.095825 -0.070435 -0.142456 -0.186312 -0.136945 -0.276976
0.025513 -0.118408 -0.187134 0.049604 -0.230220 -0.363843
0.122681 -0.148682 -0.170532 0.238527 -0.289080 -0.331564
0.128052 -0.116333 -0.156738 0.248970 -0.226185 -0.304745
0.068115 -0.031738 -0.133423 0.132436 -0.061708 -0.259413
0.012207 -0.020142 -0.094849 0.023734 -0.039161 -0.184413
-0.040771 -0.013184 -0.078857 -0.079272 -0.025633 -0.153322
-0.056396 0.021240 -0.078613 -0.109651 0.041297 -0.152847
-0.037720 0.064209 -0.080566 -0.073338 0.124841 -0.156645
-0.000488 0.080811 -0.105103 -0.000949 0.157119 -0.204350
-0.010986 0.055054 -0.119141 -0.021361 0.107040 -0.231644
-0.022095 0.064453 -0.109863 -0.042959 0.125316 -0.213606
-0.028442 0.059692 -0.105591 -0.055300 0.116059 -0.205299
-0.067139 0.036377 -0.128174 -0.130537 0.070727 -0.249207
-0.097412 0.041260 -0.140015 -0.189398 0.080221 -0.272229
-0.111938 0.077759 -0.121460 -0.217641 0.151186 -0.236154
-0.116577 0.088623 -0.105957 -0.226660 0.172309 -0.206011
-0.115112 0.098145 -0.109009 -0.223812 0.190822 -0.211945
-0.117065 0.088135 -0.090332 -0.227609 0.171360 -0.175632
-0.116455 0.091064 -0.066895 -0.226423 0.177056 -0.130062
-0.087891 0.089111 -0.068115 -0.170885 0.173258 -0.132436
-0.057617 0.062866 -0.095093 -0.112025 0.122230 -0.184888
-0.052002 0.036377 -0.095215 -0.101107 0.070727 -0.185125
-0.060913 0.052368 -0.075562 -0.118433 0.101819 -0.146914
-0.061035 0.082153 -0.071899 -0.118670 0.159730 -0.139793
-0.054810 0.100220 -0.101929 -0.106566 0.194856 -0.198179
-0.049072 0.104858 -0.125244 -0.095411 0.203875 -0.243511
-0.044556 0.112549 -0.128662 -0.086629 0.218828 -0.250157
-0.054321 0.111816 -0.118164 -0.105616 0.217404 -0.229745
-0.067505 0.113403 -0.089600 -0.131249 0.220489 -0.174208
-0.072388 0.103638 -0.080444 -0.140743 0.201502 -0.156407
-0.070923 0.076660 -0.086304 -0.137895 0.149050 -0.167800
-0.082520 0.076416 -0.098755 -0.160442 0.148575 -0.192008
-0.086426 0.093750 -0.112793 -0.168037 0.182277 -0.219302
