-0.274048 0.187500 -0.604126 -0.532829 0.364555 -1.174597
-0.259155 0.442627 -0.642090 -0.503873 0.860596 -1.248410
-0.341187 0.576538 -0.613770 -0.663366 1.120958 -1.193347
-0.354004 0.494385 -0.569092 -0.688287 0.961228 -1.106480
-0.117798 0.122559 -0.533691 -0.229033 0.238290 -1.037652
0.476929 -0.076538 -0.324707 0.927288 -0.148812 -0.631325
1.055420 -0.447021 -0.049072 2.052044 -0.869140 -0.095411
1.448853 -0.723999 0.225464 2.816992 -1.407665 0.438368
1.590332 -0.935791 0.432983 3.092069 -1.819451 0.841846
1.514526 -0.924561 0.712769 2.944681 -1.797615 1.385830
1.244629 -0.914429 1.047852 2.419922 -1.777916 2.037329
0.895996 -1.111694 1.350952 1.742078 -2.161458 2.626645
0.449219 -1.333862 1.520996 0.873412 -2.593417 2.957260
0.017944 -1.418457 1.615112 0.034889 -2.757894 3.140249
-0.248291 -1.323364 1.765625 -0.482750 -2.573006 3.432890
-0.461060 -1.062256 1.875122 -0.896434 -2.065335 3.645784
-0.680786 -0.787598 1.942383 -1.323647 -1.531319 3.776559
-0.864136 -0.658569 1.995117 -1.680132 -1.280451 3.879090
-0.828857 -0.360352 1.991699 -1.611541 -0.700629 3.872444
-0.508423 0.063843 1.653320 -0.988522 0.124129 3.214537
-0.208252 0.375610 1.183350 -0.404903 0.730296 2.300777
0.020264 0.208130 0.827881 0.039398 0.404665 1.609642
0.416138 -0.113525 0.506104 0.809093 -0.220726 0.984013
0.974976 0.081787 0.295654 1.895637 0.159018 0.574838
1.171143 0.448608 0.149048 2.277043 0.872226 0.289792
0.995483 0.511475 -0.078735 1.935510 0.994456 -0.153084
0.954834 0.437500 -0.365112 1.856476 0.850628 -0.709885
1.095703 0.436279 -0.575928 2.130366 0.848254 -1.119771
1.290283 0.468506 -0.734009 2.508687 0.910912 -1.427127
1.217163 0.501221 -0.955322 2.366520 0.974519 -1.857425
1.084595 0.550293 -1.171021 2.108768 1.069930 -2.276805
0.931396 0.577881 -1.302856 1.810906 1.123569 -2.533133
0.790527 0.630493 -1.394287 1.537016 1.225863 -2.710901
0.729492 0.526733 -1.605713 1.418346 1.024123 -3.121974
0.580078 0.387939 -1.926636 1.127841 0.754267 -3.745942
0.171143 0.307861 -2.223755 0.332751 0.598572 -4.323628
-0.155762 0.217041 -2.412109 -0.302846 0.421991 -4.689844
-0.362915 -0.363281 -2.562988 -0.705613 -0.706325 -4.983197
-0.308838 -0.392944 -2.312744 -0.600471 -0.763998 -4.496649
-0.875000 0.501831 -2.011108 -1.701255 0.975706 -3.910181
-1.633667 0.950195 -1.838745 -3.176325 1.847457 -3.575057
-1.636841 0.674805 -1.595215 -3.182496 1.312017 -3.101563
-1.074707 0.552612 -1.047119 -2.089544 1.074440 -2.035905
-0.358154 0.315308 -0.333618 -0.696356 0.613050 -0.648651
0.000000 -0.098999 0.051025 0.000000 -0.192483 0.099208
0.181885 -0.174927 0.193481 0.353637 -0.340109 0.376184
0.215088 -0.135132 0.217407 0.418194 -0.262736 0.422703
0.198364 -0.134033 0.198853 0.385678 -0.260600 0.386627
0.086426 -0.123535 0.176147 0.168037 -0.240188 0.342482
0.047241 -0.124878 0.139282 0.091851 -0.242799 0.270805
0.017090 -0.095947 0.133423 0.033228 -0.186549 0.259413
0.000610 -0.052246 0.143921 0.001187 -0.101582 0.279824
-0.004150 -0.055786 0.158691 -0.008070 -0.108465 0.308542
-0.038574 -0.101196 0.166748 -0.075000 -0.196755 0.324207
-0.083984 -0.113403 0.177368 -0.163290 -0.220489 0.344855
-0.098511 -0.083252 0.176514 -0.191534 -0.161866 0.343194
-0.089111 -0.088135 0.162842 -0.173258 -0.171360 0.316612
-0.124756 -0.071411 0.104004 -0.242562 -0.138844 0.202214
-0.103271 -0.062134 0.102783 -0.200790 -0.120806 0.199841
-0.096924 -0.055542 0.077637 -0.188448 -0.107990 0.150948
-0.084595 -0.021851 0.024780 -0.164477 -0.042484 0.048180
-0.047119 0.007935 -0.016479 -0.091613 0.015427 -0.032041
-0.029541 -0.016113 -0.020386 -0.057436 -0.031329 -0.039636
-0.059814 -0.029297 -0.025269 -0.116297 -0.056962 -0.049129
-0.087891 0.008789 -0.030884 -0.170885 0.017089 -0.060047
-0.087158 0.037842 -0.049194 -0.169461 0.073575 -0.095648
-0.072510 0.033936 -0.068481 -0.140980 0.065981 -0.133148
-0.076904 0.035645 -0.066650 -0.149524 0.069303 -0.129588
-0.078369 0.014282 -0.074463 -0.152372 0.027769 -0.144778
-0.072266 -0.011230 -0.069336 -0.140505 -0.021835 -0.134809
-0.030518 -0.021240 -0.052979 -0.059335 -0.041297 -0.103006
0.056396 -0.032104 -0.062988 0.109651 -0.062420 -0.122468
0.115356 -0.017212 -0.159546 0.224287 -0.033465 -0.310204
0.049561 -0.006592 -0.181641 0.096360 -0.012816 -0.353162
-0.037231 -0.017822 -0.131592 -0.072389 -0.034652 -0.255853
-0.048218 -0.041870 -0.043213 -0.093749 -0.081408 -0.084018
-0.004639 -0.044922 -0.019531 -0.009019 -0.087341 -0.037974
-0.003784 -0.073364 -0.039673 -0.007358 -0.142642 -0.077136
-0.008301 -0.060791 -0.041016 -0.016139 -0.118195 -0.079746
-0.027832 -0.043213 -0.047852 -0.054114 -0.084018 -0.093037
