-0.570679 -0.287109 -0.283325 -1.109566 -0.558224 -0.550867
-0.469727 -0.262695 -0.113159 -0.913285 -0.510756 -0.220014
-0.405884 -0.466553 -0.213501 -0.789156 -0.907115 -0.415108
-0.268311 -0.345459 -0.338745 -0.521674 -0.671673 -0.658619
-0.099976 -0.103638 -0.356079 -0.194382 -0.201502 -0.692322
0.177246 -0.109375 -0.334961 0.344618 -0.212657 -0.651262
0.431030 -0.569458 -0.309937 0.838049 -1.107192 -0.602607
0.528076 -0.842773 -0.270508 1.026734 -1.638597 -0.525946
0.567383 -0.424194 0.126831 1.103158 -0.824758 0.246597
0.655273 -0.392212 0.324341 1.274043 -0.762574 0.630613
0.594849 -0.323120 0.554077 1.156559 -0.628240 1.077288
0.508545 -0.269409 0.710083 0.988760 -0.523810 1.380608
0.252197 -0.271118 0.829956 0.490345 -0.527133 1.613677
-0.059204 -0.364258 0.991333 -0.115110 -0.708223 1.927440
-0.302734 -0.449097 1.151733 -0.588604 -0.873175 2.239305
-0.575195 -0.535645 1.291870 -1.118347 -1.041449 2.511772
-0.835571 -0.484497 1.329834 -1.624594 -0.942004 2.585585
-0.948120 -0.336182 1.241821 -1.843422 -0.653635 2.414463
-0.686890 -0.130859 1.041504 -1.335514 -0.254429 2.024987
-0.264282 0.648193 0.657104 -0.513842 1.260277 1.277603
0.126343 0.643066 0.328613 0.245647 1.250309 0.638920
0.683228 0.220703 0.216309 1.328394 0.429111 0.420567
0.977173 0.147583 -0.105835 1.899909 0.286944 -0.205774
1.072632 0.245850 -0.327148 2.085509 0.478003 -0.636072
1.050659 0.492188 -0.476563 2.042788 0.956956 -0.926576
1.100586 0.526978 -0.601807 2.139860 1.024598 -1.170088
1.121460 0.513794 -0.703003 2.180445 0.998965 -1.366843
1.056396 0.721069 -0.803467 2.053943 1.401969 -1.562174
1.026611 0.775513 -0.971558 1.996032 1.507823 -1.888991
1.018311 0.561768 -1.187012 1.979893 1.092240 -2.307897
0.930542 0.429932 -1.357910 1.809245 0.835912 -2.640173
0.643555 0.722778 -1.507690 1.251258 1.405292 -2.931390
0.375244 0.592407 -1.350098 0.729584 1.151812 -2.624984
0.258667 0.300415 -1.067017 0.502924 0.584094 -2.074591
0.212646 -0.015381 -1.013428 0.413447 -0.029905 -1.970399
0.145630 -0.095703 -1.045166 0.283147 -0.186075 -2.032108
0.059448 -0.073853 -0.865234 0.115585 -0.143591 -1.682268
-0.080200 0.188965 -0.662720 -0.155933 0.367403 -1.288520
-0.183594 0.422241 -0.447510 -0.356960 0.820960 -0.870089
-0.198242 0.389160 -0.295410 -0.385441 0.756641 -0.574363
-0.161987 0.264282 -0.303223 -0.314951 0.513842 -0.589553
-0.094971 0.144165 -0.359863 -0.184651 0.280299 -0.699679
0.070313 0.076294 -0.239136 0.136708 0.148338 -0.464950
0.172363 0.073608 -0.153076 0.335124 0.143116 -0.297625
0.182007 0.083130 -0.134033 0.353874 0.161629 -0.260600
0.144043 0.044434 -0.138062 0.280062 0.086392 -0.268432
0.034302 -0.005005 -0.106445 0.066693 -0.009731 -0.206961
-0.066650 0.013550 -0.056641 -0.129588 0.026345 -0.110126
-0.094360 0.028442 -0.041992 -0.183464 0.055300 -0.081645
-0.069092 0.008057 -0.054321 -0.134335 0.015664 -0.105616
-0.018677 -0.045532 -0.077881 -0.036313 -0.088528 -0.151423
-0.003662 -0.096436 -0.089355 -0.007120 -0.187499 -0.173733
-0.017212 -0.078369 -0.086792 -0.033465 -0.152372 -0.168749
-0.038452 -0.026489 -0.065674 -0.074762 -0.051503 -0.127689
-0.052246 -0.046387 -0.068970 -0.101582 -0.090189 -0.134097
-0.057129 -0.059326 -0.090942 -0.111075 -0.115347 -0.176819
-0.068237 -0.049683 -0.091675 -0.132673 -0.096597 -0.178243
-0.098511 -0.040894 -0.093872 -0.191534 -0.079509 -0.182515
-0.079712 -0.006470 -0.096191 -0.154983 -0.012579 -0.187024
-0.054199 -0.025635 -0.095093 -0.105379 -0.049841 -0.184888
0.006714 -0.053589 -0.114868 0.013054 -0.104192 -0.223337
0.018311 -0.034180 -0.145264 0.035601 -0.066455 -0.282435
-0.025879 0.002197 -0.141235 -0.050316 0.004272 -0.274603
-0.032959 0.009033 -0.137817 -0.064082 0.017563 -0.267957
-0.000366 -0.041992 -0.135498 -0.000712 -0.081645 -0.263448
-0.009644 -0.087646 -0.128174 -0.018750 -0.170410 -0.249207
-0.034912 -0.058472 -0.129883 -0.067879 -0.113686 -0.252530
-0.047485 -0.028931 -0.113770 -0.092325 -0.056250 -0.221201
-0.033081 -0.028198 -0.101074 -0.064319 -0.054826 -0.196518
-0.012695 -0.029297 -0.108765 -0.024683 -0.056962 -0.211470
0.006836 -0.014526 -0.108032 0.013291 -0.028243 -0.210046
0.016357 -0.029663 -0.091675 0.031804 -0.057674 -0.178243
0.003052 -0.046631 -0.092407 0.005934 -0.090664 -0.179667
-0.014771 -0.054810 -0.093872 -0.028718 -0.106566 -0.182515
-0.049683 -0.035278 -0.095947 -0.096597 -0.068591 -0.186549
-0.065552 -0.008667 -0.104980 -0.127452 -0.016851 -0.204113
-0.062500 -0.032837 -0.097046 -0.121518 -0.063845 -0.188686
-0.049927 -0.060425 -0.085815 -0.097072 -0.117483 -0.166850
-0.040039 -0.035156 -0.096558 -0.077848 -0.068354 -0.187736
-0.036011 -0.005493 -0.117920 -0.070015 -0.010680 -0.229271
