-0.464111 -0.071045 -0.285645 -0.902368 -0.138132 -0.555376
-0.281372 0.233154 -0.143921 -0.547069 0.453320 -0.279824
0.048950 0.153442 -0.217407 0.095173 0.298337 -0.422703
0.457642 -0.155518 -0.205444 0.889789 -0.302372 -0.399444
0.759644 -0.411743 -0.059814 1.476969 -0.800549 -0.116297
0.864990 -0.438354 0.135498 1.681793 -0.852289 0.263448
0.794189 -0.411377 0.346191 1.544136 -0.799837 0.673097
0.651855 -0.415527 0.502563 1.267397 -0.807906 0.977130
0.406372 -0.483765 0.588745 0.790106 -0.940580 1.144692
0.142334 -0.578003 0.650146 0.276739 -1.123806 1.264074
-0.185547 -0.678711 0.716553 -0.360757 -1.319612 1.393188
-0.671631 -0.742065 0.900146 -1.305846 -1.442792 1.750147
-1.052490 -0.576538 1.089355 -2.046348 -1.120958 2.118025
-1.137573 -0.447876 1.162598 -2.211774 -0.870802 2.260429
-1.087402 -0.411255 1.178711 -2.114227 -0.799599 2.291758
-0.855225 -0.328247 1.202881 -1.662806 -0.638208 2.338751
-0.470459 -0.251465 1.248047 -0.914709 -0.488921 2.426567
0.104126 -0.141968 1.087646 0.202451 -0.276027 2.114702
0.658813 -0.045532 0.786133 1.280926 -0.088528 1.528471
0.930420 0.019043 0.463623 1.809008 0.037025 0.901418
0.929810 0.107422 0.189209 1.807821 0.208859 0.367877
0.920776 0.241333 -0.083862 1.790258 0.469222 -0.163053
0.929443 0.281494 -0.331909 1.807109 0.547307 -0.645328
0.972412 0.258301 -0.515503 1.890653 0.502212 -1.002288
0.980469 0.284912 -0.677124 1.906317 0.553952 -1.316527
0.864990 0.375732 -0.813477 1.681793 0.730533 -1.581636
0.750366 0.438965 -0.881592 1.458931 0.853476 -1.714072
0.652832 0.429077 -0.994263 1.269296 0.834251 -1.933137
0.524048 0.342285 -1.143799 1.018902 0.665502 -2.223878
0.382568 0.292236 -1.274658 0.743824 0.568193 -2.478307
0.216553 0.289307 -1.314819 0.421042 0.562496 -2.556392
0.075439 0.244385 -1.356567 0.146676 0.475155 -2.637563
-0.094727 0.196167 -1.446411 -0.184176 0.381406 -2.812245
-0.376465 0.170776 -1.391968 -0.731957 0.332039 -2.706391
-0.623779 0.177734 -1.182007 -1.212809 0.345567 -2.298166
-0.692017 0.297485 -0.939087 -1.345482 0.578398 -1.825859
-0.499146 0.429199 -0.678833 -0.970484 0.834488 -1.319849
-0.189697 0.315063 -0.391479 -0.368827 0.612575 -0.761150
0.018188 0.133789 -0.188477 0.035364 0.260125 -0.366453
0.149536 0.145752 -0.080566 0.290742 0.283384 -0.156645
0.159058 0.269653 -0.032227 0.309254 0.524285 -0.062658
0.075195 0.344116 -0.031494 0.146202 0.669062 -0.061234
0.016602 0.277344 -0.028931 0.032278 0.539237 -0.056250
0.048096 0.214722 -0.036377 0.093512 0.417482 -0.070727
0.037720 0.187988 -0.044556 0.073338 0.365504 -0.086629
0.000854 0.135498 -0.053223 0.001661 0.263448 -0.103480
-0.004150 0.073853 -0.045654 -0.008070 0.143591 -0.088765
-0.006470 0.008179 -0.026123 -0.012579 0.015902 -0.050791
-0.006348 -0.019043 -0.001587 -0.012342 -0.037025 -0.003085
0.017944 -0.022339 -0.006104 0.034889 -0.043433 -0.011867
0.035767 -0.037476 -0.035156 0.069541 -0.072863 -0.068354
0.023438 -0.030884 -0.071899 0.045569 -0.060047 -0.139793
0.002808 -0.027832 -0.089600 0.005459 -0.054114 -0.174208
-0.002319 -0.021729 -0.099854 -0.004509 -0.042247 -0.194144
-0.006470 -0.011108 -0.120728 -0.012579 -0.021598 -0.234730
-0.019653 0.004272 -0.123657 -0.038212 0.008307 -0.240426
-0.027710 0.006958 -0.130493 -0.053876 0.013528 -0.253717
-0.030518 0.020020 -0.156860 -0.059335 0.038924 -0.304982
-0.033936 0.035889 -0.179932 -0.065981 0.069778 -0.349840
-0.044189 0.021729 -0.170288 -0.085917 0.042247 -0.331090
-0.040527 0.036743 -0.161255 -0.078797 0.071439 -0.313527
-0.048096 0.025879 -0.162354 -0.093512 0.050316 -0.315663
-0.045044 0.031250 -0.153442 -0.087579 0.060759 -0.298337
-0.013428 0.014526 -0.133057 -0.026107 0.028243 -0.258701
0.002808 0.016602 -0.131226 0.005459 0.032278 -0.255141
0.002563 0.040283 -0.135742 0.004984 0.078322 -0.263922
0.003540 0.025391 -0.137329 0.006883 0.049367 -0.267008
-0.008911 0.025513 -0.131958 -0.017326 0.049604 -0.256565
-0.014038 0.015137 -0.101929 -0.027294 0.029430 -0.198179
-0.000977 0.013672 -0.087891 -0.001899 0.026582 -0.170885
-0.009277 0.027100 -0.085083 -0.018038 0.052690 -0.165426
-0.009644 0.033569 -0.092773 -0.018750 0.065269 -0.180379
-0.008179 0.020752 -0.105225 -0.015902 0.040348 -0.204587
-0.013550 0.019409 -0.100586 -0.026345 0.037737 -0.195568
-0.012817 0.026123 -0.090942 -0.024921 0.050791 -0.176819
-0.014404 0.026001 -0.105957 -0.028006 0.050553 -0.206011
-0.018433 0.023804 -0.115845 -0.035838 0.046281 -0.225236
-0.014038 0.018066 -0.111328 -0.027294 0.035126 -0.216454
-0.023315 0.010376 -0.119507 -0.045332 0.020174 -0.232356
-0.018066 0.016602 -0.139160 -0.035126 0.032278 -0.270568
