-0.706421 0.578735 -0.218994 -1.373488 1.125230 -0.425788
-0.425171 0.661133 -0.118164 -0.826656 1.285435 -0.229745
-0.058960 0.452393 -0.171265 -0.114635 0.879583 -0.332988
0.279785 0.244629 -0.213501 0.543984 0.475630 -0.415108
0.567139 -0.073975 -0.130127 1.102683 -0.143828 -0.253005
0.988159 -0.446899 0.072998 1.921270 -0.868903 0.141929
1.557861 -0.670288 0.335815 3.028937 -1.303236 0.652923
1.904297 -0.857666 0.494995 3.702508 -1.667553 0.962415
1.908203 -0.754761 0.580566 3.710103 -1.467475 1.128790
1.484497 -0.768799 0.707642 2.886295 -1.494769 1.375862
0.874146 -0.863892 0.842407 1.699594 -1.679657 1.637885
0.427124 -0.964600 0.925171 0.830454 -1.875463 1.798802
0.120117 -0.952393 1.050781 0.233543 -1.851729 2.043025
-0.191284 -1.127563 1.100708 -0.371912 -2.192312 2.140097
-0.544800 -1.092163 1.163696 -1.059250 -2.123483 2.262565
-0.959961 -0.886597 1.334229 -1.866444 -1.723802 2.594129
-1.423096 -0.713623 1.554321 -2.766913 -1.387491 3.022054
-1.770264 -0.374634 1.644043 -3.441909 -0.728397 3.196499
-1.687500 0.328735 1.621826 -3.280992 0.639157 3.153303
-1.474609 0.625000 1.500610 -2.867071 1.215182 2.917624
-0.798584 0.175293 1.182007 -1.552680 0.340821 2.298166
0.057617 -0.435547 0.691895 0.112025 -0.846830 1.345245
0.628174 -0.476074 0.398560 1.221353 -0.925627 0.774916
0.945557 0.065186 0.374390 1.838438 0.126740 0.727923
1.032349 0.641724 0.337524 2.007187 1.247698 0.656246
0.939453 0.821899 0.196533 1.826571 1.598012 0.382118
0.909180 0.593140 -0.144043 1.767710 1.153236 -0.280062
1.102417 0.314087 -0.548340 2.143420 0.610677 -1.066133
1.291138 0.168091 -0.847168 2.510348 0.326818 -1.647142
1.219482 0.098145 -1.024536 2.371029 0.190822 -1.991997
1.083130 0.101074 -1.224365 2.105920 0.196518 -2.380523
1.069092 0.144531 -1.406006 2.078626 0.281011 -2.733685
0.969727 0.119873 -1.535400 1.885431 0.233068 -2.985266
0.639648 -0.048218 -1.591553 1.243663 -0.093749 -3.094443
0.191040 -0.140991 -1.644531 0.371438 -0.274128 -3.197448
-0.214478 -0.018799 -1.735596 -0.417007 -0.036550 -3.374504
-0.495605 0.311279 -1.707520 -0.963602 0.605218 -3.319916
-0.740967 0.614502 -1.430176 -1.440655 1.194771 -2.780679
-0.815796 0.672974 -1.109131 -1.586145 1.308457 -2.156474
-0.778564 0.509644 -0.753296 -1.513756 0.990896 -1.464627
-0.553345 0.328857 -0.490601 -1.075863 0.639395 -0.953871
-0.388306 0.172607 -0.416992 -0.754979 0.335599 -0.810754
-0.328857 0.096802 -0.438721 -0.639395 0.188211 -0.853001
-0.272705 0.061035 -0.407349 -0.530218 0.118670 -0.792005
-0.152710 0.068604 -0.306396 -0.296913 0.133385 -0.595724
-0.046875 0.033081 -0.169312 -0.091139 0.064319 -0.329191
-0.035889 0.023193 -0.122803 -0.069778 0.045095 -0.238764
-0.065308 0.011475 -0.113647 -0.126977 0.022310 -0.220964
-0.073730 -0.018555 -0.102295 -0.143354 -0.036076 -0.198891
-0.087158 -0.039185 -0.049072 -0.169461 -0.076186 -0.095411
-0.129883 -0.051147 -0.019653 -0.252530 -0.099446 -0.038212
-0.124756 -0.049927 -0.018433 -0.242562 -0.097072 -0.035838
-0.080688 -0.032715 -0.031006 -0.156882 -0.063607 -0.060284
-0.074341 -0.009399 -0.059937 -0.144540 -0.018275 -0.116534
-0.050659 0.008545 -0.078735 -0.098496 0.016614 -0.153084
-0.015625 -0.010254 -0.085571 -0.030380 -0.019937 -0.166376
0.020020 -0.043823 -0.071411 0.038924 -0.085205 -0.138844
0.045898 -0.048584 -0.081299 0.089240 -0.094461 -0.158069
0.036255 -0.047363 -0.095337 0.070490 -0.092088 -0.185363
0.030640 -0.032349 -0.103516 0.059572 -0.062895 -0.201265
0.005493 -0.020752 -0.134766 0.010680 -0.040348 -0.262024
0.000000 -0.011719 -0.158081 0.000000 -0.022785 -0.307356
0.031250 0.005737 -0.173706 0.060759 0.011155 -0.337735
0.008545 0.013794 -0.172729 0.016614 0.026819 -0.335836
0.031738 -0.001465 -0.152100 0.061708 -0.002848 -0.295726
0.055298 -0.024048 -0.143799 0.107515 -0.046756 -0.279587
0.053467 -0.001343 -0.151489 0.103955 -0.002611 -0.294539
0.044434 0.026611 -0.157471 0.086392 0.051740 -0.306169
0.056763 0.042969 -0.174561 0.110363 0.083544 -0.339397
0.082397 0.054321 -0.177246 0.160205 0.105616 -0.344618
0.067749 0.076050 -0.164063 0.131724 0.147863 -0.318985
0.043213 0.074829 -0.161865 0.084018 0.145490 -0.314713
0.024658 0.078735 -0.169434 0.047943 0.153084 -0.329428
0.027344 0.077637 -0.151733 0.053164 0.150948 -0.295014
0.031372 0.056519 -0.107910 0.060996 0.109889 -0.209809
0.032471 0.044922 -0.072510 0.063133 0.087341 -0.140980
0.012817 0.027100 -0.069702 0.024921 0.052690 -0.135521
-0.024414 0.002686 -0.075928 -0.047468 0.005221 -0.147626
-0.042114 0.013550 -0.075439 -0.081882 0.026345 -0.146676
-0.044800 0.013672 -0.068726 -0.087104 0.026582 -0.133623
