-0.395508 0.191406 -0.494629 -0.768983 0.372150 -0.961703
-0.443848 0.229980 -0.493164 -0.862969 0.447149 -0.958855
-0.393433 0.130371 -0.390625 -0.764948 0.253479 -0.759489
-0.214966 0.342407 -0.254395 -0.417956 0.665739 -0.494617
-0.071899 0.452515 -0.126465 -0.139793 0.879820 -0.245885
0.093262 0.460938 0.000366 0.181328 0.896197 0.000712
0.405762 0.234131 0.049316 0.788919 0.455219 0.095885
0.765015 -0.025146 0.089844 1.487412 -0.048892 0.174682
1.023438 -0.148926 -0.010986 1.989861 -0.289555 -0.021361
1.229492 -0.314331 0.009399 2.390491 -0.611151 0.018275
1.388916 -0.504517 0.248535 2.700458 -0.980927 0.483225
1.479980 -0.631958 0.527222 2.877514 -1.228711 1.025073
1.428101 -0.717651 0.800903 2.776644 -1.395324 1.557190
1.207642 -0.812012 0.949219 2.348007 -1.578788 1.845558
0.748535 -0.932495 1.024902 1.455371 -1.813042 1.992709
0.301025 -0.867188 1.020264 0.585281 -1.686065 1.983690
-0.040527 -0.879395 1.073486 -0.078797 -1.709799 2.087170
-0.341309 -0.879517 1.245728 -0.663603 -1.710037 2.422058
-0.652588 -0.730713 1.431396 -1.268821 -1.420719 2.783052
-0.916504 -0.253540 1.626587 -1.781951 -0.492956 3.162559
-1.062256 0.074219 1.755127 -2.065335 0.144303 3.412479
-1.244019 -0.062256 1.809326 -2.418735 -0.121044 3.517858
-1.394043 0.184814 1.791016 -2.710426 0.359333 3.482257
-1.427856 0.631836 1.652100 -2.776169 1.228473 3.212163
-0.926880 0.428833 1.358521 -1.802125 0.833776 2.641360
-0.093994 0.071045 0.842407 -0.182752 0.138132 1.637885
0.379639 -0.039429 0.442749 0.738128 -0.076661 0.860833
0.617065 0.135864 0.201050 1.199755 0.264160 0.390899
0.881348 0.460938 0.005981 1.713597 0.896197 0.011630
1.177612 0.491821 -0.209229 2.289622 0.956244 -0.406801
1.282349 0.374268 -0.537354 2.493260 0.727685 -1.044772
1.078857 0.284302 -0.772705 2.097613 0.552766 -1.502364
1.061646 0.309814 -0.947632 2.064148 0.602370 -1.842473
1.252319 0.364380 -1.096802 2.434874 0.708461 -2.132503
1.307251 0.208740 -1.284546 2.541677 0.405852 -2.497532
1.057251 0.064087 -1.417969 2.055604 0.124604 -2.756945
0.679810 0.184082 -1.449585 1.321748 0.357909 -2.818416
0.313232 0.406250 -1.484985 0.609015 0.789868 -2.887244
-0.023071 0.592285 -1.561646 -0.044857 1.151575 -3.036294
-0.364014 0.727783 -1.631104 -0.707749 1.415023 -3.171341
-0.577637 0.809814 -1.598145 -1.123094 1.574515 -3.107259
-0.749390 0.761475 -1.496826 -1.457032 1.480529 -2.910267
-0.718872 0.688232 -1.324219 -1.397697 1.338125 -2.574667
-0.476440 0.759521 -1.101563 -0.926339 1.476731 -2.141759
-0.254028 0.739014 -0.924561 -0.493905 1.436858 -1.797615
-0.154907 0.460815 -0.679077 -0.301185 0.895960 -1.320324
-0.107544 0.183960 -0.379761 -0.209097 0.357672 -0.738366
-0.068604 0.091919 -0.227051 -0.133385 0.178717 -0.441453
-0.038818 0.096436 -0.197876 -0.075474 0.187499 -0.384729
-0.029907 0.088135 -0.225098 -0.058148 0.171360 -0.437655
0.026855 0.092651 -0.235962 0.052215 0.180141 -0.458779
0.083984 0.001343 -0.161743 0.163290 0.002611 -0.314476
0.007446 -0.064575 -0.153076 0.014478 -0.125553 -0.297625
-0.027466 -0.046753 -0.125000 -0.053402 -0.090901 -0.243036
-0.003784 -0.027954 -0.067505 -0.007358 -0.054351 -0.131249
0.030029 -0.039429 -0.044922 0.058386 -0.076661 -0.087341
-0.008057 -0.051880 -0.037598 -0.015664 -0.100870 -0.073101
-0.043213 -0.058960 -0.013672 -0.084018 -0.114635 -0.026582
-0.082764 -0.058960 0.010742 -0.160917 -0.114635 0.020886
-0.087891 -0.043579 0.025757 -0.170885 -0.084730 0.050079
-0.085693 -0.028442 0.015015 -0.166613 -0.055300 0.029193
-0.090454 -0.010986 -0.014893 -0.175869 -0.021361 -0.028956
-0.087769 -0.027466 -0.016235 -0.170648 -0.053402 -0.031566
-0.069458 -0.096802 -0.012329 -0.135047 -0.188211 -0.023971
-0.051880 -0.129395 -0.025513 -0.100870 -0.251581 -0.049604
-0.056519 -0.096436 -0.042969 -0.109889 -0.187499 -0.083544
-0.080078 0.000610 -0.063843 -0.155695 0.001187 -0.124129
-0.073486 0.094727 -0.083252 -0.142879 0.184176 -0.161866
-0.018921 0.082520 -0.092773 -0.036788 0.160442 -0.180379
0.026978 0.036377 -0.097290 0.052452 0.070727 -0.189160
0.053711 0.007935 -0.083374 0.104430 0.015427 -0.162103
0.064209 0.002441 -0.086792 0.124841 0.004747 -0.168749
0.050537 -0.002319 -0.132813 0.098259 -0.004509 -0.258226
0.036133 -0.028320 -0.170288 0.070253 -0.055063 -0.331090
0.028076 -0.005127 -0.168945 0.054588 -0.009968 -0.328479
0.008911 0.022827 -0.130737 0.017326 0.044383 -0.254191
-0.001465 0.036499 -0.116943 -0.002848 0.070965 -0.227372
0.019897 0.034912 -0.101196 0.038686 0.067879 -0.196755
0.037231 0.019775 -0.095825 0.072389 0.038449 -0.186312
0.025757 -0.011475 -0.094482 0.050079 -0.022310 -0.183701
