-0.813110 -0.530273 -0.403076 -1.580924 -1.031006 -0.783698
-0.557861 -0.118408 -0.345459 -1.084645 -0.230220 -0.671673
-0.420898 -0.098389 -0.475342 -0.818349 -0.191296 -0.924203
-0.009888 0.004028 -0.533691 -0.019225 0.007832 -1.037652
0.431885 -0.026978 -0.471802 0.839710 -0.052452 -0.917320
0.732056 -0.063965 -0.431885 1.423330 -0.124366 -0.839710
0.838135 0.240479 -0.236694 1.629578 0.467560 -0.460203
0.798950 0.196533 0.104126 1.553392 0.382118 0.202451
0.673096 -0.039307 0.399780 1.308694 -0.076424 0.777289
0.635620 -0.158203 0.584473 1.235831 -0.307593 1.136385
0.450684 -0.242188 0.707275 0.876260 -0.470883 1.375150
0.081177 -0.258789 0.835449 0.157831 -0.503161 1.624357
-0.287109 -0.478760 0.981445 -0.558224 -0.930849 1.908216
-0.585693 -0.604980 1.109131 -1.138759 -1.176258 2.156474
-0.889771 -0.600464 1.310425 -1.729973 -1.167477 2.547848
-1.030884 -0.313354 1.483276 -2.004339 -0.609253 2.883922
-0.780029 0.056030 1.408936 -1.516604 0.108939 2.739382
-0.208740 0.276123 1.228516 -0.405852 0.536864 2.388593
0.274414 0.221069 0.849976 0.533541 0.429823 1.652600
0.631714 0.109985 0.354370 1.228236 0.213844 0.688999
0.806519 0.111328 -0.000366 1.568107 0.216454 -0.000712
0.884033 0.247925 -0.243286 1.718818 0.482038 -0.473019
0.937134 0.416138 -0.395874 1.822061 0.809093 -0.769695
0.974731 0.474487 -0.508667 1.895162 0.922542 -0.988997
1.010376 0.436401 -0.636230 1.964465 0.848491 -1.237018
1.076172 0.488403 -0.806519 2.092392 0.949598 -1.568107
1.141724 0.530762 -0.973022 2.219844 1.031956 -1.891839
1.114746 0.472168 -1.127563 2.167392 0.918032 -2.192312
1.046387 0.318604 -1.318604 2.034481 0.619458 -2.563750
0.929077 0.184326 -1.503662 1.806397 0.358384 -2.923558
0.657471 0.086914 -1.600586 1.278315 0.168986 -3.112006
0.433105 0.084839 -1.602417 0.842083 0.164952 -3.115566
0.322876 0.107788 -1.539429 0.627765 0.209571 -2.993098
0.151611 0.178101 -1.489746 0.294777 0.346279 -2.896501
0.005005 0.289307 -1.279297 0.009731 0.562496 -2.487326
-0.077759 0.339111 -0.985840 -0.151186 0.659331 -1.916760
-0.164307 0.322998 -0.742065 -0.319460 0.628002 -1.442792
-0.208252 0.283325 -0.579834 -0.404903 0.550867 -1.127366
-0.233154 0.227783 -0.464722 -0.453320 0.442877 -0.903554
-0.237793 0.236694 -0.305908 -0.462339 0.460203 -0.594775
-0.229980 0.200928 -0.139282 -0.447149 0.390662 -0.270805
-0.193481 0.039917 -0.063354 -0.376184 0.077610 -0.123180
-0.151367 -0.092651 -0.066895 -0.294302 -0.180141 -0.130062
-0.004761 -0.129150 -0.037720 -0.009256 -0.251106 -0.073338
0.126221 -0.160889 0.010498 0.245410 -0.312815 0.020411
0.174194 -0.116577 0.025146 0.338685 -0.226660 0.048892
0.099976 -0.020020 0.016724 0.194382 -0.038924 0.032516
-0.016968 0.098022 0.014404 -0.032990 0.190584 0.028006
-0.065918 0.066162 0.015381 -0.128164 0.128638 0.029905
-0.075684 -0.028687 -0.017822 -0.147151 -0.055775 -0.034652
-0.029053 -0.063965 -0.043335 -0.056487 -0.124366 -0.084256
0.014771 -0.047485 -0.064819 0.028718 -0.092325 -0.126028
0.005249 -0.021606 -0.080811 0.010206 -0.042009 -0.157119
-0.004639 -0.006226 -0.079468 -0.009019 -0.012104 -0.154509
0.010864 -0.034058 -0.092285 0.021123 -0.066218 -0.179429
0.000977 -0.064453 -0.119629 0.001899 -0.125316 -0.232593
-0.029419 -0.042725 -0.130615 -0.057199 -0.083069 -0.253954
-0.052246 -0.012329 -0.121460 -0.101582 -0.023971 -0.236154
-0.060791 -0.015625 -0.112427 -0.118195 -0.030380 -0.218590
-0.065674 -0.040039 -0.130005 -0.127689 -0.077848 -0.252767
-0.071289 -0.031860 -0.132690 -0.138607 -0.061946 -0.257989
-0.074219 -0.012207 -0.128418 -0.144303 -0.023734 -0.249682
-0.081665 0.000732 -0.117554 -0.158781 0.001424 -0.228559
-0.082764 -0.000977 -0.115112 -0.160917 -0.001899 -0.223812
-0.070923 0.004395 -0.118408 -0.137895 0.008544 -0.230220
-0.051880 0.008789 -0.109985 -0.100870 0.017089 -0.213844
-0.018799 0.006592 -0.111938 -0.036550 0.012816 -0.217641
0.013062 0.011719 -0.120117 0.025395 0.022785 -0.233543
0.005859 0.024780 -0.132202 0.011392 0.048180 -0.257040
-0.018799 0.028564 -0.127075 -0.036550 0.055538 -0.247071
-0.050171 0.026978 -0.124023 -0.097547 0.052452 -0.241138
-0.057007 0.006592 -0.113770 -0.110838 0.012816 -0.221201
-0.043701 -0.018066 -0.116455 -0.084968 -0.035126 -0.226423
-0.027710 -0.003174 -0.118652 -0.053876 -0.006171 -0.230695
-0.004639 0.023193 -0.121216 -0.009019 0.045095 -0.235679
0.009644 0.023682 -0.127197 0.018750 0.046044 -0.247309
0.013428 0.022339 -0.125000 0.026107 0.043433 -0.243036
0.018921 0.025024 -0.118652 0.036788 0.048655 -0.230695
0.006104 0.008423 -0.116821 0.011867 0.016376 -0.227135
-0.009033 0.000610 -0.113159 -0.017563 0.001187 -0.220014
