-0.210938 -0.027344 -0.709473 -0.410124 -0.053164 -1.379422
-0.088989 0.082031 -0.672241 -0.173021 0.159493 -1.307033
-0.158569 0.202393 -0.480225 -0.308305 0.393510 -0.933697
-0.148560 0.066772 -0.198853 -0.288843 0.129825 -0.386627
-0.025879 -0.276367 -0.046021 -0.050316 -0.537338 -0.089477
0.333130 -0.786011 -0.089111 0.647702 -1.528234 -0.173258
0.718750 -1.070923 -0.224854 1.397460 -2.082186 -0.437181
1.036377 -1.092163 -0.309814 2.015019 -2.123483 -0.602370
1.025024 -0.973511 -0.029541 1.992946 -1.892789 -0.057436
0.791626 -1.089355 0.110229 1.539152 -2.118025 0.214318
0.715088 -1.092651 0.168335 1.390339 -2.124433 0.327292
0.800537 -0.993408 0.269775 1.556478 -1.931475 0.524522
0.870117 -0.952759 0.381470 1.691761 -1.852441 0.741688
0.781616 -0.912231 0.567017 1.519690 -1.773644 1.102446
0.556519 -0.825195 0.837402 1.082034 -1.604420 1.628154
0.261353 -0.073364 1.056763 0.508146 -0.142642 2.054655
-0.087036 0.865112 1.026978 -0.169224 1.682031 1.996744
-0.399292 0.814575 1.322876 -0.776340 1.583772 2.572057
-0.791626 0.542847 1.350952 -1.539152 1.055452 2.626645
-1.487427 0.224609 0.835083 -2.891991 0.436706 1.623645
-1.768921 0.458618 0.700195 -3.439298 0.891687 1.361384
-1.447266 0.976440 0.947144 -2.813906 1.898485 1.841523
-0.802734 0.475952 0.806030 -1.560750 0.925390 1.567158
-0.249268 0.035278 0.173340 -0.484649 0.068591 0.337023
0.102295 -0.010498 -0.186646 0.198891 -0.020411 -0.362893
0.360229 -0.085205 0.138428 0.700391 -0.165664 0.269144
0.567383 -0.135498 0.275146 1.103158 -0.263448 0.534965
0.723877 -0.084473 0.211304 1.407428 -0.164239 0.410836
0.833618 0.133911 0.193359 1.620797 0.260362 0.375947
0.886719 0.291016 0.075806 1.724040 0.565819 0.147388
0.843628 0.225098 -0.135132 1.640259 0.437655 -0.262736
0.748413 0.305420 -0.446167 1.455133 0.593825 -0.867479
0.890869 0.413696 -0.758179 1.732109 0.804346 -1.474120
0.930420 0.260742 -0.983887 1.809008 0.506959 -1.912963
0.841431 0.054932 -1.118286 1.635987 0.106803 -2.174274
0.755371 0.017212 -1.226685 1.468662 0.033465 -2.385032
0.673096 0.109619 -1.407471 1.308694 0.213132 -2.736533
0.611572 0.152222 -1.573608 1.189075 0.295963 -3.059554
0.510742 0.256470 -1.546509 0.993032 0.498652 -3.006864
0.322510 0.312622 -1.520264 0.627053 0.607828 -2.955836
0.049194 0.357544 -1.553223 0.095648 0.695170 -3.019918
-0.266235 0.343384 -1.626953 -0.517639 0.667638 -3.163271
-0.397949 0.353760 -1.368286 -0.773729 0.687812 -2.660347
-0.574341 0.388550 -1.017578 -1.116686 0.755454 -1.978469
-0.807861 0.364746 -0.710449 -1.570718 0.709173 -1.381320
-0.898315 0.308350 -0.439941 -1.746587 0.599522 -0.855374
-0.754517 0.188843 -0.210571 -1.467000 0.367165 -0.409412
-0.474121 0.006592 -0.053955 -0.921830 0.012816 -0.104904
-0.216675 -0.105225 0.013550 -0.421279 -0.204587 0.026345
-0.076416 -0.110107 -0.040405 -0.148575 -0.214081 -0.078560
-0.015869 -0.113525 -0.091187 -0.030854 -0.220726 -0.177293
-0.017212 -0.179932 -0.037720 -0.033465 -0.349840 -0.073338
-0.041504 -0.204224 0.051025 -0.080696 -0.397070 0.099208
-0.055298 -0.193115 0.082886 -0.107515 -0.375472 0.161154
-0.096802 -0.129028 0.096802 -0.188211 -0.250869 0.188211
-0.151855 -0.040649 0.055542 -0.295251 -0.079034 0.107990
-0.175659 -0.001587 -0.008423 -0.341533 -0.003085 -0.016376
-0.153564 -0.029175 -0.030029 -0.298574 -0.056724 -0.058386
-0.135132 -0.066040 -0.035522 -0.262736 -0.128401 -0.069066
-0.129517 -0.081055 -0.020630 -0.251818 -0.157594 -0.040111
-0.153564 -0.085693 -0.009277 -0.298574 -0.166613 -0.018038
-0.161743 -0.042969 -0.065308 -0.314476 -0.083544 -0.126977
-0.120728 -0.023682 -0.126343 -0.234730 -0.046044 -0.245647
-0.072388 -0.073975 -0.125000 -0.140743 -0.143828 -0.243036
-0.058105 -0.104370 -0.073853 -0.112974 -0.202926 -0.143591
-0.040405 -0.080444 -0.021118 -0.078560 -0.156407 -0.041060
-0.007935 -0.060425 -0.036621 -0.015427 -0.117483 -0.071202
0.012451 -0.023193 -0.106567 0.024209 -0.045095 -0.207198
-0.001221 -0.024780 -0.156860 -0.002373 -0.048180 -0.304982
-0.017090 -0.007813 -0.164795 -0.033228 -0.015190 -0.320409
0.014771 0.013794 -0.155273 0.028718 0.026819 -0.301897
0.054810 0.010498 -0.127808 0.106566 0.020411 -0.248495
0.055664 0.011719 -0.101318 0.108227 0.022785 -0.196992
0.056274 0.004883 -0.099731 0.109414 0.009494 -0.193907
0.020996 0.019409 -0.129761 0.040823 0.037737 -0.252293
-0.008789 0.029663 -0.161987 -0.017089 0.057674 -0.314951
-0.020386 0.030029 -0.155151 -0.039636 0.058386 -0.301659
-0.028442 0.045410 -0.126587 -0.055300 0.088291 -0.246122
-0.020874 0.024414 -0.111450 -0.040585 0.047468 -0.216692
-0.032959 0.005615 -0.096924 -0.064082 0.010918 -0.188448
