-0.627808 -0.286133 -0.441162 -1.220641 -0.556326 -0.857748
-0.508789 -0.045410 -0.406250 -0.989234 -0.088291 -0.789868
-0.218506 0.083252 -0.366333 -0.424839 0.161866 -0.712258
0.200684 -0.135864 -0.304932 0.390187 -0.264160 -0.592876
0.628052 -0.562500 -0.281128 1.221116 -1.093664 -0.546595
0.875977 -0.728638 -0.215942 1.703154 -1.416684 -0.419855
0.931519 -0.737671 0.036377 1.811144 -1.434247 0.070727
0.741943 -0.729736 0.300537 1.442554 -1.418820 0.584332
0.574585 -0.730103 0.592285 1.117161 -1.419532 1.151575
0.264648 -0.899292 0.782471 0.514554 -1.748486 1.521351
0.028931 -0.966064 0.883057 0.056250 -1.878311 1.716920
-0.230835 -1.079468 0.877930 -0.448810 -2.098800 1.706951
-0.516846 -0.954590 1.008179 -1.004899 -1.856001 1.960193
-0.810181 -0.798462 1.223633 -1.575227 -1.552443 2.379099
-0.875244 -0.632813 1.294800 -1.701730 -1.230372 2.517468
-0.849487 -0.392578 1.208130 -1.651651 -0.763286 2.348957
-0.661987 -0.351074 1.010498 -1.287096 -0.682591 1.964703
-0.277954 -0.287231 0.701416 -0.540424 -0.558462 1.363757
0.138672 0.017822 0.383667 0.269619 0.034652 0.745961
0.400879 0.228638 0.147461 0.779426 0.444538 0.286707
0.633789 0.317993 -0.077271 1.232271 0.618271 -0.150236
0.735352 0.379395 -0.266235 1.429738 0.737654 -0.517639
0.775146 0.327271 -0.402344 1.507111 0.636309 -0.782274
0.741821 0.356934 -0.522705 1.442317 0.693983 -1.016291
0.739502 0.391113 -0.647949 1.437807 0.760438 -1.259802
0.736572 0.322510 -0.793945 1.432111 0.627053 -1.543661
0.736328 0.307861 -0.917480 1.431637 0.598572 -1.783850
0.697754 0.361694 -1.003784 1.356637 0.703239 -1.951649
0.594238 0.396729 -1.013672 1.155373 0.771356 -1.970874
0.444824 0.432251 -0.992188 0.864868 0.840422 -1.929102
0.376099 0.510864 -1.062622 0.731245 0.993269 -2.066047
0.254883 0.470703 -1.123535 0.495567 0.915184 -2.184480
0.148682 0.438232 -1.167847 0.289080 0.852052 -2.270634
0.009399 0.354370 -1.103149 0.018275 0.688999 -2.144844
-0.121826 0.358276 -0.950928 -0.236866 0.696594 -1.848881
-0.179688 0.682861 -0.850342 -0.349365 1.327682 -1.653312
-0.160767 0.805542 -0.763062 -0.312577 1.566208 -1.483614
-0.065186 0.352539 -0.635132 -0.126740 0.685439 -1.234882
-0.025024 0.247559 -0.548096 -0.048655 0.481326 -1.065658
-0.030029 0.204590 -0.454590 -0.058386 0.397782 -0.883855
-0.024902 0.203125 -0.345703 -0.048417 0.394934 -0.672148
-0.025269 0.251587 -0.250732 -0.049129 0.489158 -0.487497
-0.006348 0.255859 -0.197144 -0.012342 0.497465 -0.383305
0.040283 0.188965 -0.209229 0.078322 0.367403 -0.406801
0.058716 0.093872 -0.208496 0.114161 0.182515 -0.405377
0.022705 0.120117 -0.153931 0.044145 0.233543 -0.299286
-0.018799 0.215332 -0.093140 -0.036550 0.418668 -0.181091
-0.036865 0.189331 -0.063965 -0.071677 0.368115 -0.124366
-0.004883 0.123779 -0.060547 -0.009494 0.240663 -0.117721
0.005737 0.080200 -0.067993 0.011155 0.155933 -0.132199
-0.002197 0.090454 -0.054810 -0.004272 0.175869 -0.106566
-0.006592 0.073853 -0.042969 -0.012816 0.143591 -0.083544
-0.007202 0.030029 -0.060303 -0.014003 0.058386 -0.117246
-0.005615 0.019409 -0.074097 -0.010918 0.037737 -0.144066
-0.022339 -0.000488 -0.090454 -0.043433 -0.000949 -0.175869
-0.049927 0.024170 -0.086060 -0.097072 0.046993 -0.167325
-0.061646 0.047485 -0.074951 -0.119857 0.092325 -0.145727
-0.038818 0.046997 -0.102905 -0.075474 0.091376 -0.200078
-0.008179 0.022583 -0.121216 -0.015902 0.043908 -0.235679
-0.010742 0.012451 -0.118164 -0.020886 0.024209 -0.229745
-0.024414 0.022339 -0.104858 -0.047468 0.043433 -0.203875
-0.027222 0.009155 -0.101563 -0.052927 0.017801 -0.197467
-0.034668 0.005859 -0.103638 -0.067405 0.011392 -0.201502
-0.050171 0.012939 -0.109497 -0.097547 0.025158 -0.212894
-0.047729 0.017212 -0.123779 -0.092800 0.033465 -0.240663
-0.053955 0.036987 -0.127808 -0.104904 0.071914 -0.248495
-0.044922 0.052002 -0.129639 -0.087341 0.101107 -0.252055
-0.024902 0.019897 -0.149170 -0.048417 0.038686 -0.290030
-0.016968 0.004395 -0.159058 -0.032990 0.008544 -0.309254
-0.015625 -0.000610 -0.149170 -0.030380 -0.001187 -0.290030
-0.014282 0.003174 -0.136963 -0.027769 0.006171 -0.266296
-0.026733 0.011963 -0.109009 -0.051978 0.023259 -0.211945
-0.038940 0.025269 -0.092041 -0.075712 0.049129 -0.178955
-0.034790 0.012085 -0.104980 -0.067642 0.023497 -0.204113
-0.025879 -0.012939 -0.118042 -0.050316 -0.025158 -0.229508
-0.011719 0.004028 -0.109741 -0.022785 0.007832 -0.213369
-0.014526 0.001099 -0.107666 -0.028243 0.002136 -0.209334
-0.022095 -0.007324 -0.114258 -0.042959 -0.014240 -0.222151
-0.036621 0.009644 -0.113281 -0.071202 0.018750 -0.220252
-0.041260 0.012695 -0.113892 -0.080221 0.024683 -0.221438
