-0.247070 -0.206055 -0.909424 -0.480377 -0.400630 -1.768185
0.231934 0.127319 -0.527344 0.450947 0.247546 -1.025310
0.268188 0.052246 -0.166870 0.521437 0.101582 -0.324444
0.122192 -0.202515 -0.046143 0.237578 -0.393748 -0.089715
0.125366 -0.466675 -0.096558 0.243748 -0.907352 -0.187736
0.556274 -0.450073 -0.090332 1.081560 -0.875074 -0.175632
1.036987 -0.669067 -0.257324 2.016206 -1.300862 -0.500313
1.404663 -0.797119 -0.278564 2.731075 -1.549832 -0.541611
1.406982 -1.025024 -0.090698 2.735584 -1.992946 -0.176344
1.053223 -1.165527 0.198120 2.047772 -2.266125 0.385203
0.709595 -1.163086 0.401245 1.379659 -2.261378 0.780138
0.514038 -1.110840 0.566406 0.999440 -2.159796 1.101259
0.383057 -1.017334 0.894165 0.744774 -1.977994 1.738518
0.212158 -0.945923 1.259766 0.412497 -1.839150 2.449352
-0.020264 -0.730225 1.216309 -0.039398 -1.419770 2.364859
-0.126587 -0.666016 0.849854 -0.246122 -1.294929 1.652363
-0.406128 -0.401001 0.742920 -0.789631 -0.779663 1.444453
-0.836060 -0.120972 1.203125 -1.625544 -0.235204 2.339226
-1.435791 0.338623 1.844238 -2.791596 0.658382 3.585737
-1.282959 1.122681 1.995239 -2.494446 2.182819 3.879327
-0.563110 1.291626 1.635742 -1.094851 2.511297 3.180360
-0.076050 0.675415 0.837769 -0.147863 1.313204 1.628866
0.205444 0.131714 0.069580 0.399444 0.256090 0.135284
0.496704 -0.050415 -0.198975 0.965738 -0.098022 -0.386865
0.720459 0.091553 -0.143799 1.400782 0.178005 -0.279587
0.912476 0.356201 -0.071045 1.774119 0.692559 -0.138132
1.064087 0.423096 -0.103149 2.068895 0.822621 -0.200553
1.009155 0.384521 -0.258301 1.962092 0.747622 -0.502212
0.973022 0.382324 -0.496582 1.891839 0.743350 -0.965500
1.047852 0.381958 -0.717041 2.037329 0.742638 -1.394137
1.079834 0.418213 -0.781128 2.099512 0.813128 -1.518741
1.034790 0.403320 -0.789307 2.011934 0.784172 -1.534642
0.865845 0.272339 -0.844971 1.683455 0.529506 -1.642869
0.697876 0.303955 -1.069824 1.356874 0.590977 -2.080050
0.597778 0.321777 -1.367432 1.162255 0.625629 -2.658686
0.566650 0.392700 -1.519897 1.101734 0.763524 -2.955124
0.506348 0.525391 -1.542725 0.984487 1.021513 -2.999506
0.319946 0.597046 -1.556152 0.622069 1.160831 -3.025614
0.082520 0.540894 -1.610596 0.160442 1.051655 -3.131468
-0.044189 0.391479 -1.707275 -0.085917 0.761150 -3.319441
-0.029053 0.412842 -1.625488 -0.056487 0.802685 -3.160423
-0.032593 0.453979 -1.152832 -0.063370 0.882668 -2.241442
-0.174194 0.346924 -0.596680 -0.338685 0.674521 -1.160119
-0.287476 0.206177 -0.295410 -0.558936 0.400868 -0.574363
-0.261963 0.179810 -0.213623 -0.509332 0.349602 -0.415345
-0.204590 0.210815 -0.159180 -0.397782 0.409887 -0.309492
-0.118774 0.162354 -0.081543 -0.230932 0.315663 -0.158543
-0.067871 0.068115 -0.019043 -0.131961 0.132436 -0.037025
-0.073242 -0.023560 0.051758 -0.142404 -0.045807 0.100632
-0.089233 -0.146606 0.112549 -0.173496 -0.285046 0.218828
-0.121826 -0.193237 0.164917 -0.236866 -0.375710 0.320647
-0.216431 -0.069824 0.175903 -0.420804 -0.135759 0.342007
-0.266113 0.012329 0.093018 -0.517402 0.023971 0.180853
-0.237671 -0.026978 -0.006592 -0.462102 -0.052452 -0.012816
-0.182007 -0.075806 0.011230 -0.353874 -0.147388 0.021835
-0.141479 -0.068359 0.052490 -0.275077 -0.132911 0.102056
-0.127075 -0.038574 0.040894 -0.247071 -0.075000 0.079509
-0.101563 0.004150 -0.012451 -0.197467 0.008070 -0.024209
-0.057129 0.032104 -0.076294 -0.111075 0.062420 -0.148338
-0.020386 0.035400 -0.093994 -0.039636 0.068829 -0.182752
0.004639 0.029785 -0.067505 0.009019 0.057911 -0.131249
0.015503 0.027222 -0.033203 0.030142 0.052927 -0.064557
-0.001465 0.045776 -0.048584 -0.002848 0.089003 -0.094461
-0.010376 0.025757 -0.077515 -0.020174 0.050079 -0.150711
-0.035034 0.018066 -0.130371 -0.068117 0.035126 -0.253479
-0.060913 0.047729 -0.177734 -0.118433 0.092800 -0.345567
-0.049194 0.032593 -0.173950 -0.095648 0.063370 -0.338210
-0.022217 0.019775 -0.151367 -0.043196 0.038449 -0.294302
-0.011597 0.026123 -0.129272 -0.022547 0.050791 -0.251343
0.004272 0.031250 -0.111450 0.008307 0.060759 -0.216692
-0.006714 0.011719 -0.099609 -0.013054 0.022785 -0.193670
-0.038940 -0.000610 -0.089478 -0.075712 -0.001187 -0.173970
-0.043091 -0.013916 -0.085938 -0.083781 -0.027057 -0.167088
-0.054077 -0.028564 -0.099609 -0.105142 -0.055538 -0.193670
-0.049194 -0.060913 -0.125854 -0.095648 -0.118433 -0.244698
-0.031128 -0.049438 -0.136230 -0.060522 -0.096123 -0.264872
-0.059448 -0.008057 -0.144653 -0.115585 -0.015664 -0.281248
-0.106445 -0.028320 -0.153076 -0.206961 -0.055063 -0.297625
-0.103271 -0.052979 -0.120361 -0.200790 -0.103006 -0.234018
-0.090210 -0.031128 -0.050293 -0.175394 -0.060522 -0.097784
