-0.168091 0.111084 -0.227905 -0.326818 0.215980 -0.443114
-0.058594 -0.015625 -0.210449 -0.113923 -0.030380 -0.409175
-0.033081 -0.107178 -0.394409 -0.064319 -0.208385 -0.766846
-0.110962 -0.093384 -0.373047 -0.215742 -0.181565 -0.725312
-0.144043 -0.311523 -0.295410 -0.280062 -0.605692 -0.574363
-0.103027 -0.741455 -0.360474 -0.200315 -1.441605 -0.700866
-0.159546 -0.604492 -0.426636 -0.310204 -1.175309 -0.829504
-0.547974 -0.064087 -0.378662 -1.065421 -0.124604 -0.736230
-0.984863 0.222778 -0.066895 -1.914861 0.433146 -0.130062
-1.511597 -0.483154 0.019287 -2.938985 -0.939393 0.037500
-2.133789 -0.904541 -0.065063 -4.148708 -1.758692 -0.126502
-1.931274 0.182983 -0.121826 -3.754961 0.355773 -0.236866
-1.288574 0.204834 -0.151001 -2.505364 0.398257 -0.293590
-0.908813 -0.054321 -0.217285 -1.766998 -0.105616 -0.422466
-0.844604 0.002930 -0.184814 -1.642157 0.005696 -0.359333
-0.690063 -0.214966 -0.156616 -1.341685 -0.417956 -0.304508
-0.526245 -0.184082 -0.056396 -1.023174 -0.357909 -0.109651
0.020630 0.044189 0.015625 0.040111 0.085917 0.030380
0.618042 0.097168 -0.173462 1.201654 0.188923 -0.337261
0.940430 0.090698 -0.391235 1.828470 0.176344 -0.760676
1.134277 0.113159 -0.502075 2.205366 0.220014 -0.976181
1.332031 0.227783 -0.533691 2.589857 0.442877 -1.037652
1.534424 0.224121 -0.541260 2.983367 0.435757 -1.052367
1.599731 0.197021 -0.545898 3.110344 0.383067 -1.061386
1.573242 0.089600 -0.571655 3.058842 0.174208 -1.111465
1.520874 -0.066284 -0.555298 2.957023 -0.128876 -1.079661
1.389526 -0.096191 -0.491455 2.701644 -0.187024 -0.955532
1.134766 -0.036865 -0.444946 2.206315 -0.071677 -0.865105
0.802979 0.005127 -0.471436 1.561224 0.009968 -0.916608
0.525391 -0.117920 -0.350708 1.021513 -0.229271 -0.681879
0.311035 -0.237183 -0.250488 0.604743 -0.461152 -0.487022
0.043457 -0.276978 -0.207031 0.084493 -0.538525 -0.402529
-0.266113 -0.247437 -0.182373 -0.517402 -0.481089 -0.354586
-0.573730 -0.175659 -0.180542 -1.115499 -0.341533 -0.351026
-0.870361 -0.157227 -0.159424 -1.692236 -0.305694 -0.309966
-1.110107 -0.221924 -0.166260 -2.158373 -0.431485 -0.323257
-1.363281 -0.273682 -0.223633 -2.650616 -0.532117 -0.434807
-1.616211 -0.211304 -0.270996 -3.142385 -0.410836 -0.526895
-1.730957 -0.247314 -0.304565 -3.365485 -0.480851 -0.592164
-1.953125 -0.127930 -0.330200 -3.797445 -0.248733 -0.642005
-2.201782 0.034912 -0.282837 -4.280907 0.067879 -0.549917
-1.728760 0.039185 -0.274414 -3.361213 0.076186 -0.533541
-0.854004 -0.066772 -0.395996 -1.660433 -0.129825 -0.769932
-0.491211 0.017456 -0.295410 -0.955057 0.033940 -0.574363
-0.273193 0.158569 -0.104370 -0.531168 0.308305 -0.202926
-0.068726 0.328857 -0.123413 -0.133623 0.639395 -0.239951
0.182129 0.463867 -0.253662 0.354112 0.901893 -0.493193
0.550049 0.388672 -0.437988 1.069455 0.755691 -0.851577
0.747559 0.434692 -0.594360 1.453472 0.845169 -1.155610
0.846680 0.559570 -0.587158 1.646192 1.087968 -1.141607
0.928467 0.575684 -0.505127 1.805210 1.119297 -0.982114
0.918091 0.495239 -0.511353 1.785036 0.962890 -0.994218
0.985962 0.381836 -0.500854 1.916997 0.742400 -0.973807
0.990356 0.311035 -0.443359 1.925542 0.604743 -0.862020
0.921997 0.395020 -0.429077 1.792631 0.768033 -0.834251
0.836548 0.435913 -0.388428 1.626493 0.847542 -0.755217
0.741333 0.358032 -0.325317 1.441368 0.696119 -0.632512
0.621216 0.278564 -0.290527 1.207825 0.541611 -0.564870
0.535034 0.191284 -0.259399 1.040262 0.371912 -0.504348
0.444702 0.086182 -0.243652 0.864631 0.167562 -0.473731
0.280762 0.039429 -0.256836 0.545883 0.076661 -0.499364
0.091187 -0.006836 -0.179443 0.177293 -0.013291 -0.348890
-0.012817 -0.034424 -0.090210 -0.024921 -0.066930 -0.175394
-0.025879 -0.047485 -0.012939 -0.050316 -0.092325 -0.025158
-0.050171 -0.097168 0.020630 -0.097547 -0.188923 0.040111
-0.113403 -0.190552 0.028687 -0.220489 -0.370488 0.055775
-0.202271 -0.296875 -0.056152 -0.393273 -0.577212 -0.109177
-0.295532 -0.366821 -0.158569 -0.574601 -0.713208 -0.308305
-0.183350 -0.291504 -0.143433 -0.356485 -0.566769 -0.278875
0.014160 -0.086304 -0.046875 0.027531 -0.167800 -0.091139
-0.009399 0.078125 0.032104 -0.018275 0.151898 0.062420
-0.077271 0.133179 0.048828 -0.150236 0.258938 0.094936
-0.069580 0.141846 0.022461 -0.135284 0.275789 0.043671
-0.025635 -0.017334 -0.069092 -0.049841 -0.033702 -0.134335
0.051147 -0.194824 -0.220459 0.099446 -0.378795 -0.428637
0.145020 -0.263550 -0.300293 0.281960 -0.512418 -0.583857
0.158936 -0.237305 -0.261841 0.309017 -0.461390 -0.509095
0.114868 -0.128174 -0.176636 0.223337 -0.249207 -0.343431
0.074585 -0.036133 -0.118164 0.145015 -0.070253 -0.229745
0.049805 0.028076 -0.097168 0.096835 0.054588 -0.188923
