-0.051880 -0.002075 -0.181274 -0.100870 -0.004035 -0.352450
0.033691 0.044189 -0.086792 0.065506 0.085917 -0.168749
0.118408 -0.075684 -0.011841 0.230220 -0.147151 -0.023022
0.131348 -0.175415 0.051880 0.255378 -0.341058 0.100870
0.006714 -0.405151 -0.027588 0.013054 -0.787732 -0.053639
-0.217163 -0.294312 -0.099121 -0.422228 -0.572227 -0.192720
-0.508545 -0.259155 -0.075317 -0.988760 -0.503873 -0.146439
-0.577759 0.149658 0.131958 -1.123332 0.290979 0.256565
-0.625244 0.061035 0.259155 -1.215657 0.118670 0.503873
-1.035156 -0.504028 0.237793 -2.012646 -0.979978 0.462339
-1.773926 -0.255249 -0.172241 -3.449029 -0.496279 -0.334887
-2.305908 0.226563 -0.438477 -4.483358 0.440504 -0.852526
-2.266968 0.669922 -0.358276 -4.407647 1.302523 -0.696594
-1.849365 0.851929 -0.421631 -3.595705 1.656398 -0.819773
-1.141113 -0.377930 -0.555420 -2.218657 -0.734806 -1.079898
-0.876465 -0.820557 -0.581787 -1.704103 -1.595401 -1.131164
-0.876343 0.173584 -0.551392 -1.703866 0.337498 -1.072066
-0.812256 0.853271 -0.420776 -1.579262 1.659009 -0.818112
-0.334961 0.774902 -0.397339 -0.651262 1.506636 -0.772543
0.385742 0.505371 -0.479736 0.749995 0.982589 -0.932747
1.048340 0.247925 -0.492676 2.038278 0.482038 -0.957905
1.296753 0.347656 -0.507324 2.521266 0.675945 -0.986386
1.163696 0.669922 -0.478027 2.262565 1.302523 -0.929425
1.103027 0.514648 -0.420898 2.144607 1.000627 -0.818349
1.436646 0.177734 -0.378052 2.793258 0.345567 -0.735043
1.742432 0.001953 -0.307251 3.387795 0.003797 -0.597386
1.685547 -0.111084 -0.369873 3.277195 -0.215980 -0.719141
1.544434 -0.174561 -0.537354 3.002829 -0.339397 -1.044772
1.404663 -0.210693 -0.562256 2.731075 -0.409649 -1.093189
1.243286 -0.302368 -0.578857 2.417311 -0.587892 -1.125468
1.000366 -0.353149 -0.573486 1.945004 -0.686625 -1.115025
0.647949 -0.340698 -0.454346 1.259802 -0.662417 -0.883381
0.316284 -0.261475 -0.326660 0.614949 -0.508383 -0.635123
0.143066 0.031006 -0.243530 0.278163 0.060284 -0.473494
-0.030396 0.267700 -0.257813 -0.059098 0.520487 -0.501263
-0.343872 0.217407 -0.332275 -0.668588 0.422703 -0.646040
-0.798950 -0.080811 -0.397705 -1.553392 -0.157119 -0.773255
-1.161133 -0.181885 -0.460449 -2.257581 -0.353637 -0.895248
-1.296387 -0.228149 -0.497559 -2.520554 -0.443589 -0.967399
-1.467407 -0.178589 -0.500244 -2.853068 -0.347229 -0.972620
-1.882446 0.061768 -0.420898 -3.660025 0.120094 -0.818349
-2.448242 0.046265 -0.339233 -4.760097 0.089952 -0.659569
-2.922363 -0.313721 -0.485840 -5.681926 -0.609965 -0.944614
-2.296387 -0.109863 -0.739380 -4.464846 -0.213606 -1.437570
-0.984253 -0.070801 -0.662476 -1.913675 -0.137657 -1.288046
-0.975342 -0.148560 -0.665039 -1.896349 -0.288843 -1.293030
-0.877808 -0.018311 -0.815918 -1.706714 -0.035601 -1.586383
0.058105 0.185425 -0.554932 0.112974 0.360520 -1.078949
0.376221 0.350708 -0.334961 0.731483 0.681879 -0.651262
0.408691 0.349609 -0.313110 0.794615 0.679743 -0.608778
0.562256 0.333130 -0.415405 1.093189 0.647702 -0.807669
0.845947 0.339722 -0.450317 1.644768 0.660518 -0.875548
1.231201 0.285156 -0.377075 2.393814 0.554427 -0.733144
1.341187 0.268555 -0.350342 2.607658 0.522149 -0.681167
1.335327 0.266602 -0.337769 2.596265 0.518351 -0.656721
1.243164 0.212891 -0.295410 2.417073 0.413921 -0.574363
1.166504 0.173340 -0.188965 2.268024 0.337023 -0.367403
1.145142 0.208008 -0.114868 2.226489 0.404428 -0.223337
0.888550 0.092651 -0.131714 1.727600 0.180141 -0.256090
0.640747 -0.081787 -0.071655 1.245799 -0.159018 -0.139319
0.587769 0.026123 0.015869 1.142793 0.050791 0.030854
0.544312 0.089600 0.082275 1.058300 0.174208 0.159967
0.368774 0.031616 0.134644 0.717005 0.061471 0.261786
0.230469 -0.036743 0.176147 0.448098 -0.071439 0.342482
0.138794 -0.026123 0.142578 0.269856 -0.050791 0.277213
0.091797 -0.045532 0.011719 0.178480 -0.088528 0.022785
0.052856 -0.037964 -0.105103 0.102768 -0.073813 -0.204350
-0.010254 0.040039 -0.167847 -0.019937 0.077848 -0.326343
-0.038452 0.097412 -0.187378 -0.074762 0.189398 -0.364317
-0.019653 0.071655 -0.202393 -0.038212 0.139319 -0.393510
-0.074829 0.024048 -0.167847 -0.145490 0.046756 -0.326343
-0.148560 0.019775 -0.078125 -0.288843 0.038449 -0.151898
-0.118774 0.012207 0.018188 -0.230932 0.023734 0.035364
-0.086548 0.004639 0.052368 -0.168274 0.009019 0.101819
-0.096558 -0.025146 0.038696 -0.187736 -0.048892 0.075237
-0.106689 -0.030518 0.004272 -0.207435 -0.059335 0.008307
-0.110962 -0.015747 -0.027222 -0.215742 -0.030617 -0.052927
-0.114868 -0.040039 -0.026611 -0.223337 -0.077848 -0.051740
-0.108276 -0.069092 -0.021240 -0.210521 -0.134335 -0.041297
-0.076294 -0.089355 -0.021118 -0.148338 -0.173733 -0.041060
