-0.158813 -0.016479 -0.377319 -0.308780 -0.032041 -0.733619
-0.293213 0.122437 -0.318604 -0.570091 0.238052 -0.619458
-0.654663 -0.092407 -0.060547 -1.272856 -0.179667 -0.117721
-0.954956 -0.183838 0.059082 -1.856713 -0.357434 0.114873
-1.112671 -0.048706 0.122803 -2.163357 -0.094699 0.238764
-1.208618 0.098755 0.240112 -2.349906 0.192008 0.466848
-0.893677 0.148438 0.382690 -1.737568 0.288606 0.744062
-1.093628 0.606323 0.813232 -2.126332 1.178869 1.581161
-1.742065 0.512695 0.997437 -3.387083 0.996829 1.939307
-2.211060 0.712646 0.815430 -4.298944 1.385593 1.585433
-2.261353 0.604980 0.548462 -4.396729 1.176258 1.066370
-1.089111 0.445557 -0.037231 -2.117550 0.866292 -0.072389
-0.076172 0.039307 -0.730957 -0.148100 0.076424 -1.421194
0.241577 -0.411377 -1.224487 0.469696 -0.799837 -2.380760
0.493164 -0.201782 -1.680054 0.958855 -0.392323 -3.266514
0.754150 0.096924 -1.857666 1.466288 0.188448 -3.611845
0.863770 0.231201 -1.733765 1.679420 0.449522 -3.370944
1.288574 0.198853 -1.565308 2.505364 0.386627 -3.043414
1.540161 -0.123901 -1.360962 2.994522 -0.240900 -2.646107
2.117310 -0.246094 -0.825684 4.116667 -0.478478 -1.605370
2.246582 -0.100586 -0.400269 4.368011 -0.195568 -0.778239
1.826538 0.145996 0.004272 3.551323 0.283859 0.008307
1.254395 0.243408 0.418335 2.438909 0.473257 0.813365
0.805786 0.247437 0.668213 1.566683 0.481089 1.299201
0.291260 0.145020 0.677124 0.566294 0.281960 1.316527
-0.125854 -0.105957 0.448730 -0.244698 -0.206011 0.872463
-0.368774 -0.121094 0.230469 -0.717005 -0.235442 0.448098
-0.540039 -0.073364 0.223999 -1.049993 -0.142642 0.435519
-0.772339 -0.127319 0.303833 -1.501652 -0.247546 0.590740
-0.993164 -0.177856 0.291748 -1.931001 -0.345805 0.567243
-1.061890 -0.184692 0.096069 -2.064623 -0.359096 0.186787
-1.052002 -0.220215 -0.130249 -2.045398 -0.428162 -0.253242
-1.383545 -0.002075 -0.176636 -2.690015 -0.004035 -0.343431
-1.502441 0.198975 -0.127686 -2.921184 0.386865 -0.248258
-1.147339 0.263672 -0.090088 -2.230761 0.512655 -0.175157
-0.588867 0.330200 -0.096802 -1.144930 0.642005 -0.188211
-0.074463 0.183716 -0.093994 -0.144778 0.357197 -0.182752
0.110962 0.068481 -0.135132 0.215742 0.133148 -0.262736
0.108032 0.139648 -0.149780 0.210046 0.271517 -0.291217
0.131714 0.175781 -0.094482 0.256090 0.341770 -0.183701
0.147705 0.056030 -0.086060 0.287182 0.108939 -0.167325
0.160767 0.032715 -0.127808 0.312577 0.063607 -0.248495
0.153442 0.110962 -0.104370 0.298337 0.215742 -0.202926
0.116699 0.155518 -0.062988 0.226897 0.302372 -0.122468
0.034180 0.107178 -0.034180 0.066455 0.208385 -0.066455
-0.010620 0.014526 -0.081055 -0.020649 0.028243 -0.157594
-0.027954 -0.021851 -0.118164 -0.054351 -0.042484 -0.229745
-0.124512 -0.017334 -0.147339 -0.242087 -0.033702 -0.286470
-0.143311 -0.041748 -0.124146 -0.278637 -0.081170 -0.241375
0.057495 -0.011475 0.009399 0.111787 -0.022310 0.018275
0.147217 -0.144043 0.030640 0.286232 -0.280062 0.059572
0.158936 -0.248413 -0.052368 0.309017 -0.482987 -0.101819
0.209351 -0.285034 -0.063477 0.407039 -0.554190 -0.123417
0.109375 -0.128418 -0.132935 0.212657 -0.249682 -0.258464
-0.063599 -0.026001 -0.164795 -0.123654 -0.050553 -0.320409
-0.091431 -0.112671 -0.051880 -0.177768 -0.219065 -0.100870
-0.050781 -0.203735 -0.055786 -0.098734 -0.396121 -0.108465
0.005127 -0.088013 -0.120483 0.009968 -0.171122 -0.234255
0.160278 0.061768 -0.090454 0.311628 0.120094 -0.175869
0.192383 0.110718 -0.076050 0.374048 0.215268 -0.147863
0.087036 0.068481 -0.094238 0.169224 0.133148 -0.183227
-0.010864 0.032104 -0.110352 -0.021123 0.062420 -0.214556
-0.015991 0.000000 -0.135132 -0.031092 0.000000 -0.262736
0.013428 0.007935 -0.103271 0.026107 0.015427 -0.200790
0.018677 0.043457 -0.066040 0.036313 0.084493 -0.128401
0.021973 0.067993 -0.056641 0.042721 0.132199 -0.110126
0.045044 0.044922 -0.083374 0.087579 0.087341 -0.162103
0.052368 0.066772 -0.128784 0.101819 0.129825 -0.250394
0.028931 0.034424 -0.121948 0.056250 0.066930 -0.237103
-0.006470 0.036377 -0.117920 -0.012579 0.070727 -0.229271
-0.028198 0.064941 -0.129395 -0.054826 0.126265 -0.251581
-0.021729 0.039307 -0.135010 -0.042247 0.076424 -0.262498
-0.029297 0.034302 -0.140747 -0.056962 0.066693 -0.273653
-0.038818 0.034058 -0.137207 -0.075474 0.066218 -0.266770
-0.043945 0.073364 -0.122925 -0.085443 0.142642 -0.239002
-0.071655 0.114502 -0.102417 -0.139319 0.222625 -0.199128
-0.073730 0.067749 -0.089600 -0.143354 0.131724 -0.174208
-0.074707 0.005371 -0.084351 -0.145252 0.010443 -0.164002
-0.080078 -0.008545 -0.112793 -0.155695 -0.016614 -0.219302
-0.060303 -0.017212 -0.147461 -0.117246 -0.033465 -0.286707
