0.426636 0.403442 -0.166870 0.829504 0.784410 -0.324444
0.461792 0.453003 -0.129272 0.897858 0.880770 -0.251343
0.163696 0.145508 -0.071899 0.318273 0.282910 -0.139793
-0.101318 -0.227661 0.023071 -0.196992 -0.442640 0.044857
-0.204956 -0.500977 0.249146 -0.398494 -0.974045 0.484412
-0.062622 -0.156860 0.345825 -0.121756 -0.304982 0.672385
-0.178833 -0.381348 0.338501 -0.347704 -0.741451 0.658145
-0.384521 -0.311646 0.645508 -0.747622 -0.605930 1.255055
-0.572510 -0.035889 0.914795 -1.113126 -0.069778 1.778628
-0.800049 0.108398 1.076782 -1.555528 0.210758 2.093579
-0.987671 0.152710 1.142822 -1.920320 0.296913 2.221980
-1.097656 0.187622 0.937012 -2.134164 0.364792 1.821824
-1.298584 0.255249 0.609375 -2.524826 0.496279 1.184803
-1.543823 0.324829 0.296875 -3.001642 0.631562 0.577212
-1.481079 0.197998 0.044434 -2.879650 0.384966 0.086392
-1.171265 0.152588 -0.199463 -2.277280 0.296675 -0.387814
-0.900391 0.273926 -0.596191 -1.750622 0.532592 -1.159170
-0.681396 0.314819 -0.965454 -1.324834 0.612101 -1.877124
-0.469238 0.489990 -1.225342 -0.912336 0.952684 -2.382422
-0.166382 0.602783 -1.387817 -0.323495 1.171986 -2.698322
0.211182 0.563965 -1.445068 0.410599 1.096512 -2.809634
0.624878 0.577026 -1.392700 1.214945 1.121907 -2.707815
0.967896 0.443970 -1.253540 1.881871 0.863207 -2.437247
1.132202 0.253174 -1.020630 2.201331 0.492244 -1.984402
1.249512 0.201782 -0.773560 2.429415 0.392323 -1.504025
1.308350 0.108887 -0.545654 2.543813 0.211708 -1.060911
1.325317 0.021484 -0.368652 2.576803 0.041772 -0.716768
1.253540 0.003174 -0.183472 2.437247 0.006171 -0.356722
1.072998 0.075562 0.023682 2.086221 0.146914 0.046044
1.020020 0.140747 0.186279 1.983215 0.273653 0.362181
1.125732 0.050293 0.109497 2.188752 0.097784 0.212894
1.119629 -0.112793 -0.090332 2.176885 -0.219302 -0.175632
0.889893 -0.103394 -0.139404 1.730211 -0.201027 -0.271043
0.585205 -0.095215 -0.021484 1.137809 -0.185125 -0.041772
0.394165 -0.087646 0.125854 0.766372 -0.170410 0.244698
0.231445 -0.106812 0.206909 0.449997 -0.207673 0.402292
0.048828 -0.220581 0.284424 0.094936 -0.428874 0.553003
-0.141357 -0.259277 0.417603 -0.274840 -0.504111 0.811941
-0.339478 -0.151367 0.555420 -0.660043 -0.294302 1.079898
-0.562134 -0.105469 0.663330 -1.092952 -0.205062 1.289707
-0.771606 -0.197144 0.734375 -1.500228 -0.383305 1.427839
-0.995483 -0.202759 0.808594 -1.935510 -0.394222 1.572142
-1.088135 0.022827 0.790039 -2.115651 0.044383 1.536066
-1.123657 0.215820 0.584351 -2.184717 0.419618 1.136148
-1.297974 0.033203 0.442993 -2.523639 0.064557 0.861308
-1.463989 -0.006104 0.426147 -2.846422 -0.011867 0.828555
-1.460449 0.294678 0.247314 -2.839539 0.572939 0.480851
-1.391602 0.281860 0.011963 -2.705679 0.548019 0.023259
-1.188232 0.096191 -0.086182 -2.310270 0.187024 -0.167562
-0.919922 0.022583 -0.170532 -1.788596 0.043908 -0.331564
-0.765625 0.192627 -0.213501 -1.488598 0.374523 -0.415108
-0.643066 0.383545 -0.217041 -1.250309 0.745723 -0.421991
-0.457397 0.360229 -0.209106 -0.889314 0.700391 -0.406564
-0.299805 0.307373 -0.190308 -0.582908 0.597623 -0.370014
-0.165894 0.254639 -0.155029 -0.322545 0.495092 -0.301422
-0.093994 0.165161 -0.132813 -0.182752 0.321121 -0.258226
-0.020264 0.079346 -0.102173 -0.039398 0.154271 -0.198654
0.031006 0.027588 -0.067383 0.060284 0.053639 -0.131012
0.050659 0.003906 -0.063599 0.098496 0.007595 -0.123654
0.071289 -0.026733 -0.096069 0.138607 -0.051978 -0.186787
0.096558 -0.052246 -0.131714 0.187736 -0.101582 -0.256090
0.125488 -0.055420 -0.145020 0.243986 -0.107752 -0.281960
0.140503 -0.055054 -0.163818 0.273179 -0.107040 -0.318511
0.135132 -0.060791 -0.178711 0.262736 -0.118195 -0.347466
0.157471 -0.090332 -0.168335 0.306169 -0.175632 -0.327292
0.169067 -0.156982 -0.140869 0.328716 -0.305220 -0.273891
0.148560 -0.185913 -0.113281 0.288843 -0.361469 -0.220252
0.111694 -0.165527 -0.110840 0.217166 -0.321833 -0.215505
0.098022 -0.150635 -0.105713 0.190584 -0.292878 -0.205537
0.083252 -0.070923 -0.100464 0.161866 -0.137895 -0.195331
0.055298 -0.025513 -0.082031 0.107515 -0.049604 -0.159493
0.040283 -0.049561 -0.068726 0.078322 -0.096360 -0.133623
0.025757 -0.079102 -0.073120 0.050079 -0.153797 -0.142167
0.034790 -0.091309 -0.083008 0.067642 -0.177531 -0.161391
0.014282 -0.101929 -0.093994 0.027769 -0.198179 -0.182752
-0.038330 -0.079590 -0.106201 -0.074525 -0.154746 -0.206486
-0.089966 -0.007202 -0.101196 -0.174920 -0.014003 -0.196755
-0.081421 0.027466 -0.092041 -0.158306 0.053402 -0.178955
-0.061768 0.010498 -0.080933 -0.120094 0.020411 -0.157357
-0.048096 0.036743 -0.062012 -0.093512 0.071439 -0.120569
