0.072388 -0.412354 -0.675781 0.140743 -0.801735 -1.313916
-0.373535 0.006226 -0.378174 -0.726261 0.012104 -0.735280
-0.705688 0.144653 -0.199219 -1.372064 0.281248 -0.387339
-0.670044 0.331543 -0.107910 -1.302761 0.644616 -0.209809
-0.558594 0.224365 -0.086182 -1.086069 0.436231 -0.167562
-0.433350 0.276123 -0.179688 -0.842558 0.536864 -0.349365
-0.645264 0.317017 -0.193481 -1.254581 0.616373 -0.376184
-1.069580 0.483521 -0.120850 -2.079576 0.940105 -0.234967
-1.598633 0.455200 -0.083130 -3.108208 0.885042 -0.161629
-2.262939 0.354004 -0.085205 -4.399814 0.688287 -0.165664
-2.752197 0.347290 0.018066 -5.351074 0.675233 0.035126
-2.259155 0.221191 0.024170 -4.392457 0.430061 0.046993
-1.002563 0.113037 0.100708 -1.949276 0.219777 0.195806
0.015259 0.074097 0.101440 0.029668 0.144066 0.197230
0.406128 -0.137817 -0.018677 0.789631 -0.267957 -0.036313
0.541748 -0.095337 -0.198242 1.053316 -0.185363 -0.385441
0.899414 -0.014282 -0.289307 1.748723 -0.027769 -0.562496
1.152100 -0.004272 -0.314819 2.240018 -0.008307 -0.612101
1.261963 -0.154663 -0.324585 2.453624 -0.300710 -0.631088
1.315186 -0.312500 -0.373779 2.557104 -0.607591 -0.726736
1.311890 -0.250000 -0.396729 2.550696 -0.486073 -0.771356
1.183960 -0.149658 -0.371216 2.301963 -0.290979 -0.721752
0.980835 -0.010132 -0.372437 1.907029 -0.019699 -0.724125
0.795776 0.095947 -0.334351 1.547221 0.186549 -0.650075
0.683472 0.061401 -0.336670 1.328868 0.119382 -0.654585
0.620117 0.017212 -0.438354 1.205689 0.033465 -0.852289
0.211914 0.121582 -0.441895 0.412023 0.236391 -0.859172
-0.117554 0.219849 -0.353882 -0.228559 0.427450 -0.688049
-0.387573 0.083496 -0.354980 -0.753555 0.162341 -0.690186
-0.680908 0.122681 -0.387817 -1.323884 0.238527 -0.754030
-0.891846 0.087524 -0.408691 -1.734008 0.170173 -0.794615
-1.115723 0.011597 -0.468384 -2.169290 0.022547 -0.910675
-1.300171 0.113037 -0.573853 -2.527911 0.219777 -1.115737
-1.411133 0.138550 -0.564209 -2.743654 0.269381 -1.096987
-1.117798 0.037231 -0.291992 -2.173325 0.072389 -0.567718
-0.665161 0.023438 -0.083862 -1.293267 0.045569 -0.163053
-0.418823 0.065552 0.022827 -0.814315 0.127452 0.044383
-0.149048 0.147461 0.068848 -0.289792 0.286707 0.133860
0.156616 0.049927 -0.010742 0.304508 0.097072 -0.020886
0.330811 0.014648 -0.116821 0.643192 0.028481 -0.227135
0.325806 0.072754 -0.178955 0.633461 0.141455 -0.347941
0.283203 0.092529 -0.155762 0.550629 0.179904 -0.302846
0.268555 0.028931 -0.122192 0.522149 0.056250 -0.237578
0.212036 0.033081 -0.113525 0.412260 0.064319 -0.220726
0.085815 0.151245 -0.078003 0.166850 0.294065 -0.151660
-0.098755 0.207642 -0.027710 -0.192008 0.403716 -0.053876
-0.242920 0.351685 0.027832 -0.472307 0.683777 0.054114
-0.303345 0.355469 0.032471 -0.589791 0.691135 0.063133
-0.224365 0.146851 -0.026733 -0.436231 0.285520 -0.051978
0.026978 0.020020 0.073486 0.052452 0.038924 0.142879
0.242065 0.018677 0.138428 0.470646 0.036313 0.269144
0.175293 0.032959 -0.001953 0.340821 0.064082 -0.003797
-0.004639 0.009521 -0.172485 -0.009019 0.018513 -0.335362
-0.149170 0.004150 -0.228149 -0.290030 0.008070 -0.443589
-0.138672 -0.010620 -0.148560 -0.269619 -0.020649 -0.288843
-0.036987 -0.014771 -0.068604 -0.071914 -0.028718 -0.133385
0.017700 0.031860 -0.039795 0.034414 0.061946 -0.077373
0.017090 0.058960 -0.101563 0.033228 0.114635 -0.197467
0.037354 0.060059 -0.174805 0.072626 0.116771 -0.339871
0.035400 0.070801 -0.196045 0.068829 0.137657 -0.381168
0.026367 0.084351 -0.156860 0.051266 0.164002 -0.304982
0.022827 0.063965 -0.124878 0.044383 0.124366 -0.242799
0.023560 0.039551 -0.139404 0.045807 0.076898 -0.271043
0.013062 0.015259 -0.118774 0.025395 0.029668 -0.230932
0.015503 0.052734 -0.115601 0.030142 0.102531 -0.224761
0.013672 0.026489 -0.134521 0.026582 0.051503 -0.261549
-0.001709 -0.013916 -0.154663 -0.003323 -0.027057 -0.300710
-0.010010 0.016724 -0.144165 -0.019462 0.032516 -0.280299
-0.011719 0.024414 -0.133789 -0.022785 0.047468 -0.260125
-0.024780 0.021118 -0.134766 -0.048180 0.041060 -0.262024
-0.025879 0.021240 -0.137817 -0.050316 0.041297 -0.267957
-0.014160 0.015747 -0.132202 -0.027531 0.030617 -0.257040
-0.010376 0.032471 -0.118774 -0.020174 0.063133 -0.230932
-0.006348 0.011230 -0.115967 -0.012342 0.021835 -0.225473
-0.016113 0.004272 -0.109863 -0.031329 0.008307 -0.213606
-0.023682 0.006836 -0.115112 -0.046044 0.013291 -0.223812
-0.019653 0.033203 -0.123901 -0.038212 0.064557 -0.240900
-0.022949 0.025269 -0.115356 -0.044620 0.049129 -0.224287
-0.010132 0.024658 -0.105835 -0.019699 0.047943 -0.205774
-0.009766 0.011475 -0.108032 -0.018987 0.022310 -0.210046
