0.613281 0.297729 -0.107666 1.192398 0.578873 -0.209334
0.826294 0.501343 0.147461 1.606556 0.974757 0.286707
0.925171 0.213745 0.125000 1.798802 0.415583 0.243036
0.584717 -0.270874 -0.050415 1.136860 -0.526658 -0.098022
-0.108765 -0.490967 -0.155273 -0.211470 -0.954583 -0.301897
-0.663452 -0.231445 -0.111816 -1.289944 -0.449997 -0.217404
-0.823242 0.103271 -0.171143 -1.600623 0.200790 -0.332751
-0.938232 0.124878 -0.315918 -1.824197 0.242799 -0.614237
-0.942383 0.165161 -0.458008 -1.832267 0.321121 -0.890501
-0.962280 0.293701 -0.354248 -1.870953 0.571041 -0.688762
-1.114502 0.383423 -0.281738 -2.166917 0.745486 -0.547781
-1.149902 0.335938 -0.296143 -2.235745 0.653160 -0.575788
-1.280884 0.351929 -0.387939 -2.490412 0.684252 -0.754267
-1.515625 0.501709 -0.430420 -2.946817 0.975469 -0.836862
-1.511963 0.432495 -0.389404 -2.939697 0.840897 -0.757115
-1.214844 0.207275 -0.308960 -2.362010 0.403004 -0.600708
-1.041504 0.212646 -0.241089 -2.024987 0.413447 -0.468747
-0.943848 0.256836 -0.174805 -1.835115 0.499364 -0.339871
-0.728516 0.086670 -0.120850 -1.416447 0.168512 -0.234967
-0.437012 0.033569 -0.126343 -0.849678 0.065269 -0.245647
-0.002808 0.043945 -0.089355 -0.005459 0.085443 -0.173733
0.439087 0.100342 0.008301 0.853713 0.195094 0.016139
0.765991 0.072632 0.039307 1.489310 0.141217 0.076424
1.068848 0.048706 -0.024292 2.078151 0.094699 -0.047231
1.321655 0.042847 -0.102905 2.569683 0.083306 -0.200078
1.401489 -0.056641 -0.117676 2.724904 -0.110126 -0.228796
1.385742 -0.119629 -0.139282 2.694287 -0.232593 -0.270805
1.320313 -0.224609 -0.208984 2.567073 -0.436706 -0.406327
1.195801 -0.263184 -0.325928 2.324986 -0.511706 -0.633699
0.945923 -0.152832 -0.444702 1.839150 -0.297150 -0.864631
0.670166 0.030884 -0.519531 1.302998 0.060047 -1.010120
0.373535 0.076416 -0.515137 0.726261 0.148575 -1.001576
0.144531 0.019531 -0.465576 0.281011 0.037974 -0.905216
0.014526 -0.046387 -0.482910 0.028243 -0.090189 -0.938918
-0.140991 -0.091309 -0.547852 -0.274128 -0.177531 -1.065183
-0.412231 -0.083496 -0.614014 -0.801498 -0.162341 -1.193822
-0.665649 -0.039917 -0.629395 -1.294217 -0.077610 -1.223727
-0.863281 -0.047607 -0.615601 -1.678470 -0.092563 -1.196907
-1.038330 -0.080933 -0.546387 -2.018816 -0.157357 -1.062335
-1.271606 0.017944 -0.369141 -2.472374 0.034889 -0.717717
-1.405029 0.179199 -0.184448 -2.731787 0.348416 -0.358621
-1.342041 0.316650 -0.038452 -2.609319 0.615661 -0.074762
-1.061890 0.335571 -0.001099 -2.064623 0.652448 -0.002136
-0.708130 0.186523 -0.089600 -1.376811 0.362656 -0.174208
-0.428101 -0.091064 -0.233398 -0.832352 -0.177056 -0.453795
-0.281738 -0.183716 -0.287720 -0.547781 -0.357197 -0.559411
-0.159668 -0.113037 -0.203613 -0.310441 -0.219777 -0.395884
-0.068481 -0.030884 -0.104614 -0.133148 -0.060047 -0.203401
0.028931 -0.033203 -0.068359 0.056250 -0.064557 -0.132911
0.098267 -0.119141 -0.068115 0.191059 -0.231644 -0.132436
0.138794 -0.198120 -0.082275 0.269856 -0.385203 -0.159967
0.126831 -0.202271 -0.096436 0.246597 -0.393273 -0.187499
0.080566 -0.138062 -0.100586 0.156645 -0.268432 -0.195568
0.026245 -0.023682 -0.109497 0.051028 -0.046044 -0.212894
0.016968 -0.003784 -0.092651 0.032990 -0.007358 -0.180141
0.029053 -0.035767 -0.072876 0.056487 -0.069541 -0.141692
0.041138 -0.052002 -0.053101 0.079984 -0.101107 -0.103243
0.069214 -0.088501 -0.031494 0.134572 -0.172072 -0.061234
0.057251 -0.081665 -0.056030 0.111313 -0.158781 -0.108939
0.006470 -0.048706 -0.110718 0.012579 -0.094699 -0.215268
-0.028198 0.010986 -0.157227 -0.054826 0.021361 -0.305694
-0.019287 0.020752 -0.154419 -0.037500 0.040348 -0.300235
-0.023804 0.000244 -0.102417 -0.046281 0.000475 -0.199128
-0.028320 -0.019409 -0.060181 -0.055063 -0.037737 -0.117009
-0.053345 -0.023193 -0.067627 -0.103718 -0.045095 -0.131487
-0.066162 -0.009766 -0.090576 -0.128638 -0.018987 -0.176106
-0.028198 -0.002197 -0.099731 -0.054826 -0.004272 -0.193907
-0.026489 -0.052612 -0.110352 -0.051503 -0.102294 -0.214556
-0.042603 -0.069458 -0.126587 -0.082832 -0.135047 -0.246122
-0.027710 -0.045410 -0.117310 -0.053876 -0.088291 -0.228084
0.002686 0.005005 -0.100708 0.005221 0.009731 -0.195806
0.003418 0.027222 -0.087280 0.006646 0.052927 -0.169698
0.007813 0.077393 -0.060425 0.015190 0.150474 -0.117483
0.003662 0.051270 -0.063843 0.007120 0.099683 -0.124129
0.005371 0.008179 -0.060059 0.010443 0.015902 -0.116771
0.000854 0.006714 -0.072876 0.001661 0.013054 -0.141692
-0.010498 -0.007813 -0.090698 -0.020411 -0.015190 -0.176344
-0.041138 -0.014893 -0.097778 -0.079984 -0.028956 -0.190110
-0.049438 -0.006226 -0.093994 -0.096123 -0.012104 -0.182752
-0.053467 -0.031616 -0.088867 -0.103955 -0.061471 -0.172784
