-0.541382 0.174316 -0.274170 -1.052604 0.338922 -0.533066
-0.395874 0.036865 -0.284424 -0.769695 0.071677 -0.553003
-0.469971 -0.162354 -0.211548 -0.913760 -0.315663 -0.411311
-0.374756 -0.231079 -0.048828 -0.728635 -0.449285 -0.094936
-0.066284 -0.287720 0.161377 -0.128876 -0.559411 0.313764
0.417358 -0.034546 0.304199 0.811466 -0.067167 0.591452
0.806030 0.052246 0.168457 1.567158 0.101582 0.327530
1.077759 0.001221 -0.004028 2.095477 0.002373 -0.007832
1.229004 0.039185 -0.015747 2.389542 0.076186 -0.030617
1.349121 -0.112427 0.042114 2.623085 -0.218590 0.081882
1.435059 -0.155884 0.124268 2.790172 -0.303084 0.241612
1.451050 -0.203369 0.081177 2.821264 -0.395409 0.157831
1.588135 -0.380493 -0.008911 3.087797 -0.739790 -0.017326
1.577148 -0.349731 -0.151245 3.066437 -0.679980 -0.294065
1.304199 -0.257324 -0.337769 2.535744 -0.500313 -0.656721
1.064697 -0.196167 -0.560669 2.070082 -0.381406 -1.090104
0.848267 -0.126953 -0.743774 1.649278 -0.246834 -1.446114
0.565674 -0.040405 -0.854004 1.099835 -0.078560 -1.660433
0.332397 0.055176 -0.861084 0.646278 0.107278 -1.674198
-0.002930 0.068726 -0.879761 -0.005696 0.133623 -1.710511
-0.386841 0.063965 -0.888306 -0.752131 0.124366 -1.727125
-0.602051 0.017578 -0.980469 -1.170562 0.034177 -1.906317
-0.681396 -0.189819 -1.168213 -1.324834 -0.369064 -2.271347
-0.802368 -0.177856 -1.142456 -1.560038 -0.345805 -2.221268
-0.928467 -0.041382 -0.954346 -1.805210 -0.080458 -1.855526
-1.070068 -0.058228 -0.619385 -2.080525 -0.113211 -1.204265
-1.090820 -0.100586 -0.136841 -2.120873 -0.195568 -0.266058
-0.839844 -0.083618 0.401489 -1.632901 -0.162578 0.780612
-0.526978 0.032959 0.958618 -1.024598 0.064082 1.863833
-0.272949 -0.132690 1.383179 -0.530693 -0.257989 2.689303
0.000610 -0.443115 1.586304 0.001187 -0.861545 3.084237
0.333374 -0.494507 1.357178 0.648176 -0.961465 2.638749
0.647583 -0.298584 0.816772 1.259090 -0.580534 1.588044
0.709473 -0.254883 0.315796 1.379422 -0.495567 0.613999
0.666504 -0.246582 0.017700 1.295878 -0.479427 0.034414
0.565918 -0.133667 -0.145508 1.100310 -0.259888 -0.282910
0.440674 -0.056152 -0.244019 0.856798 -0.109177 -0.474443
0.247192 -0.007690 -0.345825 0.480614 -0.014952 -0.672385
-0.055298 0.023315 -0.457031 -0.107515 0.045332 -0.888602
-0.414185 -0.022461 -0.552002 -0.805296 -0.043671 -1.073253
-0.766235 -0.197632 -0.589111 -1.489785 -0.384254 -1.145404
-1.153564 -0.259644 -0.557983 -2.242866 -0.504823 -1.084882
-1.560913 -0.061646 -0.475098 -3.034870 -0.119857 -0.923728
-1.875000 0.152832 -0.473755 -3.645547 0.297150 -0.921118
-2.040894 0.302734 -0.673706 -3.968092 0.588604 -1.309881
-2.041260 0.499634 -0.855591 -3.968804 0.971434 -1.663518
-1.365601 0.731201 -0.691528 -2.655126 1.421668 -1.344533
-0.591187 0.935669 -0.519531 -1.149439 1.819213 -1.010120
-0.150391 0.978149 -0.530762 -0.292403 1.901808 -1.031956
0.059326 0.422974 -0.465454 0.115347 0.822384 -0.904979
0.216675 0.074097 -0.273682 0.421279 0.144066 -0.532117
0.340576 -0.008545 -0.140015 0.662179 -0.016614 -0.272229
0.225220 -0.080444 -0.109497 0.437893 -0.156407 -0.212894
0.017944 -0.054321 -0.093262 0.034889 -0.105616 -0.181328
-0.048584 0.010132 -0.055054 -0.094461 0.019699 -0.107040
-0.034546 0.053467 -0.031128 -0.067167 0.103955 -0.060522
-0.025391 0.080322 -0.031738 -0.049367 0.156170 -0.061708
-0.001587 0.086304 -0.048706 -0.003085 0.167800 -0.094699
0.023438 0.048706 -0.078247 0.045569 0.094699 -0.152135
0.048218 0.011719 -0.079834 0.093749 0.022785 -0.155221
0.043945 0.017334 -0.060791 0.085443 0.033702 -0.118195
0.013916 0.021851 -0.041626 0.027057 0.042484 -0.080933
0.000366 -0.010498 -0.018921 0.000712 -0.020411 -0.036788
-0.017944 -0.007690 -0.041870 -0.034889 -0.014952 -0.081408
-0.004761 -0.022583 -0.084595 -0.009256 -0.043908 -0.164477
-0.007813 -0.003296 -0.109009 -0.015190 -0.006408 -0.211945
-0.006470 0.023804 -0.119263 -0.012579 0.046281 -0.231881
-0.015381 -0.006592 -0.113403 -0.029905 -0.012816 -0.220489
-0.032349 0.008545 -0.075195 -0.062895 0.016614 -0.146202
-0.035278 0.041016 -0.066895 -0.068591 0.079746 -0.130062
-0.029297 0.024780 -0.093262 -0.056962 0.048180 -0.181328
-0.044312 0.065063 -0.105713 -0.086155 0.126502 -0.205537
-0.060303 0.082275 -0.112061 -0.117246 0.159967 -0.217878
-0.048828 0.077271 -0.114502 -0.094936 0.150236 -0.222625
-0.054321 0.066040 -0.114136 -0.105616 0.128401 -0.221913
-0.071777 0.036987 -0.109375 -0.139556 0.071914 -0.212657
-0.065796 0.011230 -0.129883 -0.127926 0.021835 -0.252530
-0.062378 0.008667 -0.141968 -0.121281 0.016851 -0.276027
-0.039185 0.024170 -0.138550 -0.076186 0.046993 -0.269381
-0.034790 0.015625 -0.160034 -0.067642 0.030380 -0.311153
