-0.294678 -0.205566 -0.274902 -0.572939 -0.399681 -0.534490
-0.268066 -0.403076 -0.236816 -0.521199 -0.783698 -0.460440
-0.313843 -0.473267 -0.116333 -0.610202 -0.920168 -0.226185
-0.238159 -0.267944 0.028564 -0.463051 -0.520962 0.055538
-0.148193 -0.251953 0.114136 -0.288131 -0.489870 0.221913
-0.088867 -0.551025 0.127808 -0.172784 -1.071354 0.248495
0.132568 -0.298462 0.255859 0.257752 -0.580297 0.497465
0.213867 -0.001587 0.270020 0.415820 -0.003085 0.524997
0.216187 0.168457 0.223022 0.420330 0.327530 0.433621
0.299805 0.566895 0.229614 0.582908 1.102208 0.446437
0.532715 0.261108 0.070557 1.035753 0.507671 0.137183
0.924072 0.038696 -0.101318 1.796666 0.075237 -0.196992
1.231689 -0.262695 -0.332642 2.394763 -0.510756 -0.646752
1.304443 -0.112671 -0.314819 2.536218 -0.219065 -0.612101
1.363647 -0.049072 -0.345459 2.651328 -0.095411 -0.671673
1.419189 -0.109985 -0.415283 2.759318 -0.213844 -0.807432
1.398071 0.166992 -0.414551 2.718258 0.324682 -0.806008
1.573975 0.460449 -0.538696 3.060266 0.895248 -1.047383
1.231689 0.176758 -0.909302 2.394763 0.343669 -1.767948
0.770508 -0.070313 -1.152954 1.498092 -0.136708 -2.241679
0.471558 -0.254883 -1.309082 0.916846 -0.495567 -2.545237
0.306519 -0.345825 -1.344849 0.595961 -0.672385 -2.614778
0.045166 -0.310181 -1.276978 0.087816 -0.603082 -2.482817
-0.254883 -0.191162 -1.121704 -0.495567 -0.371675 -2.180920
-0.573730 0.044312 -0.907104 -1.115499 0.086155 -1.763676
-0.890381 0.069824 -0.714600 -1.731160 0.135759 -1.389390
-1.135864 -0.192749 -0.665283 -2.208451 -0.374760 -1.293505
-1.228760 -0.336304 -0.638062 -2.389067 -0.653872 -1.240578
-1.263916 -0.307373 -0.473389 -2.457421 -0.597623 -0.920406
-1.263672 -0.213745 -0.130249 -2.456947 -0.415583 -0.253242
-1.273193 -0.119995 0.250000 -2.475459 -0.233305 0.486073
-1.128296 -0.172729 0.647705 -2.193736 -0.335836 1.259328
-0.779175 -0.237427 1.061401 -1.514943 -0.461627 2.063674
-0.484253 -0.343018 1.394287 -0.941529 -0.666926 2.710901
-0.143677 -0.249756 1.470947 -0.279350 -0.485598 2.859951
0.269531 -0.246948 1.273560 0.524047 -0.480139 2.476171
0.643188 -0.322754 0.896729 1.250546 -0.627528 1.743502
0.734619 -0.315918 0.500366 1.428314 -0.614237 0.972858
0.579224 -0.374023 0.217407 1.126180 -0.727211 0.422703
0.338623 -0.388184 0.046387 0.658382 -0.754742 0.090189
0.127686 -0.201538 -0.069946 0.248258 -0.391849 -0.135996
-0.063354 0.096924 -0.242432 -0.123180 0.188448 -0.471358
-0.237671 0.198853 -0.477051 -0.462102 0.386627 -0.927526
-0.456909 0.104614 -0.684692 -0.888365 0.203401 -1.331242
-0.662354 0.128052 -0.894165 -1.287808 0.248970 -1.738518
-0.870239 0.223145 -1.121338 -1.691999 0.433858 -2.180208
-1.064819 0.409912 -1.310181 -2.070319 0.796989 -2.547373
-1.251953 0.603760 -1.441284 -2.434162 1.173885 -2.802277
-1.283325 0.715698 -1.469482 -2.495158 1.391526 -2.857102
-1.113770 0.677612 -1.334229 -2.165493 1.317476 -2.594129
-0.809692 0.562744 -1.015991 -1.574278 1.094139 -1.975383
-0.497803 0.480347 -0.671875 -0.967874 0.933934 -1.306321
-0.332520 0.437622 -0.436523 -0.646515 0.850865 -0.848729
-0.206787 0.341064 -0.267090 -0.402054 0.663129 -0.519301
-0.079468 0.195679 -0.138184 -0.154509 0.380456 -0.268669
-0.036987 0.065063 -0.022461 -0.071914 0.126502 -0.043671
-0.029053 -0.012207 0.051270 -0.056487 -0.023734 0.099683
-0.061523 -0.019897 0.081543 -0.119620 -0.038686 0.158543
-0.080933 -0.064209 0.091064 -0.157357 -0.124841 0.177056
-0.060913 -0.094360 0.096680 -0.118433 -0.183464 0.187973
-0.024536 -0.099487 0.058594 -0.047705 -0.193432 0.113923
-0.037598 -0.098877 0.042114 -0.073101 -0.192246 0.081882
-0.037109 -0.075195 0.025391 -0.072151 -0.146202 0.049367
-0.032104 -0.043579 -0.017334 -0.062420 -0.084730 -0.033702
-0.021484 -0.011963 -0.054810 -0.041772 -0.023259 -0.106566
-0.021118 -0.017944 -0.064941 -0.041060 -0.034889 -0.126265
-0.000122 -0.035767 -0.079468 -0.000237 -0.069541 -0.154509
0.000122 -0.039673 -0.112915 0.000237 -0.077136 -0.219540
0.001953 -0.028076 -0.143311 0.003797 -0.054588 -0.278637
-0.000488 -0.013672 -0.132080 -0.000949 -0.026582 -0.256802
0.002441 0.022827 -0.093750 0.004747 0.044383 -0.182277
0.014404 0.036377 -0.088379 0.028006 0.070727 -0.171834
0.045532 0.036987 -0.122070 0.088528 0.071914 -0.237340
0.057495 0.042603 -0.155029 0.111787 0.082832 -0.301422
0.042969 0.017700 -0.158569 0.083544 0.034414 -0.308305
0.038574 -0.026978 -0.145630 0.075000 -0.052452 -0.283147
0.018677 -0.005493 -0.139771 0.036313 -0.010680 -0.271755
-0.003174 -0.046021 -0.137451 -0.006171 -0.089477 -0.267245
-0.042603 -0.047974 -0.123169 -0.082832 -0.093275 -0.239476
-0.070435 -0.015137 -0.098999 -0.136945 -0.029430 -0.192483
