0.122803 -0.057617 -0.188721 0.238764 -0.112025 -0.366928
-0.166992 0.187012 -0.155029 -0.324682 0.363605 -0.301422
-0.433716 0.144653 -0.062866 -0.843270 0.281248 -0.122230
-0.522339 -0.027222 0.015015 -1.015579 -0.052927 0.029193
-0.505249 -0.153198 0.119873 -0.982351 -0.297862 0.233068
-0.393555 -0.319580 0.299316 -0.765185 -0.621357 0.581958
-0.577759 1.067505 0.463989 -1.123332 2.075541 0.902130
-1.576782 1.339478 0.161865 -3.065724 2.604335 0.314713
-2.585083 -0.433472 -0.589600 -5.026155 -0.842795 -1.146354
-3.611084 -2.329346 -1.020020 -7.021000 -4.528927 -1.983215
-3.686523 -0.153687 -0.715454 -7.167676 -0.298811 -1.391051
-1.896118 0.422485 -0.539307 -3.686607 0.821435 -1.048569
-0.258057 0.275879 -0.233521 -0.501737 0.536389 -0.454032
0.877441 -0.033569 -0.269165 1.706002 -0.065269 -0.523335
1.544434 -0.307617 -0.247803 3.002829 -0.598098 -0.481801
1.830566 -0.306396 -0.411255 3.559155 -0.595724 -0.799599
1.874390 -0.240601 -0.591309 3.644360 -0.467798 -1.149676
1.970947 -0.129028 -0.676147 3.832096 -0.250869 -1.314628
2.067383 -0.010010 -0.556519 4.019595 -0.019462 -1.082034
1.674805 0.169312 -0.429688 3.256309 0.329191 -0.835438
1.316162 0.244995 -0.357422 2.559003 0.476342 -0.694932
0.918701 0.122070 -0.242798 1.786223 0.237340 -0.472070
0.463623 0.075928 -0.172485 0.901418 0.147626 -0.335362
0.181885 0.087891 -0.167114 0.353637 0.170885 -0.324919
-0.021118 0.090332 -0.269165 -0.041060 0.175632 -0.523335
-0.377686 -0.109131 -0.234741 -0.734331 -0.212182 -0.456405
-0.678589 -0.160889 -0.199097 -1.319375 -0.312815 -0.387102
-0.905640 -0.246460 -0.133179 -1.760828 -0.479190 -0.258938
-1.496826 -0.389404 -0.133667 -2.910267 -0.757115 -0.259888
-2.148438 -0.197632 -0.261108 -4.177189 -0.384254 -0.507671
-2.776123 0.229126 -0.317505 -5.397593 0.445488 -0.617322
-2.776001 0.111816 -0.288818 -5.397356 0.217404 -0.561547
-1.593262 0.009033 -0.503784 -3.097765 0.017563 -0.979503
-0.576294 0.138062 -0.568359 -1.120484 0.268432 -1.105056
0.163818 0.455444 -0.497070 0.318511 0.885517 -0.966450
0.633423 0.586426 -0.481323 1.231559 1.140183 -0.935833
1.246948 0.537231 -0.470215 2.424431 1.044535 -0.914235
1.485718 0.388916 -0.430176 2.888669 0.756166 -0.836387
1.475586 0.268188 -0.345093 2.868969 0.521437 -0.670961
1.663330 0.171021 -0.296265 3.233999 0.332514 -0.576025
1.686646 0.074341 -0.237427 3.279331 0.144540 -0.461627
1.318970 0.112549 -0.220215 2.564462 0.218828 -0.428162
0.884277 0.184937 -0.184204 1.719293 0.359571 -0.358146
0.459106 0.259399 -0.130981 0.892637 0.504348 -0.254666
0.184448 0.292969 -0.026855 0.358621 0.569617 -0.052215
0.048462 0.124390 0.076172 0.094224 0.241850 0.148100
0.060181 0.029907 0.114136 0.117009 0.058148 0.221913
0.098755 -0.043945 -0.007202 0.192008 -0.085443 -0.014003
0.007080 0.016113 -0.068848 0.013766 0.031329 -0.133860
-0.038696 0.089233 -0.075684 -0.075237 0.173496 -0.147151
0.009399 0.065674 -0.130615 0.018275 0.127689 -0.253954
-0.005615 0.040161 -0.191528 -0.010918 0.078085 -0.372387
-0.032227 0.078247 -0.254761 -0.062658 0.152135 -0.495329
-0.037231 0.047485 -0.269775 -0.072389 0.092325 -0.524522
-0.017700 -0.021240 -0.267090 -0.034414 -0.041297 -0.519301
0.025269 -0.063110 -0.305786 0.049129 -0.122705 -0.594537
0.033691 -0.090820 -0.311401 0.065506 -0.176581 -0.605455
0.007935 -0.102905 -0.304199 0.015427 -0.200078 -0.591452
0.016235 -0.166138 -0.282959 0.031566 -0.323020 -0.550155
-0.073853 -0.160522 -0.253418 -0.143591 -0.312102 -0.492718
-0.099609 -0.036987 -0.314209 -0.193670 -0.071914 -0.610914
-0.099365 -0.023193 -0.351074 -0.193195 -0.045095 -0.682591
-0.028809 -0.150024 -0.274902 -0.056012 -0.291691 -0.534490
0.050293 -0.227173 -0.210083 0.097784 -0.441690 -0.408463
0.060303 -0.039917 -0.232544 0.117246 -0.077610 -0.452133
0.014038 0.095215 -0.238159 0.027294 0.185125 -0.463051
-0.067627 0.083862 -0.208984 -0.131487 0.163053 -0.406327
-0.053467 0.007935 -0.135864 -0.103955 0.015427 -0.264160
-0.024780 -0.028931 -0.090942 -0.048180 -0.056250 -0.176819
0.006592 -0.017822 -0.052856 0.012816 -0.034652 -0.102768
0.026123 -0.045654 -0.039307 0.050791 -0.088765 -0.076424
0.046143 -0.067505 -0.076294 0.089715 -0.131249 -0.148338
0.063354 -0.067017 -0.103027 0.123180 -0.130300 -0.200315
0.060913 -0.021240 -0.059814 0.118433 -0.041297 -0.116297
-0.050903 -0.001953 -0.048340 -0.098971 -0.003797 -0.093987
-0.120605 0.029053 -0.088745 -0.234492 0.056487 -0.172546
-0.118408 0.089600 -0.143799 -0.230220 0.174208 -0.279587
-0.067627 0.113281 -0.154175 -0.131487 0.220252 -0.299761
-0.000977 0.063110 -0.190918 -0.001899 0.122705 -0.371200
0.021851 0.036621 -0.213745 0.042484 0.071202 -0.415583
