0.017944 -0.351685 -0.293457 0.034889 -0.683777 -0.570566
0.112305 -0.340332 -0.197021 0.218353 -0.661705 -0.383067
0.096313 -0.023560 0.002441 0.187261 -0.045807 0.004747
0.049438 -0.052856 0.055054 0.096123 -0.102768 0.107040
-0.009644 -0.350830 0.104980 -0.018750 -0.682116 0.204113
0.420776 -0.123657 0.359863 0.818112 -0.240426 0.699679
0.731201 0.236328 0.302368 1.421668 0.459491 0.587892
0.685669 -0.197510 -0.006592 1.333140 -0.384017 -0.012816
0.984863 -0.072998 -0.117676 1.914861 -0.141929 -0.228796
1.088989 0.245850 -0.114990 2.117313 0.478003 -0.223575
1.090820 0.048950 -0.067749 2.120873 0.095173 -0.131724
1.089844 -0.110840 -0.018555 2.118974 -0.215505 -0.036076
0.858398 -0.171387 -0.064697 1.668977 -0.333226 -0.125790
0.696289 -0.230835 -0.353760 1.353789 -0.448810 -0.687812
0.739380 -0.206665 -0.640259 1.437570 -0.401817 -1.244850
0.607422 -0.276978 -0.787964 1.181005 -0.538525 -1.532032
0.367920 -0.155518 -0.803345 0.715344 -0.302372 -1.561936
0.037964 0.003418 -0.867798 0.073813 0.006646 -1.687252
-0.211670 0.103760 -1.029785 -0.411548 0.201739 -2.002203
-0.421143 0.153809 -1.248291 -0.818824 0.299049 -2.427042
-0.565063 0.191406 -1.350342 -1.098648 0.372150 -2.625458
-0.666138 0.236572 -1.334961 -1.295166 0.459965 -2.595553
-0.812378 0.312500 -1.144897 -1.579500 0.607591 -2.226015
-0.947266 0.366699 -0.714844 -1.841761 0.712970 -1.389865
-1.156860 0.277832 0.131226 -2.249274 0.540186 0.255141
-0.978760 0.030640 0.952271 -1.902994 0.059572 1.851492
-0.579712 -0.068848 1.327759 -1.127129 -0.133860 2.581550
-0.172729 -0.168823 1.444702 -0.335836 -0.328242 2.808922
0.175659 -0.302490 1.357178 0.341533 -0.588129 2.638749
0.362427 -0.206543 1.179077 0.704663 -0.401580 2.292470
0.584473 -0.151855 0.894897 1.136385 -0.295251 1.739942
0.670776 -0.066406 0.566528 1.304185 -0.129113 1.101496
0.668579 -0.203369 0.277222 1.299913 -0.395409 0.539000
0.540283 -0.342163 0.074707 1.050468 -0.665265 0.145252
0.175293 -0.145264 -0.099121 0.340821 -0.282435 -0.192720
-0.248047 0.007202 -0.263428 -0.482275 0.014003 -0.512180
-0.471924 -0.006958 -0.438721 -0.917558 -0.013528 -0.853001
-0.702271 -0.128052 -0.725952 -1.365419 -0.248970 -1.411463
-1.008667 -0.176758 -1.064331 -1.961143 -0.343669 -2.069370
-1.065308 0.054321 -1.315796 -2.071269 0.105616 -2.558291
-0.940552 0.397339 -1.325928 -1.828707 0.772543 -2.577990
-0.818726 0.574951 -1.233154 -1.591841 1.117873 -2.397612
-0.613770 0.523315 -1.077515 -1.193347 1.017478 -2.095003
-0.396118 0.358521 -0.725342 -0.770169 0.697068 -1.410276
-0.255737 0.357300 -0.341187 -0.497228 0.694695 -0.663366
-0.077881 0.182129 -0.249146 -0.151423 0.354112 -0.484412
0.015625 0.098145 -0.246338 0.030380 0.190822 -0.478953
0.106689 0.014648 -0.158813 0.207435 0.028481 -0.308780
0.106934 -0.045776 -0.081421 0.207910 -0.089003 -0.158306
0.054688 0.042480 -0.031128 0.106328 0.082594 -0.060522
0.075317 0.024902 0.002930 0.146439 0.048417 0.005696
0.070679 0.058350 0.008301 0.137420 0.113449 0.016139
0.050171 0.071655 0.007080 0.097547 0.139319 0.013766
0.036499 0.051880 -0.003052 0.070965 0.100870 -0.005934
-0.029541 0.116211 0.001465 -0.057436 0.225948 0.002848
-0.042114 0.088867 -0.006836 -0.081882 0.172784 -0.013291
0.035156 -0.049316 -0.094849 0.068354 -0.095885 -0.184413
0.189941 -0.039429 -0.185059 0.369301 -0.076661 -0.359808
0.118042 0.114258 -0.151001 0.229508 0.222151 -0.293590
-0.048462 0.159424 -0.068726 -0.094224 0.309966 -0.133623
-0.073364 0.161133 -0.062622 -0.142642 0.313289 -0.121756
0.030518 0.070313 -0.104736 0.059335 0.136708 -0.203638
0.019653 0.040405 -0.166504 0.038212 0.078560 -0.323732
-0.039185 0.068481 -0.131714 -0.076186 0.133148 -0.256090
0.006714 -0.021118 -0.076050 0.013054 -0.041060 -0.147863
0.035522 -0.032959 -0.021484 0.069066 -0.064082 -0.041772
-0.026855 -0.093384 -0.010620 -0.052215 -0.181565 -0.020649
-0.007568 -0.118042 -0.015015 -0.014715 -0.229508 -0.029193
-0.016479 -0.040771 -0.005615 -0.032041 -0.079272 -0.010918
-0.020996 -0.016602 -0.068359 -0.040823 -0.032278 -0.132911
0.022949 0.017456 -0.093384 0.044620 0.033940 -0.181565
0.009644 0.057739 -0.089966 0.018750 0.112262 -0.174920
-0.018555 0.073364 -0.062622 -0.036076 0.142642 -0.121756
-0.013550 0.036621 -0.072998 -0.026345 0.071202 -0.141929
-0.025635 0.053467 -0.097900 -0.049841 0.103955 -0.190347
-0.021729 0.052124 -0.120117 -0.042247 0.101344 -0.233543
-0.015625 0.041870 -0.116211 -0.030380 0.081408 -0.225948
-0.046631 0.032837 -0.071777 -0.090664 0.063845 -0.139556
-0.055908 0.029907 -0.052124 -0.108702 0.058148 -0.101344
-0.068970 0.061890 -0.089600 -0.134097 0.120332 -0.174208
