-0.201294 0.181396 -0.303955 -0.391374 0.352688 -0.590977
-0.112061 0.202759 -0.259766 -0.217878 0.394222 -0.505060
0.024414 -0.150635 -0.336060 0.047468 -0.292878 -0.653398
0.090942 -0.592163 -0.437500 0.176819 -1.151338 -0.850628
0.027100 -0.511963 -0.480713 0.052690 -0.995405 -0.934646
-0.203369 0.047485 -0.408691 -0.395409 0.092325 -0.794615
-0.460449 0.492554 -0.340088 -0.895248 0.957668 -0.661230
-0.872070 -0.184937 -0.037964 -1.695559 -0.359571 -0.073813
-1.168213 -0.255493 0.051514 -2.271347 -0.496753 0.100158
-1.824585 -0.256592 -0.285156 -3.547525 -0.498889 -0.554427
-2.496582 0.030273 -0.324341 -4.854084 0.058860 -0.630613
-2.259521 0.398682 -0.058472 -4.393168 0.775153 -0.113686
-1.591064 0.215454 -0.537354 -3.093493 0.418906 -1.044772
-1.002808 -0.005615 -0.751831 -1.949750 -0.010918 -1.461779
-0.682617 -0.197510 -0.729492 -1.327207 -0.384017 -1.418346
-0.098755 0.016602 -0.660889 -0.192008 0.032278 -1.284960
0.317993 0.317261 -0.382324 0.618271 0.616847 -0.743350
0.379761 0.301514 -0.231323 0.738366 0.586231 -0.449760
0.623657 0.221069 -0.327026 1.212572 0.429823 -0.635835
0.925049 0.318237 -0.363525 1.798565 0.618746 -0.706799
1.177246 0.449585 -0.302734 2.288910 0.874124 -0.588604
1.500244 0.284912 -0.238281 2.916912 0.553952 -0.463288
1.663330 0.072144 -0.264404 3.233999 0.140268 -0.514079
1.581177 -0.024414 -0.378784 3.074269 -0.047468 -0.736467
1.426392 -0.129761 -0.388306 2.773321 -0.252293 -0.754979
1.186646 -0.216797 -0.364136 2.307185 -0.421516 -0.707986
0.918335 -0.227417 -0.340576 1.785511 -0.442165 -0.662179
0.737061 -0.310791 -0.332031 1.433061 -0.604268 -0.645566
0.488037 -0.325439 -0.339844 0.948886 -0.632749 -0.660755
0.253052 -0.240356 -0.356201 0.492006 -0.467323 -0.692559
0.014038 -0.175537 -0.350342 0.027294 -0.341295 -0.681167
-0.191772 -0.149780 -0.333740 -0.372862 -0.291217 -0.648888
-0.404175 -0.114868 -0.383911 -0.785834 -0.223337 -0.746435
-0.660645 -0.179688 -0.400024 -1.284486 -0.349365 -0.777764
-0.931763 -0.195435 -0.388306 -1.811618 -0.379982 -0.754979
-1.140259 -0.173706 -0.372437 -2.216996 -0.337735 -0.724125
-1.275269 -0.213867 -0.385864 -2.479494 -0.415820 -0.750233
-1.513794 -0.363037 -0.406494 -2.943257 -0.705850 -0.790343
-2.064941 -0.607910 -0.391357 -4.014848 -1.181955 -0.760913
-2.332642 -1.098267 -0.700073 -4.535336 -2.135350 -1.361147
-1.420532 -0.936279 -1.133911 -2.761929 -1.820400 -2.204654
-0.211182 -0.176025 -0.822144 -0.410599 -0.342245 -1.598487
-0.100220 0.240479 -0.320801 -0.194856 0.467560 -0.623730
-0.408203 0.552734 -0.085083 -0.793666 1.074677 -0.165426
-0.304810 0.647095 -0.076050 -0.592639 1.258141 -0.147863
0.016846 0.531494 -0.270508 0.032753 1.033380 -0.525946
0.390625 0.626099 -0.420410 0.759489 1.217318 -0.817400
0.634155 0.695435 -0.460205 1.232983 1.352128 -0.894773
0.816772 0.676880 -0.477417 1.588044 1.316052 -0.928238
1.040527 0.616577 -0.449951 2.023089 1.198806 -0.874836
1.267578 0.467163 -0.348389 2.464541 0.908301 -0.677369
1.348389 0.428711 -0.213745 2.621661 0.833539 -0.415583
1.370972 0.485229 -0.101685 2.665569 0.943428 -0.197704
1.337524 0.410522 -0.049927 2.600538 0.798175 -0.097072
1.301758 0.218018 -0.135132 2.530997 0.423890 -0.262736
1.173096 0.126587 -0.173706 2.280840 0.246122 -0.337735
0.862671 0.201782 -0.170654 1.677284 0.392323 -0.331802
0.564209 0.187744 -0.146362 1.096987 0.365029 -0.284571
0.411987 0.132446 -0.138550 0.801023 0.257514 -0.269381
0.206421 0.098145 -0.100586 0.401342 0.190822 -0.195568
0.024902 0.141479 -0.042236 0.048417 0.275077 -0.082120
-0.075073 0.156006 0.047607 -0.145964 0.303321 0.092563
-0.143921 0.167480 0.093994 -0.279824 0.325631 0.182752
-0.206299 0.058228 0.109985 -0.401105 0.113211 0.213844
-0.225830 0.083740 0.084595 -0.439080 0.162815 0.164477
-0.186768 0.088013 0.068726 -0.363131 0.171122 0.133623
-0.120239 0.054932 0.061646 -0.233780 0.106803 0.119857
-0.103271 0.066528 0.025146 -0.200790 0.129350 0.048892
-0.109375 0.061157 0.002808 -0.212657 0.118907 0.005459
-0.082642 0.079834 0.003540 -0.160679 0.155221 0.006883
-0.032104 0.077637 0.005493 -0.062420 0.150948 0.010680
-0.007080 0.071167 -0.020874 -0.013766 0.138369 -0.040585
0.020752 0.028198 -0.055176 0.040348 0.054826 -0.107278
0.044312 -0.019897 -0.074097 0.086155 -0.038686 -0.144066
0.010254 0.006348 -0.071045 0.019937 0.012342 -0.138132
-0.021484 0.024658 -0.053223 -0.041772 0.047943 -0.103480
-0.028687 0.046021 -0.058838 -0.055775 0.089477 -0.114398
-0.031616 0.050659 -0.083130 -0.061471 0.098496 -0.161629
-0.025146 0.035034 -0.104980 -0.048892 0.068117 -0.204113
0.001709 0.009033 -0.114136 0.003323 0.017563 -0.221913
