-0.043335 0.424561 -0.336426 -0.084256 0.825469 -0.654110
-0.169312 0.542480 -0.103760 -0.329191 1.054740 -0.201739
-0.148315 0.478149 -0.189575 -0.288368 0.929662 -0.368589
-0.153320 0.338989 -0.216309 -0.298099 0.659094 -0.420567
-0.116577 0.200684 0.090454 -0.226660 0.390187 0.175869
0.023438 0.276611 0.228638 0.045569 0.537813 0.444538
-0.016235 0.869263 0.543945 -0.031566 1.690100 1.057588
-0.190063 0.897339 0.683350 -0.369539 1.744688 1.328631
-0.753296 0.256958 0.578369 -1.464627 0.499601 1.124518
-1.457764 0.115845 0.544434 -2.834318 0.225236 1.058538
-2.597290 -1.004761 0.962280 -5.049889 -1.953548 1.870953
-3.161743 -0.645386 1.557495 -6.147351 -1.254818 3.028225
-2.809082 2.598267 0.880371 -5.461675 5.051788 1.711698
-1.885010 2.053711 -0.971069 -3.665009 3.993013 -1.888042
-0.917847 1.321167 -1.358887 -1.784562 2.568734 -2.642072
-0.375122 1.988525 -1.156860 -0.729347 3.866273 -2.249274
0.290283 1.375244 -0.804565 0.564395 2.673876 -1.564310
1.036743 0.463013 -1.043213 2.015731 0.900232 -2.028310
1.812866 -0.035400 -1.402588 3.524740 -0.068829 -2.727040
2.386597 -0.021729 -1.328613 4.640240 -0.042247 -2.583212
2.592529 -0.230469 -1.091553 5.040633 -0.448098 -2.122297
2.491577 -0.707153 -1.100586 4.844353 -1.374912 -2.139860
2.340210 -0.518677 -1.207397 4.550051 -1.008459 -2.347533
2.395874 -0.039673 -0.807983 4.658278 -0.077136 -1.570955
2.479858 0.716187 0.037720 4.821568 1.392475 0.073338
2.444580 0.982300 -0.115601 4.752976 1.909877 -0.224761
1.567871 0.266602 -0.059204 3.048399 0.518351 -0.115110
0.600830 -0.010864 0.332764 1.168189 -0.021123 0.646990
-0.063110 0.138428 0.833984 -0.122705 0.269144 1.621509
-0.422363 0.012817 1.176147 -0.821197 0.024921 2.286774
-0.587036 -0.308838 1.404419 -1.141369 -0.600471 2.730600
-0.846191 -0.774292 1.305054 -1.645243 -1.505449 2.537405
-0.995605 -0.557861 1.238647 -1.935747 -1.084645 2.408292
-1.344238 -0.024292 0.793091 -2.613591 -0.047231 1.542000
-1.640259 -0.161499 0.317261 -3.189142 -0.314001 0.616847
-1.521606 -0.328369 0.071899 -2.958447 -0.638445 0.139793
-1.376343 -0.332520 -0.282593 -2.676012 -0.646515 -0.549443
-1.086548 -0.470337 -0.274292 -2.112566 -0.914472 -0.533304
-0.708618 -0.394409 -0.145386 -1.377760 -0.766846 -0.282672
-0.618530 -0.157959 -0.083008 -1.202603 -0.307118 -0.161391
-0.533203 -0.079468 -0.086670 -1.036702 -0.154509 -0.168512
-0.337769 -0.116577 -0.136108 -0.656721 -0.226660 -0.264634
-0.184204 -0.147095 -0.174683 -0.358146 -0.285995 -0.339634
-0.087646 -0.137085 -0.198730 -0.170410 -0.266533 -0.386390
-0.096313 0.074097 -0.244629 -0.187261 0.144066 -0.475630
-0.163452 0.238281 -0.222046 -0.317799 0.463288 -0.431722
-0.185547 0.090210 -0.085327 -0.360757 0.175394 -0.165901
-0.080933 -0.052979 -0.102783 -0.157357 -0.103006 -0.199841
-0.020020 0.017822 -0.177246 -0.038924 0.034652 -0.344618
-0.022461 0.082031 -0.143066 -0.043671 0.159493 -0.278163
-0.027832 0.070679 -0.117554 -0.054114 0.137420 -0.228559
0.011963 0.007080 -0.164307 0.023259 0.013766 -0.319460
-0.005859 -0.039063 -0.195923 -0.011392 -0.075949 -0.380931
-0.030518 -0.039551 -0.150024 -0.059335 -0.076898 -0.291691
-0.004395 -0.015137 -0.046875 -0.008544 -0.029430 -0.091139
0.026001 -0.021851 -0.035522 0.050553 -0.042484 -0.069066
-0.016357 -0.030151 -0.146973 -0.031804 -0.058623 -0.285758
0.007324 -0.059448 -0.143433 0.014240 -0.115585 -0.278875
0.114014 -0.053467 -0.093628 0.221676 -0.103955 -0.182040
0.112183 0.009521 -0.103027 0.218116 0.018513 -0.200315
-0.037231 0.116699 -0.120850 -0.072389 0.226897 -0.234967
-0.078491 0.062622 -0.097534 -0.152610 0.121756 -0.189635
0.059814 -0.057251 -0.090332 0.116297 -0.111313 -0.175632
0.095215 -0.071167 -0.101318 0.185125 -0.138369 -0.196992
-0.028198 0.043823 -0.105713 -0.054826 0.085205 -0.205537
-0.099976 0.089600 -0.096802 -0.194382 0.174208 -0.188211
-0.035767 0.074829 -0.086548 -0.069541 0.145490 -0.168274
-0.066895 0.037476 -0.125488 -0.130062 0.072863 -0.243986
-0.032471 0.021729 -0.113892 -0.063133 0.042247 -0.221438
-0.012573 0.031128 -0.103394 -0.024446 0.060522 -0.201027
0.003662 0.060425 -0.125732 0.007120 0.117483 -0.244460
-0.025757 0.183594 -0.208740 -0.050079 0.356960 -0.405852
-0.101563 0.128784 -0.166382 -0.197467 0.250394 -0.323495
0.006592 0.091064 -0.141479 0.012816 0.177056 -0.275077
0.118774 -0.000610 -0.178955 0.230932 -0.001187 -0.347941
0.075073 0.013428 -0.210571 0.145964 0.026107 -0.409412
0.031860 0.064087 -0.172241 0.061946 0.124604 -0.334887
0.050415 0.055420 -0.168823 0.098022 0.107752 -0.328242
0.083862 0.035278 -0.185425 0.163053 0.068591 -0.360520
0.118164 -0.006958 -0.174072 0.229745 -0.013528 -0.338447
