-0.158447 0.175781 -0.111816 -0.308068 0.341770 -0.217404
-0.103271 0.050049 -0.082397 -0.200790 0.097310 -0.160205
-0.076294 0.107544 -0.242554 -0.148338 0.209097 -0.471595
-0.119629 -0.144043 -0.389404 -0.232593 -0.280062 -0.757115
-0.132813 -0.274658 -0.286987 -0.258226 -0.534016 -0.557987
-0.078369 -0.473389 -0.163452 -0.152372 -0.920406 -0.317799
0.070679 -0.354004 -0.043335 0.137420 -0.688287 -0.084256
0.037842 -0.078613 0.063232 0.073575 -0.152847 0.122942
-0.124512 0.484131 0.026978 -0.242087 0.941292 0.052452
-0.440918 0.112793 -0.142212 -0.857273 0.219302 -0.276501
-0.461182 -0.017578 -0.125977 -0.896672 -0.034177 -0.244935
-0.427856 0.043823 -0.070190 -0.831878 0.085205 -0.136471
-0.534546 0.167114 -0.046143 -1.039313 0.324919 -0.089715
-0.778198 0.148560 -0.079590 -1.513044 0.288843 -0.154746
-0.985107 -0.256470 -0.140503 -1.915336 -0.498652 -0.273179
-1.317871 -0.172485 0.076416 -2.562326 -0.335362 0.148575
-1.409302 0.109253 0.015137 -2.740093 0.212420 0.029430
-1.249756 0.131714 -0.252930 -2.429890 0.256090 -0.491769
-1.100586 0.140991 -0.328613 -2.139860 0.274128 -0.638920
-0.997803 0.426025 -0.155029 -1.940019 0.828318 -0.301422
-0.549072 0.447632 -0.101685 -1.067557 0.870327 -0.197704
-0.053955 0.124146 -0.167847 -0.104904 0.241375 -0.326343
0.367188 -0.062988 -0.355835 0.713920 -0.122468 -0.691847
0.642578 -0.065430 -0.419067 1.249359 -0.127214 -0.814789
0.818604 0.001343 -0.422363 1.591604 0.002611 -0.821197
0.958008 0.008545 -0.441650 1.862647 0.016614 -0.858697
1.064087 -0.028198 -0.457153 2.068895 -0.054826 -0.888839
1.140259 -0.029785 -0.492310 2.216996 -0.057911 -0.957193
1.156006 -0.046997 -0.533325 2.247612 -0.091376 -1.036940
1.099365 -0.074097 -0.572754 2.137487 -0.144066 -1.113601
0.907959 -0.128052 -0.536133 1.765337 -0.248970 -1.042399
0.708008 -0.107422 -0.483521 1.376574 -0.208859 -0.940105
0.609253 -0.055298 -0.439697 1.184565 -0.107515 -0.854900
0.479980 -0.033936 -0.419067 0.933222 -0.065981 -0.814789
0.354004 -0.016357 -0.419312 0.688287 -0.031804 -0.815264
0.164917 -0.062378 -0.387939 0.320647 -0.121281 -0.754267
-0.016968 -0.100830 -0.304199 -0.032990 -0.196043 -0.591452
-0.163086 -0.083008 -0.221680 -0.317087 -0.161391 -0.431010
-0.310913 -0.055054 -0.168701 -0.604506 -0.107040 -0.328004
-0.479004 0.008179 -0.146729 -0.931323 0.015902 -0.285283
-0.653320 0.010864 -0.128540 -1.270245 0.021123 -0.249919
-0.761353 -0.074219 -0.088257 -1.480291 -0.144303 -0.171597
-0.865112 -0.114746 -0.045898 -1.682031 -0.223100 -0.089240
-1.016968 -0.092163 -0.010254 -1.977282 -0.179192 -0.019937
-1.117798 -0.018188 -0.001953 -2.173325 -0.035364 -0.003797
-1.164429 0.035034 -0.049438 -2.263989 0.068117 -0.096123
-1.203857 0.026978 -0.085449 -2.340650 0.052452 -0.166138
-1.196899 0.023560 -0.226074 -2.327121 0.045807 -0.439554
-1.091797 -0.055176 -0.258057 -2.122772 -0.107278 -0.501737
-0.857178 0.033691 -0.201050 -1.666603 0.065506 -0.390899
-0.664063 0.201172 -0.181396 -1.291131 0.391137 -0.352688
-0.423218 0.195435 -0.206909 -0.822859 0.379982 -0.402292
-0.080811 0.136108 -0.271362 -0.157119 0.264634 -0.527607
0.266968 0.101685 -0.350220 0.519063 0.197704 -0.680929
0.509888 0.144775 -0.371094 0.991370 0.281486 -0.721514
0.677246 0.211792 -0.406250 1.316764 0.411785 -0.789868
0.828369 0.222900 -0.437134 1.610591 0.433383 -0.849916
0.976318 0.125000 -0.457886 1.898248 0.243036 -0.890263
1.039063 0.007568 -0.474854 2.020241 0.014715 -0.923254
0.977173 -0.100342 -0.468384 1.899909 -0.195094 -0.910675
0.822144 -0.064331 -0.405884 1.598487 -0.125078 -0.789156
0.673706 0.038818 -0.304443 1.309881 0.075474 -0.591927
0.587891 0.037842 -0.234375 1.143031 0.073575 -0.455693
0.568359 -0.022095 -0.241943 1.105056 -0.042959 -0.470408
0.508911 -0.064575 -0.260742 0.989472 -0.125553 -0.506959
0.399048 -0.092773 -0.229248 0.775865 -0.180379 -0.445725
0.312256 -0.098022 -0.171143 0.607116 -0.190584 -0.332751
0.239624 -0.056885 -0.130493 0.465899 -0.110601 -0.253717
0.219116 -0.035400 -0.119263 0.426026 -0.068829 -0.231881
0.173340 -0.021606 -0.126221 0.337023 -0.042009 -0.245410
0.102417 -0.031128 -0.117310 0.199128 -0.060522 -0.228084
0.051147 -0.017090 -0.083862 0.099446 -0.033228 -0.163053
-0.001831 0.021484 -0.050781 -0.003560 0.041772 -0.098734
-0.012329 -0.003296 -0.025391 -0.023971 -0.006408 -0.049367
-0.033569 -0.033081 -0.030518 -0.065269 -0.064319 -0.059335
-0.086182 -0.007446 -0.034790 -0.167562 -0.014478 -0.067642
-0.117310 0.034912 -0.030029 -0.228084 0.067879 -0.058386
-0.146973 0.024536 -0.015259 -0.285758 0.047705 -0.029668
-0.179443 0.033936 0.007202 -0.348890 0.065981 0.014003
-0.204590 0.059937 0.009277 -0.397782 0.116534 0.018038
