0.002197 0.041748 -0.089111 0.004272 0.081170 -0.173258
-0.043823 0.062012 -0.084351 -0.085205 0.120569 -0.164002
-0.187256 0.014893 -0.080811 -0.364080 0.028956 -0.157119
-0.410767 0.010498 -0.072266 -0.798650 0.020411 -0.140505
-0.903931 0.337891 -0.138428 -1.757505 0.656958 -0.269144
-0.840332 0.701660 -0.217163 -1.633851 1.364232 -0.422228
-0.376465 -0.029663 -0.035645 -0.731957 -0.057674 -0.069303
-0.390137 0.018677 0.186646 -0.758540 0.036313 0.362893
-0.341064 0.626465 0.614380 -0.663129 1.218030 1.194534
-0.215210 0.353149 0.416626 -0.418431 0.686625 0.810042
0.165527 0.126709 0.304932 0.321833 0.246359 0.592876
0.648682 0.156372 0.334473 1.261226 0.304033 0.650312
0.951538 -0.026978 0.443848 1.850067 -0.052452 0.862969
0.953125 -0.154907 0.501831 1.853153 -0.301185 0.975706
0.951782 -0.457275 0.340088 1.850542 -0.889077 0.661230
1.226929 -0.542114 0.282959 2.385507 -1.054028 0.550155
1.372559 -0.411743 0.251587 2.668654 -0.800549 0.489158
0.878784 -0.407593 0.141479 1.708613 -0.792479 0.275077
0.566528 -0.422852 0.036377 1.101496 -0.822147 0.070727
0.515381 -0.388550 -0.003906 1.002051 -0.755454 -0.007595
0.505493 -0.266235 -0.011597 0.982826 -0.517639 -0.022547
0.449951 -0.083252 -0.103760 0.874836 -0.161866 -0.201739
0.101563 -0.049683 -0.277588 0.197467 -0.096597 -0.539712
-0.178467 -0.038330 -0.339966 -0.346992 -0.074525 -0.660993
-0.382690 0.039673 -0.327515 -0.744062 0.077136 -0.636784
-0.584839 0.129517 -0.311035 -1.137097 0.251818 -0.604743
-0.847046 0.222290 -0.327026 -1.646904 0.432197 -0.635835
-1.185425 0.271973 -0.390259 -2.304811 0.528794 -0.758777
-1.483643 0.226074 -0.448120 -2.884634 0.439554 -0.871276
-1.721558 0.373047 -0.546875 -3.347210 0.725312 -1.063285
-1.850708 0.530884 -0.639404 -3.598316 1.032193 -1.243188
-2.002563 0.350952 -0.583984 -3.893567 0.682353 -1.135436
-1.590698 -0.021606 -0.140259 -3.092781 -0.042009 -0.272704
-0.820557 -0.263184 0.187744 -1.595401 -0.511706 0.365029
-0.484985 -0.129395 0.381104 -0.942953 -0.251581 0.740976
-0.219849 0.055054 0.366821 -0.427450 0.107040 0.713208
0.244019 -0.109253 0.123657 0.474443 -0.212420 0.240426
0.869385 -0.333496 -0.193848 1.690338 -0.648414 -0.376896
1.274170 -0.394775 -0.268433 2.477358 -0.767558 -0.521911
1.495361 -0.327881 -0.282715 2.907418 -0.637496 -0.549680
1.510864 -0.412598 -0.346558 2.937561 -0.802210 -0.673809
1.489014 -0.501221 -0.402588 2.895077 -0.974519 -0.782748
1.533447 -0.489624 -0.463135 2.981469 -0.951972 -0.900469
1.281372 -0.383545 -0.486694 2.491361 -0.745723 -0.946276
1.039063 -0.329224 -0.490845 2.020241 -0.640107 -0.954345
0.715454 -0.331055 -0.603394 1.391051 -0.643667 -1.173173
0.356079 -0.286499 -0.578247 0.692322 -0.557038 -1.124281
0.121704 -0.154175 -0.576660 0.236628 -0.299761 -1.121196
-0.007080 0.076416 -0.627686 -0.013766 0.148575 -1.220404
-0.286255 0.206177 -0.779053 -0.556563 0.400868 -1.514706
-0.549927 0.116577 -0.941650 -1.069218 0.226660 -1.830843
-0.664917 0.014282 -1.061523 -1.292793 0.027769 -2.063911
-1.031372 0.070557 -1.186646 -2.005288 0.137183 -2.307185
-1.550781 0.217529 -1.217285 -3.015171 0.422940 -2.366757
-2.016602 0.423584 -1.176758 -3.920861 0.823571 -2.287960
-2.405762 0.241699 -1.055786 -4.677502 0.469934 -2.052756
-1.814209 -0.138794 -0.606812 -3.527351 -0.269856 -1.179819
-0.728027 0.045776 -0.346802 -1.415497 0.089003 -0.674284
-0.213013 0.254517 -0.379272 -0.414159 0.494854 -0.737416
0.214844 0.153931 -0.170532 0.417719 0.299286 -0.331564
0.619507 0.151489 -0.066895 1.204502 0.294539 -0.130062
0.793945 0.225952 0.003174 1.543661 0.439317 0.006171
0.645874 0.149292 0.080811 1.255767 0.290267 0.157119
0.444824 0.050293 -0.026855 0.864868 0.097784 -0.052215
0.299072 -0.001587 -0.077759 0.581484 -0.003085 -0.151186
0.149170 0.108032 -0.063843 0.290030 0.210046 -0.124129
0.058350 0.164307 -0.168579 0.113449 0.319460 -0.327767
-0.026367 0.077393 -0.173584 -0.051266 0.150474 -0.337498
-0.097656 0.069824 -0.123657 -0.189872 0.135759 -0.240426
-0.118408 0.093018 -0.098999 -0.230220 0.180853 -0.192483
-0.145020 0.050903 -0.067749 -0.281960 0.098971 -0.131724
-0.207520 0.013550 -0.065552 -0.403478 0.026345 -0.127452
-0.210693 -0.001221 -0.106079 -0.409649 -0.002373 -0.206249
-0.143555 -0.006226 -0.103638 -0.279112 -0.012104 -0.201502
-0.086426 -0.011597 -0.082520 -0.168037 -0.022547 -0.160442
-0.060547 0.004761 -0.090820 -0.117721 0.009256 -0.176581
-0.030029 0.015747 -0.111938 -0.058386 0.030617 -0.217641
-0.014160 0.012207 -0.154663 -0.027531 0.023734 -0.300710
-0.005737 -0.009521 -0.161499 -0.011155 -0.018513 -0.314001
-0.013062 -0.000610 -0.140869 -0.025395 -0.001187 -0.273891
