-0.269043 -0.143311 -0.377808 -0.523098 -0.278637 -0.734568
-0.319092 -0.223511 0.046997 -0.620408 -0.434570 0.091376
-0.424561 0.053223 0.170776 -0.825469 0.103480 0.332039
-0.380615 0.039795 -0.067871 -0.740027 0.077373 -0.131961
-0.239624 0.153809 -0.315308 -0.465899 0.299049 -0.613050
-0.229492 0.893677 -0.235107 -0.446200 1.737568 -0.457117
-0.520752 0.687378 -0.221069 -1.012494 1.336463 -0.429823
-0.884033 -0.311768 -0.146240 -1.718818 -0.606167 -0.284334
-1.226563 -0.161987 -0.168823 -2.384795 -0.314951 -0.328242
-1.629517 0.360107 -0.286865 -3.168256 0.700154 -0.557750
-1.632080 0.167236 -0.291748 -3.173240 0.325156 -0.567243
-1.225220 -0.010376 -0.515503 -2.382185 -0.020174 -1.002288
-0.721313 0.028809 -0.470947 -1.402444 0.056012 -0.915659
-0.300049 -0.201782 -0.478760 -0.583382 -0.392323 -0.930849
0.134521 -0.219360 -0.451660 0.261549 -0.426500 -0.878159
0.564331 -0.237061 -0.409790 1.097224 -0.460915 -0.796751
1.174805 -0.484131 -0.453247 2.284163 -0.941292 -0.881244
2.019531 -0.741211 -0.482422 3.926558 -1.441130 -0.937969
2.130737 -0.692871 -0.438477 4.142775 -1.347143 -0.852526
1.870483 -0.297241 -0.323120 3.636765 -0.577924 -0.628240
1.575928 -0.006836 -0.410767 3.064063 -0.013291 -0.798650
0.753540 0.383179 -0.537720 1.465102 0.745011 -1.045484
0.116943 0.382935 -0.535400 0.227372 0.744536 -1.040974
-0.194824 0.234985 -0.442139 -0.378795 0.456880 -0.859646
-0.325195 0.259277 -0.407959 -0.632275 0.504111 -0.793191
-0.322388 0.443481 -0.463379 -0.626816 0.862257 -0.900944
-0.428955 0.319214 -0.387939 -0.834014 0.620645 -0.754267
-0.646118 0.106445 -0.250977 -1.256242 0.206961 -0.487972
-0.928223 0.132080 -0.264771 -1.804736 0.256802 -0.514791
-1.345581 0.255493 -0.278687 -2.616202 0.496753 -0.541848
-1.591431 0.121338 -0.238770 -3.094205 0.235916 -0.464238
-1.318726 0.191650 -0.351807 -2.563987 0.372624 -0.684015
-1.269653 0.259521 -0.534668 -2.468576 0.504585 -1.039550
-1.205566 0.346069 -0.584473 -2.343973 0.672860 -1.136385
-1.074585 0.235840 -0.628418 -2.089307 0.458541 -1.221828
-0.776367 0.040894 -0.512695 -1.509484 0.079509 -0.996829
-0.279053 -0.085205 -0.263794 -0.542560 -0.165664 -0.512892
0.239502 -0.158203 -0.184814 0.465662 -0.307593 -0.359333
0.694214 -0.172607 -0.280273 1.349754 -0.335599 -0.544933
1.023438 -0.187866 -0.363281 1.989861 -0.365267 -0.706325
1.215088 -0.124146 -0.428101 2.362485 -0.241375 -0.832352
1.020874 0.021362 -0.426514 1.984877 0.041535 -0.829267
1.006104 0.054321 -0.448853 1.956159 0.105616 -0.872700
1.064087 0.064087 -0.462769 2.068895 0.124604 -0.899757
0.867798 0.049072 -0.381592 1.687252 0.095411 -0.741926
0.557861 0.025391 -0.265869 1.084645 0.049367 -0.516927
0.586426 -0.147217 -0.204102 1.140183 -0.286232 -0.396833
0.409180 -0.192871 -0.212524 0.795565 -0.374998 -0.413209
-0.223389 0.099243 -0.116455 -0.434333 0.192958 -0.226423
-0.289429 0.080811 -0.064697 -0.562734 0.157119 -0.125790
-0.120239 -0.096802 -0.130127 -0.233780 -0.188211 -0.253005
-0.092041 -0.126465 -0.085815 -0.178955 -0.245885 -0.166850
-0.088745 -0.081055 -0.088745 -0.172546 -0.157594 -0.172546
-0.141113 -0.024536 -0.105957 -0.274365 -0.047705 -0.206011
-0.117554 0.005005 -0.124634 -0.228559 0.009731 -0.242324
-0.112793 0.008667 -0.141724 -0.219302 0.016851 -0.275552
-0.051392 0.009399 -0.161865 -0.099920 0.018275 -0.314713
0.033325 0.030396 -0.178711 0.064794 0.059098 -0.347466
0.011963 0.080933 -0.129517 0.023259 0.157357 -0.251818
-0.024536 0.074707 -0.103149 -0.047705 0.145252 -0.200553
-0.019287 0.015991 -0.131836 -0.037500 0.031092 -0.256328
-0.056274 0.005127 -0.136841 -0.109414 0.009968 -0.266058
-0.071411 -0.028442 -0.151123 -0.138844 -0.055300 -0.293827
-0.070313 -0.004883 -0.122314 -0.136708 -0.009494 -0.237815
-0.069092 0.052734 -0.106567 -0.134335 0.102531 -0.207198
0.009521 -0.020752 -0.118286 0.018513 -0.040348 -0.229983
0.080811 -0.067505 -0.103760 0.157119 -0.131249 -0.201739
0.077759 -0.029541 -0.080078 0.151186 -0.057436 -0.155695
0.021729 0.034790 -0.076172 0.042247 0.067642 -0.148100
-0.034302 0.064941 -0.094604 -0.066693 0.126265 -0.183939
-0.032104 0.044800 -0.114624 -0.062420 0.087104 -0.222863
-0.003174 0.003906 -0.128418 -0.006171 0.007595 -0.249682
0.014648 -0.001465 -0.115601 0.028481 -0.002848 -0.224761
0.017212 0.012329 -0.105591 0.033465 0.023971 -0.205299
0.017578 0.022339 -0.095825 0.034177 0.043433 -0.186312
0.003784 0.044922 -0.078003 0.007358 0.087341 -0.151660
-0.034180 0.060547 -0.083740 -0.066455 0.117721 -0.162815
-0.059937 0.059692 -0.066040 -0.116534 0.116059 -0.128401
-0.061401 0.031128 -0.036621 -0.119382 0.060522 -0.071202
-0.045654 0.012573 -0.056274 -0.088765 0.024446 -0.109414
