-0.204102 0.130127 -0.164063 -0.396833 0.253005 -0.318985
-0.276489 0.204346 -0.190796 -0.537576 0.397308 -0.370963
-0.378662 0.253052 -0.085693 -0.736230 0.492006 -0.166613
-0.495361 -0.073730 -0.175903 -0.963127 -0.143354 -0.342007
-0.549316 -0.709473 -0.306152 -1.068031 -1.379422 -0.595249
-0.718384 -0.731445 -0.350464 -1.396748 -1.422143 -0.681404
-0.909668 0.656128 -0.280273 -1.768660 1.275704 -0.544933
-1.508301 1.362305 -0.177490 -2.932577 2.648718 -0.345093
-2.380005 0.070923 -0.225342 -4.627424 0.137895 -0.438130
-2.183716 0.017944 -0.455444 -4.245780 0.034889 -0.885517
-1.606812 0.021973 -0.569824 -3.124110 0.042721 -1.107904
-1.494019 -0.137695 -0.428101 -2.904808 -0.267720 -0.832352
-1.239746 -0.051514 -0.359497 -2.410428 -0.100158 -0.698967
-0.491699 0.244873 -0.265137 -0.956007 0.476105 -0.515503
0.468872 0.231567 -0.278809 0.911624 0.450235 -0.542085
1.083374 -0.112671 -0.396484 2.106395 -0.219065 -0.770881
1.403198 -0.169800 -0.521362 2.728227 -0.330140 -1.013680
1.573975 0.021362 -0.488647 3.060266 0.041535 -0.950073
1.695557 0.191284 -0.337891 3.296657 0.371912 -0.656958
1.554810 0.286865 -0.155029 3.023003 0.557750 -0.301422
1.338989 0.204590 -0.076538 2.603386 0.397782 -0.148812
1.061279 0.102295 -0.126587 2.063437 0.198891 -0.246122
0.781250 0.013428 -0.178467 1.518978 0.026107 -0.346992
0.562500 -0.044189 -0.153931 1.093664 -0.085917 -0.299286
0.298706 -0.057983 -0.180298 0.580772 -0.112737 -0.350552
0.071655 -0.043701 -0.259277 0.139319 -0.084968 -0.504111
-0.180664 -0.102173 -0.328979 -0.351264 -0.198654 -0.639632
-0.525146 -0.139404 -0.374023 -1.021038 -0.271043 -0.727211
-0.873047 -0.222168 -0.412720 -1.697458 -0.431959 -0.802447
-1.067993 -0.244141 -0.463257 -2.076490 -0.474681 -0.900706
-1.461060 -0.037598 -0.635620 -2.840726 -0.073101 -1.235831
-1.941406 0.144775 -0.690674 -3.774660 0.281486 -1.342871
-1.986450 0.142700 -0.585938 -3.862238 0.277451 -1.139233
-1.528320 0.206177 -0.557251 -2.971500 0.400868 -1.083458
-0.930420 0.202637 -0.474487 -1.809008 0.393985 -0.922542
-0.348145 0.061890 -0.468018 -0.676894 0.120332 -0.909963
0.294678 0.008911 -0.319214 0.572939 0.017326 -0.620645
0.718628 0.002197 -0.306152 1.397222 0.004272 -0.595249
1.024048 0.087524 -0.310181 1.991048 0.170173 -0.603082
1.178467 0.183350 -0.282471 2.291283 0.356485 -0.549205
1.168945 0.202759 -0.253174 2.272771 0.394222 -0.492244
1.256836 0.117554 -0.220337 2.443655 0.228559 -0.428399
1.344604 0.045776 -0.153076 2.614303 0.089003 -0.297625
1.107666 0.049438 -0.267212 2.153626 0.096123 -0.519538
0.699341 0.059326 -0.268799 1.359722 0.115347 -0.522623
0.471069 0.023926 -0.225952 0.915896 0.046519 -0.439317
0.204590 -0.001221 -0.234497 0.397782 -0.002373 -0.455931
0.007690 -0.035400 -0.244995 0.014952 -0.068829 -0.476342
-0.103027 -0.052490 -0.238403 -0.200315 -0.102056 -0.463526
-0.173340 0.015015 -0.239014 -0.337023 0.029193 -0.464712
-0.212524 0.056396 -0.230591 -0.413209 0.109651 -0.448336
-0.277832 0.105957 -0.225830 -0.540186 0.206011 -0.439080
-0.227661 0.088379 -0.243652 -0.442640 0.171834 -0.473731
-0.199951 0.053345 -0.234863 -0.388763 0.103718 -0.456643
-0.192017 0.030884 -0.159302 -0.373336 0.060047 -0.309729
-0.192871 0.009766 -0.118652 -0.374998 0.018987 -0.230695
-0.185181 0.017212 -0.113525 -0.360045 0.033465 -0.220726
-0.151367 0.025146 -0.116089 -0.294302 0.048892 -0.225711
-0.104004 -0.002808 -0.112061 -0.202214 -0.005459 -0.217878
-0.041138 0.013306 -0.140015 -0.079984 0.025870 -0.272229
-0.008179 0.007813 -0.183472 -0.015902 0.015190 -0.356722
-0.008545 0.020386 -0.177734 -0.016614 0.039636 -0.345567
-0.031372 0.000732 -0.136230 -0.060996 0.001424 -0.264872
-0.056641 -0.010620 -0.114380 -0.110126 -0.020649 -0.222388
-0.040771 -0.022095 -0.114258 -0.079272 -0.042959 -0.222151
-0.030029 -0.037354 -0.114380 -0.058386 -0.072626 -0.222388
-0.037109 0.008911 -0.116333 -0.072151 0.017326 -0.226185
-0.035278 0.032593 -0.116943 -0.068591 0.063370 -0.227372
-0.018066 0.015259 -0.100952 -0.035126 0.029668 -0.196280
-0.015015 0.011353 -0.098511 -0.029193 0.022073 -0.191534
-0.014282 0.004395 -0.094971 -0.027769 0.008544 -0.184651
0.007690 0.000854 -0.097168 0.014952 0.001661 -0.188923
0.027710 -0.010254 -0.090210 0.053876 -0.019937 -0.175394
0.029053 0.011841 -0.091187 0.056487 0.023022 -0.177293
0.004883 0.032593 -0.110229 0.009494 0.063370 -0.214318
-0.017212 0.039551 -0.124390 -0.033465 0.076898 -0.241850
-0.010864 0.011597 -0.122681 -0.021123 0.022547 -0.238527
-0.006714 0.022949 -0.145508 -0.013054 0.044620 -0.282910
-0.012573 0.024170 -0.155151 -0.024446 0.046993 -0.301659
-0.017212 0.016846 -0.148438 -0.033465 0.032753 -0.288606
