0.291504 -0.089111 0.265259 0.566769 -0.173258 0.515740
0.201050 -0.087158 0.569336 0.390899 -0.169461 1.106955
-0.042603 -0.026855 0.596191 -0.082832 -0.052215 1.159170
-0.156006 0.057739 0.324951 -0.303321 0.112262 0.631800
-0.218994 0.254150 0.045898 -0.425788 0.494142 0.089240
-0.433960 -0.007935 -0.153076 -0.843745 -0.015427 -0.297625
-0.653076 -0.338013 -0.312622 -1.269771 -0.657195 -0.607828
-0.526489 -0.150635 -0.403564 -1.023649 -0.292878 -0.784647
-0.500000 0.335938 -0.472290 -0.972146 0.653160 -0.918270
-0.733643 0.381958 -0.566650 -1.426415 0.742638 -1.101734
-0.983887 0.226318 -0.542847 -1.912963 0.440029 -1.055452
-1.197388 0.341309 -0.458862 -2.328071 0.663603 -0.892162
-1.600586 0.682129 -0.515747 -3.112006 1.326257 -1.002763
-2.348267 1.001831 -0.785278 -4.565715 1.947852 -1.526810
-2.414917 1.223755 -0.886963 -4.695303 2.379336 -1.724514
-1.169922 0.314209 -0.440430 -2.274669 0.610914 -0.856324
-0.104248 0.255005 -0.160034 -0.202689 0.495804 -0.311153
0.236328 0.152710 0.055786 0.459491 0.296913 0.108465
0.404663 0.081055 0.220459 0.786783 0.157594 0.428637
0.616699 0.018188 0.121460 1.199043 0.035364 0.236154
0.892334 -0.173828 0.080444 1.734957 -0.337973 0.156407
1.311646 -0.277222 0.001343 2.550221 -0.539000 0.002611
1.620361 -0.306030 -0.073608 3.150455 -0.595012 -0.143116
1.604370 -0.396362 -0.104492 3.119363 -0.770644 -0.203163
1.447632 -0.405640 -0.066528 2.814618 -0.788682 -0.129350
1.201904 -0.313965 0.076416 2.336853 -0.610439 0.148575
1.079468 -0.067505 0.142212 2.098800 -0.131249 0.276501
0.982300 -0.090454 0.017822 1.909877 -0.175869 0.034652
0.727661 -0.106934 -0.140015 1.414785 -0.207910 -0.272229
0.426880 -0.104736 -0.215820 0.829979 -0.203638 -0.419618
0.187378 -0.019653 -0.268188 0.364317 -0.038212 -0.521437
-0.030884 0.030029 -0.399902 -0.060047 0.058386 -0.777527
-0.385498 -0.018433 -0.512451 -0.749521 -0.035838 -0.996355
-0.717407 0.011108 -0.651855 -1.394849 0.021598 -1.267397
-0.977051 0.112549 -0.744141 -1.899672 0.218828 -1.446826
-1.115723 0.186890 -0.817139 -2.169290 0.363368 -1.588756
-1.378540 0.224121 -0.926880 -2.680284 0.435757 -1.802125
-1.817017 0.071899 -1.053101 -3.532810 0.139793 -2.047535
-2.107910 -0.100708 -0.933350 -4.098392 -0.195806 -1.814704
-1.903809 -0.094482 -0.646484 -3.701559 -0.183701 -1.256954
-0.910278 0.237183 -0.231079 -1.769847 0.461152 -0.449285
-0.349121 0.388916 -0.005737 -0.678793 0.756166 -0.011155
-0.374512 0.203369 -0.023315 -0.728160 0.395409 -0.045332
-0.121216 -0.046387 0.035767 -0.235679 -0.090189 0.069541
0.059692 -0.125854 0.028320 0.116059 -0.244698 0.055063
0.160278 -0.143066 0.054932 0.311628 -0.278163 0.106803
0.218384 -0.122314 0.089600 0.424602 -0.237815 0.174208
0.189209 -0.072021 0.069336 0.367877 -0.140031 0.134809
0.135986 -0.055298 0.018311 0.264397 -0.107515 0.035601
0.068481 -0.056274 -0.032227 0.133148 -0.109414 -0.062658
0.020020 -0.088257 -0.058960 0.038924 -0.171597 -0.114635
0.035522 -0.049438 -0.057739 0.069066 -0.096123 -0.112262
0.046631 -0.017334 -0.042969 0.090664 -0.033702 -0.083544
0.042847 0.004150 -0.033081 0.083306 0.008070 -0.064319
0.032349 -0.001831 -0.038086 0.062895 -0.003560 -0.074050
0.028198 -0.009766 -0.041748 0.054826 -0.018987 -0.081170
0.035278 -0.035889 -0.036499 0.068591 -0.069778 -0.070965
0.012085 -0.049194 -0.035522 0.023497 -0.095648 -0.069066
-0.000244 -0.044556 -0.051147 -0.000475 -0.086629 -0.099446
0.007202 -0.027832 -0.074097 0.014003 -0.054114 -0.144066
0.003418 -0.042236 -0.097778 0.006646 -0.082120 -0.190110
-0.009766 -0.067627 -0.091553 -0.018987 -0.131487 -0.178005
-0.001343 -0.043579 -0.089600 -0.002611 -0.084730 -0.174208
0.012451 -0.026367 -0.093628 0.024209 -0.051266 -0.182040
0.030884 -0.021973 -0.096924 0.060047 -0.042721 -0.188448
0.038574 -0.037598 -0.092773 0.075000 -0.073101 -0.180379
0.046509 -0.049683 -0.077393 0.090427 -0.096597 -0.150474
0.056885 -0.068726 -0.054810 0.110601 -0.133623 -0.106566
0.062012 -0.065796 -0.035767 0.120569 -0.127926 -0.069541
0.060303 -0.059448 -0.035889 0.117246 -0.115585 -0.069778
0.055908 -0.053833 -0.039185 0.108702 -0.104667 -0.076186
0.040527 -0.059204 -0.051392 0.078797 -0.115110 -0.099920
0.035156 -0.063965 -0.059937 0.068354 -0.124366 -0.116534
0.038574 -0.045410 -0.069580 0.075000 -0.088291 -0.135284
0.041138 -0.023926 -0.063354 0.079984 -0.046519 -0.123180
0.020630 0.003540 -0.071167 0.040111 0.006883 -0.138369
-0.013428 0.007202 -0.078857 -0.026107 0.014003 -0.153322
-0.006348 0.016357 -0.095947 -0.012342 0.031804 -0.186549
0.009521 0.013550 -0.104248 0.018513 0.026345 -0.202689
-0.016846 0.004028 -0.119995 -0.032753 0.007832 -0.233305
