0.216919 -0.045288 -0.133179 0.421754 -0.088053 -0.258938
-0.076172 0.018555 -0.066650 -0.148100 0.036076 -0.129588
-0.103149 0.180176 0.013184 -0.200553 0.350314 0.025633
-0.197998 0.079224 0.177124 -0.384966 0.154034 0.344381
-0.290527 -0.211670 0.354736 -0.564870 -0.411548 0.689711
-0.414307 -0.398682 0.434814 -0.805533 -0.775153 0.845406
-0.881836 -0.155029 0.393555 -1.714546 -0.301422 0.765185
-1.202759 -0.171143 0.170166 -2.338514 -0.332751 0.330852
-1.612427 -0.065552 0.013306 -3.135028 -0.127452 0.025870
-1.738037 1.349365 0.034790 -3.379251 2.623559 0.067642
-1.582397 0.332153 -0.427124 -3.076642 0.645803 -0.830454
-1.139282 0.218384 -0.696289 -2.215097 0.424602 -1.353789
-0.707764 0.317017 -0.983276 -1.376099 0.616373 -1.911776
-0.165894 0.227051 -1.101929 -0.322545 0.441453 -2.142471
0.487305 0.129883 -1.184692 0.947462 0.252530 -2.303387
1.165649 0.155762 -1.231567 2.266362 0.302846 -2.394526
1.375732 0.119751 -1.029297 2.674825 0.232831 -2.001253
1.511230 -0.144409 -0.796875 2.938273 -0.280774 -1.549357
1.721924 -0.369995 -0.605469 3.347922 -0.719378 -1.177208
1.851685 -0.309937 -0.437988 3.600215 -0.602607 -0.851577
1.686523 -0.053711 -0.229004 3.279093 -0.104430 -0.445250
1.401367 0.283203 0.078979 2.724666 0.550629 0.153559
1.075439 0.395874 0.286621 2.090968 0.769695 0.557275
0.773804 0.355225 0.364624 1.504500 0.690660 0.708935
0.304443 0.385376 0.378418 0.591927 0.749283 0.735755
-0.220703 0.182861 0.437012 -0.429111 0.355536 0.849678
-0.605835 -0.024902 0.443481 -1.177920 -0.048417 0.862257
-0.943848 -0.120239 0.479614 -1.835115 -0.233780 0.932510
-1.203125 -0.114380 0.453735 -2.339226 -0.222388 0.882194
-1.475708 -0.226563 0.285278 -2.869207 -0.440504 0.554664
-1.729126 -0.310913 0.155273 -3.361925 -0.604506 0.301897
-1.982666 -0.196045 0.073486 -3.854881 -0.381168 0.142879
-1.982910 0.009277 -0.111694 -3.855356 0.018038 -0.217166
-1.442383 0.021484 -0.252930 -2.804413 0.041772 -0.491769
-0.765625 -0.186035 -0.225586 -1.488598 -0.361707 -0.438605
-0.276123 -0.074219 -0.135620 -0.536864 -0.144303 -0.263685
-0.022217 0.021362 -0.096191 -0.043196 0.041535 -0.187024
0.110352 0.094360 -0.103638 0.214556 0.183464 -0.201502
0.204102 0.114868 -0.053833 0.396833 0.223337 -0.104667
0.286499 0.037598 -0.022827 0.557038 0.073101 -0.044383
0.283325 0.006958 -0.053589 0.550867 0.013528 -0.104192
0.209961 0.075684 -0.111694 0.408225 0.147151 -0.217166
0.094360 0.134155 -0.134399 0.183464 0.260837 -0.261312
-0.041992 0.130371 -0.110596 -0.081645 0.253479 -0.215030
-0.160522 0.085327 -0.067139 -0.312102 0.165901 -0.130537
-0.140869 0.074463 0.020508 -0.273891 0.144778 0.039873
0.022705 0.009277 0.102905 0.044145 0.018038 0.200078
0.120972 0.006958 0.048218 0.235204 0.013528 0.093749
0.125244 0.005127 -0.028198 0.243511 0.009968 -0.054826
0.056641 -0.054077 -0.033569 0.110126 -0.105142 -0.065269
0.003784 -0.047241 -0.029907 0.007358 -0.091851 -0.058148
0.015991 -0.018066 -0.042480 0.031092 -0.035126 -0.082594
0.041260 0.043457 -0.105103 0.080221 0.084493 -0.204350
0.048218 0.050049 -0.122437 0.093749 0.097310 -0.238052
0.027100 0.054688 -0.110962 0.052690 0.106328 -0.215742
0.016846 0.042114 -0.101440 0.032753 0.081882 -0.197230
0.010376 0.050293 -0.138672 0.020174 0.097784 -0.269619
-0.015015 0.036133 -0.173706 -0.029193 0.070253 -0.337735
-0.034180 0.016235 -0.162598 -0.066455 0.031566 -0.316137
-0.080811 0.020386 -0.133301 -0.157119 0.039636 -0.259176
-0.083252 -0.000366 -0.118774 -0.161866 -0.000712 -0.230932
-0.077759 -0.033569 -0.107056 -0.151186 -0.065269 -0.208147
-0.076782 -0.007446 -0.119995 -0.149287 -0.014478 -0.233305
-0.059448 -0.012695 -0.109497 -0.115585 -0.024683 -0.212894
-0.041748 -0.011475 -0.100708 -0.081170 -0.022310 -0.195806
-0.048218 0.012695 -0.102783 -0.093749 0.024683 -0.199841
-0.024292 0.006836 -0.096191 -0.047231 0.013291 -0.187024
-0.021606 0.009888 -0.100098 -0.042009 0.019225 -0.194619
-0.020508 0.025269 -0.105225 -0.039873 0.049129 -0.204587
-0.010742 0.022583 -0.112915 -0.020886 0.043908 -0.219540
-0.008789 0.036255 -0.137207 -0.017089 0.070490 -0.266770
-0.010254 0.025635 -0.146240 -0.019937 0.049841 -0.284334
-0.011963 0.009277 -0.134766 -0.023259 0.018038 -0.262024
-0.013550 0.017822 -0.123047 -0.026345 0.034652 -0.239239
-0.010254 0.017700 -0.111938 -0.019937 0.034414 -0.217641
-0.008179 0.020264 -0.108032 -0.015902 0.039398 -0.210046
-0.016113 0.039307 -0.116577 -0.031329 0.076424 -0.226660
-0.030151 0.030640 -0.125977 -0.058623 0.059572 -0.244935
-0.035156 0.007690 -0.139526 -0.068354 0.014952 -0.271280
-0.047119 0.003296 -0.124512 -0.091613 0.006408 -0.242087
