-0.307373 0.154297 -0.228149 -0.597623 0.299998 -0.443589
-0.442627 0.095459 -0.107544 -0.860596 0.185600 -0.209097
-0.391113 0.033447 -0.034058 -0.760438 0.065031 -0.066218
-0.275391 0.123169 -0.012695 -0.535440 0.239476 -0.024683
-0.189453 0.067627 0.023926 -0.368352 0.131487 0.046519
-0.051880 0.008301 0.076294 -0.100870 0.016139 0.148338
0.056885 0.081909 0.151978 0.110601 0.159255 0.295489
0.314209 -0.123901 0.124146 0.610914 -0.240900 0.241375
0.766724 -0.435181 0.053955 1.490734 -0.846118 0.104904
1.190552 -0.366821 0.132202 2.314780 -0.713208 0.257040
1.152954 -0.073608 0.467285 2.241679 -0.143116 0.908539
0.833618 0.071289 0.451416 1.620797 0.138607 0.877684
0.866577 -0.067017 0.323120 1.684879 -0.130300 0.628240
1.204468 -0.313232 0.145386 2.341837 -0.609015 0.282672
1.416260 -0.296387 0.073608 2.753622 -0.576262 0.143116
1.400269 -0.110229 0.104614 2.722530 -0.214318 0.203401
1.307251 -0.053101 0.037231 2.541677 -0.103243 0.072389
1.280029 -0.333252 -0.381104 2.488750 -0.647939 -0.740976
1.328125 -0.031250 -0.652588 2.582262 -0.060759 -1.268821
1.061646 0.119385 -0.828369 2.064148 0.232119 -1.610591
0.770996 -0.167725 -1.060791 1.499041 -0.326106 -2.062487
0.379883 -0.349731 -1.205688 0.738603 -0.679980 -2.344210
0.107422 -0.299561 -1.324463 0.208859 -0.582433 -2.575142
-0.121216 -0.079590 -1.378418 -0.235679 -0.154746 -2.680047
-0.373291 0.007446 -1.278931 -0.725787 0.014478 -2.486614
-0.644531 -0.065308 -1.074097 -1.253157 -0.126977 -2.088357
-0.895386 -0.134644 -0.858887 -1.740891 -0.261786 -1.669926
-1.070679 -0.129883 -0.591309 -2.081712 -0.252530 -1.149676
-1.203491 -0.038574 -0.203369 -2.339938 -0.075000 -0.395409
-1.189209 0.074097 0.166138 -2.312169 0.144066 0.323020
-0.950806 0.139771 0.546875 -1.848643 0.271755 1.063285
-0.685913 0.156006 0.987061 -1.333615 0.303321 1.919134
-0.384033 0.020142 1.315796 -0.746673 0.039161 2.558291
-0.061646 -0.069580 1.408936 -0.119857 -0.135284 2.739382
0.320557 -0.194092 1.280518 0.623256 -0.377371 2.489700
0.611206 -0.244019 1.070923 1.188363 -0.474443 2.082186
0.743286 -0.308960 0.793213 1.445165 -0.600708 1.542237
0.739136 -0.434448 0.490845 1.437095 -0.844694 0.954345
0.522583 -0.387939 0.170410 1.016054 -0.754267 0.331327
0.232666 -0.173462 -0.079712 0.452371 -0.337261 -0.154983
0.062256 0.041870 -0.322266 0.121044 0.081408 -0.626578
-0.084595 0.049194 -0.552856 -0.164477 0.095648 -1.074914
-0.385498 -0.103271 -0.801147 -0.749521 -0.200790 -1.557664
-0.743652 -0.141846 -0.931030 -1.445877 -0.275789 -1.810194
-1.036865 0.014160 -0.965210 -2.015968 0.027531 -1.876650
-1.305664 0.338623 -1.016968 -2.538592 0.658382 -1.977282
-1.460205 0.525146 -1.126343 -2.839065 1.021038 -2.189939
-1.532837 0.541382 -1.270020 -2.980282 1.052604 -2.469288
-1.421997 0.560303 -1.287476 -2.764777 1.089392 -2.503228
-1.051880 0.548218 -1.072144 -2.045161 1.065895 -2.084560
-0.654541 0.532837 -0.700684 -1.272619 1.035990 -1.362333
-0.419189 0.523315 -0.411133 -0.815027 1.017478 -0.799362
-0.212158 0.365601 -0.268799 -0.412497 0.710834 -0.522623
-0.081299 0.136597 -0.186157 -0.158069 0.265584 -0.361944
-0.021973 -0.074951 -0.113159 -0.042721 -0.145727 -0.220014
-0.010010 -0.158813 -0.034668 -0.019462 -0.308780 -0.067405
0.007202 -0.122437 0.028564 0.014003 -0.238052 0.055538
-0.008301 -0.083374 0.061401 -0.016139 -0.162103 0.119382
-0.031128 -0.059937 0.086670 -0.060522 -0.116534 0.168512
-0.016113 -0.042969 0.094360 -0.031329 -0.083544 0.183464
-0.007446 -0.045166 0.077637 -0.014478 -0.087816 0.150948
-0.012573 -0.063354 0.065308 -0.024446 -0.123180 0.126977
-0.032349 -0.064209 0.040161 -0.062895 -0.124841 0.078085
-0.063599 -0.073853 0.031616 -0.123654 -0.143591 0.061471
-0.063721 -0.054199 0.018677 -0.123892 -0.105379 0.036313
-0.042847 -0.009277 -0.014771 -0.083306 -0.018038 -0.028718
-0.014282 0.009399 -0.072510 -0.027769 0.018275 -0.140980
0.029541 -0.000732 -0.127808 0.057436 -0.001424 -0.248495
0.043579 -0.015259 -0.128052 0.084730 -0.029668 -0.248970
0.048706 0.000732 -0.101074 0.094699 0.001424 -0.196518
0.052979 0.043945 -0.104614 0.103006 0.085443 -0.203401
0.074097 0.028687 -0.103271 0.144066 0.055775 -0.200790
0.084106 0.019531 -0.100708 0.163527 0.037974 -0.195806
0.069214 -0.015015 -0.108276 0.134572 -0.029193 -0.210521
0.066650 -0.008057 -0.104004 0.129588 -0.015664 -0.202214
0.064331 0.011108 -0.106567 0.125078 0.021598 -0.207198
0.042114 0.022949 -0.114502 0.081882 0.044620 -0.222625
0.021484 0.019043 -0.113281 0.041772 0.037025 -0.220252
0.002686 0.029907 -0.107422 0.005221 0.058148 -0.208859
-0.006958 0.045654 -0.100464 -0.013528 0.088765 -0.195331
