0.224487 -0.141113 -0.278809 0.436469 -0.274365 -0.542085
0.116577 0.028687 -0.067505 0.226660 0.055775 -0.131249
0.002930 0.296875 -0.009033 0.005696 0.577212 -0.017563
-0.116699 0.059448 0.048462 -0.226897 0.115585 0.094224
-0.180298 -0.214844 0.168335 -0.350552 -0.417719 0.327292
-0.119507 -0.152100 0.431274 -0.232356 -0.295726 0.838523
-0.172241 0.082153 0.590698 -0.334887 0.159730 1.148490
-0.307739 0.263794 0.573120 -0.598335 0.512892 1.114313
-0.581909 0.129150 0.515625 -1.131401 0.251106 1.002525
-0.875610 -0.114502 0.542725 -1.702442 -0.222625 1.055215
-0.986450 -0.303589 0.555542 -1.917947 -0.590265 1.080136
-1.088135 -0.004395 0.697510 -2.115651 -0.008544 1.356162
-1.166748 0.333374 0.620972 -2.268498 0.648176 1.207350
-1.187988 0.373169 0.238403 -2.309796 0.725549 0.463526
-1.090454 0.240479 -0.162231 -2.120161 0.467560 -0.315425
-0.952881 0.164795 -0.443604 -1.852678 0.320409 -0.862495
-0.899902 0.343384 -0.706421 -1.749673 0.667638 -1.373488
-0.883301 0.559692 -0.943359 -1.717394 1.088205 -1.834166
-0.713013 0.485352 -1.183838 -1.386305 0.943665 -2.301726
-0.333618 0.310791 -1.401733 -0.648651 0.604268 -2.725379
0.162354 0.214233 -1.411743 0.315663 0.416532 -2.744840
0.635498 0.153320 -1.163818 1.235594 0.298099 -2.262802
0.965332 0.224976 -0.896729 1.876887 0.437418 -1.743502
1.203125 0.086792 -0.753540 2.339226 0.168749 -1.465102
1.515381 -0.109497 -0.669922 2.946342 -0.212894 -1.302523
1.718750 -0.218628 -0.569092 3.341751 -0.425076 -1.106480
1.769287 -0.083008 -0.397339 3.440010 -0.161391 -0.772543
1.568848 0.426025 -0.144287 3.050297 0.828318 -0.280536
1.227661 0.816040 0.256592 2.386931 1.586620 0.498889
1.029663 0.441895 0.419434 2.001965 0.859172 0.815501
1.111328 0.049194 0.199097 2.160746 0.095648 0.387102
1.104370 -0.024292 -0.060425 2.147218 -0.047231 -0.117483
0.849609 0.057739 -0.126221 1.651888 0.112262 -0.245410
0.509399 0.054077 -0.021851 0.990421 0.105142 -0.042484
0.304321 0.058716 0.006348 0.591689 0.114161 0.012342
0.217285 0.085205 -0.059937 0.422466 0.165664 -0.116534
0.067505 -0.054443 -0.040283 0.131249 -0.105854 -0.078322
-0.264893 0.025635 0.153564 -0.515028 0.049841 0.298574
-0.641846 0.043823 0.194702 -1.247935 0.085205 0.378558
-0.882324 -0.047852 0.214111 -1.715496 -0.093037 0.416295
-1.094116 0.069336 0.437866 -2.127281 0.134809 0.851340
-1.395508 -0.017944 0.569580 -2.713274 -0.034889 1.107430
-1.418945 -0.056519 0.554565 -2.758843 -0.109889 1.078237
-1.347046 -0.200317 0.384033 -2.619050 -0.389475 0.746673
-1.281372 -0.376343 0.143433 -2.491361 -0.731720 0.278875
-1.200928 0.093994 -0.051392 -2.334954 0.182752 -0.099920
-1.194946 0.318359 -0.151978 -2.323324 0.618983 -0.295489
-1.037720 -0.003418 -0.210938 -2.017630 -0.006646 -0.410124
-0.650391 -0.002319 -0.218384 -1.264549 -0.004509 -0.424602
-0.435059 0.140503 -0.248901 -0.845881 0.273179 -0.483937
-0.345703 0.229126 -0.283569 -0.672148 0.445488 -0.551341
-0.275635 0.344971 -0.270020 -0.535914 0.670724 -0.524997
-0.234253 0.385742 -0.269165 -0.455456 0.749995 -0.523335
-0.147095 0.330200 -0.252808 -0.285995 0.642005 -0.491532
-0.049316 0.226929 -0.237427 -0.095885 0.441216 -0.461627
0.041504 0.123901 -0.217407 0.080696 0.240900 -0.422703
0.070801 0.101563 -0.181519 0.137657 0.197467 -0.352925
0.038086 0.020386 -0.161255 0.074050 0.039636 -0.313527
0.006470 -0.057739 -0.147461 0.012579 -0.112262 -0.286707
0.008423 -0.052124 -0.119873 0.016376 -0.101344 -0.233068
0.017212 -0.009766 -0.096558 0.033465 -0.018987 -0.187736
0.011841 0.047119 -0.096313 0.023022 0.091613 -0.187261
0.016113 0.045410 -0.104492 0.031329 0.088291 -0.203163
0.035034 -0.000122 -0.118896 0.068117 -0.000237 -0.231169
0.031006 0.014404 -0.128540 0.060284 0.028006 -0.249919
0.006836 0.059937 -0.131470 0.013291 0.116534 -0.255615
0.001587 0.083130 -0.113647 0.003085 0.161629 -0.220964
-0.000732 0.080444 -0.097412 -0.001424 0.156407 -0.189398
-0.025879 0.045044 -0.100586 -0.050316 0.087579 -0.195568
-0.040527 0.018921 -0.115479 -0.078797 0.036788 -0.224524
-0.043213 0.016479 -0.116455 -0.084018 0.032041 -0.226423
-0.061401 0.018555 -0.107788 -0.119382 0.036076 -0.209571
-0.082031 0.020874 -0.100464 -0.159493 0.040585 -0.195331
-0.097412 0.019043 -0.106323 -0.189398 0.037025 -0.206723
-0.089355 0.017822 -0.119019 -0.173733 0.034652 -0.231407
-0.070801 0.021851 -0.118042 -0.137657 0.042484 -0.229508
-0.046265 0.022095 -0.099976 -0.089952 0.042959 -0.194382
-0.046631 0.041870 -0.107910 -0.090664 0.081408 -0.209809
-0.036011 0.056396 -0.117798 -0.070015 0.109651 -0.229033
-0.006958 0.039917 -0.122925 -0.013528 0.077610 -0.239002
