-0.240112 -0.086548 -0.246704 -0.466848 -0.168274 -0.479665
-0.243530 0.137207 -0.147217 -0.473494 0.266770 -0.286232
-0.293457 0.211792 -0.084717 -0.570566 0.411785 -0.164714
-0.306152 0.305176 -0.016479 -0.595249 0.593351 -0.032041
-0.360962 0.153564 -0.004883 -0.701815 0.298574 -0.009494
-0.566528 -0.423096 -0.133423 -1.101496 -0.822621 -0.259413
-0.806885 -0.594360 -0.111206 -1.568819 -1.155610 -0.216217
-0.911987 -0.111084 0.024292 -1.773169 -0.215980 0.047231
-1.009521 0.656128 0.032227 -1.962804 1.275704 0.062658
-1.239624 0.597778 0.065430 -2.410191 1.162255 0.127214
-1.371216 0.285156 0.036743 -2.666044 0.554427 0.071439
-1.195801 0.316040 -0.030396 -2.324986 0.614474 -0.059098
-0.817627 0.470215 -0.023682 -1.589705 0.914235 -0.046044
-0.611938 0.216431 0.031250 -1.189787 0.420804 0.060759
-0.557007 0.114502 0.106079 -1.082984 0.222625 0.206249
-0.625122 0.075317 0.125977 -1.215420 0.146439 0.244935
-0.530396 -0.049683 -0.025757 -1.031244 -0.096597 -0.050079
-0.125000 -0.306274 -0.006470 -0.243036 -0.595487 -0.012579
0.331787 -0.460571 0.007080 0.645091 -0.895485 0.013766
0.776978 -0.342285 -0.028564 1.510671 -0.665502 -0.055538
1.181030 -0.370239 -0.174072 2.296267 -0.719853 -0.338447
1.388428 -0.482910 -0.285034 2.699508 -0.938918 -0.554190
1.477173 -0.519897 -0.383789 2.872055 -1.010832 -0.746198
1.494263 -0.405518 -0.465820 2.905282 -0.788444 -0.905691
1.391357 -0.433838 -0.592651 2.705204 -0.843507 -1.152287
1.094482 -0.268433 -0.644531 2.127993 -0.521911 -1.253157
0.950195 -0.062500 -0.688232 1.847457 -0.121518 -1.338125
0.841797 -0.033569 -0.666016 1.636699 -0.065269 -1.294929
0.618042 0.072510 -0.646118 1.201654 0.140980 -1.256242
0.311279 0.161377 -0.645874 0.605218 0.313764 -1.255767
0.050537 0.230713 -0.614868 0.098259 0.448573 -1.195483
-0.308228 0.265991 -0.574219 -0.599284 0.517164 -1.116449
-0.653320 0.295898 -0.506226 -1.270245 0.575313 -0.984250
-1.005127 0.203979 -0.412842 -1.954260 0.396596 -0.802685
-1.429688 0.160889 -0.371948 -2.779729 0.312815 -0.723176
-1.821777 0.020630 -0.393677 -3.542066 0.040111 -0.765422
-2.240479 -0.276611 -0.445190 -4.356143 -0.537813 -0.865580
-1.961914 -0.086060 -0.334351 -3.814533 -0.167325 -0.650075
-1.155762 0.190552 -0.224121 -2.247138 0.370488 -0.435757
-0.733154 0.325073 -0.154297 -1.425466 0.632037 -0.299998
-0.663208 0.340576 -0.084595 -1.289470 0.662179 -0.164477
-0.396362 0.322510 -0.041992 -0.770644 0.627053 -0.081645
-0.257935 0.267456 -0.075439 -0.501500 0.520013 -0.146676
-0.153198 0.142822 -0.126709 -0.297862 0.277688 -0.246359
-0.045776 0.060913 -0.107056 -0.089003 0.118433 -0.208147
0.030762 0.032959 -0.049927 0.059810 0.064082 -0.097072
0.064575 0.021851 -0.004761 0.125553 0.042484 -0.009256
0.120850 0.001465 0.018188 0.234967 0.002848 0.035364
0.150391 -0.037109 0.008301 0.292403 -0.072151 0.016139
0.151001 -0.029297 -0.025513 0.293590 -0.056962 -0.049604
0.123169 0.034058 -0.075806 0.239476 0.066218 -0.147388
0.079346 0.102417 -0.128906 0.154271 0.199128 -0.250631
0.082764 0.104126 -0.160400 0.160917 0.202451 -0.311865
0.074707 0.115601 -0.167358 0.145252 0.224761 -0.325394
0.085327 0.106445 -0.122803 0.165901 0.206961 -0.238764
0.117554 0.082642 -0.088013 0.228559 0.160679 -0.171122
0.109497 0.055176 -0.061768 0.212894 0.107278 -0.120094
0.075562 0.039429 -0.056396 0.146914 0.076661 -0.109651
0.037842 0.044922 -0.062988 0.073575 0.087341 -0.122468
0.000732 -0.008911 -0.061035 0.001424 -0.017326 -0.118670
-0.010742 -0.015869 -0.053467 -0.020886 -0.030854 -0.103955
-0.043701 0.016113 -0.061157 -0.084968 0.031329 -0.118907
-0.030640 0.032349 -0.052002 -0.059572 0.062895 -0.101107
-0.020264 0.033936 -0.045532 -0.039398 0.065981 -0.088528
-0.054565 0.055298 -0.048340 -0.106091 0.107515 -0.093987
-0.053955 0.087646 -0.047729 -0.104904 0.170410 -0.092800
-0.025635 0.088867 -0.051880 -0.049841 0.172784 -0.100870
-0.006470 0.058350 -0.057495 -0.012579 0.113449 -0.111787
-0.000854 0.007935 -0.075439 -0.001661 0.015427 -0.146676
-0.006958 -0.018921 -0.093262 -0.013528 -0.036788 -0.181328
-0.020996 -0.019043 -0.109619 -0.040823 -0.037025 -0.213132
-0.057251 -0.006836 -0.139648 -0.111313 -0.013291 -0.271517
-0.075439 -0.022461 -0.152832 -0.146676 -0.043671 -0.297150
-0.059937 -0.034546 -0.157349 -0.116534 -0.067167 -0.305932
-0.000122 -0.000122 -0.159180 -0.000237 -0.000237 -0.309492
0.041992 0.004517 -0.147217 0.081645 0.008782 -0.286232
0.055054 0.022583 -0.139404 0.107040 0.043908 -0.271043
0.046265 0.044922 -0.148804 0.089952 0.087341 -0.289318
0.010864 0.027344 -0.152710 0.021123 0.053164 -0.296913
-0.021118 0.003784 -0.147949 -0.041060 0.007358 -0.287656
