-0.106812 -0.197754 -0.377930 -0.207673 -0.384491 -0.734806
-0.452026 0.182739 -0.381226 -0.878871 0.355298 -0.741214
-0.721069 0.081055 -0.220093 -1.401969 0.157594 -0.427925
-0.705566 0.155884 -0.078613 -1.371827 0.303084 -0.152847
-0.504395 0.115967 -0.020142 -0.980690 0.225473 -0.039161
-0.310913 0.007568 -0.071411 -0.604506 0.014715 -0.138844
-0.449585 0.062622 -0.124023 -0.874124 0.121756 -0.241138
-0.784058 0.117310 -0.051392 -1.524437 0.228084 -0.099920
-1.159302 0.173218 -0.020752 -2.254021 0.336786 -0.040348
-1.689087 0.333618 -0.073975 -3.284077 0.648651 -0.143828
-2.341064 0.599243 -0.044556 -4.551712 1.165103 -0.086629
-2.626221 0.401733 -0.017700 -5.106139 0.781087 -0.034414
-1.729614 0.193359 -0.007935 -3.362875 0.375947 -0.015427
-0.588135 -0.055542 0.063477 -1.143505 -0.107990 0.123417
0.019043 -0.091797 0.078979 0.037025 -0.178480 0.153559
0.469360 -0.066162 -0.059937 0.912573 -0.128638 -0.116534
0.769409 -0.138062 -0.164185 1.495956 -0.268432 -0.319223
0.977295 -0.144165 -0.202026 1.900146 -0.280299 -0.392798
1.166016 -0.139038 -0.220459 2.267074 -0.270331 -0.428637
1.297607 -0.147583 -0.297974 2.522927 -0.286944 -0.579348
1.343628 -0.099365 -0.364502 2.612405 -0.193195 -0.708698
1.293945 -0.038086 -0.402344 2.515807 -0.074050 -0.782274
1.236206 -0.008179 -0.390015 2.403545 -0.015902 -0.758302
0.900635 0.053223 -0.375000 1.751097 0.103480 -0.729109
0.573975 0.121216 -0.365234 1.115974 0.235679 -0.710122
0.440308 0.039795 -0.343872 0.856086 0.077373 -0.668588
0.188965 0.041992 -0.338501 0.367403 0.081645 -0.658145
-0.199585 0.185059 -0.365967 -0.388051 0.359808 -0.711546
-0.503906 0.120728 -0.405884 -0.979741 0.234730 -0.789156
-0.726318 -0.020630 -0.426758 -1.412175 -0.040111 -0.829742
-0.954468 -0.036743 -0.428345 -1.855764 -0.071439 -0.832827
-1.290283 0.062866 -0.415771 -2.508687 0.122230 -0.808381
-1.658203 0.348022 -0.461304 -3.224030 0.676657 -0.896909
-1.724609 0.593506 -0.370239 -3.353143 1.153948 -0.719853
-1.069214 0.516113 -0.195923 -2.078864 1.003475 -0.380931
-0.302002 0.208252 -0.090088 -0.587180 0.404903 -0.175157
0.012817 -0.023682 -0.051636 0.024921 -0.046044 -0.100395
0.132080 0.000610 -0.027344 0.256802 0.001187 -0.053164
0.240967 0.044189 -0.052246 0.468510 0.085917 -0.101582
0.350830 0.048584 -0.111084 0.682116 0.094461 -0.215980
0.320801 -0.079468 -0.151245 0.623730 -0.154509 -0.294065
0.220581 -0.120605 -0.207031 0.428874 -0.234492 -0.402529
0.101196 0.013550 -0.269409 0.196755 0.026345 -0.523810
-0.040771 0.046753 -0.286499 -0.079272 0.090901 -0.557038
-0.057983 -0.013550 -0.260498 -0.112737 -0.026345 -0.506484
0.000488 -0.099731 -0.211304 0.000949 -0.193907 -0.410836
0.066528 -0.035400 -0.184692 0.129350 -0.068829 -0.359096
0.046509 0.128540 -0.114258 0.090427 0.249919 -0.222151
-0.006836 0.136475 -0.066528 -0.013291 0.265346 -0.129350
-0.017578 0.029663 -0.053589 -0.034177 0.057674 -0.104192
-0.045898 -0.061279 -0.047363 -0.089240 -0.119145 -0.092088
-0.056519 -0.089478 -0.086426 -0.109889 -0.173970 -0.168037
-0.065308 -0.014771 -0.177612 -0.126977 -0.028718 -0.345330
-0.119995 0.049438 -0.194092 -0.233305 0.096123 -0.377371
-0.144043 0.055054 -0.143921 -0.280062 0.107040 -0.279824
-0.125977 0.035889 -0.137451 -0.244935 0.069778 -0.267245
-0.046021 -0.000488 -0.144043 -0.089477 -0.000949 -0.280062
0.002441 0.005615 -0.134766 0.004747 0.010918 -0.262024
0.015381 0.005005 -0.124146 0.029905 0.009731 -0.241375
0.002441 -0.016235 -0.141479 0.004747 -0.031566 -0.275077
-0.002197 -0.034912 -0.143433 -0.004272 -0.067879 -0.278875
0.001221 -0.006592 -0.104980 0.002373 -0.012816 -0.204113
-0.001587 0.008179 -0.058838 -0.003085 0.015902 -0.114398
-0.013306 0.014893 -0.070679 -0.025870 0.028956 -0.137420
-0.012085 0.025879 -0.088379 -0.023497 0.050316 -0.171834
-0.008911 0.020508 -0.114624 -0.017326 0.039873 -0.222863
0.001587 0.026489 -0.106445 0.003085 0.051503 -0.206961
0.023193 0.008911 -0.099121 0.045095 0.017326 -0.192720
0.041382 0.004517 -0.117188 0.080458 0.008782 -0.227847
0.030640 0.021729 -0.116333 0.059572 0.042247 -0.226185
0.007080 0.059448 -0.098511 0.013766 0.115585 -0.191534
-0.013306 0.051880 -0.138062 -0.025870 0.100870 -0.268432
-0.036133 -0.006714 -0.184937 -0.070253 -0.013054 -0.359571
-0.055298 -0.036987 -0.205811 -0.107515 -0.071914 -0.400156
-0.029663 -0.055542 -0.166260 -0.057674 -0.107990 -0.323257
-0.013184 -0.032959 -0.117798 -0.025633 -0.064082 -0.229033
0.002441 -0.016479 -0.071777 0.004747 -0.032041 -0.139556
0.027344 0.011108 -0.061768 0.053164 0.021598 -0.120094
0.049316 0.010010 -0.056396 0.095885 0.019462 -0.109651
0.066772 0.019409 -0.050049 0.129825 0.037737 -0.097310
