-0.214233 0.339478 0.093018 -0.416532 0.660043 0.180853
-0.136963 0.629272 0.007690 -0.266296 1.223489 0.014952
-0.243774 0.331543 -0.021851 -0.473969 0.644616 -0.042484
-0.411987 0.111816 -0.137573 -0.801023 0.217404 -0.267482
-0.692749 -0.074585 -0.319092 -1.346906 -0.145015 -0.620408
-0.977539 0.022827 -0.147949 -1.900621 0.044383 -0.287656
-1.123291 0.751221 0.143188 -2.184005 1.460592 0.278400
-1.590332 -0.215088 -0.137695 -3.092069 -0.418194 -0.267720
-2.142334 -0.381592 -0.938843 -4.165322 -0.741926 -1.825384
-1.581909 -0.282471 -0.797363 -3.075693 -0.549205 -1.550307
-0.532959 0.134521 -0.315552 -1.036228 0.261549 -0.613525
0.389526 0.657104 -0.282593 0.757353 1.277603 -0.549443
0.954102 0.411987 -0.360962 1.855052 0.801023 -0.701815
1.324219 0.026367 -0.406616 2.574667 0.051266 -0.790581
1.543701 -0.244385 -0.526367 3.001405 -0.475155 -1.023411
1.802734 -0.210571 -0.699097 3.505041 -0.409412 -1.359248
2.258057 0.126099 -0.607300 4.390321 0.245173 -1.180768
1.472168 0.123413 -0.219727 2.862324 0.239951 -0.427213
0.481812 0.195557 0.193359 0.936782 0.380219 0.375947
0.132202 0.012939 0.318848 0.257040 0.025158 0.619933
0.288574 -0.258301 -0.065918 0.561072 -0.502212 -0.128164
0.300903 -0.289063 -0.358032 0.585044 -0.562022 -0.696119
0.005737 -0.031006 -0.310547 0.011155 -0.060284 -0.603794
-0.462891 0.320313 -0.195679 -0.899994 0.622781 -0.380456
-1.055542 0.305420 -0.256836 -2.052281 0.593825 -0.499364
-1.529419 0.048462 -0.415771 -2.973636 0.094224 -0.808381
-1.721680 0.005371 -0.502197 -3.347447 0.010443 -0.976418
-1.689819 0.338379 -0.609619 -3.285501 0.657907 -1.185277
-1.687622 0.398438 -0.728516 -3.281229 0.774679 -1.416447
-1.527588 0.061401 -0.833130 -2.970076 0.119382 -1.619847
-1.063599 -0.100830 -0.754272 -2.067946 -0.196043 -1.466526
-0.169800 0.173218 -0.555786 -0.330140 0.336786 -1.080610
0.585938 0.296509 -0.489380 1.139233 0.576500 -0.951497
1.041138 0.423706 -0.465942 2.024275 0.823808 -0.905928
1.342285 0.233887 -0.437012 2.609794 0.454744 -0.849678
1.392822 -0.009399 -0.500488 2.708053 -0.018275 -0.973095
1.311035 -0.173950 -0.465454 2.549035 -0.338210 -0.904979
1.218262 -0.180298 -0.319458 2.368656 -0.350552 -0.621119
0.955566 0.022705 -0.185425 1.857900 0.044145 -0.360520
0.555908 0.166626 -0.005371 1.080848 0.323969 -0.010443
0.342407 0.440186 0.240112 0.665739 0.855849 0.466848
0.273926 0.366211 0.208130 0.532592 0.712021 0.404665
-0.059570 0.172119 0.102661 -0.115822 0.334650 0.199603
-0.245728 0.093750 0.207275 -0.477766 0.182277 0.403004
-0.255371 0.412842 0.268555 -0.496516 0.802685 0.522149
-0.224976 0.371704 0.149292 -0.437418 0.722701 0.290267
-0.204590 -0.000732 -0.033325 -0.397782 -0.001424 -0.064794
-0.261108 -0.142700 -0.075317 -0.507671 -0.277451 -0.146439
-0.208862 0.080811 -0.106445 -0.406089 0.157119 -0.206961
-0.118530 0.136597 -0.161865 -0.230457 0.265584 -0.314713
-0.012451 0.111694 -0.125244 -0.024209 0.217166 -0.243511
0.097656 0.060669 -0.036377 0.189872 0.117958 -0.070727
0.121704 -0.014771 0.082886 0.236628 -0.028718 0.161154
0.098755 -0.026245 0.027466 0.192008 -0.051028 0.053402
0.043579 -0.133423 -0.033813 0.084730 -0.259413 -0.065743
0.026611 -0.117676 -0.241455 0.051740 -0.228796 -0.469459
0.327881 -0.007202 -0.217529 0.637496 -0.014003 -0.422940
0.521973 0.349976 -0.209229 1.014867 0.680455 -0.406801
0.253784 0.134766 -0.285400 0.493430 0.262024 -0.554902
0.026489 0.220215 -0.190430 0.051503 0.428162 -0.370251
-0.064697 0.225464 -0.089600 -0.125790 0.438368 -0.174208
-0.074585 -0.050415 -0.085083 -0.145015 -0.098022 -0.165426
0.177856 -0.221924 -0.129272 0.345805 -0.431485 -0.251343
0.093262 0.132202 -0.029541 0.181328 0.257040 -0.057436
-0.313110 0.534790 0.353882 -0.608778 1.039788 0.688049
-0.167480 0.250610 0.354980 -0.325631 0.487260 0.690186
-0.057251 0.199219 0.109619 -0.111313 0.387339 0.213132
-0.149414 0.685547 0.270874 -0.290505 1.332903 0.526658
-0.151245 0.622192 0.201416 -0.294065 1.209723 0.391611
0.027832 -0.773926 -0.096924 0.054114 -1.504737 -0.188448
0.137085 -0.562622 -0.346069 0.266533 -1.093901 -0.672860
0.067627 -0.404663 -0.553833 0.131487 -0.786783 -1.076813
0.030396 -0.514771 -0.780518 0.059098 -1.000864 -1.517554
0.040649 -0.432983 -0.848755 0.079034 -0.841846 -1.650227
0.069458 0.302979 -0.558960 0.135047 0.589079 -1.086781
-0.060059 0.884521 -0.104370 -0.116771 1.719768 -0.202926
0.216553 0.872681 -0.039551 0.421042 1.696746 -0.076898
0.575684 0.495850 -0.103638 1.119297 0.964076 -0.201502
0.578979 0.355103 -0.104248 1.125705 0.690423 -0.202689
0.346802 0.688110 -0.048950 0.674284 1.337887 -0.095173
