0.184082 0.158813 -0.191772 0.357909 0.308780 -0.372862
0.189331 0.257813 -0.101318 0.368115 0.501263 -0.196992
0.048340 0.241943 -0.174316 0.093987 0.470408 -0.338922
-0.198730 0.028442 -0.233276 -0.386390 0.055300 -0.453557
-0.290039 -0.197021 -0.157349 -0.563920 -0.383067 -0.305932
-0.253174 -0.345581 -0.049683 -0.492244 -0.671910 -0.096597
-0.360474 -0.215332 -0.084106 -0.700866 -0.418668 -0.163527
-0.698486 -0.047485 -0.210815 -1.358061 -0.092325 -0.409887
-1.075317 0.054321 -0.350830 -2.090731 0.105616 -0.682116
-1.254272 -0.459961 -0.544678 -2.438671 -0.894298 -1.059012
-1.220337 -0.127075 -0.474609 -2.372691 -0.247071 -0.922779
-1.372070 0.179688 -0.536865 -2.667705 0.349365 -1.043823
-1.729858 0.437988 -0.578369 -3.363349 0.851577 -1.124518
-1.856934 0.522339 -0.832642 -3.610420 1.015579 -1.618898
-1.614868 0.136353 -0.828003 -3.139775 0.265109 -1.609879
-1.115967 0.042969 -0.566284 -2.169765 0.083544 -1.101022
-0.636230 0.089722 -0.498047 -1.237018 0.174445 -0.968348
0.127563 0.085938 -0.463135 0.248021 0.167088 -0.900469
0.642334 -0.034180 -0.394653 1.248885 -0.066455 -0.767321
0.842651 -0.148560 -0.289917 1.638360 -0.288843 -0.563683
1.021240 -0.176880 -0.210938 1.985589 -0.343906 -0.410124
1.199829 -0.201782 -0.194336 2.332818 -0.392323 -0.377846
1.405151 -0.222778 -0.250366 2.732024 -0.433146 -0.486785
1.528198 -0.191528 -0.310913 2.971263 -0.372387 -0.604506
1.479004 -0.105957 -0.355347 2.875615 -0.206011 -0.690898
1.330078 -0.001221 -0.372314 2.586060 -0.002373 -0.723888
1.119263 0.099609 -0.379150 2.176173 0.193670 -0.737179
0.850098 0.224854 -0.374268 1.652838 0.437181 -0.727685
0.653931 0.184326 -0.326782 1.271432 0.358384 -0.635360
0.500488 0.055298 -0.263916 0.973095 0.107515 -0.513130
0.368164 0.003906 -0.246460 0.715818 0.007595 -0.479190
0.085815 0.113037 -0.245605 0.166850 0.219777 -0.477529
-0.310669 0.111206 -0.307983 -0.604031 0.216217 -0.598810
-0.628540 0.005615 -0.328491 -1.222065 0.010918 -0.638683
-0.888550 0.062378 -0.286987 -1.727600 0.121281 -0.557987
-1.130737 0.056274 -0.253174 -2.198483 0.109414 -0.492244
-1.420776 -0.020386 -0.277344 -2.762403 -0.039636 -0.539237
-1.672607 -0.032104 -0.269775 -3.252037 -0.062420 -0.524522
-1.754272 0.073120 -0.387695 -3.410817 0.142167 -0.753793
-1.765869 0.286987 -0.504395 -3.433365 0.557987 -0.980690
-1.835571 0.320313 -0.633545 -3.568886 0.622781 -1.231796
-1.901855 0.411255 -0.652466 -3.697762 0.799599 -1.268584
-1.703003 0.639771 -0.486328 -3.311134 1.243900 -0.945564
-1.327881 0.478149 -0.235962 -2.581788 0.929662 -0.458779
-0.623413 0.390747 -0.030518 -1.212097 0.759726 -0.059335
0.036743 0.204590 -0.111938 0.071439 0.397782 -0.217641
0.487549 -0.036133 -0.296631 0.947937 -0.070253 -0.576737
0.771240 0.031494 -0.303589 1.499516 0.061234 -0.590265
0.830200 0.134399 -0.249146 1.614151 0.261312 -0.484412
0.968628 0.195190 -0.225708 1.883295 0.379507 -0.438842
1.262695 0.386230 -0.214722 2.455048 0.750945 -0.417482
1.423706 0.598877 -0.052734 2.768100 1.164391 -0.102531
1.387939 0.414185 0.174561 2.698559 0.805296 0.339397
1.294678 0.073853 0.158936 2.517231 0.143591 0.309017
1.135864 -0.158325 -0.013550 2.208451 -0.307830 -0.026345
0.965332 -0.249390 -0.143188 1.876887 -0.484886 -0.278400
0.847168 -0.193481 -0.187500 1.647142 -0.376184 -0.364555
0.666992 -0.064575 -0.181396 1.296827 -0.125553 -0.352688
0.540527 -0.082153 -0.139160 1.050943 -0.159730 -0.270568
0.438843 -0.220337 -0.141846 0.853238 -0.428399 -0.275789
0.313477 -0.226563 -0.156250 0.609490 -0.440504 -0.303796
0.257813 -0.246338 -0.153198 0.501263 -0.478953 -0.297862
0.107788 -0.169678 -0.133667 0.209571 -0.329903 -0.259888
0.011230 -0.063354 -0.096924 0.021835 -0.123180 -0.188448
-0.026489 -0.081665 -0.060425 -0.051503 -0.158781 -0.117483
-0.010498 -0.133911 -0.033569 -0.020411 -0.260362 -0.065269
-0.027832 -0.105103 -0.009766 -0.054114 -0.204350 -0.018987
-0.038452 -0.077515 -0.009766 -0.074762 -0.150711 -0.018987
-0.049561 -0.093506 -0.051880 -0.096360 -0.181803 -0.100870
-0.070313 -0.083130 -0.090820 -0.136708 -0.161629 -0.176581
-0.045288 -0.072266 -0.112793 -0.088053 -0.140505 -0.219302
-0.017700 -0.044556 -0.113281 -0.034414 -0.086629 -0.220252
0.018433 0.008545 -0.118042 0.035838 0.016614 -0.229508
0.007568 0.064453 -0.112915 0.014715 0.125316 -0.219540
0.004883 0.031372 -0.099609 0.009494 0.060996 -0.193670
0.013794 -0.022217 -0.094482 0.026819 -0.043196 -0.183701
-0.014282 -0.057861 -0.081421 -0.027769 -0.112499 -0.158306
-0.051636 -0.089844 -0.053223 -0.100395 -0.174682 -0.103480
-0.068970 -0.087769 -0.035522 -0.134097 -0.170648 -0.069066
-0.058960 -0.086304 -0.044189 -0.114635 -0.167800 -0.085917
