-0.370728 0.175659 -0.110352 -0.720802 0.341533 -0.214556
-0.496216 0.099976 -0.125122 -0.964788 0.194382 -0.243274
-0.491211 0.038452 -0.190918 -0.955057 0.074762 -0.371200
-0.361816 0.055664 -0.274902 -0.703477 0.108227 -0.534490
-0.269775 -0.338257 -0.291870 -0.524522 -0.657670 -0.567481
-0.399170 -0.068604 -0.097412 -0.776103 -0.133385 -0.189398
-0.656372 0.147217 0.034302 -1.276179 0.286232 0.066693
-0.935303 0.279907 0.003906 -1.818501 0.544221 0.007595
-1.435669 0.426025 -0.018921 -2.791359 0.828318 -0.036788
-2.089844 0.175293 -0.052856 -4.063266 0.340821 -0.102768
-2.458984 0.126709 -0.016479 -4.780982 0.246359 -0.032041
-2.295166 0.165283 -0.147583 -4.462472 0.321359 -0.286944
-1.325562 -0.112671 -0.291626 -2.577278 -0.219065 -0.567006
-0.248535 -0.178589 -0.083130 -0.483225 -0.347229 -0.161629
0.223755 -0.163330 0.051025 0.435045 -0.317561 0.099208
0.532715 -0.124268 -0.013550 1.035753 -0.241612 -0.026345
0.715210 -0.186890 -0.110840 1.390577 -0.363368 -0.215505
0.888428 -0.200806 -0.273193 1.727363 -0.390425 -0.531168
1.113770 -0.194214 -0.305176 2.165493 -0.377608 -0.593351
1.221802 -0.167725 -0.283447 2.375539 -0.326106 -0.551104
1.282593 -0.115479 -0.316895 2.493734 -0.224524 -0.616135
1.506714 -0.124634 -0.365845 2.929491 -0.242324 -0.711309
1.259033 -0.079956 -0.395874 2.447928 -0.155458 -0.769695
0.936157 -0.081787 -0.407227 1.820163 -0.159018 -0.791767
0.755737 -0.097900 -0.347534 1.469374 -0.190347 -0.675708
0.628906 -0.076050 -0.327393 1.222777 -0.147863 -0.636547
0.327515 -0.036987 -0.345093 0.636784 -0.071914 -0.670961
-0.048096 -0.028809 -0.382324 -0.093512 -0.056012 -0.743350
-0.304077 -0.097778 -0.460083 -0.591215 -0.190110 -0.894536
-0.484009 -0.005615 -0.507568 -0.941054 -0.010918 -0.986861
-0.575684 0.299927 -0.578369 -1.119297 0.583145 -1.124518
-0.772217 0.272461 -0.718994 -1.501415 0.529743 -1.397934
-1.154297 -0.033936 -0.680664 -2.244290 -0.065981 -1.323409
-1.369019 0.288330 -0.472046 -2.661771 0.560598 -0.917795
-1.191406 0.619873 -0.329224 -2.316441 1.205214 -0.640107
-0.497925 0.823975 -0.016235 -0.968111 1.602047 -0.031566
-0.151123 0.692383 -0.098389 -0.293827 1.346194 -0.191296
-0.156494 0.302124 -0.243042 -0.304270 0.587417 -0.472545
-0.118530 0.236694 -0.340210 -0.230457 0.460203 -0.661467
0.113037 0.207275 -0.318115 0.219777 0.403004 -0.618509
0.449585 0.010742 -0.153931 0.874124 0.020886 -0.299286
0.527710 -0.089478 -0.104370 1.026022 -0.173970 -0.202926
0.417236 -0.121704 -0.141235 0.811229 -0.236628 -0.274603
0.178101 -0.053101 -0.189941 0.346279 -0.103243 -0.369301
-0.097900 0.159790 -0.142700 -0.190347 0.310678 -0.277451
-0.296875 0.256104 -0.073120 -0.577212 0.497940 -0.142167
-0.318604 0.224365 -0.071167 -0.619458 0.436231 -0.138369
-0.127686 0.128174 -0.004395 -0.248258 0.249207 -0.008544
0.124878 0.056641 0.128296 0.242799 0.110126 0.249445
0.125732 0.052490 0.092285 0.244460 0.102056 0.179429
-0.001709 0.022217 -0.055542 -0.003323 0.043196 -0.107990
-0.056396 0.024780 -0.117432 -0.109651 0.048180 -0.228321
-0.066528 0.080566 -0.105591 -0.129350 0.156645 -0.205299
-0.025269 0.070190 -0.069336 -0.049129 0.136471 -0.134809
-0.007690 0.046265 -0.050293 -0.014952 0.089952 -0.097784
-0.035034 0.023193 -0.058838 -0.068117 0.045095 -0.114398
-0.043701 -0.002686 -0.089111 -0.084968 -0.005221 -0.173258
-0.015503 0.025635 -0.110229 -0.030142 0.049841 -0.214318
-0.003174 0.050659 -0.096069 -0.006171 0.098496 -0.186787
-0.006348 0.042847 -0.091675 -0.012342 0.083306 -0.178243
-0.014038 0.012451 -0.103760 -0.027294 0.024209 -0.201739
-0.026123 0.023560 -0.109375 -0.050791 0.045807 -0.212657
-0.017212 0.045776 -0.095703 -0.033465 0.089003 -0.186075
0.002319 0.035767 -0.085083 0.004509 0.069541 -0.165426
0.004883 0.040771 -0.117676 0.009494 0.079272 -0.228796
0.006836 0.021362 -0.115112 0.013291 0.041535 -0.223812
0.001343 0.002319 -0.118408 0.002611 0.004509 -0.230220
0.004761 -0.007568 -0.125610 0.009256 -0.014715 -0.244223
-0.004395 0.029785 -0.103271 -0.008544 0.057911 -0.200790
-0.013062 0.046143 -0.091064 -0.025395 0.089715 -0.177056
-0.020508 0.044922 -0.104858 -0.039873 0.087341 -0.203875
-0.022949 0.033325 -0.110352 -0.044620 0.064794 -0.214556
-0.015259 0.036987 -0.105469 -0.029668 0.071914 -0.205062
-0.004517 0.026733 -0.080078 -0.008782 0.051978 -0.155695
-0.004150 0.010254 -0.067627 -0.008070 0.019937 -0.131487
-0.012085 0.003906 -0.083008 -0.023497 0.007595 -0.161391
-0.023071 0.013794 -0.104858 -0.044857 0.026819 -0.203875
-0.042236 -0.010498 -0.114868 -0.082120 -0.020411 -0.223337
-0.042725 -0.024048 -0.118042 -0.083069 -0.046756 -0.229508
-0.046021 -0.032837 -0.100098 -0.089477 -0.063845 -0.194619
