-0.207397 0.209961 -0.174561 -0.403241 0.408225 -0.339397
-0.129150 0.141846 -0.118408 -0.251106 0.275789 -0.230220
-0.071777 0.146973 -0.052002 -0.139556 0.285758 -0.101107
-0.133179 -0.219482 -0.042358 -0.258938 -0.426738 -0.082357
-0.197388 -0.540894 -0.075684 -0.383779 -1.051655 -0.147151
-0.213257 -0.653320 -0.007935 -0.414633 -1.270245 -0.015427
-0.342041 -0.359009 0.221436 -0.665027 -0.698018 0.430535
-0.576538 -0.006714 0.478149 -1.120958 -0.013054 0.929662
-0.666016 0.901245 0.544189 -1.294929 1.752283 1.058063
-1.112061 0.395020 0.253052 -2.162170 0.768033 0.492006
-1.753174 -0.603516 -0.025391 -3.408681 -1.173410 -0.049367
-2.203613 -0.755371 -0.005615 -4.284467 -1.468662 -0.010918
-2.023071 0.047485 0.084106 -3.933440 0.092325 0.163527
-1.596313 0.233521 -0.046265 -3.103699 0.454032 -0.089952
-1.460205 0.153442 -0.215210 -2.839065 0.298337 -0.418431
-1.295532 -0.404907 -0.515137 -2.518893 -0.787258 -1.001576
-1.237305 -0.746094 -0.604004 -2.405681 -1.450624 -1.174360
-0.942749 -0.049927 -0.491943 -1.832979 -0.097072 -0.956481
-0.249512 0.523071 -0.407471 -0.485124 1.017003 -0.792242
0.465942 0.389038 -0.510498 0.905928 0.756404 -0.992557
0.881592 0.118164 -0.640381 1.714072 0.229745 -1.245087
1.148071 0.126709 -0.715210 2.232185 0.246359 -1.390577
1.429077 0.298340 -0.722046 2.778543 0.580060 -1.403868
1.713013 0.371338 -0.684448 3.330596 0.721989 -1.330767
1.853394 0.262817 -0.808838 3.603538 0.510994 -1.572617
1.894165 0.118652 -1.008667 3.682809 0.230695 -1.961143
1.889404 -0.016724 -1.137573 3.673553 -0.032516 -2.211774
1.741821 -0.287598 -1.059570 3.386609 -0.559174 -2.060114
1.418213 -0.363159 -0.894531 2.757419 -0.706087 -1.739230
1.009033 -0.137329 -0.742065 1.961855 -0.267008 -1.442792
0.651367 -0.048096 -0.581299 1.266448 -0.093512 -1.130214
0.347534 -0.156006 -0.472412 0.675708 -0.303321 -0.918507
0.084351 -0.143555 -0.416138 0.164002 -0.279112 -0.809093
-0.156616 -0.046875 -0.414673 -0.304508 -0.091139 -0.806245
-0.428711 -0.044312 -0.383057 -0.833539 -0.086155 -0.744774
-0.733154 -0.106812 -0.328735 -1.425466 -0.207673 -0.639157
-0.988281 -0.172241 -0.306396 -1.921507 -0.334887 -0.595724
-1.116211 -0.191772 -0.319092 -2.170239 -0.372862 -0.620408
-1.232666 -0.258911 -0.331055 -2.396662 -0.503399 -0.643667
-1.472900 -0.372437 -0.324097 -2.863748 -0.724125 -0.630138
-1.922852 -0.337036 -0.258179 -3.738584 -0.655297 -0.501975
-2.289917 -0.167114 -0.191040 -4.452266 -0.324919 -0.371438
-2.280640 -0.046875 -0.216919 -4.434228 -0.091139 -0.421754
-1.958252 -0.244507 -0.295654 -3.807413 -0.475393 -0.574838
-1.599731 -0.013794 -0.272461 -3.110344 -0.026819 -0.529743
-1.371826 0.326904 -0.126221 -2.667230 0.635597 -0.245410
-0.911133 0.352173 -0.061279 -1.771508 0.684727 -0.119145
-0.218628 0.203735 -0.206421 -0.425076 0.396121 -0.401342
0.263672 0.273682 -0.363892 0.512655 0.532117 -0.707511
0.367920 0.419556 -0.351196 0.715344 0.815739 -0.682828
0.565552 0.514893 -0.387817 1.099598 1.001101 -0.754030
0.852539 0.469360 -0.484741 1.657585 0.912573 -0.942478
1.107056 0.366699 -0.595337 2.152439 0.712970 -1.157509
1.264526 0.346069 -0.627808 2.458608 0.672860 -1.220641
1.324341 0.387939 -0.495972 2.574905 0.754267 -0.964314
1.360352 0.447510 -0.338257 2.644920 0.870089 -0.657670
1.372559 0.448486 -0.262817 2.668654 0.871988 -0.510994
1.335327 0.378540 -0.257935 2.596265 0.735992 -0.501500
1.299072 0.263550 -0.273560 2.525775 0.512418 -0.531880
1.173828 0.106689 -0.276367 2.282264 0.207435 -0.537338
1.007446 -0.075439 -0.264771 1.958769 -0.146676 -0.514791
0.798950 -0.175537 -0.247070 1.553392 -0.341295 -0.480377
0.513550 -0.050293 -0.330444 0.998491 -0.097784 -0.642480
0.317261 0.091064 -0.293335 0.616847 0.177056 -0.570329
0.167603 0.153809 -0.237061 0.325868 0.299049 -0.460915
0.012085 0.084473 -0.117188 0.023497 0.164239 -0.227847
-0.172607 0.048218 -0.012939 -0.335599 0.093749 -0.025158
-0.252075 0.157715 -0.017578 -0.490108 0.306644 -0.034177
-0.200073 0.200562 -0.041016 -0.389001 0.389950 -0.079746
-0.199585 0.188843 -0.040161 -0.388051 0.367165 -0.078085
-0.221558 0.143555 -0.033203 -0.430773 0.279112 -0.064557
-0.157715 0.024292 -0.012573 -0.306644 0.047231 -0.024446
-0.091553 -0.004395 -0.020630 -0.178005 -0.008544 -0.040111
-0.067627 0.011963 -0.028198 -0.131487 0.023259 -0.054826
-0.049561 0.013550 -0.066772 -0.096360 0.026345 -0.129825
-0.035400 0.010254 -0.095093 -0.068829 0.019937 -0.184888
0.002197 0.000854 -0.102295 0.004272 0.001661 -0.198891
0.006958 0.008667 -0.090942 0.013528 0.016851 -0.176819
-0.024658 0.007202 -0.079712 -0.047943 0.014003 -0.154983
-0.042358 -0.013184 -0.054321 -0.082357 -0.025633 -0.105616
