-0.268555 0.014160 -0.316528 -0.522149 0.027531 -0.615423
-0.821777 0.173218 -0.407959 -1.597775 0.336786 -0.793191
-1.533813 0.449829 -0.343018 -2.982181 0.874599 -0.666926
-1.188721 0.076782 -0.472900 -2.311220 0.149287 -0.919456
-0.170776 -0.147827 -0.444214 -0.332039 -0.287419 -0.863681
0.186646 -0.206909 -0.188965 0.362893 -0.402292 -0.367403
0.084839 -0.303711 -0.173340 0.164952 -0.590503 -0.337023
-0.236572 0.346558 -0.059082 -0.459965 0.673809 -0.114873
-0.418335 0.626465 0.283325 -0.813365 1.218030 0.550867
-0.307739 -0.007813 0.289185 -0.598335 -0.015190 0.562259
-0.222290 0.182983 0.324097 -0.432197 0.355773 0.630138
-0.041138 0.103027 0.269043 -0.079984 0.200315 0.523098
0.343872 0.013916 0.177124 0.668588 0.027057 0.344381
0.548828 -0.068481 0.157349 1.067082 -0.133148 0.305932
0.748535 -0.194458 0.152588 1.455371 -0.378083 0.296675
0.888672 -0.244995 0.265625 1.727837 -0.476342 0.516452
1.223267 -0.156128 0.380859 2.378387 -0.303558 0.740502
1.382202 -0.239746 0.344604 2.687404 -0.466136 0.670012
1.284912 -0.187866 0.372070 2.498244 -0.365267 0.723413
1.148926 -0.355591 0.271729 2.233847 -0.691372 0.528319
1.288452 -0.385010 0.042358 2.505127 -0.748571 0.082357
1.499634 -0.370483 -0.118408 2.915725 -0.720328 -0.230220
1.432617 -0.115601 -0.167358 2.785426 -0.224761 -0.325394
1.264038 0.074219 -0.342163 2.457659 0.144303 -0.665265
1.054321 0.108398 -0.544556 2.049908 0.210758 -1.058775
0.834961 0.065674 -0.772217 1.623408 0.127689 -1.501415
0.584473 -0.079712 -0.921265 1.136385 -0.154983 -1.791207
0.226563 -0.102051 -0.961304 0.440504 -0.198416 -1.869055
-0.107056 0.124512 -0.932739 -0.208147 0.242087 -1.813517
-0.370361 0.280029 -0.833618 -0.720090 0.544459 -1.620797
-0.564087 0.241211 -0.834717 -1.096749 0.468984 -1.622933
-0.751709 0.116699 -0.926514 -1.461541 0.226897 -1.801413
-0.896606 0.076782 -0.967529 -1.743264 0.149287 -1.881159
-0.993042 0.131104 -0.890625 -1.930763 0.254903 -1.731635
-1.007813 -0.042847 -0.712280 -1.959481 -0.083306 -1.384881
-0.984253 -0.285156 -0.283813 -1.913675 -0.554427 -0.551816
-0.858398 -0.214844 0.321167 -1.668977 -0.417719 0.624442
-0.630249 -0.077759 0.853516 -1.225388 -0.151186 1.659483
-0.454834 -0.102295 1.156128 -0.884330 -0.198891 2.247850
-0.228394 -0.249634 1.227051 -0.444064 -0.485361 2.385745
0.119019 -0.341675 1.178467 0.231407 -0.664315 2.291283
0.499268 -0.257202 1.061157 0.970722 -0.500076 2.063199
0.772217 -0.095459 0.850586 1.501415 -0.185600 1.653787
0.806763 -0.064453 0.638672 1.568582 -0.125316 1.241764
0.692261 -0.097534 0.467896 1.345957 -0.189635 0.909725
0.513794 -0.162720 0.259277 0.998965 -0.316375 0.504111
0.314331 -0.123535 0.027832 0.611151 -0.240188 0.054114
0.046875 -0.043091 -0.152954 0.091139 -0.083781 -0.297387
-0.174561 0.023315 -0.297607 -0.339397 0.045332 -0.578636
-0.422729 0.054321 -0.411499 -0.821909 0.105616 -0.800074
-0.682617 0.177612 -0.480469 -1.327207 0.345330 -0.934171
-0.912109 0.400513 -0.509521 -1.773407 0.778713 -0.990658
-0.961182 0.394165 -0.653809 -1.868817 0.766372 -1.271195
-0.956665 0.239380 -0.927612 -1.860036 0.465424 -1.803549
-1.092651 0.386353 -1.127930 -2.124433 0.751182 -2.193024
-1.242554 0.584961 -1.165771 -2.415887 1.137335 -2.266600
-1.197021 0.581665 -1.160645 -2.327359 1.130926 -2.256631
-0.833862 0.475098 -1.062500 -1.621271 0.923728 -2.065810
-0.318726 0.328613 -0.888306 -0.619695 0.638920 -1.727125
-0.088867 0.297119 -0.721802 -0.172784 0.577686 -1.403393
-0.089478 0.151367 -0.566284 -0.173970 0.294302 -1.101022
-0.015015 -0.027344 -0.425293 -0.029193 -0.053164 -0.826894
0.044189 -0.114746 -0.268433 0.085917 -0.223100 -0.521911
0.035767 -0.146484 -0.123413 0.069541 -0.284808 -0.239951
0.029297 -0.106567 -0.028687 0.056962 -0.207198 -0.055775
0.036011 -0.092773 -0.001953 0.070015 -0.180379 -0.003797
0.065552 -0.055176 -0.035889 0.127452 -0.107278 -0.069778
0.070313 0.031982 -0.058228 0.136708 0.062183 -0.113211
0.041260 0.057983 -0.052246 0.080221 0.112737 -0.101582
0.009155 0.024902 -0.029907 0.017801 0.048417 -0.058148
-0.032104 -0.001953 0.012695 -0.062420 -0.003797 0.024683
-0.044312 0.026978 0.034790 -0.086155 0.052452 0.067642
-0.058594 0.039917 0.061890 -0.113923 0.077610 0.120332
-0.031006 0.004883 0.072632 -0.060284 0.009494 0.141217
-0.013672 0.003418 0.053101 -0.026582 0.006646 0.103243
0.022461 0.009888 -0.025879 0.043671 0.019225 -0.050316
0.029907 0.039063 -0.060669 0.058148 0.075949 -0.117958
0.013428 0.025757 -0.054199 0.026107 0.050079 -0.105379
-0.007202 -0.015137 -0.078979 -0.014003 -0.029430 -0.153559
-0.017578 -0.015137 -0.104248 -0.034177 -0.029430 -0.202689
