-0.387207 -0.091064 -0.248901 -0.752843 -0.177056 -0.483937
-0.242432 -0.167847 -0.143066 -0.471358 -0.326343 -0.278163
-0.163940 -0.099487 -0.107666 -0.318748 -0.193432 -0.209334
-0.072266 -0.182739 -0.080566 -0.140505 -0.355298 -0.156645
0.132446 -0.106201 0.040283 0.257514 -0.206486 0.078322
0.236084 0.112061 0.237671 0.459016 0.217878 0.462102
0.199829 0.099731 0.257080 0.388526 0.193907 0.499839
0.511230 -0.151611 0.200806 0.993981 -0.294777 0.390425
0.950562 -0.491455 0.119629 1.848169 -0.955532 0.232593
1.135498 -0.557861 -0.002808 2.207739 -1.084645 -0.005459
1.239746 -0.637329 -0.154907 2.410428 -1.239154 -0.301185
1.302002 -0.513062 -0.221191 2.531471 -0.997541 -0.430061
1.293457 -0.419800 -0.319580 2.514858 -0.816213 -0.621357
1.248535 -0.397827 -0.450562 2.427516 -0.773492 -0.876023
1.122925 -0.379028 -0.573608 2.183293 -0.736942 -1.115262
0.933350 -0.264526 -0.658569 1.814704 -0.514316 -1.280451
0.691772 -0.190186 -0.794556 1.345007 -0.369776 -1.544848
0.507446 -0.093628 -0.937988 0.986624 -0.182040 -1.823723
0.305664 -0.051147 -1.001587 0.594300 -0.099446 -1.947377
0.066284 0.035156 -1.041016 0.128876 0.068354 -2.024038
-0.195190 0.122070 -0.991821 -0.379507 0.237340 -1.928390
-0.417969 0.181519 -0.916260 -0.812653 0.352925 -1.781476
-0.705078 0.411987 -0.764160 -1.370878 0.801023 -1.485750
-0.909058 0.576660 -0.574585 -1.767473 1.121196 -1.117161
-1.083862 0.506836 -0.352783 -2.107344 0.985437 -0.685913
-1.117798 0.233887 -0.077148 -2.173325 0.454744 -0.149999
-0.924438 0.011230 0.316040 -1.797378 0.021835 0.614474
-0.663208 0.026489 0.730591 -1.289470 0.051503 1.420482
-0.437866 -0.066040 0.940674 -0.851340 -0.128401 1.828944
-0.119263 -0.336060 1.012573 -0.231881 -0.653398 1.968738
0.248169 -0.582886 0.966431 0.482513 -1.133300 1.879023
0.510864 -0.674316 0.813965 0.993269 -1.311068 1.582585
0.628540 -0.607300 0.569092 1.222065 -1.180768 1.106480
0.530396 -0.341675 0.308105 1.031244 -0.664315 0.599047
0.364014 -0.119873 0.088257 0.707749 -0.233068 0.171597
0.235107 -0.012573 -0.055176 0.457117 -0.024446 -0.107278
0.073486 0.050049 -0.167236 0.142879 0.097310 -0.325156
-0.086426 0.021118 -0.301025 -0.168037 0.041060 -0.585281
-0.268433 0.009644 -0.447388 -0.521911 0.018750 -0.869852
-0.446289 0.052490 -0.619629 -0.867716 0.102056 -1.204739
-0.661499 -0.003662 -0.757080 -1.286147 -0.007120 -1.471985
-0.951538 0.060181 -0.875488 -1.850067 0.117009 -1.702204
-1.236938 0.199341 -0.972046 -2.404969 0.387577 -1.889941
-1.225220 0.197998 -1.105225 -2.382185 0.384966 -2.148879
-1.009766 0.014526 -1.216553 -1.963279 0.028243 -2.365333
-0.716919 -0.101929 -1.145142 -1.393899 -0.198179 -2.226489
-0.509155 -0.098511 -0.857300 -0.989946 -0.191534 -1.666841
-0.277222 -0.003052 -0.493042 -0.539000 -0.005934 -0.958617
-0.119629 0.002197 -0.314331 -0.232593 0.004272 -0.611151
0.006104 -0.051392 -0.288818 0.011867 -0.099920 -0.561547
0.007446 -0.090332 -0.266235 0.014478 -0.175632 -0.517639
0.021606 -0.013184 -0.189087 0.042009 -0.025633 -0.367640
0.040527 0.096436 -0.151489 0.078797 0.187499 -0.294539
0.059326 0.154785 -0.151489 0.115347 0.300947 -0.294539
0.068970 0.133301 -0.130859 0.134097 0.259176 -0.254429
0.053345 0.134888 -0.088623 0.103718 0.262261 -0.172309
0.031128 0.143311 -0.051880 0.060522 0.278637 -0.100870
0.015503 0.135986 -0.052246 0.030142 0.264397 -0.101582
-0.000244 0.103149 -0.072510 -0.000475 0.200553 -0.140980
0.004761 0.047852 -0.092896 0.009256 0.093037 -0.180616
-0.004639 -0.005981 -0.082764 -0.009019 -0.011630 -0.160917
-0.022827 -0.009277 -0.042480 -0.044383 -0.018038 -0.082594
-0.017456 -0.034058 -0.031860 -0.033940 -0.066218 -0.061946
-0.015869 -0.022217 -0.061646 -0.030854 -0.043196 -0.119857
0.004761 -0.003540 -0.089233 0.009256 -0.006883 -0.173496
0.019897 0.012329 -0.112793 0.038686 0.023971 -0.219302
0.021973 0.024536 -0.132568 0.042721 0.047705 -0.257752
0.019653 0.009888 -0.145630 0.038212 0.019225 -0.283147
0.019653 0.015137 -0.145630 0.038212 0.029430 -0.283147
-0.007446 0.028320 -0.123535 -0.014478 0.055063 -0.240188
-0.010376 0.031982 -0.107178 -0.020174 0.062183 -0.208385
0.010010 0.013794 -0.116577 0.019462 0.026819 -0.226660
0.006592 0.009033 -0.106201 0.012816 0.017563 -0.206486
-0.007324 0.015991 -0.091064 -0.014240 0.031092 -0.177056
0.005249 -0.005249 -0.104980 0.010206 -0.010206 -0.204113
-0.004517 0.013184 -0.121338 -0.008782 0.025633 -0.235916
-0.010498 0.000732 -0.104248 -0.020411 0.001424 -0.202689
-0.034058 0.007446 -0.098755 -0.066218 0.014478 -0.192008
-0.039917 0.025269 -0.119751 -0.077610 0.049129 -0.232831
-0.029175 0.013428 -0.158325 -0.056724 0.026107 -0.307830
