0.453613 0.817017 -0.144165 0.881957 1.588519 -0.280299
0.392944 0.715088 -0.037842 0.763998 1.390339 -0.073575
0.271973 0.579956 -0.338623 0.528794 1.127604 -0.658382
0.164673 0.519775 -0.348633 0.320172 1.010595 -0.677844
0.161743 0.316895 -0.508667 0.314476 0.616135 -0.988997
0.193970 -0.089355 -0.610474 0.377134 -0.173733 -1.186939
-0.101318 -0.294678 -0.619873 -0.196992 -0.572939 -1.205214
-0.799072 -0.578979 -0.675781 -1.553630 -1.125705 -1.313916
-1.137939 -0.176392 -0.713257 -2.212486 -0.342957 -1.386779
-1.781738 -0.802490 0.027710 -3.464219 -1.560275 0.053876
-2.753418 -0.498291 0.682983 -5.353447 -0.968823 1.327919
-3.131470 0.666504 0.931396 -6.088490 1.295878 1.810906
-1.980591 0.630493 0.542847 -3.850846 1.225863 1.055452
-0.544922 -0.076416 0.099243 -1.059487 -0.148575 0.192958
0.179321 -0.380981 0.027710 0.348653 -0.740739 0.053876
0.829224 -0.328247 -0.054199 1.612253 -0.638208 -0.105379
1.377930 -0.170410 -0.317139 2.679097 -0.331327 -0.616610
1.540771 -0.018311 -0.527344 2.995709 -0.035601 -1.025310
1.590576 0.207642 -0.572998 3.092544 0.403716 -1.114075
1.425903 0.281372 -0.672241 2.772372 0.547069 -1.307033
1.126831 0.227051 -0.767212 2.190888 0.441453 -1.491684
0.757446 0.145874 -0.807251 1.472696 0.283622 -1.569531
0.364380 0.212769 -0.840088 0.708461 0.413684 -1.633376
-0.016235 0.308350 -0.828491 -0.031566 0.599522 -1.610829
-0.492188 0.250000 -0.852905 -0.956956 0.486073 -1.658297
-0.897827 0.045166 -0.747437 -1.745638 0.087816 -1.453235
-1.264282 -0.153687 -0.611206 -2.458133 -0.298811 -1.188363
-1.638184 -0.316528 -0.651978 -3.185107 -0.615423 -1.267635
-1.444092 -0.518311 -0.550903 -2.807736 -1.007747 -1.071117
-0.601440 -0.314575 -0.324219 -1.169376 -0.611626 -0.630376
0.007935 -0.081177 -0.138550 0.015427 -0.157831 -0.269381
0.232666 0.042114 -0.058960 0.452371 0.081882 -0.114635
0.296875 0.058472 -0.070435 0.577212 0.113686 -0.136945
0.274048 0.041138 -0.213013 0.532829 0.079984 -0.414159
0.100220 0.078247 -0.228516 0.194856 0.152135 -0.444301
-0.035889 0.105591 -0.154663 -0.069778 0.205299 -0.300710
-0.009644 0.065186 -0.161133 -0.018750 0.126740 -0.313289
0.003906 0.046631 -0.093018 0.007595 0.090664 -0.180853
-0.048340 -0.017212 -0.062622 -0.093987 -0.033465 -0.121756
-0.055420 -0.034424 -0.140625 -0.107752 -0.066930 -0.273416
-0.027588 0.007446 -0.183350 -0.053639 0.014478 -0.356485
0.030640 0.089844 -0.116699 0.059572 0.174682 -0.226897
0.052979 0.097900 -0.046265 0.103006 0.190347 -0.089952
0.058350 0.076172 -0.067017 0.113449 0.148100 -0.130300
0.048828 0.060669 -0.113892 0.094936 0.117958 -0.221438
0.050049 0.068481 -0.110474 0.097310 0.133148 -0.214793
0.009644 0.088867 -0.041748 0.018750 0.172784 -0.081170
-0.011963 0.100342 0.004883 -0.023259 0.195094 0.009494
-0.013428 0.110107 -0.018066 -0.026107 0.214081 -0.035126
0.017578 0.073120 -0.022461 0.034177 0.142167 -0.043671
0.060425 0.079834 0.058838 0.117483 0.155221 0.114398
0.024414 0.031982 0.181641 0.047468 0.062183 0.353162
-0.019531 -0.042236 0.349365 -0.037974 -0.082120 0.679268
-0.041748 -0.052490 0.438477 -0.081170 -0.102056 0.852526
-0.069214 0.035645 0.171387 -0.134572 0.069303 0.333226
-0.067627 0.017700 -0.073120 -0.131487 0.034414 -0.142167
-0.032349 0.027466 -0.138306 -0.062895 0.053402 -0.268907
-0.049316 0.037720 -0.111816 -0.095885 0.073338 -0.217404
-0.064087 0.042603 -0.094604 -0.124604 0.082832 -0.183939
-0.041992 0.019165 -0.076782 -0.081645 0.037262 -0.149287
0.005371 0.001587 -0.051880 0.010443 0.003085 -0.100870
0.046143 -0.002075 -0.042725 0.089715 -0.004035 -0.083069
0.037720 0.005127 -0.062744 0.073338 0.009968 -0.121993
-0.014160 0.001099 -0.103638 -0.027531 0.002136 -0.201502
-0.027466 0.005859 -0.109985 -0.053402 0.011392 -0.213844
-0.035034 0.021484 -0.140381 -0.068117 0.041772 -0.272941
-0.030029 0.032593 -0.161499 -0.058386 0.063370 -0.314001
-0.015869 0.037476 -0.146851 -0.030854 0.072863 -0.285520
0.001709 0.032227 -0.110474 0.003323 0.062658 -0.214793
0.025635 0.007690 -0.095947 0.049841 0.014952 -0.186549
0.054199 -0.020264 -0.092407 0.105379 -0.039398 -0.179667
0.050903 -0.007080 -0.089844 0.098971 -0.013766 -0.174682
0.020264 0.030396 -0.067261 0.039398 0.059098 -0.130774
0.006348 0.032837 -0.076538 0.012342 0.063845 -0.148812
0.000488 0.005249 -0.109009 0.000949 0.010206 -0.211945
0.008911 -0.024170 -0.135376 0.017326 -0.046993 -0.263210
-0.017212 -0.007568 -0.147949 -0.033465 -0.014715 -0.287656
-0.039673 0.006958 -0.129028 -0.077136 0.013528 -0.250869
-0.043213 -0.005127 -0.140137 -0.084018 -0.009968 -0.272467
-0.042236 -0.003052 -0.156616 -0.082120 -0.005934 -0.304508
