0.078125 0.183472 -0.379272 0.151898 0.356722 -0.737416
-0.187012 0.355591 -0.321655 -0.363605 0.691372 -0.625392
-0.567627 0.382690 -0.245972 -1.103632 0.744062 -0.478241
-0.571777 0.214844 -0.107056 -1.111702 0.417719 -0.208147
-0.421997 -0.003052 -0.063110 -0.820485 -0.005934 -0.122705
-0.489136 -0.273193 -0.132690 -0.951023 -0.531168 -0.257989
-0.556641 -0.728271 -0.209595 -1.082272 -1.415972 -0.407513
-0.487305 -0.532227 -0.319702 -0.947462 -1.034804 -0.621594
-0.574097 1.020630 0.017578 -1.116211 1.984402 0.034177
-1.246582 1.298340 0.153564 -2.423719 2.524351 0.298574
-1.848022 -0.014771 0.203247 -3.593095 -0.028718 0.395172
-1.999390 -0.060425 0.329712 -3.887397 -0.117483 0.641056
-1.799438 -0.141235 0.173828 -3.498633 -0.274603 0.337973
-1.290039 -0.209717 -0.048340 -2.508212 -0.407751 -0.093987
-0.669922 -0.056396 -0.037354 -1.302523 -0.109651 -0.072626
0.026123 0.006958 0.047485 0.050791 0.013528 0.092325
0.478394 -0.246094 0.062622 0.930137 -0.478478 0.121756
0.729248 -0.405273 -0.135498 1.417871 -0.787970 -0.263448
0.947266 -0.268311 -0.230469 1.841761 -0.521674 -0.448098
1.117676 -0.038086 -0.254517 2.173088 -0.074050 -0.494854
1.190796 -0.002930 -0.293823 2.315254 -0.005696 -0.571278
1.296143 -0.071289 -0.326416 2.520079 -0.138607 -0.634648
1.100830 -0.064941 -0.361084 2.140335 -0.126265 -0.702053
0.938232 -0.068359 -0.429932 1.824197 -0.132911 -0.835912
0.816040 0.001587 -0.461548 1.586620 0.003085 -0.897384
0.555420 0.028809 -0.503296 1.079898 0.056012 -0.978554
0.218628 0.039917 -0.538940 0.425076 0.077610 -1.047857
0.008179 -0.058472 -0.568237 0.015902 -0.113686 -1.104819
-0.146973 -0.254150 -0.637085 -0.285758 -0.494142 -1.238679
-0.353760 -0.055176 -0.660400 -0.687812 -0.107278 -1.284011
-0.700806 0.072754 -0.523560 -1.362571 0.141455 -1.017952
-1.067505 -0.126831 -0.422974 -2.075541 -0.246597 -0.822384
-1.285889 -0.326172 -0.401978 -2.500143 -0.634173 -0.781562
-1.318481 -0.041504 -0.330566 -2.563512 -0.080696 -0.642717
-1.109863 0.326050 -0.251709 -2.157898 0.633936 -0.489396
-0.642334 0.353882 -0.120483 -1.248885 0.688049 -0.234255
-0.134766 0.161133 -0.008667 -0.262024 0.313289 -0.016851
0.119263 0.006226 -0.059692 0.231881 0.012104 -0.116059
0.133057 0.036377 -0.132080 0.258701 0.070727 -0.256802
0.147583 0.093628 -0.166504 0.286944 0.182040 -0.323732
0.192261 0.088379 -0.098267 0.373811 0.171834 -0.191059
0.139404 0.040405 -0.025757 0.271043 0.078560 -0.050079
0.080811 0.043335 -0.006958 0.157119 0.084256 -0.013528
0.032593 0.043213 -0.026978 0.063370 0.084018 -0.052452
-0.028198 0.030640 -0.052612 -0.054826 0.059572 -0.102294
-0.069214 0.079224 -0.083862 -0.134572 0.154034 -0.163053
-0.064453 0.117188 -0.079834 -0.125316 0.227847 -0.155221
-0.018921 0.069702 -0.072998 -0.036788 0.135521 -0.141929
0.034058 0.066284 -0.085938 0.066218 0.128876 -0.167088
0.115723 0.066650 -0.083618 0.224999 0.129588 -0.162578
0.162109 0.024170 -0.070068 0.315188 0.046993 -0.136233
0.101196 0.045898 -0.092529 0.196755 0.089240 -0.179904
-0.013672 0.097046 -0.124390 -0.026582 0.188686 -0.241850
-0.079224 0.108887 -0.115601 -0.154034 0.211708 -0.224761
-0.083374 0.048340 -0.070190 -0.162103 0.093987 -0.136471
-0.056885 0.020752 -0.020264 -0.110601 0.040348 -0.039398
-0.034058 0.029053 0.024536 -0.066218 0.056487 0.047705
-0.010986 0.019775 0.056763 -0.021361 0.038449 0.110363
0.001099 0.022461 0.049316 0.002136 0.043671 0.095885
-0.006104 -0.038818 -0.014160 -0.011867 -0.075474 -0.027531
-0.007324 -0.047852 -0.080200 -0.014240 -0.093037 -0.155933
0.016113 0.013916 -0.113525 0.031329 0.027057 -0.220726
0.029541 -0.000244 -0.104004 0.057436 -0.000475 -0.202214
0.036499 -0.123901 -0.150391 0.070965 -0.240900 -0.292403
0.048828 -0.245850 -0.220459 0.094936 -0.478003 -0.428637
0.061157 -0.155396 -0.231079 0.118907 -0.302134 -0.449285
0.032837 -0.019897 -0.134155 0.063845 -0.038686 -0.260837
0.016968 0.021606 -0.084351 0.032990 0.042009 -0.164002
0.042847 -0.028564 -0.121094 0.083306 -0.055538 -0.235442
0.040039 -0.004517 -0.171265 0.077848 -0.008782 -0.332988
0.011353 0.018188 -0.171387 0.022073 0.035364 -0.333226
0.008423 0.028564 -0.155151 0.016376 0.055538 -0.301659
0.007935 0.027222 -0.171021 0.015427 0.052927 -0.332514
0.002075 -0.026489 -0.181396 0.004035 -0.051503 -0.352688
-0.006714 -0.032349 -0.163818 -0.013054 -0.062895 -0.318511
-0.002930 -0.007080 -0.129150 -0.005696 -0.013766 -0.251106
-0.002563 0.016357 -0.084229 -0.004984 0.031804 -0.163765
0.004395 0.000854 -0.057251 0.008544 0.001661 -0.111313
0.018433 -0.000122 -0.068604 0.035838 -0.000237 -0.133385
0.037354 -0.023926 -0.079102 0.072626 -0.046519 -0.153797
