0.283081 -0.030884 -0.158447 0.550392 -0.060047 -0.308068
0.438354 0.411255 0.150513 0.852289 0.799599 0.292641
0.122803 0.550415 0.140747 0.238764 1.070167 0.273653
-0.225220 0.260132 -0.114502 -0.437893 0.505772 -0.222625
-0.349487 0.181519 -0.026855 -0.679505 0.352925 -0.052215
-0.339600 0.696899 0.057739 -0.660281 1.354976 0.112262
-0.464355 0.820679 -0.174683 -0.902842 1.595639 -0.339634
-0.715698 -0.094482 -0.250854 -1.391526 -0.183701 -0.487734
-1.107056 -0.199951 -0.436890 -2.152439 -0.388763 -0.849441
-1.477417 -0.249023 -0.311157 -2.872530 -0.484174 -0.604980
-1.909180 -0.651611 0.177124 -3.712002 -1.266922 0.344381
-2.089844 -0.220947 0.704590 -4.063266 -0.429586 1.369928
-1.937134 -0.138550 0.661743 -3.766353 -0.269381 1.286622
-1.723022 -0.415527 0.479248 -3.350058 -0.807906 0.931798
-1.479248 -0.365356 0.321533 -2.876090 -0.710359 0.625154
-0.593872 -0.077637 0.186035 -1.154660 -0.150948 0.361707
0.368164 -0.037109 0.057739 0.715818 -0.072151 0.112262
0.851074 -0.046265 -0.100952 1.654737 -0.089952 -0.196280
0.937256 0.046265 -0.176880 1.822299 0.089952 -0.343906
0.958984 0.201660 -0.314087 1.864545 0.392086 -0.610677
1.023804 0.328125 -0.523926 1.990573 0.637971 -1.018664
1.156494 0.263428 -0.620117 2.248562 0.512180 -1.205689
1.330933 0.151245 -0.621704 2.587721 0.294065 -1.208774
1.165771 0.201416 -0.702271 2.266600 0.391611 -1.365419
0.945801 0.228882 -0.739868 1.838912 0.445013 -1.438519
0.745361 0.198975 -0.648804 1.449200 0.386865 -1.261464
0.515381 0.212891 -0.607666 1.002051 0.413921 -1.181480
0.224731 0.344360 -0.679565 0.436943 0.669537 -1.321273
-0.106445 0.176025 -0.749634 -0.206961 0.342245 -1.457507
-0.468018 -0.081177 -0.776245 -0.909963 -0.157831 -1.509247
-0.831909 -0.211792 -0.660156 -1.617474 -0.411785 -1.283536
-1.284668 -0.318970 -0.505127 -2.497769 -0.620170 -0.982114
-1.855591 -0.134033 -0.284790 -3.607810 -0.260600 -0.553715
-1.637817 0.066895 -0.258423 -3.184395 0.130062 -0.502449
-0.595703 0.277466 -0.167236 -1.158221 0.539474 -0.325156
0.079102 0.277100 0.009521 0.153797 0.538762 0.018513
0.344238 0.170898 0.047729 0.669300 0.332276 0.092800
0.387207 0.192017 -0.021851 0.752843 0.373336 -0.042484
0.374756 0.232544 -0.112061 0.728635 0.452133 -0.217878
0.286377 0.205933 -0.038696 0.556800 0.400393 -0.075237
0.195923 0.136963 0.045044 0.380931 0.266296 0.087579
0.149170 0.068848 0.006836 0.290030 0.133860 0.013291
0.104614 0.052124 -0.087646 0.203401 0.101344 -0.170410
0.053589 0.063477 -0.135254 0.104192 0.123417 -0.262973
-0.002441 0.014404 -0.130005 -0.004747 0.028006 -0.252767
-0.069946 -0.044434 -0.067993 -0.135996 -0.086392 -0.132199
-0.086670 -0.009644 -0.019897 -0.168512 -0.018750 -0.038686
-0.069824 -0.006958 -0.059082 -0.135759 -0.013528 -0.114873
-0.064697 -0.012207 -0.110840 -0.125790 -0.023734 -0.215505
-0.055542 -0.027832 -0.083984 -0.107990 -0.054114 -0.163290
-0.035889 -0.041626 -0.062378 -0.069778 -0.080933 -0.121281
-0.013794 -0.039063 -0.043823 -0.026819 -0.075949 -0.085205
0.010132 -0.041382 -0.020630 0.019699 -0.080458 -0.040111
0.045166 -0.039185 -0.011597 0.087816 -0.076186 -0.022547
0.072998 -0.021729 -0.041382 0.141929 -0.042247 -0.080458
0.043335 0.019287 -0.088989 0.084256 0.037500 -0.173021
-0.002930 0.045044 -0.083984 -0.005696 0.087579 -0.163290
-0.007935 0.044067 -0.069092 -0.015427 0.085680 -0.134335
-0.008911 0.040771 -0.059692 -0.017326 0.079272 -0.116059
-0.034912 0.056030 -0.097900 -0.067879 0.108939 -0.190347
-0.029785 0.036987 -0.119751 -0.057911 0.071914 -0.232831
-0.012939 -0.001831 -0.105225 -0.025158 -0.003560 -0.204587
-0.020874 0.000854 -0.111938 -0.040585 0.001661 -0.217641
-0.051514 -0.007080 -0.129395 -0.100158 -0.013766 -0.251581
-0.046875 -0.007324 -0.139771 -0.091139 -0.014240 -0.271755
-0.005371 -0.005493 -0.128418 -0.010443 -0.010680 -0.249682
0.027954 0.013428 -0.113037 0.054351 0.026107 -0.219777
0.002808 0.040527 -0.138062 0.005459 0.078797 -0.268432
-0.015381 0.036011 -0.172485 -0.029905 0.070015 -0.335362
-0.006348 0.008789 -0.145142 -0.012342 0.017089 -0.282198
0.006836 0.005249 -0.114380 0.013291 0.010206 -0.222388
0.006348 0.011963 -0.128296 0.012342 0.023259 -0.249445
0.013062 0.036377 -0.182983 0.025395 0.070727 -0.355773
0.009766 0.068237 -0.203247 0.018987 0.132673 -0.395172
0.027710 0.096924 -0.159058 0.053876 0.188448 -0.309254
0.034180 0.077637 -0.140747 0.066455 0.150948 -0.273653
-0.033203 -0.017334 -0.170776 -0.064557 -0.033702 -0.332039
-0.083252 -0.085693 -0.203125 -0.161866 -0.166613 -0.394934
-0.051392 -0.133301 -0.283691 -0.099920 -0.259176 -0.551579
0.042847 -0.103149 -0.227051 0.083306 -0.200553 -0.441453
