0.047485 0.164673 -0.152832 0.092325 0.320172 -0.297150
0.143921 0.035278 -0.064453 0.279824 0.068591 -0.125316
0.010376 0.046509 -0.086792 0.020174 0.090427 -0.168749
-0.150757 -0.150757 -0.117554 -0.293115 -0.293115 -0.228559
-0.354492 -0.379883 0.034546 -0.689236 -0.738603 0.067167
-0.318726 -0.295166 0.363281 -0.619695 -0.573889 0.706325
0.002319 0.038330 0.468872 0.004509 0.074525 0.911624
0.045166 0.000488 0.382446 0.087816 0.000949 0.743587
0.204712 -0.160645 0.248657 0.398020 -0.312340 0.483462
0.574219 -0.275269 0.186157 1.116449 -0.535202 0.361944
1.002319 -0.369995 0.155884 1.948801 -0.719378 0.303084
1.426514 -0.495117 0.004272 2.773559 -0.962652 0.008307
1.331299 -0.666504 -0.214111 2.588433 -1.295878 -0.416295
1.366821 -0.665527 -0.226563 2.657499 -1.293979 -0.440504
1.539185 -0.299316 -0.113892 2.992624 -0.581958 -0.221438
1.524170 0.115723 -0.149414 2.963431 0.224999 -0.290505
1.443848 0.168701 -0.326782 2.807261 0.328004 -0.635360
1.283081 -0.060669 -0.562012 2.494684 -0.117958 -1.092715
1.036743 -0.355591 -0.935791 2.015731 -0.691372 -1.819451
0.773071 -0.528320 -1.110474 1.503076 -1.027209 -2.159085
0.464233 -0.586792 -1.235718 0.902605 -1.140895 -2.402596
0.098022 -0.538452 -1.265869 0.190584 -1.046908 -2.461219
-0.426147 -0.344116 -1.171875 -0.828555 -0.669062 -2.278467
-0.752075 0.027222 -0.930786 -1.462253 0.052927 -1.809720
-0.988037 0.415771 -0.712036 -1.921032 0.808381 -1.384406
-1.291748 0.564331 -0.574585 -2.511535 1.097224 -1.117161
-1.656006 0.477417 -0.458984 -3.219758 0.928238 -0.892399
-1.822266 0.231079 -0.354492 -3.543016 0.449285 -0.689236
-1.554688 0.102783 0.058716 -3.022766 0.199841 0.114161
-1.150391 0.190308 0.642090 -2.236695 0.370014 1.248410
-0.781616 0.241455 1.078369 -1.519690 0.469459 2.096664
-0.408569 -0.012817 1.247192 -0.794378 -0.024921 2.424906
0.005615 -0.298828 1.225708 0.010918 -0.581009 2.383134
0.346680 -0.504395 1.111450 0.674046 -0.980690 2.160983
0.564331 -0.481689 0.887817 1.097224 -0.936545 1.726176
0.571167 -0.373901 0.573975 1.110515 -0.726973 1.115974
0.466309 -0.404663 0.296387 0.906640 -0.786783 0.576262
0.333862 -0.406860 0.086792 0.649126 -0.791055 0.168749
0.170654 -0.358643 -0.147827 0.331802 -0.697306 -0.287419
-0.055664 -0.245728 -0.434082 -0.108227 -0.477766 -0.843982
-0.254639 -0.174805 -0.688477 -0.495092 -0.339871 -1.338599
-0.465210 -0.186523 -0.831421 -0.904504 -0.362656 -1.616525
-0.743408 -0.114624 -0.960327 -1.445402 -0.222863 -1.867156
-1.036255 0.111206 -1.157593 -2.014782 0.216217 -2.250698
-1.182739 0.266602 -1.443481 -2.299590 0.518351 -2.806549
-1.225342 0.381836 -1.671509 -2.382422 0.742400 -3.249901
-0.902588 0.554565 -1.567383 -1.754894 1.078237 -3.047449
-0.473389 0.601563 -1.168579 -0.920406 1.169613 -2.272058
-0.281250 0.430908 -0.849365 -0.546832 0.837811 -1.651414
-0.122192 0.285645 -0.683472 -0.237578 0.555376 -1.328868
0.038818 0.182373 -0.537476 0.075474 0.354586 -1.045009
0.119751 0.050903 -0.396851 0.232831 0.098971 -0.771593
0.130615 -0.038086 -0.269287 0.253954 -0.074050 -0.523573
0.060181 -0.051025 -0.141479 0.117009 -0.099208 -0.275077
-0.022095 0.019409 -0.051758 -0.042959 0.037737 -0.100632
-0.053467 0.077271 -0.013794 -0.103955 0.150236 -0.026819
-0.084473 0.053955 -0.022705 -0.164239 0.104904 -0.044145
-0.104370 0.023804 -0.051514 -0.202926 0.046281 -0.100158
-0.104248 -0.004028 -0.048950 -0.202689 -0.007832 -0.095173
-0.115479 -0.059937 -0.003906 -0.224524 -0.116534 -0.007595
-0.127563 -0.078125 0.035278 -0.248021 -0.151898 0.068591
-0.113159 0.020752 0.035522 -0.220014 0.040348 0.069066
-0.069092 0.123779 -0.017700 -0.134335 0.240663 -0.034414
-0.019043 0.154907 -0.089722 -0.037025 0.301185 -0.174445
0.035034 0.132568 -0.148804 0.068117 0.257752 -0.289318
0.057983 0.072998 -0.160767 0.112737 0.141929 -0.312577
-0.009399 -0.005493 -0.136597 -0.018275 -0.010680 -0.265584
-0.060303 0.001953 -0.090332 -0.117246 0.003797 -0.175632
-0.078857 0.044678 -0.046875 -0.153322 0.086867 -0.091139
-0.077515 0.029663 -0.051880 -0.150711 0.057674 -0.100870
-0.063232 0.012573 -0.079346 -0.122942 0.024446 -0.154271
-0.032104 0.005615 -0.113159 -0.062420 0.010918 -0.220014
-0.016113 -0.004395 -0.153320 -0.031329 -0.008544 -0.298099
-0.021973 0.006714 -0.179321 -0.042721 0.013054 -0.348653
-0.057617 -0.002441 -0.188354 -0.112025 -0.004747 -0.366216
-0.069946 0.030640 -0.184082 -0.135996 0.059572 -0.357909
-0.044312 0.056763 -0.175537 -0.086155 0.110363 -0.341295
0.012329 0.026001 -0.158936 0.023971 0.050553 -0.309017
0.021362 -0.024658 -0.166748 0.041535 -0.047943 -0.324207
0.009033 -0.042114 -0.175415 0.017563 -0.081882 -0.341058
