0.456665 -0.017456 -0.334839 0.887890 -0.033940 -0.651024
0.280273 0.166260 -0.126343 0.544933 0.323257 -0.245647
0.098389 0.124634 0.060425 0.191296 0.242324 0.117483
-0.028198 0.018921 0.115479 -0.054826 0.036788 0.224524
0.091675 -0.099365 0.098755 0.178243 -0.193195 0.192008
0.163086 -0.486328 0.139404 0.317087 -0.945564 0.271043
-0.046387 -0.754395 0.233521 -0.090189 -1.466763 0.454032
-0.189209 -0.533447 0.257935 -0.367877 -1.037177 0.501500
-0.394531 -0.456421 0.157349 -0.767084 -0.887415 0.305932
-0.659302 -0.118408 0.000122 -1.281875 -0.230220 0.000237
-1.156128 0.230591 -0.133789 -2.247850 0.448336 -0.260125
-1.839844 0.231934 -0.353271 -3.577193 0.450947 -0.686863
-2.454956 0.355957 -0.591064 -4.773150 0.692084 -1.149202
-2.483643 0.145752 -0.771851 -4.828926 0.283384 -1.500703
-1.356934 0.042358 -0.659302 -2.638275 0.082357 -1.281875
-0.407959 0.138184 -0.432617 -0.793191 0.268669 -0.841134
0.258545 0.305054 -0.292236 0.502687 0.593113 -0.568193
0.777954 0.285400 -0.209961 1.512570 0.554902 -0.408225
1.233154 0.069824 -0.205200 2.397612 0.135759 -0.398969
1.408691 -0.078979 -0.340698 2.738907 -0.153559 -0.662417
1.421143 0.109619 -0.295776 2.763116 0.213132 -0.575076
1.291992 0.307373 -0.140015 2.512010 0.597623 -0.272229
1.023560 0.302246 -0.076050 1.990098 0.587655 -0.147863
0.682251 0.029907 -0.245117 1.326495 0.058148 -0.476579
0.491699 -0.102173 -0.327393 0.956007 -0.198654 -0.636547
0.371338 -0.118530 -0.312378 0.721989 -0.230457 -0.607354
0.079468 -0.148438 -0.257568 0.154509 -0.288606 -0.500788
-0.312866 -0.220947 -0.121704 -0.608303 -0.429586 -0.236628
-0.625977 -0.289429 -0.126465 -1.217081 -0.562734 -0.245885
-0.817383 -0.369263 -0.204712 -1.589231 -0.717954 -0.398020
-1.064819 -0.254028 -0.198120 -2.070319 -0.493905 -0.385203
-1.365356 -0.006348 -0.147095 -2.654651 -0.012342 -0.285995
-1.732544 0.327759 -0.304688 -3.368571 0.637259 -0.592401
-2.002930 0.399658 -0.433838 -3.894279 0.777052 -0.843507
-1.407593 0.393799 -0.435791 -2.736771 0.765660 -0.847305
-0.686035 0.431763 -0.330322 -1.333852 0.839473 -0.642243
0.054443 0.308228 -0.299438 0.105854 0.599284 -0.582196
0.571167 0.199097 -0.304199 1.110515 0.387102 -0.591452
1.077148 -0.045288 -0.220215 2.094291 -0.088053 -0.428162
1.338135 -0.207642 -0.185791 2.601724 -0.403716 -0.361232
1.223267 -0.128296 -0.218384 2.378387 -0.249445 -0.424602
1.083862 -0.117554 -0.333740 2.107344 -0.228559 -0.648888
1.052734 -0.184204 -0.455444 2.046823 -0.358146 -0.885517
1.011597 -0.078491 -0.401123 1.966839 -0.152610 -0.779900
0.825317 0.038696 -0.301270 1.604658 0.075237 -0.585756
0.524780 0.039551 -0.312378 1.020326 0.076898 -0.607354
0.236938 -0.016602 -0.271729 0.460678 -0.032278 -0.528319
0.065308 0.015869 -0.162842 0.126977 0.030854 -0.316612
-0.021973 0.006226 -0.117920 -0.042721 0.012104 -0.229271
-0.194336 0.028564 -0.143555 -0.377846 0.055538 -0.279112
-0.302979 0.040771 -0.132690 -0.589079 0.079272 -0.257989
-0.283081 0.008545 -0.072144 -0.550392 0.016614 -0.140268
-0.230103 0.003418 -0.065552 -0.447386 0.006646 -0.127452
-0.205688 0.010986 -0.121216 -0.399918 0.021361 -0.235679
-0.177246 0.047119 -0.177124 -0.344618 0.091613 -0.344381
-0.149048 0.132813 -0.189575 -0.289792 0.258226 -0.368589
-0.141235 0.213989 -0.185547 -0.274603 0.416058 -0.360757
-0.139404 0.210938 -0.197632 -0.271043 0.410124 -0.384254
-0.110596 0.122925 -0.165649 -0.215030 0.239002 -0.322071
-0.081543 0.054932 -0.142944 -0.158543 0.106803 -0.277925
-0.070679 0.037598 -0.128174 -0.137420 0.073101 -0.249207
-0.053833 0.048950 -0.103638 -0.104667 0.095173 -0.201502
-0.034302 0.033203 -0.074585 -0.066693 0.064557 -0.145015
-0.041138 0.034912 -0.093262 -0.079984 0.067879 -0.181328
-0.051880 0.017822 -0.107422 -0.100870 0.034652 -0.208859
-0.045776 -0.006714 -0.106934 -0.089003 -0.013054 -0.207910
-0.033325 -0.011597 -0.100342 -0.064794 -0.022547 -0.195094
-0.012207 0.005127 -0.100586 -0.023734 0.009968 -0.195568
0.003052 0.025146 -0.109985 0.005934 0.048892 -0.213844
-0.015869 0.055298 -0.115112 -0.030854 0.107515 -0.223812
-0.024902 0.049194 -0.101196 -0.048417 0.095648 -0.196755
-0.005005 0.019165 -0.054077 -0.009731 0.037262 -0.105142
-0.005249 0.037720 -0.028809 -0.010206 0.073338 -0.056012
-0.031006 0.081177 -0.038086 -0.060284 0.157831 -0.074050
-0.062256 0.107910 -0.064941 -0.121044 0.209809 -0.126265
-0.102417 0.106812 -0.102905 -0.199128 0.207673 -0.200078
-0.117188 0.059326 -0.112061 -0.227847 0.115347 -0.217878
-0.125366 0.050171 -0.076294 -0.243748 0.097547 -0.148338
-0.113403 0.055298 -0.067627 -0.220489 0.107515 -0.131487
-0.075562 0.055054 -0.110474 -0.146914 0.107040 -0.214793
