0.091431 0.077881 -0.011108 0.177768 0.151423 -0.021598
0.160522 0.182739 0.030640 0.312102 0.355298 0.059572
-0.085327 -0.100708 -0.189331 -0.165901 -0.195806 -0.368115
-0.199219 -0.377441 -0.275757 -0.387339 -0.733856 -0.536152
-0.083252 -0.475586 -0.165649 -0.161866 -0.924678 -0.322071
-0.234131 -0.625977 -0.003540 -0.455219 -1.217081 -0.006883
-0.433960 -0.584106 0.020386 -0.843745 -1.135673 0.039636
-0.783691 -0.228394 -0.097778 -1.523725 -0.444064 -0.190110
-1.052612 0.374756 -0.319092 -2.046585 0.728635 -0.620408
-1.230713 0.435913 -0.501831 -2.392865 0.847542 -0.975706
-1.198242 0.270264 -0.607544 -2.329732 0.525471 -1.181243
-1.505371 0.337891 -0.677490 -2.926880 0.656958 -1.317239
-1.838867 0.886475 -0.596069 -3.575294 1.723565 -1.158933
-1.636108 0.425049 -0.635376 -3.181072 0.826419 -1.235356
-0.765869 0.134644 -0.503784 -1.489073 0.261786 -0.979503
-0.127197 0.376587 -0.523071 -0.247309 0.732195 -1.017003
0.530029 0.121094 -0.421143 1.030532 0.235442 -0.818824
0.921387 0.078735 -0.286499 1.791444 0.153084 -0.557038
0.934570 0.187012 -0.133423 1.817077 0.363605 -0.259413
1.060181 0.091553 -0.046021 2.061300 0.178005 -0.089477
1.278442 -0.005859 -0.057251 2.485665 -0.011392 -0.111313
1.401855 -0.065552 -0.143066 2.725616 -0.127452 -0.278163
1.444214 -0.105347 -0.229126 2.807973 -0.204825 -0.445488
1.441284 -0.187378 -0.332275 2.802277 -0.364317 -0.646040
1.294189 -0.189575 -0.426392 2.516282 -0.368589 -0.829030
0.891968 -0.145630 -0.403442 1.734245 -0.283147 -0.784410
0.591553 -0.128784 -0.360840 1.150151 -0.250394 -0.701578
0.272705 -0.057007 -0.351929 0.530218 -0.110838 -0.684252
0.049927 -0.014893 -0.369995 0.097072 -0.028956 -0.719378
-0.136719 -0.044067 -0.406006 -0.265821 -0.085680 -0.789394
-0.402588 -0.041626 -0.451538 -0.782748 -0.080933 -0.877922
-0.572632 -0.149048 -0.477661 -1.113363 -0.289792 -0.928713
-0.797607 -0.113159 -0.463623 -1.550781 -0.220014 -0.901418
-1.163940 0.025146 -0.529907 -2.263040 0.048892 -1.030294
-1.353760 -0.049072 -0.585571 -2.632104 -0.095411 -1.138521
-1.607666 0.015503 -0.609497 -3.125772 0.030142 -1.185040
-1.836914 0.081787 -0.583008 -3.571496 0.159018 -1.133537
-2.177246 0.305054 -0.491211 -4.233202 0.593113 -0.955057
-2.284912 0.626221 -0.380249 -4.442535 1.217556 -0.739315
-1.590820 0.523560 -0.360474 -3.093019 1.017952 -0.700866
-0.837646 0.258667 -0.282227 -1.628629 0.502924 -0.548731
-0.258057 0.128784 -0.137695 -0.501737 0.250394 -0.267720
0.133789 0.152710 0.000732 0.260125 0.296913 0.001424
0.480225 0.120850 -0.014038 0.933697 0.234967 -0.027294
0.844116 0.034546 -0.088745 1.641208 0.067167 -0.172546
1.120361 0.021973 -0.108643 2.178309 0.042721 -0.211233
1.228271 0.074585 -0.011475 2.388118 0.145015 -0.022310
1.346436 0.078003 0.058838 2.617863 0.151660 0.114398
1.467285 0.069336 0.005249 2.852830 0.134809 0.010206
1.471924 0.024658 -0.120850 2.861849 0.047943 -0.234967
1.370605 -0.028687 -0.135254 2.664857 -0.055775 -0.262973
1.225952 -0.173096 -0.127563 2.383609 -0.336549 -0.248021
1.103027 -0.207520 -0.116089 2.144607 -0.403478 -0.225711
0.990845 -0.173462 -0.086426 1.926491 -0.337261 -0.168037
0.800903 -0.117676 -0.088013 1.557190 -0.228796 -0.171122
0.605835 -0.072266 -0.129395 1.177920 -0.140505 -0.251581
0.408325 -0.081909 -0.106934 0.793903 -0.159255 -0.207910
0.261597 -0.056030 -0.031250 0.508620 -0.108939 -0.060759
0.125000 -0.041138 0.045166 0.243036 -0.079984 0.087816
0.016846 -0.023438 0.071167 0.032753 -0.045569 0.138369
-0.059326 0.008057 0.030396 -0.115347 0.015664 0.059098
-0.130127 -0.037598 0.003174 -0.253005 -0.073101 0.006171
-0.204346 0.010376 -0.011841 -0.397308 0.020174 -0.023022
-0.254761 0.114136 -0.051880 -0.495329 0.221913 -0.100870
-0.264648 0.120239 -0.090332 -0.514554 0.233780 -0.175632
-0.190063 0.014404 -0.105469 -0.369539 0.028006 -0.205062
-0.136108 -0.021606 -0.120117 -0.264634 -0.042009 -0.233543
-0.159058 0.056396 -0.133789 -0.309254 0.109651 -0.260125
-0.147583 0.072632 -0.140137 -0.286944 0.141217 -0.272467
-0.100098 0.044556 -0.123291 -0.194619 0.086629 -0.239714
-0.052490 0.016968 -0.109009 -0.102056 0.032990 -0.211945
-0.013550 0.013672 -0.123047 -0.026345 0.026582 -0.239239
0.001465 -0.003296 -0.118530 0.002848 -0.006408 -0.230457
-0.015747 -0.004517 -0.101929 -0.030617 -0.008782 -0.198179
-0.042603 0.028320 -0.092529 -0.082832 0.055063 -0.179904
-0.053711 0.034668 -0.065552 -0.104430 0.067405 -0.127452
-0.020020 0.019165 -0.066895 -0.038924 0.037262 -0.130062
0.007813 0.024292 -0.106567 0.015190 0.047231 -0.207198
0.018921 0.021484 -0.137329 0.036788 0.041772 -0.267008
0.012695 0.008179 -0.135010 0.024683 0.015902 -0.262498
