0.058350 -0.354004 -0.260254 0.113449 -0.688287 -0.506009
0.147461 -0.443726 -0.170776 0.286707 -0.862732 -0.332039
-0.188599 -0.510010 -0.094482 -0.366691 -0.991608 -0.183701
-0.677856 -0.435303 0.255981 -1.317951 -0.846355 0.497703
-0.209473 -0.158081 0.566528 -0.407276 -0.307356 1.101496
0.075317 -0.129761 0.582886 0.146439 -0.252293 1.133300
0.321045 -0.115479 0.411011 0.624205 -0.224524 0.799125
0.752686 -0.239746 0.069824 1.463440 -0.466136 0.135759
0.949707 -0.425903 -0.068604 1.846507 -0.828080 -0.133385
1.104736 -0.560181 0.012939 2.147930 -1.089155 0.025158
1.253174 -0.357056 0.023438 2.436535 -0.694220 0.045569
1.218018 -0.309937 -0.141602 2.368181 -0.602607 -0.275315
1.249878 -0.272949 -0.333618 2.430127 -0.530693 -0.648651
1.436768 -0.089722 -0.438477 2.793495 -0.174445 -0.852526
1.456299 -0.158691 -0.409302 2.831470 -0.308542 -0.795802
1.411377 -0.079956 -0.513794 2.744128 -0.155458 -0.998965
1.204468 -0.019043 -0.590332 2.341837 -0.037025 -1.147778
0.853271 -0.095947 -0.654541 1.659009 -0.186549 -1.272619
0.510986 -0.091797 -0.762817 0.993506 -0.178480 -1.483139
0.133789 -0.106323 -0.881958 0.260125 -0.206723 -1.714784
-0.220337 -0.171753 -0.961792 -0.428399 -0.333938 -1.870004
-0.564575 -0.185303 -0.984619 -1.097699 -0.360283 -1.914387
-0.739258 -0.124512 -1.043823 -1.437333 -0.242087 -2.029497
-0.955933 0.001465 -1.045532 -1.858612 0.002848 -2.032820
-1.159180 0.164551 -0.871948 -2.253783 0.319935 -1.695322
-1.271362 0.317139 -0.550659 -2.471899 0.616610 -1.070642
-1.107910 0.336914 -0.083618 -2.154100 0.655059 -0.162578
-0.823730 0.296387 0.376221 -1.601572 0.576262 0.731483
-0.496582 0.173828 0.806519 -0.965500 0.337973 1.568107
-0.192871 0.034668 1.166870 -0.374998 0.067405 2.268736
-0.014038 -0.077393 1.292114 -0.027294 -0.150474 2.512247
0.131836 -0.095093 1.201172 0.256328 -0.184888 2.335428
0.214233 -0.091187 0.928711 0.416532 -0.177293 1.805685
0.267212 -0.040161 0.579590 0.519538 -0.078085 1.126892
0.300415 -0.061890 0.308716 0.584094 -0.120332 0.600234
0.235596 -0.159790 0.121582 0.458067 -0.310678 0.236391
0.129517 -0.095337 -0.094604 0.251818 -0.185363 -0.183939
-0.005615 -0.013794 -0.331909 -0.010918 -0.026819 -0.645328
-0.165161 -0.083252 -0.566040 -0.321121 -0.161866 -1.100547
-0.360474 -0.132446 -0.778442 -0.700866 -0.257514 -1.513519
-0.583740 -0.149536 -1.001587 -1.134961 -0.290742 -1.947377
-0.817871 -0.208862 -1.209595 -1.590180 -0.406089 -2.351805
-1.047119 -0.098877 -1.407715 -2.035905 -0.192246 -2.737008
-1.230835 0.231689 -1.503052 -2.393102 0.450472 -2.922371
-1.132446 0.602661 -1.331543 -2.201806 1.171749 -2.588908
-0.877319 0.680908 -0.997803 -1.705765 1.323884 -1.940019
-0.564087 0.432373 -0.692383 -1.096749 0.840659 -1.346194
-0.301758 0.213501 -0.428467 -0.586705 0.415108 -0.833064
-0.135498 0.011719 -0.243286 -0.263448 0.022785 -0.473019
0.003540 -0.095459 -0.223877 0.006883 -0.185600 -0.435282
0.010620 -0.057617 -0.298340 0.020649 -0.112025 -0.580060
0.015259 -0.031250 -0.244629 0.029668 -0.060759 -0.475630
0.078003 0.059692 -0.163940 0.151660 0.116059 -0.318748
0.111694 0.087280 -0.162720 0.217166 0.169698 -0.316375
0.161987 0.064209 -0.157593 0.314951 0.124841 -0.306406
0.156250 0.038940 -0.149658 0.303796 0.075712 -0.290979
0.100586 -0.007690 -0.151733 0.195568 -0.014952 -0.295014
0.040039 -0.046265 -0.130615 0.077848 -0.089952 -0.253954
-0.024170 -0.017700 -0.077881 -0.046993 -0.034414 -0.151423
-0.055054 0.059204 -0.045410 -0.107040 0.115110 -0.088291
-0.051147 0.081421 -0.065552 -0.099446 0.158306 -0.127452
-0.020020 0.044434 -0.107544 -0.038924 0.086392 -0.209097
-0.004395 0.003784 -0.117554 -0.008544 0.007358 -0.228559
-0.006714 -0.056641 -0.094727 -0.013054 -0.110126 -0.184176
-0.010376 -0.089722 -0.070190 -0.020174 -0.174445 -0.136471
-0.025635 -0.049927 -0.065186 -0.049841 -0.097072 -0.126740
-0.042480 -0.027954 -0.071167 -0.082594 -0.054351 -0.138369
-0.067505 -0.045288 -0.100708 -0.131249 -0.088053 -0.195806
-0.075317 -0.056274 -0.125488 -0.146439 -0.109414 -0.243986
-0.057007 -0.024780 -0.120728 -0.110838 -0.048180 -0.234730
-0.041626 -0.012085 -0.118286 -0.080933 -0.023497 -0.229983
-0.050781 0.003906 -0.121216 -0.098734 0.007595 -0.235679
-0.048340 0.000732 -0.110352 -0.093987 0.001424 -0.214556
-0.036011 -0.021240 -0.096558 -0.070015 -0.041297 -0.187736
-0.034424 -0.029785 -0.113770 -0.066930 -0.057911 -0.221201
-0.032104 -0.005493 -0.128784 -0.062420 -0.010680 -0.250394
0.001099 0.000732 -0.120728 0.002136 0.001424 -0.234730
-0.008423 0.016602 -0.122559 -0.016376 0.032278 -0.238290
-0.016968 0.025513 -0.124512 -0.032990 0.049604 -0.242087
-0.030273 0.026001 -0.125732 -0.058860 0.050553 -0.244460
