-0.262817 0.163574 0.031128 -0.510994 0.318036 0.060522
-0.342529 0.295898 -0.003296 -0.665977 0.575313 -0.006408
-0.445801 -0.142090 -0.144531 -0.866767 -0.276264 -0.281011
-0.538086 -0.424683 -0.185059 -1.046196 -0.825707 -0.359808
-0.602173 -0.641724 -0.202515 -1.170800 -1.247698 -0.393748
-0.708984 -0.399780 -0.209595 -1.378472 -0.777289 -0.407513
-1.093628 -0.058472 -0.214478 -2.126332 -0.113686 -0.417007
-1.583984 -0.312012 -0.314331 -3.079728 -0.606642 -0.611151
-1.522705 -0.133057 -0.333496 -2.960583 -0.258701 -0.648414
-0.654175 -0.071777 -0.356934 -1.271907 -0.139556 -0.693983
-0.150391 0.004272 -0.384277 -0.292403 0.008307 -0.747147
0.360840 0.130493 -0.402466 0.701578 0.253717 -0.782511
0.828857 0.059937 -0.472534 1.611541 0.116534 -0.918744
1.190552 0.028564 -0.553223 2.314780 0.055538 -1.075626
1.343384 0.167603 -0.563721 2.611930 0.325868 -1.096037
1.238159 0.312256 -0.535156 2.407342 0.607116 -1.040500
1.066406 0.302612 -0.477783 2.073405 0.588367 -0.928950
1.007202 0.103516 -0.491577 1.958295 0.201265 -0.955769
0.586792 0.146362 -0.442871 1.140895 0.284571 -0.861071
0.249023 0.267090 -0.273926 0.484174 0.519301 -0.532592
0.110718 0.262451 -0.295532 0.215268 0.510282 -0.574601
-0.125122 0.049683 -0.309326 -0.243274 0.096597 -0.601420
-0.474487 -0.134888 -0.276123 -0.922542 -0.262261 -0.536864
-0.848755 -0.153809 -0.166138 -1.650227 -0.299049 -0.323020
-1.370239 -0.231812 -0.043335 -2.664145 -0.450709 -0.084256
-1.769897 -0.449341 -0.053711 -3.441197 -0.873650 -0.104430
-1.523926 -0.284180 -0.182373 -2.962956 -0.552528 -0.354586
-1.349243 -0.170532 -0.210449 -2.623322 -0.331564 -0.409175
-1.258179 -0.046265 -0.277222 -2.446266 -0.089952 -0.539000
-0.808960 0.022095 -0.309570 -1.572854 0.042959 -0.601895
-0.080566 -0.015503 -0.292480 -0.156645 -0.030142 -0.568667
0.510498 -0.139526 -0.300415 0.992557 -0.271280 -0.584094
0.857178 -0.117188 -0.398438 1.666603 -0.227847 -0.774679
1.049316 0.052490 -0.413818 2.040177 0.102056 -0.804584
1.113892 0.143188 -0.416870 2.165730 0.278400 -0.810517
1.045654 0.124023 -0.451538 2.033057 0.241138 -0.877922
0.917114 0.097900 -0.487061 1.783138 0.190347 -0.946988
0.820313 0.108521 -0.471436 1.594927 0.210996 -0.916608
0.723633 0.061035 -0.472290 1.406953 0.118670 -0.918270
0.588257 0.017212 -0.413330 1.143743 0.033465 -0.803634
0.447021 -0.034668 -0.315430 0.869140 -0.067405 -0.613287
0.297974 -0.012817 -0.257202 0.579348 -0.024921 -0.500076
-0.054077 0.037354 -0.194336 -0.105142 0.072626 -0.377846
-0.136841 0.034790 -0.166260 -0.266058 0.067642 -0.323257
-0.010254 0.001831 -0.154297 -0.019937 0.003560 -0.299998
-0.103638 0.036499 -0.161621 -0.201502 0.070965 -0.314239
-0.178589 0.085571 -0.149170 -0.347229 0.166376 -0.290030
-0.157471 0.110352 -0.147949 -0.306169 0.214556 -0.287656
-0.175537 0.177246 -0.134644 -0.341295 0.344618 -0.261786
-0.196167 0.129272 -0.145264 -0.381406 0.251343 -0.282435
-0.167480 0.083740 -0.149292 -0.325631 0.162815 -0.290267
-0.133301 0.024902 -0.144043 -0.259176 0.048417 -0.280062
-0.116333 0.020874 -0.155640 -0.226185 0.040585 -0.302609
-0.114746 0.075073 -0.157471 -0.223100 0.145964 -0.306169
-0.106567 0.069336 -0.160156 -0.207198 0.134809 -0.311390
-0.090576 0.083008 -0.160400 -0.176106 0.161391 -0.311865
-0.070679 0.069580 -0.149292 -0.137420 0.135284 -0.290267
-0.046143 0.042480 -0.128906 -0.089715 0.082594 -0.250631
-0.021973 0.026855 -0.102905 -0.042721 0.052215 -0.200078
-0.015137 0.039063 -0.088379 -0.029430 0.075949 -0.171834
-0.020996 0.051025 -0.085815 -0.040823 0.099208 -0.166850
-0.026001 0.062134 -0.094482 -0.050553 0.120806 -0.183701
-0.045044 0.074341 -0.105225 -0.087579 0.144540 -0.204587
-0.037354 0.070557 -0.102905 -0.072626 0.137183 -0.200078
-0.024414 0.075195 -0.093018 -0.047468 0.146202 -0.180853
-0.017090 0.077881 -0.095825 -0.033228 0.151423 -0.186312
-0.017334 0.094116 -0.084473 -0.033702 0.182989 -0.164239
-0.026245 0.077393 -0.065430 -0.051028 0.150474 -0.127214
-0.038208 0.012817 -0.079834 -0.074288 0.024921 -0.155221
-0.037964 -0.064819 -0.086670 -0.073813 -0.126028 -0.168512
-0.018799 -0.061035 -0.060669 -0.036550 -0.118670 -0.117958
-0.031616 0.018311 -0.044434 -0.061471 0.035601 -0.086392
-0.002075 0.032104 -0.044800 -0.004035 0.062420 -0.087104
0.051880 -0.006836 -0.067627 0.100870 -0.013291 -0.131487
0.057983 -0.099121 -0.053711 0.112737 -0.192720 -0.104430
0.058594 -0.088013 0.007813 0.113923 -0.171122 0.015190
0.025146 -0.049194 0.009888 0.048892 -0.095648 0.019225
-0.000244 -0.012573 -0.038330 -0.000475 -0.024446 -0.074525
0.013794 0.017334 -0.066406 0.026819 0.033702 -0.129113
0.031494 0.054443 -0.118164 0.061234 0.105854 -0.229745
