-0.189941 0.053223 0.012451 -0.369301 0.103480 0.024209
-0.118774 0.195557 0.088257 -0.230932 0.380219 0.171597
-0.222778 0.282593 0.142700 -0.433146 0.549443 0.277451
-0.247803 0.248779 0.230591 -0.481801 0.483700 0.448336
-0.109131 0.193604 0.432983 -0.212182 0.376422 0.841846
0.070801 0.232422 0.385498 0.137657 0.451896 0.749521
0.015259 -0.132690 0.284302 0.029668 -0.257989 0.552766
-0.289429 -0.129150 0.466675 -0.562734 -0.251106 0.907352
-0.510376 0.100342 0.707397 -0.992320 0.195094 1.375387
-0.734863 0.131836 0.763672 -1.428789 0.256328 1.484801
-1.086670 0.193970 0.786499 -2.112803 0.377134 1.529184
-1.194214 0.201294 0.642944 -2.321900 0.391374 1.250071
-1.128662 0.198364 0.497314 -2.194448 0.385678 0.966924
-1.183472 0.177368 0.254272 -2.301014 0.344855 0.494380
-1.239990 0.192627 -0.057251 -2.410903 0.374523 -0.111313
-1.197021 0.217163 -0.324463 -2.327359 0.422228 -0.630850
-1.104126 0.378540 -0.556519 -2.146743 0.735992 -1.082034
-0.960449 0.636597 -0.790649 -1.867393 1.237730 -1.537253
-0.701050 0.786987 -1.067139 -1.363045 1.530133 -2.074829
-0.312988 0.695801 -1.316040 -0.608540 1.352840 -2.558766
0.250000 0.554321 -1.447632 0.486073 1.077762 -2.814618
0.770752 0.373413 -1.395264 1.498567 0.726024 -2.712800
1.042725 0.217407 -1.172119 2.027361 0.422703 -2.278941
1.131836 0.028809 -0.914429 2.200619 0.056012 -1.777916
1.130615 -0.087524 -0.737549 2.198246 -0.170173 -1.434010
1.134155 -0.128052 -0.514526 2.205129 -0.248970 -1.000389
1.146851 -0.144897 -0.325195 2.229812 -0.281723 -0.632275
1.077026 -0.081421 -0.116333 2.094053 -0.158306 -0.226185
0.972534 0.060791 0.122925 1.890890 0.118195 0.239002
0.832275 0.268433 0.302368 1.618186 0.521911 0.587892
0.674805 0.225098 0.348267 1.312017 0.437655 0.677132
0.597656 0.128174 0.298706 1.162018 0.249207 0.580772
0.559937 0.068726 0.279785 1.088680 0.133623 0.543984
0.518555 -0.062378 0.283447 1.008222 -0.121281 0.551104
0.443970 -0.165039 0.282104 0.863207 -0.320884 0.548493
0.300659 -0.185303 0.286499 0.584569 -0.360283 0.557038
0.063843 -0.106812 0.361816 0.124129 -0.207673 0.703477
-0.224976 -0.063110 0.397461 -0.437418 -0.122705 0.772780
-0.496582 -0.046265 0.353882 -0.965500 -0.089952 0.688049
-0.689209 -0.131470 0.314209 -1.340023 -0.255615 0.610914
-0.795532 -0.363159 0.283447 -1.546747 -0.706087 0.551104
-0.965332 -0.469238 0.328857 -1.876887 -0.912336 0.639395
-1.143066 -0.270752 0.341431 -2.222454 -0.526421 0.663841
-1.245605 0.080322 0.289307 -2.421820 0.156170 0.562496
-1.117065 0.440063 0.122681 -2.171901 0.855612 0.238527
-0.800903 0.613403 -0.018188 -1.557190 1.192635 -0.035364
-0.590820 0.507690 -0.125977 -1.148727 0.987098 -0.244935
-0.531372 0.390259 -0.184570 -1.033142 0.758777 -0.358858
-0.536987 0.354248 -0.139648 -1.044060 0.688762 -0.271517
-0.469727 0.370605 -0.064453 -0.913285 0.720565 -0.125316
-0.394775 0.427490 -0.041626 -0.767558 0.831166 -0.080933
-0.321411 0.331543 -0.029053 -0.624917 0.644616 -0.056487
-0.255005 0.233765 -0.039917 -0.495804 0.454507 -0.077610
-0.270874 0.222900 -0.058838 -0.526658 0.433383 -0.114398
-0.283081 0.243652 -0.082031 -0.550392 0.473731 -0.159493
-0.220703 0.221802 -0.079834 -0.429111 0.431247 -0.155221
-0.140991 0.150146 -0.075073 -0.274128 0.291929 -0.145964
-0.075562 0.095581 -0.101196 -0.146914 0.185837 -0.196755
-0.060303 0.099609 -0.147339 -0.117246 0.193670 -0.286470
-0.085449 0.110107 -0.154785 -0.166138 0.214081 -0.300947
-0.069092 0.110229 -0.117065 -0.134335 0.214318 -0.227609
-0.061279 0.097534 -0.102295 -0.119145 0.189635 -0.198891
-0.052734 0.035156 -0.107788 -0.102531 0.068354 -0.209571
-0.051636 0.010620 -0.137329 -0.100395 0.020649 -0.267008
-0.072754 0.005371 -0.184570 -0.141455 0.010443 -0.358858
-0.084106 0.006592 -0.200562 -0.163527 0.012816 -0.389950
-0.066162 0.034912 -0.172119 -0.128638 0.067879 -0.334650
-0.049194 0.045288 -0.162476 -0.095648 0.088053 -0.315900
-0.066162 0.066162 -0.190308 -0.128638 0.128638 -0.370014
-0.067261 0.030396 -0.186279 -0.130774 0.059098 -0.362181
-0.046021 0.005493 -0.136963 -0.089477 0.010680 -0.266296
-0.036865 0.029907 -0.111938 -0.071677 0.058148 -0.217641
-0.051636 0.041260 -0.121948 -0.100395 0.080221 -0.237103
-0.049927 0.007813 -0.135376 -0.097072 0.015190 -0.263210
-0.050659 0.003540 -0.129028 -0.098496 0.006883 -0.250869
-0.052612 0.023315 -0.114502 -0.102294 0.045332 -0.222625
-0.047363 0.050537 -0.104858 -0.092088 0.098259 -0.203875
-0.025635 0.063965 -0.099487 -0.049841 0.124366 -0.193432
-0.026123 0.064331 -0.095581 -0.050791 0.125078 -0.185837
-0.018066 0.052490 -0.072021 -0.035126 0.102056 -0.140031
