0.288330 0.069946 -0.262085 0.560598 0.135996 -0.509570
0.197266 0.032593 -0.241089 0.383542 0.063370 -0.468747
0.112061 0.262085 -0.166870 0.217878 0.509570 -0.324444
0.055176 0.482422 -0.068481 0.107278 0.937969 -0.133148
0.055176 0.389893 -0.008667 0.107278 0.758065 -0.016851
-0.021606 -0.034058 -0.080322 -0.042009 -0.066218 -0.156170
-0.261841 -0.317139 -0.201050 -0.509095 -0.616610 -0.390899
-0.552002 -0.209961 -0.191772 -1.073253 -0.408225 -0.372862
-0.888794 -0.089478 -0.022339 -1.728075 -0.173970 -0.043433
-1.235474 0.238770 0.106812 -2.402121 0.464238 0.207673
-1.528198 0.337524 0.013550 -2.971263 0.656246 0.026345
-1.279663 0.245605 -0.134033 -2.488038 0.477529 -0.260600
-1.177612 0.302734 -0.175903 -2.289622 0.588604 -0.342007
-1.073730 0.164673 -0.140503 -2.087645 0.320172 -0.273179
-0.790649 0.216919 -0.092896 -1.537253 0.421754 -0.180616
-0.698608 0.481567 -0.125488 -1.358298 0.936307 -0.243986
-0.850464 0.481323 0.045898 -1.653550 0.935833 0.089240
-0.957886 0.184204 0.405151 -1.862409 0.358146 0.787732
-0.622314 -0.116089 0.396606 -1.209961 -0.225711 0.771119
-0.416260 -0.343262 0.307617 -0.809330 -0.667401 0.598098
-0.402344 -0.205322 0.185547 -0.782274 -0.399206 0.360757
-0.294556 -0.083008 0.107300 -0.572702 -0.161391 0.208622
0.025146 -0.147217 0.071533 0.048892 -0.286232 0.139081
0.411987 -0.398315 -0.069092 0.801023 -0.774441 -0.134335
0.617188 -0.619385 -0.260742 1.199993 -1.204265 -0.506959
0.888794 -0.574707 -0.433716 1.728075 -1.117398 -0.843270
1.254272 -0.505249 -0.453857 2.438671 -0.982351 -0.882431
1.226318 -0.531494 -0.531128 2.384320 -1.033380 -1.032668
1.213867 -0.370117 -0.673706 2.360112 -0.719616 -1.309881
1.138550 -0.247925 -0.629761 2.213673 -0.482038 -1.224439
0.935547 -0.181885 -0.631592 1.818976 -0.353637 -1.227999
0.653809 -0.142822 -0.628662 1.271195 -0.277688 -1.222302
0.465088 -0.204224 -0.605835 0.904266 -0.397070 -1.177920
0.341064 -0.215698 -0.649170 0.663129 -0.419380 -1.262176
0.168213 -0.037598 -0.734131 0.327055 -0.073101 -1.427364
-0.039551 0.096191 -0.721436 -0.076898 0.187024 -1.402681
-0.196899 0.063477 -0.696533 -0.382830 0.123417 -1.354264
-0.354614 -0.108398 -0.820923 -0.689474 -0.210758 -1.596113
-0.468872 0.024658 -1.002563 -0.911624 0.047943 -1.949276
-0.687256 0.413818 -1.063110 -1.336226 0.804584 -2.066997
-0.937866 0.553833 -0.876587 -1.823485 1.076813 -1.704341
-1.183472 0.445190 -0.751221 -2.301014 0.865580 -1.460592
-1.732300 0.208862 -0.788208 -3.368096 0.406089 -1.532506
-1.831787 0.395264 -0.685059 -3.561528 0.768508 -1.331954
-1.257202 0.367676 -0.520752 -2.444368 0.714869 -1.012494
-0.676392 0.299438 -0.226807 -1.315103 0.582196 -0.440978
-0.412476 0.359375 -0.139038 -0.801973 0.698730 -0.270331
-0.238403 0.305176 -0.131958 -0.463526 0.593351 -0.256565
0.039917 0.148071 -0.052124 0.077610 0.287894 -0.101344
0.182007 0.039307 -0.082153 0.353874 0.076424 -0.159730
0.139404 -0.056152 -0.159546 0.271043 -0.109177 -0.310204
0.152954 -0.068237 -0.126953 0.297387 -0.132673 -0.246834
0.127197 0.047119 -0.146240 0.247309 0.091613 -0.284334
0.106323 0.133057 -0.172119 0.206723 0.258701 -0.334650
0.093628 0.111938 -0.151611 0.182040 0.217641 -0.294777
0.034546 0.073975 -0.088135 0.067167 0.143828 -0.171360
-0.036743 0.068115 -0.048096 -0.071439 0.132436 -0.093512
-0.026489 0.176758 -0.066650 -0.051503 0.343669 -0.129588
0.013184 0.189819 -0.111084 0.025633 0.369064 -0.215980
0.041626 0.139648 -0.120605 0.080933 0.271517 -0.234492
0.058228 0.091431 -0.111816 0.113211 0.177768 -0.217404
0.024170 0.051880 -0.113892 0.046993 0.100870 -0.221438
-0.000488 0.079590 -0.066895 -0.000949 0.154746 -0.130062
0.009277 0.165771 -0.047974 0.018038 0.322308 -0.093275
0.016479 0.211426 -0.092651 0.032041 0.411073 -0.180141
0.020142 0.214111 -0.155518 0.039161 0.416295 -0.302372
0.013306 0.140137 -0.179077 0.025870 0.272467 -0.348178
-0.020752 0.074463 -0.165283 -0.040348 0.144778 -0.321359
0.001221 0.127075 -0.130615 0.002373 0.247071 -0.253954
0.038086 0.154663 -0.111572 0.074050 0.300710 -0.216929
0.024048 0.125977 -0.102295 0.046756 0.244935 -0.198891
0.013184 0.104248 -0.127686 0.025633 0.202689 -0.248258
0.012085 0.086914 -0.157593 0.023497 0.168986 -0.306406
-0.016357 0.036133 -0.144897 -0.031804 0.070253 -0.281723
-0.055786 -0.005249 -0.110718 -0.108465 -0.010206 -0.215268
-0.035156 -0.002441 -0.069458 -0.068354 -0.004747 -0.135047
-0.026123 0.012085 -0.100830 -0.050791 0.023497 -0.196043
-0.022339 0.014893 -0.152466 -0.043433 0.028956 -0.296438
-0.015747 -0.016846 -0.144531 -0.030617 -0.032753 -0.281011
-0.038940 -0.034668 -0.143433 -0.075712 -0.067405 -0.278875
