0.140137 0.009399 -0.240234 0.272467 0.018275 -0.467086
0.183105 -0.097900 -0.212158 0.356010 -0.190347 -0.412497
0.201050 -0.009399 -0.210083 0.390899 -0.018275 -0.408463
0.100952 -0.159180 -0.221069 0.196280 -0.309492 -0.429823
0.061035 -0.396362 -0.174438 0.118670 -0.770644 -0.339159
0.095703 -0.631714 -0.076294 0.186075 -1.228236 -0.148338
0.158325 -0.254272 0.045288 0.307830 -0.494380 0.088053
-0.032593 -0.193726 0.045532 -0.063370 -0.376659 0.088528
-0.239502 0.410889 -0.068604 -0.465662 0.798887 -0.133385
-0.492065 0.366333 -0.086548 -0.956719 0.712258 -0.168274
-0.555176 -0.051025 -0.143921 -1.079424 -0.099208 -0.279824
-0.498657 -0.030029 -0.172607 -0.969535 -0.058386 -0.335599
-0.522339 0.046387 -0.223633 -1.015579 0.090189 -0.434807
-0.617798 -0.178223 -0.365112 -1.201179 -0.346517 -0.709885
-0.821533 -0.377075 -0.476929 -1.597300 -0.733144 -0.927288
-1.128296 -0.312256 -0.494507 -2.193736 -0.607116 -0.961465
-1.475830 -0.056152 -0.411011 -2.869444 -0.109177 -0.799125
-1.640381 0.358154 -0.371094 -3.189379 0.696356 -0.721514
-1.857910 0.447388 -0.456421 -3.612319 0.869852 -0.887415
-1.844238 0.456421 -0.655273 -3.585737 0.887415 -1.274043
-1.257446 0.273315 -0.752197 -2.444842 0.531405 -1.462491
-0.494263 -0.015869 -0.381226 -0.960991 -0.030854 -0.741214
-0.023926 0.196167 -0.036133 -0.046519 0.381406 -0.070253
0.388550 0.147095 0.030396 0.755454 0.285995 0.059098
0.795410 -0.052246 -0.113037 1.546509 -0.101582 -0.219777
1.103638 -0.065430 -0.263672 2.145793 -0.127214 -0.512655
1.267822 -0.024292 -0.347290 2.465016 -0.047231 -0.675233
1.407593 -0.044312 -0.416016 2.736771 -0.086155 -0.808856
1.432007 -0.101807 -0.455688 2.784239 -0.197942 -0.885991
1.410278 -0.201782 -0.478027 2.741992 -0.392323 -0.929425
1.271606 -0.207031 -0.474854 2.472374 -0.402529 -0.923254
1.141479 -0.151123 -0.478149 2.219369 -0.293827 -0.929662
0.889893 -0.093018 -0.458252 1.730211 -0.180853 -0.890975
0.604980 -0.004150 -0.440308 1.176258 -0.008070 -0.856086
0.411621 -0.056030 -0.369995 0.800311 -0.108939 -0.719378
0.191772 -0.064087 -0.275146 0.372862 -0.124604 -0.534965
-0.008423 -0.100586 -0.220093 -0.016376 -0.195568 -0.427925
-0.184082 -0.201416 -0.227173 -0.357909 -0.391611 -0.441690
-0.454834 -0.165161 -0.204834 -0.884330 -0.321121 -0.398257
-0.721558 -0.088013 -0.152832 -1.402918 -0.171122 -0.297150
-0.960083 0.053589 -0.046387 -1.866681 0.104192 -0.090189
-1.118286 0.088257 0.049927 -2.174274 0.171597 0.097072
-1.230835 0.044067 0.044556 -2.393102 0.085680 0.086629
-1.393677 -0.041748 -0.062866 -2.709714 -0.081170 -0.122230
-1.626587 0.171143 -0.067993 -3.162559 0.332751 -0.132199
-1.789917 0.260498 -0.125122 -3.480121 0.506484 -0.243274
-1.698730 -0.021729 -0.185181 -3.302827 -0.042247 -0.360045
-1.431152 0.027100 -0.094360 -2.782578 0.052690 -0.183464
-1.122803 0.303467 -0.034546 -2.183056 0.590028 -0.067167
-0.780518 0.282349 -0.064697 -1.517554 0.548968 -0.125790
-0.314453 0.291504 -0.113525 -0.611389 0.566769 -0.220726
0.058472 0.327515 -0.182007 0.113686 0.636784 -0.353874
0.376343 0.187256 -0.271484 0.731720 0.364080 -0.527845
0.636108 0.134521 -0.354004 1.236780 0.261549 -0.688287
0.843506 0.153564 -0.407104 1.640021 0.298574 -0.791530
0.992920 0.159790 -0.443115 1.930526 0.310678 -0.861545
1.113525 0.070190 -0.446899 2.165018 0.136471 -0.868903
1.184326 -0.015503 -0.450317 2.302675 -0.030142 -0.875548
1.153076 -0.117432 -0.455811 2.241916 -0.228321 -0.886229
1.002075 -0.202637 -0.426758 1.948326 -0.393985 -0.829742
0.820679 -0.165283 -0.337402 1.595639 -0.321359 -0.656009
0.714966 -0.067993 -0.246338 1.390102 -0.132199 -0.478953
0.679565 -0.071289 -0.216797 1.321273 -0.138607 -0.421516
0.640625 -0.132324 -0.265137 1.245562 -0.257277 -0.515503
0.505493 -0.140137 -0.239624 0.982826 -0.272467 -0.465899
0.381958 -0.126343 -0.188965 0.742638 -0.245647 -0.367403
0.227417 -0.068359 -0.142578 0.442165 -0.132911 -0.277213
0.129272 -0.073853 -0.102661 0.251343 -0.143591 -0.199603
0.058105 -0.043579 -0.076904 0.112974 -0.084730 -0.149524
-0.002563 0.028442 -0.082642 -0.004984 0.055300 -0.160679
-0.051025 0.028931 -0.076660 -0.099208 0.056250 -0.149050
-0.074951 0.069946 -0.071167 -0.145727 0.135996 -0.138369
-0.113159 0.135742 -0.061157 -0.220014 0.263922 -0.118907
-0.101196 0.118896 -0.038452 -0.196755 0.231169 -0.074762
-0.063721 0.105225 -0.033447 -0.123892 0.204587 -0.065031
-0.050781 0.085327 -0.049805 -0.098734 0.165901 -0.096835
-0.057495 0.070801 -0.081177 -0.111787 0.137657 -0.157831
-0.069580 0.066528 -0.095093 -0.135284 0.129350 -0.184888
-0.074829 0.064331 -0.090332 -0.145490 0.125078 -0.175632
-0.072266 0.040894 -0.078369 -0.140505 0.079509 -0.152372
