0.120483 0.287354 -0.232056 0.234255 0.558699 -0.451184
0.317383 0.360596 -0.305664 0.617085 0.701103 -0.594300
0.108154 0.113159 -0.448853 0.210283 0.220014 -0.872700
-0.327881 -0.259766 -0.502930 -0.637496 -0.505060 -0.977842
-0.575684 -0.295044 -0.296753 -1.119297 -0.573651 -0.576974
-0.708862 -0.276123 -0.077393 -1.378235 -0.536864 -0.150474
-0.781372 0.108521 0.105713 -1.519215 0.210996 0.205537
-1.021851 0.268799 0.207397 -1.986776 0.522623 0.403241
-1.339478 0.490967 -0.199219 -2.604335 0.954583 -0.387339
-1.768311 0.703125 -0.386353 -3.438111 1.367080 -0.751182
-1.912476 0.624878 -0.317627 -3.718410 1.214945 -0.617559
-1.871216 0.598145 -0.229492 -3.638189 1.162967 -0.446200
-1.486328 -0.206055 -0.634399 -2.889855 -0.400630 -1.233457
-1.098267 -0.258423 -0.531006 -2.135350 -0.502449 -1.032430
-0.798218 -0.061401 -0.378906 -1.551968 -0.119382 -0.736704
-0.618164 -0.020386 -0.392822 -1.201891 -0.039636 -0.763761
-0.341675 0.045654 -0.305542 -0.664315 0.088765 -0.594063
0.087769 -0.010254 -0.148926 0.170648 -0.019937 -0.289555
0.442139 -0.069946 -0.019531 0.859646 -0.135996 -0.037974
0.717651 -0.065430 -0.108887 1.395324 -0.127214 -0.211708
0.975952 -0.113159 -0.230469 1.897536 -0.220014 -0.448098
1.177124 -0.056641 -0.308838 2.288672 -0.110126 -0.600471
1.308105 0.007324 -0.327271 2.543339 0.014240 -0.636309
1.460449 -0.004028 -0.366699 2.839539 -0.007832 -0.712970
1.517090 -0.050049 -0.432495 2.949665 -0.097310 -0.840897
1.424927 -0.106689 -0.415527 2.770473 -0.207435 -0.807906
1.287720 -0.130371 -0.337891 2.503703 -0.253479 -0.656958
1.092407 -0.058105 -0.257813 2.123958 -0.112974 -0.501263
0.843872 -0.091431 -0.249146 1.640733 -0.177768 -0.484412
0.662842 -0.172607 -0.271118 1.288758 -0.335599 -0.527133
0.534180 -0.188232 -0.268066 1.038601 -0.365979 -0.521199
0.327881 -0.142212 -0.213379 0.637496 -0.276501 -0.414871
0.099854 -0.069214 -0.177490 0.194144 -0.134572 -0.345093
-0.252441 0.074219 -0.180054 -0.490820 0.144303 -0.350077
-0.543335 0.091187 -0.155762 -1.056402 0.177293 -0.302846
-0.800659 -0.010620 -0.124268 -1.556715 -0.020649 -0.241612
-1.032837 -0.065674 -0.091064 -2.008136 -0.127689 -0.177056
-1.236694 -0.068481 -0.038574 -2.404495 -0.133148 -0.075000
-1.365845 -0.013916 -0.040649 -2.655601 -0.027057 -0.079034
-1.532227 0.001343 -0.036133 -2.979095 0.002611 -0.070253
-1.679321 -0.050171 0.015015 -3.265090 -0.097547 0.029193
-1.640259 0.001953 0.028687 -3.189142 0.003797 0.055775
-1.447144 0.220581 -0.040894 -2.813669 0.428874 -0.079509
-1.255859 0.392090 -0.115723 -2.441757 0.762337 -0.224999
-1.055664 0.284668 -0.221069 -2.052519 0.553478 -0.429823
-0.708496 0.125854 -0.307495 -1.377523 0.244698 -0.597860
-0.347046 0.142456 -0.299561 -0.674758 0.276976 -0.582433
-0.051636 0.268555 -0.270630 -0.100395 0.522149 -0.526183
0.196533 0.254272 -0.264282 0.382118 0.494380 -0.513842
0.458740 0.173828 -0.285645 0.891925 0.337973 -0.555376
0.682739 0.119263 -0.317017 1.327444 0.231881 -0.616373
0.796021 0.136597 -0.293335 1.547696 0.265584 -0.570329
0.850830 0.134888 -0.279785 1.654262 0.262261 -0.543984
0.865234 -0.022217 -0.281372 1.682268 -0.043196 -0.547069
0.813110 -0.104736 -0.265991 1.580924 -0.203638 -0.517164
0.708618 -0.063965 -0.245728 1.377760 -0.124366 -0.477766
0.619995 -0.040649 -0.221313 1.205451 -0.079034 -0.430298
0.506348 -0.012817 -0.199707 0.984487 -0.024921 -0.388289
0.368408 -0.033569 -0.202759 0.716293 -0.065269 -0.394222
0.261597 -0.056152 -0.185181 0.508620 -0.109177 -0.360045
0.224243 -0.035278 -0.160278 0.435994 -0.068591 -0.311628
0.190796 -0.039063 -0.123413 0.370963 -0.075949 -0.239951
0.155151 -0.044922 -0.110107 0.301659 -0.087341 -0.214081
0.101563 -0.016357 -0.102417 0.197467 -0.031804 -0.199128
0.080688 0.005859 -0.084229 0.156882 0.011392 -0.163765
0.022461 0.041016 -0.049683 0.043671 0.079746 -0.096597
-0.022583 0.072876 -0.050781 -0.043908 0.141692 -0.098734
-0.024414 0.066528 -0.052856 -0.047468 0.129350 -0.102768
0.030640 0.037476 -0.057373 0.059572 0.072863 -0.111550
0.047119 0.043579 -0.052734 0.091613 0.084730 -0.102531
0.062256 0.054077 -0.047241 0.121044 0.105142 -0.091851
0.066406 0.049438 -0.050049 0.129113 0.096123 -0.097310
0.064087 0.048096 -0.060669 0.124604 0.093512 -0.117958
0.037720 0.031738 -0.060547 0.073338 0.061708 -0.117721
0.044312 -0.009277 -0.065430 0.086155 -0.018038 -0.127214
0.041992 0.003418 -0.077759 0.081645 0.006646 -0.151186
0.044922 0.029297 -0.090332 0.087341 0.056962 -0.175632
0.067017 0.018555 -0.120850 0.130300 0.036076 -0.234967
0.083862 0.066528 -0.155640 0.163053 0.129350 -0.302609
0.086182 0.051758 -0.175659 0.167562 0.100632 -0.341533
