0.075439 0.244751 -0.065552 0.146676 0.475867 -0.127452
0.101563 0.280151 -0.143311 0.197467 0.544696 -0.278637
-0.194336 0.040894 -0.271851 -0.377846 0.079509 -0.528557
-0.458130 -0.130981 -0.255859 -0.890738 -0.254666 -0.497465
-0.554688 -0.340088 -0.141357 -1.078474 -0.661230 -0.274840
-0.669800 -0.465576 -0.057129 -1.302286 -0.905216 -0.111075
-0.978394 -0.400024 -0.055908 -1.902282 -0.777764 -0.108702
-1.483521 0.244629 0.012329 -2.884397 0.475630 0.023971
-1.832275 0.665405 -0.278198 -3.562478 1.293742 -0.540899
-2.056519 0.506348 -0.285889 -3.998472 0.984487 -0.555851
-1.925415 -0.068481 -0.419067 -3.743568 -0.133148 -0.814789
-1.538330 -0.227173 -0.876465 -2.990962 -0.441690 -1.704103
-1.329712 -0.105103 -1.285034 -2.585348 -0.204350 -2.498481
-0.911133 -0.176636 -1.077637 -1.771508 -0.343431 -2.095240
-0.646606 -0.101318 -0.374390 -1.257192 -0.196992 -0.727923
-0.290894 0.351563 0.108887 -0.565582 0.683540 0.211708
0.059082 0.459106 0.060181 0.114873 0.892637 0.117009
0.582275 0.115723 -0.296753 1.132113 0.224999 -0.576974
0.898560 -0.102539 -0.447876 1.747062 -0.199366 -0.870802
1.002075 0.097412 -0.318481 1.948326 0.189398 -0.619221
1.188477 0.215088 -0.219971 2.310745 0.418194 -0.427687
1.454712 0.128540 -0.298340 2.828384 0.249919 -0.580060
1.581055 0.092041 -0.415161 3.074031 0.178955 -0.807194
1.521484 0.084717 -0.453491 2.958209 0.164714 -0.881719
1.388184 -0.018799 -0.457275 2.699034 -0.036550 -0.889077
1.184814 0.000977 -0.395142 2.303625 0.001899 -0.768270
0.887695 -0.030518 -0.288940 1.725939 -0.059335 -0.561784
0.547119 -0.046509 -0.191406 1.063759 -0.090427 -0.372150
0.313843 -0.044312 -0.135986 0.610202 -0.086155 -0.264397
0.174316 -0.138306 -0.101318 0.338922 -0.268907 -0.196992
0.018677 -0.180786 -0.073853 0.036313 -0.351501 -0.143591
-0.307129 -0.139771 -0.071655 -0.597148 -0.271755 -0.139319
-0.695068 -0.064087 -0.073853 -1.351416 -0.124604 -0.143591
-0.942627 -0.124634 -0.002319 -1.832742 -0.242324 -0.004509
-1.064941 -0.166748 0.064453 -2.070557 -0.324207 0.125316
-1.200195 -0.104736 0.067871 -2.333530 -0.203638 0.131961
-1.362549 -0.021606 0.046509 -2.649192 -0.042009 0.090427
-1.527588 0.094360 0.001709 -2.970076 0.183464 0.003323
-1.680176 0.203247 -0.020508 -3.266752 0.395172 -0.039873
-1.727783 0.230835 0.032227 -3.359314 0.448810 0.062658
-1.674805 0.210327 -0.021729 -3.256309 0.408937 -0.042247
-1.509521 -0.047852 -0.268921 -2.934950 -0.093037 -0.522861
-1.173340 -0.241455 -0.433472 -2.281315 -0.469459 -0.842795
-0.653931 0.017090 -0.333008 -1.271432 0.033228 -0.647464
-0.194702 0.384155 -0.133911 -0.378558 0.746910 -0.260362
0.128418 0.316284 -0.141479 0.249682 0.614949 -0.275077
0.460449 0.095825 -0.395142 0.895248 0.186312 -0.768270
0.763794 0.032471 -0.597046 1.485038 0.063133 -1.160831
0.976318 0.141357 -0.577393 1.898248 0.274840 -1.122620
1.119019 0.354126 -0.457275 2.175698 0.688524 -0.889077
1.260010 0.376831 -0.423462 2.449826 0.732669 -0.823333
1.353271 0.294922 -0.429688 2.631154 0.573414 -0.835438
1.372803 0.175659 -0.426270 2.669129 0.341533 -0.828792
1.263916 0.049927 -0.387573 2.457421 0.097072 -0.753555
1.100952 0.025635 -0.300781 2.140572 0.049841 -0.584806
0.958252 0.060547 -0.241089 1.863121 0.117721 -0.468747
0.784546 0.015747 -0.182739 1.525386 0.030617 -0.355298
0.622314 -0.064941 -0.141235 1.209961 -0.126265 -0.274603
0.445679 -0.071533 -0.108276 0.866529 -0.139081 -0.210521
0.296387 -0.110962 -0.036011 0.576262 -0.215742 -0.070015
0.169556 -0.102173 0.021362 0.329666 -0.198654 0.041535
0.047241 -0.083618 0.045288 0.091851 -0.162578 0.088053
-0.022827 0.011719 0.052368 -0.044383 0.022785 0.101819
-0.061646 0.017212 0.041138 -0.119857 0.033465 0.079984
-0.049194 -0.014771 0.004150 -0.095648 -0.028718 0.008070
-0.066528 0.036133 -0.035034 -0.129350 0.070253 -0.068117
-0.052246 0.047119 -0.093994 -0.101582 0.091613 -0.182752
-0.005859 0.063110 -0.143921 -0.011392 0.122705 -0.279824
-0.013794 0.035889 -0.142578 -0.026819 0.069778 -0.277213
-0.074097 0.030029 -0.130615 -0.144066 0.058386 -0.253954
-0.074097 0.067139 -0.120605 -0.144066 0.130537 -0.234492
-0.024902 0.075684 -0.131470 -0.048417 0.147151 -0.255615
-0.019775 -0.000610 -0.142944 -0.038449 -0.001187 -0.277925
-0.036133 -0.047363 -0.119263 -0.070253 -0.092088 -0.231881
-0.038086 -0.019287 -0.079224 -0.074050 -0.037500 -0.154034
-0.031860 0.020996 -0.070923 -0.061946 0.040823 -0.137895
-0.019897 0.032227 -0.101563 -0.038686 0.062658 -0.197467
-0.003296 0.000000 -0.127319 -0.006408 0.000000 -0.247546
-0.009155 0.008789 -0.127197 -0.017801 0.017089 -0.247309
-0.026123 0.015259 -0.130737 -0.050791 0.029668 -0.254191
