0.115845 -0.201538 -0.343994 0.225236 -0.391849 -0.668825
-0.159546 -0.157593 -0.291138 -0.310204 -0.306406 -0.566057
-0.501587 -0.094238 -0.239746 -0.975231 -0.183227 -0.466136
-0.672974 0.109741 -0.165039 -1.308457 0.213369 -0.320884
-0.595581 0.082642 -0.113770 -1.157983 0.160679 -0.221201
-0.567139 -0.472900 -0.144653 -1.102683 -0.919456 -0.281248
-0.812622 -0.911255 -0.223877 -1.579974 -1.771745 -0.435282
-0.960083 -0.712158 -0.193970 -1.866681 -1.384643 -0.377134
-1.049805 -0.010010 -0.054199 -2.041126 -0.019462 -0.105379
-1.152466 1.116211 0.189819 -2.240730 2.170239 0.369064
-1.511353 2.305908 0.378174 -2.938510 4.483358 0.735280
-1.888428 0.074463 0.016602 -3.671654 0.144778 0.032278
-1.272705 0.128052 -0.127319 -2.474510 0.248970 -0.247546
-0.695313 0.260864 -0.135620 -1.351890 0.507196 -0.263685
-0.608643 -0.083618 0.187988 -1.183379 -0.162578 0.365504
-0.613525 -0.346924 0.430420 -1.192872 -0.674521 0.836862
-0.289307 -0.086060 0.420776 -0.562496 -0.167325 0.818112
0.177856 0.062256 0.120361 0.345805 0.121044 0.234018
0.519409 -0.268799 -0.199585 1.009883 -0.522623 -0.388051
0.756104 -0.457642 -0.360229 1.470086 -0.889789 -0.700391
1.064575 -0.368286 -0.392456 2.069845 -0.716056 -0.763049
1.236694 -0.339722 -0.326660 2.404495 -0.660518 -0.635123
1.279907 -0.296997 -0.298828 2.488513 -0.577449 -0.581009
1.364746 -0.185791 -0.326904 2.653464 -0.361232 -0.635597
1.203857 -0.200562 -0.348267 2.340650 -0.389950 -0.677132
1.096802 -0.201294 -0.422974 2.132503 -0.391374 -0.822384
0.941895 -0.102661 -0.416992 1.831318 -0.199603 -0.810754
0.776001 0.028198 -0.441895 1.508772 0.054826 -0.859172
0.588135 0.119141 -0.483765 1.143505 0.231644 -0.940580
0.273804 0.036743 -0.505249 0.532354 0.071439 -0.982351
0.015015 0.087646 -0.519165 0.029193 0.170410 -1.009408
-0.228638 0.152832 -0.514160 -0.444538 0.297150 -0.999677
-0.506714 0.130249 -0.527466 -0.985200 0.253242 -1.025547
-0.942871 0.041504 -0.553589 -1.833216 0.080696 -1.076338
-1.398682 0.121826 -0.514404 -2.719445 0.236866 -1.000152
-1.738647 0.474121 -0.529175 -3.380438 0.921830 -1.028870
-1.970703 0.603149 -0.496826 -3.831622 1.172698 -0.965975
-1.983398 -0.000244 -0.321899 -3.856305 -0.000475 -0.625866
-1.131226 -0.403198 -0.437622 -2.199432 -0.783935 -0.850865
-0.175171 0.017334 -0.298218 -0.340583 0.033702 -0.579822
0.280640 0.293579 0.005615 0.545645 0.570803 0.010918
0.295532 0.118896 0.072510 0.574601 0.231169 0.140980
0.234619 -0.015137 -0.007080 0.456168 -0.029430 -0.013766
0.166138 -0.052490 -0.053101 0.323020 -0.102056 -0.103243
0.062378 -0.086060 -0.035767 0.121281 -0.167325 -0.069541
0.125977 -0.069946 -0.032959 0.244935 -0.135996 -0.064082
0.030151 0.027832 0.054565 0.058623 0.054114 0.106091
-0.053467 0.033691 0.068970 -0.103955 0.065506 0.134097
-0.089111 -0.040527 0.054443 -0.173258 -0.078797 0.105854
-0.081421 -0.076782 0.001709 -0.158306 -0.149287 0.003323
-0.076050 -0.083984 -0.042603 -0.147863 -0.163290 -0.082832
-0.065796 -0.073608 -0.062012 -0.127926 -0.143116 -0.120569
-0.068970 -0.018188 -0.074463 -0.134097 -0.035364 -0.144778
-0.125488 -0.055176 -0.140259 -0.243986 -0.107278 -0.272704
-0.119141 -0.046631 -0.196411 -0.231644 -0.090664 -0.381881
-0.106445 -0.031738 -0.248901 -0.206961 -0.061708 -0.483937
-0.116821 -0.026489 -0.274170 -0.227135 -0.051503 -0.533066
-0.113525 -0.000244 -0.272827 -0.220726 -0.000475 -0.530456
-0.106812 -0.001709 -0.264282 -0.207673 -0.003323 -0.513842
-0.086670 0.007690 -0.244751 -0.168512 0.014952 -0.475867
-0.053833 -0.028198 -0.227783 -0.104667 -0.054826 -0.442877
-0.032227 -0.012451 -0.188599 -0.062658 -0.024209 -0.366691
-0.027954 0.034302 -0.132935 -0.054351 0.066693 -0.258464
-0.021729 0.056885 -0.097290 -0.042247 0.110601 -0.189160
0.017456 0.083374 -0.100220 0.033940 0.162103 -0.194856
0.021362 0.051147 -0.113525 0.041535 0.099446 -0.220726
0.030518 0.031738 -0.103027 0.059335 0.061708 -0.200315
0.024658 0.028198 -0.064941 0.047943 0.054826 -0.126265
0.035034 0.028442 -0.032227 0.068117 0.055300 -0.062658
0.044678 0.021973 -0.040161 0.086867 0.042721 -0.078085
0.079956 0.013550 -0.063354 0.155458 0.026345 -0.123180
0.108887 -0.008179 -0.083374 0.211708 -0.015902 -0.162103
0.116089 -0.018311 -0.084473 0.225711 -0.035601 -0.164239
0.093628 -0.035278 -0.078125 0.182040 -0.068591 -0.151898
0.069458 0.001587 -0.057983 0.135047 0.003085 -0.112737
0.051514 0.027100 -0.080444 0.100158 0.052690 -0.156407
0.031860 0.038696 -0.123169 0.061946 0.075237 -0.239476
0.039307 0.048340 -0.131348 0.076424 0.093987 -0.255378
0.043579 0.043091 -0.114624 0.084730 0.083781 -0.222863
0.015625 0.035522 -0.096558 0.030380 0.069066 -0.187736
