0.064453 0.053345 -0.133057 0.125316 0.103718 -0.258701
0.112915 0.098145 -0.127441 0.219540 0.190822 -0.247783
0.098877 -0.106079 -0.119141 0.192246 -0.206249 -0.231644
0.114746 -0.347412 -0.039429 0.223100 -0.675470 -0.076661
0.242432 -0.517090 0.132202 0.471358 -1.005373 0.257040
0.409058 -0.501465 0.262573 0.795327 -0.974994 0.510519
0.442749 -0.224731 0.451294 0.860833 -0.436943 0.877447
0.136230 0.202759 0.740356 0.264872 0.394222 1.439469
-0.376953 0.120361 1.051514 -0.732907 0.234018 2.044449
-0.673950 0.513062 1.367310 -1.310356 0.997541 2.658448
-0.692749 0.722046 1.190918 -1.346906 1.403868 2.315492
-0.614136 0.248169 0.639771 -1.194059 0.482513 1.243900
-0.599976 0.148071 0.387207 -1.166528 0.287894 0.752843
-0.791626 -0.025391 0.254883 -1.539152 -0.049367 0.495567
-1.147705 0.220947 0.051147 -2.231473 0.429586 0.099446
-1.393799 0.447754 -0.317749 -2.709951 0.870564 -0.617797
-1.426636 0.615356 -0.890381 -2.773796 1.196432 -1.731160
-1.331299 0.572021 -1.407715 -2.588433 1.112177 -2.737008
-1.106812 0.637207 -1.723877 -2.151964 1.238916 -3.351720
-0.562256 0.793579 -1.831909 -1.093189 1.542949 -3.561766
0.189941 0.744263 -1.678833 0.369301 1.447064 -3.264141
0.773560 0.496582 -1.422119 1.504025 0.965500 -2.765014
1.130615 0.483521 -1.185303 2.198246 0.940105 -2.304574
1.380737 0.499023 -0.969727 2.684556 0.970247 -1.885431
1.486816 0.316284 -0.698730 2.890805 0.614949 -1.358536
1.543213 -0.081909 -0.451294 3.000456 -0.159255 -0.877447
1.577515 -0.118774 -0.264893 3.067148 -0.230932 -0.515028
1.657959 -0.070068 -0.122681 3.223556 -0.136233 -0.238527
1.600952 0.015503 0.016724 3.112718 0.030142 0.032516
1.495605 0.004517 0.133911 2.907893 0.008782 0.260362
1.317749 0.024780 0.328369 2.562088 0.048180 0.638445
0.998901 0.045288 0.434448 1.942156 0.088053 0.844694
0.647095 0.097656 0.482422 1.258141 0.189872 0.937969
0.443848 0.086060 0.475098 0.862969 0.167325 0.923728
0.340820 0.043579 0.460327 0.662654 0.084730 0.895010
0.174805 0.038452 0.460083 0.339871 0.074762 0.894536
-0.150391 -0.060059 0.457642 -0.292403 -0.116771 0.889789
-0.441895 -0.033569 0.364258 -0.859172 -0.065269 0.708223
-0.627686 -0.109741 0.108276 -1.220404 -0.213369 0.210521
-0.874512 -0.331055 0.008301 -1.700306 -0.643667 0.016139
-1.171875 -0.340576 0.168579 -2.278467 -0.662179 0.327767
-1.509399 -0.207520 0.173096 -2.934713 -0.403478 0.336549
-1.752930 0.076416 0.076538 -3.408206 0.148575 0.148812
-1.951660 0.330811 -0.046387 -3.794596 0.643192 -0.090189
-2.008911 0.360107 -0.212036 -3.905909 0.700154 -0.412260
-1.489746 0.228882 -0.343628 -2.896501 0.445013 -0.668113
-0.997803 0.137817 -0.238403 -1.940019 0.267957 -0.463526
-0.786133 0.313965 -0.161133 -1.528471 0.610439 -0.313289
-0.636108 0.478027 -0.195557 -1.236780 0.929425 -0.380219
-0.503174 0.463379 -0.252075 -0.978317 0.900944 -0.490108
-0.286011 0.318115 -0.239136 -0.556088 0.618509 -0.464950
-0.047607 0.263306 -0.213379 -0.092563 0.511943 -0.414871
0.072754 0.168091 -0.184204 0.141455 0.326818 -0.358146
0.151611 0.093628 -0.179688 0.294777 0.182040 -0.349365
0.140625 0.097900 -0.160400 0.273416 0.190347 -0.311865
0.203735 0.040405 -0.156006 0.396121 0.078560 -0.303321
0.150513 -0.016113 -0.119751 0.292641 -0.031329 -0.232831
0.148438 -0.081543 -0.087280 0.288606 -0.158543 -0.169698
0.160278 -0.073242 -0.058105 0.311628 -0.142404 -0.112974
0.130127 -0.006470 -0.047607 0.253005 -0.012579 -0.092563
0.125854 0.005615 -0.058716 0.244698 0.010918 -0.114161
0.130981 0.016235 -0.052002 0.254666 0.031566 -0.101107
0.132324 0.049316 -0.048828 0.257277 0.095885 -0.094936
0.152710 0.042236 -0.072510 0.296913 0.082120 -0.140980
0.156982 0.049438 -0.112305 0.305220 0.096123 -0.218353
0.163574 -0.000366 -0.115723 0.318036 -0.000712 -0.224999
0.162231 -0.056641 -0.108887 0.315425 -0.110126 -0.211708
0.133179 -0.028198 -0.138306 0.258938 -0.054826 -0.268907
0.100586 -0.017822 -0.125244 0.195568 -0.034652 -0.243511
0.052612 0.004517 -0.089966 0.102294 0.008782 -0.174920
0.007813 0.014404 -0.045776 0.015190 0.028006 -0.089003
-0.016113 0.021851 -0.009277 -0.031329 0.042484 -0.018038
-0.020142 0.044556 -0.007813 -0.039161 0.086629 -0.015190
-0.013672 0.061768 -0.033936 -0.026582 0.120094 -0.065981
-0.006714 0.084595 -0.054443 -0.013054 0.164477 -0.105854
0.004517 0.092651 -0.076782 0.008782 0.180141 -0.149287
0.009277 0.040771 -0.068970 0.018038 0.079272 -0.134097
0.015991 0.002441 -0.043701 0.031092 0.004747 -0.084968
0.005371 -0.033447 -0.027588 0.010443 -0.065031 -0.053639
-0.011475 -0.040894 -0.022583 -0.022310 -0.079509 -0.043908
