-0.124634 0.185791 0.022217 -0.242324 0.361232 0.043196
-0.334961 0.299561 0.298218 -0.651262 0.582433 0.579822
-0.812256 0.456787 0.369995 -1.579262 0.888127 0.719378
-0.857544 0.436646 0.394165 -1.667315 0.848966 0.766372
-1.084961 0.059326 0.339233 -2.109480 0.115347 0.659569
-1.219727 -0.177002 0.487061 -2.371504 -0.344143 0.946988
-1.360474 0.197388 0.449951 -2.645158 0.383779 0.874836
-1.606812 0.176514 -0.054321 -3.124110 0.343194 -0.105616
-1.653687 0.027344 -0.591064 -3.215249 0.053164 -1.149202
-1.320435 0.076050 -0.949707 -2.567310 0.147863 -1.846507
-0.618530 0.313843 -1.214966 -1.202603 0.610202 -2.362248
-0.144897 0.610718 -1.527100 -0.281723 1.187413 -2.969127
0.395752 0.670532 -1.665039 0.769457 1.303710 -3.237321
1.092407 0.437500 -1.474365 2.123958 0.850628 -2.866596
1.762085 0.121094 -1.142334 3.426007 0.235442 -2.221030
2.163940 0.021729 -0.757080 4.207331 0.042247 -1.471985
1.900146 0.093994 -0.423706 3.694439 0.182752 -0.823808
1.816040 0.067627 0.036865 3.530911 0.131487 0.071677
1.732910 0.054443 0.266357 3.369283 0.105854 0.517877
1.568848 0.268555 0.365967 3.050297 0.522149 0.711546
1.345947 0.411499 0.504517 2.616914 0.800074 0.980927
1.073853 0.217651 0.559204 2.087883 0.423178 1.087256
0.802368 0.006958 0.607544 1.560038 0.013528 1.181243
0.538086 0.003662 0.587402 1.046196 0.007120 1.142081
0.173340 -0.151733 0.616943 0.337023 -0.295014 1.199518
-0.160400 -0.396484 0.790771 -0.311865 -0.770881 1.537490
-0.718506 -0.281738 1.086548 -1.396985 -0.547781 2.112566
-1.349243 -0.094360 1.107422 -2.623322 -0.183464 2.153151
-1.668091 -0.020874 0.798462 -3.243255 -0.040585 1.552443
-1.777710 -0.032349 0.404907 -3.456387 -0.062895 0.787258
-1.728149 -0.447998 0.086182 -3.360026 -0.871039 0.167562
-1.729248 -0.309692 -0.168457 -3.362163 -0.602132 -0.327530
-1.948120 0.120728 -0.284424 -3.787714 0.234730 -0.553003
-1.514160 0.224976 -0.173096 -2.943969 0.437418 -0.336549
-0.566162 0.236938 -0.148682 -1.100784 0.460678 -0.289080
-0.207886 0.078247 -0.155029 -0.404191 0.152135 -0.301422
-0.045166 0.042603 -0.187134 -0.087816 0.082832 -0.363843
0.093506 0.113770 -0.161255 0.181803 0.221201 -0.313527
0.106812 0.158203 -0.084473 0.207673 0.307593 -0.164239
0.150757 0.182007 -0.059204 0.293115 0.353874 -0.115110
0.142944 0.188110 -0.084473 0.277925 0.365741 -0.164239
0.117920 0.126465 -0.101318 0.229271 0.245885 -0.196992
0.051514 0.089844 -0.094604 0.100158 0.174682 -0.183939
-0.048584 0.109497 -0.094360 -0.094461 0.212894 -0.183464
-0.189697 0.091797 -0.151611 -0.368827 0.178480 -0.294777
-0.128052 0.096436 -0.157227 -0.248970 0.187499 -0.305694
-0.029907 0.012207 -0.120239 -0.058148 0.023734 -0.233780
-0.039551 -0.051636 -0.123047 -0.076898 -0.100395 -0.239239
-0.072510 0.010254 -0.152466 -0.140980 0.019937 -0.296438
0.015137 0.105835 -0.139038 0.029430 0.205774 -0.270331
-0.107910 0.058594 -0.211304 -0.209809 0.113923 -0.410836
0.020264 0.115723 -0.179932 0.039398 0.224999 -0.349840
0.024658 0.043335 -0.171875 0.047943 0.084256 -0.334175
0.043335 0.022949 -0.179565 0.084256 0.044620 -0.349128
0.031006 0.049194 -0.174316 0.060284 0.095648 -0.338922
-0.018066 0.067017 -0.170532 -0.035126 0.130300 -0.331564
-0.025024 0.078857 -0.167969 -0.048655 0.153322 -0.326580
-0.011963 0.077026 -0.160400 -0.023259 0.149762 -0.311865
-0.008057 0.072144 -0.131836 -0.015664 0.140268 -0.256328
-0.006836 0.042236 -0.116089 -0.013291 0.082120 -0.225711
0.010620 0.034180 -0.092041 0.020649 0.066455 -0.178955
0.010132 0.059937 -0.081665 0.019699 0.116534 -0.158781
0.022217 0.057495 -0.067017 0.043196 0.111787 -0.130300
0.027832 0.052490 -0.075317 0.054114 0.102056 -0.146439
0.007202 0.059937 -0.085815 0.014003 0.116534 -0.166850
0.015137 0.068481 -0.105591 0.029430 0.133148 -0.205299
0.006836 0.046021 -0.119873 0.013291 0.089477 -0.233068
-0.014893 0.013672 -0.130493 -0.028956 0.026582 -0.253717
-0.014160 0.012085 -0.135498 -0.027531 0.023497 -0.263448
-0.005371 0.017090 -0.157959 -0.010443 0.033228 -0.307118
0.000244 0.031616 -0.161133 0.000475 0.061471 -0.313289
0.020020 0.062622 -0.149414 0.038924 0.121756 -0.290505
-0.003906 0.071777 -0.151611 -0.007595 0.139556 -0.294777
0.005127 0.052246 -0.134766 0.009968 0.101582 -0.262024
0.007202 0.035522 -0.115845 0.014003 0.069066 -0.225236
-0.015015 0.035522 -0.136108 -0.029193 0.069066 -0.264634
-0.026367 0.030640 -0.138794 -0.051266 0.059572 -0.269856
-0.031860 0.014648 -0.120361 -0.061946 0.028481 -0.234018
-0.031616 0.018433 -0.116211 -0.061471 0.035838 -0.225948
-0.037231 0.008423 -0.105591 -0.072389 0.016376 -0.205299
