-0.313110 0.209717 -0.104614 -0.608778 0.407751 -0.203401
-0.161377 0.178589 0.109375 -0.313764 0.347229 0.212657
0.024658 -0.005981 -0.060181 0.047943 -0.011630 -0.117009
0.125366 -0.345947 -0.314819 0.243748 -0.672622 -0.612101
0.202271 -0.472656 -0.228027 0.393273 -0.918982 -0.443352
0.338745 -0.512207 -0.020508 0.658619 -0.995880 -0.039873
0.455688 -0.457642 0.162231 0.885991 -0.889789 0.315425
0.459106 -0.428711 0.211548 0.892637 -0.833539 0.411311
0.439209 0.149780 0.370850 0.853950 0.291217 0.721040
0.500977 -0.320190 0.111938 0.974045 -0.622544 0.217641
0.901611 -0.203003 0.009521 1.752995 -0.394697 0.018513
1.119141 -0.280151 -0.106812 2.175936 -0.544696 -0.207673
1.162109 -0.321777 -0.170166 2.259480 -0.625629 -0.330852
1.211670 -0.465088 -0.274414 2.355840 -0.904266 -0.533541
1.375122 -0.504150 -0.431152 2.673638 -0.980215 -0.838286
1.332764 -0.198364 -0.492188 2.591281 -0.385678 -0.956956
1.150024 -0.169067 -0.557007 2.235983 -0.328716 -1.082984
1.028442 -0.127808 -0.592285 1.999592 -0.248495 -1.151575
1.042847 -0.046265 -0.763306 2.027598 -0.089952 -1.484089
1.015381 -0.135620 -1.130005 1.974196 -0.263685 -2.197059
0.807983 -0.431274 -1.528320 1.570955 -0.838523 -2.971500
0.558594 -0.629883 -1.767090 1.086069 -1.224676 -3.435738
0.286011 -0.682373 -1.766479 0.556088 -1.326732 -3.434551
-0.173706 -0.396484 -1.426514 -0.337735 -0.770881 -2.773559
-0.806396 0.054932 -0.861084 -1.567870 0.106803 -1.674198
-1.500977 0.347900 -0.364380 -2.918336 0.676420 -0.708461
-1.911621 0.503662 -0.084717 -3.716749 0.979266 -0.164714
-1.904175 0.309570 -0.065308 -3.702271 0.601895 -0.126977
-1.451660 -0.104614 -0.045776 -2.822451 -0.203401 -0.089003
-0.805298 -0.225342 0.267944 -1.565734 -0.438130 0.520962
-0.438965 -0.252563 0.780151 -0.853476 -0.491057 1.516842
-0.245239 -0.381470 1.200439 -0.476817 -0.741688 2.334004
0.045532 -0.482544 1.334717 0.088528 -0.938206 2.595079
0.399902 -0.570801 1.218018 0.777527 -1.109803 2.368181
0.690186 -0.509888 0.933594 1.341922 -0.991370 1.815179
0.813965 -0.233521 0.577515 1.582585 -0.454032 1.122857
0.695557 -0.069458 0.307007 1.352365 -0.135047 0.596911
0.477417 -0.078125 0.107056 0.928238 -0.151898 0.208147
0.221680 -0.018433 -0.041504 0.431010 -0.035838 -0.080696
0.017212 0.157471 -0.164185 0.033465 0.306169 -0.319223
-0.181396 0.071899 -0.307495 -0.352688 0.139793 -0.597860
-0.414429 -0.053101 -0.432495 -0.805770 -0.103243 -0.840897
-0.752319 -0.090698 -0.562500 -1.462728 -0.176344 -1.093664
-1.126465 -0.010742 -0.656860 -2.190176 -0.020886 -1.277128
-1.351929 0.326538 -0.871094 -2.628544 0.634885 -1.693660
-1.289307 0.539185 -1.260864 -2.506788 1.048332 -2.451488
-1.024902 0.508667 -1.515259 -1.992709 0.988997 -2.946105
-0.868408 0.682129 -1.466675 -1.688439 1.326257 -2.851644
-0.633179 0.480957 -1.261597 -1.231084 0.935121 -2.452912
-0.446899 0.394653 -1.081909 -0.868903 0.767321 -2.103547
-0.329956 0.631836 -0.885742 -0.641531 1.228473 -1.722141
-0.158569 0.465088 -0.780029 -0.308305 0.904266 -1.516604
-0.099976 0.241089 -0.681396 -0.194382 0.468747 -1.324834
-0.097412 0.188965 -0.584473 -0.189398 0.367403 -1.136385
-0.034912 0.110596 -0.401978 -0.067879 0.215030 -0.781562
-0.026733 0.162476 -0.216675 -0.051978 0.315900 -0.421279
-0.034668 0.126099 -0.101318 -0.067405 0.245173 -0.196992
-0.047485 0.080200 -0.023560 -0.092325 0.155933 -0.045807
-0.066772 0.063965 0.026367 -0.129825 0.124366 0.051266
-0.083740 -0.021973 0.030151 -0.162815 -0.042721 0.058623
-0.104370 0.009766 -0.021240 -0.202926 0.018987 -0.041297
-0.109497 0.021362 -0.061035 -0.212894 0.041535 -0.118670
-0.109863 0.001587 -0.072266 -0.213606 0.003085 -0.140505
-0.084961 0.014771 -0.088501 -0.165189 0.028718 -0.172072
-0.062256 0.000854 -0.091675 -0.121044 0.001661 -0.178243
-0.024658 -0.025757 -0.088623 -0.047943 -0.050079 -0.172309
0.011353 -0.003052 -0.097046 0.022073 -0.005934 -0.188686
0.036011 0.014038 -0.115723 0.070015 0.027294 -0.224999
0.042969 0.020752 -0.119385 0.083544 0.040348 -0.232119
0.033936 0.007324 -0.111328 0.065981 0.014240 -0.216454
-0.004761 -0.030396 -0.107666 -0.009256 -0.059098 -0.209334
-0.041870 0.009521 -0.105225 -0.081408 0.018513 -0.204587
-0.063477 0.040405 -0.117188 -0.123417 0.078560 -0.227847
-0.047363 0.049072 -0.135986 -0.092088 0.095411 -0.264397
-0.006104 0.049561 -0.157715 -0.011867 0.096360 -0.306644
0.017090 -0.053345 -0.167603 0.033228 -0.103718 -0.325868
0.063721 -0.093872 -0.243652 0.123892 -0.182515 -0.473731
0.034424 -0.064453 -0.219360 0.066930 -0.125316 -0.426500
-0.029663 0.021606 -0.094604 -0.057674 0.042009 -0.183939
-0.027222 0.062012 -0.059570 -0.052927 0.120569 -0.115822
