-0.008057 0.132568 -0.257935 -0.015664 0.257752 -0.501500
-0.007935 0.105469 -0.223999 -0.015427 0.205062 -0.435519
-0.072266 0.121704 -0.201538 -0.140505 0.236628 -0.391849
-0.148315 0.140259 -0.136597 -0.288368 0.272704 -0.265584
-0.181763 0.145996 -0.078491 -0.353400 0.283859 -0.152610
-0.289185 0.119873 -0.054199 -0.562259 0.233068 -0.105379
-0.488892 0.006714 -0.051392 -0.950548 0.013054 -0.099920
-0.764893 0.343140 -0.063965 -1.487174 0.667164 -0.124366
-1.093262 0.434082 -0.126831 -2.125620 0.843982 -0.246597
-1.541382 0.007813 -0.326050 -2.996896 0.015190 -0.633936
-1.964722 -0.059570 -0.387817 -3.819992 -0.115822 -0.754030
-2.183472 0.390015 -0.368164 -4.245306 0.758302 -0.715818
-1.719360 0.570313 -0.587524 -3.342938 1.108854 -1.142319
-1.051514 0.715454 -0.913818 -2.044449 1.391051 -1.776729
-0.868652 -0.133301 -0.880249 -1.688913 -0.259176 -1.711461
-0.437744 -0.486328 -0.649902 -0.851102 -0.945564 -1.263600
-0.177612 0.015625 -0.315430 -0.345330 0.030380 -0.613287
0.186279 0.175537 -0.152222 0.362181 0.341295 -0.295963
0.713379 -0.060791 -0.165527 1.387017 -0.118195 -0.321833
0.961914 -0.155518 -0.238281 1.870241 -0.302372 -0.463288
1.115967 -0.225464 -0.295166 2.169765 -0.438368 -0.573889
1.347046 -0.276245 -0.359253 2.619050 -0.537101 -0.698492
1.446533 -0.200684 -0.410889 2.812482 -0.390187 -0.798887
1.462891 -0.276367 -0.480469 2.844286 -0.537338 -0.934171
1.431763 -0.403931 -0.544800 2.783764 -0.785359 -1.059250
1.289063 -0.369507 -0.570435 2.506313 -0.718429 -1.109091
1.108032 -0.316772 -0.537842 2.154338 -0.615898 -1.045721
0.981567 -0.294922 -0.506592 1.908453 -0.573414 -0.984962
0.822876 -0.243530 -0.471436 1.599911 -0.473494 -0.916608
0.556763 -0.168091 -0.403076 1.082509 -0.326818 -0.783698
0.253296 -0.104492 -0.330933 0.492481 -0.203163 -0.643430
-0.019287 -0.025391 -0.273193 -0.037500 -0.049367 -0.531168
-0.281128 0.052002 -0.258057 -0.546595 0.101107 -0.501737
-0.571411 0.072998 -0.279419 -1.110990 0.141929 -0.543272
-0.881592 0.074097 -0.307007 -1.714072 0.144066 -0.596911
-1.137939 0.117310 -0.311279 -2.212486 0.228084 -0.605218
-1.408691 0.099121 -0.305542 -2.738907 0.192720 -0.594063
-1.729248 0.136597 -0.300415 -3.362163 0.265584 -0.584094
-2.018188 0.211060 -0.324585 -3.923947 0.410361 -0.631088
-2.236816 0.321899 -0.494263 -4.349023 0.625866 -0.960991
-2.093506 0.258423 -0.776489 -4.070386 0.502449 -1.509722
-1.474854 0.264160 -0.698853 -2.867545 0.513604 -1.358773
-0.981079 0.669067 -0.397705 -1.907504 1.300862 -0.773255
-0.600464 0.620605 -0.145630 -1.167477 1.206638 -0.283147
-0.253174 0.228271 -0.179688 -0.492244 0.443826 -0.349365
0.279907 -0.071167 -0.252197 0.544221 -0.138369 -0.490345
0.615479 -0.060303 -0.209717 1.196670 -0.117246 -0.407751
0.728271 -0.003418 -0.167603 1.415972 -0.006646 -0.325868
0.825195 0.019287 -0.194092 1.604420 0.037500 -0.377371
0.944946 0.018311 -0.243164 1.837251 0.035601 -0.472782
1.044434 -0.010376 -0.255005 2.030684 -0.020174 -0.495804
1.068237 -0.004761 -0.264771 2.076965 -0.009256 -0.514791
1.106812 -0.055542 -0.262207 2.151964 -0.107990 -0.509807
1.130493 -0.167114 -0.255981 2.198008 -0.324919 -0.497703
1.033447 -0.199829 -0.257690 2.009323 -0.388526 -0.501025
0.853271 -0.193115 -0.264160 1.659009 -0.375472 -0.513604
0.617920 -0.124390 -0.217896 1.201416 -0.241850 -0.423652
0.421021 -0.018188 -0.135620 0.818587 -0.035364 -0.263685
0.252686 -0.106079 -0.035156 0.491294 -0.206249 -0.068354
0.120972 -0.121826 -0.007568 0.235204 -0.236866 -0.014715
-0.000610 -0.095215 0.012695 -0.001187 -0.185125 0.024683
-0.103394 -0.024780 0.045654 -0.201027 -0.048180 0.088765
-0.134155 0.077393 0.029785 -0.260837 0.150474 0.057911
-0.039185 0.076782 -0.015503 -0.076186 0.149287 -0.030142
0.007324 0.032349 -0.056763 0.014240 0.062895 -0.110363
-0.016479 0.031616 -0.084595 -0.032041 0.061471 -0.164477
-0.056885 0.043091 -0.055908 -0.110601 0.083781 -0.108702
-0.082764 0.075684 -0.010254 -0.160917 0.147151 -0.019937
-0.088745 0.059082 -0.009521 -0.172546 0.114873 -0.018513
-0.082642 0.010864 -0.020142 -0.160679 0.021123 -0.039161
-0.087891 0.011841 -0.022583 -0.170885 0.023022 -0.043908
-0.090942 0.039307 -0.028931 -0.176819 0.076424 -0.056250
-0.085815 0.062500 -0.068848 -0.166850 0.121518 -0.133860
-0.095337 0.064209 -0.107056 -0.185363 0.124841 -0.208147
-0.069824 0.050659 -0.092285 -0.135759 0.098496 -0.179429
-0.044800 0.079468 -0.060181 -0.087104 0.154509 -0.117009
-0.021240 0.060181 -0.045044 -0.041297 0.117009 -0.087579
-0.021729 -0.004639 -0.046387 -0.042247 -0.009019 -0.090189
-0.043823 0.002441 -0.035767 -0.085205 0.004747 -0.069541
-0.041016 0.004639 -0.045532 -0.079746 0.009019 -0.088528
