0.302246 0.351929 -0.252319 0.587655 0.684252 -0.490582
0.031494 0.129639 -0.125610 0.061234 0.252055 -0.244223
-0.004028 0.125244 -0.081787 -0.007832 0.243511 -0.159018
0.043945 0.177124 -0.042603 0.085443 0.344381 -0.082832
-0.111450 0.041016 -0.138184 -0.216692 0.079746 -0.268669
-0.282104 -0.137695 -0.143433 -0.548493 -0.267720 -0.278875
-0.310791 -0.090820 -0.235962 -0.604268 -0.176581 -0.458779
-0.334106 -0.162842 -0.355347 -0.649600 -0.316612 -0.690898
-0.398193 -0.161133 -0.425537 -0.774204 -0.313289 -0.827368
-0.533203 -0.419434 -0.348022 -1.036702 -0.815501 -0.676657
-0.777466 -0.265015 -0.159790 -1.511620 -0.515266 -0.310678
-1.231689 0.182373 0.251831 -2.394763 0.354586 0.489633
-1.779663 0.940552 0.401245 -3.460184 1.828707 0.780138
-2.281006 1.974121 0.167236 -4.434940 3.838267 0.325156
-2.976318 0.905518 -0.147461 -5.786831 1.760590 -0.286707
-1.654785 0.503784 -0.168213 -3.217385 0.979503 -0.327055
-0.569214 0.651978 -0.209473 -1.106718 1.267635 -0.407276
-0.098511 0.571899 0.047119 -0.191534 1.111939 0.091613
0.164307 0.201904 0.132813 0.319460 0.392561 0.258226
0.312866 -0.248413 0.060425 0.608303 -0.482987 0.117483
0.428467 -0.531006 0.095093 0.833064 -1.032430 0.184888
0.719604 -0.530396 0.105347 1.399121 -1.031244 0.204825
0.964111 -0.465210 -0.034668 1.874514 -0.904504 -0.067405
1.093262 -0.381348 -0.266479 2.125620 -0.741451 -0.518114
1.210449 -0.295044 -0.527954 2.353466 -0.573651 -1.026497
1.311279 -0.355225 -0.676636 2.549509 -0.690660 -1.315577
1.458374 -0.360229 -0.711182 2.835504 -0.700391 -1.382745
1.528320 -0.224121 -0.810059 2.971500 -0.435757 -1.574990
1.386719 -0.067505 -0.877563 2.696186 -0.131249 -1.706239
1.018799 0.000732 -0.782837 1.980842 0.001424 -1.522063
0.855835 -0.035400 -0.662231 1.663993 -0.068829 -1.287571
0.875244 0.099121 -0.621094 1.701730 0.192720 -1.207587
0.650269 0.149658 -0.631836 1.264312 0.290979 -1.228473
0.386841 0.203979 -0.556641 0.752131 0.396596 -1.082272
0.112793 0.161499 -0.446289 0.219302 0.314001 -0.867716
-0.367065 -0.205200 -0.440796 -0.713682 -0.398969 -0.857036
-1.060303 -0.555908 -0.581543 -2.061538 -1.080848 -1.130689
-1.588623 -0.651855 -0.664551 -3.088747 -1.267397 -1.292081
-1.778564 -0.209961 -0.526245 -3.458048 -0.408225 -1.023174
-2.206543 0.110229 -0.400635 -4.290163 0.214318 -0.778951
-2.475464 0.515015 -0.353760 -4.813024 1.001339 -0.687812
-2.099854 1.039185 -0.161621 -4.082727 2.020478 -0.314239
-1.111328 1.035278 -0.137085 -2.160746 2.012883 -0.266533
-0.400024 0.669312 -0.332153 -0.777764 1.301337 -0.645803
-0.068359 0.347778 -0.272095 -0.132911 0.676182 -0.529032
0.033936 0.236450 -0.199463 0.065981 0.459728 -0.387814
0.088501 0.072632 -0.139038 0.172072 0.141217 -0.270331
0.089478 -0.032837 -0.084229 0.173970 -0.063845 -0.163765
0.106689 -0.058716 -0.055176 0.207435 -0.114161 -0.107278
0.117798 -0.126953 -0.040894 0.229033 -0.246834 -0.079509
0.127319 -0.148315 -0.071167 0.247546 -0.288368 -0.138369
0.160156 -0.088135 -0.106689 0.311390 -0.171360 -0.207435
0.157104 -0.040894 -0.091919 0.305457 -0.079509 -0.178717
0.154907 0.003052 -0.050293 0.301185 0.005934 -0.097784
0.153687 0.004761 -0.003296 0.298811 0.009256 -0.006408
0.090820 -0.007568 0.008423 0.176581 -0.014715 0.016376
0.029907 0.006470 0.002686 0.058148 0.012579 0.005221
-0.019043 0.031616 -0.004395 -0.037025 0.061471 -0.008544
-0.046265 0.050659 -0.020142 -0.089952 0.098496 -0.039161
-0.061646 0.019409 -0.024902 -0.119857 0.037737 -0.048417
-0.083740 0.004272 -0.032715 -0.162815 0.008307 -0.063607
-0.107300 0.017944 -0.036377 -0.208622 0.034889 -0.070727
-0.096558 0.040405 -0.053955 -0.187736 0.078560 -0.104904
-0.091797 0.034790 -0.061768 -0.178480 0.067642 -0.120094
-0.081787 0.017578 -0.065186 -0.159018 0.034177 -0.126740
-0.086060 0.011841 -0.061401 -0.167325 0.023022 -0.119382
-0.088379 0.012695 -0.052002 -0.171834 0.024683 -0.101107
-0.056152 0.030029 -0.046021 -0.109177 0.058386 -0.089477
-0.051514 0.018433 -0.070923 -0.100158 0.035838 -0.137895
-0.038940 0.013672 -0.085083 -0.075712 0.026582 -0.165426
-0.005371 0.030884 -0.072876 -0.010443 0.060047 -0.141692
-0.003296 0.004761 -0.057739 -0.006408 0.009256 -0.112262
-0.014893 -0.026978 -0.108276 -0.028956 -0.052452 -0.210521
-0.020508 -0.026855 -0.176025 -0.039873 -0.052215 -0.342245
-0.004272 0.001099 -0.182495 -0.008307 0.002136 -0.354824
0.013672 0.022583 -0.164795 0.026582 0.043908 -0.320409
0.042480 0.016724 -0.134521 0.082594 0.032516 -0.261549
0.033569 -0.015259 -0.117310 0.065269 -0.029668 -0.228084
0.023926 -0.030518 -0.106812 0.046519 -0.059335 -0.207673
0.018066 -0.014160 -0.113037 0.035126 -0.027531 -0.219777
