-0.110352 0.086060 -0.296143 -0.214556 0.167325 -0.575788
-0.249146 0.313110 -0.241089 -0.484412 0.608778 -0.468747
-0.447388 0.170654 -0.147461 -0.869852 0.331802 -0.286707
-0.607788 0.162354 -0.172241 -1.181717 0.315663 -0.334887
-0.700195 -0.146362 -0.190796 -1.361384 -0.284571 -0.370963
-0.844604 -0.145142 -0.264160 -1.642157 -0.282198 -0.513604
-1.027832 0.022217 -0.230835 -1.998405 0.043196 -0.448810
-1.099365 0.220337 -0.126709 -2.137487 0.428399 -0.246359
-1.330566 0.298340 -0.156616 -2.587009 0.580060 -0.304508
-1.775391 0.068359 -0.207520 -3.451877 0.132911 -0.403478
-1.791504 -0.121582 -0.017456 -3.483206 -0.236391 -0.033940
-1.475952 0.120605 0.160522 -2.869681 0.234492 0.312102
-1.013306 -0.054199 0.107422 -1.970162 -0.105379 0.208859
-0.478027 -0.188110 0.087524 -0.929425 -0.365741 0.170173
-0.061523 -0.109375 0.053833 -0.119620 -0.212657 0.104667
0.383667 -0.012329 0.038940 0.745961 -0.023971 0.075712
0.658936 0.030029 -0.045288 1.281163 0.058386 -0.088053
0.862671 -0.061035 -0.132690 1.677284 -0.118670 -0.257989
1.038330 -0.146118 -0.198364 2.018816 -0.284096 -0.385678
1.148193 -0.192017 -0.238892 2.232423 -0.373336 -0.464475
1.173462 -0.192139 -0.274292 2.281552 -0.373574 -0.533304
1.197021 -0.065186 -0.342407 2.327359 -0.126740 -0.665739
1.105835 0.004028 -0.365356 2.150066 0.007832 -0.710359
0.755371 -0.014160 -0.390747 1.468662 -0.027531 -0.759726
0.616943 -0.029419 -0.431030 1.199518 -0.057199 -0.838049
0.523193 0.065430 -0.534790 1.017240 0.127214 -1.039788
0.187622 0.225586 -0.510620 0.364792 0.438605 -0.992794
-0.130615 0.144287 -0.515869 -0.253954 0.280536 -1.003000
-0.366699 0.020386 -0.580811 -0.712970 0.039636 -1.129265
-0.595947 0.054810 -0.581421 -1.158695 0.106566 -1.130452
-0.885986 0.037109 -0.558105 -1.722616 0.072151 -1.085120
-1.260132 0.148071 -0.585815 -2.450064 0.287894 -1.138996
-1.522949 0.153809 -0.637207 -2.961057 0.299049 -1.238916
-1.519653 0.141357 -0.494873 -2.954649 0.274840 -0.962178
-1.002808 0.227173 -0.193848 -1.949750 0.441690 -0.376896
-0.512451 0.152100 0.040527 -0.996355 0.295726 0.078797
-0.292114 0.079102 0.040649 -0.567955 0.153797 0.079034
-0.046387 0.084595 -0.008911 -0.090189 0.164477 -0.017326
0.127319 0.168945 -0.045776 0.247546 0.328479 -0.089003
0.138672 0.176392 -0.093872 0.269619 0.342957 -0.182515
0.100708 0.101196 -0.088257 0.195806 0.196755 -0.171597
0.052979 0.077393 -0.061401 0.103006 0.150474 -0.119382
0.058472 0.058228 -0.040771 0.113686 0.113211 -0.079272
0.078735 0.068237 -0.048584 0.153084 0.132673 -0.094461
0.046387 0.098389 -0.038452 0.090189 0.191296 -0.074762
0.021484 0.148560 -0.016724 0.041772 0.288843 -0.032516
-0.039917 0.142334 -0.055298 -0.077610 0.276739 -0.107515
-0.018921 0.066528 -0.055176 -0.036788 0.129350 -0.107278
0.082642 -0.011475 -0.025513 0.160679 -0.022310 -0.049604
0.098511 -0.033936 -0.015259 0.191534 -0.065981 -0.029668
0.046875 0.067505 -0.016602 0.091139 0.131249 -0.032278
-0.031006 0.259644 -0.038330 -0.060284 0.504823 -0.074525
-0.076050 0.306641 -0.112305 -0.147863 0.596199 -0.218353
-0.026489 0.081543 -0.114868 -0.051503 0.158543 -0.223337
0.060913 -0.105103 -0.045410 0.118433 -0.204350 -0.088291
0.162109 0.019897 0.051025 0.315188 0.038686 0.099208
0.175049 0.105225 0.051025 0.340346 0.204587 0.099208
0.117188 0.022339 0.005005 0.227847 0.043433 0.009731
0.062134 0.077271 -0.059204 0.120806 0.150236 -0.115110
0.092896 0.098389 -0.120605 0.180616 0.191296 -0.234492
0.189453 0.128540 -0.165649 0.368352 0.249919 -0.322071
0.179199 0.161133 -0.200562 0.348416 0.313289 -0.389950
0.108521 0.119995 -0.184937 0.210996 0.233305 -0.359571
0.057861 0.087646 -0.147339 0.112499 0.170410 -0.286470
0.025391 0.040527 -0.115234 0.049367 0.078797 -0.224049
-0.003174 0.013916 -0.122070 -0.006171 0.027057 -0.237340
-0.017944 0.013672 -0.128418 -0.034889 0.026582 -0.249682
-0.041504 0.030273 -0.151123 -0.080696 0.058860 -0.293827
-0.050049 0.078491 -0.182495 -0.097310 0.152610 -0.354824
-0.020386 0.076172 -0.143433 -0.039636 0.148100 -0.278875
-0.027466 0.060913 -0.103516 -0.053402 0.118433 -0.201265
-0.023071 0.060181 -0.059082 -0.044857 0.117009 -0.114873
0.011597 0.045044 -0.082764 0.022547 0.087579 -0.160917
0.020996 0.047363 -0.111206 0.040823 0.092088 -0.216217
0.069824 0.023438 -0.052612 0.135759 0.045569 -0.102294
0.063965 0.013794 -0.008911 0.124366 0.026819 -0.017326
0.020874 0.062622 0.007202 0.040585 0.121756 0.014003
-0.007202 0.081909 -0.096802 -0.014003 0.159255 -0.188211
-0.007446 0.024292 -0.122925 -0.014478 0.047231 -0.239002
-0.012329 0.014038 -0.128540 -0.023971 0.027294 -0.249919
