-0.442383 -0.192505 -0.369995 -0.860121 -0.374286 -0.719378
-0.723877 -0.037109 -0.359131 -1.407428 -0.072151 -0.698255
-0.718018 0.083252 -0.279175 -1.396036 0.161866 -0.542797
-0.562256 0.289551 -0.258423 -1.093189 0.562971 -0.502449
-0.452148 0.479004 -0.500977 -0.879108 0.931323 -0.974045
-0.497314 0.159424 -0.610107 -0.966924 0.309966 -1.186227
-0.754517 -0.089111 -0.379150 -1.467000 -0.173258 -0.737179
-1.151611 0.100830 -0.062012 -2.239068 0.196043 -0.120569
-1.615479 0.253174 0.176147 -3.140961 0.492244 0.342482
-2.058105 0.276978 0.230591 -4.001557 0.538525 0.448336
-2.229248 0.287720 0.268311 -4.334308 0.559411 0.521674
-1.818359 0.207153 0.336670 -3.535421 0.402766 0.654585
-1.017212 -0.080811 0.133667 -1.977757 -0.157119 0.259888
-0.370483 -0.136841 0.047241 -0.720328 -0.266058 0.091851
-0.013184 -0.046875 0.022339 -0.025633 -0.091139 0.043433
0.230835 -0.116455 0.021484 0.448810 -0.226423 0.041772
0.402222 -0.159180 -0.003296 0.782036 -0.309492 -0.006408
0.566772 -0.179688 -0.070801 1.101971 -0.349365 -0.137657
0.825439 -0.247314 -0.203003 1.604895 -0.480851 -0.394697
1.018433 -0.263672 -0.309570 1.980130 -0.512655 -0.601895
1.119995 -0.250122 -0.339355 2.177597 -0.486310 -0.659806
1.328247 -0.271606 -0.372681 2.582500 -0.528082 -0.724600
1.151611 -0.046509 -0.372681 2.239068 -0.090427 -0.724600
0.840576 0.148804 -0.413452 1.634325 0.289318 -0.803872
0.629028 0.167480 -0.467041 1.223014 0.325631 -0.908064
0.486938 0.155273 -0.557129 0.946750 0.301897 -1.083221
0.299927 0.091064 -0.599731 0.583145 0.177056 -1.166053
0.012817 0.098633 -0.577271 0.024921 0.191771 -1.122382
-0.255615 0.154663 -0.591675 -0.496991 0.300710 -1.150388
-0.541504 0.121338 -0.497559 -1.052842 0.235916 -0.967399
-0.761475 0.078979 -0.483765 -1.480529 0.153559 -0.940580
-0.990845 0.055786 -0.450928 -1.926491 0.108465 -0.876735
-1.153809 0.208374 -0.382935 -2.243340 0.405140 -0.744536
-1.301758 0.296997 -0.246704 -2.530997 0.577449 -0.479665
-1.228638 0.291992 -0.167603 -2.388830 0.567718 -0.325868
-0.850342 0.429443 -0.007935 -1.653312 0.834963 -0.015427
-0.331299 0.344238 -0.006714 -0.644142 0.669300 -0.013054
0.001831 0.020630 -0.145264 0.003560 0.040111 -0.282435
0.165649 -0.055786 -0.229858 0.322071 -0.108465 -0.446912
0.174072 0.014893 -0.233643 0.338447 0.028956 -0.454269
0.135742 0.111084 -0.180786 0.263922 0.215980 -0.351501
0.112549 0.096680 -0.080444 0.218828 0.187973 -0.156407
0.102051 0.054565 -0.042114 0.198416 0.106091 -0.081882
0.077759 0.050537 -0.075806 0.151186 0.098259 -0.147388
0.041016 0.123413 -0.100708 0.079746 0.239951 -0.195806
0.033325 0.171875 -0.073975 0.064794 0.334175 -0.143828
0.015137 0.217407 -0.032104 0.029430 0.422703 -0.062420
-0.049805 0.193115 -0.047363 -0.096835 0.375472 -0.092088
-0.103149 0.121826 -0.069702 -0.200553 0.236866 -0.135521
-0.102051 0.091431 -0.031250 -0.198416 0.177768 -0.060759
0.036865 0.067749 0.019775 0.071677 0.131724 0.038449
0.280762 -0.007446 0.079468 0.545883 -0.014478 0.154509
0.250977 -0.005249 0.035034 0.487972 -0.010206 0.068117
0.080078 0.055298 -0.036499 0.155695 0.107515 -0.070965
-0.073364 0.103638 -0.129395 -0.142642 0.201502 -0.251581
-0.105957 0.122803 -0.205933 -0.206011 0.238764 -0.400393
-0.039429 0.080811 -0.197876 -0.076661 0.157119 -0.384729
0.034424 0.028198 -0.108643 0.066930 0.054826 -0.211233
0.022339 0.053101 -0.059570 0.043433 0.103243 -0.115822
-0.027588 0.039185 -0.072266 -0.053639 0.076186 -0.140505
-0.053711 0.023193 -0.114624 -0.104430 0.045095 -0.222863
-0.054077 -0.028076 -0.138794 -0.105142 -0.054588 -0.269856
-0.059326 0.013062 -0.105103 -0.115347 0.025395 -0.204350
-0.107910 0.002686 -0.027222 -0.209809 0.005221 -0.052927
-0.103516 -0.032471 0.006836 -0.201265 -0.063133 0.013291
-0.099121 -0.047363 -0.015991 -0.192720 -0.092088 -0.031092
-0.090576 -0.034424 -0.024292 -0.176106 -0.066930 -0.047231
-0.076416 -0.019165 -0.036011 -0.148575 -0.037262 -0.070015
-0.049194 -0.009033 -0.083130 -0.095648 -0.017563 -0.161629
-0.014771 0.025269 -0.129028 -0.028718 0.049129 -0.250869
-0.001587 0.031006 -0.151611 -0.003085 0.060284 -0.294777
-0.002563 0.029541 -0.155396 -0.004984 0.057436 -0.302134
0.012573 0.032104 -0.150879 0.024446 0.062420 -0.293353
0.008911 0.061768 -0.153809 0.017326 0.120094 -0.299049
-0.006470 0.063354 -0.152588 -0.012579 0.123180 -0.296675
0.014160 0.026855 -0.165771 0.027531 0.052215 -0.322308
-0.001099 0.015137 -0.184326 -0.002136 0.029430 -0.358384
-0.025879 0.033081 -0.181885 -0.050316 0.064319 -0.353637
-0.063843 0.045776 -0.162842 -0.124129 0.089003 -0.316612
-0.091187 0.051514 -0.147583 -0.177293 0.100158 -0.286944
