-0.113525 0.278198 -0.107788 -0.220726 0.540899 -0.209571
-0.048828 0.495483 -0.021362 -0.094936 0.963364 -0.041535
-0.016846 0.426636 -0.091797 -0.032753 0.829504 -0.178480
-0.059692 0.112305 -0.137085 -0.116059 0.218353 -0.266533
-0.107300 -0.113037 -0.116333 -0.208622 -0.219777 -0.226185
-0.182373 -0.192627 -0.133667 -0.354586 -0.374523 -0.259888
-0.396729 -0.068970 -0.104736 -0.771356 -0.134097 -0.203638
-0.688477 0.361450 -0.003784 -1.338599 0.702765 -0.007358
-0.911133 0.429688 -0.299927 -1.771508 0.835438 -0.583145
-1.027222 0.672119 -0.218262 -1.997218 1.306796 -0.424364
-0.805786 0.488037 -0.329346 -1.566683 0.948886 -0.640344
-0.745850 0.246338 -0.599487 -1.450149 0.478953 -1.165578
-1.095947 0.470581 -0.597778 -2.130841 0.914947 -1.162255
-1.266968 0.445068 -0.424072 -2.463355 0.865343 -0.824520
-0.771240 -0.044434 -0.270996 -1.499516 -0.086392 -0.526895
-1.081909 0.005737 -0.518311 -2.103547 0.011155 -1.007747
-1.582275 0.469604 -0.680298 -3.076405 0.913048 -1.322697
-1.762329 0.212646 -0.641235 -3.426482 0.413447 -1.246749
-1.284058 -0.228882 -0.871826 -2.496583 -0.445013 -1.695084
-0.830078 -0.168213 -0.889771 -1.613914 -0.327055 -1.729973
-0.397583 0.113525 -0.434326 -0.773017 0.220726 -0.844457
0.267700 0.015137 -0.187500 0.520487 0.029430 -0.364555
0.866455 -0.158691 -0.182007 1.684641 -0.308542 -0.353874
1.207886 -0.213989 -0.167969 2.348482 -0.416058 -0.326580
1.386963 -0.118164 -0.119385 2.696660 -0.229745 -0.232119
1.523438 -0.066895 -0.076782 2.962007 -0.130062 -0.149287
1.764038 -0.170288 -0.097412 3.429805 -0.331090 -0.189398
1.973877 -0.384277 -0.199219 3.837792 -0.747147 -0.387339
1.998779 -0.467041 -0.276855 3.886210 -0.908064 -0.538288
1.810425 -0.315796 -0.264404 3.519994 -0.613999 -0.514079
1.472900 -0.117554 -0.245483 2.863748 -0.228559 -0.477291
1.110352 -0.140259 -0.208862 2.158847 -0.272704 -0.406089
0.793213 -0.216675 -0.177124 1.542237 -0.421279 -0.344381
0.495483 -0.192627 -0.182129 0.963364 -0.374523 -0.354112
0.261597 -0.157715 -0.214478 0.508620 -0.306644 -0.417007
0.077393 -0.162598 -0.263916 0.150474 -0.316137 -0.513130
-0.129395 -0.165894 -0.326416 -0.251581 -0.322545 -0.634648
-0.356812 -0.137939 -0.391235 -0.693746 -0.268195 -0.760676
-0.631714 -0.177490 -0.389893 -1.228236 -0.345093 -0.758065
-0.846436 -0.214600 -0.334839 -1.645718 -0.417244 -0.651024
-1.080566 -0.223999 -0.199951 -2.100936 -0.435519 -0.388763
-1.228149 -0.170288 -0.066528 -2.387881 -0.331090 -0.129350
-1.385254 -0.086548 -0.062622 -2.693337 -0.168274 -0.121756
-1.573242 -0.151978 -0.140991 -3.058842 -0.295489 -0.274128
-1.745728 0.041260 -0.156128 -3.394203 0.080221 -0.303558
-1.778931 0.353149 -0.088135 -3.458760 0.686625 -0.171360
-1.725464 0.110352 -0.121826 -3.354805 0.214556 -0.236866
-1.776978 0.122437 -0.174927 -3.454962 0.238052 -0.340109
-1.609863 0.347412 -0.170410 -3.130044 0.675470 -0.331327
-1.247559 0.309448 -0.212280 -2.425618 0.601658 -0.412735
-0.899048 0.256226 -0.278809 -1.748011 0.498177 -0.542085
-0.324219 0.192627 -0.333252 -0.630376 0.374523 -0.647939
0.183472 0.171387 -0.350220 0.356722 0.333226 -0.680929
0.577148 0.133667 -0.327759 1.122145 0.259888 -0.637259
0.787354 0.092773 -0.313721 1.530845 0.180379 -0.609965
0.878174 0.118164 -0.308838 1.707426 0.229745 -0.600471
0.937134 0.229736 -0.256836 1.822061 0.446674 -0.499364
1.086060 0.162964 -0.187378 2.111617 0.316849 -0.364317
1.217773 0.081543 -0.171875 2.367707 0.158543 -0.334175
1.268188 0.107056 -0.199341 2.465728 0.208147 -0.387577
1.241333 0.042236 -0.239624 2.413513 0.082120 -0.465899
1.188721 -0.051758 -0.270264 2.311220 -0.100632 -0.525471
1.030884 -0.064209 -0.265381 2.004339 -0.124841 -0.515978
0.878418 -0.111694 -0.218994 1.707901 -0.217166 -0.425788
0.754150 -0.127441 -0.171021 1.466288 -0.247783 -0.332514
0.599365 -0.028931 -0.134277 1.165341 -0.056250 -0.261074
0.454956 -0.044312 -0.064941 0.884567 -0.086155 -0.126265
0.265259 -0.022217 0.030029 0.515740 -0.043196 0.058386
0.162720 -0.022949 0.103882 0.316375 -0.044620 0.201977
0.192871 -0.084961 0.083862 0.374998 -0.165189 0.163053
0.163086 -0.029541 0.014893 0.317087 -0.057436 0.028956
0.096069 0.007568 -0.017090 0.186787 0.014715 -0.033228
0.047852 0.007080 -0.016602 0.093037 0.013766 -0.032278
-0.002441 0.015015 -0.012329 -0.004747 0.029193 -0.023971
-0.034668 -0.019531 -0.013794 -0.067405 -0.037974 -0.026819
-0.069092 0.013916 -0.028564 -0.134335 0.027057 -0.055538
-0.059082 0.004028 -0.049194 -0.114873 0.007832 -0.095648
-0.059570 -0.035400 -0.060791 -0.115822 -0.068829 -0.118195
-0.083740 -0.009888 -0.076782 -0.162815 -0.019225 -0.149287
-0.075806 -0.004395 -0.088867 -0.147388 -0.008544 -0.172784
