0.065918 0.091309 -0.133423 0.128164 0.177531 -0.259413
-0.007080 0.073853 -0.156250 -0.013766 0.143591 -0.303796
-0.122681 0.032471 -0.240967 -0.238527 0.063133 -0.468510
-0.143066 0.152710 -0.119385 -0.278163 0.296913 -0.232119
-0.233398 0.230225 0.005859 -0.453795 0.447624 0.011392
-0.375854 0.334595 -0.046265 -0.730771 0.650550 -0.089952
-0.664307 0.079956 -0.131226 -1.291606 0.155458 -0.255141
-0.789307 0.209229 -0.101929 -1.534642 0.406801 -0.198179
-1.042114 -0.098877 -0.269775 -2.026174 -0.192246 -0.524522
-1.415283 -0.110107 -0.353149 -2.751723 -0.214081 -0.686625
-2.169067 -0.019653 -0.411133 -4.217299 -0.038212 -0.799362
-2.474731 0.449341 -0.363403 -4.811600 0.873650 -0.706562
-1.556274 0.323975 -0.505737 -3.025851 0.629901 -0.983301
-0.564697 -0.081787 -0.519165 -1.097936 -0.159018 -1.009408
-0.378052 -0.015137 -0.456909 -0.735043 -0.029430 -0.888365
0.262451 -0.006714 -0.273071 0.510282 -0.013054 -0.530930
0.966675 -0.009033 -0.213135 1.879498 -0.017563 -0.414396
1.297729 0.039551 -0.273438 2.523165 0.076898 -0.531642
1.600098 -0.078735 -0.379639 3.111057 -0.153084 -0.738128
1.687988 -0.054443 -0.389160 3.281941 -0.105854 -0.756641
1.562012 -0.010742 -0.312500 3.037006 -0.020886 -0.607591
1.425415 -0.144531 -0.221313 2.771422 -0.281011 -0.430298
1.286987 -0.267700 -0.236450 2.502279 -0.520487 -0.459728
1.091064 -0.235840 -0.321533 2.121347 -0.458541 -0.625154
0.732544 -0.163330 -0.306641 1.424279 -0.317561 -0.596199
0.345215 -0.154907 -0.181885 0.671198 -0.301185 -0.353637
0.031372 -0.222656 -0.126221 0.060996 -0.432909 -0.245410
-0.238525 -0.326660 -0.121826 -0.463763 -0.635123 -0.236866
-0.562988 -0.168823 -0.108521 -1.094613 -0.328242 -0.210996
-1.005859 -0.015015 -0.143555 -1.955684 -0.029193 -0.279112
-1.475464 0.125366 -0.167725 -2.868732 0.243748 -0.326106
-1.868164 0.547852 -0.231689 -3.632256 1.065183 -0.450472
-1.851563 0.219727 -0.409912 -3.599977 0.427213 -0.796989
-1.221191 -0.014404 -0.456665 -2.374352 -0.028006 -0.887890
-0.677246 0.080444 -0.265381 -1.316764 0.156407 -0.515978
-0.286011 0.242188 -0.302612 -0.556088 0.470883 -0.588367
0.164429 0.257690 -0.320190 0.319697 0.501025 -0.622544
0.449219 0.129883 -0.331543 0.873412 0.252530 -0.644616
0.701904 0.029785 -0.338257 1.364707 0.057911 -0.657670
0.968872 -0.107422 -0.423462 1.883770 -0.208859 -0.823333
0.976685 -0.099487 -0.467407 1.898960 -0.193432 -0.908776
0.903442 0.023926 -0.397705 1.756555 0.046519 -0.773255
0.866333 0.089478 -0.298706 1.684404 0.173970 -0.580772
0.734497 -0.047241 -0.302979 1.428077 -0.091851 -0.589079
0.514404 -0.122070 -0.406494 1.000152 -0.237340 -0.790343
0.216919 -0.038086 -0.307373 0.421754 -0.074050 -0.597623
0.048706 0.058472 -0.087158 0.094699 0.113686 -0.169461
-0.038940 0.052979 -0.022949 -0.075712 0.103006 -0.044620
-0.133179 0.108276 -0.049927 -0.258938 0.210521 -0.097072
-0.186523 0.031006 -0.158325 -0.362656 0.060284 -0.307830
-0.176392 -0.049194 -0.139771 -0.342957 -0.095648 -0.271755
-0.123901 -0.035400 -0.019165 -0.240900 -0.068829 -0.037262
-0.047241 -0.051758 -0.021729 -0.091851 -0.100632 -0.042247
-0.050781 -0.026123 -0.100220 -0.098734 -0.050791 -0.194856
-0.012695 0.008301 -0.174683 -0.024683 0.016139 -0.339634
0.013306 -0.020630 -0.196045 0.025870 -0.040111 -0.381168
-0.007690 -0.005127 -0.197510 -0.014952 -0.009968 -0.384017
-0.038818 0.004761 -0.221558 -0.075474 0.009256 -0.430773
-0.107544 0.067505 -0.186401 -0.209097 0.131249 -0.362419
-0.167114 0.102783 -0.149780 -0.324919 0.199841 -0.291217
-0.171753 0.093018 -0.107056 -0.333938 0.180853 -0.208147
-0.149658 0.170044 -0.080322 -0.290979 0.330615 -0.156170
-0.124756 0.210693 -0.057739 -0.242562 0.409649 -0.112262
-0.032593 0.045654 -0.135254 -0.063370 0.088765 -0.262973
-0.025391 -0.136597 -0.204468 -0.049367 -0.265584 -0.397545
-0.094482 0.011475 -0.090576 -0.183701 0.022310 -0.176106
-0.022217 0.001709 -0.076050 -0.043196 0.003323 -0.147863
0.031860 -0.087524 -0.135620 0.061946 -0.170173 -0.263685
-0.077271 0.116577 -0.081665 -0.150236 0.226660 -0.158781
-0.246704 0.375854 0.025757 -0.479665 0.730771 0.050079
-0.144897 0.365479 -0.078247 -0.281723 0.710597 -0.152135
0.074951 0.398193 -0.033447 0.145727 0.774204 -0.065031
0.312378 0.598145 -0.016357 0.607354 1.162967 -0.031804
0.546875 1.144775 0.020142 1.063285 2.225777 0.039161
0.463135 0.761597 0.069702 0.900469 1.480766 0.135521
0.015869 0.036621 -0.005859 0.030854 0.071202 -0.011392
-0.070313 0.014893 -0.052002 -0.136708 0.028956 -0.101107
-0.058228 -0.085693 -0.154175 -0.113211 -0.166613 -0.299761
-0.109131 -0.524170 -0.199829 -0.212182 -1.019139 -0.388526
-0.129639 -0.691528 -0.178589 -0.252055 -1.344533 -0.347229
