-0.634155 -0.693115 -0.495483 -1.232983 -1.347618 -0.963364
-0.284302 -0.529419 -0.418335 -0.552766 -1.029345 -0.813365
-0.114380 -0.784058 -0.545776 -0.222388 -1.524437 -1.061148
-0.086182 -0.098633 -0.150513 -0.167562 -0.191771 -0.292641
-0.178467 -0.115845 0.122314 -0.346992 -0.225236 0.237815
0.264648 -0.026001 0.250122 0.514554 -0.050553 0.486310
0.819580 0.454712 0.361938 1.593503 0.884093 0.703714
1.006226 0.538452 0.577637 1.956396 1.046908 1.123094
1.088989 -0.397827 0.240845 2.117313 -0.773492 0.468272
1.071045 -0.285767 0.007324 2.082424 -0.555614 0.014240
0.876953 -0.077637 0.164673 1.705053 -0.150948 0.320172
0.802246 0.097900 0.130249 1.559800 0.190347 0.253242
0.874390 0.222290 0.128540 1.700068 0.432197 0.249919
1.083374 0.088989 -0.050781 2.106395 0.173021 -0.098734
1.362915 0.192505 -0.226807 2.649904 0.374286 -0.440978
1.278442 0.228271 -0.200806 2.485665 0.443826 -0.390425
0.541016 0.099854 -0.273560 1.051892 0.194144 -0.531880
-0.004761 0.074707 -0.649048 -0.009256 0.145252 -1.261938
-0.220215 -0.015869 -0.803711 -0.428162 -0.030854 -1.562648
-0.293457 -0.003662 -0.719238 -0.570566 -0.007120 -1.398409
-0.412231 -0.086548 -0.701172 -0.801498 -0.168274 -1.363283
-0.444458 -0.161865 -0.766479 -0.864156 -0.314713 -1.490260
-0.729736 0.029907 -0.976196 -1.418820 0.058148 -1.898010
-1.159790 0.005981 -1.039673 -2.254970 0.011630 -2.021427
-1.390381 -0.281494 -0.668579 -2.703306 -0.547307 -1.299913
-1.147461 -0.532593 0.074097 -2.230999 -1.035516 0.144066
-0.876465 -0.564575 0.775757 -1.704103 -1.097699 1.508298
-0.370605 -0.392456 1.213989 -0.720565 -0.763049 2.360349
0.098755 -0.299683 1.440186 0.192008 -0.582670 2.800141
0.584106 -0.376587 1.324829 1.135673 -0.732195 2.575854
0.946411 -0.225952 0.952637 1.840099 -0.439317 1.852204
0.849976 0.206421 0.644653 1.652600 0.401342 1.253394
0.657837 0.406494 0.438965 1.279027 0.790343 0.853476
0.578247 0.216919 0.330811 1.124281 0.421754 0.643192
0.304077 0.038330 0.103149 0.591215 0.074525 0.200553
0.022949 -0.023315 -0.067871 0.044620 -0.045332 -0.131961
-0.187866 -0.126343 -0.237915 -0.365267 -0.245647 -0.462576
-0.296265 -0.208618 -0.349365 -0.576025 -0.405615 -0.679268
-0.375122 -0.216797 -0.456299 -0.729347 -0.421516 -0.887178
-0.508179 -0.374756 -0.580322 -0.988048 -0.728635 -1.128316
-0.675537 -0.465820 -0.652466 -1.313441 -0.905691 -1.268584
-0.922363 -0.411987 -0.739380 -1.793343 -0.801023 -1.437570
-1.068970 -0.409058 -0.746094 -2.078389 -0.795327 -1.450624
-1.159668 -0.228149 -0.740112 -2.254733 -0.443589 -1.438994
-0.937988 -0.021484 -0.772217 -1.823723 -0.041772 -1.501415
-0.586670 0.190430 -0.741699 -1.140657 0.370251 -1.442080
-0.161987 0.121094 -0.457031 -0.314951 0.235442 -0.888602
0.093994 -0.032959 -0.511475 0.182752 -0.064082 -0.994456
-0.021606 -0.049805 -0.501709 -0.042009 -0.096835 -0.975469
-0.130493 0.112549 -0.331787 -0.253717 0.218828 -0.645091
-0.161377 0.061890 -0.102295 -0.313764 0.120332 -0.198891
-0.090820 -0.026489 0.125366 -0.176581 -0.051503 0.243748
-0.044067 -0.091553 0.295654 -0.085680 -0.178005 0.574838
-0.118652 -0.169678 0.355835 -0.230695 -0.329903 0.691847
-0.106323 -0.061890 0.186523 -0.206723 -0.120332 0.362656
-0.057251 0.006226 -0.060303 -0.111313 0.012104 -0.117246
-0.002563 -0.031372 -0.226807 -0.004984 -0.060996 -0.440978
-0.052856 -0.022705 -0.228638 -0.102768 -0.044145 -0.444538
-0.102783 -0.048950 -0.169189 -0.199841 -0.095173 -0.328954
-0.115479 0.022217 -0.141235 -0.224524 0.043196 -0.274603
-0.085938 0.048950 -0.145752 -0.167088 0.095173 -0.283384
-0.119507 0.050537 -0.107666 -0.232356 0.098259 -0.209334
-0.114014 0.043945 -0.070557 -0.221676 0.085443 -0.137183
-0.028198 0.052124 -0.103394 -0.054826 0.101344 -0.201027
0.030518 0.066650 -0.088135 0.059335 0.129588 -0.171360
0.096802 0.027100 -0.045044 0.188211 0.052690 -0.087579
0.119629 -0.012573 -0.055176 0.232593 -0.024446 -0.107278
0.078247 -0.007690 -0.077393 0.152135 -0.014952 -0.150474
0.055542 -0.006348 -0.047363 0.107990 -0.012342 -0.092088
0.020264 0.004517 -0.027100 0.039398 0.008782 -0.052690
0.066406 -0.023315 -0.046143 0.129113 -0.045332 -0.089715
0.045898 -0.029541 -0.066528 0.089240 -0.057436 -0.129350
0.014893 0.010986 -0.083496 0.028956 0.021361 -0.162341
0.036255 0.001587 -0.083496 0.070490 0.003085 -0.162341
0.059082 -0.003906 -0.057617 0.114873 -0.007595 -0.112025
0.070313 -0.031738 -0.018799 0.136708 -0.061708 -0.036550
0.036011 0.004395 -0.046997 0.070015 0.008544 -0.091376
-0.011353 0.049072 -0.058350 -0.022073 0.095411 -0.113449
-0.010376 0.050049 -0.118774 -0.020174 0.097310 -0.230932
0.007813 0.133301 -0.160156 0.015190 0.259176 -0.311390
