-0.377075 0.141113 -0.015137 -0.733144 0.274365 -0.029430
-0.127563 0.076904 -0.023926 -0.248021 0.149524 -0.046519
-0.058472 -0.003174 -0.154907 -0.113686 -0.006171 -0.301185
0.025513 -0.159790 -0.145386 0.049604 -0.310678 -0.282672
0.239380 -0.365723 -0.072754 0.465424 -0.711071 -0.141455
0.505005 -0.351563 0.081299 0.981877 -0.683540 0.158069
0.490479 -0.283203 0.316650 0.953633 -0.550629 0.615661
0.396606 0.043457 0.521973 0.771119 0.084493 1.014867
0.505493 -0.275391 0.252686 0.982826 -0.535440 0.491294
0.804443 -0.320557 0.029785 1.564072 -0.623256 0.057911
1.041260 -0.288452 -0.091187 2.024513 -0.560835 -0.177293
1.218750 -0.511719 -0.384766 2.369605 -0.994930 -0.748097
1.364502 -0.553955 -0.589355 2.652990 -1.077050 -1.145879
1.230835 -0.341187 -0.559570 2.393102 -0.663366 -1.087968
0.996704 -0.354492 -0.688110 1.937883 -0.689236 -1.337887
0.740479 -0.126709 -0.687378 1.439706 -0.246359 -1.336463
0.641479 0.209229 -0.719238 1.247223 0.406801 -1.398409
0.629395 0.417969 -0.813354 1.223727 0.812653 -1.581398
0.613892 0.274292 -1.067383 1.193584 0.533304 -2.075304
0.493286 -0.023926 -1.337891 0.959092 -0.046519 -2.601249
0.269287 -0.148560 -1.426514 0.523573 -0.288843 -2.773559
-0.092407 0.026001 -1.290649 -0.179667 0.050553 -2.509399
-0.493042 0.214355 -1.054810 -0.958617 0.416770 -2.050857
-0.869141 0.277344 -0.781128 -1.689863 0.539237 -1.518741
-1.272461 0.390137 -0.418701 -2.474035 0.758540 -0.814077
-1.568848 0.341309 -0.075684 -3.050297 0.663603 -0.147151
-1.538940 0.119263 0.246704 -2.992149 0.231881 0.479665
-1.176025 -0.052246 0.698486 -2.286536 -0.101582 1.358061
-0.632690 -0.179077 1.042114 -1.230135 -0.348178 2.026174
-0.168945 -0.395874 1.173096 -0.328479 -0.769695 2.280840
0.196533 -0.527100 1.213379 0.382118 -1.024835 2.359162
0.501587 -0.411621 1.067749 0.975231 -0.800311 2.076015
0.706787 -0.363037 0.867798 1.374200 -0.705850 1.687252
0.746338 -0.399780 0.718750 1.451098 -0.777289 1.397460
0.649902 -0.181519 0.507690 1.263600 -0.352925 0.987098
0.442749 -0.020264 0.256470 0.860833 -0.039398 0.498652
0.234741 0.011841 0.009521 0.456405 0.023022 0.018513
0.063965 0.023438 -0.198364 0.124366 0.045569 -0.385678
-0.116943 0.027466 -0.392822 -0.227372 0.053402 -0.763761
-0.332275 0.016113 -0.569214 -0.646040 0.031329 -1.106718
-0.601196 0.042358 -0.689209 -1.168901 0.082357 -1.340023
-0.768677 0.180542 -0.794678 -1.494532 0.351026 -1.545085
-0.922363 0.254150 -0.986816 -1.793343 0.494142 -1.918659
-1.032227 0.351196 -1.258545 -2.006949 0.682828 -2.446978
-1.113403 0.413208 -1.538696 -2.164781 0.803397 -2.991674
-1.166626 0.452515 -1.653931 -2.268261 0.879820 -3.215724
-0.948486 0.389160 -1.518311 -1.844134 0.756641 -2.952039
-0.544434 0.214600 -1.246704 -1.058538 0.417244 -2.423956
-0.406738 0.005493 -1.047852 -0.790818 0.010680 -2.037329
-0.411987 -0.050537 -0.804077 -0.801023 -0.098259 -1.563360
-0.353638 0.100342 -0.495483 -0.687575 0.195094 -0.963364
-0.141479 0.171631 -0.304565 -0.275077 0.333700 -0.592164
0.019897 0.083618 -0.230713 0.038686 0.162578 -0.448573
0.118652 0.025879 -0.203857 0.230695 0.050316 -0.396358
0.138916 0.047119 -0.144897 0.270093 0.091613 -0.281723
0.119263 0.099243 -0.108765 0.231881 0.192958 -0.211470
0.051758 0.124634 -0.108765 0.100632 0.242324 -0.211470
-0.023682 0.102539 -0.121826 -0.046044 0.199366 -0.236866
-0.070801 0.066040 -0.110718 -0.137657 0.128401 -0.215268
-0.087769 0.012207 -0.065430 -0.170648 0.023734 -0.127214
-0.119019 -0.019775 -0.018799 -0.231407 -0.038449 -0.036550
-0.138550 -0.053101 -0.006348 -0.269381 -0.103243 -0.012342
-0.122314 -0.062622 -0.025879 -0.237815 -0.121756 -0.050316
-0.093262 0.028809 -0.057617 -0.181328 0.056012 -0.112025
-0.044922 0.075684 -0.102661 -0.087341 0.147151 -0.199603
0.014648 0.043701 -0.142334 0.028481 0.084968 -0.276739
0.038696 0.015137 -0.132080 0.075237 0.029430 -0.256802
0.051636 0.039551 -0.101929 0.100395 0.076898 -0.198179
0.070190 0.042603 -0.111084 0.136471 0.082832 -0.215980
0.081421 -0.012329 -0.147583 0.158306 -0.023971 -0.286944
0.046631 -0.011841 -0.173584 0.090664 -0.023022 -0.337498
0.012085 0.025146 -0.169678 0.023497 0.048892 -0.329903
0.000366 0.031738 -0.164307 0.000712 0.061708 -0.319460
0.000488 0.041870 -0.172607 0.000949 0.081408 -0.335599
0.014282 0.045776 -0.174561 0.027769 0.089003 -0.339397
0.020752 0.006836 -0.172852 0.040348 0.013291 -0.336074
0.011597 0.027344 -0.175293 0.022547 0.053164 -0.340821
0.000977 0.041748 -0.165283 0.001899 0.081170 -0.321359
-0.012817 0.044189 -0.150024 -0.024921 0.085917 -0.291691
-0.008789 0.011230 -0.127319 -0.017089 0.021835 -0.247546
