0.007935 0.084106 -0.183838 0.015427 0.163527 -0.357434
-0.004639 0.227783 -0.121582 -0.009019 0.442877 -0.236391
-0.004272 0.220581 -0.310425 -0.008307 0.428874 -0.603556
-0.002930 0.058105 -0.497437 -0.005696 0.112974 -0.967162
-0.035034 -0.264526 -0.447021 -0.068117 -0.514316 -0.869140
-0.139526 -0.237549 -0.344482 -0.271280 -0.461864 -0.669774
-0.357422 -0.016479 -0.312012 -0.694932 -0.032041 -0.606642
-0.512573 0.177979 -0.309204 -0.996592 0.346042 -0.601183
-0.646118 0.206177 -0.354858 -1.256242 0.400868 -0.689948
-0.963501 -0.084351 -0.380859 -1.873327 -0.164002 -0.740502
-1.385254 -0.219360 -0.208618 -2.693337 -0.426500 -0.405615
-1.809448 0.258667 -0.069580 -3.518095 0.502924 -0.135284
-2.215210 1.129883 -0.266357 -4.307014 2.196822 -0.517877
-2.061523 1.289063 -0.470825 -4.008203 2.506313 -0.915421
-1.012817 0.752563 -0.334839 -1.969212 1.463203 -0.651024
-0.375488 0.546265 -0.172852 -0.730059 1.062098 -0.336074
-0.291870 0.216919 -0.117432 -0.567481 0.421754 -0.228321
-0.042725 -0.029053 0.100708 -0.083069 -0.056487 0.195806
0.122681 -0.245972 0.343750 0.238527 -0.478241 0.668350
0.341553 -0.366821 0.340332 0.664078 -0.713208 0.661705
0.729858 -0.394409 0.160889 1.419058 -0.766846 0.312815
1.097290 -0.430786 -0.059814 2.133452 -0.837574 -0.116297
1.388550 -0.548462 -0.189331 2.699746 -1.066370 -0.368115
1.569092 -0.650879 -0.233643 3.050772 -1.265498 -0.454269
1.642090 -0.640625 -0.233154 3.192702 -1.245562 -0.453320
1.591187 -0.521973 -0.268188 3.093731 -1.014867 -0.521437
1.342651 -0.335449 -0.467407 2.610506 -0.652211 -0.908776
1.120605 -0.182251 -0.604492 2.178784 -0.354349 -1.175309
0.873291 -0.060303 -0.578491 1.697932 -0.117246 -1.124756
0.664795 -0.041260 -0.509888 1.292555 -0.080221 -0.991370
0.413940 0.046265 -0.489380 0.804821 0.089952 -0.951497
0.126221 0.112305 -0.593750 0.245410 0.218353 -1.154423
-0.186279 0.185059 -0.666992 -0.362181 0.359808 -1.296827
-0.474243 0.217651 -0.724121 -0.922067 0.423178 -1.407903
-0.811279 0.238770 -0.753662 -1.577363 0.464238 -1.465339
-1.247681 0.198730 -0.759521 -2.425855 0.386390 -1.476731
-1.649902 0.142090 -0.739868 -3.207891 0.276264 -1.438519
-2.320313 0.235107 -0.869141 -4.511364 0.457117 -1.689863
-2.811035 -0.006104 -0.881592 -5.465472 -0.011867 -1.714072
-1.729980 -0.494629 -0.506714 -3.363586 -0.961703 -0.985200
-0.385498 -0.122803 -0.280518 -0.749521 -0.238764 -0.545408
-0.165161 -0.032227 -0.290283 -0.321121 -0.062658 -0.564395
-0.102051 -0.152954 -0.193970 -0.198416 -0.297387 -0.377134
0.093994 -0.152832 -0.130005 0.182752 -0.297150 -0.252767
0.341553 -0.148926 -0.055298 0.664078 -0.289555 -0.107515
0.411133 -0.135254 -0.004272 0.799362 -0.262973 -0.008307
0.375000 -0.048462 0.037720 0.729109 -0.094224 0.073338
0.303833 0.092773 0.025757 0.590740 0.180379 0.050079
0.200562 0.204956 -0.012085 0.389950 0.398494 -0.023497
0.121948 0.226440 -0.014893 0.237103 0.440266 -0.028956
0.050659 0.204834 0.002563 0.098496 0.398257 0.004984
0.053467 0.213379 0.022705 0.103955 0.414871 0.044145
0.039551 0.190796 0.009521 0.076898 0.370963 0.018513
-0.033203 0.130981 -0.010498 -0.064557 0.254666 -0.020411
-0.065308 0.083740 -0.002930 -0.126977 0.162815 -0.005696
-0.053589 0.062988 -0.002197 -0.104192 0.122468 -0.004272
-0.046753 0.035400 -0.030762 -0.090901 0.068829 -0.059810
-0.021729 0.014526 -0.060303 -0.042247 0.028243 -0.117246
0.013184 0.018799 -0.065063 0.025633 0.036550 -0.126502
-0.000610 0.006836 -0.056641 -0.001187 0.013291 -0.110126
-0.020508 -0.006958 -0.044067 -0.039873 -0.013528 -0.085680
-0.003418 0.005005 -0.045532 -0.006646 0.009731 -0.088528
0.016235 0.013062 -0.065552 0.031566 0.025395 -0.127452
0.035645 0.019653 -0.076416 0.069303 0.038212 -0.148575
0.020508 0.035156 -0.092773 0.039873 0.068354 -0.180379
-0.007202 0.024292 -0.091431 -0.014003 0.047231 -0.177768
-0.001099 0.013794 -0.080444 -0.002136 0.026819 -0.156407
0.010986 0.011963 -0.074951 0.021361 0.023259 -0.145727
0.023193 0.006348 -0.072144 0.045095 0.012342 -0.140268
0.012085 0.005981 -0.085693 0.023497 0.011630 -0.166613
0.020142 0.005981 -0.089233 0.039161 0.011630 -0.173496
0.054688 -0.003296 -0.086060 0.106328 -0.006408 -0.167325
0.057983 -0.013062 -0.074463 0.112737 -0.025395 -0.144778
0.025269 0.006958 -0.062256 0.049129 0.013528 -0.121044
-0.019043 0.006714 -0.058716 -0.037025 0.013054 -0.114161
-0.051392 -0.006592 -0.060791 -0.099920 -0.012816 -0.118195
-0.074707 0.002441 -0.050903 -0.145252 0.004747 -0.098971
-0.106445 0.018555 -0.059937 -0.206961 0.036076 -0.116534
-0.114380 0.019287 -0.091675 -0.222388 0.037500 -0.178243
-0.073730 0.022339 -0.116211 -0.143354 0.043433 -0.225948
