0.500122 0.069824 -0.233398 0.972383 0.135759 -0.453795
0.092896 -0.068848 -0.154907 0.180616 -0.133860 -0.301185
-0.194458 -0.015869 -0.125000 -0.378083 -0.030854 -0.243036
-0.504639 -0.030151 -0.188354 -0.981165 -0.058623 -0.366216
-0.702881 -0.198975 -0.142944 -1.366605 -0.386865 -0.277925
-0.800293 -0.417480 -0.010132 -1.556003 -0.811704 -0.019699
-1.022461 -0.418457 -0.115967 -1.987962 -0.813603 -0.225473
-1.539307 -0.395264 -0.114868 -2.992861 -0.768508 -0.223337
-1.898438 0.030029 0.135986 -3.691116 0.058386 0.264397
-2.044922 0.168091 0.073608 -3.975924 0.326818 0.143116
-1.776001 0.163452 -0.339844 -3.453064 0.317799 -0.660755
-1.139282 0.077271 -0.766357 -2.215097 0.150236 -1.490022
-0.427490 -0.403320 -0.995728 -0.831166 -0.784172 -1.935985
0.132202 -0.276001 -1.422974 0.257040 -0.536626 -2.766676
0.659668 0.337769 -1.896973 1.282587 0.656721 -3.688268
1.038086 0.678101 -1.963989 2.018342 1.318425 -3.818568
1.411621 0.554321 -1.789429 2.744603 1.077762 -3.479171
1.512939 0.307495 -1.376709 2.941596 0.597860 -2.676724
1.634155 0.154419 -0.784912 3.177274 0.300235 -1.526098
1.635620 0.103149 -0.181274 3.180122 0.200553 -0.352450
1.529663 0.167969 0.285645 2.974111 0.326580 0.555376
1.331665 0.195679 0.686768 2.589145 0.380456 1.335276
1.066772 0.205200 0.891968 2.074117 0.398969 1.734245
0.711304 0.179199 0.933350 1.382982 0.348416 1.814704
0.260498 0.105225 0.876099 0.506484 0.204587 1.703391
-0.190552 0.055542 0.757080 -0.370488 0.107990 1.471985
-0.561279 0.033569 0.660767 -1.091291 0.065269 1.284723
-0.820190 -0.130371 0.592896 -1.594689 -0.253479 1.152762
-1.044800 -0.296265 0.476685 -2.031395 -0.576025 0.926814
-1.378662 -0.271973 0.317871 -2.680521 -0.528794 0.618034
-1.788818 -0.069824 0.125732 -3.477984 -0.135759 0.244460
-1.989624 0.190308 -0.125977 -3.868409 0.370014 -0.244935
-1.898193 0.225098 -0.353394 -3.690641 0.437655 -0.687100
-1.535645 0.056885 -0.374756 -2.985741 0.110601 -0.728635
-1.041382 -0.090576 -0.209717 -2.024750 -0.176106 -0.407751
-0.599976 -0.125610 -0.036011 -1.166528 -0.244223 -0.070015
-0.333008 -0.213745 -0.000244 -0.647464 -0.415583 -0.000475
-0.148438 -0.149658 -0.001221 -0.288606 -0.290979 -0.002373
0.145996 -0.028198 0.095825 0.283859 -0.054826 0.186312
0.377197 0.012817 0.101807 0.733381 0.024921 0.197942
0.256958 0.056885 -0.017212 0.499601 0.110601 -0.033465
0.198975 0.073975 -0.176025 0.386865 0.143828 -0.342245
0.276489 -0.194580 -0.158081 0.537576 -0.378320 -0.307356
0.308838 -0.211304 -0.075806 0.600471 -0.410836 -0.147388
0.141846 0.032593 -0.102173 0.275789 0.063370 -0.198654
0.083984 0.174194 -0.113647 0.163290 0.338685 -0.220964
0.225220 0.029297 -0.091919 0.437893 0.056962 -0.178717
0.288574 -0.089233 -0.137329 0.561072 -0.173496 -0.267008
0.182495 0.000000 -0.164673 0.354824 0.000000 -0.320172
0.049194 0.062500 -0.132080 0.095648 0.121518 -0.256802
-0.005371 -0.005859 -0.100342 -0.010443 -0.011392 -0.195094
-0.001709 -0.054565 -0.107666 -0.003323 -0.106091 -0.209334
-0.032837 0.012207 -0.128906 -0.063845 0.023734 -0.250631
-0.075806 0.027222 -0.159790 -0.147388 0.052927 -0.310678
-0.046021 -0.015259 -0.143433 -0.089477 -0.029668 -0.278875
-0.028076 -0.023071 -0.142334 -0.054588 -0.044857 -0.276739
-0.041748 0.005371 -0.130127 -0.081170 0.010443 -0.253005
-0.065918 0.048462 -0.097900 -0.128164 0.094224 -0.190347
-0.041260 0.044556 -0.091797 -0.080221 0.086629 -0.178480
0.011230 0.018799 -0.089233 0.021835 0.036550 -0.173496
0.020386 0.022095 -0.095215 0.039636 0.042959 -0.185125
0.000000 0.026245 -0.091797 0.000000 0.051028 -0.178480
-0.028076 0.023682 -0.084839 -0.054588 0.046044 -0.164952
-0.030518 0.009521 -0.092407 -0.059335 0.018513 -0.179667
-0.036621 0.001953 -0.097656 -0.071202 0.003797 -0.189872
-0.034424 -0.022949 -0.085693 -0.066930 -0.044620 -0.166613
-0.030518 -0.029663 -0.079346 -0.059335 -0.057674 -0.154271
-0.030762 -0.005615 -0.095093 -0.059810 -0.010918 -0.184888
-0.039063 0.032227 -0.107300 -0.075949 0.062658 -0.208622
-0.029785 0.026733 -0.121094 -0.057911 0.051978 -0.235442
-0.022461 0.012939 -0.118286 -0.043671 0.025158 -0.229983
-0.017212 0.007813 -0.109253 -0.033465 0.015190 -0.212420
-0.018555 -0.000366 -0.109009 -0.036076 -0.000712 -0.211945
-0.028809 0.018188 -0.117554 -0.056012 0.035364 -0.228559
-0.037476 0.013184 -0.130127 -0.072863 0.025633 -0.253005
-0.030762 0.024658 -0.140869 -0.059810 0.047943 -0.273891
-0.017212 0.010864 -0.131958 -0.033465 0.021123 -0.256565
-0.016357 0.014038 -0.128540 -0.031804 0.027294 -0.249919
-0.019165 0.034790 -0.125488 -0.037262 0.067642 -0.243986
-0.009766 0.013794 -0.121216 -0.018987 0.026819 -0.235679
