-0.241699 0.281250 -0.123657 -0.469934 0.546832 -0.240426
-0.199463 0.211548 -0.159546 -0.387814 0.411311 -0.310204
-0.200684 0.085693 -0.193848 -0.390187 0.166613 -0.376896
-0.196655 0.188477 -0.208374 -0.382355 0.366453 -0.405140
-0.084229 0.197876 -0.209717 -0.163765 0.384729 -0.407751
-0.073120 -0.198120 -0.406860 -0.142167 -0.385203 -0.791055
-0.287354 -0.233398 -0.485596 -0.558699 -0.453795 -0.944140
-0.569702 -0.115356 -0.340942 -1.107667 -0.224287 -0.662891
-1.034912 -0.210205 -0.321045 -2.012171 -0.408700 -0.624205
-1.829712 -0.587891 -0.333740 -3.557493 -1.143031 -0.648888
-2.269409 -0.851685 -0.273071 -4.412393 -1.655923 -0.530930
-1.194946 0.145874 -0.263794 -2.323324 0.283622 -0.512892
0.082153 0.070190 -0.502319 0.159730 0.136471 -0.976655
0.689941 -0.001709 -0.577637 1.341447 -0.003323 -1.123094
1.243408 0.143188 -0.579346 2.417548 0.278400 -1.126417
1.499268 0.240601 -0.521118 2.915013 0.467798 -1.013206
1.538208 0.329712 -0.501343 2.990725 0.641056 -0.974757
1.430786 0.372192 -0.447632 2.781866 0.723651 -0.870327
1.202637 0.536011 -0.376343 2.338276 1.042161 -0.731720
0.729370 0.489136 -0.363770 1.418108 0.951023 -0.707274
0.293945 0.096191 -0.303467 0.571515 0.187024 -0.590028
0.204224 -0.183350 -0.240234 0.397070 -0.356485 -0.467086
-0.000610 -0.315552 -0.220703 -0.001187 -0.613525 -0.429111
-0.426392 -0.353516 -0.209229 -0.829030 -0.687337 -0.406801
-0.762573 -0.394653 -0.113525 -1.482665 -0.767321 -0.220726
-1.019287 -0.468140 -0.089722 -1.981791 -0.910200 -0.174445
-1.312012 -0.432495 -0.132446 -2.550933 -0.840897 -0.257514
-1.668701 -0.267456 -0.158203 -3.244442 -0.520013 -0.307593
-2.083374 -0.289795 -0.203003 -4.050687 -0.563446 -0.394697
-1.733398 -0.085815 -0.244995 -3.370232 -0.166850 -0.476342
-1.041626 0.372070 -0.331299 -2.025225 0.723413 -0.644142
0.136108 0.318604 -0.503906 0.264634 0.619458 -0.979741
1.028564 0.256104 -0.600098 1.999829 0.497940 -1.166765
1.352539 0.341431 -0.524048 2.629730 0.663841 -1.018902
1.386353 0.444946 -0.403687 2.695474 0.865105 -0.784884
1.305420 0.536011 -0.361816 2.538117 1.042161 -0.703477
1.172241 0.460571 -0.455811 2.279179 0.895485 -0.886229
1.076294 0.247437 -0.509155 2.092629 0.481089 -0.989946
0.849854 -0.022339 -0.531860 1.652363 -0.043433 -1.034092
0.193604 0.054321 -0.263062 0.376422 0.105616 -0.511468
-0.141846 0.132324 -0.145630 -0.275789 0.257277 -0.283147
-0.082764 0.057861 -0.146362 -0.160917 0.112499 -0.284571
-0.092651 -0.018921 -0.107910 -0.180141 -0.036788 -0.209809
-0.190552 -0.060059 -0.121338 -0.370488 -0.116771 -0.235916
-0.225830 -0.041626 -0.098145 -0.439080 -0.080933 -0.190822
-0.190063 -0.007080 -0.068970 -0.369539 -0.013766 -0.134097
-0.163086 0.016724 -0.079346 -0.317087 0.032516 -0.154271
-0.130127 -0.001099 -0.123413 -0.253005 -0.002136 -0.239951
-0.106201 0.031860 -0.125366 -0.206486 0.061946 -0.243748
-0.098267 0.031982 -0.137939 -0.191059 0.062183 -0.268195
-0.090698 0.058716 -0.167236 -0.176344 0.114161 -0.325156
-0.093628 0.085327 -0.173828 -0.182040 0.165901 -0.337973
-0.089600 0.078125 -0.155884 -0.174208 0.151898 -0.303084
-0.043091 0.035278 -0.155273 -0.083781 0.068591 -0.301897
-0.001831 0.061768 -0.153809 -0.003560 0.120094 -0.299049
-0.010864 0.048462 -0.172241 -0.021123 0.094224 -0.334887
-0.001343 0.049927 -0.159546 -0.002611 0.097072 -0.310204
-0.013794 0.065063 -0.134277 -0.026819 0.126502 -0.261074
-0.029175 0.057129 -0.102295 -0.056724 0.111075 -0.198891
-0.048218 0.030762 -0.099121 -0.093749 0.059810 -0.192720
-0.048462 -0.020508 -0.110596 -0.094224 -0.039873 -0.215030
-0.051270 -0.030762 -0.107666 -0.099683 -0.059810 -0.209334
-0.025513 -0.005615 -0.094604 -0.049604 -0.010918 -0.183939
-0.024414 -0.012207 -0.100342 -0.047468 -0.023734 -0.195094
-0.021484 0.004761 -0.111572 -0.041772 0.009256 -0.216929
-0.026978 0.030762 -0.109009 -0.052452 0.059810 -0.211945
-0.044189 0.028931 -0.115356 -0.085917 0.056250 -0.224287
-0.023682 0.013306 -0.121094 -0.046044 0.025870 -0.235442
-0.006592 -0.007446 -0.128784 -0.012816 -0.014478 -0.250394
-0.018799 0.006470 -0.119019 -0.036550 0.012579 -0.231407
-0.016968 0.001465 -0.094849 -0.032990 0.002848 -0.184413
-0.013672 0.003906 -0.084106 -0.026582 0.007595 -0.163527
-0.025146 0.022705 -0.081421 -0.048892 0.044145 -0.158306
-0.037842 0.026855 -0.078613 -0.073575 0.052215 -0.152847
-0.046021 -0.004761 -0.072388 -0.089477 -0.009256 -0.140743
-0.040039 -0.017456 -0.068481 -0.077848 -0.033940 -0.133148
-0.054932 0.005615 -0.090942 -0.106803 0.010918 -0.176819
-0.065186 0.006836 -0.118652 -0.126740 0.013291 -0.230695
-0.052856 0.032227 -0.121582 -0.102768 0.062658 -0.236391
-0.041382 0.033447 -0.106934 -0.080458 0.065031 -0.207910
