-0.442017 -0.277222 -0.329590 -0.859409 -0.539000 -0.640819
-0.827026 -0.392456 -0.124756 -1.607980 -0.763049 -0.242562
-1.012451 -0.250610 0.057739 -1.968500 -0.487260 0.112262
-0.886841 0.092163 0.065796 -1.724277 0.179192 0.127926
-0.596558 0.051880 -0.058472 -1.159882 0.100870 -0.113686
-0.347168 0.044800 -0.025146 -0.674996 0.087104 -0.048892
-0.407593 0.578491 0.005737 -0.792479 1.124756 0.011155
-0.803223 0.913330 -0.032104 -1.561699 1.775780 -0.062420
-1.341309 0.328735 -0.122803 -2.607895 0.639157 -0.238764
-1.966431 0.132935 0.247925 -3.823315 0.258464 0.482038
-2.300293 0.065552 0.564209 -4.472440 0.127452 1.096987
-1.627075 0.068359 0.442627 -3.163509 0.132911 0.860596
-0.685913 -0.055176 0.234863 -1.333615 -0.107278 0.456643
-0.111938 -0.055908 0.145142 -0.217641 -0.108702 0.282198
0.285889 -0.029053 0.062134 0.555851 -0.056487 0.120806
0.566162 0.032471 -0.003296 1.100784 0.063133 -0.006408
0.657593 0.059570 -0.116699 1.278552 0.115822 -0.226897
0.820801 -0.047241 -0.237305 1.595876 -0.091851 -0.461390
1.021729 0.043335 -0.224854 1.986538 0.084256 -0.437181
1.173828 0.012329 -0.161377 2.282264 0.023971 -0.313764
1.049438 0.135742 -0.174072 2.040414 0.263922 -0.338447
0.907837 0.146484 -0.344482 1.765100 0.284808 -0.669774
0.867554 0.051270 -0.479736 1.686777 0.099683 -0.932747
0.781738 0.063599 -0.514282 1.519927 0.123654 -0.999915
0.649292 0.076294 -0.466309 1.262413 0.148338 -0.906640
0.296875 0.001953 -0.432251 0.577212 0.003797 -0.840422
-0.083496 0.037964 -0.464233 -0.162341 0.073813 -0.902605
-0.338623 0.140869 -0.561401 -0.658382 0.273891 -1.091528
-0.575562 0.105103 -0.570068 -1.119059 0.204350 -1.108379
-0.757813 -0.001465 -0.548462 -1.473408 -0.002848 -1.066370
-0.973755 -0.179688 -0.510132 -1.893263 -0.349365 -0.991845
-1.135742 -0.088623 -0.484863 -2.208214 -0.172309 -0.942716
-1.184448 0.083496 -0.385864 -2.302913 0.162341 -0.750233
-1.297974 0.178467 -0.190552 -2.523639 0.346992 -0.370488
-1.168457 0.154297 -0.181519 -2.271821 0.299998 -0.352925
-0.564453 0.131348 -0.213501 -1.097461 0.255378 -0.415108
-0.097900 0.084839 -0.029419 -0.190347 0.164952 -0.057199
0.157593 0.114136 -0.013550 0.306406 0.221913 -0.026345
0.203491 0.085938 -0.025635 0.395646 0.167088 -0.049841
0.154297 0.065674 -0.059570 0.299998 0.127689 -0.115822
0.146851 0.080322 -0.087646 0.285520 0.156170 -0.170410
0.224243 0.070068 -0.089111 0.435994 0.136233 -0.173258
0.282959 0.083374 -0.060547 0.550155 0.162103 -0.117721
0.284424 0.078125 -0.034424 0.553003 0.151898 -0.066930
0.223511 0.078125 -0.062134 0.434570 0.151898 -0.120806
0.074219 0.105347 -0.124878 0.144303 0.204825 -0.242799
-0.087891 0.139771 -0.122192 -0.170885 0.271755 -0.237578
-0.153931 0.177246 -0.049683 -0.299286 0.344618 -0.096597
-0.129883 0.205444 -0.017334 -0.252530 0.399444 -0.033702
-0.059937 0.134521 -0.052734 -0.116534 0.261549 -0.102531
0.043823 0.040771 -0.047119 0.085205 0.079272 -0.091613
0.148682 0.039795 -0.001221 0.289080 0.077373 -0.002373
0.213501 0.073486 0.061035 0.415108 0.142879 0.118670
0.229614 0.129150 0.110962 0.446437 0.251106 0.215742
0.197144 0.155762 0.097412 0.383305 0.302846 0.189398
0.135010 0.159302 0.054688 0.262498 0.309729 0.106328
0.067871 0.159790 -0.023438 0.131961 0.310678 -0.045569
0.005859 0.079956 -0.088989 0.011392 0.155458 -0.173021
-0.008789 0.067505 -0.080688 -0.017089 0.131249 -0.156882
-0.020386 0.110474 -0.041992 -0.039636 0.214793 -0.081645
-0.008301 0.104614 -0.033203 -0.016139 0.203401 -0.064557
-0.023926 0.010498 -0.082886 -0.046519 0.020411 -0.161154
-0.032715 -0.007935 -0.167603 -0.063607 -0.015427 -0.325868
0.008423 0.010620 -0.129517 0.016376 0.020649 -0.251818
-0.012207 0.042847 -0.109863 -0.023734 0.083306 -0.213606
0.006958 0.056152 -0.111328 0.013528 0.109177 -0.216454
0.010498 0.015991 -0.129517 0.020411 0.031092 -0.251818
-0.025757 -0.005127 -0.131470 -0.050079 -0.009968 -0.255615
-0.026611 -0.005249 -0.114624 -0.051740 -0.010206 -0.222863
-0.012695 0.035645 -0.144775 -0.024683 0.069303 -0.281486
-0.005615 0.031860 -0.144287 -0.010918 0.061946 -0.280536
-0.013550 0.042114 -0.147095 -0.026345 0.081882 -0.285995
-0.037842 0.038086 -0.156494 -0.073575 0.074050 -0.304270
-0.031738 0.009399 -0.142822 -0.061708 0.018275 -0.277688
-0.014648 0.021729 -0.129028 -0.028481 0.042247 -0.250869
-0.004517 0.006470 -0.107788 -0.008782 0.012579 -0.209571
-0.000488 0.011963 -0.114014 -0.000949 0.023259 -0.221676
-0.025635 0.044067 -0.136475 -0.049841 0.085680 -0.265346
-0.025757 0.028564 -0.120361 -0.050079 0.055538 -0.234018
-0.015625 0.008911 -0.125610 -0.030380 0.017326 -0.244223
