0.195313 0.061646 -0.435913 0.379744 0.119857 -0.847542
0.122681 0.005371 -0.231689 0.238527 0.010443 -0.450472
-0.029663 -0.009766 -0.125977 -0.057674 -0.018987 -0.244935
-0.131836 -0.161255 0.033203 -0.256328 -0.313527 0.064557
-0.161743 -0.305054 0.219238 -0.314476 -0.593113 0.426263
-0.230957 -0.285278 0.401001 -0.449048 -0.554664 0.779663
-0.324707 -0.389526 0.570435 -0.631325 -0.757353 1.109091
-0.426636 -0.215088 0.644531 -0.829504 -0.418194 1.253157
-0.757935 -0.343262 0.513794 -1.473646 -0.667401 0.998965
-0.990723 -0.116455 0.738159 -1.926254 -0.226423 1.435197
-1.056152 0.131592 0.864502 -2.053468 0.255853 1.680844
-1.111938 0.186646 0.786987 -2.161933 0.362893 1.530133
-1.234253 0.021484 0.461914 -2.399748 0.041772 0.898096
-1.191040 0.092407 0.028320 -2.315729 0.179667 0.055063
-0.885376 -0.110107 -0.437134 -1.721429 -0.214081 -0.849916
-0.608521 0.001221 -0.733398 -1.183141 0.002373 -1.425940
-0.552246 0.272217 -0.987915 -1.073727 0.529269 -1.920795
-0.434082 0.527588 -1.197632 -0.843982 1.025785 -2.328546
-0.102905 0.514648 -1.309692 -0.200078 1.000627 -2.546424
0.411133 0.334717 -1.227295 0.799362 0.650787 -2.386219
0.817993 0.211060 -1.020752 1.590417 0.410361 -1.984639
0.992432 0.190552 -0.815918 1.929577 0.370488 -1.586383
1.080811 0.228760 -0.661133 2.101411 0.444776 -1.285435
1.191162 0.134644 -0.457153 2.315967 0.261786 -0.888839
1.265503 -0.004639 -0.251953 2.460507 -0.009019 -0.489870
1.213745 -0.067627 -0.136597 2.359874 -0.131487 -0.265584
1.132446 -0.084595 -0.102173 2.201806 -0.164477 -0.198654
1.092651 -0.094360 -0.031250 2.124433 -0.183464 -0.060759
1.007935 -0.122681 0.020996 1.959719 -0.238527 0.040823
0.875977 -0.234375 0.036743 1.703154 -0.455693 0.071439
0.666870 -0.186768 -0.050781 1.296590 -0.363131 -0.098734
0.527100 -0.202393 -0.021851 1.024835 -0.393510 -0.042484
0.390503 -0.204956 0.050659 0.759252 -0.398494 0.098496
0.275513 -0.109253 0.160034 0.535677 -0.212420 0.311153
0.077881 -0.063599 0.285889 0.151423 -0.123654 0.555851
-0.191284 -0.167236 0.398560 -0.371912 -0.325156 0.774916
-0.468140 -0.199341 0.461792 -0.910200 -0.387577 0.897858
-0.687256 -0.162354 0.476685 -1.336226 -0.315663 0.926814
-0.873657 -0.119385 0.454346 -1.698644 -0.232119 0.883381
-1.085693 -0.173340 0.441284 -2.110904 -0.337023 0.857985
-1.384644 -0.222656 0.424805 -2.692151 -0.432909 0.825944
-1.560791 0.043335 0.348755 -3.034633 0.084256 0.678081
-1.759644 0.185059 0.243408 -3.421260 0.359808 0.473257
-1.858887 0.182373 0.154175 -3.614218 0.354586 0.299761
-1.733887 0.482544 0.061890 -3.371181 0.938206 0.120332
-1.342163 0.778564 0.042847 -2.609556 1.513756 0.083306
-0.848755 0.679321 0.058350 -1.650227 1.320799 0.113449
-0.520752 0.512817 -0.035156 -1.012494 0.997067 -0.068354
-0.338989 0.474731 -0.198608 -0.659094 0.923016 -0.386153
-0.249756 0.430786 -0.222900 -0.485598 0.837574 -0.433383
-0.231323 0.331299 -0.135986 -0.449760 0.644142 -0.264397
-0.182983 0.249268 -0.052246 -0.355773 0.484649 -0.101582
-0.072144 0.170166 -0.042480 -0.140268 0.330852 -0.082594
-0.000854 0.143311 -0.113403 -0.001661 0.278637 -0.220489
-0.018311 0.168823 -0.196289 -0.035601 0.328242 -0.381643
-0.048218 0.127686 -0.190186 -0.093749 0.248258 -0.369776
-0.038452 0.032104 -0.124634 -0.074762 0.062420 -0.242324
-0.046631 0.005859 -0.092285 -0.090664 0.011392 -0.179429
-0.024170 0.027100 -0.104614 -0.046993 0.052690 -0.203401
0.015991 -0.000122 -0.137329 0.031092 -0.000237 -0.267008
0.035522 0.016113 -0.172363 0.069066 0.031329 -0.335124
0.051514 -0.020386 -0.185181 0.100158 -0.039636 -0.360045
0.066528 -0.027588 -0.172119 0.129350 -0.053639 -0.334650
0.052856 0.029297 -0.154907 0.102768 0.056962 -0.301185
0.035034 0.052124 -0.130493 0.068117 0.101344 -0.253717
0.051147 0.055786 -0.117065 0.099446 0.108465 -0.227609
0.051147 0.017334 -0.123535 0.099446 0.033702 -0.240188
0.029907 -0.002686 -0.133545 0.058148 -0.005221 -0.259650
0.026123 -0.012573 -0.139282 0.050791 -0.024446 -0.270805
-0.004761 -0.013306 -0.137939 -0.009256 -0.025870 -0.268195
-0.032837 0.028198 -0.120850 -0.063845 0.054826 -0.234967
-0.044067 0.087280 -0.115234 -0.085680 0.169698 -0.224049
-0.054321 0.126831 -0.123169 -0.105616 0.246597 -0.239476
-0.059204 0.113647 -0.133667 -0.115110 0.220964 -0.259888
-0.062378 0.097534 -0.113159 -0.121281 0.189635 -0.220014
-0.073364 0.171143 -0.063843 -0.142642 0.332751 -0.124129
-0.096191 0.297729 0.005981 -0.187024 0.578873 0.011630
-0.102539 0.287964 0.030029 -0.199366 0.559886 0.058386
-0.085938 0.154663 -0.052979 -0.167088 0.300710 -0.103006
-0.005737 -0.020020 -0.176392 -0.011155 -0.038924 -0.342957
