-0.264893 0.121704 -0.223267 -0.515028 0.236628 -0.434095
-0.296021 0.188354 -0.093506 -0.575550 0.366216 -0.181803
-0.289917 0.250366 0.009277 -0.563683 0.486785 0.018038
-0.364014 0.164429 -0.109619 -0.707749 0.319697 -0.213132
-0.495972 -0.062012 -0.020264 -0.964314 -0.120569 -0.039398
-0.590576 -0.097656 0.147461 -1.148252 -0.189872 0.286707
-0.733643 -0.197021 -0.070068 -1.426415 -0.383067 -0.136233
-1.193237 0.143555 -0.141357 -2.320001 0.279112 -0.274840
-1.892334 0.371826 -0.004395 -3.679249 0.722938 -0.008544
-2.442139 0.215942 -0.015015 -4.748230 0.419855 -0.029193
-2.176392 0.272705 -0.227295 -4.231540 0.530218 -0.441928
-1.153442 0.437744 -0.312866 -2.242628 0.851102 -0.608303
-0.553345 0.458008 -0.296997 -1.075863 0.890501 -0.577449
-0.619263 0.454590 -0.152954 -1.204027 0.883855 -0.297387
-0.166138 0.279297 -0.036865 -0.323020 0.543035 -0.071677
0.210449 0.013916 0.154907 0.409175 0.027057 0.301185
0.419556 -0.323975 0.209961 0.815739 -0.629901 0.408225
0.712891 -0.539307 0.165161 1.386067 -1.048569 0.321121
1.134155 -0.490967 0.097046 2.205129 -0.954583 0.188686
1.430054 -0.541504 -0.050781 2.780442 -1.052842 -0.098734
1.484497 -0.492432 -0.142700 2.886295 -0.957431 -0.277451
1.376221 -0.443848 -0.267700 2.675774 -0.862969 -0.520487
1.236938 -0.341797 -0.430542 2.404969 -0.664553 -0.837099
1.129150 -0.234375 -0.633301 2.195398 -0.455693 -1.231321
0.816650 -0.229248 -0.755859 1.587806 -0.445725 -1.469611
0.562378 -0.323730 -0.771362 1.093427 -0.629426 -1.499753
0.385254 -0.288330 -0.683594 0.749046 -0.560598 -1.329106
0.240356 -0.084839 -0.731567 0.467323 -0.164952 -1.422380
-0.009644 0.073242 -0.779785 -0.018750 0.142404 -1.516130
-0.304688 0.151978 -0.764160 -0.592401 0.295489 -1.485750
-0.644531 0.220337 -0.687256 -1.253157 0.428399 -1.336226
-0.983765 0.215088 -0.584473 -1.912725 0.418194 -1.136385
-1.357544 0.163452 -0.434448 -2.639461 0.317799 -0.844694
-1.703735 0.236328 -0.312134 -3.312558 0.459491 -0.606879
-2.024414 0.281494 -0.347778 -3.936051 0.547307 -0.676182
-1.964600 0.202881 -0.397461 -3.819755 0.394460 -0.772780
-1.291504 0.195068 -0.416382 -2.511060 0.379270 -0.809568
-0.743164 0.166748 -0.331665 -1.444928 0.324207 -0.644854
-0.570068 0.187012 -0.196167 -1.108379 0.363605 -0.381406
-0.584839 0.311768 -0.102051 -1.137097 0.606167 -0.198416
-0.251709 0.161377 0.055054 -0.489396 0.313764 0.107040
-0.009155 -0.080322 0.157104 -0.017801 -0.156170 0.305457
0.089844 -0.194946 0.147095 0.174682 -0.379032 0.285995
0.225342 -0.225098 0.115479 0.438130 -0.437655 0.224524
0.265137 -0.137573 0.045044 0.515503 -0.267482 0.087579
0.256226 -0.075562 -0.013306 0.498177 -0.146914 -0.025870
0.223389 -0.009644 -0.065186 0.434333 -0.018750 -0.126740
0.211182 0.011597 -0.080322 0.410599 0.022547 -0.156170
0.157227 0.009521 -0.089844 0.305694 0.018513 -0.174682
0.052490 0.034668 -0.115601 0.102056 0.067405 -0.224761
0.008423 0.014893 -0.116943 0.016376 0.028956 -0.227372
-0.011230 0.028564 -0.092529 -0.021835 0.055538 -0.179904
-0.065552 0.069580 -0.099609 -0.127452 0.135284 -0.193670
-0.086792 0.072266 -0.092651 -0.168749 0.140505 -0.180141
-0.109009 0.074585 -0.097168 -0.211945 0.145015 -0.188923
-0.127197 0.075317 -0.119019 -0.247309 0.146439 -0.231407
-0.118042 0.051147 -0.128174 -0.229508 0.099446 -0.249207
-0.095093 0.020630 -0.119263 -0.184888 0.040111 -0.231881
-0.068237 0.006348 -0.094727 -0.132673 0.012342 -0.184176
-0.038208 -0.006714 -0.071899 -0.074288 -0.013054 -0.139793
-0.042114 -0.017944 -0.097534 -0.081882 -0.034889 -0.189635
-0.038208 -0.018555 -0.122925 -0.074288 -0.036076 -0.239002
0.026978 -0.003906 -0.131104 0.052452 -0.007595 -0.254903
0.054077 0.001465 -0.145264 0.105142 0.002848 -0.282435
0.034058 -0.005005 -0.151245 0.066218 -0.009731 -0.294065
-0.009766 0.044067 -0.156860 -0.018987 0.085680 -0.304982
-0.044678 0.056885 -0.154785 -0.086867 0.110601 -0.300947
-0.075195 0.031494 -0.147583 -0.146202 0.061234 -0.286944
-0.035767 0.019409 -0.117554 -0.069541 0.037737 -0.228559
-0.046021 -0.001343 -0.094238 -0.089477 -0.002611 -0.183227
-0.086304 0.016479 -0.088379 -0.167800 0.032041 -0.171834
-0.067749 0.016968 -0.092041 -0.131724 0.032990 -0.178955
-0.021851 0.029419 -0.095215 -0.042484 0.057199 -0.185125
-0.013550 0.025635 -0.088379 -0.026345 0.049841 -0.171834
-0.021484 0.022949 -0.084717 -0.041772 0.044620 -0.164714
-0.006714 0.012329 -0.083618 -0.013054 0.023971 -0.162578
0.039917 0.000977 -0.090576 0.077610 0.001899 -0.176106
0.065796 0.012817 -0.082031 0.127926 0.024921 -0.159493
0.046997 0.024292 -0.082153 0.091376 0.047231 -0.159730
0.010986 0.009399 -0.103638 0.021361 0.018275 -0.201502
