0.047974 -0.035767 0.097168 0.093275 -0.069541 0.188923
-0.069946 -0.075562 0.116577 -0.135996 -0.146914 0.226660
-0.175537 -0.032715 0.135986 -0.341295 -0.063607 0.264397
-0.181396 0.096558 0.221313 -0.352688 0.187736 0.430298
-0.225708 0.037964 0.298096 -0.438842 0.073813 0.579585
-0.250244 -0.019165 0.424927 -0.486548 -0.037262 0.826182
-0.334961 0.390381 0.493652 -0.651262 0.759014 0.959804
-0.608887 0.457153 0.432861 -1.183853 0.888839 0.841609
-1.026123 0.196777 0.374390 -1.995082 0.382593 0.727923
-1.336548 0.064331 0.446289 -2.598639 0.125078 0.867716
-1.418213 0.268921 0.609741 -2.757419 0.522861 1.185515
-1.576782 0.387207 0.518921 -3.065724 0.752843 1.008934
-1.412598 0.398682 0.214722 -2.746502 0.775153 0.417482
-1.002319 0.434692 -0.151001 -1.948801 0.845169 -0.293590
-0.823120 0.473633 -0.422119 -1.600386 0.920880 -0.820723
-0.645142 0.477295 -0.612671 -1.254343 0.928001 -1.191211
-0.324707 0.504883 -0.814819 -0.631325 0.981639 -1.584246
0.050781 0.490234 -1.041870 0.098734 0.953159 -2.025699
0.443359 0.399414 -1.187256 0.862020 0.776577 -2.308372
0.752319 0.312744 -1.225586 1.462728 0.608066 -2.382896
1.022461 0.207031 -1.115967 1.987962 0.402529 -2.169765
1.209106 0.135132 -0.912598 2.350856 0.262736 -1.774356
1.315308 0.075439 -0.752075 2.557342 0.146676 -1.462253
1.306885 -0.033447 -0.635620 2.540965 -0.065031 -1.235831
1.295654 -0.116089 -0.432007 2.519130 -0.225711 -0.839947
1.293823 -0.134888 -0.249756 2.515570 -0.262261 -0.485598
1.256836 -0.153687 -0.140747 2.443655 -0.298811 -0.273653
1.106323 -0.073120 -0.119629 2.151015 -0.142167 -0.232593
0.838013 0.036621 -0.032837 1.629341 0.071202 -0.063845
0.682373 0.061523 0.090210 1.326732 0.119620 0.175394
0.572266 0.052368 0.175659 1.112651 0.101819 0.341533
0.451172 -0.049927 0.262207 0.877210 -0.097072 0.509807
0.344238 -0.178101 0.325806 0.669300 -0.346279 0.633461
0.195801 -0.181763 0.342773 0.380694 -0.353400 0.666452
-0.058838 -0.120117 0.379517 -0.114398 -0.233543 0.737891
-0.373657 -0.044922 0.513062 -0.726499 -0.087341 0.997541
-0.577148 -0.011475 0.540894 -1.122145 -0.022310 1.051655
-0.705322 -0.054688 0.470459 -1.371352 -0.106328 0.914709
-0.960083 -0.121704 0.531128 -1.866681 -0.236628 1.032668
-1.284912 -0.134644 0.635986 -2.498244 -0.261786 1.236543
-1.286743 0.195801 0.511963 -2.501804 0.380694 0.995405
-1.355713 0.551147 0.311646 -2.635901 1.071591 0.605930
-1.539551 0.478271 0.234619 -2.993336 0.929899 0.456168
-1.285156 0.326294 0.179443 -2.498719 0.634411 0.348890
-0.907104 0.166382 0.074951 -1.763676 0.323495 0.145727
-0.753906 0.047363 0.055664 -1.465814 0.092088 0.108227
-0.591309 0.197876 0.018433 -1.149676 0.384729 0.035838
-0.450928 0.362671 -0.068359 -0.876735 0.705138 -0.132911
-0.318115 0.356323 -0.136230 -0.618509 0.692796 -0.264872
-0.191528 0.252197 -0.165283 -0.372387 0.490345 -0.321359
-0.090454 0.186646 -0.193115 -0.175869 0.362893 -0.375472
-0.036743 0.172607 -0.195679 -0.071439 0.335599 -0.380456
0.010620 0.228760 -0.177734 0.020649 0.444776 -0.345567
0.064453 0.212769 -0.126343 0.125316 0.413684 -0.245647
0.091797 0.144043 -0.105347 0.178480 0.280062 -0.204825
0.055054 0.075073 -0.120972 0.107040 0.145964 -0.235204
0.033203 0.010742 -0.119141 0.064557 0.020886 -0.231644
0.031372 -0.024902 -0.110107 0.060996 -0.048417 -0.214081
0.037964 -0.010864 -0.118774 0.073813 -0.021123 -0.230932
0.042480 0.006836 -0.116699 0.082594 0.013291 -0.226897
0.013916 0.007446 -0.128296 0.027057 0.014478 -0.249445
-0.018677 0.044312 -0.178223 -0.036313 0.086155 -0.346517
-0.015259 0.062378 -0.217041 -0.029668 0.121281 -0.421991
-0.016479 0.041260 -0.204590 -0.032041 0.080221 -0.397782
-0.012695 0.011108 -0.170654 -0.024683 0.021598 -0.331802
-0.001953 0.011841 -0.151245 -0.003797 0.023022 -0.294065
-0.017212 0.052856 -0.156128 -0.033465 0.102768 -0.303558
-0.011963 0.074463 -0.164185 -0.023259 0.144778 -0.319223
0.005615 0.063477 -0.152832 0.010918 0.123417 -0.297150
0.002808 0.053467 -0.162720 0.005459 0.103955 -0.316375
0.012329 0.019775 -0.158569 0.023971 0.038449 -0.308305
0.020142 0.003784 -0.151855 0.039161 0.007358 -0.295251
-0.009766 0.036377 -0.176514 -0.018987 0.070727 -0.343194
-0.030029 0.035889 -0.178345 -0.058386 0.069778 -0.346754
-0.026489 0.013794 -0.151001 -0.051503 0.026819 -0.293590
-0.018188 0.002075 -0.119629 -0.035364 0.004035 -0.232593
-0.024170 0.007080 -0.111816 -0.046993 0.013766 -0.217404
-0.020752 0.019531 -0.135864 -0.040348 0.037974 -0.264160
-0.029419 0.039429 -0.161743 -0.057199 0.076661 -0.314476
-0.061157 0.046875 -0.173462 -0.118907 0.091139 -0.337261
