0.747192 -0.075806 -0.058228 1.452760 -0.147388 -0.113211
0.575562 0.168335 -0.013916 1.119059 0.327292 -0.027057
0.339233 0.346802 0.001709 0.659569 0.674284 0.003323
0.205566 0.299438 0.084106 0.399681 0.582196 0.163527
0.143921 0.241333 0.261597 0.279824 0.469222 0.508620
-0.106445 0.069702 0.353516 -0.206961 0.135521 0.687337
-0.547485 -0.136108 0.257690 -1.064471 -0.264634 0.501025
-0.910278 -0.368896 0.279541 -1.769847 -0.717242 0.543509
-1.223267 -0.506104 0.417603 -2.378387 -0.984013 0.811941
-1.487061 -0.006714 0.464355 -2.891279 -0.013054 0.902842
-1.630493 0.220825 0.259399 -3.170154 0.429349 0.504348
-1.331543 0.099609 -0.129517 -2.588908 0.193670 -0.251818
-0.965454 0.099243 -0.538086 -1.877124 0.192958 -1.046196
-0.582886 0.132080 -0.955566 -1.133300 0.256802 -1.857900
-0.153931 0.225342 -1.344849 -0.299286 0.438130 -2.614778
0.352295 0.358643 -1.717407 0.684964 0.697306 -3.339140
0.692139 0.496582 -1.810059 1.345719 0.965500 -3.519282
0.869751 0.633789 -1.672485 1.691050 1.232271 -3.251799
1.169556 0.638794 -1.368652 2.273957 1.242002 -2.661059
1.474976 0.319092 -0.943359 2.867783 0.620408 -1.834166
1.783325 -0.024658 -0.502686 3.467304 -0.047943 -0.977367
1.792236 -0.089600 -0.133545 3.484630 -0.174208 -0.259650
1.543091 0.088623 0.181763 3.000219 0.172309 0.353400
1.116699 0.263916 0.375000 2.171189 0.513130 0.729109
0.746948 0.286621 0.418945 1.452285 0.557275 0.814552
0.427368 0.298462 0.505737 0.830928 0.580297 0.983301
0.078369 0.234253 0.587891 0.152372 0.455456 1.143031
-0.296021 0.135620 0.564331 -0.575550 0.263685 1.097224
-0.647583 -0.010376 0.513550 -1.259090 -0.020174 0.998491
-0.980835 -0.153931 0.450317 -1.907029 -0.299286 0.875548
-1.225952 -0.286499 0.377319 -2.383609 -0.557038 0.733619
-1.257568 -0.392944 0.274414 -2.445080 -0.763998 0.533541
-1.315063 -0.585449 0.181885 -2.556867 -1.138284 0.353637
-1.427368 -0.724487 0.153320 -2.775220 -1.408615 0.298099
-1.569824 -0.590454 0.086304 -3.052196 -1.148015 0.167800
-1.629272 -0.267212 0.028320 -3.167781 -0.519538 0.055063
-1.205078 -0.181763 0.037109 -2.343023 -0.353400 0.072151
-0.806885 0.041016 0.098877 -1.568819 0.079746 0.192246
-0.449463 0.243896 -0.035034 -0.873887 0.474206 -0.068117
-0.043579 0.129883 -0.197021 -0.084730 0.252530 -0.383067
0.134766 -0.002930 -0.262573 0.262024 -0.005696 -0.510519
0.170410 -0.002441 -0.174194 0.331327 -0.004747 -0.338685
0.151001 -0.058350 -0.023560 0.293590 -0.113449 -0.045807
0.087402 -0.014038 -0.006348 0.169936 -0.027294 -0.012342
0.030884 0.042114 -0.078979 0.060047 0.081882 -0.153559
-0.027710 0.014160 -0.134033 -0.053876 0.027531 -0.260600
-0.034302 -0.015503 -0.079834 -0.066693 -0.030142 -0.155221
0.004272 -0.020996 0.006104 0.008307 -0.040823 0.011867
0.030029 0.004272 0.057617 0.058386 0.008307 0.112025
0.025879 0.056641 0.076172 0.050316 0.110126 0.148100
0.011597 0.050537 0.001465 0.022547 0.098259 0.002848
0.008789 0.030884 -0.074341 0.017089 0.060047 -0.144540
0.020264 -0.012939 -0.100464 0.039398 -0.025158 -0.195331
0.111206 -0.100098 -0.078369 0.216217 -0.194619 -0.152372
0.258057 -0.153809 -0.048462 0.501737 -0.299049 -0.094224
0.324341 -0.300049 -0.072510 0.630613 -0.583382 -0.140980
0.239624 -0.218994 -0.137939 0.465899 -0.425788 -0.268195
0.089355 -0.010864 -0.097778 0.173733 -0.021123 -0.190110
0.054077 0.015137 -0.097900 0.105142 0.029430 -0.190347
0.114624 -0.050049 -0.119263 0.222863 -0.097310 -0.231881
0.144165 -0.073120 -0.107544 0.280299 -0.142167 -0.209097
0.111816 -0.018555 -0.086304 0.217404 -0.036076 -0.167800
0.003540 0.027832 -0.098999 0.006883 0.054114 -0.192483
-0.087646 0.016113 -0.124390 -0.170410 0.031329 -0.241850
-0.038940 -0.000977 -0.159058 -0.075712 -0.001899 -0.309254
0.062866 -0.029419 -0.190918 0.122230 -0.057199 -0.371200
0.115967 -0.010742 -0.210083 0.225473 -0.020886 -0.408463
0.051758 0.039673 -0.248657 0.100632 0.077136 -0.483462
-0.029663 0.110229 -0.221313 -0.057674 0.214318 -0.430298
-0.039063 0.109741 -0.136719 -0.075949 0.213369 -0.265821
-0.006958 0.020874 -0.107178 -0.013528 0.040585 -0.208385
0.032349 -0.083130 -0.103027 0.062895 -0.161629 -0.200315
0.042236 -0.061279 -0.124878 0.082120 -0.119145 -0.242799
0.019897 -0.026367 -0.186646 0.038686 -0.051266 -0.362893
0.015259 -0.036987 -0.206665 0.029668 -0.071914 -0.401817
-0.002563 -0.035278 -0.185181 -0.004984 -0.068591 -0.360045
-0.020996 -0.008789 -0.141235 -0.040823 -0.017089 -0.274603
-0.060059 0.023193 -0.114624 -0.116771 0.045095 -0.222863
-0.053345 0.041382 -0.167603 -0.103718 0.080458 -0.325868
-0.029541 -0.005859 -0.189941 -0.057436 -0.011392 -0.369301
