-0.161621 -0.133545 -0.326294 -0.314239 -0.259650 -0.634411
-0.099121 -0.315674 -0.428345 -0.192720 -0.613762 -0.832827
-0.067627 -0.288574 -0.340210 -0.131487 -0.561072 -0.661467
-0.035645 0.015503 -0.167847 -0.069303 0.030142 -0.326343
-0.014526 0.039429 0.088501 -0.028243 0.076661 0.172072
0.391479 0.160034 0.274048 0.761150 0.311153 0.532829
0.771118 -0.411499 0.012085 1.499279 -0.800074 0.023497
0.975342 -0.485840 -0.208130 1.896349 -0.944614 -0.404665
1.093018 -0.951782 -0.207520 2.125145 -1.850542 -0.403478
1.247070 -0.090210 0.112549 2.424668 -0.175394 0.218828
1.417725 -0.176270 0.053101 2.756470 -0.342719 0.103243
1.346558 -0.105957 -0.060059 2.618101 -0.206011 -0.116771
0.985229 -0.434448 -0.455933 1.915573 -0.844694 -0.886466
0.748291 -0.453369 -0.683472 1.454896 -0.881482 -1.328868
0.653687 -0.385986 -0.718872 1.270957 -0.750470 -1.397697
0.400024 -0.222290 -0.719727 0.777764 -0.432197 -1.399358
-0.011475 -0.020752 -0.747681 -0.022310 -0.040348 -1.453709
-0.336182 0.039185 -0.851074 -0.653635 0.076186 -1.654737
-0.581787 0.231201 -0.958374 -1.131164 0.449522 -1.863359
-0.799438 0.316406 -1.038696 -1.554342 0.615186 -2.019528
-0.895996 0.297607 -0.974121 -1.742078 0.578636 -1.893975
-0.890381 0.346558 -0.669922 -1.731160 0.673809 -1.302523
-0.947388 0.550903 -0.261719 -1.841998 1.071117 -0.508858
-1.030029 0.745483 0.344116 -2.002677 1.449437 0.669062
-0.925293 -0.013184 0.890747 -1.799039 -0.025633 1.731872
-0.578857 -0.417969 1.364258 -1.125468 -0.812653 2.652515
-0.247803 -0.299438 1.492065 -0.481801 -0.582196 2.901010
0.199951 -0.265991 1.237671 0.388763 -0.517164 2.406393
0.572998 -0.232666 0.851318 1.114075 -0.452371 1.655211
0.762939 -0.169556 0.477295 1.483377 -0.329666 0.928001
0.748779 -0.223511 0.201416 1.455845 -0.434570 0.391611
0.510864 -0.263184 -0.014038 0.993269 -0.511706 -0.027294
0.245239 -0.287720 -0.219971 0.476817 -0.559411 -0.427687
-0.069946 -0.250244 -0.341797 -0.135996 -0.486548 -0.664553
-0.366333 -0.242798 -0.473633 -0.712258 -0.472070 -0.920880
-0.603760 -0.178711 -0.534424 -1.173885 -0.347466 -1.039076
-0.883667 -0.024414 -0.576660 -1.718106 -0.047468 -1.121196
-1.086670 0.402710 -0.760620 -2.112803 0.782986 -1.478867
-1.093994 0.696411 -1.007813 -2.127044 1.354026 -1.959481
-0.854736 0.680542 -1.268433 -1.661857 1.323172 -2.466203
-0.534790 0.614380 -1.221191 -1.039788 1.194534 -2.374352
-0.207642 0.375854 -0.837402 -0.403716 0.730771 -1.628154
0.004272 0.161987 -0.441895 0.008307 0.314951 -0.859172
0.062988 0.145142 -0.266113 0.122468 0.282198 -0.517402
0.070190 0.040405 -0.211548 0.136471 0.078560 -0.411311
0.057495 -0.114624 -0.171387 0.111787 -0.222863 -0.333226
0.043945 -0.140991 -0.075073 0.085443 -0.274128 -0.145964
0.045410 -0.034180 0.041016 0.088291 -0.066455 0.079746
0.019287 0.034790 0.075928 0.037500 0.067642 0.147626
-0.000488 0.041870 0.024048 -0.000949 0.081408 0.046756
0.006104 0.023193 -0.029663 0.011867 0.045095 -0.057674
-0.000732 0.041992 -0.027344 -0.001424 0.081645 -0.053164
-0.065186 0.106812 0.001709 -0.126740 0.207673 0.003323
-0.122925 0.079956 -0.037964 -0.239002 0.155458 -0.073813
-0.128540 0.022339 -0.122314 -0.249919 0.043433 -0.237815
0.012573 -0.008667 -0.203613 0.024446 -0.016851 -0.395884
0.329956 -0.141724 -0.199097 0.641531 -0.275552 -0.387102
0.068970 -0.058105 -0.182373 0.134097 -0.112974 -0.354586
-0.102783 -0.031372 -0.071045 -0.199841 -0.060996 -0.138132
-0.070435 0.031982 -0.010498 -0.136945 0.062183 -0.020411
0.020508 0.067871 -0.063232 0.039873 0.131961 -0.122942
-0.015015 0.027222 -0.200195 -0.029193 0.052927 -0.389238
-0.028687 0.035400 -0.219482 -0.055775 0.068829 -0.426738
0.003174 0.054932 -0.137329 0.006171 0.106803 -0.267008
-0.010254 0.096680 -0.055786 -0.019937 0.187973 -0.108465
-0.014648 0.056030 -0.084351 -0.028481 0.108939 -0.164002
0.009521 -0.025635 -0.142944 0.018513 -0.049841 -0.277925
0.027710 -0.061523 -0.171753 0.053876 -0.119620 -0.333938
0.027344 -0.081665 -0.164673 0.053164 -0.158781 -0.320172
0.026123 -0.101929 -0.130249 0.050791 -0.198179 -0.253242
0.030029 -0.077637 -0.089478 0.058386 -0.150948 -0.173970
0.010132 -0.025024 -0.070313 0.019699 -0.048655 -0.136708
-0.027832 0.026123 -0.097656 -0.054114 0.050791 -0.189872
-0.022461 0.036743 -0.125244 -0.043671 0.071439 -0.243511
-0.000488 -0.023560 -0.135132 -0.000949 -0.045807 -0.262736
0.008667 -0.043335 -0.129883 0.016851 -0.084256 -0.252530
-0.037231 0.047363 -0.106689 -0.072389 0.092088 -0.207435
-0.037964 0.008667 -0.117920 -0.073813 0.016851 -0.229271
-0.026855 -0.043457 -0.138428 -0.052215 -0.084493 -0.269144
-0.026001 -0.042358 -0.156494 -0.050553 -0.082357 -0.304270
