-0.633057 0.031616 -0.508179 -1.230847 0.061471 -0.988048
-1.056396 0.155762 -0.244751 -2.053943 0.302846 -0.475867
-1.216309 0.069458 -0.009399 -2.364859 0.135047 -0.018275
-1.018311 -0.002319 -0.050781 -1.979893 -0.004509 -0.098734
-0.760498 -0.242188 -0.058716 -1.478630 -0.470883 -0.114161
-0.667236 -0.040894 -0.161865 -1.297302 -0.079509 -0.314713
-0.729492 0.086426 -0.190918 -1.418346 0.168037 -0.371200
-1.021729 0.401245 -0.062378 -1.986538 0.780138 -0.121281
-1.578613 0.115234 0.100342 -3.069285 0.224049 0.195094
-1.784912 -0.176758 0.127563 -3.470390 -0.343669 0.248021
-1.312378 -0.047241 0.198120 -2.551646 -0.091851 0.385203
-0.821899 -0.044312 0.298706 -1.598012 -0.086155 0.580772
-0.500122 -0.055420 0.245483 -0.972383 -0.107752 0.477291
-0.055542 -0.084717 0.225952 -0.107990 -0.164714 0.439317
0.403442 -0.042114 0.137207 0.784410 -0.081882 0.266770
0.641235 0.005005 -0.072021 1.246749 0.009731 -0.140031
0.848389 -0.053467 -0.303833 1.649515 -0.103955 -0.590740
1.042114 -0.133057 -0.364136 2.026174 -0.258701 -0.707986
1.104004 -0.109985 -0.362183 2.146506 -0.213844 -0.704189
1.070801 -0.009277 -0.364746 2.081949 -0.018038 -0.709173
1.008911 -0.035522 -0.444702 1.961617 -0.069066 -0.864631
0.978760 -0.107056 -0.511108 1.902994 -0.208147 -0.993744
0.730591 -0.002319 -0.556763 1.420482 -0.004509 -1.082509
0.614258 0.099731 -0.584839 1.194296 0.193907 -1.137097
0.437988 0.201172 -0.608887 0.851577 0.391137 -1.183853
0.169434 0.198486 -0.599854 0.329428 0.385915 -1.166290
-0.179565 0.121582 -0.539795 -0.349128 0.236391 -1.049519
-0.504150 0.150146 -0.546753 -0.980215 0.291929 -1.063047
-0.766846 0.176880 -0.418823 -1.490972 0.343906 -0.814315
-0.961792 0.242310 -0.319824 -1.870004 0.471120 -0.621832
-1.222046 0.357178 -0.387329 -2.376014 0.694458 -0.753081
-1.485229 0.395874 -0.453125 -2.887719 0.769695 -0.881007
-1.270386 0.369385 -0.433716 -2.470000 0.718192 -0.843270
-0.718262 0.258545 -0.263794 -1.396510 0.502687 -0.512892
-0.259033 0.250732 -0.113770 -0.503636 0.487497 -0.221201
0.088989 0.196655 -0.051758 0.173021 0.382355 -0.100632
0.230591 -0.002808 -0.161987 0.448336 -0.005459 -0.314951
0.254272 -0.061035 -0.239746 0.494380 -0.118670 -0.466136
0.211182 0.169189 -0.189087 0.410599 0.328954 -0.367640
0.061035 0.236938 -0.052734 0.118670 0.460678 -0.102531
0.017456 0.220581 0.020752 0.033940 0.428874 0.040348
0.039307 0.129028 -0.016724 0.076424 0.250869 -0.032516
0.023682 0.144531 -0.080811 0.046044 0.281011 -0.157119
-0.023682 0.212280 -0.057129 -0.046044 0.412735 -0.111075
-0.023560 0.226318 -0.013916 -0.045807 0.440029 -0.027057
-0.003418 0.148804 -0.055786 -0.006646 0.289318 -0.108465
0.037354 0.000000 -0.072754 0.072626 0.000000 -0.141455
0.182983 -0.061035 0.036987 0.355773 -0.118670 0.071914
0.307983 -0.002808 0.066162 0.598810 -0.005459 0.128638
0.244263 0.048584 0.020142 0.474918 0.094461 0.039161
0.065918 0.028320 -0.010132 0.128164 0.055063 -0.019699
-0.105713 -0.147095 -0.134033 -0.205537 -0.285995 -0.260600
-0.082886 -0.140381 -0.248291 -0.161154 -0.272941 -0.482750
0.068481 0.034180 -0.163452 0.133148 0.066455 -0.317799
0.048096 0.094727 -0.004883 0.093512 0.184176 -0.009494
-0.071289 0.098145 0.023682 -0.138607 0.190822 0.046044
-0.111084 0.050415 -0.066650 -0.215980 0.098022 -0.129588
-0.091675 -0.009399 -0.138184 -0.178243 -0.018275 -0.268669
-0.054077 -0.012817 -0.106812 -0.105142 -0.024921 -0.207673
-0.028442 -0.025269 -0.092041 -0.055300 -0.049129 -0.178955
-0.003052 -0.008667 -0.099365 -0.005934 -0.016851 -0.193195
-0.002441 0.035156 -0.103760 -0.004747 0.068354 -0.201739
0.005005 0.042847 -0.093872 0.009731 0.083306 -0.182515
0.014771 0.053833 -0.081421 0.028718 0.104667 -0.158306
0.011597 0.041016 -0.103271 0.022547 0.079746 -0.200790
0.011841 0.044312 -0.141357 0.023022 0.086155 -0.274840
0.024902 0.040894 -0.133057 0.048417 0.079509 -0.258701
-0.000854 0.045532 -0.123535 -0.001661 0.088528 -0.240188
-0.034180 0.044312 -0.107056 -0.066455 0.086155 -0.208147
-0.033936 0.018311 -0.090576 -0.065981 0.035601 -0.176106
-0.039307 0.023438 -0.080566 -0.076424 0.045569 -0.156645
-0.041504 0.022095 -0.086304 -0.080696 0.042959 -0.167800
-0.031250 0.015503 -0.112915 -0.060759 0.030142 -0.219540
-0.030762 0.029297 -0.118896 -0.059810 0.056962 -0.231169
-0.015503 0.031250 -0.101440 -0.030142 0.060759 -0.197230
-0.013550 0.027222 -0.090942 -0.026345 0.052927 -0.176819
-0.020996 0.018433 -0.105225 -0.040823 0.035838 -0.204587
-0.017944 0.007568 -0.103638 -0.034889 0.014715 -0.201502
-0.026733 0.008545 -0.099976 -0.051978 0.016614 -0.194382
-0.038818 0.032227 -0.092529 -0.075474 0.062658 -0.179904
