0.010254 -0.471313 -0.399170 0.019937 -0.916371 -0.776103
-0.499634 -0.062134 -0.164795 -0.971434 -0.120806 -0.320409
-0.875366 -0.257690 -0.078613 -1.701967 -0.501025 -0.152847
-0.768677 0.015503 0.064087 -1.494532 0.030142 0.124604
-0.703857 0.045410 0.054199 -1.368504 0.088291 0.105379
-0.788086 -0.615479 -0.118896 -1.532269 -1.196670 -0.231169
-0.886719 -0.919189 -0.007446 -1.724040 -1.787172 -0.014478
-0.816162 0.899536 0.397705 -1.586857 1.748961 0.773255
-1.130371 2.312012 0.700928 -2.197771 4.495225 1.362808
-1.854980 0.390747 0.139893 -3.606623 0.759726 0.271992
-2.026123 0.329224 0.100952 -3.939374 0.640107 0.196280
-1.886353 0.560669 0.306030 -3.667619 1.090104 0.595012
-1.540649 0.450073 0.302612 -2.995472 0.875074 0.588367
-0.753662 0.139160 0.216309 -1.465339 0.270568 0.420567
-0.020142 -0.113037 0.097778 -0.039161 -0.219777 0.190110
0.310303 -0.094971 -0.041016 0.603319 -0.184651 -0.079746
0.521973 0.067261 -0.130981 1.014867 0.130774 -0.254666
0.673584 0.161987 -0.224121 1.309644 0.314951 -0.435757
0.898682 0.005737 -0.343994 1.747299 0.011155 -0.668825
1.163696 -0.163208 -0.414063 2.262565 -0.317324 -0.805058
1.234375 -0.227905 -0.467407 2.399985 -0.443114 -0.908776
1.359741 -0.206055 -0.422363 2.643734 -0.400630 -0.821197
1.157959 -0.005371 -0.407715 2.251410 -0.010443 -0.792717
0.893799 0.109253 -0.483765 1.737806 0.212420 -0.940580
0.755981 0.068726 -0.537231 1.469848 0.133623 -1.044535
0.676514 0.046143 -0.613525 1.315340 0.089715 -1.192872
0.406494 0.019775 -0.547607 0.790343 0.038449 -1.064708
0.072998 0.167480 -0.443115 0.141929 0.325631 -0.861545
-0.181641 0.276855 -0.474487 -0.353162 0.538288 -0.922542
-0.425903 0.159790 -0.556152 -0.828080 0.310678 -1.081322
-0.689331 0.065430 -0.537964 -1.340261 0.127214 -1.045959
-0.904907 -0.001953 -0.478149 -1.759404 -0.003797 -0.929662
-1.109497 0.159668 -0.449341 -2.157186 0.310441 -0.873650
-1.261230 0.565918 -0.427002 -2.452200 1.100310 -0.830216
-1.316406 0.618530 -0.207886 -2.559478 1.202603 -0.404191
-1.124634 0.354858 0.008789 -2.186616 0.689948 0.017089
-0.770264 0.102173 0.053833 -1.497617 0.198654 0.104667
-0.292847 0.017456 -0.039551 -0.569379 0.033940 -0.076898
-0.018066 -0.026855 -0.193726 -0.035126 -0.052215 -0.376659
0.113403 -0.085938 -0.228394 0.220489 -0.167088 -0.444064
0.198242 -0.108154 -0.181519 0.385441 -0.210283 -0.352925
0.163696 -0.178833 -0.146973 0.318273 -0.347704 -0.285758
0.089966 -0.188965 -0.168335 0.174920 -0.367403 -0.327292
0.062256 -0.125244 -0.184082 0.121044 -0.243511 -0.357909
0.057861 -0.042725 -0.145142 0.112499 -0.083069 -0.282198
0.049072 -0.005859 -0.112671 0.095411 -0.011392 -0.219065
0.039917 -0.027588 -0.114502 0.077610 -0.053639 -0.222625
-0.005615 0.003052 -0.142700 -0.010918 0.005934 -0.277451
-0.036255 0.056763 -0.143066 -0.070490 0.110363 -0.278163
-0.055664 0.107422 -0.096436 -0.108227 0.208859 -0.187499
-0.040039 0.107910 -0.069214 -0.077848 0.209809 -0.134572
-0.000977 0.085327 -0.077393 -0.001899 0.165901 -0.150474
0.007324 0.069092 -0.103149 0.014240 0.134335 -0.200553
-0.007324 0.086304 -0.097046 -0.014240 0.167800 -0.188686
-0.066162 0.131470 -0.084229 -0.128638 0.255615 -0.163765
-0.092407 0.104492 -0.076416 -0.179667 0.203163 -0.148575
-0.079712 0.044556 -0.087524 -0.154983 0.086629 -0.170173
-0.031860 -0.018677 -0.087891 -0.061946 -0.036313 -0.170885
0.001953 -0.057861 -0.112305 0.003797 -0.112499 -0.218353
0.010254 -0.070435 -0.140259 0.019937 -0.136945 -0.272704
0.010620 0.024048 -0.119385 0.020649 0.046756 -0.232119
-0.008301 0.060303 -0.077271 -0.016139 0.117246 -0.150236
-0.042114 0.045410 -0.088135 -0.081882 0.088291 -0.171360
-0.059570 0.030762 -0.119141 -0.115822 0.059810 -0.231644
-0.033081 0.012329 -0.122925 -0.064319 0.023971 -0.239002
-0.031372 0.041382 -0.100952 -0.060996 0.080458 -0.196280
-0.026611 0.089478 -0.078613 -0.051740 0.173970 -0.152847
-0.015503 0.083740 -0.078125 -0.030142 0.162815 -0.151898
-0.019897 0.041382 -0.077637 -0.038686 0.080458 -0.150948
-0.031006 0.039673 -0.078613 -0.060284 0.077136 -0.152847
-0.032715 0.045898 -0.069946 -0.063607 0.089240 -0.135996
-0.030396 0.072998 -0.070679 -0.059098 0.141929 -0.137420
-0.020874 0.055786 -0.069946 -0.040585 0.108465 -0.135996
-0.029297 0.018555 -0.091431 -0.056962 0.036076 -0.177768
-0.014526 0.007813 -0.121948 -0.028243 0.015190 -0.237103
0.011963 0.036499 -0.183472 0.023259 0.070965 -0.356722
0.052124 0.059814 -0.192261 0.101344 0.116297 -0.373811
0.056152 0.025635 -0.206909 0.109177 0.049841 -0.402292
0.023193 0.041992 -0.174194 0.045095 0.081645 -0.338685
-0.016479 0.048584 -0.134033 -0.032041 0.094461 -0.260600
