0.150391 0.042236 -0.175293 0.292403 0.082120 -0.340821
0.084717 0.029419 -0.280884 0.164714 0.057199 -0.546120
-0.140991 -0.218018 -0.410034 -0.274128 -0.423890 -0.797226
-0.174316 -0.267578 -0.340332 -0.338922 -0.520250 -0.661705
-0.278931 -0.370239 -0.175659 -0.542323 -0.719853 -0.341533
-0.425537 -0.419067 -0.069824 -0.827368 -0.814789 -0.135759
-0.690674 -0.245605 -0.142578 -1.342871 -0.477529 -0.277213
-0.958374 0.029175 -0.247925 -1.863359 0.056724 -0.482038
-1.182739 0.346313 -0.352661 -2.299590 0.673334 -0.685676
-1.332397 0.133057 -0.517334 -2.590569 0.258701 -1.005848
-1.367554 -0.091187 -0.767334 -2.658923 -0.177293 -1.491921
-1.285522 -0.100952 -0.952637 -2.499431 -0.196280 -1.852204
-1.310425 0.400391 -0.814697 -2.547848 0.778476 -1.584009
-1.431274 0.449707 -0.599243 -2.782815 0.874362 -1.165103
-1.500732 0.191895 -0.362061 -2.917861 0.373099 -0.703951
-1.336914 0.159424 -0.187500 -2.599351 0.309966 -0.364555
-0.769775 -0.099121 -0.121704 -1.496668 -0.192720 -0.236628
-0.116455 -0.168579 0.053223 -0.226423 -0.327767 0.103480
0.357300 -0.234131 0.070190 0.694695 -0.455219 0.136471
0.717041 -0.210205 -0.054077 1.394137 -0.408700 -0.105142
0.918335 -0.116577 -0.238892 1.785511 -0.226660 -0.464475
1.120361 -0.042847 -0.398926 2.178309 -0.083306 -0.775628
1.284546 0.014038 -0.465942 2.497532 0.027294 -0.905928
1.412476 -0.060181 -0.500000 2.746264 -0.117009 -0.972146
1.404785 -0.111816 -0.523682 2.731312 -0.217404 -1.018190
1.247192 -0.079102 -0.479126 2.424906 -0.153797 -0.931561
1.048828 0.013672 -0.388550 2.039228 0.026582 -0.755454
0.860474 0.119263 -0.304932 1.673012 0.231881 -0.592876
0.683960 0.064453 -0.285767 1.329818 0.125316 -0.555614
0.498779 -0.053711 -0.275513 0.969772 -0.104430 -0.535677
0.296387 -0.041138 -0.252075 0.576262 -0.079984 -0.490108
0.046997 0.024536 -0.223145 0.091376 0.047705 -0.433858
-0.268555 0.095215 -0.213745 -0.522149 0.185125 -0.415583
-0.536743 0.158691 -0.199097 -1.043585 0.308542 -0.387102
-0.754517 0.119751 -0.149902 -1.467000 0.232831 -0.291454
-0.972412 0.098145 -0.113403 -1.890653 0.190822 -0.220489
-1.171509 0.096191 -0.139648 -2.277755 0.187024 -0.271517
-1.289673 0.126831 -0.230835 -2.507500 0.246597 -0.448810
-1.552368 0.277710 -0.265869 -3.018256 0.539949 -0.516927
-1.655762 0.427490 -0.366577 -3.219284 0.831166 -0.712733
-1.712891 0.540527 -0.410156 -3.330359 1.050943 -0.797463
-1.486816 0.589844 -0.451660 -2.890805 1.146828 -0.878159
-1.060913 0.550171 -0.426147 -2.062724 1.069693 -0.828555
-0.626831 0.366821 -0.420654 -1.218742 0.713208 -0.817875
-0.229858 0.182251 -0.449341 -0.446912 0.354349 -0.873650
0.140625 0.187378 -0.391235 0.273416 0.364317 -0.760676
0.473877 0.238647 -0.321289 0.921355 0.464000 -0.624680
0.670288 0.115112 -0.326050 1.303236 0.223812 -0.633936
0.842529 0.024658 -0.327271 1.638123 0.047943 -0.636309
0.955322 -0.005981 -0.321777 1.857425 -0.011630 -0.625629
1.063354 -0.102173 -0.308960 2.067471 -0.198654 -0.600708
1.080566 -0.161499 -0.270996 2.100936 -0.314001 -0.526895
0.989990 -0.118652 -0.184570 1.924830 -0.230695 -0.358858
0.908081 -0.145996 -0.109497 1.765574 -0.283859 -0.212894
0.840820 -0.182983 -0.072144 1.634800 -0.355773 -0.140268
0.763794 -0.185669 -0.065063 1.485038 -0.360995 -0.126502
0.667358 -0.108521 -0.091797 1.297539 -0.210996 -0.178480
0.558105 -0.029053 -0.118164 1.085120 -0.056487 -0.229745
0.447754 -0.060669 -0.146729 0.870564 -0.117958 -0.285283
0.352783 -0.048584 -0.166870 0.685913 -0.094461 -0.324444
0.267212 0.020020 -0.159546 0.519538 0.038924 -0.310204
0.187744 -0.041260 -0.121582 0.365029 -0.080221 -0.236391
0.101685 -0.063843 -0.066162 0.197704 -0.124129 -0.128638
0.059326 -0.050659 -0.008423 0.115347 -0.098496 -0.016376
0.051025 -0.110352 0.027954 0.099208 -0.214556 0.054351
0.000610 -0.150879 0.045898 0.001187 -0.293353 0.089240
-0.064453 -0.069946 0.066284 -0.125316 -0.135996 0.128876
-0.084839 -0.019531 0.079102 -0.164952 -0.037974 0.153797
-0.111206 0.001709 0.059814 -0.216217 0.003323 0.116297
-0.105347 -0.007568 0.028931 -0.204825 -0.014715 0.056250
-0.072144 0.003662 -0.021240 -0.140268 0.007120 -0.041297
-0.051880 0.030396 -0.082886 -0.100870 0.059098 -0.161154
-0.058228 0.020386 -0.107300 -0.113211 0.039636 -0.208622
-0.056274 0.033691 -0.093140 -0.109414 0.065506 -0.181091
-0.046143 0.024902 -0.095825 -0.089715 0.048417 -0.186312
-0.019043 -0.005981 -0.125122 -0.037025 -0.011630 -0.243274
0.015747 -0.011230 -0.142456 0.030617 -0.021835 -0.276976
0.006226 -0.026733 -0.135376 0.012104 -0.051978 -0.263210
-0.024170 -0.030884 -0.110107 -0.046993 -0.060047 -0.214081
-0.048950 -0.023315 -0.101685 -0.095173 -0.045332 -0.197704
