0.600098 0.099854 -0.416382 1.166765 0.194144 -0.809568
0.307495 -0.028931 -0.358398 0.597860 -0.056250 -0.696831
-0.148315 0.170410 -0.324097 -0.288368 0.331327 -0.630138
-0.347656 0.133423 -0.354858 -0.675945 0.259413 -0.689948
-0.451172 0.025635 -0.227295 -0.877210 0.049841 -0.441928
-0.860107 0.223511 -0.165039 -1.672300 0.434570 -0.320884
-0.909912 0.614014 0.099121 -1.769135 1.193822 0.192720
-0.999634 1.162598 0.397949 -1.943580 2.260429 0.773729
-1.257446 0.422974 0.307739 -2.444842 0.822384 0.598335
-1.446167 0.150391 -0.084961 -2.811770 0.292403 -0.165189
-1.590820 -0.173950 -0.193848 -3.093019 -0.338210 -0.376896
-1.862427 -0.237305 -0.143433 -3.621101 -0.461390 -0.278875
-1.964722 0.083130 -0.175659 -3.819992 0.161629 -0.341533
-0.986694 0.023071 -0.086914 -1.918422 0.044857 -0.168986
0.339966 0.061768 0.145264 0.660993 0.120094 0.282435
0.840088 -0.097900 0.029419 1.633376 -0.190347 0.057199
0.947876 -0.088013 -0.088989 1.842947 -0.171122 -0.173021
0.940796 -0.041260 -0.166748 1.829182 -0.080221 -0.324207
0.925415 -0.061035 -0.332520 1.799277 -0.118670 -0.646515
1.045776 -0.068726 -0.334351 2.033294 -0.133623 -0.650075
1.296875 -0.146973 -0.276611 2.521503 -0.285758 -0.537813
1.253296 -0.133789 -0.298828 2.436773 -0.260125 -0.581009
0.987915 -0.019775 -0.402588 1.920795 -0.038449 -0.782748
0.703613 -0.027100 -0.491455 1.368029 -0.052690 -0.955532
0.452637 -0.042480 -0.536621 0.880058 -0.082594 -1.043348
0.228882 -0.018799 -0.501709 0.445013 -0.036550 -0.975469
0.005981 -0.050659 -0.512085 0.011630 -0.098496 -0.995642
-0.249756 -0.032349 -0.568848 -0.485598 -0.062895 -1.106006
-0.592529 -0.110474 -0.470947 -1.152050 -0.214793 -0.915659
-0.897583 -0.181030 -0.332764 -1.745163 -0.351976 -0.646990
-1.172363 -0.189453 -0.220947 -2.279416 -0.368352 -0.429586
-1.499512 -0.348999 0.027344 -2.915488 -0.678556 0.053164
-1.652588 0.078491 0.233154 -3.213113 0.152610 0.453320
-1.261230 0.573975 -0.055298 -2.452200 1.115974 -0.107515
-0.628906 0.412964 -0.209839 -1.222777 0.802922 -0.407988
-0.107910 0.116943 -0.170166 -0.209809 0.227372 -0.330852
0.079712 0.109741 -0.071533 0.154983 0.213369 -0.139081
0.091064 0.127930 -0.046875 0.177056 0.248733 -0.091139
0.298706 0.072388 -0.012939 0.580772 0.140743 -0.025158
0.463745 0.014893 -0.030029 0.901656 0.028956 -0.058386
0.293335 -0.072388 -0.099854 0.570329 -0.140743 -0.194144
0.055054 0.043701 -0.125610 0.107040 0.084968 -0.244223
-0.085938 0.192871 -0.102417 -0.167088 0.374998 -0.199128
-0.100220 0.161865 -0.108521 -0.194856 0.314713 -0.210996
-0.021118 0.119385 -0.118286 -0.041060 0.232119 -0.229983
0.091919 0.053711 -0.040161 0.178717 0.104430 -0.078085
0.159668 -0.015381 0.041382 0.310441 -0.029905 0.080458
0.153564 -0.042603 0.021118 0.298574 -0.082832 0.041060
0.128418 -0.013794 -0.035400 0.249682 -0.026819 -0.068829
0.100708 0.052368 -0.081421 0.195806 0.101819 -0.158306
0.092896 0.071045 -0.075562 0.180616 0.138132 -0.146914
0.090942 0.021240 -0.073242 0.176819 0.041297 -0.142404
0.078735 0.003418 -0.077637 0.153084 0.006646 -0.150948
0.074463 0.007324 -0.071045 0.144778 0.014240 -0.138132
0.055054 0.027588 -0.086792 0.107040 0.053639 -0.168749
0.034668 0.002441 -0.105957 0.067405 0.004747 -0.206011
0.001709 -0.003906 -0.127441 0.003323 -0.007595 -0.247783
-0.024902 0.040527 -0.128418 -0.048417 0.078797 -0.249682
-0.069702 -0.003540 -0.099854 -0.135521 -0.006883 -0.194144
-0.072754 -0.044067 -0.065552 -0.141455 -0.085680 -0.127452
-0.031006 0.013306 -0.059204 -0.060284 0.025870 -0.115110
-0.012817 0.024414 -0.089355 -0.024921 0.047468 -0.173733
-0.038086 -0.048950 -0.103027 -0.074050 -0.095173 -0.200315
-0.050903 -0.054932 -0.104614 -0.098971 -0.106803 -0.203401
0.013428 0.000854 -0.054688 0.026107 0.001661 -0.106328
0.046875 0.034546 -0.075195 0.091139 0.067167 -0.146202
-0.019165 -0.008179 -0.110962 -0.037262 -0.015902 -0.215742
-0.055908 -0.002563 -0.126953 -0.108702 -0.004984 -0.246834
0.012451 0.026367 -0.087769 0.024209 0.051266 -0.170648
0.032715 0.015503 -0.075806 0.063607 0.030142 -0.147388
-0.009155 0.023926 -0.117065 -0.017801 0.046519 -0.227609
-0.057739 0.025757 -0.169067 -0.112262 0.050079 -0.328716
-0.024414 0.019287 -0.197876 -0.047468 0.037500 -0.384729
0.033569 0.003662 -0.141235 0.065269 0.007120 -0.274603
0.020996 0.009155 -0.088623 0.040823 0.017801 -0.172309
-0.020874 0.014526 -0.103027 -0.040585 0.028243 -0.200315
-0.041626 0.014893 -0.151978 -0.080933 0.028956 -0.295489
-0.035645 0.023315 -0.165283 -0.069303 0.045332 -0.321359
-0.029907 0.006958 -0.115967 -0.058148 0.013528 -0.225473
-0.057495 0.005371 -0.070679 -0.111787 0.010443 -0.137420
