-0.069580 -0.176147 -0.414429 -0.135284 -0.342482 -0.805770
-0.431396 -0.051270 -0.295776 -0.838761 -0.099683 -0.575076
-0.553833 0.294434 -0.124512 -1.076813 0.572465 -0.242087
-0.410156 0.745361 -0.199097 -0.797463 1.449200 -0.387102
-0.297607 0.316040 -0.332275 -0.578636 0.614474 -0.646040
-0.488281 -0.128296 -0.357300 -0.949361 -0.249445 -0.694695
-0.903809 0.081177 -0.261841 -1.757267 0.157831 -0.509095
-1.429565 0.399170 -0.107178 -2.779492 0.776103 -0.208385
-2.042603 0.295776 -0.006348 -3.971415 0.575076 -0.012342
-2.561890 0.138306 -0.015991 -4.981061 0.268907 -0.031092
-2.813843 0.041016 0.075806 -5.470931 0.079746 0.147388
-2.324707 0.018433 0.101318 -4.519908 0.035838 0.196992
-0.963867 0.136963 0.031250 -1.874039 0.266296 0.060759
-0.065918 0.091309 0.022827 -0.128164 0.177531 0.044383
0.448853 -0.047974 -0.100464 0.872700 -0.093275 -0.195331
0.888184 -0.166992 -0.246704 1.726888 -0.324682 -0.479665
1.171753 -0.242432 -0.344238 2.278229 -0.471358 -0.669300
1.398438 -0.180664 -0.309326 2.718970 -0.351264 -0.601420
1.496582 -0.111816 -0.292480 2.909792 -0.217404 -0.568667
1.475464 -0.080200 -0.274414 2.868732 -0.155933 -0.533541
1.401733 0.018066 -0.270874 2.725379 0.035126 -0.526658
1.359009 -0.036865 -0.330566 2.642309 -0.071677 -0.642717
0.981567 -0.070923 -0.396484 1.908453 -0.137895 -0.770881
0.688965 -0.067749 -0.392822 1.339549 -0.131724 -0.763761
0.582886 -0.005981 -0.395630 1.133300 -0.011630 -0.769220
0.272095 0.138062 -0.474731 0.529032 0.268432 -0.923016
-0.212646 0.131470 -0.500244 -0.413447 0.255615 -0.972620
-0.445679 -0.074951 -0.519531 -0.866529 -0.145727 -1.010120
-0.623169 -0.189331 -0.609741 -1.211622 -0.368115 -1.185515
-0.890137 -0.059082 -0.858887 -1.730685 -0.114873 -1.669926
-1.192383 0.080444 -0.821167 -2.318340 0.156407 -1.596588
-1.318237 0.173706 -0.583008 -2.563038 0.337735 -1.133537
-1.195923 0.257935 -0.354492 -2.325223 0.501500 -0.689236
-0.923950 0.165161 -0.341431 -1.796429 0.321121 -0.663841
-0.647095 0.073120 -0.186157 -1.258141 0.142167 -0.361944
-0.410156 0.069580 -0.087280 -0.797463 0.135284 -0.169698
-0.247314 0.057007 -0.082642 -0.480851 0.110838 -0.160679
-0.151489 0.044800 -0.113525 -0.294539 0.087104 -0.220726
-0.103394 0.108643 -0.092529 -0.201027 0.211233 -0.179904
-0.037964 0.145996 -0.061768 -0.073813 0.283859 -0.120094
-0.020142 0.087891 -0.074707 -0.039161 0.170885 -0.145252
0.010376 0.035278 -0.091064 0.020174 0.068591 -0.177056
0.045044 0.075928 -0.064697 0.087579 0.147626 -0.125790
0.007568 0.119629 -0.053955 0.014715 0.232593 -0.104904
-0.028809 0.130737 -0.034912 -0.056012 0.254191 -0.067879
-0.016846 0.132568 -0.005615 -0.032753 0.257752 -0.010918
-0.019531 0.136841 0.003662 -0.037974 0.266058 0.007120
-0.033203 0.072510 -0.015503 -0.064557 0.140980 -0.030142
-0.022461 -0.000244 -0.043091 -0.043671 -0.000475 -0.083781
0.047119 -0.025391 -0.032837 0.091613 -0.049367 -0.063845
0.081787 -0.065186 0.003540 0.159018 -0.126740 0.006883
0.072388 -0.060547 0.016846 0.140743 -0.117721 0.032753
0.025391 -0.000977 -0.001221 0.049367 -0.001899 -0.002373
-0.013062 0.065063 -0.036377 -0.025395 0.126502 -0.070727
-0.006226 0.076660 -0.112915 -0.012104 0.149050 -0.219540
0.010498 -0.013550 -0.148682 0.020411 -0.026345 -0.289080
0.014893 -0.044800 -0.147339 0.028956 -0.087104 -0.286470
0.017578 -0.022095 -0.126831 0.034177 -0.042959 -0.246597
0.021729 -0.044189 -0.115601 0.042247 -0.085917 -0.224761
0.001587 -0.114624 -0.143188 0.003085 -0.222863 -0.278400
-0.027344 -0.082520 -0.159912 -0.053164 -0.160442 -0.310916
-0.013916 0.008789 -0.083374 -0.027057 0.017089 -0.162103
-0.014038 0.018921 -0.038574 -0.027294 0.036788 -0.075000
-0.018433 -0.015869 -0.066772 -0.035838 -0.030854 -0.129825
-0.021606 -0.012207 -0.100708 -0.042009 -0.023734 -0.195806
-0.018799 0.041992 -0.113525 -0.036550 0.081645 -0.220726
-0.018433 0.045532 -0.112671 -0.035838 0.088528 -0.219065
-0.005127 0.035889 -0.130737 -0.009968 0.069778 -0.254191
0.015137 0.014648 -0.131348 0.029430 0.028481 -0.255378
-0.002441 0.000244 -0.133423 -0.004747 0.000475 -0.259413
-0.018188 0.000977 -0.128662 -0.035364 0.001899 -0.250157
-0.006836 -0.012817 -0.114380 -0.013291 -0.024921 -0.222388
-0.003052 -0.025146 -0.135986 -0.005934 -0.048892 -0.264397
-0.016602 -0.006958 -0.170776 -0.032278 -0.013528 -0.332039
-0.021118 0.045410 -0.144287 -0.041060 0.088291 -0.280536
-0.019043 0.040649 -0.091553 -0.037025 0.079034 -0.178005
-0.008301 0.007202 -0.082275 -0.016139 0.014003 -0.159967
-0.016846 0.007690 -0.106323 -0.032753 0.014952 -0.206723
-0.023315 0.010620 -0.127075 -0.045332 0.020649 -0.247071
-0.016602 0.013428 -0.134155 -0.032278 0.026107 -0.260837
