-0.325806 -0.088989 -0.141724 -0.633461 -0.173021 -0.275552
-0.576904 -0.075317 -0.162720 -1.121670 -0.146439 -0.316375
-0.746704 0.029297 -0.167480 -1.451810 0.056962 -0.325631
-0.788208 0.169556 -0.113525 -1.532506 0.329666 -0.220726
-0.721191 0.475464 -0.088257 -1.402206 0.924440 -0.171597
-0.637573 0.537598 0.088745 -1.239628 1.045247 0.172546
-0.660278 0.519409 0.303955 -1.283774 1.009883 0.590977
-0.892334 -0.373047 0.002075 -1.734957 -0.725312 0.004035
-1.279053 -0.425049 -0.159790 -2.486851 -0.826419 -0.310678
-1.753174 0.187988 -0.022461 -3.408681 0.365504 -0.043671
-2.017090 0.149292 -0.044434 -3.921811 0.290267 -0.086392
-1.388306 0.074097 -0.099976 -2.699271 0.144066 -0.194382
-0.811157 -0.107544 -0.051758 -1.577126 -0.209097 -0.100632
-0.517334 -0.232788 0.070801 -1.005848 -0.452608 0.137657
-0.310913 -0.187256 0.051636 -0.604506 -0.364080 0.100395
0.116943 -0.150391 -0.037231 0.227372 -0.292403 -0.072389
0.511597 -0.179321 -0.150635 0.994693 -0.348653 -0.292878
0.787842 -0.210815 -0.245850 1.531794 -0.409887 -0.478003
1.012451 -0.234375 -0.343262 1.968500 -0.455693 -0.667401
1.179810 -0.142334 -0.377441 2.293894 -0.276739 -0.733856
1.363403 -0.092041 -0.392090 2.650854 -0.178955 -0.762337
1.432617 -0.108887 -0.375366 2.785426 -0.211708 -0.729821
1.237915 -0.121704 -0.353027 2.406868 -0.236628 -0.686388
1.078613 -0.120361 -0.321289 2.097139 -0.234018 -0.624680
0.818237 -0.105835 -0.390015 1.590892 -0.205774 -0.758302
0.593384 -0.037842 -0.416992 1.153711 -0.073575 -0.810754
0.282593 -0.052612 -0.395264 0.549443 -0.102294 -0.768508
-0.003784 -0.072510 -0.457153 -0.007358 -0.140980 -0.888839
-0.359131 -0.140869 -0.429565 -0.698255 -0.273891 -0.835200
-0.658691 -0.027344 -0.307861 -1.280688 -0.053164 -0.598572
-0.687500 0.302979 -0.247559 -1.336700 0.589079 -0.481326
-0.769653 0.179321 -0.257202 -1.496431 0.348653 -0.500076
-0.951172 0.236206 -0.398438 -1.849355 0.459253 -0.774679
-1.299927 0.617554 -0.527466 -2.527437 1.200704 -1.025547
-1.286255 0.757324 -0.528198 -2.500854 1.472459 -1.026971
-0.779175 0.437012 -0.338379 -1.514943 0.849678 -0.657907
-0.253662 0.117188 -0.205688 -0.493193 0.227847 -0.399918
-0.028198 0.120605 -0.089355 -0.054826 0.234492 -0.173733
0.044800 0.253906 -0.042847 0.087104 0.493668 -0.083306
0.067505 0.185547 -0.150635 0.131249 0.360757 -0.292878
0.087646 0.088745 -0.190430 0.170410 0.172546 -0.370251
0.062866 0.043213 -0.157471 0.122230 0.084018 -0.306169
0.047852 0.063843 -0.143555 0.093037 0.124129 -0.279112
0.049438 0.077515 -0.103271 0.096123 0.150711 -0.200790
0.042114 0.110718 -0.089478 0.081882 0.215268 -0.173970
0.002441 0.165405 -0.085571 0.004747 0.321596 -0.166376
0.021118 0.223389 -0.020508 0.041060 0.434333 -0.039873
0.021851 0.145508 0.044556 0.042484 0.282910 0.086629
0.002319 0.118164 0.026123 0.004509 0.229745 0.050791
0.002930 0.064209 -0.024780 0.005696 0.124841 -0.048180
0.024536 0.000610 -0.010132 0.047705 0.001187 -0.019699
0.066406 0.040161 0.022827 0.129113 0.078085 0.044383
0.089600 0.099243 0.043945 0.174208 0.192958 0.085443
0.025757 0.102051 -0.022461 0.050079 0.198416 -0.043671
-0.027344 0.072021 -0.094971 -0.053164 0.140031 -0.184651
-0.021973 0.043335 -0.119019 -0.042721 0.084256 -0.231407
-0.010010 0.046387 -0.095947 -0.019462 0.090189 -0.186549
0.008179 0.018677 -0.070190 0.015902 0.036313 -0.136471
0.006836 0.008301 -0.072144 0.013291 0.016139 -0.140268
0.006470 0.043945 -0.064941 0.012579 0.085443 -0.126265
0.026489 0.068115 -0.090088 0.051503 0.132436 -0.175157
0.044434 0.034180 -0.117554 0.086392 0.066455 -0.228559
0.037598 0.041748 -0.136719 0.073101 0.081170 -0.265821
0.028320 0.065552 -0.150513 0.055063 0.127452 -0.292641
0.018799 -0.010742 -0.141602 0.036550 -0.020886 -0.275315
0.017456 0.006714 -0.114258 0.033940 0.013054 -0.222151
0.030273 0.043579 -0.079346 0.058860 0.084730 -0.154271
0.032471 0.036743 -0.071045 0.063133 0.071439 -0.138132
0.045410 0.051392 -0.082886 0.088291 0.099920 -0.161154
0.040894 0.065308 -0.104370 0.079509 0.126977 -0.202926
0.027466 0.056519 -0.127563 0.053402 0.109889 -0.248021
0.025635 0.037842 -0.144165 0.049841 0.073575 -0.280299
0.012085 0.030518 -0.132690 0.023497 0.059335 -0.257989
-0.007813 0.017578 -0.115112 -0.015190 0.034177 -0.223812
-0.023438 0.012573 -0.107666 -0.045569 0.024446 -0.209334
-0.041992 0.017944 -0.110107 -0.081645 0.034889 -0.214081
-0.038818 0.001221 -0.123657 -0.075474 0.002373 -0.240426
-0.046509 0.028809 -0.132813 -0.090427 0.056012 -0.258226
-0.050415 0.028687 -0.117310 -0.098022 0.055775 -0.228084
-0.034302 0.031738 -0.121338 -0.066693 0.061708 -0.235916
