-0.510986 -0.051392 -0.217407 -0.993506 -0.099920 -0.422703
-0.297852 0.114014 -0.234863 -0.579110 0.221676 -0.456643
-0.094604 0.040527 -0.277710 -0.183939 0.078797 -0.539949
-0.045410 -0.054688 -0.246826 -0.088291 -0.106328 -0.479902
0.089722 -0.084839 -0.111938 0.174445 -0.164952 -0.217641
0.193726 -0.037964 0.215088 0.376659 -0.073813 0.418194
0.120850 0.052856 0.505493 0.234967 0.102768 0.982826
0.339844 -0.086914 0.487915 0.660755 -0.168986 0.948649
0.621826 -0.381714 0.318604 1.209011 -0.742163 0.619458
1.046875 -0.346313 0.238403 2.035430 -0.673334 0.463526
1.283569 -0.513428 -0.014893 2.495633 -0.998253 -0.028956
1.382446 -0.739014 -0.367065 2.687879 -1.436858 -0.713682
1.400757 -0.531616 -0.488770 2.723480 -1.033617 -0.950311
1.277222 -0.442383 -0.672729 2.483291 -0.860121 -1.307982
1.123779 -0.242920 -0.807739 2.184955 -0.472307 -1.570481
0.957153 -0.026123 -0.902954 1.860985 -0.050791 -1.755606
0.806274 0.158569 -0.994873 1.567633 0.308305 -1.934323
0.663818 0.055420 -1.160889 1.290656 0.107752 -2.257106
0.415649 -0.212769 -1.286743 0.808144 -0.413684 -2.501804
0.059448 -0.246704 -1.292358 0.115585 -0.479665 -2.512722
-0.331543 -0.005737 -1.147095 -0.644616 -0.011155 -2.230287
-0.697144 0.352051 -0.911499 -1.355450 0.684489 -1.772220
-1.079834 0.456177 -0.649292 -2.099512 0.886941 -1.262413
-1.411133 0.311401 -0.331665 -2.743654 0.605455 -0.644854
-1.522827 0.047974 -0.135010 -2.960820 0.093275 -0.262498
-1.328491 -0.212280 0.127441 -2.582974 -0.412735 0.247783
-0.924683 -0.239258 0.550537 -1.797853 -0.465187 1.070405
-0.448730 -0.229614 0.984253 -0.872463 -0.446437 1.913675
-0.087402 -0.360840 1.259399 -0.169936 -0.701578 2.448640
0.289185 -0.499512 1.290039 0.562259 -0.971196 2.508212
0.589600 -0.536377 1.136475 1.146354 -1.042873 2.209638
0.724243 -0.407471 0.814209 1.408140 -0.792242 1.583060
0.626221 -0.207642 0.379150 1.217556 -0.403716 0.737179
0.385010 -0.049561 -0.007690 0.748571 -0.096360 -0.014952
0.195801 -0.032104 -0.281250 0.380694 -0.062420 -0.546832
0.089600 -0.093750 -0.449097 0.174208 -0.182277 -0.873175
-0.122803 -0.141968 -0.590454 -0.238764 -0.276027 -1.148015
-0.432129 -0.154419 -0.737793 -0.840185 -0.300235 -1.434485
-0.711182 -0.131104 -0.859619 -1.382745 -0.254903 -1.671350
-0.989624 0.029175 -0.975464 -1.924118 0.056724 -1.896586
-1.218262 0.209229 -1.088989 -2.368656 0.406801 -2.117313
-1.343140 0.208374 -1.161133 -2.611455 0.405140 -2.257581
-1.259399 0.130005 -1.136963 -2.448640 0.252767 -2.210588
-1.008789 0.199341 -1.041992 -1.961380 0.387577 -2.025937
-0.676392 0.230103 -0.902710 -1.315103 0.447386 -1.755131
-0.425293 0.204468 -0.764404 -0.826894 0.397545 -1.486225
-0.223022 0.128418 -0.583374 -0.433621 0.249682 -1.134249
-0.080078 0.022827 -0.429077 -0.155695 0.044383 -0.834251
0.035278 -0.094849 -0.303223 0.068591 -0.184413 -0.589553
0.064819 -0.131348 -0.201782 0.126028 -0.255378 -0.392323
-0.001343 -0.120850 -0.153320 -0.002611 -0.234967 -0.298099
-0.048462 -0.032837 -0.140259 -0.094224 -0.063845 -0.272704
-0.047607 0.040283 -0.145630 -0.092563 0.078322 -0.283147
-0.055298 0.055542 -0.144531 -0.107515 0.107990 -0.281011
-0.067993 0.041504 -0.129883 -0.132199 0.080696 -0.252530
-0.077515 0.018066 -0.099609 -0.150711 0.035126 -0.193670
-0.098511 -0.013794 -0.072754 -0.191534 -0.026819 -0.141455
-0.116943 -0.033325 -0.050049 -0.227372 -0.064794 -0.097310
-0.099365 -0.009155 -0.041016 -0.193195 -0.017801 -0.079746
-0.073975 0.006104 -0.050781 -0.143828 0.011867 -0.098734
-0.041260 0.025146 -0.071533 -0.080221 0.048892 -0.139081
-0.009399 0.012451 -0.093140 -0.018275 0.024209 -0.181091
0.009277 0.006226 -0.104126 0.018038 0.012104 -0.202451
0.015015 0.032715 -0.106567 0.029193 0.063607 -0.207198
0.020996 0.037109 -0.119751 0.040823 0.072151 -0.232831
0.037109 0.073608 -0.137451 0.072151 0.143116 -0.267245
0.052856 0.074707 -0.158569 0.102768 0.145252 -0.308305
0.055420 0.026733 -0.165527 0.107752 0.051978 -0.321833
0.032959 0.001587 -0.155518 0.064082 0.003085 -0.302372
0.010376 0.000977 -0.132202 0.020174 0.001899 -0.257040
-0.020630 0.003906 -0.134033 -0.040111 0.007595 -0.260600
-0.032959 0.031982 -0.159912 -0.064082 0.062183 -0.310916
-0.026489 0.041138 -0.164307 -0.051503 0.079984 -0.319460
-0.034058 0.030273 -0.164185 -0.066218 0.058860 -0.319223
-0.045288 0.012939 -0.154663 -0.088053 0.025158 -0.300710
-0.066650 0.005005 -0.139771 -0.129588 0.009731 -0.271755
-0.073975 0.013184 -0.121582 -0.143828 0.025633 -0.236391
-0.060059 0.030884 -0.106812 -0.116771 0.060047 -0.207673
-0.030884 0.044067 -0.114502 -0.060047 0.085680 -0.222625
-0.005981 0.030396 -0.141357 -0.011630 0.059098 -0.274840
