-0.148560 0.560181 0.264893 -0.288843 1.089155 0.515028
-0.314087 0.397705 0.244873 -0.610677 0.773255 0.476105
-0.412109 0.120239 0.296631 -0.801261 0.233780 0.576737
-0.483398 -0.066406 0.401123 -0.939868 -0.129113 0.779900
-0.564087 0.130493 0.744995 -1.096749 0.253717 1.448488
-0.613525 0.031128 0.596558 -1.192872 0.060522 1.159882
-0.561523 -0.029663 0.204590 -1.091765 -0.057674 0.397782
-0.760864 -0.098145 -0.018188 -1.479342 -0.190822 -0.035364
-0.873291 -0.562134 0.017822 -1.697932 -1.092952 0.034652
-1.059814 -0.233032 0.006104 -2.060588 -0.453083 0.011867
-1.178589 0.139282 -0.203979 -2.291520 0.270805 -0.396596
-1.088745 0.147217 -0.372803 -2.116838 0.286232 -0.724837
-0.899292 0.408203 -0.558594 -1.748486 0.793666 -1.086069
-0.820190 0.543457 -0.959961 -1.594689 1.056639 -1.866444
-0.716309 0.502930 -1.242310 -1.392713 0.977842 -2.415412
-0.562500 0.346680 -1.389282 -1.093664 0.674046 -2.701170
-0.243286 0.115234 -1.531982 -0.473019 0.224049 -2.978621
0.270752 0.039795 -1.440063 0.526421 0.077373 -2.799903
0.929077 0.100220 -1.180420 1.806397 0.194856 -2.295081
1.420776 0.189697 -0.932983 2.762403 0.368827 -1.813992
1.635864 0.196167 -0.767822 3.180597 0.381406 -1.492870
1.766357 0.014404 -0.574585 3.434314 0.028006 -1.117161
1.864014 0.151733 -0.415405 3.624186 0.295014 -0.807669
1.844116 0.119263 -0.372192 3.585500 0.231881 -0.723651
1.567871 -0.012573 -0.252319 3.048399 -0.024446 -0.490582
1.278076 0.001709 0.069824 2.484953 0.003323 0.135759
1.096313 0.115967 0.193115 2.131553 0.225473 0.375472
0.973022 0.233765 0.288818 1.891839 0.454507 0.561547
0.769897 0.208862 0.282715 1.496905 0.406089 0.549680
0.463623 0.040527 0.305054 0.901418 0.078797 0.593113
0.255005 -0.030029 0.382935 0.495804 -0.058386 0.744536
0.095215 0.077148 0.439697 0.185125 0.149999 0.854900
-0.079102 0.203369 0.483276 -0.153797 0.395409 0.939630
-0.342163 0.203369 0.457153 -0.665265 0.395409 0.888839
-0.625366 0.050903 0.329224 -1.215894 0.098971 0.640107
-0.836914 -0.188843 0.241577 -1.627205 -0.367165 0.469696
-1.036377 -0.439819 0.309082 -2.015019 -0.855137 0.600946
-1.248047 -0.639648 0.456299 -2.426567 -1.243663 0.887178
-1.399658 -0.660645 0.524536 -2.721344 -1.284486 1.019851
-1.613525 -0.233398 0.351440 -3.137164 -0.453795 0.683303
-1.849121 0.183960 0.204468 -3.595231 0.357672 0.397545
-1.860840 0.072876 0.182617 -3.618015 0.141692 0.355061
-1.393677 0.210205 -0.257813 -2.709714 0.408700 -0.501263
-0.910767 -0.041260 -0.436157 -1.770796 -0.080221 -0.848017
-0.779175 0.161499 -0.227051 -1.514943 0.314001 -0.441453
-0.949951 0.544800 -0.041260 -1.846982 1.059250 -0.080221
-0.900757 0.714966 -0.083496 -1.751334 1.390102 -0.162341
-0.625122 0.592529 -0.259766 -1.215420 1.152050 -0.505060
-0.333740 0.256836 -0.391724 -0.648888 0.499364 -0.761625
0.024902 0.135132 -0.365967 0.048417 0.262736 -0.711546
0.155029 0.258911 -0.319580 0.301422 0.503399 -0.621357
0.142334 0.319092 -0.255981 0.276739 0.620408 -0.497703
0.118896 0.292969 -0.194824 0.231169 0.569617 -0.378795
0.120605 0.235229 -0.183228 0.234492 0.457355 -0.356248
0.108032 0.114380 -0.156128 0.210046 0.222388 -0.303558
0.089600 0.083496 -0.127197 0.174208 0.162341 -0.247309
0.095703 0.140015 -0.116211 0.186075 0.272229 -0.225948
0.134155 0.185913 -0.122803 0.260837 0.361469 -0.238764
0.160034 0.165894 -0.146362 0.311153 0.322545 -0.284571
0.181641 0.166016 -0.240845 0.353162 0.322783 -0.468272
0.183716 0.112793 -0.313843 0.357197 0.219302 -0.610202
0.148315 -0.001099 -0.300415 0.288368 -0.002136 -0.584094
0.156860 -0.028198 -0.289429 0.304982 -0.054826 -0.562734
0.147949 -0.015747 -0.366821 0.287656 -0.030617 -0.713208
0.215332 0.085815 -0.443848 0.418668 0.166850 -0.862969
0.238892 -0.026855 -0.356689 0.464475 -0.052215 -0.693508
0.112915 -0.243286 -0.178101 0.219540 -0.473019 -0.346279
-0.011353 -0.217041 -0.077515 -0.022073 -0.421991 -0.150711
-0.129150 -0.015381 0.010132 -0.251106 -0.029905 0.019699
-0.210693 0.149048 0.054932 -0.409649 0.289792 0.106803
-0.196411 0.172729 0.047729 -0.381881 0.335836 0.092800
-0.086426 0.113525 -0.008423 -0.168037 0.220726 -0.016376
-0.016968 -0.002563 -0.077637 -0.032990 -0.004984 -0.150948
-0.017822 -0.032104 -0.098877 -0.034652 -0.062420 -0.192246
-0.027222 0.028198 -0.114258 -0.052927 0.054826 -0.222151
-0.034912 0.063721 -0.121704 -0.067879 0.123892 -0.236628
-0.021484 0.085083 -0.135742 -0.041772 0.165426 -0.263922
0.001831 0.031250 -0.127563 0.003560 0.060759 -0.248021
0.013672 -0.005981 -0.121948 0.026582 -0.011630 -0.237103
0.000000 -0.013184 -0.110718 0.000000 -0.025633 -0.215268
