-0.445068 -0.172607 -0.269409 -0.865343 -0.335599 -0.523810
-0.962280 -0.170776 -0.136963 -1.870953 -0.332039 -0.266296
-1.127930 -0.206665 -0.122192 -2.193024 -0.401817 -0.237578
-1.038452 -0.156372 -0.225586 -2.019054 -0.304033 -0.438605
-0.719849 -0.092163 -0.322388 -1.399596 -0.179192 -0.626816
-0.444214 -0.036377 -0.218262 -0.863681 -0.070727 -0.424364
-0.349854 0.392944 -0.001343 -0.680217 0.763998 -0.002611
-0.472900 0.348511 0.039185 -0.919456 0.677607 0.076186
-0.830688 0.358398 0.018799 -1.615101 0.696831 0.036550
-1.461670 0.320679 -0.021851 -2.841913 0.623493 -0.042484
-2.165161 0.278076 0.045898 -4.209704 0.540661 0.089240
-2.145996 -0.031616 0.077393 -4.172442 -0.061471 0.150474
-1.066895 -0.076904 0.227417 -2.074354 -0.149524 0.442165
-0.318237 -0.189331 0.255371 -0.618746 -0.368115 0.496516
-0.054932 -0.133667 0.084595 -0.106803 -0.259888 0.164477
0.206177 0.061768 0.041138 0.400868 0.120094 0.079984
0.318726 0.365234 0.107056 0.619695 0.710122 0.208147
0.383667 0.385864 0.108765 0.745961 0.750233 0.211470
0.676025 0.232300 -0.076416 1.314391 0.451659 -0.148575
1.109009 -0.214722 -0.354492 2.156236 -0.417482 -0.689236
1.420044 -0.387817 -0.393921 2.760979 -0.754030 -0.765897
1.198364 -0.127930 -0.449707 2.329970 -0.248733 -0.874362
0.961548 -0.118164 -0.470947 1.869529 -0.229745 -0.915659
0.811157 -0.096069 -0.403809 1.577126 -0.186787 -0.785122
0.768433 -0.049683 -0.373779 1.494057 -0.096597 -0.726736
0.723755 -0.093872 -0.419067 1.407191 -0.182515 -0.814789
0.397949 0.015747 -0.418091 0.773729 0.030617 -0.812890
0.064819 0.108521 -0.424316 0.126028 0.210996 -0.824995
-0.186279 0.062988 -0.468750 -0.362181 0.122468 -0.911387
-0.453979 0.072510 -0.513672 -0.882668 0.140980 -0.998728
-0.647095 0.169067 -0.475708 -1.258141 0.328716 -0.924915
-0.826538 0.088867 -0.393799 -1.607031 0.172784 -0.765660
-0.977539 -0.110229 -0.447388 -1.900621 -0.214318 -0.869852
-1.135132 -0.139771 -0.419800 -2.207027 -0.271755 -0.816213
-1.200806 0.073242 -0.310913 -2.334716 0.142404 -0.604506
-0.826416 0.436890 -0.254395 -1.606794 0.849441 -0.494617
-0.242310 0.438110 -0.200073 -0.471120 0.851814 -0.389001
0.042969 0.220947 -0.255005 0.083544 0.429586 -0.495804
0.079224 0.186768 -0.267212 0.154034 0.363131 -0.519538
0.052002 0.194214 -0.245483 0.101107 0.377608 -0.477291
0.003906 0.144653 -0.194336 0.007595 0.281248 -0.377846
-0.028076 0.148315 -0.111694 -0.054588 0.288368 -0.217166
-0.044312 0.201050 -0.084961 -0.086155 0.390899 -0.165189
-0.076660 0.158569 -0.105347 -0.149050 0.308305 -0.204825
-0.068726 0.173340 -0.070557 -0.133623 0.337023 -0.137183
-0.046021 0.219360 -0.044678 -0.089477 0.426500 -0.086867
-0.052979 0.142822 -0.087158 -0.103006 0.277688 -0.169461
-0.059326 0.093994 -0.120361 -0.115347 0.182752 -0.234018
-0.036621 0.093262 -0.101807 -0.071202 0.181328 -0.197942
0.003784 0.051636 -0.069824 0.007358 0.100395 -0.135759
0.030151 0.007813 -0.078735 0.058623 0.015190 -0.153084
0.040771 0.001343 -0.109131 0.079272 0.002611 -0.212182
0.061646 0.010132 -0.106567 0.119857 0.019699 -0.207198
0.075806 0.053711 -0.076416 0.147388 0.104430 -0.148575
0.045044 0.057495 -0.066040 0.087579 0.111787 -0.128401
0.003296 0.013550 -0.118530 0.006408 0.026345 -0.230457
-0.018555 -0.007202 -0.145996 -0.036076 -0.014003 -0.283859
-0.004395 0.040649 -0.137573 -0.008544 0.079034 -0.267482
0.013672 0.058228 -0.103638 0.026582 0.113211 -0.201502
0.023193 0.045288 -0.100464 0.045095 0.088053 -0.195331
0.020996 0.019775 -0.114624 0.040823 0.038449 -0.222863
-0.011230 0.025024 -0.135010 -0.021835 0.048655 -0.262498
-0.034058 0.027100 -0.110596 -0.066218 0.052690 -0.215030
-0.016602 0.021118 -0.108643 -0.032278 0.041060 -0.211233
0.013306 0.016357 -0.115234 0.025870 0.031804 -0.224049
0.040405 0.044678 -0.096924 0.078560 0.086867 -0.188448
0.048462 0.050171 -0.060669 0.094224 0.097547 -0.117958
0.048096 0.036499 -0.050537 0.093512 0.070965 -0.098259
0.045898 0.032104 -0.057861 0.089240 0.062420 -0.112499
0.032715 0.014526 -0.083496 0.063607 0.028243 -0.162341
0.016968 0.018433 -0.102905 0.032990 0.035838 -0.200078
-0.004883 0.040405 -0.090576 -0.009494 0.078560 -0.176106
-0.016235 0.046875 -0.068115 -0.031566 0.091139 -0.132436
0.007568 0.052368 -0.061768 0.014715 0.101819 -0.120094
0.046143 0.074707 -0.052734 0.089715 0.145252 -0.102531
0.062622 0.086060 -0.044434 0.121756 0.167325 -0.086392
0.046387 0.054565 -0.075806 0.090189 0.106091 -0.147388
-0.000977 0.045288 -0.122314 -0.001899 0.088053 -0.237815
-0.032104 0.028198 -0.123657 -0.062420 0.054826 -0.240426
-0.030273 -0.037231 -0.046143 -0.058860 -0.072389 -0.089715
