-0.371460 -0.012817 -0.286743 -0.722227 -0.024921 -0.557512
-0.240601 -0.058838 -0.350464 -0.467798 -0.114398 -0.681404
-0.285889 -0.167603 -0.355347 -0.555851 -0.325868 -0.690898
-0.188965 -0.130859 -0.207031 -0.367403 -0.254429 -0.402529
-0.024292 -0.046509 -0.009399 -0.047231 -0.090427 -0.018275
0.247314 0.029053 0.153564 0.480851 0.056487 0.298574
0.399536 0.013916 0.288452 0.776815 0.027057 0.560835
0.819092 -0.101929 0.318115 1.592553 -0.198179 0.618509
1.049194 -0.284058 0.263428 2.039940 -0.552291 0.512180
1.120361 -0.187500 0.173340 2.178309 -0.364555 0.337023
1.416016 -0.288696 -0.002197 2.753147 -0.561310 -0.004272
1.582153 -0.008423 0.014771 3.076167 -0.016376 0.028718
1.349365 -0.001343 -0.132202 2.623559 -0.002611 -0.257040
1.163574 -0.521851 -0.362549 2.262328 -1.014630 -0.704901
0.952637 -0.470703 -0.614380 1.852204 -0.915184 -1.194534
0.722534 -0.225220 -0.658447 1.404817 -0.437893 -1.280213
0.537354 -0.225098 -0.699097 1.044772 -0.437655 -1.359248
0.247314 -0.245728 -0.894409 0.480851 -0.477766 -1.738992
-0.120483 -0.154053 -1.087158 -0.234255 -0.299523 -2.113753
-0.359619 -0.035278 -1.156494 -0.699205 -0.068591 -2.248562
-0.612305 0.108643 -1.188721 -1.190499 0.211233 -2.311220
-0.930176 0.119873 -1.193359 -1.808533 0.233068 -2.320239
-1.180298 0.317017 -1.041504 -2.294843 0.616373 -2.024987
-1.310669 0.444946 -0.602417 -2.548323 0.865105 -1.171274
-1.344360 0.312744 0.022949 -2.613829 0.608066 0.044620
-1.220459 -0.007813 0.757568 -2.372928 -0.015190 1.472934
-0.813110 -0.294800 1.245361 -1.580924 -0.573177 2.421345
-0.223389 -0.388916 1.344482 -0.434333 -0.756166 2.614066
0.309204 -0.400513 1.173096 0.601183 -0.778713 2.280840
0.516968 -0.295776 1.018799 1.005136 -0.575076 1.980842
0.561523 -0.133301 0.850830 1.091765 -0.259176 1.654262
0.656616 -0.186768 0.562866 1.276653 -0.363131 1.094376
0.593018 -0.243652 0.177002 1.152999 -0.473731 0.344143
0.406616 -0.261230 -0.151978 0.790581 -0.507908 -0.295489
0.223877 -0.315552 -0.351318 0.435282 -0.613525 -0.683065
-0.039185 -0.293945 -0.424194 -0.076186 -0.571515 -0.824758
-0.419678 -0.262207 -0.482544 -0.815976 -0.509807 -0.938206
-0.821533 -0.127686 -0.648804 -1.597300 -0.248258 -1.261464
-1.067993 -0.062622 -0.846680 -2.076490 -0.121756 -1.646192
-1.011597 0.183960 -0.973755 -1.966839 0.357672 -1.893263
-0.902710 0.598145 -0.861084 -1.755131 1.162967 -1.674198
-0.612305 0.545532 -0.648926 -1.190499 1.060674 -1.261701
-0.247314 0.214844 -0.487793 -0.480851 0.417719 -0.948412
-0.100220 0.146851 -0.416992 -0.194856 0.285520 -0.810754
0.021240 0.066650 -0.357910 0.041297 0.129588 -0.695882
0.112671 0.030640 -0.251587 0.219065 0.059572 -0.489158
0.101685 0.109619 -0.164795 0.197704 0.213132 -0.320409
0.057617 0.087769 -0.123901 0.112025 0.170648 -0.240900
0.027100 0.036743 -0.104248 0.052690 0.071439 -0.202689
0.019775 0.005005 -0.083740 0.038449 0.009731 -0.162815
0.038330 -0.054199 -0.038086 0.074525 -0.105379 -0.074050
0.047729 -0.080688 0.030518 0.092800 -0.156882 0.059335
0.034302 -0.073120 0.076416 0.066693 -0.142167 0.148575
0.000977 -0.052002 0.098877 0.001899 -0.101107 0.192246
-0.046509 0.023193 0.083008 -0.090427 0.045095 0.161391
-0.077881 0.072266 0.027466 -0.151423 0.140505 0.053402
-0.081787 0.088501 -0.019165 -0.159018 0.172072 -0.037262
-0.094849 0.104370 -0.055542 -0.184413 0.202926 -0.107990
-0.109375 0.130127 -0.067627 -0.212657 0.253005 -0.131487
-0.083740 0.126099 -0.060791 -0.162815 0.245173 -0.118195
-0.055420 0.098267 -0.067627 -0.107752 0.191059 -0.131487
-0.050171 0.074219 -0.074341 -0.097547 0.144303 -0.144540
-0.055298 0.087891 -0.110718 -0.107515 0.170885 -0.215268
0.068237 0.054932 -0.115601 0.132673 0.106803 -0.224761
0.153076 0.008545 -0.111450 0.297625 0.016614 -0.216692
-0.011475 0.031128 -0.160400 -0.022310 0.060522 -0.311865
-0.039917 0.036011 -0.142334 -0.077610 0.070015 -0.276739
0.025146 0.010620 -0.117188 0.048892 0.020649 -0.227847
0.004517 -0.011719 -0.140991 0.008782 -0.022785 -0.274128
-0.064941 -0.032471 -0.180176 -0.126265 -0.063133 -0.350314
-0.050293 -0.019043 -0.172119 -0.097784 -0.037025 -0.334650
-0.046631 0.034790 -0.107788 -0.090664 0.067642 -0.209571
-0.044312 0.079834 -0.100342 -0.086155 0.155221 -0.195094
-0.030396 0.041748 -0.140503 -0.059098 0.081170 -0.273179
-0.006104 -0.014404 -0.170532 -0.011867 -0.028006 -0.331564
-0.007813 -0.013794 -0.147949 -0.015190 -0.026819 -0.287656
-0.017578 -0.004028 -0.115845 -0.034177 -0.007832 -0.225236
-0.029297 0.021484 -0.116943 -0.056962 0.041772 -0.227372
-0.042114 0.044678 -0.129028 -0.081882 0.086867 -0.250869
-0.033691 0.001343 -0.143311 -0.065506 0.002611 -0.278637
