0.043457 0.023071 -0.295898 0.084493 0.044857 -0.575313
0.189209 -0.046997 -0.270264 0.367877 -0.091376 -0.525471
-0.028564 0.019531 -0.267578 -0.055538 0.037974 -0.520250
-0.374512 -0.006470 -0.270874 -0.728160 -0.012579 -0.526658
-0.459961 -0.035278 -0.153931 -0.894298 -0.068591 -0.299286
-0.456299 0.250122 -0.038818 -0.887178 0.486310 -0.075474
-0.869751 0.258301 -0.026733 -1.691050 0.502212 -0.051978
-1.246826 0.019043 -0.105347 -2.424194 0.037025 -0.204825
-1.413818 0.183594 -0.232666 -2.748875 0.356960 -0.452371
-1.715698 0.288940 -0.378174 -3.335818 0.561784 -0.735280
-1.819824 0.240845 -0.559570 -3.538269 0.468272 -1.087968
-2.047607 0.061157 -0.901733 -3.981146 0.118907 -1.753233
-1.910889 0.102173 -0.971313 -3.715325 0.198654 -1.888517
-1.239502 -0.349365 -0.697266 -2.409953 -0.679268 -1.355688
-0.731689 -0.299683 -0.242065 -1.422618 -0.582670 -0.470646
-0.213013 -0.171143 -0.180786 -0.414159 -0.332751 -0.351501
0.360352 -0.192383 -0.329590 0.700629 -0.374048 -0.640819
0.746094 -0.271484 -0.464722 1.450624 -0.527845 -0.903554
1.083130 -0.261963 -0.523682 2.105920 -0.509332 -1.018190
1.277954 -0.128174 -0.512085 2.484715 -0.249207 -0.995642
1.328735 -0.100464 -0.440796 2.583449 -0.195331 -0.857036
1.394287 -0.066040 -0.406250 2.710901 -0.128401 -0.789868
1.398193 -0.023682 -0.415039 2.718496 -0.046044 -0.806957
1.298096 -0.130249 -0.460815 2.523877 -0.253242 -0.895960
1.072998 -0.207764 -0.441650 2.086221 -0.403953 -0.858697
0.872192 -0.094238 -0.384766 1.695796 -0.183227 -0.748097
0.838379 0.174072 -0.295898 1.630053 0.338447 -0.575313
0.485962 0.055664 -0.310547 0.944852 0.108227 -0.603794
0.164063 -0.055664 -0.368286 0.318985 -0.108227 -0.716056
-0.038574 -0.056152 -0.372192 -0.075000 -0.109177 -0.723651
-0.263794 -0.088135 -0.365112 -0.512892 -0.171360 -0.709885
-0.539917 -0.111694 -0.370361 -1.049756 -0.217166 -0.720090
-0.814697 -0.081665 -0.369751 -1.584009 -0.158781 -0.718904
-1.024170 -0.060181 -0.374390 -1.991285 -0.117009 -0.727923
-1.172729 -0.021606 -0.355225 -2.280128 -0.042009 -0.690660
-1.381348 0.189087 -0.324951 -2.685743 0.367640 -0.631800
-1.562622 0.259277 -0.336670 -3.038193 0.504111 -0.654585
-1.639282 0.185303 -0.386475 -3.187243 0.360283 -0.751419
-1.645142 0.301514 -0.424438 -3.198635 0.586231 -0.825232
-1.665405 0.502441 -0.450439 -3.238034 0.976893 -0.875786
-1.512451 0.628296 -0.411377 -2.940646 1.221590 -0.799837
-1.264526 0.633423 -0.341797 -2.458608 1.231559 -0.664553
-0.883301 0.477783 -0.208740 -1.717394 0.928950 -0.405852
-0.485107 0.202759 -0.110840 -0.943190 0.394222 -0.215505
-0.068481 0.044800 -0.154175 -0.133148 0.087104 -0.299761
0.317139 -0.016724 -0.252197 0.616610 -0.032516 -0.490345
0.586914 0.099854 -0.282471 1.141132 0.194144 -0.549205
0.858276 0.258301 -0.293213 1.668740 0.502212 -0.570091
1.202759 0.140991 -0.358276 2.338514 0.274128 -0.696594
1.407593 0.107788 -0.385986 2.736771 0.209571 -0.750470
1.458496 0.051392 -0.357910 2.835742 0.099920 -0.695882
1.396606 -0.000732 -0.322021 2.715410 -0.001424 -0.626104
1.270020 -0.077393 -0.262573 2.469288 -0.150474 -0.510519
1.138672 -0.114624 -0.237793 2.213910 -0.222863 -0.462339
1.030029 -0.151001 -0.227173 2.002677 -0.293590 -0.441690
0.772583 -0.177124 -0.159058 1.502127 -0.344381 -0.309254
0.579834 -0.130981 -0.068970 1.127366 -0.254666 -0.134097
0.454956 -0.162354 -0.036255 0.884567 -0.315663 -0.070490
0.383179 -0.235352 -0.039917 0.745011 -0.457592 -0.077610
0.299316 -0.204346 -0.063599 0.581958 -0.397308 -0.123654
0.205322 -0.202515 -0.069580 0.399206 -0.393748 -0.135284
0.146484 -0.174927 -0.042725 0.284808 -0.340109 -0.083069
0.135620 -0.133545 -0.012939 0.263685 -0.259650 -0.025158
0.118652 -0.083618 -0.011719 0.230695 -0.162578 -0.022785
0.107666 -0.029175 -0.037476 0.209334 -0.056724 -0.072863
0.096558 -0.046997 -0.095459 0.187736 -0.091376 -0.185600
0.065430 -0.025879 -0.119263 0.127214 -0.050316 -0.231881
0.000122 -0.003296 -0.107666 0.000237 -0.006408 -0.209334
-0.029541 0.061035 -0.086426 -0.057436 0.118670 -0.168037
-0.037109 0.148804 -0.069946 -0.072151 0.289318 -0.135996
-0.044556 0.138306 -0.096924 -0.086629 0.268907 -0.188448
-0.043823 0.061768 -0.146484 -0.085205 0.120094 -0.284808
-0.025024 0.036499 -0.131104 -0.048655 0.070965 -0.254903
-0.014771 0.035400 -0.086182 -0.028718 0.068829 -0.167562
-0.031006 0.042358 -0.092773 -0.060284 0.082357 -0.180379
-0.009277 0.026978 -0.106934 -0.018038 0.052452 -0.207910
-0.002319 -0.003662 -0.108154 -0.004509 -0.007120 -0.210283
-0.013428 0.007446 -0.089966 -0.026107 0.014478 -0.174920
-0.038818 0.025391 -0.094727 -0.075474 0.049367 -0.184176
-0.038818 0.010010 -0.108887 -0.075474 0.019462 -0.211708
