0.322510 0.034546 -0.284302 0.627053 0.067167 -0.552766
0.375366 0.133179 -0.285156 0.729821 0.258938 -0.554427
0.141846 -0.090942 -0.411987 0.275789 -0.176819 -0.801023
-0.173096 -0.214111 -0.400024 -0.336549 -0.416295 -0.777764
-0.282471 -0.341797 -0.219727 -0.549205 -0.664553 -0.427213
-0.326172 -0.524536 -0.243408 -0.634173 -1.019851 -0.473257
-0.455444 -0.451172 -0.209839 -0.885517 -0.877210 -0.407988
-0.910278 -0.149658 -0.136963 -1.769847 -0.290979 -0.266296
-1.391846 0.146484 -0.061890 -2.706154 0.284808 -0.120332
-1.671021 0.680908 0.024780 -3.248951 1.323884 0.048180
-1.555664 0.609375 0.209839 -3.024665 1.184803 0.407988
-1.207642 0.418335 0.307129 -2.348007 0.813365 0.597148
-1.353760 0.054932 0.165649 -2.632104 0.106803 0.322071
-1.239014 0.174438 0.093994 -2.409004 0.339159 0.182752
-0.664429 0.364136 0.185425 -1.291843 0.707986 0.360520
-0.363403 0.150757 0.229614 -0.706562 0.293115 0.446437
-0.055176 -0.162720 0.197632 -0.107278 -0.316375 0.384254
0.327393 -0.399292 0.201904 0.636547 -0.776340 0.392561
0.694214 -0.337769 0.153076 1.349754 -0.656721 0.297625
0.814087 -0.324097 0.056274 1.582822 -0.630138 0.109414
0.839478 -0.224487 0.038818 1.632189 -0.436469 0.075474
0.876099 -0.235107 -0.114624 1.703391 -0.457117 -0.222863
1.047363 -0.444702 -0.306152 2.036380 -0.864631 -0.595249
1.081665 -0.567993 -0.328857 2.103072 -1.104344 -0.639395
1.017334 -0.490112 -0.427124 1.977994 -0.952921 -0.830454
0.884766 -0.345093 -0.421265 1.720242 -0.670961 -0.819061
0.616211 -0.150269 -0.402222 1.198094 -0.292166 -0.782036
0.320923 -0.070435 -0.479614 0.623968 -0.136945 -0.932510
0.169312 -0.126587 -0.621094 0.329191 -0.246122 -1.207587
0.097168 -0.048584 -0.675659 0.188923 -0.094461 -1.313679
-0.056396 0.063477 -0.680542 -0.109651 0.123417 -1.323172
-0.269165 0.022827 -0.685669 -0.523335 0.044383 -1.333140
-0.571289 -0.142090 -0.691284 -1.110753 -0.276264 -1.344058
-0.925049 -0.135376 -0.692383 -1.798565 -0.263210 -1.346194
-1.200928 0.126099 -0.677612 -2.334954 0.245173 -1.317476
-1.432983 0.256958 -0.616699 -2.786138 0.499601 -1.199043
-1.650024 0.336670 -0.547241 -3.208129 0.654585 -1.063997
-1.442017 0.528931 -0.420654 -2.803701 1.028395 -0.817875
-0.938599 0.613159 -0.458740 -1.824909 1.192160 -0.891925
-0.588257 0.369751 -0.287598 -1.143743 0.718904 -0.559174
-0.440186 0.198608 -0.075928 -0.855849 0.386153 -0.147626
-0.306763 0.116699 -0.008057 -0.596436 0.226897 -0.015664
-0.176270 0.033691 -0.010742 -0.342719 0.065506 -0.020886
-0.115601 -0.004028 -0.037476 -0.224761 -0.007832 -0.072863
-0.141357 0.034668 -0.131714 -0.274840 0.067405 -0.256090
-0.078613 -0.036255 -0.107300 -0.152847 -0.070490 -0.208622
0.000732 -0.080322 -0.106934 0.001424 -0.156170 -0.207910
0.079834 -0.093872 -0.099731 0.155221 -0.182515 -0.193907
0.124878 -0.133057 -0.085938 0.242799 -0.258701 -0.167088
0.121948 -0.103394 -0.080078 0.237103 -0.201027 -0.155695
0.065552 -0.065796 -0.092285 0.127452 -0.127926 -0.179429
-0.010864 -0.073242 -0.108276 -0.021123 -0.142404 -0.210521
-0.037231 -0.050415 -0.100586 -0.072389 -0.098022 -0.195568
-0.029907 -0.035767 -0.078369 -0.058148 -0.069541 -0.152372
-0.010010 -0.046875 -0.079590 -0.019462 -0.091139 -0.154746
0.011108 -0.053467 -0.106445 0.021598 -0.103955 -0.206961
0.023804 -0.044922 -0.126953 0.046281 -0.087341 -0.246834
-0.000488 -0.021973 -0.121338 -0.000949 -0.042721 -0.235916
-0.013550 0.008789 -0.098755 -0.026345 0.017089 -0.192008
-0.000366 0.000610 -0.087036 -0.000712 0.001187 -0.169224
-0.014648 -0.013794 -0.099854 -0.028481 -0.026819 -0.194144
-0.026611 -0.025391 -0.119995 -0.051740 -0.049367 -0.233305
-0.011353 -0.080933 -0.120972 -0.022073 -0.157357 -0.235204
-0.014404 -0.061646 -0.109619 -0.028006 -0.119857 -0.213132
-0.021606 0.017578 -0.098633 -0.042009 0.034177 -0.191771
-0.026855 0.003784 -0.095215 -0.052215 0.007358 -0.185125
-0.019531 -0.018311 -0.107178 -0.037974 -0.035601 -0.208385
0.015137 -0.037109 -0.106323 0.029430 -0.072151 -0.206723
0.073853 -0.051880 -0.097046 0.143591 -0.100870 -0.188686
0.098633 -0.059204 -0.097046 0.191771 -0.115110 -0.188686
0.047119 -0.036133 -0.086792 0.091613 -0.070253 -0.168749
0.034912 0.031128 -0.084717 0.067879 0.060522 -0.164714
0.059448 0.024902 -0.097046 0.115585 0.048417 -0.188686
0.062012 0.026367 -0.118652 0.120569 0.051266 -0.230695
0.050171 0.003052 -0.106323 0.097547 0.005934 -0.206723
0.033936 -0.040649 -0.097046 0.065981 -0.079034 -0.188686
0.013672 -0.070068 -0.105469 0.026582 -0.136233 -0.205062
-0.038330 -0.023071 -0.112915 -0.074525 -0.044857 -0.219540
-0.043701 0.011841 -0.100098 -0.084968 0.023022 -0.194619
-0.003052 -0.010864 -0.104614 -0.005934 -0.021123 -0.203401
