-0.332153 -0.174683 -0.346191 -0.645803 -0.339634 -0.673097
-0.297363 -0.111328 -0.308105 -0.578161 -0.216454 -0.599047
-0.155151 -0.128418 -0.161255 -0.301659 -0.249682 -0.313527
0.019287 -0.042358 0.153198 0.037500 -0.082357 0.297862
0.086304 -0.024292 0.472656 0.167800 -0.047231 0.918982
0.262329 -0.132202 0.537720 0.510044 -0.257040 1.045484
0.550415 -0.456299 0.382446 1.070167 -0.887178 0.743587
0.934326 -0.430542 0.264282 1.816603 -0.837099 0.513842
1.171509 -0.389526 0.085938 2.277755 -0.757353 0.167088
1.302612 -0.314209 -0.144043 2.532658 -0.610914 -0.280062
1.384155 -0.201172 -0.320801 2.691201 -0.391137 -0.623730
1.035767 -0.231812 -0.565796 2.013832 -0.450709 -1.100072
0.846680 -0.426270 -0.726074 1.646192 -0.828792 -1.411700
0.867432 -0.360596 -0.756958 1.686540 -0.701103 -1.471747
0.600464 -0.223022 -0.838013 1.167477 -0.433621 -1.629341
0.196655 -0.097778 -0.929321 0.382355 -0.190110 -1.806872
-0.088135 -0.098877 -0.996582 -0.171360 -0.192246 -1.937646
-0.330566 0.118530 -1.003540 -0.642717 0.230457 -1.951174
-0.637573 0.269531 -1.040161 -1.239628 0.524047 -2.022377
-0.907959 0.315796 -1.077515 -1.765337 0.613999 -2.095003
-1.144043 0.261230 -1.094238 -2.224353 0.507908 -2.127518
-1.379028 0.404297 -1.008545 -2.681233 0.786071 -1.960905
-1.371704 0.361450 -0.526245 -2.666993 0.702765 -1.023174
-1.276611 0.102051 0.332642 -2.482105 0.198416 0.646752
-0.915405 -0.076416 1.120239 -1.779815 -0.148575 2.178072
-0.352905 -0.254761 1.393311 -0.686151 -0.495329 2.709002
0.127197 -0.399170 1.277466 0.247309 -0.776103 2.483766
0.455566 -0.401855 1.149902 0.885754 -0.781324 2.235745
0.654541 -0.320313 1.014893 1.272619 -0.622781 1.973247
0.744263 -0.301514 0.718140 1.447064 -0.586231 1.396273
0.715820 -0.332153 0.348267 1.391763 -0.645803 0.677132
0.676147 -0.419800 -0.070435 1.314628 -0.816213 -0.136945
0.622070 -0.338501 -0.319092 1.209486 -0.658145 -0.620408
0.398071 -0.200928 -0.338867 0.773967 -0.390662 -0.658857
0.012451 -0.170654 -0.274170 0.024209 -0.331802 -0.533066
-0.423218 -0.171143 -0.290894 -0.822859 -0.332751 -0.565582
-0.753296 0.009033 -0.338745 -1.464627 0.017563 -0.658619
-0.969238 0.146729 -0.489502 -1.884482 0.285283 -0.951735
-1.029663 0.207031 -0.761353 -2.001965 0.402529 -1.480291
-0.939331 0.304077 -0.926758 -1.826334 0.591215 -1.801887
-0.795898 0.366821 -0.990967 -1.547459 0.713208 -1.926728
-0.546631 0.348755 -0.946289 -1.062810 0.678081 -1.839862
-0.295288 0.268311 -0.803833 -0.574126 0.521674 -1.562886
-0.126709 0.254395 -0.573242 -0.246359 0.494617 -1.114550
-0.048706 0.292114 -0.370239 -0.094699 0.567955 -0.719853
0.062256 0.196899 -0.246338 0.121044 0.382830 -0.478953
0.141968 0.070801 -0.216553 0.276027 0.137657 -0.421042
0.115112 0.054077 -0.205688 0.223812 0.105142 -0.399918
0.082642 0.008545 -0.170776 0.160679 0.016614 -0.332039
0.006104 0.031006 -0.108276 0.011867 0.060284 -0.210521
-0.053467 0.043091 -0.069702 -0.103955 0.083781 -0.135521
-0.032715 0.006958 -0.054077 -0.063607 0.013528 -0.105142
-0.036621 0.052979 -0.046387 -0.071202 0.103006 -0.090189
-0.037964 0.068604 -0.067261 -0.073813 0.133385 -0.130774
-0.035767 0.066772 -0.068848 -0.069541 0.129825 -0.133860
-0.008423 0.044312 -0.063354 -0.016376 0.086155 -0.123180
-0.017700 0.032227 -0.055054 -0.034414 0.062658 -0.107040
-0.028320 0.022705 -0.083862 -0.055063 0.044145 -0.163053
-0.029663 0.010010 -0.106323 -0.057674 0.019462 -0.206723
-0.031006 -0.017944 -0.100220 -0.060284 -0.034889 -0.194856
-0.009644 -0.010254 -0.067749 -0.018750 -0.019937 -0.131724
0.008911 0.034180 -0.039063 0.017326 0.066455 -0.075949
-0.001709 0.072876 -0.038208 -0.003323 0.141692 -0.074288
-0.041626 0.121704 -0.109497 -0.080933 0.236628 -0.212894
0.055420 0.047852 -0.089355 0.107752 0.093037 -0.173733
0.141602 -0.092896 -0.060669 0.275315 -0.180616 -0.117958
0.009644 -0.009033 -0.022461 0.018750 -0.017563 -0.043671
-0.002563 -0.041626 -0.000610 -0.004984 -0.080933 -0.001187
0.050903 -0.148193 -0.053223 0.098971 -0.288131 -0.103480
0.010986 -0.104858 -0.111084 0.021361 -0.203875 -0.215980
-0.033691 -0.090332 -0.107910 -0.065506 -0.175632 -0.209809
-0.037720 -0.122925 -0.053955 -0.073338 -0.239002 -0.104904
-0.034424 -0.125366 -0.029663 -0.066930 -0.243748 -0.057674
-0.013062 -0.121216 -0.060303 -0.025395 -0.235679 -0.117246
0.011597 -0.065186 -0.107178 0.022547 -0.126740 -0.208385
0.031006 -0.017822 -0.121704 0.060284 -0.034652 -0.236628
0.012451 0.000366 -0.115723 0.024209 0.000712 -0.224999
-0.008545 0.035034 -0.092896 -0.016614 0.068117 -0.180616
-0.021484 0.062500 -0.082397 -0.041772 0.121518 -0.160205
-0.001587 0.076660 -0.090454 -0.003085 0.149050 -0.175869
