-0.090088 0.063599 -0.306274 -0.175157 0.123654 -0.595487
-0.047729 0.011108 -0.274902 -0.092800 0.021598 -0.534490
-0.073853 -0.057983 -0.232300 -0.143591 -0.112737 -0.451659
-0.109619 -0.144775 -0.211060 -0.213132 -0.281486 -0.410361
-0.156128 -0.109619 -0.146240 -0.303558 -0.213132 -0.284334
-0.334961 -0.318359 -0.238647 -0.651262 -0.618983 -0.464000
-0.654297 -0.315063 -0.376831 -1.272144 -0.612575 -0.732669
-1.027588 -0.390625 -0.427734 -1.997931 -0.759489 -0.831640
-1.251465 -0.583374 -0.469360 -2.433213 -1.134249 -0.912573
-1.632813 -0.477539 -0.444458 -3.174664 -0.928475 -0.864156
-1.663818 -0.490112 -0.498657 -3.234948 -0.952921 -0.969535
-1.238647 -0.920654 -0.795532 -2.408292 -1.790020 -1.546747
-0.563110 -0.922729 -0.974121 -1.094851 -1.794055 -1.893975
0.331421 -0.602661 -0.589111 0.644379 -1.171749 -1.145404
0.857300 -0.273071 -0.167969 1.666841 -0.530930 -0.326580
1.110596 0.008057 -0.178467 2.159322 0.015664 -0.346992
1.219849 0.234131 -0.282471 2.371742 0.455219 -0.549205
1.364746 0.295776 -0.240723 2.653464 0.575076 -0.468035
1.339233 0.072266 -0.285278 2.603860 0.140505 -0.554664
1.195801 -0.006226 -0.452759 2.324986 -0.012104 -0.880295
1.063354 -0.026978 -0.428345 2.067471 -0.052452 -0.832827
0.762451 0.040527 -0.340820 1.482427 0.078797 -0.662654
0.469971 0.062378 -0.253540 0.913760 0.121281 -0.492956
0.189209 0.054810 -0.253296 0.367877 0.106566 -0.492481
-0.115356 0.151123 -0.269775 -0.224287 0.293827 -0.524522
-0.367798 0.226074 -0.171021 -0.715106 0.439554 -0.332514
-0.668579 0.045532 -0.066040 -1.299913 0.088528 -0.128401
-0.973877 -0.014893 -0.019531 -1.893501 -0.028956 -0.037974
-1.338135 0.215820 0.077148 -2.601724 0.419618 0.149999
-1.888428 0.459351 0.098755 -3.671654 0.893111 0.192008
-1.881104 0.432007 0.071411 -3.657414 0.839947 0.138844
-1.647583 0.482910 -0.067627 -3.203382 0.938918 -0.131487
-1.311035 0.735474 0.038574 -2.549035 1.429975 0.075000
-0.996094 1.007690 -0.153809 -1.936697 1.959244 -0.299049
-0.647095 0.743530 -0.295654 -1.258141 1.445640 -0.574838
-0.151001 0.150513 -0.402954 -0.293590 0.292641 -0.783460
0.200562 -0.020752 -0.405884 0.389950 -0.040348 -0.789156
0.413696 0.066528 -0.359863 0.804346 0.129350 -0.699679
0.541870 0.031494 -0.312622 1.053554 0.061234 -0.607828
0.726440 -0.039429 -0.315674 1.412412 -0.076661 -0.613762
0.825928 -0.032104 -0.333008 1.605844 -0.062420 -0.647464
0.829590 -0.015381 -0.327881 1.612965 -0.029905 -0.637496
0.801758 -0.063354 -0.308472 1.558851 -0.123180 -0.599759
0.780518 -0.164795 -0.265747 1.517554 -0.320409 -0.516690
0.771973 -0.281982 -0.269165 1.500940 -0.548256 -0.523335
0.661133 -0.250610 -0.339478 1.285435 -0.487260 -0.660043
0.448853 -0.141602 -0.380615 0.872700 -0.275315 -0.740027
0.271118 0.020630 -0.307983 0.527133 0.040111 -0.598810
-0.087036 0.099854 -0.157227 -0.169224 0.194144 -0.305694
-0.234497 0.152100 -0.143311 -0.455931 0.295726 -0.278637
-0.117554 0.106812 -0.160034 -0.228559 0.207673 -0.311153
-0.098022 0.032349 -0.159546 -0.190584 0.062895 -0.310204
-0.071899 -0.015503 -0.175049 -0.139793 -0.030142 -0.340346
-0.070679 0.017578 -0.143677 -0.137420 0.034177 -0.279350
-0.081421 0.083496 -0.141846 -0.158306 0.162341 -0.275789
-0.110352 0.150635 -0.176270 -0.214556 0.292878 -0.342719
-0.129517 0.122559 -0.164307 -0.251818 0.238290 -0.319460
-0.133545 0.068604 -0.149048 -0.259650 0.133385 -0.289792
-0.132202 0.091675 -0.146118 -0.257040 0.178243 -0.284096
-0.088257 0.070923 -0.171509 -0.171597 0.137895 -0.333463
-0.046143 0.005859 -0.177124 -0.089715 0.011392 -0.344381
-0.049316 0.010498 -0.164063 -0.095885 0.020411 -0.318985
-0.077759 0.035400 -0.127930 -0.151186 0.068829 -0.248733
-0.082886 0.013306 -0.127930 -0.161154 0.025870 -0.248733
-0.079712 0.015869 -0.153931 -0.154983 0.030854 -0.299286
-0.084717 0.030273 -0.118042 -0.164714 0.058860 -0.229508
-0.074585 0.022217 -0.090210 -0.145015 0.043196 -0.175394
-0.046021 0.014404 -0.074585 -0.089477 0.028006 -0.145015
-0.009033 -0.008911 -0.108154 -0.017563 -0.017326 -0.210283
-0.007446 0.001831 -0.138916 -0.014478 0.003560 -0.270093
-0.022095 0.016846 -0.099731 -0.042959 0.032753 -0.193907
-0.050415 0.022339 -0.073975 -0.098022 0.043433 -0.143828
-0.062012 -0.009888 -0.063843 -0.120569 -0.019225 -0.124129
-0.043457 0.009155 -0.066650 -0.084493 0.017801 -0.129588
-0.041382 -0.000488 -0.129272 -0.080458 -0.000949 -0.251343
-0.036621 -0.002075 -0.124390 -0.071202 -0.004035 -0.241850
-0.039673 -0.000610 -0.092407 -0.077136 -0.001187 -0.179667
-0.041504 -0.000488 -0.103882 -0.080696 -0.000949 -0.201977
-0.023193 0.016235 -0.122437 -0.045095 0.031566 -0.238052
-0.018799 0.055664 -0.163940 -0.036550 0.108227 -0.318748
