-0.099976 0.532227 0.099121 -0.194382 1.034804 0.192720
-0.161865 0.350708 -0.248047 -0.314713 0.681879 -0.482275
-0.276733 0.015991 -0.424927 -0.538050 0.031092 -0.826182
-0.366699 0.053589 -0.134521 -0.712970 0.104192 -0.261549
-0.261230 0.043579 -0.137573 -0.507908 0.084730 -0.267482
0.090576 -0.141846 -0.214233 0.176106 -0.275789 -0.416532
0.382935 -0.324097 -0.253052 0.744536 -0.630138 -0.492006
0.584351 -0.334961 -0.185547 1.136148 -0.651262 -0.360757
0.664917 -0.314819 -0.146851 1.292793 -0.612101 -0.285520
0.704712 -0.256958 -0.081421 1.370165 -0.499601 -0.158306
0.874146 -0.296631 -0.094971 1.699594 -0.576737 -0.184651
1.243286 -0.324463 -0.049438 2.417311 -0.630850 -0.096123
1.344971 -0.444580 -0.041626 2.615015 -0.864393 -0.080933
1.203125 -0.460571 -0.220581 2.339226 -0.895485 -0.428874
1.081665 -0.091064 -0.259033 2.103072 -0.177056 -0.503636
1.186768 -0.124390 -0.327515 2.307422 -0.241850 -0.636784
0.887451 -0.355591 -0.527710 1.725464 -0.691372 -1.026022
0.563354 -0.165283 -0.660645 1.095325 -0.321359 -1.284486
0.423828 0.125244 -0.870972 0.824045 0.243511 -1.693423
0.097778 -0.024048 -0.944214 0.190110 -0.046756 -1.835827
-0.199097 0.007813 -1.106567 -0.387102 0.015190 -2.151490
-0.400269 0.030273 -1.162109 -0.778239 0.058860 -2.259480
-0.749390 0.172974 -1.074585 -1.457032 0.336311 -2.089307
-1.105957 0.253784 -0.930298 -2.150303 0.493430 -1.808770
-1.419067 -0.007080 -0.645874 -2.759081 -0.013766 -1.255767
-1.510010 -0.097290 -0.221802 -2.935899 -0.189160 -0.431247
-1.156982 -0.060547 0.332520 -2.249511 -0.117721 0.646515
-0.735352 -0.219116 0.792358 -1.429738 -0.426026 1.540576
-0.481323 -0.262329 1.004395 -0.935833 -0.510044 1.952836
-0.070679 -0.083496 1.077515 -0.137420 -0.162341 2.095003
0.331299 0.123779 1.040649 0.644142 0.240663 2.023326
0.533691 0.221558 0.964478 1.037652 0.430773 1.875226
0.737671 0.066040 0.788940 1.434247 0.128401 1.533930
0.574463 -0.226318 0.442383 1.116923 -0.440029 0.860121
0.172974 -0.213501 0.096313 0.336311 -0.415108 0.187261
-0.141479 0.003418 0.015747 -0.275077 0.006646 0.030617
-0.378662 0.065308 -0.048462 -0.736230 0.126977 -0.094224
-0.552368 -0.090820 -0.252319 -1.073965 -0.176581 -0.490582
-0.666504 -0.253784 -0.489990 -1.295878 -0.493430 -0.952684
-0.733032 -0.178467 -0.667847 -1.425228 -0.346992 -1.298489
-0.835571 0.196411 -0.843140 -1.624594 0.381881 -1.639309
-0.930176 0.508423 -1.016479 -1.808533 0.988522 -1.976333
-0.843384 0.389404 -1.027100 -1.639784 0.757115 -1.996981
-0.577026 0.192749 -0.938599 -1.121907 0.374760 -1.824909
-0.078491 0.026245 -0.794189 -0.152610 0.051028 -1.544136
-0.063721 0.170776 -0.692749 -0.123892 0.332039 -1.346906
-0.189941 0.149658 -0.435913 -0.369301 0.290979 -0.847542
-0.116577 0.051147 -0.105347 -0.226660 0.099446 -0.204825
0.011230 -0.075684 0.028931 0.021835 -0.147151 0.056250
0.116577 -0.091675 0.059570 0.226660 -0.178243 0.115822
0.071045 -0.065796 0.068115 0.138132 -0.127926 0.132436
0.028198 -0.022095 0.043701 0.054826 -0.042959 0.084968
-0.010864 -0.048340 0.071899 -0.021123 -0.093987 0.139793
-0.039063 -0.064575 0.114746 -0.075949 -0.125553 0.223100
-0.054321 0.006226 0.100586 -0.105616 0.012104 0.195568
-0.035522 -0.020996 0.050171 -0.069066 -0.040823 0.097547
0.038208 -0.076782 -0.047729 0.074288 -0.149287 -0.092800
0.108887 -0.087769 -0.160034 0.211708 -0.170648 -0.311153
0.063232 -0.055420 -0.190552 0.122942 -0.107752 -0.370488
-0.080688 0.070801 -0.184204 -0.156882 0.137657 -0.358146
-0.237915 0.072021 -0.149658 -0.462576 0.140031 -0.290979
-0.271606 0.012573 -0.152588 -0.528082 0.024446 -0.296675
-0.154785 -0.026855 -0.162964 -0.300947 -0.052215 -0.316849
0.005005 -0.094116 -0.114380 0.009731 -0.182989 -0.222388
0.015259 -0.061523 -0.128052 0.029668 -0.119620 -0.248970
-0.020386 -0.036255 -0.145264 -0.039636 -0.070490 -0.282435
-0.040283 -0.059937 -0.151978 -0.078322 -0.116534 -0.295489
-0.096069 -0.014771 -0.126953 -0.186787 -0.028718 -0.246834
-0.133911 -0.002197 -0.086182 -0.260362 -0.004272 -0.167562
-0.126953 0.022095 -0.084717 -0.246834 0.042959 -0.164714
-0.091064 0.023071 -0.092529 -0.177056 0.044857 -0.179904
-0.033447 0.006348 -0.048340 -0.065031 0.012342 -0.093987
0.023193 -0.025269 0.000732 0.045095 -0.049129 0.001424
0.069458 -0.009155 0.030518 0.135047 -0.017801 0.059335
0.070557 0.004150 0.040527 0.137183 0.008070 0.078797
0.039063 0.002808 0.011597 0.075949 0.005459 0.022547
0.000732 -0.044922 -0.040405 0.001424 -0.087341 -0.078560
-0.020264 -0.040283 -0.057617 -0.039398 -0.078322 -0.112025
-0.039795 0.016113 -0.074463 -0.077373 0.031329 -0.144778
-0.062134 0.037720 -0.098267 -0.120806 0.073338 -0.191059
