0.072876 0.442261 -0.300049 0.141692 0.859884 -0.583382
0.324707 0.469604 -0.103271 0.631325 0.913048 -0.200790
0.350342 0.285278 -0.052612 0.681167 0.554664 -0.102294
0.112427 0.207031 -0.083374 0.218590 0.402529 -0.162103
-0.243042 -0.235962 -0.237427 -0.472545 -0.458779 -0.461627
-0.466553 -0.351318 -0.327515 -0.907115 -0.683065 -0.636784
-0.595825 -0.446777 -0.292847 -1.158458 -0.868665 -0.569379
-0.765015 -0.365234 -0.100464 -1.487412 -0.710122 -0.195331
-0.934814 -0.204346 0.099365 -1.817552 -0.397308 0.193195
-1.201660 0.421265 0.054810 -2.336378 0.819061 0.106566
-1.618652 0.620850 -0.217651 -3.147132 1.207113 -0.423178
-2.096436 0.426392 -0.190674 -4.076082 0.829030 -0.370726
-1.975220 0.290771 -0.085938 -3.840403 0.565345 -0.167088
-1.130005 0.314819 0.003418 -2.197059 0.612101 0.006646
-0.632690 0.174438 -0.111816 -1.230135 0.339159 -0.217404
-0.387573 0.005249 0.040283 -0.753555 0.010206 0.078322
-0.142578 -0.020874 0.085815 -0.277213 -0.040585 0.166850
0.157837 -0.190308 -0.004639 0.306881 -0.370014 -0.009019
0.269775 -0.255005 -0.074707 0.524522 -0.495804 -0.145252
0.586548 -0.268555 -0.082031 1.140420 -0.522149 -0.159493
1.073853 -0.301270 -0.108276 2.087883 -0.585756 -0.210521
1.294556 -0.332642 -0.235840 2.516994 -0.646752 -0.458541
1.332520 -0.374634 -0.313477 2.590806 -0.728397 -0.609490
1.326172 -0.280762 -0.400269 2.578465 -0.545883 -0.778239
1.229248 -0.163208 -0.523560 2.390017 -0.317324 -1.017952
1.203979 -0.135010 -0.654663 2.340887 -0.262498 -1.272856
0.891357 -0.144165 -0.688477 1.733059 -0.280299 -1.338599
0.708130 -0.204102 -0.656982 1.376811 -0.396833 -1.277365
0.518066 -0.125610 -0.609497 1.007272 -0.244223 -1.185040
0.165527 0.055786 -0.538452 0.321833 0.108465 -1.046908
-0.096313 0.142212 -0.452759 -0.187261 0.276501 -0.880295
-0.339722 0.151489 -0.398926 -0.660518 0.294539 -0.775628
-0.582031 0.108643 -0.370972 -1.131639 0.211233 -0.721277
-0.938110 0.056763 -0.345703 -1.823960 0.110363 -0.672148
-1.396484 0.156616 -0.286255 -2.715173 0.304508 -0.556563
-1.782104 0.289185 -0.187622 -3.464931 0.562259 -0.364792
-2.173828 0.483276 -0.110718 -4.226556 0.939630 -0.215268
-2.166504 0.600708 -0.224121 -4.212316 1.167952 -0.435757
-1.430664 0.584106 -0.269775 -2.781628 1.135673 -0.524522
-1.054199 0.495483 -0.239502 -2.049671 0.963364 -0.465662
-0.566895 0.341675 -0.108398 -1.102208 0.664315 -0.210758
-0.036865 0.174927 -0.032837 -0.071677 0.340109 -0.063845
0.004395 0.034546 -0.019897 0.008544 0.067167 -0.038686
-0.099609 -0.061646 -0.054688 -0.193670 -0.119857 -0.106328
-0.061646 -0.083374 -0.025879 -0.119857 -0.162103 -0.050316
-0.046875 -0.031860 -0.030518 -0.091139 -0.061946 -0.059335
0.028687 -0.030029 -0.053955 0.055775 -0.058386 -0.104904
0.052612 -0.060791 -0.096802 0.102294 -0.118195 -0.188211
0.047729 -0.091553 -0.102539 0.092800 -0.178005 -0.199366
0.086914 -0.097534 -0.067871 0.168986 -0.189635 -0.131961
0.139893 -0.071289 -0.047241 0.271992 -0.138607 -0.091851
0.132446 -0.074829 -0.053345 0.257514 -0.145490 -0.103718
0.050293 -0.041382 -0.072144 0.097784 -0.080458 -0.140268
-0.011230 0.008179 -0.088501 -0.021835 0.015902 -0.172072
-0.049072 0.021606 -0.095947 -0.095411 0.042009 -0.186549
-0.040161 0.033813 -0.101196 -0.078085 0.065743 -0.196755
-0.013428 0.029785 -0.113892 -0.026107 0.057911 -0.221438
-0.020752 0.037476 -0.123657 -0.040348 0.072863 -0.240426
-0.005737 0.057617 -0.121216 -0.011155 0.112025 -0.235679
0.019287 0.032471 -0.119141 0.037500 0.063133 -0.231644
0.028687 0.029053 -0.138916 0.055775 0.056487 -0.270093
0.055542 0.004639 -0.135864 0.107990 0.009019 -0.264160
0.077271 -0.018799 -0.099854 0.150236 -0.036550 -0.194144
0.064941 -0.031250 -0.066650 0.126265 -0.060759 -0.129588
0.044678 0.000488 -0.062500 0.086867 0.000949 -0.121518
0.012451 0.010620 -0.090332 0.024209 0.020649 -0.175632
0.018066 0.019897 -0.101929 0.035126 0.038686 -0.198179
-0.003540 0.038696 -0.124023 -0.006883 0.075237 -0.241138
-0.024170 0.035034 -0.131104 -0.046993 0.068117 -0.254903
-0.009766 0.049316 -0.124268 -0.018987 0.095885 -0.241612
0.010864 0.055176 -0.133179 0.021123 0.107278 -0.258938
0.030151 0.052856 -0.120850 0.058623 0.102768 -0.234967
-0.013550 0.038574 -0.098389 -0.026345 0.075000 -0.191296
-0.075073 0.024170 -0.094727 -0.145964 0.046993 -0.184176
-0.095947 0.010986 -0.090088 -0.186549 0.021361 -0.175157
-0.085083 0.003174 -0.100708 -0.165426 0.006171 -0.195806
-0.054199 -0.018799 -0.114502 -0.105379 -0.036550 -0.222625
-0.040161 -0.013794 -0.121948 -0.078085 -0.026819 -0.237103
-0.017944 -0.006226 -0.111572 -0.034889 -0.012104 -0.216929
-0.000732 -0.030762 -0.115234 -0.001424 -0.059810 -0.224049
