0.209961 0.656860 -0.121338 0.408225 1.277128 -0.235916
0.628784 0.459229 -0.194702 1.222540 0.892874 -0.378558
0.594238 0.240234 -0.204346 1.155373 0.467086 -0.397308
0.210083 0.095581 -0.071533 0.408463 0.185837 -0.139081
-0.293213 -0.281494 -0.150879 -0.570091 -0.547307 -0.293353
-0.608887 -0.502441 -0.233154 -1.183853 -0.976893 -0.453320
-0.631592 -0.270996 -0.216675 -1.227999 -0.526895 -0.421279
-0.892212 -0.237793 -0.263916 -1.734720 -0.462339 -0.513130
-1.266602 -0.170410 -0.257568 -2.462643 -0.331327 -0.500788
-1.849609 -0.154297 -0.110229 -3.596180 -0.299998 -0.214318
-3.042603 0.049194 -0.046997 -5.915707 0.095648 -0.091376
-3.753418 -0.416016 -0.620605 -7.297739 -0.808856 -1.206638
-1.590332 -0.002563 -0.623901 -3.092069 -0.004984 -1.213046
0.122314 -0.007080 0.505981 0.237815 -0.013766 0.983775
0.255249 0.181519 0.856445 0.496279 0.352925 1.665179
-0.054321 0.285034 0.151245 -0.105616 0.554190 0.294065
-0.023071 0.089233 -0.286133 -0.044857 0.173496 -0.556326
0.517090 -0.064941 -0.209595 1.005373 -0.126265 -0.407513
1.083130 -0.129028 -0.146606 2.105920 -0.250869 -0.285046
1.341553 -0.321289 -0.217041 2.608370 -0.624680 -0.421991
1.458008 -0.466553 -0.299438 2.834792 -0.907115 -0.582196
1.347168 -0.378418 -0.354248 2.619287 -0.735755 -0.688762
1.180786 -0.385376 -0.338013 2.295793 -0.749283 -0.657195
0.996948 -0.360229 -0.410522 1.938358 -0.700391 -0.798175
0.768066 -0.236328 -0.469482 1.493345 -0.459491 -0.912811
0.617676 -0.138062 -0.527222 1.200942 -0.268432 -1.025073
0.526978 -0.095459 -0.524658 1.024598 -0.185600 -1.020089
0.331665 -0.035522 -0.508057 0.644854 -0.069066 -0.987810
0.152710 0.030029 -0.481567 0.296913 0.058386 -0.936307
-0.083252 0.097900 -0.457397 -0.161866 0.190347 -0.889314
-0.400391 0.212158 -0.445923 -0.778476 0.412497 -0.867004
-0.739746 0.292725 -0.459595 -1.438282 0.569142 -0.893586
-1.024414 0.330078 -0.499390 -1.991760 0.641768 -0.970959
-1.267090 0.356567 -0.474731 -2.463592 0.693271 -0.923016
-1.610474 0.353149 -0.414307 -3.131230 0.686625 -0.805533
-1.806519 0.378418 -0.395874 -3.512399 0.735755 -0.769695
-1.812378 0.442871 -0.435425 -3.523791 0.861071 -0.846593
-1.339844 0.415649 -0.519653 -2.605047 0.808144 -1.010358
-0.756104 0.282227 -0.442261 -1.470086 0.548731 -0.859884
-0.462769 0.178711 -0.266479 -0.899757 0.347466 -0.518114
-0.392090 0.166260 -0.109497 -0.762337 0.323257 -0.212894
-0.292725 0.133179 -0.068115 -0.569142 0.258938 -0.132436
-0.099487 0.018188 -0.036987 -0.193432 0.035364 -0.071914
-0.003540 -0.051025 -0.018188 -0.006883 -0.099208 -0.035364
0.078735 -0.100464 0.001465 0.153084 -0.195331 0.002848
0.138550 -0.111572 -0.002686 0.269381 -0.216929 -0.005221
0.166870 -0.054199 -0.032227 0.324444 -0.105379 -0.062658
0.126343 0.013672 -0.084106 0.245647 0.026582 -0.163527
0.103027 0.045898 -0.126709 0.200315 0.089240 -0.246359
0.116699 0.025879 -0.118042 0.226897 0.050316 -0.229508
0.109253 0.042725 -0.077148 0.212420 0.083069 -0.149999
0.114380 0.025879 -0.035400 0.222388 0.050316 -0.068829
0.129761 0.021606 -0.016602 0.252293 0.042009 -0.032278
0.135254 0.019897 -0.012329 0.262973 0.038686 -0.023971
0.131836 0.005737 -0.017822 0.256328 0.011155 -0.034652
0.097656 0.001709 -0.030884 0.189872 0.003323 -0.060047
0.054077 0.020264 -0.044678 0.105142 0.039398 -0.086867
0.044067 0.015869 -0.051025 0.085680 0.030854 -0.099208
0.084961 0.002441 -0.037476 0.165189 0.004747 -0.072863
0.082764 -0.019897 -0.034302 0.160917 -0.038686 -0.066693
0.031616 -0.031860 -0.056396 0.061471 -0.061946 -0.109651
-0.037598 -0.015381 -0.085815 -0.073101 -0.029905 -0.166850
-0.101196 -0.001831 -0.114136 -0.196755 -0.003560 -0.221913
-0.097534 0.004272 -0.127563 -0.189635 0.008307 -0.248021
-0.074951 0.029541 -0.148315 -0.145727 0.057436 -0.288368
-0.021606 0.046387 -0.147339 -0.042009 0.090189 -0.286470
0.027344 0.030029 -0.134399 0.053164 0.058386 -0.261312
0.002319 0.026123 -0.135132 0.004509 0.050791 -0.262736
-0.016357 0.024902 -0.130981 -0.031804 0.048417 -0.254666
-0.008301 0.030762 -0.126831 -0.016139 0.059810 -0.246597
-0.005005 0.006104 -0.126709 -0.009731 0.011867 -0.246359
-0.023682 -0.011963 -0.119995 -0.046044 -0.023259 -0.233305
-0.026733 -0.013794 -0.113159 -0.051978 -0.026819 -0.220014
-0.010010 -0.019287 -0.106812 -0.019462 -0.037500 -0.207673
0.028687 -0.021606 -0.091431 0.055775 -0.042009 -0.177768
0.066895 -0.006958 -0.075928 0.130062 -0.013528 -0.147626
0.051758 0.022095 -0.071655 0.100632 0.042959 -0.139319
0.029785 0.032227 -0.079468 0.057911 0.062658 -0.154509
0.021118 0.019897 -0.081543 0.041060 0.038686 -0.158543
0.021362 0.021606 -0.096069 0.041535 0.042009 -0.186787
