0.086426 -0.058838 -0.245361 0.168037 -0.114398 -0.477054
-0.120850 -0.034546 -0.340942 -0.234967 -0.067167 -0.662891
-0.299561 -0.077026 -0.333496 -0.582433 -0.149762 -0.648414
-0.451294 -0.068359 -0.124146 -0.877447 -0.132911 -0.241375
-0.446045 -0.132324 -0.074707 -0.867241 -0.257277 -0.145252
-0.656128 -0.072388 -0.245850 -1.275704 -0.140743 -0.478003
-1.046387 -0.086914 -0.308472 -2.034481 -0.168986 -0.599759
-1.236694 -0.172363 -0.357178 -2.404495 -0.335124 -0.694458
-1.304199 -0.140015 -0.532715 -2.535744 -0.272229 -1.035753
-1.599609 0.020996 -0.717651 -3.110107 0.040823 -1.395324
-2.243042 -0.329224 -0.664551 -4.361128 -0.640107 -1.292081
-2.321533 -0.631958 -0.513672 -4.513738 -1.228711 -0.998728
-1.123413 -0.229736 -0.548706 -2.184243 -0.446674 -1.066845
0.060059 -0.038940 -0.340454 0.116771 -0.075712 -0.661942
0.981689 0.135010 -0.219604 1.908691 0.262498 -0.426975
1.394775 0.044189 -0.194458 2.711850 0.085917 -0.378083
1.544067 0.046265 -0.222046 3.002117 0.089952 -0.431722
1.639282 0.246826 -0.185913 3.187243 0.479902 -0.361469
1.628418 0.264160 -0.270142 3.166119 0.513604 -0.525234
1.750732 0.214233 -0.319336 3.403934 0.416532 -0.620882
1.242065 0.167847 -0.309082 2.414937 0.326343 -0.600946
0.489380 0.060059 -0.307007 0.951497 0.116771 -0.596911
0.076416 0.009644 -0.330688 0.148575 0.018750 -0.642955
-0.118408 0.053589 -0.286133 -0.230220 0.104192 -0.556326
-0.280151 -0.081055 -0.274658 -0.544696 -0.157594 -0.534016
-0.359619 -0.154175 -0.354492 -0.699205 -0.299761 -0.689236
-0.497681 -0.197021 -0.416992 -0.967636 -0.383067 -0.810754
-0.753174 -0.120605 -0.406128 -1.464390 -0.234492 -0.789631
-0.986206 -0.056274 -0.405151 -1.917472 -0.109414 -0.787732
-1.395630 -0.101807 -0.460083 -2.713511 -0.197942 -0.894536
-1.763184 -0.027832 -0.493652 -3.428143 -0.054114 -0.959804
-1.730225 0.100342 -0.398560 -3.364061 0.195094 -0.774916
-1.198242 0.177002 -0.346436 -2.329732 0.344143 -0.673572
-0.676392 0.231201 -0.324829 -1.315103 0.449522 -0.631562
-0.257202 0.240723 -0.304688 -0.500076 0.468035 -0.592401
0.349609 0.158203 -0.231079 0.679743 0.307593 -0.449285
0.889648 0.054810 -0.187378 1.729736 0.106566 -0.364317
1.275757 0.106689 -0.252930 2.480443 0.207435 -0.491769
1.350952 0.062256 -0.288330 2.626645 0.121044 -0.560598
1.151001 0.195190 -0.293335 2.237882 0.379507 -0.570329
1.023682 0.220581 -0.388794 1.990336 0.428874 -0.755929
0.911255 0.090820 -0.466553 1.771745 0.176581 -0.907115
0.730103 0.003662 -0.438232 1.419532 0.007120 -0.852052
0.497803 0.075073 -0.292603 0.967874 0.145964 -0.568905
0.231323 0.106079 -0.218262 0.449760 0.206249 -0.424364
0.064819 0.035645 -0.313354 0.126028 0.069303 -0.609253
-0.032837 0.013672 -0.307861 -0.063845 0.026582 -0.598572
-0.182495 0.014038 -0.251587 -0.354824 0.027294 -0.489158
-0.313232 0.059448 -0.186035 -0.609015 0.115585 -0.361707
-0.309204 0.101440 -0.161743 -0.601183 0.197230 -0.314476
-0.180786 0.064819 -0.185059 -0.351501 0.126028 -0.359808
-0.072510 0.029785 -0.228271 -0.140980 0.057911 -0.443826
-0.098389 0.047729 -0.207275 -0.191296 0.092800 -0.403004
-0.100464 0.090454 -0.122314 -0.195331 0.175869 -0.237815
-0.059937 0.081421 -0.101318 -0.116534 0.158306 -0.196992
0.023804 -0.000977 -0.102783 0.046281 -0.001899 -0.199841
0.061523 -0.039307 -0.086304 0.119620 -0.076424 -0.167800
-0.019897 0.060059 -0.065430 -0.038686 0.116771 -0.127214
-0.073242 0.064697 -0.080078 -0.142404 0.125790 -0.155695
-0.060669 0.037964 -0.124756 -0.117958 0.073813 -0.242562
-0.025879 0.020386 -0.124756 -0.050316 0.039636 -0.242562
-0.008301 0.025757 -0.114136 -0.016139 0.050079 -0.221913
-0.000244 0.023071 -0.100952 -0.000475 0.044857 -0.196280
0.022705 0.002563 -0.106201 0.044145 0.004984 -0.206486
0.010620 0.015747 -0.135132 0.020649 0.030617 -0.262736
-0.040771 0.006958 -0.157227 -0.079272 0.013528 -0.305694
-0.046875 -0.004883 -0.136108 -0.091139 -0.009494 -0.264634
-0.023682 -0.024536 -0.113281 -0.046044 -0.047705 -0.220252
-0.018311 -0.047852 -0.095947 -0.035601 -0.093037 -0.186549
-0.004150 -0.018433 -0.071167 -0.008070 -0.035838 -0.138369
0.010498 0.003296 -0.082153 0.020411 0.006408 -0.159730
0.015015 0.003906 -0.119751 0.029193 0.007595 -0.232831
0.008179 0.007935 -0.138428 0.015902 0.015427 -0.269144
-0.013062 0.005371 -0.149902 -0.025395 0.010443 -0.291454
-0.030640 -0.004761 -0.171631 -0.059572 -0.009256 -0.333700
-0.024536 0.003174 -0.178345 -0.047705 0.006171 -0.346754
-0.010498 0.000854 -0.168701 -0.020411 0.001661 -0.328004
0.001465 0.009888 -0.140015 0.002848 0.019225 -0.272229
0.011841 -0.002319 -0.100586 0.023022 -0.004509 -0.195568
0.018921 -0.005005 -0.092407 0.036788 -0.009731 -0.179667
