0.092285 0.370361 -0.236206 0.179429 0.720090 -0.459253
0.223145 0.394409 -0.133179 0.433858 0.766846 -0.258938
0.393921 0.409058 0.010132 0.765897 0.795327 0.019699
0.450439 0.254761 -0.027710 0.875786 0.495329 -0.053876
0.283569 -0.127075 -0.139404 0.551341 -0.247071 -0.271043
0.017578 -0.274780 -0.170898 0.034177 -0.534253 -0.332276
-0.187378 -0.157837 -0.201294 -0.364317 -0.306881 -0.391374
-0.455688 -0.129028 -0.288452 -0.885991 -0.250869 -0.560835
-0.789307 -0.112427 -0.255493 -1.534642 -0.218590 -0.496753
-1.161011 0.198730 -0.110596 -2.257344 0.386390 -0.215030
-1.651367 0.332153 -0.098389 -3.210739 0.645803 -0.191296
-2.455078 0.442383 -0.141479 -4.773388 0.860121 -0.275077
-3.134521 -0.140137 -0.366089 -6.094424 -0.272467 -0.711784
-1.745972 0.122070 -0.225342 -3.394678 0.237340 -0.438130
-0.809326 0.122681 0.073853 -1.573566 0.238527 0.143591
-0.568481 0.124023 0.186768 -1.105294 0.241138 0.363131
-0.423096 0.014404 0.005127 -0.822621 0.028006 0.009968
0.054199 -0.316162 -0.013184 0.105379 -0.614711 -0.025633
0.522949 -0.343262 -0.049561 1.016766 -0.667401 -0.096360
0.786499 -0.324097 -0.180054 1.529184 -0.630138 -0.350077
1.087769 -0.440674 -0.369385 2.114939 -0.856798 -0.718192
1.405518 -0.534546 -0.464600 2.732736 -1.039313 -0.903317
1.489014 -0.484863 -0.519897 2.895077 -0.942716 -1.010832
1.377930 -0.394531 -0.506348 2.679097 -0.767084 -0.984487
1.201782 -0.279541 -0.498291 2.336615 -0.543509 -0.968823
1.125610 -0.179321 -0.500488 2.188515 -0.348653 -0.973095
0.933716 -0.159912 -0.469238 1.815416 -0.310916 -0.912336
0.753662 -0.218140 -0.497925 1.465339 -0.424127 -0.968111
0.474609 -0.170044 -0.425415 0.922779 -0.330615 -0.827131
0.182251 -0.006104 -0.384277 0.354349 -0.011867 -0.747147
-0.144531 0.118042 -0.364746 -0.281011 0.229508 -0.709173
-0.510498 0.141724 -0.355225 -0.992557 0.275552 -0.690660
-0.774292 0.166504 -0.350098 -1.505449 0.323732 -0.680692
-1.052856 0.097656 -0.327759 -2.047060 0.189872 -0.637259
-1.451294 0.065430 -0.337158 -2.821739 0.127214 -0.655534
-1.675781 0.221558 -0.318848 -3.258207 0.430773 -0.619933
-1.666016 0.378296 -0.412964 -3.239220 0.735518 -0.802922
-1.417236 0.419800 -0.553711 -2.755521 0.816213 -1.076576
-0.998657 0.316528 -0.642456 -1.941681 0.615423 -1.249122
-0.627075 0.227661 -0.656616 -1.219217 0.442640 -1.276653
-0.472534 0.249634 -0.387695 -0.918744 0.485361 -0.753793
-0.149780 0.255005 -0.117554 -0.291217 0.495804 -0.228559
0.106079 0.175415 0.028931 0.206249 0.341058 0.056250
0.091187 0.090454 0.004272 0.177293 0.175869 0.008307
-0.004150 -0.054565 -0.074219 -0.008070 -0.106091 -0.144303
-0.015869 -0.118164 -0.133057 -0.030854 -0.229745 -0.258701
0.085571 -0.077881 -0.109741 0.166376 -0.151423 -0.213369
0.108032 -0.055420 -0.070313 0.210046 -0.107752 -0.136708
0.101929 -0.026855 -0.058228 0.198179 -0.052215 -0.113211
0.086670 -0.032227 -0.086060 0.168512 -0.062658 -0.167325
0.101074 0.022095 -0.112305 0.196518 0.042959 -0.218353
0.067017 0.054443 -0.116455 0.130300 0.105854 -0.226423
0.016846 0.064453 -0.098755 0.032753 0.125316 -0.192008
0.005737 0.065796 -0.060913 0.011155 0.127926 -0.118433
0.030396 0.056519 -0.029663 0.059098 0.109889 -0.057674
0.030396 0.028931 -0.030396 0.059098 0.056250 -0.059098
0.004272 0.009888 -0.030640 0.008307 0.019225 -0.059572
-0.012085 0.026245 -0.028442 -0.023497 0.051028 -0.055300
-0.013306 0.032837 -0.040649 -0.025870 0.063845 -0.079034
0.004517 0.019653 -0.062256 0.008782 0.038212 -0.121044
0.027832 0.043945 -0.097534 0.054114 0.085443 -0.189635
0.029907 0.039673 -0.108032 0.058148 0.077136 -0.210046
0.017334 0.016968 -0.096313 0.033702 0.032990 -0.187261
-0.007324 0.014038 -0.080688 -0.014240 0.027294 -0.156882
-0.030396 0.011230 -0.073608 -0.059098 0.021835 -0.143116
-0.034424 0.022217 -0.082153 -0.066930 0.043196 -0.159730
-0.022949 0.022827 -0.088623 -0.044620 0.044383 -0.172309
-0.015991 0.016479 -0.092651 -0.031092 0.032041 -0.180141
-0.019531 0.010376 -0.098389 -0.037974 0.020174 -0.191296
-0.001709 0.003296 -0.097534 -0.003323 0.006408 -0.189635
0.011475 0.008667 -0.094116 0.022310 0.016851 -0.182989
-0.014526 0.004028 -0.089233 -0.028243 0.007832 -0.173496
-0.065186 0.009888 -0.093262 -0.126740 0.019225 -0.181328
-0.102051 0.017212 -0.107300 -0.198416 0.033465 -0.208622
-0.110718 0.012329 -0.119751 -0.215268 0.023971 -0.232831
-0.083862 -0.007446 -0.120728 -0.163053 -0.014478 -0.234730
-0.060547 -0.015137 -0.112305 -0.117721 -0.029430 -0.218353
-0.027344 -0.012451 -0.100708 -0.053164 -0.024209 -0.195806
0.008057 -0.015015 -0.104980 0.015664 -0.029193 -0.204113
0.036621 0.002808 -0.118652 0.071202 0.005459 -0.230695
