0.000000 0.191772 -0.213379 0.000000 0.372862 -0.414871
0.020508 0.241455 -0.231445 0.039873 0.469459 -0.449997
0.017944 0.269653 -0.267578 0.034889 0.524285 -0.520250
-0.082764 0.002441 -0.282593 -0.160917 0.004747 -0.549443
-0.230713 -0.525757 -0.088501 -0.448573 -1.022225 -0.172072
-0.152954 0.286377 -0.121582 -0.297387 0.556800 -0.236391
-0.610107 0.285400 0.100952 -1.186227 0.554902 0.196280
-1.059082 -0.338867 -0.049927 -2.059164 -0.658857 -0.097072
-1.463013 -0.320679 -0.198120 -2.844523 -0.623493 -0.385203
-1.752930 -0.070313 -0.137573 -3.408206 -0.136708 -0.267482
-1.829712 0.003906 -0.035522 -3.557493 0.007595 -0.069066
-1.690796 0.140503 -0.087036 -3.287400 0.273179 -0.169224
-1.498535 0.257568 -0.285400 -2.913589 0.500788 -0.554902
-1.017334 -0.221802 -0.557983 -1.977994 -0.431247 -1.084882
-0.449097 -0.198975 -0.515381 -0.873175 -0.386865 -1.002051
-0.021851 -0.015991 -0.359375 -0.042484 -0.031092 -0.698730
0.400757 0.046021 -0.263672 0.779188 0.089477 -0.512655
0.749512 0.067993 -0.250122 1.457269 0.132199 -0.486310
1.006714 -0.016968 -0.358643 1.957345 -0.032990 -0.697306
1.235107 -0.108887 -0.446045 2.401409 -0.211708 -0.867241
1.373779 -0.102173 -0.423828 2.671028 -0.198654 -0.824045
1.448120 -0.127319 -0.390869 2.815568 -0.247546 -0.759964
1.396606 -0.154907 -0.389526 2.715410 -0.301185 -0.757353
1.252686 -0.157593 -0.400024 2.435586 -0.306406 -0.777764
1.043213 -0.197266 -0.410400 2.028310 -0.383542 -0.797938
0.802124 -0.171021 -0.387451 1.559563 -0.332514 -0.753318
0.515625 -0.083862 -0.365845 1.002525 -0.163053 -0.711309
0.243774 -0.048950 -0.280396 0.473969 -0.095173 -0.545171
0.014526 -0.102295 -0.167603 0.028243 -0.198891 -0.325868
-0.216309 -0.091064 -0.148193 -0.420567 -0.177056 -0.288131
-0.447998 0.004517 -0.177368 -0.871039 0.008782 -0.344855
-0.709106 0.075439 -0.183472 -1.378710 0.146676 -0.356722
-0.982910 0.059570 -0.140991 -1.911064 0.115822 -0.274128
-1.210815 -0.052856 -0.145142 -2.354178 -0.102768 -0.282198
-1.460083 -0.125610 -0.258423 -2.838827 -0.244223 -0.502449
-1.943115 0.065430 -0.417847 -3.777983 0.127214 -0.812416
-2.303711 0.266968 -0.495728 -4.479086 0.519063 -0.963839
-1.617798 0.381836 -0.425537 -3.145471 0.742400 -0.827368
-0.832886 0.306641 -0.289551 -1.619373 0.596199 -0.562971
-0.921631 0.113403 -0.189209 -1.791919 0.220489 -0.367877
-1.082031 0.171021 -0.197510 -2.103784 0.332514 -0.384017
-0.432495 0.381592 -0.248779 -0.840897 0.741926 -0.483700
0.458496 0.130615 -0.366577 0.891450 0.253954 -0.712733
0.668701 0.051758 -0.433472 1.300150 0.100632 -0.842795
0.701050 0.060547 -0.404541 1.363045 0.117721 -0.786546
0.861328 0.087524 -0.318604 1.674673 0.170173 -0.619458
1.029175 0.067017 -0.310913 2.001016 0.130300 -0.604506
1.082275 0.027100 -0.364014 2.104259 0.052690 -0.707749
1.041748 0.029053 -0.363037 2.025462 0.056487 -0.705850
1.029297 0.001587 -0.323975 2.001253 0.003085 -0.629901
0.990967 -0.036987 -0.301270 1.926728 -0.071914 -0.585756
0.915771 -0.146729 -0.362427 1.780527 -0.285283 -0.704663
0.832520 -0.215576 -0.404419 1.618661 -0.419143 -0.786308
0.675293 -0.115601 -0.324463 1.312966 -0.224761 -0.630850
0.477417 -0.041626 -0.229492 0.928238 -0.080933 -0.446200
0.320435 -0.033081 -0.191650 0.623018 -0.064319 -0.372624
0.178467 -0.049438 -0.164185 0.346992 -0.096123 -0.319223
0.059814 -0.057861 -0.104248 0.116297 -0.112499 -0.202689
0.002930 -0.022827 -0.061646 0.005696 -0.044383 -0.119857
-0.047119 -0.003418 -0.051636 -0.091613 -0.006646 -0.100395
-0.109985 0.000366 -0.048706 -0.213844 0.000712 -0.094699
-0.167725 -0.007446 -0.065186 -0.326106 -0.014478 -0.126740
-0.187256 0.000610 -0.095703 -0.364080 0.001187 -0.186075
-0.175293 0.033325 -0.101196 -0.340821 0.064794 -0.196755
-0.161377 0.084229 -0.086792 -0.313764 0.163765 -0.168749
-0.154541 0.121704 -0.084961 -0.300473 0.236628 -0.165189
-0.154175 0.055176 -0.095459 -0.299761 0.107278 -0.185600
-0.159668 0.032837 -0.086914 -0.310441 0.063845 -0.168986
-0.136597 -0.007813 -0.068726 -0.265584 -0.015190 -0.133623
-0.110840 -0.037598 -0.061279 -0.215505 -0.073101 -0.119145
-0.101440 0.000732 -0.064209 -0.197230 0.001424 -0.124841
-0.102051 0.048218 -0.077026 -0.198416 0.093749 -0.149762
-0.089722 0.042480 -0.080688 -0.174445 0.082594 -0.156882
-0.070068 0.043701 -0.090820 -0.136233 0.084968 -0.176581
-0.053345 0.038452 -0.096069 -0.103718 0.074762 -0.186787
-0.044434 0.010254 -0.095093 -0.086392 0.019937 -0.184888
-0.034180 -0.010254 -0.096680 -0.066455 -0.019937 -0.187973
-0.034790 0.025391 -0.086182 -0.067642 0.049367 -0.167562
-0.035522 0.041748 -0.074707 -0.069066 0.081170 -0.145252
-0.032959 0.080566 -0.076904 -0.064082 0.156645 -0.149524
