-0.031006 -0.139526 -0.057861 -0.060284 -0.271280 -0.112499
-0.131958 0.119507 -0.111206 -0.256565 0.232356 -0.216217
-0.189087 0.011353 -0.223145 -0.367640 0.022073 -0.433858
-0.098877 -0.142456 -0.290283 -0.192246 -0.276976 -0.564395
-0.094482 -0.256104 -0.213013 -0.183701 -0.497940 -0.414159
-0.265991 -0.463623 -0.277588 -0.517164 -0.901418 -0.539712
-0.444092 -0.094727 -0.382568 -0.863444 -0.184176 -0.743824
-0.442505 0.269653 -0.305786 -0.860359 0.524285 -0.594537
-0.425537 0.236206 -0.236450 -0.827368 0.459253 -0.459728
-0.574219 0.043091 -0.125732 -1.116449 0.083781 -0.244460
-0.794189 0.132935 -0.034180 -1.544136 0.258464 -0.066455
-1.097046 0.607422 0.004761 -2.132977 1.181005 0.009256
-1.706177 0.710938 -0.288208 -3.317305 1.382270 -0.560360
-2.282837 0.640259 -0.705200 -4.438501 1.244850 -1.371115
-1.957275 0.431885 -0.291260 -3.805514 0.839710 -0.566294
-0.705322 0.769287 0.167847 -1.371352 1.495718 0.326343
-0.067993 1.288940 0.493530 -0.132199 2.506076 0.959567
-0.193115 0.628296 0.169800 -0.375472 1.221590 0.330140
-0.049683 0.063599 -0.039551 -0.096597 0.123654 -0.076898
0.231323 -0.410767 -0.076660 0.449760 -0.798650 -0.149050
0.450073 -0.628418 -0.063599 0.875074 -1.221828 -0.123654
0.983398 -0.458374 0.041504 1.912013 -0.891213 0.080696
1.522705 -0.294678 0.177734 2.960583 -0.572939 0.345567
1.609619 -0.452271 0.069092 3.129569 -0.879346 0.134335
1.485840 -0.630371 -0.240479 2.888906 -1.225625 -0.467560
1.304810 -0.535156 -0.345581 2.536930 -1.040500 -0.671910
1.142822 -0.346680 -0.317261 2.221980 -0.674046 -0.616847
1.132935 -0.226196 -0.328613 2.202755 -0.439792 -0.638920
1.057251 -0.093872 -0.370850 2.055604 -0.182515 -0.721040
0.985352 -0.035645 -0.551636 1.915811 -0.069303 -1.072541
0.714355 -0.062622 -0.624023 1.388915 -0.121756 -1.213284
0.416748 -0.149170 -0.689331 0.810280 -0.290030 -1.340261
0.280273 -0.010376 -0.737061 0.544933 -0.020174 -1.433061
0.087402 0.119507 -0.832397 0.169936 0.232356 -1.618423
-0.408813 0.096313 -0.941406 -0.794853 0.187261 -1.830368
-1.103760 0.305176 -0.877808 -2.146031 0.593351 -1.706714
-1.642334 0.737061 -0.635742 -3.193176 1.433061 -1.236068
-2.012207 0.781860 -0.544189 -3.912317 1.520164 -1.058063
-1.981689 0.242798 -0.532471 -3.852982 0.472070 -1.035278
-1.370850 0.087280 -0.448853 -2.665331 0.169698 -0.872700
-0.694824 -0.027344 -0.171021 -1.350941 -0.053164 -0.332514
-0.504883 0.034790 -0.055420 -0.981639 0.067642 -0.107752
-0.551514 0.126709 -0.330322 -1.072303 0.246359 -0.642243
-0.295654 0.186523 -0.263062 -0.574838 0.362656 -0.511468
0.077881 0.218140 -0.088379 0.151423 0.424127 -0.171834
0.226929 0.067993 -0.053345 0.441216 0.132199 -0.103718
0.184448 -0.092163 -0.047852 0.358621 -0.179192 -0.093037
0.158081 -0.103149 -0.081909 0.307356 -0.200553 -0.159255
0.211426 -0.021973 -0.090210 0.411073 -0.042721 -0.175394
0.202026 -0.005737 -0.089600 0.392798 -0.011155 -0.174208
0.107178 -0.007080 -0.128296 0.208385 -0.013766 -0.249445
0.039429 -0.047974 -0.149780 0.076661 -0.093275 -0.291217
0.027832 -0.093506 -0.148438 0.054114 -0.181803 -0.288606
-0.017090 -0.068970 -0.140137 -0.033228 -0.134097 -0.272467
-0.054932 -0.017700 -0.131226 -0.106803 -0.034414 -0.255141
-0.033569 0.000366 -0.122437 -0.065269 0.000712 -0.238052
-0.024902 -0.030273 -0.150146 -0.048417 -0.058860 -0.291929
-0.015137 -0.083374 -0.159668 -0.029430 -0.162103 -0.310441
-0.020874 -0.142944 -0.176636 -0.040585 -0.277925 -0.343431
-0.047119 -0.143799 -0.174072 -0.091613 -0.279587 -0.338447
-0.047852 -0.074951 -0.151001 -0.093037 -0.145727 -0.293590
-0.031128 -0.004517 -0.114868 -0.060522 -0.008782 -0.223337
-0.063477 -0.006836 -0.153564 -0.123417 -0.013291 -0.298574
-0.075562 -0.075317 -0.177246 -0.146914 -0.146439 -0.344618
-0.021484 -0.055908 -0.122070 -0.041772 -0.108702 -0.237340
0.022583 0.014648 -0.103149 0.043908 0.028481 -0.200553
0.050903 0.073853 -0.088379 0.098971 0.143591 -0.171834
0.050171 0.035522 -0.071167 0.097547 0.069066 -0.138369
0.029907 -0.019531 -0.083130 0.058148 -0.037974 -0.161629
0.008179 -0.041870 -0.086304 0.015902 -0.081408 -0.167800
-0.015259 -0.052612 -0.091309 -0.029668 -0.102294 -0.177531
-0.061279 -0.090454 -0.115479 -0.119145 -0.175869 -0.224524
-0.100342 -0.086060 -0.136719 -0.195094 -0.167325 -0.265821
-0.069214 -0.013550 -0.112183 -0.134572 -0.026345 -0.218116
0.001465 0.029419 -0.072266 0.002848 0.057199 -0.140505
0.024536 0.028809 -0.061523 0.047705 0.056012 -0.119620
0.025024 0.004150 -0.057739 0.048655 0.008070 -0.112262
0.040527 0.007446 -0.053223 0.078797 0.014478 -0.103480
0.032349 0.022461 -0.065063 0.062895 0.043671 -0.126502
0.052124 0.015747 -0.052856 0.101344 0.030617 -0.102768
