0.413208 0.624268 -0.317383 0.803397 1.213758 -0.617085
0.856445 0.538452 -0.248413 1.665179 1.046908 -0.482987
0.985718 0.355713 -0.107178 1.916523 0.691610 -0.208385
0.494507 0.183960 -0.076294 0.961465 0.357672 -0.148338
-0.244995 -0.189697 -0.182129 -0.476342 -0.368827 -0.354112
-0.812866 -0.440918 -0.247314 -1.580449 -0.857273 -0.480851
-0.924927 -0.250366 -0.227539 -1.798327 -0.486785 -0.442402
-1.034546 -0.329590 -0.155884 -2.011459 -0.640819 -0.303084
-1.340454 -0.087158 -0.125122 -2.606234 -0.169461 -0.243274
-1.727295 0.126709 -0.225464 -3.358365 0.246359 -0.438368
-2.464722 0.325562 -0.219482 -4.792138 0.632987 -0.426738
-2.666626 0.431519 -0.116333 -5.184699 0.838998 -0.226185
-1.170044 0.185425 0.104492 -2.274907 0.360520 0.203163
-0.781250 0.061646 0.118286 -1.518978 0.119857 0.229983
-0.836426 0.168701 0.018066 -1.626256 0.328004 0.035126
-0.685547 0.081299 -0.027954 -1.332903 0.158069 -0.054351
-0.183472 -0.085083 -0.059937 -0.356722 -0.165426 -0.116534
0.417725 -0.168457 -0.018188 0.812178 -0.327530 -0.035364
0.839844 -0.227539 -0.113770 1.632901 -0.442402 -0.221201
1.129150 -0.376221 -0.260498 2.195398 -0.731483 -0.506484
1.388062 -0.497070 -0.380737 2.698796 -0.966450 -0.740264
1.531250 -0.439453 -0.422241 2.977196 -0.854425 -0.820960
1.559814 -0.368408 -0.383057 3.032734 -0.716293 -0.744774
1.464233 -0.288452 -0.365112 2.846897 -0.560835 -0.709885
1.310913 -0.215698 -0.370239 2.548797 -0.419380 -0.719853
0.922241 -0.093262 -0.384155 1.793106 -0.181328 -0.746910
0.694946 -0.063232 -0.457642 1.351178 -0.122942 -0.889789
0.427368 -0.083374 -0.442627 0.830928 -0.162103 -0.860596
0.264893 -0.068726 -0.433960 0.515028 -0.133623 -0.843745
0.114746 0.014404 -0.443970 0.223100 0.028006 -0.863207
-0.180420 0.170044 -0.409912 -0.350789 0.330615 -0.796989
-0.527832 0.277588 -0.427856 -1.026259 0.539712 -0.831878
-0.813110 0.281494 -0.552979 -1.580924 0.547307 -1.075151
-1.093872 0.199463 -0.638672 -2.126806 0.387814 -1.241764
-1.332031 0.166870 -0.645264 -2.589857 0.324444 -1.254581
-1.583862 0.232544 -0.574707 -3.079490 0.452133 -1.117398
-1.830933 0.364746 -0.511230 -3.559867 0.709173 -0.993981
-1.782349 0.317993 -0.584961 -3.465405 0.618271 -1.137335
-1.622192 0.328003 -0.535278 -3.154015 0.637733 -1.040737
-1.254028 0.336060 -0.468384 -2.438197 0.653398 -0.910675
-0.836182 0.121338 -0.361938 -1.625781 0.235916 -0.703714
-0.544312 -0.010864 -0.228638 -1.058300 -0.021123 -0.444538
-0.363647 0.058350 -0.097046 -0.707037 0.113449 -0.188686
-0.191284 0.049194 -0.081055 -0.371912 0.095648 -0.157594
0.064209 -0.030884 -0.052246 0.124841 -0.060047 -0.101582
0.198242 -0.061035 -0.074097 0.385441 -0.118670 -0.144066
0.270752 -0.072266 -0.073853 0.526421 -0.140505 -0.143591
0.280762 -0.089478 -0.077881 0.545883 -0.173970 -0.151423
0.247559 -0.078369 -0.079468 0.481326 -0.152372 -0.154509
0.143921 -0.036987 -0.073853 0.279824 -0.071914 -0.143591
0.043091 0.028687 -0.059204 0.083781 0.055775 -0.115110
0.012451 0.072510 -0.069336 0.024209 0.140980 -0.134809
-0.002808 0.057617 -0.071655 -0.005459 0.112025 -0.139319
-0.029663 0.030884 -0.048218 -0.057674 0.060047 -0.093749
-0.046997 0.019409 -0.004272 -0.091376 0.037737 -0.008307
-0.022827 0.020386 0.030518 -0.044383 0.039636 0.059335
-0.006104 0.006714 0.027222 -0.011867 0.013054 0.052927
0.001831 -0.010376 0.014893 0.003560 -0.020174 0.028956
-0.008667 -0.027466 0.014404 -0.016851 -0.053402 0.028006
0.000732 -0.023438 0.023560 0.001424 -0.045569 0.045807
0.017334 -0.034790 0.016968 0.033702 -0.067642 0.032990
0.025879 -0.045410 0.007080 0.050316 -0.088291 0.013766
0.031494 -0.008789 -0.006470 0.061234 -0.017089 -0.012579
0.029785 -0.013428 -0.018433 0.057911 -0.026107 -0.035838
0.037476 -0.010132 -0.032349 0.072863 -0.019699 -0.062895
0.032471 -0.005249 -0.043091 0.063133 -0.010206 -0.083781
0.029419 -0.003418 -0.049561 0.057199 -0.006646 -0.096360
0.027344 0.010376 -0.056885 0.053164 0.020174 -0.110601
0.019531 0.018799 -0.075195 0.037974 0.036550 -0.146202
0.014771 0.007568 -0.092773 0.028718 0.014715 -0.180379
0.002686 0.014648 -0.106934 0.005221 0.028481 -0.207910
-0.002441 0.029419 -0.113403 -0.004747 0.057199 -0.220489
-0.015869 0.027954 -0.127197 -0.030854 0.054351 -0.247309
-0.034790 0.031128 -0.143188 -0.067642 0.060522 -0.278400
-0.046631 0.034302 -0.153931 -0.090664 0.066693 -0.299286
-0.057373 0.004150 -0.147705 -0.111550 0.008070 -0.287182
-0.078979 -0.004150 -0.147217 -0.153559 -0.008070 -0.286232
-0.045776 -0.004639 -0.153687 -0.089003 -0.009019 -0.298811
-0.014160 -0.015259 -0.147095 -0.027531 -0.029668 -0.285995
0.008179 -0.004395 -0.124512 0.015902 -0.008544 -0.242087
