-0.056519 0.086670 -0.226074 -0.109889 0.168512 -0.439554
0.030518 -0.084106 -0.146362 0.059335 -0.163527 -0.284571
0.111328 0.012329 -0.034424 0.216454 0.023971 -0.066930
0.044922 -0.041016 0.041748 0.087341 -0.079746 0.081170
-0.067993 -0.197754 0.061279 -0.132199 -0.384491 0.119145
-0.181274 -0.490112 0.018066 -0.352450 -0.952921 0.035126
-0.270386 -0.443359 -0.106323 -0.525709 -0.862020 -0.206723
-0.485107 -0.364746 -0.217041 -0.943190 -0.709173 -0.421991
-0.663940 0.122437 -0.262329 -1.290894 0.238052 -0.510044
-0.988525 -0.002686 -0.266968 -1.921982 -0.005221 -0.519063
-1.178101 -0.177734 -0.188477 -2.290571 -0.345567 -0.366453
-1.262939 -0.099609 -0.135132 -2.455523 -0.193670 -0.262736
-1.578735 0.229980 -0.223877 -3.069522 0.447149 -0.435282
-2.030884 0.392334 -0.387451 -3.948630 0.762812 -0.753318
-1.998535 -0.080444 -0.506592 -3.885735 -0.156407 -0.984962
-1.367310 -0.137207 -0.583740 -2.658448 -0.266770 -1.134961
-0.800537 0.106079 -0.400269 -1.556478 0.206249 -0.778239
-0.839355 0.398071 -0.234497 -1.631952 0.773967 -0.455931
-0.630371 0.639648 -0.209595 -1.225625 1.243663 -0.407513
-0.144531 0.677490 -0.290894 -0.281011 1.317239 -0.565582
0.385864 0.372803 -0.328369 0.750233 0.724837 -0.638445
0.725098 0.286133 -0.305298 1.409801 0.556326 -0.593588
0.920288 0.417358 -0.314697 1.789308 0.811466 -0.611863
1.093018 0.418945 -0.387817 2.125145 0.814552 -0.754030
1.278687 0.316650 -0.444580 2.486140 0.615661 -0.864393
1.360352 0.239014 -0.447144 2.644920 0.464712 -0.869377
1.359497 0.211426 -0.396118 2.643259 0.411073 -0.770169
1.196289 0.177490 -0.294189 2.325935 0.345093 -0.571990
1.010498 0.124756 -0.220581 1.964703 0.242562 -0.428874
0.875854 0.006592 -0.182129 1.702917 0.012816 -0.354112
0.822510 -0.208252 -0.240967 1.599199 -0.404903 -0.468510
0.715576 -0.341797 -0.377197 1.391289 -0.664553 -0.733381
0.440430 -0.373169 -0.447754 0.856324 -0.725549 -0.870564
0.131836 -0.358765 -0.504150 0.256328 -0.697543 -0.980215
-0.152832 -0.330078 -0.437866 -0.297150 -0.641768 -0.851340
-0.503174 -0.278442 -0.312500 -0.978317 -0.541373 -0.607591
-0.834229 -0.093628 -0.268433 -1.621984 -0.182040 -0.521911
-0.999878 0.004639 -0.361450 -1.944054 0.009019 -0.702765
-1.102539 -0.178833 -0.522705 -2.143657 -0.347704 -1.016291
-1.395996 -0.421143 -0.618164 -2.714223 -0.818824 -1.201891
-1.704834 -0.294800 -0.596313 -3.314694 -0.573177 -1.159407
-1.758179 0.071777 -0.593018 -3.418412 0.139556 -1.152999
-1.640137 0.264038 -0.631592 -3.188904 0.513367 -1.227999
-0.923096 0.261597 -0.538818 -1.794767 0.508620 -1.047620
-0.417480 0.144287 -0.430420 -0.811704 0.280536 -0.836862
-0.567139 0.189575 -0.281738 -1.102683 0.368589 -0.547781
-0.717163 0.425415 -0.112549 -1.394374 0.827131 -0.218828
-0.563965 0.271851 -0.202881 -1.096512 0.528557 -0.394460
-0.036987 0.255005 -0.299072 -0.071914 0.495804 -0.581484
0.597412 0.196045 -0.251587 1.161543 0.381168 -0.489158
0.730591 0.248413 -0.232178 1.420482 0.482987 -0.451421
0.824341 0.327026 -0.248291 1.602759 0.635835 -0.482750
0.964233 0.239990 -0.253418 1.874751 0.466611 -0.492718
1.119263 0.222656 -0.265991 2.176173 0.432909 -0.517164
1.207764 0.289063 -0.254883 2.348245 0.562022 -0.495567
1.166260 0.362549 -0.188965 2.267549 0.704901 -0.367403
1.084839 0.510254 -0.033203 2.109243 0.992082 -0.064557
0.979858 0.716553 0.098022 1.905131 1.393188 0.190584
0.888916 0.723267 0.035645 1.728312 1.406241 0.069303
0.849609 0.399780 -0.068359 1.651888 0.777289 -0.132911
0.832275 0.051880 -0.130371 1.618186 0.100870 -0.253479
0.789185 -0.058594 -0.145874 1.534405 -0.113923 -0.283622
0.640503 -0.041626 -0.130859 1.245324 -0.080933 -0.254429
0.442505 -0.026001 -0.136475 0.860359 -0.050553 -0.265346
0.244141 0.051392 -0.100586 0.474681 0.099920 -0.195568
0.132690 0.118896 -0.097412 0.257989 0.231169 -0.189398
0.116943 0.008057 -0.102539 0.227372 0.015664 -0.199366
0.017578 -0.095459 -0.061157 0.034177 -0.185600 -0.118907
-0.095947 -0.038940 -0.036621 -0.186549 -0.075712 -0.071202
-0.121338 0.002197 -0.026245 -0.235916 0.004272 -0.051028
-0.094727 0.067749 -0.032837 -0.184176 0.131724 -0.063845
-0.085327 0.057129 -0.026001 -0.165901 0.111075 -0.050553
-0.110229 0.003174 -0.013794 -0.214318 0.006171 -0.026819
-0.142212 -0.057495 0.013916 -0.276501 -0.111787 0.027057
-0.145996 -0.037598 0.061035 -0.283859 -0.073101 0.118670
-0.117310 0.026123 0.095093 -0.228084 0.050791 0.184888
-0.065796 0.068115 0.112427 -0.127926 0.132436 0.218590
-0.015503 0.046509 0.107910 -0.030142 0.090427 0.209809
-0.005249 0.045166 0.054443 -0.010206 0.087816 0.105854
-0.005371 0.021851 -0.006592 -0.010443 0.042484 -0.012816
