-0.284058 0.313354 0.012817 -0.552291 0.609253 0.024921
-0.102417 0.421265 -0.020386 -0.199128 0.819061 -0.039636
-0.096924 0.210327 -0.102295 -0.188448 0.408937 -0.198891
-0.239258 -0.106323 0.039185 -0.465187 -0.206723 0.076186
-0.119507 0.478638 0.344971 -0.232356 0.930611 0.670724
0.134399 0.595825 0.243164 0.261312 1.158458 0.472782
0.258057 -0.051758 -0.072144 0.501737 -0.100632 -0.140268
0.454834 0.012451 0.044922 0.884330 0.024209 0.087341
0.540283 0.074707 0.119995 1.050468 0.145252 0.233305
0.795166 0.166626 0.089478 1.546035 0.323969 0.173970
0.947388 -0.012451 0.205444 1.841998 -0.024209 0.399444
1.181152 -0.192505 0.187866 2.296504 -0.374286 0.365267
1.602661 0.170410 0.150635 3.116041 0.331327 0.292878
1.836670 0.399170 0.148071 3.571022 0.776103 0.287894
1.164185 0.141479 0.247559 2.263514 0.275077 0.481326
0.436279 0.238037 0.134644 0.848254 0.462814 0.261786
0.112427 0.302734 -0.360107 0.218590 0.588604 -0.700154
0.105225 -0.082642 -0.941650 0.204587 -0.160679 -1.830843
0.216187 -0.368652 -1.000488 0.420330 -0.716768 -1.945241
0.162231 -0.210449 -0.937866 0.315425 -0.409175 -1.823485
-0.039429 -0.021851 -0.974121 -0.076661 -0.042484 -1.893975
-0.278564 -0.190796 -1.223999 -0.541611 -0.370963 -2.379811
-0.551392 -0.308105 -1.328003 -1.072066 -0.599047 -2.582025
-0.755981 -0.364258 -1.120117 -1.469848 -0.708223 -2.177835
-0.764160 -0.435181 -0.635986 -1.485750 -0.846118 -1.236543
-0.828857 -0.543213 -0.104004 -1.611541 -1.056164 -0.202214
-0.934082 -0.617920 0.308716 -1.816128 -1.201416 0.600234
-1.068115 -0.574097 0.682129 -2.076727 -1.116211 1.326257
-0.724243 -0.634888 0.930542 -1.408140 -1.234407 1.809245
-0.308716 -0.499268 1.257080 -0.600234 -0.970722 2.444130
0.162842 -0.279297 1.367188 0.316612 -0.543035 2.658211
0.886353 -0.205078 1.012329 1.723328 -0.398732 1.968263
1.090454 0.205688 0.757202 2.120161 0.399918 1.472222
0.777588 0.325317 0.682861 1.511858 0.632512 1.327682
0.529785 0.062866 0.367065 1.030057 0.122230 0.713682
0.244263 -0.057373 0.054688 0.474918 -0.111550 0.106328
0.020874 -0.000854 0.002930 0.040585 -0.001661 0.005696
-0.087402 -0.131714 0.034790 -0.169936 -0.256090 0.067642
-0.270996 -0.373291 -0.036987 -0.526895 -0.725787 -0.071914
-0.465210 -0.457520 -0.209961 -0.904504 -0.889551 -0.408225
-0.626953 -0.515015 -0.361572 -1.218980 -1.001339 -0.703002
-0.815063 -0.584351 -0.494141 -1.584721 -1.136148 -0.960754
-0.995850 -0.568604 -0.581177 -1.936222 -1.105531 -1.129977
-1.129883 -0.366577 -0.673584 -2.196822 -0.712733 -1.309644
-1.225830 -0.071777 -0.869751 -2.383371 -0.139556 -1.691050
-1.101196 0.112549 -0.979004 -2.141047 0.218828 -1.903469
-0.861572 0.224976 -0.714600 -1.675148 0.437418 -1.389390
-0.324341 0.142334 -0.583618 -0.630613 0.276739 -1.134724
-0.190308 0.198364 -0.586182 -0.370014 0.385678 -1.139708
-0.211548 0.265381 -0.375000 -0.411311 0.515978 -0.729109
-0.127930 0.153931 -0.111328 -0.248733 0.299286 -0.216454
-0.058350 0.115601 0.067383 -0.113449 0.224761 0.131012
-0.060669 0.093018 0.069946 -0.117958 0.180853 0.135996
-0.006104 0.029297 0.053223 -0.011867 0.056962 0.103480
0.045532 0.038818 0.046509 0.088528 0.075474 0.090427
0.009888 0.072998 0.045776 0.019225 0.141929 0.089003
-0.032227 0.035522 0.028564 -0.062658 0.069066 0.055538
-0.064209 -0.025879 -0.017578 -0.124841 -0.050316 -0.034177
-0.078247 -0.025879 -0.066040 -0.152135 -0.050316 -0.128401
-0.086548 -0.007446 -0.052612 -0.168274 -0.014478 -0.102294
-0.084351 0.017212 -0.088379 -0.164002 0.033465 -0.171834
-0.033936 0.018921 -0.112427 -0.065981 0.036788 -0.218590
-0.005005 0.043701 -0.102539 -0.009731 0.084968 -0.199366
-0.037720 0.010010 -0.096558 -0.073338 0.019462 -0.187736
-0.070679 0.020508 -0.087036 -0.137420 0.039873 -0.169224
-0.037598 -0.005981 -0.068237 -0.073101 -0.011630 -0.132673
0.027710 -0.036499 -0.063721 0.053876 -0.070965 -0.123892
-0.029785 -0.002441 -0.078247 -0.057911 -0.004747 -0.152135
-0.029541 -0.003418 -0.106567 -0.057436 -0.006646 -0.207198
-0.039917 0.020874 -0.155029 -0.077610 0.040585 -0.301422
-0.026001 0.005981 -0.157959 -0.050553 0.011630 -0.307118
-0.040161 -0.035522 -0.133057 -0.078085 -0.069066 -0.258701
-0.006470 -0.026489 -0.089355 -0.012579 -0.051503 -0.173733
0.026367 0.012817 -0.062988 0.051266 0.024921 -0.122468
-0.061401 0.052002 -0.046753 -0.119382 0.101107 -0.090901
-0.054199 0.040527 -0.053223 -0.105379 0.078797 -0.103480
-0.062866 0.023926 -0.090210 -0.122230 0.046519 -0.175394
-0.026733 0.023804 -0.102783 -0.051978 0.046281 -0.199841
0.027710 0.009644 -0.090454 0.053876 0.018750 -0.175869
0.054443 -0.005615 -0.100708 0.105854 -0.010918 -0.195806
