0.685913 -0.236206 -0.291260 1.333615 -0.459253 -0.566294
0.499146 0.060547 -0.158813 0.970484 0.117721 -0.308780
0.175537 0.149902 -0.113281 0.341295 0.291454 -0.220252
-0.019531 0.157104 -0.101440 -0.037974 0.305457 -0.197230
-0.108032 0.025757 0.035645 -0.210046 0.050079 0.069303
-0.187988 0.026367 0.072021 -0.365504 0.051266 0.140031
-0.322388 -0.030762 0.017456 -0.626816 -0.059810 0.033940
-0.585693 -0.121094 0.281250 -1.138759 -0.235442 0.546832
-0.885864 -0.189331 0.404419 -1.722378 -0.368115 0.786308
-1.050781 -0.286133 0.400391 -2.043025 -0.556326 0.778476
-1.226074 -0.027832 0.281006 -2.383846 -0.054114 0.546357
-1.353149 -0.253784 0.002563 -2.630917 -0.493430 0.004984
-1.269897 -0.282471 -0.183838 -2.469051 -0.549205 -0.357434
-1.184448 -0.013672 -0.375610 -2.302913 -0.026582 -0.730296
-0.873901 0.234253 -0.750244 -1.699119 0.455456 -1.458693
-0.300903 0.205444 -1.196289 -0.585044 0.399444 -2.325935
0.075562 0.235229 -1.603149 0.146914 0.457355 -3.116990
0.323853 0.402466 -1.774902 0.629664 0.782511 -3.450928
0.592896 0.560059 -1.696777 1.152762 1.088917 -3.299030
0.963989 0.585815 -1.421143 1.874276 1.138996 -2.763116
1.374634 0.413086 -1.028198 2.672689 0.803160 -1.999117
1.678589 0.177246 -0.589478 3.263666 0.344618 -1.146116
1.635620 0.147949 -0.166626 3.180122 0.287656 -0.323969
1.369263 0.227539 0.179810 2.662246 0.442402 0.349602
1.110474 0.266113 0.458740 2.159085 0.517402 0.891925
0.880127 0.237915 0.554565 1.711223 0.462576 1.078237
0.588501 0.133789 0.611694 1.144217 0.260125 1.189312
0.197754 -0.054321 0.629150 0.384491 -0.105616 1.223252
-0.187744 -0.069458 0.543701 -0.365029 -0.135047 1.057114
-0.627686 -0.019043 0.484741 -1.220404 -0.037025 0.942478
-0.967041 -0.184204 0.454346 -1.880210 -0.358146 0.883381
-1.109985 -0.398682 0.406494 -2.158135 -0.775153 0.790343
-1.179688 -0.572510 0.321655 -2.293657 -1.113126 0.625392
-1.215820 -0.663452 0.202393 -2.363909 -1.289944 0.393510
-1.296143 -0.726807 0.159912 -2.520079 -1.413124 0.310916
-1.577637 -0.484009 0.193604 -3.067386 -0.941054 0.376422
-1.374512 -0.262695 0.160767 -2.672451 -0.510756 0.312577
-1.021606 -0.094727 0.063721 -1.986301 -0.184176 0.123892
-0.457031 -0.118652 -0.062134 -0.888602 -0.230695 -0.120806
-0.182983 -0.019287 -0.120361 -0.355773 -0.037500 -0.234018
-0.053223 0.051758 -0.144043 -0.103480 0.100632 -0.280062
-0.030396 0.100952 -0.180298 -0.059098 0.196280 -0.350552
-0.016724 0.121582 -0.222168 -0.032516 0.236391 -0.431959
-0.030151 0.108887 -0.197388 -0.058623 0.211708 -0.383779
0.006104 0.090210 -0.123901 0.011867 0.175394 -0.240900
0.023438 0.145630 -0.070679 0.045569 0.283147 -0.137420
0.060303 0.142822 -0.078979 0.117246 0.277688 -0.153559
0.071411 0.077148 -0.127686 0.138844 0.149999 -0.248258
0.054565 0.031250 -0.131104 0.106091 0.060759 -0.254903
-0.007935 0.092773 -0.108276 -0.015427 0.180379 -0.210521
-0.079956 0.118896 -0.086670 -0.155458 0.231169 -0.168512
-0.062012 0.073975 -0.085449 -0.120569 0.143828 -0.166138
-0.033569 0.039917 -0.100952 -0.065269 0.077610 -0.196280
0.012451 0.036377 -0.083984 0.024209 0.070727 -0.163290
0.052734 0.052368 -0.074097 0.102531 0.101819 -0.144066
0.046265 0.021851 -0.106934 0.089952 0.042484 -0.207910
0.006592 -0.032715 -0.123047 0.012816 -0.063607 -0.239239
0.041870 0.024780 -0.117798 0.081408 0.048180 -0.229033
0.090820 0.028809 -0.142700 0.176581 0.056012 -0.277451
0.103149 0.021240 -0.166138 0.200553 0.041297 -0.323020
0.053589 -0.007324 -0.154907 0.104192 -0.014240 -0.301185
-0.026733 0.022705 -0.153931 -0.051978 0.044145 -0.299286
-0.047119 0.037476 -0.125000 -0.091613 0.072863 -0.243036
-0.041504 0.017822 -0.111816 -0.080696 0.034652 -0.217404
-0.053467 0.158569 -0.111328 -0.103955 0.308305 -0.216454
-0.112183 0.342529 -0.082153 -0.218116 0.665977 -0.159730
-0.060181 0.217163 -0.095215 -0.117009 0.422228 -0.185125
0.090454 -0.079712 -0.146118 0.175869 -0.154983 -0.284096
0.110840 -0.088623 -0.157471 0.215505 -0.172309 -0.306169
0.000366 0.072754 -0.107788 0.000712 0.141455 -0.209571
-0.059692 0.081299 -0.078003 -0.116059 0.158069 -0.151660
-0.042725 0.039673 -0.103027 -0.083069 0.077136 -0.200315
-0.008057 0.025146 -0.114990 -0.015664 0.048892 -0.223575
-0.003052 0.017090 -0.101074 -0.005934 0.033228 -0.196518
-0.008545 0.014404 -0.094849 -0.016614 0.028006 -0.184413
-0.005615 0.016357 -0.101440 -0.010918 0.031804 -0.197230
-0.007568 0.041260 -0.109741 -0.014715 0.080221 -0.213369
-0.009399 0.030762 -0.113281 -0.018275 0.059810 -0.220252
0.000244 0.023315 -0.113525 0.000475 0.045332 -0.220726
0.001099 0.032837 -0.119629 0.002136 0.063845 -0.232593
