0.382080 -0.012695 -0.117920 0.742875 -0.024683 -0.229271
0.305664 -0.099365 -0.179810 0.594300 -0.193195 -0.349602
0.246460 -0.095947 -0.168091 0.479190 -0.186549 -0.326818
0.211304 -0.023682 -0.204834 0.410836 -0.046044 -0.398257
0.246826 -0.078003 -0.251465 0.479902 -0.151660 -0.488921
0.218750 -0.171509 -0.338013 0.425314 -0.333463 -0.657195
0.170288 -0.112671 -0.177002 0.331090 -0.219065 -0.344143
-0.018921 -0.062744 -0.203125 -0.036788 -0.121993 -0.394934
-0.247803 -0.061890 -0.183960 -0.481801 -0.120332 -0.357672
-0.391724 -0.031860 -0.193481 -0.761625 -0.061946 -0.376184
-0.464355 -0.045898 -0.272339 -0.902842 -0.089240 -0.529506
-0.656982 -0.076172 -0.334351 -1.277365 -0.148100 -0.650075
-1.051025 -0.034058 -0.259644 -2.043500 -0.066218 -0.504823
-1.314697 0.097412 -0.224487 -2.556155 0.189398 -0.436469
-1.376587 0.039917 -0.028687 -2.676486 0.077610 -0.055775
-1.264771 0.059082 0.243042 -2.459083 0.114873 0.472545
-1.025757 0.091553 0.182617 -1.994370 0.178005 0.355061
-0.656372 -0.127441 -0.049316 -1.276179 -0.247783 -0.095885
-0.334961 -0.263062 -0.255249 -0.651262 -0.511468 -0.496279
-0.191528 -0.184814 -0.229858 -0.372387 -0.359333 -0.446912
-0.077026 0.062866 -0.097046 -0.149762 0.122230 -0.188686
0.250854 0.253296 -0.001099 0.487734 0.492481 -0.002136
0.683228 0.185425 -0.112671 1.328394 0.360520 -0.219065
1.064209 0.024902 -0.231934 2.069133 0.048417 -0.450947
1.332886 -0.153442 -0.263062 2.591519 -0.298337 -0.511468
1.228271 -0.165283 -0.325684 2.388118 -0.321359 -0.633224
1.186279 -0.199463 -0.387939 2.306473 -0.387814 -0.754267
1.123291 -0.224121 -0.458984 2.184005 -0.435757 -0.892399
0.895264 -0.120239 -0.545898 1.740654 -0.233780 -1.061386
0.590210 -0.031250 -0.536133 1.147540 -0.060759 -1.042399
0.378052 -0.064209 -0.508057 0.735043 -0.124841 -0.987810
0.192505 -0.012695 -0.525757 0.374286 -0.024683 -1.022225
-0.014526 0.152954 -0.529175 -0.028243 0.297387 -1.028870
-0.213257 0.235718 -0.489136 -0.414633 0.458304 -0.951023
-0.387573 0.205566 -0.455322 -0.753555 0.399681 -0.885279
-0.574829 0.164185 -0.396851 -1.117635 0.319223 -0.771593
-0.766724 0.147217 -0.309814 -1.490734 0.286232 -0.602370
-0.964478 0.077026 -0.237061 -1.875226 0.149762 -0.460915
-0.997437 0.064575 -0.149414 -1.939307 0.125553 -0.290505
-0.805298 0.121948 0.014526 -1.565734 0.237103 0.028243
-0.504761 0.016602 -0.009033 -0.981402 0.032278 -0.017563
-0.312866 -0.063232 -0.159180 -0.608303 -0.122942 -0.309492
-0.234619 0.010498 -0.189331 -0.456168 0.020411 -0.368115
-0.062378 0.023193 -0.172974 -0.121281 0.045095 -0.336311
-0.044678 0.118896 -0.224976 -0.086867 0.231169 -0.437418
-0.027710 0.066650 -0.222046 -0.053876 0.129588 -0.431722
-0.016113 -0.086304 -0.213623 -0.031329 -0.167800 -0.415345
0.042236 -0.048950 -0.222534 0.082120 -0.095173 -0.432671
0.043335 0.067871 -0.202515 0.084256 0.131961 -0.393748
0.019897 0.125977 -0.124268 0.038686 0.244935 -0.241612
0.027344 0.076416 -0.078613 0.053164 0.148575 -0.152847
0.001343 0.020996 -0.103271 0.002611 0.040823 -0.200790
-0.018799 0.032593 -0.142944 -0.036550 0.063370 -0.277925
0.009033 0.039673 -0.125122 0.017563 0.077136 -0.243274
0.000732 0.074219 -0.116455 0.001424 0.144303 -0.226423
-0.025024 0.096313 -0.109497 -0.048655 0.187261 -0.212894
-0.048462 0.100830 -0.124390 -0.094224 0.196043 -0.241850
-0.036621 0.096069 -0.134644 -0.071202 0.186787 -0.261786
-0.006714 0.058350 -0.119751 -0.013054 0.113449 -0.232831
-0.025879 0.080200 -0.125854 -0.050316 0.155933 -0.244698
-0.062134 0.092163 -0.139771 -0.120806 0.179192 -0.271755
-0.034912 0.071655 -0.124634 -0.067879 0.139319 -0.242324
-0.018921 0.046021 -0.111694 -0.036788 0.089477 -0.217166
-0.025146 0.023682 -0.108643 -0.048892 0.046044 -0.211233
-0.043213 0.015137 -0.121216 -0.084018 0.029430 -0.235679
-0.056396 0.003540 -0.140381 -0.109651 0.006883 -0.272941
-0.035278 0.004517 -0.106689 -0.068591 0.008782 -0.207435
-0.028198 -0.002441 -0.083618 -0.054826 -0.004747 -0.162578
-0.048584 0.033325 -0.062256 -0.094461 0.064794 -0.121044
-0.076294 0.063354 -0.043091 -0.148338 0.123180 -0.083781
-0.088989 0.033569 -0.048828 -0.173021 0.065269 -0.094936
-0.065186 -0.008423 -0.065063 -0.126740 -0.016376 -0.126502
-0.035034 -0.090942 -0.086914 -0.068117 -0.176819 -0.168986
-0.013306 -0.092896 -0.133179 -0.025870 -0.180616 -0.258938
0.014038 -0.023438 -0.133423 0.027294 -0.045569 -0.259413
0.028442 -0.006226 -0.150146 0.055300 -0.012104 -0.291929
0.046875 -0.011475 -0.193726 0.091139 -0.022310 -0.376659
0.037476 -0.030029 -0.206055 0.072863 -0.058386 -0.400630
0.006470 0.005859 -0.195923 0.012579 0.011392 -0.380931
-0.011719 0.032471 -0.207520 -0.022785 0.063133 -0.403478
