-0.330933 0.047852 -0.253906 -0.643430 0.093037 -0.493668
-0.207275 0.041626 -0.246582 -0.403004 0.080933 -0.479427
-0.377197 0.101563 -0.271118 -0.733381 0.197467 -0.527133
-0.653564 -0.020020 -0.316284 -1.270720 -0.038924 -0.614949
-0.486938 -0.104980 -0.281372 -0.946750 -0.204113 -0.547069
0.288452 -0.280273 -0.085938 0.560835 -0.544933 -0.167088
0.568481 -0.131836 0.263062 1.105294 -0.256328 0.511468
0.292969 0.017212 0.453003 0.569617 0.033465 0.880770
0.282837 -0.073730 0.376221 0.549917 -0.143354 0.731483
0.500977 -0.180664 0.382324 0.974045 -0.351264 0.743350
0.877197 -0.229858 0.420654 1.705527 -0.446912 0.817875
1.108032 -0.338379 0.291382 2.154338 -0.657907 0.566531
1.220337 -0.487061 0.016113 2.372691 -0.946988 0.031329
1.324463 -0.514648 -0.303955 2.575142 -1.000627 -0.590977
1.326172 -0.510254 -0.510010 2.578465 -0.992082 -0.991608
1.280396 -0.464233 -0.668579 2.489462 -0.902605 -1.299913
1.070068 -0.322388 -0.775391 2.080525 -0.626816 -1.507586
0.836426 -0.089844 -0.864502 1.626256 -0.174682 -1.680844
0.640625 0.006836 -0.940796 1.245562 0.013291 -1.829182
0.489380 0.005615 -1.001709 0.951497 0.010918 -1.947614
0.191284 0.002319 -1.027344 0.371912 0.004509 -1.997456
-0.179688 0.085449 -1.003906 -0.349365 0.166138 -1.951887
-0.526978 0.267212 -0.933594 -1.024598 0.519538 -1.815179
-0.817627 0.504150 -0.815552 -1.589705 0.980215 -1.585670
-1.107544 0.677979 -0.696045 -2.153389 1.318188 -1.353314
-1.343872 0.678589 -0.513062 -2.612879 1.319375 -0.997541
-1.424927 0.407959 -0.344360 -2.770473 0.793191 -0.669537
-1.194580 0.065552 -0.069092 -2.322612 0.127452 -0.134335
-0.847412 -0.046875 0.367920 -1.647616 -0.091139 0.715344
-0.522095 -0.202148 0.758301 -1.015104 -0.393036 1.474358
-0.216309 -0.477539 0.986328 -0.420567 -0.928475 1.917709
0.059692 -0.583130 1.046753 0.116059 -1.133775 2.035193
0.350708 -0.499146 0.992676 0.681879 -0.970484 1.930051
0.537476 -0.380737 0.849121 1.045009 -0.740264 1.650939
0.566650 -0.257324 0.619751 1.101734 -0.500313 1.204977
0.480347 -0.188965 0.382935 0.933934 -0.367403 0.744536
0.287598 -0.147461 0.207275 0.559174 -0.286707 0.403004
0.128662 -0.023193 0.066895 0.250157 -0.045095 0.130062
-0.007568 0.062012 -0.098389 -0.014715 0.120569 -0.191296
-0.128906 0.060547 -0.314209 -0.250631 0.117721 -0.610914
-0.257202 0.058228 -0.533936 -0.500076 0.113211 -1.038126
-0.452271 0.100830 -0.707764 -0.879346 0.196043 -1.376099
-0.630127 0.174805 -0.820923 -1.225151 0.339871 -1.596113
-0.717773 0.249512 -0.932739 -1.395561 0.485124 -1.813517
-0.775146 0.258179 -1.077881 -1.507111 0.501975 -2.095715
-0.810059 0.229370 -1.248779 -1.574990 0.445962 -2.427991
-0.865967 0.317383 -1.390869 -1.683692 0.617085 -2.704255
-0.731079 0.349487 -1.410034 -1.421431 0.679505 -2.741518
-0.429199 0.247803 -1.276367 -0.834488 0.481801 -2.481630
-0.237671 0.122437 -1.096313 -0.462102 0.238052 -2.131553
-0.139893 0.089478 -0.869141 -0.271992 0.173970 -1.689863
-0.024902 0.052002 -0.585083 -0.048417 0.101107 -1.137572
0.059082 0.069336 -0.440552 0.114873 0.134809 -0.856561
0.078369 0.059937 -0.408936 0.152372 0.116534 -0.795090
0.012939 0.027222 -0.352539 0.025158 0.052927 -0.685439
-0.028564 0.097656 -0.281372 -0.055538 0.189872 -0.547069
0.001343 0.148071 -0.229248 0.002611 0.287894 -0.445725
0.040161 0.104248 -0.191284 0.078085 0.202689 -0.371912
0.059326 0.066406 -0.186401 0.115347 0.129113 -0.362419
0.081421 0.040039 -0.196045 0.158306 0.077848 -0.381168
0.059937 -0.009644 -0.200562 0.116534 -0.018750 -0.389950
-0.007202 0.007080 -0.187012 -0.014003 0.013766 -0.363605
-0.046387 0.020264 -0.154053 -0.090189 0.039398 -0.299523
-0.049194 -0.009521 -0.130249 -0.095648 -0.018513 -0.253242
-0.030151 -0.021484 -0.124512 -0.058623 -0.041772 -0.242087
-0.005005 -0.028564 -0.127319 -0.009731 -0.055538 -0.247546
0.019165 -0.007324 -0.117554 0.037262 -0.014240 -0.228559
0.021729 -0.008301 -0.100586 0.042247 -0.016139 -0.195568
0.020996 -0.018921 -0.091553 0.040823 -0.036788 -0.178005
0.014404 -0.033691 -0.083252 0.028006 -0.065506 -0.161866
0.004028 -0.050781 -0.068848 0.007832 -0.098734 -0.133860
-0.020386 -0.037964 -0.047485 -0.039636 -0.073813 -0.092325
-0.039063 -0.014771 -0.040649 -0.075949 -0.028718 -0.079034
-0.055908 -0.022339 -0.045532 -0.108702 -0.043433 -0.088528
-0.067749 -0.035034 -0.043579 -0.131724 -0.068117 -0.084730
-0.083252 -0.061890 -0.048096 -0.161866 -0.120332 -0.093512
-0.072266 -0.052612 -0.057983 -0.140505 -0.102294 -0.112737
-0.050903 -0.016602 -0.093506 -0.098971 -0.032278 -0.181803
-0.042236 -0.010498 -0.136230 -0.082120 -0.020411 -0.264872
-0.063843 -0.041870 -0.152832 -0.124129 -0.081408 -0.297150
