-0.261475 0.018066 -0.243164 -0.508383 0.035126 -0.472782
-0.258179 -0.059448 -0.286133 -0.501975 -0.115585 -0.556326
-0.457397 -0.134766 -0.269165 -0.889314 -0.262024 -0.523335
-0.390869 -0.135620 -0.026123 -0.759964 -0.263685 -0.050791
0.027588 -0.052856 0.328003 0.053639 -0.102768 0.637733
0.124268 -0.018433 0.600830 0.241612 -0.035838 1.168189
0.316772 -0.189575 0.535889 0.615898 -0.368589 1.041924
0.554810 -0.161499 0.321411 1.078712 -0.314001 0.624917
0.712646 -0.327759 0.151367 1.385593 -0.637259 0.294302
1.024170 -0.394287 0.053589 1.991285 -0.766609 0.104192
1.202393 -0.415649 -0.018799 2.337802 -0.808144 -0.036550
1.275269 -0.606689 -0.159302 2.479494 -1.179581 -0.309729
1.305176 -0.585327 -0.278442 2.537642 -1.138047 -0.541373
1.162964 -0.510010 -0.391724 2.261141 -0.991608 -0.761625
1.085205 -0.402344 -0.548340 2.109955 -0.782274 -1.066133
1.068970 -0.315674 -0.785645 2.078389 -0.613762 -1.527522
0.936768 -0.511230 -1.003296 1.821349 -0.993981 -1.950700
0.757202 -0.498291 -1.116577 1.472222 -0.968823 -2.170952
0.506348 -0.424683 -1.156860 0.984487 -0.825707 -2.249274
0.222290 -0.271851 -1.198120 0.432197 -0.528557 -2.329495
-0.120361 0.017822 -1.162476 -0.234018 0.034652 -2.260191
-0.464111 0.277466 -1.091187 -0.902368 0.539474 -2.121585
-0.743530 0.529419 -0.929932 -1.445640 1.029345 -1.808058
-0.989868 0.583130 -0.730835 -1.924592 1.133775 -1.420956
-1.114258 0.414917 -0.595093 -2.166442 0.806720 -1.157034
-1.058228 0.190552 -0.511841 -2.057503 0.370488 -0.995168
-0.843994 0.176147 -0.257935 -1.640971 0.342482 -0.501500
-0.681885 0.073364 0.159058 -1.325783 0.142642 0.309254
-0.589966 0.008179 0.666870 -1.147066 0.015902 1.296590
-0.500610 -0.124878 1.186279 -0.973333 -0.242799 2.306473
-0.301392 -0.203979 1.537598 -0.585993 -0.396596 2.989538
-0.023315 -0.273804 1.569580 -0.045332 -0.532354 3.051721
0.259888 -0.291870 1.367920 0.505297 -0.567481 2.659635
0.544434 -0.311768 1.047363 1.058538 -0.606167 2.036380
0.690063 -0.326172 0.681030 1.341685 -0.634173 1.324121
0.648438 -0.283325 0.335815 1.260752 -0.550867 0.652923
0.561890 -0.186523 0.078247 1.092477 -0.362656 0.152135
0.426514 -0.106567 -0.059937 0.829267 -0.207198 -0.116534
0.281128 -0.030273 -0.182129 0.546595 -0.058860 -0.354112
0.117188 -0.006470 -0.304932 0.227847 -0.012579 -0.592876
-0.085327 -0.046021 -0.461914 -0.165901 -0.089477 -0.898096
-0.350098 -0.088745 -0.623291 -0.680692 -0.172546 -1.211859
-0.652588 -0.034790 -0.768311 -1.268821 -0.067642 -1.493820
-0.901733 0.103149 -0.945190 -1.753233 0.200553 -1.837726
-1.154907 0.232910 -1.171021 -2.245476 0.452845 -2.276805
-1.309570 0.373291 -1.331055 -2.546187 0.725787 -2.587959
-1.262695 0.461426 -1.391235 -2.455048 0.897146 -2.704967
-1.144409 0.501465 -1.315063 -2.225065 0.974994 -2.556867
-1.001465 0.584595 -1.005859 -1.947140 1.136623 -1.955684
-0.743286 0.622559 -0.578979 -1.445165 1.210436 -1.125705
-0.479980 0.489990 -0.223755 -0.933222 0.952684 -0.435045
-0.288208 0.254883 -0.056030 -0.560360 0.495567 -0.108939
-0.088623 -0.024658 -0.057007 -0.172309 -0.047943 -0.110838
0.064575 -0.228394 -0.123779 0.125553 -0.444064 -0.240663
0.132202 -0.285400 -0.139893 0.257040 -0.554902 -0.271992
0.141968 -0.243652 -0.112305 0.276027 -0.473731 -0.218353
0.127319 -0.137207 -0.105347 0.247546 -0.266770 -0.204825
0.107178 -0.066528 -0.099731 0.208385 -0.129350 -0.193907
0.076660 -0.061523 -0.083984 0.149050 -0.119620 -0.163290
0.057617 -0.046021 -0.069702 0.112025 -0.089477 -0.135521
0.061157 -0.032104 -0.075073 0.118907 -0.062420 -0.145964
0.051880 -0.031250 -0.126587 0.100870 -0.060759 -0.246122
0.015991 -0.040283 -0.179199 0.031092 -0.078322 -0.348416
-0.010498 -0.051392 -0.191528 -0.020411 -0.099920 -0.372387
-0.034912 -0.055542 -0.183716 -0.067879 -0.107990 -0.357197
-0.046631 -0.031860 -0.171875 -0.090664 -0.061946 -0.334175
-0.023071 0.005249 -0.172119 -0.044857 0.010206 -0.334650
0.010254 -0.019531 -0.177368 0.019937 -0.037974 -0.344855
0.041138 -0.048096 -0.199219 0.079984 -0.093512 -0.387339
0.070190 -0.022461 -0.207153 0.136471 -0.043671 -0.402766
0.083130 -0.027832 -0.205933 0.161629 -0.054114 -0.400393
0.068970 -0.025879 -0.199219 0.134097 -0.050316 -0.387339
0.017822 -0.015137 -0.152832 0.034652 -0.029430 -0.297150
-0.013550 -0.004028 -0.093262 -0.026345 -0.007832 -0.181328
-0.024780 -0.003296 -0.081665 -0.048180 -0.006408 -0.158781
-0.028931 0.009155 -0.107666 -0.056250 0.017801 -0.209334
-0.023926 0.009155 -0.127075 -0.046519 0.017801 -0.247071
-0.013184 0.026123 -0.135132 -0.025633 0.050791 -0.262736
-0.024414 0.033569 -0.141113 -0.047468 0.065269 -0.274365
-0.031250 0.034668 -0.151123 -0.060759 0.067405 -0.293827
