-0.023804 0.349609 -0.074219 -0.046281 0.679743 -0.144303
-0.238281 0.371948 -0.093262 -0.463288 0.723176 -0.181328
-0.462891 0.270386 -0.288574 -0.899994 0.525709 -0.561072
-0.573853 0.123657 -0.285522 -1.115737 0.240426 -0.555139
-0.799316 -0.103027 -0.234009 -1.554104 -0.200315 -0.454981
-1.139893 -0.380005 -0.255005 -2.216284 -0.738840 -0.495804
-1.349976 -0.303955 -0.298096 -2.624746 -0.590977 -0.579585
-1.552246 0.228394 -0.407471 -3.018019 0.444064 -0.792242
-1.740601 0.366455 -0.641846 -3.384235 0.712496 -1.247935
-1.470581 0.609375 -0.434082 -2.859238 1.184803 -0.843982
-1.213379 0.351929 -0.437256 -2.359162 0.684252 -0.850153
-0.918945 0.037720 -0.406372 -1.786698 0.073338 -0.790106
-0.452393 -0.101440 -0.307861 -0.879583 -0.197230 -0.598572
0.068970 -0.272095 -0.159668 0.134097 -0.529032 -0.310441
0.403687 -0.490967 -0.199829 0.784884 -0.954583 -0.388526
0.667603 -0.515137 -0.317261 1.298014 -1.001576 -0.616847
0.986328 -0.461426 -0.480347 1.917709 -0.897146 -0.933934
1.193481 -0.508057 -0.607178 2.320476 -0.987810 -1.180531
1.276245 -0.499512 -0.613647 2.481393 -0.971196 -1.193110
1.285889 -0.429321 -0.507690 2.500143 -0.834726 -0.987098
1.215820 -0.224854 -0.439209 2.363909 -0.437181 -0.853950
1.114380 -0.064941 -0.439087 2.166679 -0.126265 -0.853713
0.988403 -0.043945 -0.473145 1.921744 -0.085443 -0.919931
0.865356 -0.119019 -0.484131 1.682505 -0.231407 -0.941292
0.658691 -0.202148 -0.467407 1.280688 -0.393036 -0.908776
0.386230 -0.184814 -0.404175 0.750945 -0.359333 -0.785834
0.118896 -0.110352 -0.343262 0.231169 -0.214556 -0.667401
-0.063599 0.024780 -0.316040 -0.123654 0.048180 -0.614474
-0.257324 0.086548 -0.304077 -0.500313 0.168274 -0.591215
-0.416626 0.034058 -0.322632 -0.810042 0.066218 -0.627290
-0.615601 -0.060181 -0.296997 -1.196907 -0.117009 -0.577449
-0.898071 0.019897 -0.255615 -1.746112 0.038686 -0.496991
-1.201904 0.033569 -0.270996 -2.336853 0.065269 -0.526895
-1.491455 -0.019897 -0.373535 -2.899824 -0.038686 -0.726261
-1.689575 0.035156 -0.478882 -3.285027 0.068354 -0.931086
-1.714600 0.126465 -0.598877 -3.333682 0.245885 -1.164391
-1.474854 0.235962 -0.657227 -2.867545 0.458779 -1.277840
-1.192383 0.393799 -0.507446 -2.318340 0.765660 -0.986624
-0.954956 0.302124 -0.485718 -1.856713 0.587417 -0.944377
-0.851929 0.204346 -0.335693 -1.656398 0.397308 -0.652686
-0.613403 0.150024 -0.138062 -1.192635 0.291691 -0.268432
-0.257568 0.196777 0.033691 -0.500788 0.382593 0.065506
0.261963 -0.019653 0.077881 0.509332 -0.038212 0.151423
0.726074 -0.267822 -0.040894 1.411700 -0.520725 -0.079509
0.989014 -0.322998 -0.220459 1.922931 -0.628002 -0.428637
1.176758 -0.277344 -0.341919 2.287960 -0.539237 -0.664790
1.321777 -0.241821 -0.394653 2.569921 -0.470171 -0.767321
1.405029 -0.154175 -0.437866 2.731787 -0.299761 -0.851340
1.446533 -0.133057 -0.487427 2.812482 -0.258701 -0.947700
1.339355 -0.152710 -0.532104 2.604098 -0.296913 -1.034566
1.286011 -0.124512 -0.555054 2.500380 -0.242087 -1.079186
1.183716 -0.118652 -0.534668 2.301489 -0.230695 -1.039550
0.747437 -0.048340 -0.462158 1.453235 -0.093987 -0.898570
0.482788 -0.086914 -0.353882 0.938681 -0.168986 -0.688049
0.258423 -0.093262 -0.225220 0.502449 -0.181328 -0.437893
0.126465 -0.061157 -0.174194 0.245885 -0.118907 -0.338685
0.018799 -0.130615 -0.132690 0.036550 -0.253954 -0.257989
-0.114502 -0.061768 -0.106812 -0.222625 -0.120094 -0.207673
-0.254150 0.053467 -0.103882 -0.494142 0.103955 -0.201977
-0.362183 0.047119 -0.091797 -0.704189 0.091613 -0.178480
-0.384155 0.066162 -0.106689 -0.746910 0.128638 -0.207435
-0.322754 0.047974 -0.132813 -0.627528 0.093275 -0.258226
-0.226074 0.006592 -0.162842 -0.439554 0.012816 -0.316612
-0.190918 0.208618 -0.246460 -0.371200 0.405615 -0.479190
-0.194214 0.292114 -0.288452 -0.377608 0.567955 -0.560835
-0.226440 0.206909 -0.261230 -0.440266 0.402292 -0.507908
-0.220703 0.229126 -0.214233 -0.429111 0.445488 -0.416532
-0.165771 0.145386 -0.185059 -0.322308 0.282672 -0.359808
-0.060181 0.041138 -0.177002 -0.117009 0.079984 -0.344143
0.032104 -0.095703 -0.166382 0.062420 -0.186075 -0.323495
0.066406 -0.126953 -0.151245 0.129113 -0.246834 -0.294065
-0.005371 0.028564 -0.143188 -0.010443 0.055538 -0.278400
-0.051758 -0.008423 -0.104980 -0.100632 -0.016376 -0.204113
-0.054565 -0.055908 -0.097534 -0.106091 -0.108702 -0.189635
-0.087769 0.041382 -0.094849 -0.170648 0.080458 -0.184413
-0.072876 0.054565 -0.114136 -0.141692 0.106091 -0.221913
-0.038208 -0.011963 -0.143311 -0.074288 -0.023259 -0.278637
-0.022949 0.058716 -0.146729 -0.044620 0.114161 -0.285283
0.004517 0.114258 -0.142822 0.008782 0.222151 -0.277688
0.023315 0.024780 -0.144409 0.045332 0.048180 -0.280774
