0.224121 0.283325 0.096191 0.435757 0.550867 0.187024
0.284912 0.289795 0.190186 0.553952 0.563446 0.369776
0.161987 0.130859 0.116943 0.314951 0.254429 0.227372
-0.045898 -0.195801 0.112305 -0.089240 -0.380694 0.218353
-0.165649 -0.368286 0.171509 -0.322071 -0.716056 0.333463
-0.299316 -0.475464 0.339478 -0.581958 -0.924440 0.660043
-0.143799 0.053833 0.446289 -0.279587 0.104667 0.867716
-0.151489 0.129639 0.379761 -0.294539 0.252055 0.738366
-0.422119 -0.102295 0.460815 -0.820723 -0.198891 0.895960
-0.670288 -0.258301 0.709473 -1.303236 -0.502212 1.379422
-0.800781 0.012207 0.809448 -1.556952 0.023734 1.573803
-0.959351 0.132568 0.837769 -1.865257 0.257752 1.628866
-1.105469 0.136230 0.795044 -2.149354 0.264872 1.545797
-1.162354 0.081421 0.527222 -2.259954 0.158306 1.025073
-1.135864 0.082520 -0.019775 -2.208451 0.160442 -0.038449
-1.015869 -0.044189 -0.432251 -1.975146 -0.085917 -0.840422
-0.850220 0.000732 -0.579956 -1.653075 0.001424 -1.127604
-0.858887 0.234131 -0.823975 -1.669926 0.455219 -1.602047
-0.870728 0.326660 -1.190674 -1.692948 0.635123 -2.315017
-0.728271 0.236816 -1.519653 -1.415972 0.460440 -2.954649
-0.385132 0.071167 -1.655151 -0.748809 0.138369 -3.218097
0.055542 0.037598 -1.635864 0.107990 0.073101 -3.180597
0.485352 0.173828 -1.416016 0.943665 0.337973 -2.753147
0.927246 0.276245 -1.109375 1.802837 0.537101 -2.156949
1.194336 0.118530 -0.890137 2.322137 0.230457 -1.730685
1.311157 -0.127075 -0.735229 2.549272 -0.247071 -1.429501
1.354370 -0.229736 -0.593872 2.633291 -0.446674 -1.154660
1.278320 -0.222046 -0.331055 2.485427 -0.431722 -0.643667
1.176025 -0.031982 -0.088257 2.286536 -0.062183 -0.171597
1.094360 0.101685 -0.014648 2.127756 0.197704 -0.028481
1.037964 0.117920 -0.045044 2.018105 0.229271 -0.087579
0.998169 0.087524 -0.042847 1.940732 0.170173 -0.083306
0.918091 0.119629 0.003662 1.785036 0.232593 0.007120
0.750854 0.157227 0.102661 1.459880 0.305694 0.199603
0.542603 0.093262 0.221191 1.054978 0.181328 0.430061
0.299805 -0.020508 0.327393 0.582908 -0.039873 0.636547
0.036255 0.001221 0.451416 0.070490 0.002373 0.877684
-0.208496 0.116943 0.516602 -0.405377 0.227372 1.004424
-0.456909 0.173706 0.489990 -0.888365 0.337735 0.952684
-0.675659 0.094116 0.452393 -1.313679 0.182989 0.879583
-0.864624 -0.072632 0.473145 -1.681081 -0.141217 0.919931
-1.065308 -0.125854 0.539429 -2.071269 -0.244698 1.048807
-1.418579 0.207275 0.607666 -2.758132 0.403004 1.181480
-1.634766 0.601685 0.467651 -3.178461 1.169850 0.909251
-1.657349 0.494629 0.206543 -3.222369 0.961703 0.401580
-1.644287 0.231934 0.091553 -3.196974 0.450947 0.178005
-1.337158 0.218140 -0.023560 -2.599825 0.424127 -0.045807
-0.959717 0.261841 -0.095825 -1.865969 0.509095 -0.186312
-0.736084 0.321777 -0.109009 -1.431162 0.625629 -0.211945
-0.570923 0.382690 -0.153198 -1.110041 0.744062 -0.297862
-0.424194 0.293701 -0.174805 -0.824758 0.571041 -0.339871
-0.285767 0.198486 -0.191772 -0.555614 0.385915 -0.372862
-0.210938 0.107422 -0.195923 -0.410124 0.208859 -0.380931
-0.173340 0.068604 -0.164429 -0.337023 0.133385 -0.319697
-0.131348 0.061523 -0.125366 -0.255378 0.119620 -0.243748
-0.080200 0.065552 -0.130859 -0.155933 0.127452 -0.254429
-0.046753 0.020874 -0.157349 -0.090901 0.040585 -0.305932
-0.015503 -0.006348 -0.156494 -0.030142 -0.012342 -0.304270
-0.014404 0.008423 -0.145142 -0.028006 0.016376 -0.282198
-0.009033 -0.017822 -0.133545 -0.017563 -0.034652 -0.259650
-0.003052 -0.022217 -0.119995 -0.005934 -0.043196 -0.233305
-0.008667 -0.034302 -0.102783 -0.016851 -0.066693 -0.199841
0.006714 -0.026245 -0.090454 0.013054 -0.051028 -0.175869
0.030029 0.007202 -0.092773 0.058386 0.014003 -0.180379
0.038452 -0.009766 -0.108643 0.074762 -0.018987 -0.211233
0.039429 -0.019409 -0.124878 0.076661 -0.037737 -0.242799
0.023193 -0.039429 -0.129517 0.045095 -0.076661 -0.251818
0.011230 -0.041138 -0.133911 0.021835 -0.079984 -0.260362
0.029175 -0.026367 -0.151367 0.056724 -0.051266 -0.294302
0.036621 -0.005981 -0.161499 0.071202 -0.011630 -0.314001
0.034302 0.005493 -0.164673 0.066693 0.010680 -0.320172
0.026001 0.006348 -0.148071 0.050553 0.012342 -0.287894
0.022583 0.017578 -0.129639 0.043908 0.034177 -0.252055
0.002808 0.021240 -0.127930 0.005459 0.041297 -0.248733
0.000366 0.021606 -0.131714 0.000712 0.042009 -0.256090
0.019409 0.000000 -0.107300 0.037737 0.000000 -0.208622
0.015991 -0.000122 -0.083862 0.031092 -0.000237 -0.163053
-0.008423 -0.011719 -0.088379 -0.016376 -0.022785 -0.171834
-0.018677 -0.014160 -0.093750 -0.036313 -0.027531 -0.182277
-0.023804 -0.000488 -0.099976 -0.046281 -0.000949 -0.194382
