-0.119141 -0.220337 -0.320068 -0.231644 -0.428399 -0.622306
-0.217163 -0.429443 -0.342163 -0.422228 -0.834963 -0.665265
-0.082642 0.039063 -0.065430 -0.160679 0.075949 -0.127214
-0.050537 -0.026611 0.099487 -0.098259 -0.051740 0.193432
0.057739 0.110962 0.340698 0.112262 0.215742 0.662417
0.119141 0.352051 0.268555 0.231644 0.684489 0.522149
0.477783 -0.115601 -0.126099 0.928950 -0.224761 -0.245173
1.129639 -0.033936 -0.218506 2.196347 -0.065981 -0.424839
1.441162 -0.128418 -0.012207 2.802039 -0.249682 -0.023734
1.538452 0.099854 -0.011597 2.991199 0.194144 -0.022547
1.398315 0.202271 -0.068970 2.718733 0.393273 -0.134097
1.170288 0.085449 -0.158569 2.275381 0.166138 -0.308305
1.085938 0.025391 -0.282104 2.111379 0.049367 -0.548493
0.899536 -0.031372 -0.332642 1.748961 -0.060996 -0.646752
0.800659 0.167236 -0.204956 1.556715 0.325156 -0.398494
0.626099 0.681152 0.035522 1.217318 1.324359 0.069066
0.281860 0.699341 0.146362 0.548019 1.359722 0.284571
-0.024414 0.114746 -0.463379 -0.047468 0.223100 -0.900944
-0.331543 -0.102051 -1.003540 -0.644616 -0.198416 -1.951174
-0.713257 -0.300903 -0.975830 -1.386779 -0.585044 -1.897298
-0.922852 -0.475952 -0.904175 -1.794293 -0.925390 -1.757980
-1.115112 -0.360352 -0.713867 -2.168103 -0.700629 -1.387966
-1.377563 -0.056030 -0.371582 -2.678385 -0.108939 -0.722464
-1.333252 -0.055542 0.036987 -2.592231 -0.107990 0.071914
-0.923828 -0.317383 0.489258 -1.796191 -0.617085 0.951260
-0.523193 -0.321899 0.816162 -1.017240 -0.625866 1.586857
-0.154053 -0.316895 1.101074 -0.299523 -0.616135 2.140809
0.286743 -0.298462 1.129028 0.557512 -0.580297 2.195160
0.891602 -0.246094 0.988647 1.733533 -0.478478 1.922219
1.171509 -0.095581 0.694946 2.277755 -0.185837 1.351178
1.062622 0.190430 0.486694 2.066047 0.370251 0.946276
0.783447 0.145874 0.348877 1.523250 0.283622 0.678319
0.413452 0.034058 0.174194 0.803872 0.066218 0.338685
0.021606 0.111084 -0.049683 0.042009 0.215980 -0.096597
-0.230591 -0.048706 -0.179199 -0.448336 -0.094699 -0.348416
-0.279175 -0.154175 -0.318970 -0.542797 -0.299761 -0.620170
-0.400146 -0.224976 -0.469482 -0.778001 -0.437418 -0.912811
-0.582275 -0.395752 -0.550171 -1.132113 -0.769457 -1.069693
-0.789185 -0.440674 -0.632813 -1.534405 -0.856798 -1.230372
-1.002808 -0.408325 -0.778931 -1.949750 -0.793903 -1.514468
-1.071655 -0.154785 -0.851685 -2.083610 -0.300947 -1.655923
-1.143311 0.088135 -0.863037 -2.222929 0.171360 -1.677996
-1.240356 0.266846 -0.848633 -2.411615 0.518826 -1.649990
-0.923218 0.067505 -0.687744 -1.795005 0.131249 -1.337175
-0.254761 -0.124390 -0.216431 -0.495329 -0.241850 -0.420804
0.315552 -0.049072 -0.263672 0.613525 -0.095411 -0.512655
0.175293 -0.060913 -0.364258 0.340821 -0.118433 -0.708223
-0.155884 0.002808 -0.276978 -0.303084 0.005459 -0.538525
-0.314819 0.043701 0.025513 -0.612101 0.084968 0.049604
-0.195190 -0.073242 0.230103 -0.379507 -0.142404 0.447386
-0.007935 -0.122803 0.179199 -0.015427 -0.238764 0.348416
0.003906 -0.135620 -0.048950 0.007595 -0.263685 -0.095173
-0.028198 -0.096558 -0.169800 -0.054826 -0.187736 -0.330140
-0.014282 -0.030884 -0.106689 -0.027769 -0.060047 -0.207435
-0.049194 0.036621 -0.057861 -0.095648 0.071202 -0.112499
-0.077271 0.012573 -0.044556 -0.150236 0.024446 -0.086629
0.009033 0.037109 -0.103638 0.017563 0.072151 -0.201502
0.019653 0.052856 -0.242554 0.038212 0.102768 -0.471595
0.038208 -0.003418 -0.252075 0.074288 -0.006646 -0.490108
0.109863 0.037720 -0.204224 0.213606 0.073338 -0.397070
0.135376 0.062744 -0.186890 0.263210 0.121993 -0.363368
-0.039185 0.080566 -0.191895 -0.076186 0.156645 -0.373099
-0.138550 -0.022583 -0.268799 -0.269381 -0.043908 -0.522623
0.051514 -0.044922 -0.057251 0.100158 -0.087341 -0.111313
0.297363 -0.113892 0.194458 0.578161 -0.221438 0.378083
0.185059 0.095947 0.229248 0.359808 0.186549 0.445725
-0.018677 -0.043457 -0.144043 -0.036313 -0.084493 -0.280062
-0.092163 -0.157227 -0.342651 -0.179192 -0.305694 -0.666214
-0.007324 -0.153809 -0.216797 -0.014240 -0.299049 -0.421516
0.015991 0.025146 0.045532 0.031092 0.048892 0.088528
-0.017090 0.006592 0.148926 -0.033228 0.012816 0.289555
-0.141479 0.010864 -0.229492 -0.275077 0.021123 -0.446200
-0.293701 0.093140 -0.712280 -0.571041 0.181091 -1.384881
-0.338135 0.095215 -0.635742 -0.657433 0.185125 -1.236068
-0.225830 0.334961 -0.255859 -0.439080 0.651262 -0.497465
-0.391479 0.322144 0.090454 -0.761150 0.626341 0.175869
-0.386230 -0.150879 -0.162964 -0.750945 -0.293353 -0.316849
-0.074707 0.048096 -0.299194 -0.145252 0.093512 -0.581721
0.065063 0.274048 -0.080933 0.126502 0.532829 -0.157357
0.083618 0.257813 -0.020142 0.162578 0.501263 -0.039161
