-0.257202 0.018555 -0.216797 -0.500076 0.036076 -0.421516
-0.335693 0.103271 -0.098755 -0.652686 0.200790 -0.192008
-0.439453 0.039063 -0.083130 -0.854425 0.075949 -0.161629
-0.464844 -0.169556 -0.182861 -0.903792 -0.329666 -0.355536
-0.503784 -0.372803 -0.353638 -0.979503 -0.724837 -0.687575
-0.515869 -0.214844 -0.285889 -1.003000 -0.417719 -0.555851
-0.674438 -0.265015 -0.196899 -1.311305 -0.515266 -0.382830
-0.965332 -0.444336 -0.185791 -1.876887 -0.863919 -0.361232
-1.462891 -0.359009 -0.103882 -2.844286 -0.698018 -0.201977
-2.121704 0.335571 -0.031860 -4.125212 0.652448 -0.061946
-1.937378 0.477295 -0.206421 -3.766828 0.928001 -0.401342
-1.135864 0.249146 -0.259155 -2.208451 0.484412 -0.503873
-0.639160 0.008789 -0.260864 -1.242714 0.017089 -0.507196
0.000244 -0.024414 -0.284668 0.000475 -0.047468 -0.553478
0.440308 0.171265 -0.285034 0.856086 0.332988 -0.554190
0.690430 0.185303 -0.390625 1.342397 0.360283 -0.759489
1.002930 0.132446 -0.462036 1.949988 0.257514 -0.898333
1.175781 0.212891 -0.495605 2.286062 0.413921 -0.963602
1.082153 0.163818 -0.523071 2.104022 0.318511 -1.017003
1.083496 0.046021 -0.524658 2.106632 0.089477 -1.020089
1.109985 -0.015869 -0.449097 2.158135 -0.030854 -0.873175
0.889160 0.012451 -0.415405 1.728787 0.024209 -0.807669
0.589600 0.114502 -0.384888 1.146354 0.222625 -0.748334
0.326538 0.191406 -0.408203 0.634885 0.372150 -0.793666
0.015625 0.194092 -0.390259 0.030380 0.377371 -0.758777
-0.242920 0.146240 -0.285767 -0.472307 0.284334 -0.555614
-0.495117 -0.036377 -0.240723 -0.962652 -0.070727 -0.468035
-0.715698 -0.117554 -0.211914 -1.391526 -0.228559 -0.412023
-1.007080 -0.010986 -0.113403 -1.958057 -0.021361 -0.220489
-1.464111 0.243652 -0.044800 -2.846659 0.473731 -0.087104
-1.328979 0.237305 -0.042236 -2.583924 0.461390 -0.082120
-0.965088 0.029663 -0.164307 -1.876412 0.057674 -0.319460
-0.842163 0.148560 -0.203735 -1.637411 0.288843 -0.396121
-0.847046 0.357788 -0.269897 -1.646904 0.695644 -0.524759
-0.734375 0.278564 -0.250000 -1.427839 0.541611 -0.486073
-0.362305 0.064209 -0.166382 -0.704426 0.124841 -0.323495
0.139893 -0.038208 -0.171631 0.271992 -0.074288 -0.333700
0.458862 0.055176 -0.349976 0.892162 0.107278 -0.680455
0.639160 0.058350 -0.433228 1.242714 0.113449 -0.842321
0.762939 0.088013 -0.440674 1.483377 0.171122 -0.856798
0.812988 0.153076 -0.463989 1.580686 0.297625 -0.902130
0.828247 0.193970 -0.426880 1.610354 0.377134 -0.829979
0.804443 0.171875 -0.353760 1.564072 0.334175 -0.687812
0.729370 0.179688 -0.310303 1.418108 0.349365 -0.603319
0.620605 0.128784 -0.281738 1.206638 0.250394 -0.547781
0.586670 0.049316 -0.277832 1.140657 0.095885 -0.540186
0.624023 0.070923 -0.269165 1.213284 0.137895 -0.523335
0.634033 0.062866 -0.234009 1.232745 0.122230 -0.454981
0.024048 0.060059 -0.153198 0.046756 0.116771 -0.297862
-0.433105 0.007568 -0.145630 -0.842083 0.014715 -0.283147
-0.238770 0.074097 -0.185303 -0.464238 0.144066 -0.360283
-0.038452 -0.008911 -0.158569 -0.074762 -0.017326 -0.308305
-0.073608 -0.055542 -0.152466 -0.143116 -0.107990 -0.296438
-0.036621 -0.044556 -0.125977 -0.071202 -0.086629 -0.244935
-0.064453 -0.028687 -0.134155 -0.125316 -0.055775 -0.260837
-0.094482 -0.008179 -0.147461 -0.183701 -0.015902 -0.286707
-0.096313 0.014771 -0.173218 -0.187261 0.028718 -0.336786
-0.086914 0.021484 -0.170532 -0.168986 0.041772 -0.331564
-0.071777 0.015869 -0.156982 -0.139556 0.030854 -0.305220
-0.046265 0.006348 -0.124634 -0.089952 0.012342 -0.242324
0.005005 -0.024536 -0.098267 0.009731 -0.047705 -0.191059
0.031006 -0.046265 -0.093018 0.060284 -0.089952 -0.180853
-0.001221 0.003174 -0.067383 -0.002373 0.006171 -0.131012
-0.025146 0.017822 -0.088501 -0.048892 0.034652 -0.172072
-0.032715 -0.024048 -0.096069 -0.063607 -0.046756 -0.186787
-0.029297 -0.049927 -0.061157 -0.056962 -0.097072 -0.118907
-0.051270 -0.045044 -0.053833 -0.099683 -0.087579 -0.104667
-0.080200 0.006470 -0.082275 -0.155933 0.012579 -0.159967
-0.040894 0.006958 -0.091797 -0.079509 0.013528 -0.178480
0.015381 0.013306 -0.097290 0.029905 0.025870 -0.189160
0.050415 0.018677 -0.083008 0.098022 0.036313 -0.161391
0.050781 0.060059 -0.088867 0.098734 0.116771 -0.172784
0.057007 0.103271 -0.092041 0.110838 0.200790 -0.178955
0.070313 0.109985 -0.090454 0.136708 0.213844 -0.175869
0.063965 0.096313 -0.085571 0.124366 0.187261 -0.166376
0.048218 0.060547 -0.062866 0.093749 0.117721 -0.122230
0.009277 0.013184 -0.050781 0.018038 0.025633 -0.098734
-0.035889 0.027832 -0.030273 -0.069778 0.054114 -0.058860
-0.062744 -0.006714 0.000610 -0.121993 -0.013054 0.001187
-0.039429 -0.059570 0.032349 -0.076661 -0.115822 0.062895
