-0.350952 -0.221069 -0.219360 -0.682353 -0.429823 -0.426500
-0.333496 -0.132568 -0.202881 -0.648414 -0.257752 -0.394460
-0.222412 -0.137939 -0.116333 -0.432434 -0.268195 -0.226185
-0.038330 -0.004639 0.035034 -0.074525 -0.009019 0.068117
0.094849 0.010254 0.174072 0.184413 0.019937 0.338447
0.337280 -0.090454 0.435791 0.655771 -0.175869 0.847305
0.533203 -0.048462 0.471436 1.036702 -0.094224 0.916608
0.644775 -0.336182 0.214844 1.253631 -0.653635 0.417719
0.772461 -0.504395 0.066650 1.501889 -0.980690 0.129588
0.941650 -0.593872 0.066650 1.830843 -1.154660 0.129588
1.079102 -0.530396 0.033203 2.098088 -1.031244 0.064557
1.096680 -0.540894 -0.049316 2.132265 -1.051655 -0.095885
1.124634 -0.599121 -0.146362 2.186616 -1.164866 -0.284571
1.073975 -0.646240 -0.292725 2.088120 -1.256480 -0.569142
1.053711 -0.629028 -0.420532 2.048721 -1.223014 -0.817637
1.015869 -0.589600 -0.523071 1.975146 -1.146354 -1.017003
0.905029 -0.472900 -0.631348 1.759641 -0.919456 -1.227524
0.777100 -0.438477 -0.791382 1.510908 -0.852526 -1.538677
0.657471 -0.311523 -0.933105 1.278315 -0.605692 -1.814229
0.292358 -0.310791 -1.048584 0.568430 -0.604268 -2.038753
0.016113 -0.215454 -1.128662 0.031329 -0.418906 -2.194448
-0.257324 -0.052612 -1.095093 -0.500313 -0.102294 -2.129180
-0.429810 0.114136 -1.003418 -0.835675 0.221913 -1.950937
-0.610718 0.219238 -0.869751 -1.187413 0.426263 -1.691050
-0.842896 0.431885 -0.709839 -1.638835 0.839710 -1.380134
-1.095703 0.558350 -0.544189 -2.130366 1.085594 -1.058063
-1.140381 0.539063 -0.384521 -2.217233 1.048095 -0.747622
-1.099487 0.468018 -0.178345 -2.137724 0.909963 -0.346754
-1.042480 0.427734 0.069946 -2.026886 0.831640 0.135996
-0.863281 0.326782 0.358643 -1.678470 0.635360 0.697306
-0.678345 0.143066 0.666748 -1.318900 0.278163 1.296353
-0.506104 0.042603 0.908936 -0.984013 0.082832 1.767236
-0.254883 -0.116821 1.080933 -0.495567 -0.227135 2.101648
-0.003296 -0.268799 1.118774 -0.006408 -0.522623 2.175224
0.298218 -0.247681 0.875854 0.579822 -0.481563 1.702917
0.414185 -0.272217 0.515991 0.805296 -0.529269 1.003237
0.387573 -0.274414 0.216309 0.753555 -0.533541 0.420567
0.338257 -0.240479 0.030029 0.657670 -0.467560 0.058386
0.237183 -0.208496 -0.088989 0.461152 -0.405377 -0.173021
0.091431 -0.207031 -0.165039 0.177768 -0.402529 -0.320884
-0.101074 -0.198853 -0.225830 -0.196518 -0.386627 -0.439080
-0.367065 -0.089966 -0.297852 -0.713682 -0.174920 -0.579110
-0.548828 0.026367 -0.436157 -1.067082 0.051266 -0.848017
-0.647339 0.117432 -0.651855 -1.258615 0.228321 -1.267397
-0.707031 0.200439 -0.992188 -1.374675 0.389713 -1.929102
-0.813599 0.246460 -1.374756 -1.581873 0.479190 -2.672926
-0.927734 0.328369 -1.643311 -1.803786 0.638445 -3.195075
-0.818970 0.396484 -1.656128 -1.592316 0.770881 -3.219996
-0.552124 0.277222 -1.427979 -1.073490 0.539000 -2.776407
-0.412598 0.100830 -1.238770 -0.802210 0.196043 -2.408529
-0.489868 0.035034 -1.088745 -0.952447 0.068117 -2.116838
-0.467285 0.171265 -0.772827 -0.908539 0.332988 -1.502601
-0.245361 0.249756 -0.432617 -0.477054 0.485598 -0.841134
-0.081665 0.247437 -0.244507 -0.158781 0.481089 -0.475393
-0.076660 0.146118 -0.188110 -0.149050 0.284096 -0.365741
-0.040649 0.043213 -0.145874 -0.079034 0.084018 -0.283622
0.010864 -0.047729 -0.079834 0.021123 -0.092800 -0.155221
0.039063 -0.065674 -0.037231 0.075949 -0.127689 -0.072389
-0.004639 -0.059814 -0.001465 -0.009019 -0.116297 -0.002848
-0.043457 -0.030518 0.020752 -0.084493 -0.059335 0.040348
-0.055298 0.007935 -0.011963 -0.107515 0.015427 -0.023259
-0.022949 0.039917 -0.061401 -0.044620 0.077610 -0.119382
-0.021729 0.008179 -0.062378 -0.042247 0.015902 -0.121281
-0.022339 0.020142 -0.037476 -0.043433 0.039161 -0.072863
-0.011719 0.026733 -0.026733 -0.022785 0.051978 -0.051978
-0.013062 -0.001343 -0.045776 -0.025395 -0.002611 -0.089003
-0.000610 -0.006592 -0.074097 -0.001187 -0.012816 -0.144066
-0.015991 -0.020630 -0.086182 -0.031092 -0.040111 -0.167562
-0.012573 -0.010010 -0.086304 -0.024446 -0.019462 -0.167800
-0.009644 0.007568 -0.106445 -0.018750 0.014715 -0.206961
0.011841 0.007080 -0.123779 0.023022 0.013766 -0.240663
0.016968 -0.018066 -0.117798 0.032990 -0.035126 -0.229033
0.018677 -0.009277 -0.109863 0.036313 -0.018038 -0.213606
0.036865 -0.015747 -0.100708 0.071677 -0.030617 -0.195806
0.029785 -0.031372 -0.095947 0.057911 -0.060996 -0.186549
0.011475 -0.045410 -0.091431 0.022310 -0.088291 -0.177768
0.022095 -0.036255 -0.094849 0.042959 -0.070490 -0.184413
0.046021 0.003174 -0.115845 0.089477 0.006171 -0.225236
0.052246 -0.010010 -0.145264 0.101582 -0.019462 -0.282435
0.041992 -0.049927 -0.149170 0.081645 -0.097072 -0.290030
