0.391357 0.042358 0.080688 0.760913 0.082357 0.156882
0.315674 0.255249 0.062134 0.613762 0.496279 0.120806
0.184082 0.179077 0.005005 0.357909 0.348178 0.009731
0.022583 -0.030273 -0.105835 0.043908 -0.058860 -0.205774
-0.110474 -0.279541 -0.104370 -0.214793 -0.543509 -0.202926
-0.283813 -0.451294 -0.080933 -0.551816 -0.877447 -0.157357
-0.504883 0.105469 0.091675 -0.981639 0.205062 0.178243
-0.907227 0.650757 0.140259 -1.763913 1.265261 0.272704
-1.118042 0.895996 -0.038940 -2.173800 1.742078 -0.075712
-1.146362 1.099731 -0.090698 -2.228863 2.138199 -0.176344
-0.829712 0.672363 -0.169434 -1.613202 1.307270 -0.329428
-0.801636 0.466797 -0.558350 -1.558614 0.907589 -1.085594
-1.084717 0.232666 -0.898926 -2.109006 0.452371 -1.747774
-1.281616 0.031738 -0.931274 -2.491836 0.061708 -1.810669
-0.878662 -0.089355 -0.848389 -1.708375 -0.173733 -1.649515
-0.993164 0.001587 -0.654419 -1.931001 0.003085 -1.272381
-1.216187 -0.036743 -0.583862 -2.364621 -0.071439 -1.135199
-1.050293 -0.294067 -0.577515 -2.042076 -0.571753 -1.122857
-0.581421 -0.129639 -0.325317 -1.130452 -0.252055 -0.632512
-0.060181 -0.219482 -0.270874 -0.117009 -0.426738 -0.526658
0.391357 -0.358032 -0.367065 0.760913 -0.696119 -0.713682
0.918579 -0.124023 -0.356445 1.785986 -0.241138 -0.693034
1.418823 -0.048462 -0.327271 2.758606 -0.094224 -0.636309
1.777344 -0.201538 -0.362061 3.455675 -0.391849 -0.703951
1.998169 -0.233643 -0.428833 3.885023 -0.454269 -0.833776
2.051270 -0.257935 -0.403687 3.988266 -0.501500 -0.784884
1.991943 -0.125977 -0.404663 3.872919 -0.244935 -0.786783
1.744141 0.037842 -0.454590 3.391118 0.073575 -0.883855
1.381836 0.102417 -0.412231 2.686692 0.199128 -0.801498
1.010498 0.059204 -0.336792 1.964703 0.115110 -0.654822
0.646851 0.035522 -0.224976 1.257666 0.069066 -0.437418
0.271362 -0.015137 -0.134155 0.527607 -0.029430 -0.260837
-0.020996 -0.109741 -0.140503 -0.040823 -0.213369 -0.273179
-0.213013 -0.142456 -0.167358 -0.414159 -0.276976 -0.325394
-0.425659 -0.133545 -0.188599 -0.827606 -0.259650 -0.366691
-0.746948 -0.055786 -0.190063 -1.452285 -0.108465 -0.369539
-1.039307 -0.033203 -0.179688 -2.020715 -0.064557 -0.349365
-1.168823 -0.023315 -0.205811 -2.272533 -0.045332 -0.400156
-1.278442 -0.068970 -0.246826 -2.485665 -0.134097 -0.479902
-1.412354 -0.056030 -0.309082 -2.746027 -0.108939 -0.600946
-1.589844 -0.108765 -0.301392 -3.091120 -0.211470 -0.585993
-1.806396 -0.106445 -0.254517 -3.512161 -0.206961 -0.494854
-1.898560 0.313477 -0.141602 -3.691354 0.609490 -0.275315
-1.719727 0.448730 -0.052856 -3.343650 0.872463 -0.102768
-1.492554 0.007324 -0.236572 -2.901960 0.014240 -0.459965
-1.308716 -0.172852 -0.365845 -2.544525 -0.336074 -0.711309
-0.724365 0.140137 -0.283569 -1.408377 0.272467 -0.551341
-0.095093 0.242310 -0.137451 -0.184888 0.471120 -0.267245
0.278809 0.214233 -0.092407 0.542085 0.416532 -0.179667
0.682861 0.093872 -0.227661 1.327682 0.182515 -0.442640
0.937500 0.024048 -0.372314 1.822773 0.046756 -0.723888
1.079224 0.113770 -0.415771 2.098325 0.221201 -0.808381
1.186157 0.210571 -0.369263 2.306236 0.409412 -0.717954
1.301758 0.190552 -0.322266 2.530997 0.370488 -0.626578
1.403320 0.158203 -0.320557 2.728464 0.307593 -0.623256
1.433228 0.070679 -0.355225 2.786612 0.137420 -0.690660
1.300903 -0.016113 -0.392822 2.529335 -0.031329 -0.763761
1.084717 -0.103760 -0.410278 2.109006 -0.201739 -0.797701
0.928101 -0.096924 -0.364380 1.804498 -0.188448 -0.708461
0.775146 -0.031616 -0.252808 1.507111 -0.061471 -0.491532
0.532227 0.032471 -0.149780 1.034804 0.063133 -0.291217
0.312866 0.071777 -0.047852 0.608303 0.139556 -0.093037
0.134277 -0.074951 0.006470 0.261074 -0.145727 0.012579
-0.004028 -0.181274 0.008789 -0.007832 -0.352450 0.017089
-0.093140 0.011353 0.053833 -0.181091 0.022073 0.104667
-0.091064 0.136230 0.118164 -0.177056 0.264872 0.229745
-0.055542 0.127319 0.106812 -0.107990 0.247546 0.207673
-0.024170 0.125854 0.036011 -0.046993 0.244698 0.070015
-0.005981 0.069702 -0.016357 -0.011630 0.135521 -0.031804
-0.021484 -0.009766 -0.055176 -0.041772 -0.018987 -0.107278
-0.059204 0.031006 -0.045288 -0.115110 0.060284 -0.088053
-0.079956 0.062622 -0.022339 -0.155458 0.121756 -0.043433
-0.061401 0.026123 -0.055176 -0.119382 0.050791 -0.107278
-0.035278 0.016357 -0.089355 -0.068591 0.031804 -0.173733
-0.015503 0.012207 -0.096924 -0.030142 0.023734 -0.188448
-0.014160 0.008545 -0.110474 -0.027531 0.016614 -0.214793
-0.004517 0.002441 -0.115112 -0.008782 0.004747 -0.223812
-0.001953 0.004395 -0.110596 -0.003797 0.008544 -0.215030
0.013428 0.010620 -0.117676 0.026107 0.020649 -0.228796
0.008423 0.006348 -0.115234 0.016376 0.012342 -0.224049
