0.144287 0.239746 0.188232 0.280536 0.466136 0.365979
0.057007 0.495972 0.226440 0.110838 0.964314 0.440266
-0.228027 0.352783 0.124512 -0.443352 0.685913 0.242087
-0.397949 0.178345 0.123291 -0.773729 0.346754 0.239714
-0.519531 0.033813 0.169067 -1.010120 0.065743 0.328716
-0.689941 -0.452637 0.120972 -1.341447 -0.880058 0.235204
-0.692505 -0.549561 0.229980 -1.346431 -1.068506 0.447149
-0.930664 0.203857 0.276611 -1.809482 0.396358 0.537813
-1.244019 1.063721 0.145630 -2.418735 2.068183 0.283147
-1.576538 0.341553 -0.047852 -3.065250 0.664078 -0.093037
-1.438232 0.197388 -0.326416 -2.796343 0.383779 -0.634648
-1.146240 0.295654 -0.642822 -2.228625 0.574838 -1.249834
-0.697998 0.441162 -0.928711 -1.357112 0.857748 -1.805685
-0.237427 0.495117 -1.205688 -0.461627 0.962652 -2.344210
0.325928 0.484009 -1.419434 0.633699 0.941054 -2.759793
0.879150 0.577881 -1.578247 1.709325 1.123569 -3.068573
1.345581 0.594482 -1.489502 2.616202 1.155847 -2.896026
1.602783 0.497559 -1.072144 3.116278 0.967399 -2.084560
1.533447 0.374634 -0.499878 2.981469 0.728397 -0.971908
1.508667 0.242310 0.043213 2.933289 0.471120 0.084018
1.493652 0.124756 0.446411 2.904096 0.242562 0.867953
1.401123 0.113159 0.710938 2.724192 0.220014 1.382270
1.251343 0.199707 0.826904 2.432975 0.388289 1.607743
1.050659 0.333374 0.846924 2.042788 0.648176 1.646667
0.722534 0.439941 0.831421 1.404817 0.855374 1.616525
0.412231 0.496460 0.678955 0.801498 0.965263 1.320087
0.230103 0.596680 0.462769 0.447386 1.160119 0.899757
-0.153687 0.307983 0.416748 -0.298811 0.598810 0.810280
-0.900391 -0.263184 0.344849 -1.750622 -0.511706 0.670486
-1.363770 -0.563599 0.281250 -2.651566 -1.095800 0.546832
-1.425171 -0.262451 0.059937 -2.770948 -0.510282 0.116534
-1.627808 -0.281982 -0.206421 -3.164933 -0.548256 -0.401342
-1.801147 -0.459106 -0.407471 -3.501956 -0.892637 -0.792242
-1.669434 -0.298584 -0.437500 -3.245866 -0.580534 -0.850628
-1.192017 -0.015259 -0.376587 -2.317628 -0.029668 -0.732195
-0.745728 -0.065674 -0.238037 -1.449912 -0.127689 -0.462814
-0.416138 -0.013794 -0.216553 -0.809093 -0.026819 -0.421042
-0.162476 0.115967 -0.211548 -0.315900 0.225473 -0.411311
0.045654 0.200806 -0.202026 0.088765 0.390425 -0.392798
0.089722 0.147095 -0.180664 0.174445 0.285995 -0.351264
0.111938 0.070190 -0.133179 0.217641 0.136471 -0.258938
0.112427 -0.040283 -0.084473 0.218590 -0.078322 -0.164239
0.134399 -0.019409 -0.089600 0.261312 -0.037737 -0.174208
0.112793 0.056396 -0.140137 0.219302 0.109651 -0.272467
0.087158 0.073486 -0.183105 0.169461 0.142879 -0.356010
-0.015381 0.092773 -0.219116 -0.029905 0.180379 -0.426026
-0.074585 0.078613 -0.211426 -0.145015 0.152847 -0.411073
0.015747 0.035645 -0.132935 0.030617 0.069303 -0.258464
0.026733 -0.015015 -0.114014 0.051978 -0.029193 -0.221676
0.053101 -0.001343 -0.085083 0.103243 -0.002611 -0.165426
0.048950 0.045166 -0.106567 0.095173 0.087816 -0.207198
0.038574 0.046387 -0.121216 0.075000 0.090189 -0.235679
0.038208 0.029785 -0.111450 0.074288 0.057911 -0.216692
0.055176 0.016479 -0.078003 0.107278 0.032041 -0.151660
0.049072 0.041748 -0.094971 0.095411 0.081170 -0.184651
0.025757 0.040527 -0.133179 0.050079 0.078797 -0.258938
-0.005493 0.017456 -0.137817 -0.010680 0.033940 -0.267957
-0.027588 0.005859 -0.088867 -0.053639 0.011392 -0.172784
-0.034424 -0.007813 -0.061890 -0.066930 -0.015190 -0.120332
-0.040405 -0.035278 -0.069702 -0.078560 -0.068591 -0.135521
-0.042480 -0.016602 -0.080200 -0.082594 -0.032278 -0.155933
-0.016846 0.008545 -0.067139 -0.032753 0.016614 -0.130537
-0.001343 -0.003662 -0.051880 -0.002611 -0.007120 -0.100870
-0.008667 -0.020386 -0.084961 -0.016851 -0.039636 -0.165189
-0.013428 -0.013062 -0.116699 -0.026107 -0.025395 -0.226897
0.009888 -0.006470 -0.093628 0.019225 -0.012579 -0.182040
0.033203 0.020142 -0.095581 0.064557 0.039161 -0.185837
0.044922 0.021362 -0.127441 0.087341 0.041535 -0.247783
0.022583 -0.027344 -0.133545 0.043908 -0.053164 -0.259650
0.021729 -0.037598 -0.131714 0.042247 -0.073101 -0.256090
0.015381 -0.040649 -0.144043 0.029905 -0.079034 -0.280062
0.014160 -0.026367 -0.157227 0.027531 -0.051266 -0.305694
0.004028 -0.006348 -0.161743 0.007832 -0.012342 -0.314476
-0.013672 0.002563 -0.159180 -0.026582 0.004984 -0.309492
-0.020386 0.000000 -0.158081 -0.039636 0.000000 -0.307356
-0.014893 0.006836 -0.152710 -0.028956 0.013291 -0.296913
-0.008911 0.019287 -0.135620 -0.017326 0.037500 -0.263685
0.000122 0.015137 -0.124512 0.000237 0.029430 -0.242087
0.006714 0.005493 -0.119263 0.013054 0.010680 -0.231881
0.009399 0.015259 -0.122070 0.018275 0.029668 -0.237340
