0.132690 -0.289063 -0.106079 0.257989 -0.562022 -0.206249
0.029541 -0.029541 -0.350830 0.057436 -0.057436 -0.682116
-0.137207 -0.028198 -0.360962 -0.266770 -0.054826 -0.701815
-0.139160 0.186646 -0.090454 -0.270568 0.362893 -0.175869
-0.326660 0.232788 0.244995 -0.635123 0.452608 0.476342
-0.431030 0.745239 0.365845 -0.838049 1.448962 0.711309
-0.529297 0.603394 0.271973 -1.029107 1.173173 0.528794
-0.750610 0.363525 -0.327026 -1.459405 0.706799 -0.635835
-1.056641 0.179321 -0.545044 -2.054418 0.348653 -1.059724
-1.381104 0.111572 -0.374146 -2.685268 0.216929 -0.727448
-1.816650 0.216675 -0.482910 -3.532098 0.421279 -0.938918
-2.343262 0.036011 -0.666748 -4.555984 0.070015 -1.296353
-1.912964 0.011597 -0.726563 -3.719360 0.022547 -1.412649
-0.949097 0.159790 -0.563599 -1.845321 0.310678 -1.095800
-0.310425 0.176880 -0.467407 -0.603556 0.343906 -0.908776
0.411865 0.090698 -0.450439 0.800786 0.176344 -0.875786
1.003052 -0.016846 -0.355957 1.950225 -0.032753 -0.692084
1.177124 -0.160034 -0.307861 2.288672 -0.311153 -0.598572
1.402832 -0.014893 -0.137207 2.727515 -0.028956 -0.266770
1.506958 -0.030762 -0.031616 2.929966 -0.059810 -0.061471
1.827637 0.027100 -0.145630 3.553459 0.052690 -0.283147
1.634521 0.022095 -0.284668 3.177986 0.042959 -0.553478
1.223755 -0.150146 -0.285156 2.379336 -0.291929 -0.554427
0.856812 -0.126465 -0.122803 1.665891 -0.245885 -0.238764
0.435913 -0.019287 -0.113770 0.847542 -0.037500 -0.221201
0.102051 -0.020874 -0.233276 0.198416 -0.040585 -0.453557
-0.108032 -0.086060 -0.316040 -0.210046 -0.167325 -0.614474
-0.413940 -0.141724 -0.351807 -0.804821 -0.275552 -0.684015
-0.846313 -0.050171 -0.348633 -1.645480 -0.097547 -0.677844
-1.132080 -0.012939 -0.347168 -2.201094 -0.025158 -0.674996
-1.237305 0.041260 -0.454834 -2.405681 0.080221 -0.884330
-1.386108 0.038452 -0.499878 -2.694999 0.074762 -0.971908
-1.642212 0.134033 -0.525879 -3.192939 0.260600 -1.022462
-1.563232 0.265625 -0.524170 -3.039380 0.516452 -1.019139
-1.124390 0.256470 -0.459473 -2.186141 0.498652 -0.893349
-0.629883 0.114502 -0.438110 -1.224676 0.222625 -0.851814
-0.060547 -0.077637 -0.436401 -0.117721 -0.150948 -0.848491
0.784912 -0.371826 -0.256470 1.526098 -0.722938 -0.498652
1.241455 -0.326904 -0.071167 2.413751 -0.635597 -0.138369
1.392578 -0.028198 -0.102905 2.707578 -0.054826 -0.200078
1.179565 0.098633 -0.237793 2.293419 0.191771 -0.462339
0.969238 0.126709 -0.408569 1.884482 0.246359 -0.794378
0.850098 0.068848 -0.356812 1.652838 0.133860 -0.693746
0.762695 0.084961 -0.353516 1.482902 0.165189 -0.687337
0.514404 0.070923 -0.341064 1.000152 0.137895 -0.663129
0.240723 0.021484 -0.235718 0.468035 0.041772 -0.458304
0.075806 -0.027588 -0.133545 0.147388 -0.053639 -0.259650
0.017090 -0.054199 -0.131592 0.033228 -0.105379 -0.255853
-0.084473 0.017334 -0.202026 -0.164239 0.033702 -0.392798
-0.134155 0.039551 -0.151367 -0.260837 0.076898 -0.294302
-0.153687 0.020508 -0.098877 -0.298811 0.039873 -0.192246
-0.145264 0.042114 -0.130859 -0.282435 0.081882 -0.254429
-0.121216 0.056885 -0.155151 -0.235679 0.110601 -0.301659
-0.076660 0.037354 -0.159668 -0.149050 0.072626 -0.310441
-0.081665 0.019653 -0.151978 -0.158781 0.038212 -0.295489
-0.086670 0.045654 -0.158569 -0.168512 0.088765 -0.308305
-0.079346 0.054810 -0.187012 -0.154271 0.106566 -0.363605
-0.058228 0.053467 -0.160522 -0.113211 0.103955 -0.312102
-0.066895 0.047729 -0.119385 -0.130062 0.092800 -0.232119
-0.060791 0.008545 -0.111938 -0.118195 0.016614 -0.217641
-0.029541 -0.006714 -0.137207 -0.057436 -0.013054 -0.266770
-0.031250 0.000977 -0.136475 -0.060759 0.001899 -0.265346
0.002563 0.045166 -0.139160 0.004984 0.087816 -0.270568
-0.009155 0.076416 -0.173828 -0.017801 0.148575 -0.337973
-0.013428 0.067627 -0.162720 -0.026107 0.131487 -0.316375
-0.025024 0.063110 -0.161499 -0.048655 0.122705 -0.314001
-0.040649 0.070679 -0.160156 -0.079034 0.137420 -0.311390
-0.016724 0.093262 -0.145630 -0.032516 0.181328 -0.283147
-0.001587 0.066162 -0.143799 -0.003085 0.128638 -0.279587
0.007568 0.041992 -0.137695 0.014715 0.081645 -0.267720
-0.006348 0.030762 -0.122925 -0.012342 0.059810 -0.239002
-0.052124 0.033081 -0.116577 -0.101344 0.064319 -0.226660
-0.075439 0.072266 -0.128296 -0.146676 0.140505 -0.249445
-0.082642 0.039307 -0.131958 -0.160679 0.076424 -0.256565
-0.044922 0.023438 -0.093262 -0.087341 0.045569 -0.181328
-0.005981 -0.024414 -0.097290 -0.011630 -0.047468 -0.189160
-0.004761 -0.027466 -0.119995 -0.009256 -0.053402 -0.233305
0.006104 0.012085 -0.130127 0.011867 0.023497 -0.253005
-0.026245 0.040894 -0.121704 -0.051028 0.079509 -0.236628
-0.011597 0.041626 -0.142212 -0.022547 0.080933 -0.276501
