-0.174805 -0.138916 -0.296265 -0.339871 -0.270093 -0.576025
-0.164917 -0.047119 -0.120972 -0.320647 -0.091613 -0.235204
-0.140137 0.084106 -0.022705 -0.272467 0.163527 -0.044145
-0.137329 0.031006 -0.015015 -0.267008 0.060284 -0.029193
-0.195190 0.210205 -0.027222 -0.379507 0.408700 -0.052927
-0.316040 0.201660 0.021606 -0.614474 0.392086 0.042009
-0.432007 0.265137 -0.065552 -0.839947 0.515503 -0.127452
-0.777832 0.257324 -0.310669 -1.512332 0.500313 -0.604031
-1.145874 0.196655 -0.388794 -2.227913 0.382355 -0.755929
-1.290894 0.235962 -0.426636 -2.509874 0.458779 -0.829504
-1.578979 -0.233154 -0.397095 -3.069997 -0.453320 -0.772068
-1.442749 0.289673 -0.196167 -2.805125 0.563209 -0.381406
-1.177490 0.413940 -0.173950 -2.289384 0.804821 -0.338210
-0.732666 0.484253 -0.331299 -1.424516 0.941529 -0.644142
-0.267700 0.294922 -0.333618 -0.520487 0.573414 -0.648651
0.401733 0.122437 -0.191406 0.781087 0.238052 -0.372150
1.458984 0.432373 -0.010742 2.836691 0.840659 -0.020886
1.964233 0.303711 0.092529 3.819042 0.590503 0.179904
1.713013 -0.274902 0.050903 3.330596 -0.534490 0.098971
1.284790 -0.431519 -0.051880 2.498007 -0.838998 -0.100870
1.111938 0.010498 0.027466 2.161933 0.020411 0.053402
1.147949 0.042603 0.028076 2.231948 0.082832 0.054588
1.090576 -0.164185 -0.069092 2.120398 -0.319223 -0.134335
0.833008 -0.238525 -0.207642 1.619610 -0.463763 -0.403716
0.587402 -0.027100 -0.246216 1.142081 -0.052690 -0.478715
0.293945 0.195190 -0.273682 0.571515 0.379507 -0.532117
-0.040039 0.205811 -0.352051 -0.077848 0.400156 -0.684489
-0.347778 0.191406 -0.500366 -0.676182 0.372150 -0.972858
-0.653564 0.011719 -0.552734 -1.270720 0.022785 -1.074677
-0.890991 -0.022095 -0.535767 -1.732347 -0.042959 -1.041687
-0.991333 -0.071533 -0.461914 -1.927440 -0.139081 -0.898096
-1.420532 0.020874 -0.568237 -2.761929 0.040585 -1.104819
-1.647217 0.015015 -0.766113 -3.202670 0.029193 -1.489548
-1.613159 -0.078491 -0.658081 -3.136452 -0.152610 -1.279501
-1.824585 -0.289185 -0.648560 -3.547525 -0.562259 -1.260989
-1.788452 -0.463379 -0.744995 -3.477273 -0.900944 -1.448488
-1.287720 -0.061890 -0.706543 -2.503703 -0.120332 -1.373726
-0.557495 0.098267 -0.359375 -1.083933 0.191059 -0.698730
0.190674 0.166260 -0.236328 0.370726 0.323257 -0.459491
0.612061 -0.046631 -0.315063 1.190024 -0.090664 -0.612575
0.732910 -0.222656 -0.473511 1.424991 -0.432909 -0.920643
0.953369 -0.079346 -0.509033 1.853628 -0.154271 -0.989709
1.373657 0.291382 -0.286499 2.670790 0.566531 -0.557038
1.151855 0.110718 -0.222656 2.239543 0.215268 -0.432909
0.871094 -0.292114 -0.325073 1.693660 -0.567955 -0.632037
0.978027 -0.230957 -0.372681 1.901570 -0.449048 -0.724600
1.206543 0.255859 -0.234863 2.345871 0.497465 -0.456643
1.058716 0.579834 -0.014648 2.058452 1.127366 -0.028481
0.730103 0.501099 0.234863 1.419532 0.974282 0.456643
0.273438 0.095215 0.159790 0.531642 0.185125 0.310678
0.083618 -0.159912 -0.208618 0.162578 -0.310916 -0.405615
0.150757 0.001343 -0.255127 0.293115 0.002611 -0.496041
0.083374 -0.064453 -0.176636 0.162103 -0.125316 -0.343431
0.002319 -0.113892 -0.211792 0.004509 -0.221438 -0.411785
-0.018311 -0.093994 -0.276001 -0.035601 -0.182752 -0.536626
-0.051880 -0.069824 -0.310791 -0.100870 -0.135759 -0.604268
-0.104980 -0.024170 -0.241089 -0.204113 -0.046993 -0.468747
-0.094727 -0.039917 -0.170532 -0.184176 -0.077610 -0.331564
-0.125366 -0.085327 -0.129761 -0.243748 -0.165901 -0.252293
-0.172729 0.062866 -0.185181 -0.335836 0.122230 -0.360045
-0.185425 0.222900 -0.182617 -0.360520 0.433383 -0.355061
-0.092651 0.289063 -0.133179 -0.180141 0.562022 -0.258938
0.093872 0.164673 -0.070435 0.182515 0.320172 -0.136945
0.170044 -0.183472 -0.171875 0.330615 -0.356722 -0.334175
0.023682 -0.265869 -0.201782 0.046044 -0.516927 -0.392323
-0.101440 -0.137573 -0.105591 -0.197230 -0.267482 -0.205299
-0.154175 -0.107910 -0.153564 -0.299761 -0.209809 -0.298574
-0.067749 -0.167480 -0.271362 -0.131724 -0.325631 -0.527607
-0.076172 -0.146606 -0.214111 -0.148100 -0.285046 -0.416295
-0.097412 -0.049927 -0.185791 -0.189398 -0.097072 -0.361232
-0.122681 0.084839 -0.200073 -0.238527 0.164952 -0.389001
-0.111084 -0.124390 -0.203247 -0.215980 -0.241850 -0.395172
-0.125977 -0.200439 -0.093872 -0.244935 -0.389713 -0.182515
-0.118408 -0.200806 -0.232666 -0.230220 -0.390425 -0.452371
-0.147705 -0.087524 -0.205322 -0.287182 -0.170173 -0.399206
-0.119019 0.082031 -0.160278 -0.231407 0.159493 -0.311628
-0.123413 -0.152100 -0.123413 -0.239951 -0.295726 -0.239951
-0.191162 -0.194214 -0.052979 -0.371675 -0.377608 -0.103006
-0.210449 0.224121 0.101685 -0.409175 0.435757 0.197704
-0.096313 0.338867 -0.048096 -0.187261 0.658857 -0.093512
