0.260010 -0.210938 -0.136719 0.505535 -0.410124 -0.265821
0.148560 -0.303223 -0.021606 0.288843 -0.589553 -0.042009
0.044189 -0.212402 -0.015991 0.085917 -0.412972 -0.031092
-0.017456 -0.018066 0.083618 -0.033940 -0.035126 0.162578
-0.109497 -0.213623 0.196899 -0.212894 -0.415345 0.382830
-0.198120 -0.282715 0.351929 -0.385203 -0.549680 0.684252
-0.546875 -0.049316 0.277954 -1.063285 -0.095885 0.540424
-0.874146 -0.358276 0.145264 -1.699594 -0.696594 0.282435
-1.133423 -0.458130 0.198242 -2.203705 -0.890738 0.385441
-1.310059 0.185669 0.336792 -2.547136 0.360995 0.654822
-1.490479 1.117554 0.237915 -2.897925 2.172850 0.462576
-1.423462 1.704346 -0.136963 -2.767625 3.313745 -0.266296
-1.116333 0.571045 -0.404663 -2.170477 1.110278 -0.786783
-0.578247 0.599854 -0.421875 -1.124281 1.166290 -0.820248
-0.108887 0.773682 -0.632080 -0.211708 1.504263 -1.228948
0.451904 0.991211 -0.972168 0.878634 1.927203 -1.890178
1.124634 0.837280 -1.234253 2.186616 1.627917 -2.399748
1.620239 0.433472 -1.238892 3.150218 0.842795 -2.408767
1.806763 0.125122 -1.021973 3.512874 0.243274 -1.987013
1.814209 -0.072876 -0.647339 3.527351 -0.141692 -1.258615
1.695068 -0.190552 -0.307129 3.295707 -0.370488 -0.597148
1.625732 -0.284180 -0.012817 3.160898 -0.552528 -0.024921
1.451050 -0.254883 0.218140 2.821264 -0.495567 0.424127
1.091797 0.004517 0.412476 2.122772 0.008782 0.801973
0.758423 0.085938 0.547607 1.474595 0.167088 1.064708
0.374023 -0.061279 0.527710 0.727211 -0.119145 1.026022
-0.013550 -0.090210 0.523804 -0.026345 -0.175394 1.018427
-0.335571 -0.118286 0.513550 -0.652448 -0.229983 0.998491
-0.588501 -0.135620 0.432861 -1.144217 -0.263685 0.841609
-0.846313 -0.178223 0.363403 -1.645480 -0.346517 0.706562
-1.140381 -0.159058 0.306274 -2.217233 -0.309254 0.595487
-1.421753 -0.105835 0.193481 -2.764302 -0.205774 0.376184
-1.700562 -0.127563 0.131348 -3.306387 -0.248021 0.255378
-1.735962 0.018311 -0.044678 -3.375216 0.035601 -0.086867
-1.656250 -0.026978 -0.234863 -3.220233 -0.052452 -0.456643
-1.421387 -0.108643 -0.249512 -2.763590 -0.211233 -0.485124
-1.044678 -0.029419 -0.221680 -2.031158 -0.057199 -0.431010
-0.666382 0.048706 -0.160645 -1.295641 0.094699 -0.312340
-0.275513 0.027832 -0.127441 -0.535677 0.054114 -0.247783
-0.032227 -0.073486 -0.127930 -0.062658 -0.142879 -0.248733
0.050171 -0.032349 -0.112061 0.097547 -0.062895 -0.217878
0.099731 0.030640 -0.069214 0.193907 0.059572 -0.134572
0.089722 0.076538 -0.057861 0.174445 0.148812 -0.112499
0.124634 0.110474 -0.090820 0.242324 0.214793 -0.176581
0.156006 0.079102 -0.097290 0.303321 0.153797 -0.189160
0.183594 -0.015747 -0.094238 0.356960 -0.030617 -0.183227
0.156250 -0.088745 -0.096924 0.303796 -0.172546 -0.188448
0.062134 -0.119385 -0.061279 0.120806 -0.232119 -0.119145
-0.060059 -0.126343 -0.029297 -0.116771 -0.245647 -0.056962
-0.119385 -0.229980 -0.008789 -0.232119 -0.447149 -0.017089
0.040283 -0.363281 -0.004639 0.078322 -0.706325 -0.009019
0.159912 -0.345459 0.022827 0.310916 -0.671673 0.044383
0.064819 0.022949 -0.040894 0.126028 0.044620 -0.079509
-0.063843 0.326172 -0.138794 -0.124129 0.634173 -0.269856
-0.041382 0.197998 -0.121582 -0.080458 0.384966 -0.236391
0.020630 0.031128 -0.081543 0.040111 0.060522 -0.158543
0.091675 0.045288 -0.116699 0.178243 0.088053 -0.226897
0.088135 0.091919 -0.113647 0.171360 0.178717 -0.220964
0.054932 0.101685 -0.132202 0.106803 0.197704 -0.257040
-0.033447 0.073486 -0.161377 -0.065031 0.142879 -0.313764
-0.039307 0.122437 -0.165161 -0.076424 0.238052 -0.321121
-0.025757 0.161621 -0.168701 -0.050079 0.314239 -0.328004
-0.073364 0.179321 -0.178589 -0.142642 0.348653 -0.347229
0.000366 0.185303 -0.117920 0.000712 0.360283 -0.229271
0.045532 0.127197 -0.129883 0.088528 0.247309 -0.252530
0.054077 0.122070 -0.141602 0.105142 0.237340 -0.275315
0.033936 0.180908 -0.154419 0.065981 0.351738 -0.300235
0.006714 0.162964 -0.140259 0.013054 0.316849 -0.272704
0.002319 0.072876 -0.131348 0.004509 0.141692 -0.255378
-0.020752 0.005249 -0.105347 -0.040348 0.010206 -0.204825
-0.025146 0.000488 -0.056030 -0.048892 0.000949 -0.108939
-0.032837 0.037842 -0.053955 -0.063845 0.073575 -0.104904
-0.022217 0.028442 -0.045288 -0.043196 0.055300 -0.088053
-0.005127 -0.026733 -0.065186 -0.009968 -0.051978 -0.126740
-0.011597 0.002075 -0.107178 -0.022547 0.004035 -0.208385
-0.020020 0.033569 -0.129395 -0.038924 0.065269 -0.251581
0.008423 0.028931 -0.131958 0.016376 0.056250 -0.256565
0.021973 -0.004395 -0.119995 0.042721 -0.008544 -0.233305
-0.012329 0.001831 -0.115723 -0.023971 0.003560 -0.224999
-0.026123 0.028442 -0.118652 -0.050791 0.055300 -0.230695
