0.076782 0.363647 0.156860 0.149287 0.707037 0.304982
-0.003418 0.225098 -0.002808 -0.006646 0.437655 -0.005459
0.007935 0.095581 -0.098877 0.015427 0.185837 -0.192246
0.085938 0.103149 -0.173950 0.167088 0.200553 -0.338210
0.218262 0.144775 -0.182129 0.424364 0.281486 -0.354112
0.099609 0.176270 -0.296265 0.193670 0.342719 -0.576025
0.218262 -0.093872 -0.072998 0.424364 -0.182515 -0.141929
0.360107 0.071777 -0.025757 0.700154 0.139556 -0.050079
0.500244 0.170410 -0.108887 0.972620 0.331327 -0.211708
0.409668 0.138794 -0.180542 0.796514 0.269856 -0.351026
0.251221 0.113647 -0.128662 0.488446 0.220964 -0.250157
0.061035 0.117676 0.207520 0.118670 0.228796 0.403478
-0.415527 -0.027344 0.561279 -0.807906 -0.053164 1.091291
-0.822510 -0.059204 0.695068 -1.599199 -0.115110 1.351416
-1.116089 -0.179443 0.815308 -2.170002 -0.348890 1.585196
-1.310547 -0.259521 0.657715 -2.548085 -0.504585 1.278789
-1.400635 -0.423584 0.473999 -2.723243 -0.823571 0.921592
-1.433472 -0.468262 0.279419 -2.787087 -0.910437 0.543272
-1.517578 -0.281982 -0.157959 -2.950614 -0.548256 -0.307118
-1.499756 0.119507 -0.570190 -2.915963 0.232356 -1.108616
-1.376587 0.390259 -0.820801 -2.676486 0.758777 -1.595876
-1.023193 0.670532 -1.133423 -1.989386 1.303710 -2.203705
-0.472046 0.735474 -1.520874 -0.917795 1.429975 -2.957023
0.232788 0.689453 -1.723877 0.452608 1.340498 -3.351720
0.808472 0.710327 -1.565063 1.571905 1.381083 -3.042940
1.146240 0.598633 -1.124634 2.228625 1.163917 -2.186616
1.356689 0.310547 -0.743164 2.637800 0.603794 -1.444928
1.448608 0.109497 -0.569946 2.816517 0.212894 -1.108142
1.503662 0.061401 -0.445557 2.923558 0.119382 -0.866292
1.535522 0.000122 -0.232788 2.985503 0.000237 -0.452608
1.460327 0.001221 -0.031494 2.839302 0.002373 -0.061234
1.356323 -0.054443 0.083984 2.637088 -0.105854 0.163290
1.201172 -0.000366 0.106445 2.335428 -0.000712 0.206961
1.089233 0.016113 0.198853 2.117787 0.031329 0.386627
0.916626 -0.085571 0.231934 1.782188 -0.166376 0.450947
0.659424 -0.080688 0.330933 1.282112 -0.156882 0.643430
0.462646 0.005249 0.384766 0.899520 0.010206 0.748097
0.279785 0.123535 0.393677 0.543984 0.240188 0.765422
0.000000 -0.146362 0.435669 0.000000 -0.284571 0.847067
-0.260132 -0.127930 0.484741 -0.505772 -0.248733 0.942478
-0.518921 0.015991 0.431519 -1.008934 0.031092 0.838998
-0.758789 -0.003052 0.344116 -1.475307 -0.005934 0.669062
-1.012329 -0.085083 0.400146 -1.968263 -0.165426 0.778001
-1.231567 -0.108032 0.420166 -2.394526 -0.210046 0.816925
-1.413330 0.120117 0.366821 -2.747926 0.233543 0.713208
-1.616455 0.379883 0.319946 -3.142860 0.738603 0.622069
-1.717163 0.486694 0.191895 -3.338666 0.946276 0.373099
-1.497314 0.482910 0.088257 -2.911216 0.938918 0.171597
-1.102783 0.449829 -0.034668 -2.144132 0.874599 -0.067405
-0.792114 0.447266 -0.208740 -1.540101 0.869615 -0.405852
-0.540894 0.416138 -0.219360 -1.051655 0.809093 -0.426500
-0.310059 0.398926 -0.173340 -0.602844 0.775628 -0.337023
-0.308960 0.369263 -0.086548 -0.600708 0.717954 -0.168274
-0.277222 0.376587 -0.071411 -0.539000 0.732195 -0.138844
-0.183960 0.270630 -0.083008 -0.357672 0.526183 -0.161391
-0.114258 0.120117 -0.107910 -0.222151 0.233543 -0.209809
-0.057129 0.062622 -0.134888 -0.111075 0.121756 -0.262261
-0.024292 0.045166 -0.123901 -0.047231 0.087816 -0.240900
-0.023071 0.044556 -0.100098 -0.044857 0.086629 -0.194619
-0.010254 0.094360 -0.113281 -0.019937 0.183464 -0.220252
0.004272 0.096313 -0.119263 0.008307 0.187261 -0.231881
0.005371 0.037720 -0.121216 0.010443 0.073338 -0.235679
-0.003418 0.012207 -0.101563 -0.006646 0.023734 -0.197467
-0.019897 0.022949 -0.099854 -0.038686 0.044620 -0.194144
-0.054565 0.047607 -0.140503 -0.106091 0.092563 -0.273179
-0.064941 0.029419 -0.144409 -0.126265 0.057199 -0.280774
-0.076172 0.005615 -0.135864 -0.148100 0.010918 -0.264160
-0.108521 -0.043945 -0.105469 -0.210996 -0.085443 -0.205062
-0.149536 -0.037354 -0.108398 -0.290742 -0.072626 -0.210758
-0.145386 0.005371 -0.159546 -0.282672 0.010443 -0.310204
-0.098633 -0.011719 -0.184326 -0.191771 -0.022785 -0.358384
-0.063599 -0.042603 -0.169678 -0.123654 -0.082832 -0.329903
-0.056763 -0.032837 -0.149414 -0.110363 -0.063845 -0.290505
-0.053711 -0.029541 -0.147339 -0.104430 -0.057436 -0.286470
-0.064575 -0.015503 -0.148804 -0.125553 -0.030142 -0.289318
-0.069458 0.007202 -0.144653 -0.135047 0.014003 -0.281248
-0.070435 -0.017212 -0.121460 -0.136945 -0.033465 -0.236154
-0.095093 -0.007813 -0.131958 -0.184888 -0.015190 -0.256565
-0.107666 -0.003418 -0.142334 -0.209334 -0.006646 -0.276739
-0.106201 -0.006348 -0.149292 -0.206486 -0.012342 -0.290267
