0.278442 0.168335 -0.520996 0.541373 0.327292 -1.012968
0.354614 0.293335 -0.259155 0.689474 0.570329 -0.503873
0.299561 0.246826 -0.217285 0.582433 0.479902 -0.422466
0.283691 0.306885 -0.163208 0.551579 0.596673 -0.317324
0.249634 0.325562 -0.038818 0.485361 0.632987 -0.075474
0.158203 0.115601 0.028564 0.307593 0.224761 0.055538
0.040039 0.027832 -0.020020 0.077848 0.054114 -0.038924
-0.644043 -0.001831 0.065796 -1.252207 -0.003560 0.127926
-1.209839 0.836548 0.287598 -2.352280 1.626493 0.559174
-1.741455 0.410889 0.345581 -3.385896 0.798887 0.671910
-2.224609 -0.203491 0.276855 -4.325289 -0.395646 0.538288
-2.347046 0.034058 -0.106201 -4.563342 0.066218 -0.206486
-1.842041 0.320923 -0.532593 -3.581465 0.623968 -1.035516
-0.815552 0.256348 -0.870850 -1.585670 0.498415 -1.693186
0.046631 0.096191 -1.221558 0.090664 0.187024 -2.375064
0.649048 0.105957 -1.563477 1.261938 0.206011 -3.039854
1.120239 0.300903 -1.662109 2.178072 0.585044 -3.231625
1.242065 0.474243 -1.365479 2.414937 0.922067 -2.654888
1.448364 0.444580 -1.102417 2.816042 0.864393 -2.143420
1.567993 0.247559 -0.706543 3.048636 0.481326 -1.373726
1.774780 0.060425 -0.120605 3.450691 0.117483 -0.234492
1.788574 -0.008301 0.266479 3.477510 -0.016139 0.518114
1.598511 0.041138 0.450806 3.107971 0.079984 0.876498
1.395142 0.312012 0.467163 2.712562 0.606642 0.908301
1.135498 0.511475 0.359985 2.207739 0.994456 0.699916
0.739380 0.552490 0.259277 1.437570 1.074202 0.504111
0.327026 0.408813 0.319946 0.635835 0.794853 0.622069
-0.139893 0.166748 0.433960 -0.271992 0.324207 0.843745
-0.681519 -0.037354 0.374390 -1.325071 -0.072626 0.727923
-1.107300 -0.232910 0.255859 -2.152914 -0.452845 0.497465
-1.408569 -0.413330 0.220337 -2.738670 -0.803634 0.428399
-1.807983 -0.549683 0.176514 -3.515247 -1.068743 0.343194
-1.837402 -0.026245 -0.154785 -3.572446 -0.051028 -0.300947
-1.837891 0.092041 -0.273682 -3.573395 0.178955 -0.532117
-1.557495 0.151978 -0.207031 -3.028225 0.295489 -0.402529
-1.128662 0.464966 -0.150513 -2.194448 0.904029 -0.292641
-0.702637 0.627197 -0.205322 -1.366131 1.219454 -0.399206
-0.387207 0.314453 -0.235229 -0.752843 0.611389 -0.457355
0.046265 -0.076660 -0.158813 0.089952 -0.149050 -0.308780
0.357056 -0.190063 -0.063721 0.694220 -0.369539 -0.123892
0.519531 -0.065552 -0.041626 1.010120 -0.127452 -0.080933
0.342285 -0.076416 -0.021240 0.665502 -0.148575 -0.041297
0.170166 -0.140259 -0.023071 0.330852 -0.272704 -0.044857
0.096802 -0.142456 -0.019287 0.188211 -0.276976 -0.037500
0.104858 -0.135498 -0.006592 0.203875 -0.263448 -0.012816
0.012085 -0.062500 -0.086060 0.023497 -0.121518 -0.167325
-0.216919 0.059326 -0.155029 -0.421754 0.115347 -0.301422
-0.166016 0.061768 -0.106934 -0.322783 0.120094 -0.207910
0.130493 -0.072754 0.026611 0.253717 -0.141455 0.051740
0.199219 -0.056030 -0.008545 0.387339 -0.108939 -0.016614
0.082886 -0.012451 -0.089233 0.161154 -0.024209 -0.173496
0.022339 0.060059 -0.135132 0.043433 0.116771 -0.262736
0.010132 0.048096 -0.109497 0.019699 0.093512 -0.212894
0.018921 0.031982 -0.077881 0.036788 0.062183 -0.151423
-0.047729 0.016357 -0.074829 -0.092800 0.031804 -0.145490
-0.049561 0.011475 -0.075317 -0.096360 0.022310 -0.146439
-0.051392 0.040283 -0.072021 -0.099920 0.078322 -0.140031
-0.063843 0.066040 -0.074707 -0.124129 0.128401 -0.145252
-0.045044 0.050049 -0.054443 -0.087579 0.097310 -0.105854
-0.025024 0.048706 -0.046509 -0.048655 0.094699 -0.090427
-0.042603 0.062012 -0.059204 -0.082832 0.120569 -0.115110
-0.026001 0.068604 -0.056152 -0.050553 0.133385 -0.109177
-0.027222 0.031006 -0.070190 -0.052927 0.060284 -0.136471
-0.002808 0.053955 -0.095703 -0.005459 0.104904 -0.186075
0.168457 0.106079 -0.056519 0.327530 0.206249 -0.109889
0.195801 0.041138 -0.050537 0.380694 0.079984 -0.098259
0.033813 0.023926 -0.104980 0.065743 0.046519 -0.204113
-0.041260 -0.038696 -0.115234 -0.080221 -0.075237 -0.224049
-0.052979 -0.044922 -0.118042 -0.103006 -0.087341 -0.229508
-0.023682 -0.025391 -0.134644 -0.046044 -0.049367 -0.261786
0.002319 -0.008301 -0.133667 0.004509 -0.016139 -0.259888
-0.003174 0.010010 -0.142090 -0.006171 0.019462 -0.276264
0.011230 -0.018555 -0.126221 0.021835 -0.036076 -0.245410
-0.026489 -0.028442 -0.120117 -0.051503 -0.055300 -0.233543
-0.058472 0.007690 -0.107422 -0.113686 0.014952 -0.208859
-0.076782 0.005615 -0.098633 -0.149287 0.010918 -0.191771
-0.102661 0.004028 -0.083374 -0.199603 0.007832 -0.162103
-0.100586 0.026978 -0.094116 -0.195568 0.052452 -0.182989
-0.058838 0.038330 -0.097534 -0.114398 0.074525 -0.189635
-0.035645 0.040039 -0.101563 -0.069303 0.077848 -0.197467
