-0.479736 0.054565 -0.075073 -0.932747 0.106091 -0.145964
-0.404175 0.214844 -0.096680 -0.785834 0.417719 -0.187973
-0.320068 0.065552 -0.252441 -0.622306 0.127452 -0.490820
-0.229858 -0.384766 -0.349487 -0.446912 -0.748097 -0.679505
-0.176025 -0.623169 -0.420776 -0.342245 -1.211622 -0.818112
-0.391357 -0.406738 -0.417847 -0.760913 -0.790818 -0.812416
-0.903564 -0.227417 -0.264771 -1.756793 -0.442165 -0.514791
-1.361938 -0.604858 -0.091309 -2.648005 -1.176021 -0.177531
-1.371948 -0.696045 -0.079102 -2.667467 -1.353314 -0.153797
-1.285522 -0.176758 -0.255615 -2.499431 -0.343669 -0.496991
-1.329956 0.401001 -0.435547 -2.585822 0.779663 -0.846830
-1.310913 0.445313 -0.403687 -2.548797 0.865817 -0.784884
-1.121582 0.069214 -0.532593 -2.180682 0.134572 -1.035516
-0.957275 0.089233 -0.718994 -1.861223 0.173496 -1.397934
-1.074341 0.279053 -0.641846 -2.088832 0.542560 -1.247935
-1.113892 0.267334 -0.470459 -2.165730 0.519775 -0.914709
-0.685425 -0.057129 -0.412720 -1.332666 -0.111075 -0.802447
-0.543091 0.140625 -0.219727 -1.055927 0.273416 -0.427213
-0.316040 0.537964 -0.092041 -0.614474 1.045959 -0.178955
0.197266 0.504150 -0.159668 0.383542 0.980215 -0.310441
0.542480 0.375000 -0.259644 1.054740 0.729109 -0.504823
0.761230 0.318115 -0.291016 1.480054 0.618509 -0.565819
0.975586 0.423828 -0.243530 1.896824 0.824045 -0.473494
1.149536 0.514282 -0.212036 2.235034 0.999915 -0.412260
1.317261 0.428101 -0.223145 2.561139 0.832352 -0.433858
1.511597 0.269043 -0.273438 2.938985 0.523098 -0.531642
1.575439 0.206177 -0.301514 3.063114 0.400868 -0.586231
1.402832 0.218994 -0.284668 2.727515 0.425788 -0.553478
1.152344 0.258179 -0.213623 2.240492 0.501975 -0.415345
0.965820 0.201416 -0.179077 1.877836 0.391611 -0.348178
0.824585 0.035156 -0.206055 1.603234 0.068354 -0.400630
0.714600 -0.131958 -0.268799 1.389390 -0.256565 -0.522623
0.464966 -0.251831 -0.332642 0.904029 -0.489633 -0.646752
0.075928 -0.094116 -0.365112 0.147626 -0.182989 -0.709885
-0.321289 0.045288 -0.345093 -0.624680 0.088053 -0.670961
-0.619873 -0.013062 -0.269653 -1.205214 -0.025395 -0.524285
-0.779175 -0.048584 -0.316406 -1.514943 -0.094461 -0.615186
-0.942749 -0.034546 -0.480957 -1.832979 -0.067167 -0.935121
-1.099609 -0.109741 -0.595825 -2.137961 -0.213369 -1.158458
-1.152222 -0.503784 -0.632080 -2.240255 -0.979503 -1.228948
-1.374268 -0.543213 -0.618896 -2.671977 -1.056164 -1.203315
-1.716919 -0.048828 -0.459839 -3.338191 -0.094936 -0.894061
-1.907959 -0.265137 -0.508423 -3.709629 -0.515503 -0.988522
-1.534424 -0.692017 -0.660278 -2.983367 -1.345482 -1.283774
-0.766724 -0.437134 -0.467285 -1.490734 -0.849916 -0.908539
-0.697021 -0.282227 -0.098755 -1.355213 -0.548731 -0.192008
-0.769653 -0.176147 -0.179443 -1.496431 -0.342482 -0.348890
-0.245728 0.070923 -0.461914 -0.477766 0.137895 -0.898096
0.197266 0.098999 -0.585449 0.383542 0.192483 -1.138284
0.309448 0.176514 -0.466553 0.601658 0.343194 -0.907115
0.558594 0.484985 -0.276489 1.086069 0.942953 -0.537576
0.668457 0.656616 -0.262939 1.299675 1.276653 -0.511231
0.911743 0.639282 -0.313232 1.772695 1.242951 -0.609015
1.217407 0.497192 -0.347778 2.366995 0.966687 -0.676182
1.270752 0.385010 -0.245117 2.470712 0.748571 -0.476579
1.135620 0.463379 -0.134033 2.207977 0.900944 -0.260600
1.066895 0.464478 -0.083008 2.074354 0.903080 -0.161391
1.068604 0.316528 -0.084717 2.077677 0.615423 -0.164714
0.975586 0.260864 -0.089844 1.896824 0.507196 -0.174682
0.652710 0.246704 -0.044189 1.269058 0.479665 -0.085917
0.312378 0.323975 0.055054 0.607354 0.629901 0.107040
0.191284 0.336304 0.106445 0.371912 0.653872 0.206961
0.255981 0.228760 0.098022 0.497703 0.444776 0.190584
0.277710 -0.057129 -0.049316 0.539949 -0.111075 -0.095885
0.168335 -0.194702 -0.138916 0.327292 -0.378558 -0.270093
0.069702 -0.070435 -0.109497 0.135521 -0.136945 -0.212894
-0.038574 0.095581 -0.056396 -0.075000 0.185837 -0.109651
-0.136475 0.076416 -0.072876 -0.265346 0.148575 -0.141692
-0.073853 0.076050 -0.090332 -0.143591 0.147863 -0.175632
-0.031860 0.040405 -0.097900 -0.061946 0.078560 -0.190347
-0.082153 0.073975 -0.068726 -0.159730 0.143828 -0.133623
-0.149170 0.164551 -0.027954 -0.290030 0.319935 -0.054351
-0.156250 0.125122 0.015869 -0.303796 0.243274 0.030854
-0.152222 0.000366 0.041870 -0.295963 0.000712 0.081408
-0.166626 0.065674 0.009766 -0.323969 0.127689 0.018987
-0.121460 0.081421 -0.023193 -0.236154 0.158306 -0.045095
-0.038940 0.022461 -0.038696 -0.075712 0.043671 -0.075237
-0.010010 -0.025269 -0.032227 -0.019462 -0.049129 -0.062658
-0.021606 0.018555 -0.037598 -0.042009 0.036076 -0.073101
0.002197 -0.005615 -0.053833 0.004272 -0.010918 -0.104667
