-0.521362 -0.331055 -0.549316 -1.013680 -0.643667 -1.068031
-0.584106 0.178345 -0.384766 -1.135673 0.346754 -0.748097
-0.605835 -0.125366 -0.216064 -1.177920 -0.243748 -0.420092
-0.613525 -0.224976 -0.218506 -1.192872 -0.437418 -0.424839
-0.338501 -0.135132 0.011230 -0.658145 -0.262736 0.021835
0.145508 -0.003296 0.194336 0.282910 -0.006408 0.377846
0.326172 -0.208252 0.096924 0.634173 -0.404903 0.188448
0.594238 0.023804 0.094482 1.155373 0.046281 0.183701
1.135010 -0.091309 -0.090942 2.206790 -0.177531 -0.176819
1.040771 -0.201172 -0.180054 2.023563 -0.391137 -0.350077
1.023682 -0.149780 -0.110107 1.990336 -0.291217 -0.214081
1.383545 -0.078613 0.084595 2.690015 -0.152847 0.164477
1.282959 0.208130 0.012695 2.494446 0.404665 0.024683
0.865967 -0.070557 -0.217896 1.683692 -0.137183 -0.423652
0.682251 -0.330688 -0.371460 1.326495 -0.642955 -0.722227
0.676514 -0.289917 -0.532959 1.315340 -0.563683 -1.036228
0.594849 -0.338745 -0.656128 1.156559 -0.658619 -1.275704
0.442627 -0.366577 -0.791260 0.860596 -0.712733 -1.538440
0.192017 -0.124878 -0.945313 0.373336 -0.242799 -1.837963
-0.097778 -0.116821 -1.035889 -0.190110 -0.227135 -2.014070
-0.350342 -0.130859 -1.136841 -0.681167 -0.254429 -2.210350
-0.581421 -0.060425 -1.139893 -1.130452 -0.117483 -2.216284
-0.833374 -0.075195 -0.994629 -1.620322 -0.146202 -1.933849
-0.981323 -0.061157 -0.545288 -1.907979 -0.118907 -1.060199
-0.952148 0.054565 -0.017822 -1.851254 0.106091 -0.034652
-0.818481 -0.110229 0.350098 -1.591367 -0.214318 0.680692
-0.384766 -0.341187 0.748291 -0.748097 -0.663366 1.454896
-0.328247 -0.207153 1.120605 -0.638208 -0.402766 2.178784
-0.508057 0.142578 1.395874 -0.987810 0.277213 2.713986
-0.062378 0.210083 1.361328 -0.121281 0.408463 2.646819
0.523682 0.156006 0.914795 1.018190 0.303321 1.778628
0.662720 0.022705 0.579590 1.288520 0.044145 1.126892
0.674194 -0.095093 0.258423 1.310830 -0.184888 0.502449
0.600708 -0.067749 0.029785 1.167952 -0.131724 0.057911
0.256714 0.115601 -0.097290 0.499127 0.224761 -0.189160
-0.167725 0.186035 -0.132446 -0.326106 0.361707 -0.257514
-0.411621 0.020874 -0.283813 -0.800311 0.040585 -0.551816
-0.505737 -0.096436 -0.517700 -0.983301 -0.187499 -1.006560
-0.650879 -0.112671 -0.713989 -1.265498 -0.219065 -1.388203
-0.799805 -0.091187 -0.909790 -1.555054 -0.177293 -1.768897
-0.992065 -0.062134 -1.095947 -1.928864 -0.120806 -2.130841
-0.979248 0.076538 -1.148438 -1.903944 0.148812 -2.232897
-0.685913 0.083252 -1.021729 -1.333615 0.161866 -1.986538
-0.397217 0.055664 -0.643311 -0.772305 0.108227 -1.250783
-0.147583 0.085205 -0.320923 -0.286944 0.165664 -0.623968
-0.015625 0.045776 -0.218994 -0.030380 0.089003 -0.425788
0.068237 -0.066284 -0.145874 0.132673 -0.128876 -0.283622
0.091064 -0.130371 -0.061890 0.177056 -0.253479 -0.120332
0.120239 -0.089844 -0.000122 0.233780 -0.174682 -0.000237
0.067383 -0.054199 -0.027954 0.131012 -0.105379 -0.054351
-0.005005 0.005493 -0.072266 -0.009731 0.010680 -0.140505
-0.032349 0.039795 -0.081055 -0.062895 0.077373 -0.157594
-0.032593 0.052734 -0.088257 -0.063370 0.102531 -0.171597
-0.049438 0.022217 -0.100586 -0.096123 0.043196 -0.195568
-0.040771 -0.027344 -0.109863 -0.079272 -0.053164 -0.213606
-0.034424 -0.004517 -0.106445 -0.066930 -0.008782 -0.206961
-0.028931 0.030884 -0.076050 -0.056250 0.060047 -0.147863
-0.026001 0.064819 -0.070801 -0.050553 0.126028 -0.137657
-0.042847 0.046997 -0.081299 -0.083306 0.091376 -0.158069
-0.031128 0.051514 -0.106934 -0.060522 0.100158 -0.207910
-0.019653 0.063721 -0.108032 -0.038212 0.123892 -0.210046
-0.011963 0.042725 -0.118774 -0.023259 0.083069 -0.230932
0.003662 0.040771 -0.136963 0.007120 0.079272 -0.266296
0.001709 0.048706 -0.135986 0.003323 0.094699 -0.264397
0.006226 0.087280 -0.138550 0.012104 0.169698 -0.269381
0.000977 0.090576 -0.152222 0.001899 0.176106 -0.295963
0.020142 0.053833 -0.127686 0.039161 0.104667 -0.248258
0.023682 0.081909 -0.094116 0.046044 0.159255 -0.182989
0.008545 0.060669 -0.091431 0.016614 0.117958 -0.177768
0.026367 0.022461 -0.100220 0.051266 0.043671 -0.194856
0.028320 0.009399 -0.111816 0.055063 0.018275 -0.217404
0.013184 0.029907 -0.131958 0.025633 0.058148 -0.256565
-0.001709 0.025513 -0.134766 -0.003323 0.049604 -0.262024
0.009521 0.031860 -0.119141 0.018513 0.061946 -0.231644
0.012817 0.013062 -0.104004 0.024921 0.025395 -0.202214
0.022217 -0.013550 -0.124023 0.043196 -0.026345 -0.241138
0.011841 -0.015869 -0.142456 0.023022 -0.030854 -0.276976
-0.010498 0.017090 -0.133667 -0.020411 0.033228 -0.259888
-0.014160 0.025757 -0.121460 -0.027531 0.050079 -0.236154
-0.018433 0.014648 -0.143311 -0.035838 0.028481 -0.278637
