-0.539795 0.490845 -0.257935 -1.049519 0.954345 -0.501500
-0.713013 0.540771 -0.182251 -1.386305 1.051417 -0.354349
-0.815552 0.187256 -0.278076 -1.585670 0.364080 -0.540661
-0.878540 0.132446 -0.251831 -1.708138 0.257514 -0.489633
-0.911255 -0.012085 -0.127441 -1.771745 -0.023497 -0.247783
-0.849487 0.015137 -0.036865 -1.651651 0.029430 -0.071677
-0.919312 -0.070679 -0.097290 -1.787410 -0.137420 -0.189160
-1.001099 0.007690 -0.091553 -1.946428 0.014952 -0.178005
-1.189819 0.007690 -0.081909 -2.313356 0.014952 -0.159255
-1.655396 -0.130127 -0.053345 -3.218572 -0.253005 -0.103718
-1.985596 -0.019653 0.001343 -3.860577 -0.038212 0.002611
-2.022095 -0.004028 0.137573 -3.931542 -0.007832 0.267482
-1.351074 -0.118774 0.154907 -2.626882 -0.230932 0.301185
-0.221191 -0.067017 0.002441 -0.430061 -0.130300 0.004747
0.286621 -0.033325 -0.054077 0.557275 -0.064794 -0.105142
0.515503 0.017578 -0.101196 1.002288 0.034177 -0.196755
0.707764 -0.068726 -0.137451 1.376099 -0.133623 -0.267245
0.869751 -0.140503 -0.255249 1.691050 -0.273179 -0.496279
1.111694 -0.169678 -0.325684 2.161458 -0.329903 -0.633224
1.342041 -0.181152 -0.398071 2.609319 -0.352213 -0.773967
1.427856 -0.130127 -0.424194 2.776169 -0.253005 -0.824758
1.167236 -0.023193 -0.395386 2.269448 -0.045095 -0.768745
0.983154 0.049438 -0.397339 1.911539 0.096123 -0.772543
0.811890 0.068237 -0.441162 1.578550 0.132673 -0.857748
0.599854 0.001587 -0.436279 1.166290 0.003085 -0.848254
0.433960 -0.035034 -0.455444 0.843745 -0.068117 -0.885517
0.233643 0.031494 -0.507690 0.454269 0.061234 -0.987098
-0.065430 0.041870 -0.538086 -0.127214 0.081408 -1.046196
-0.358643 0.029419 -0.523560 -0.697306 0.057199 -1.017952
-0.624756 0.021362 -0.476318 -1.214708 0.041535 -0.926102
-0.877686 0.055420 -0.500244 -1.706477 0.107752 -0.972620
-1.143799 0.123779 -0.532593 -2.223878 0.240663 -1.035516
-1.181885 0.115723 -0.590454 -2.297929 0.224999 -1.148015
-1.099854 0.275757 -0.525146 -2.138436 0.536152 -1.021038
-0.862671 0.334106 -0.607910 -1.677284 0.649600 -1.181955
-0.413452 0.252075 -0.473511 -0.803872 0.490108 -0.920643
-0.025024 0.197266 -0.298340 -0.048655 0.383542 -0.580060
0.141113 0.064697 -0.284546 0.274365 0.125790 -0.553240
0.073730 0.056763 -0.253662 0.143354 0.110363 -0.493193
-0.053345 0.115845 -0.259033 -0.103718 0.225236 -0.503636
-0.091675 0.121704 -0.153564 -0.178243 0.236628 -0.298574
-0.095703 0.158203 -0.064453 -0.186075 0.307593 -0.125316
-0.046997 0.192383 0.005737 -0.091376 0.374048 0.011155
0.048340 0.173828 0.051880 0.093987 0.337973 0.100870
0.096313 0.151367 0.066040 0.187261 0.294302 0.128401
0.104126 0.128052 0.070923 0.202451 0.248970 0.137895
0.148193 0.109131 0.080566 0.288131 0.212182 0.156645
0.157471 0.099121 0.088989 0.306169 0.192720 0.173021
0.097290 0.077271 0.057983 0.189160 0.150236 0.112737
0.067139 0.082031 0.012817 0.130537 0.159493 0.024921
0.057129 0.089233 -0.008301 0.111075 0.173496 -0.016139
0.047729 0.068970 0.010742 0.092800 0.134097 0.020886
0.036743 0.062866 0.046997 0.071439 0.122230 0.091376
0.035522 0.065674 0.073730 0.069066 0.127689 0.143354
0.045288 0.073730 0.058472 0.088053 0.143354 0.113686
0.040039 0.081787 -0.006104 0.077848 0.159018 -0.011867
0.022339 0.089355 -0.067993 0.043433 0.173733 -0.132199
0.036255 0.086548 -0.108887 0.070490 0.168274 -0.211708
0.043579 0.074707 -0.102295 0.084730 0.145252 -0.198891
0.062500 0.089111 -0.057739 0.121518 0.173258 -0.112262
0.031006 0.047119 -0.064941 0.060284 0.091613 -0.126265
-0.003540 0.046875 -0.102661 -0.006883 0.091139 -0.199603
-0.006714 0.041382 -0.123657 -0.013054 0.080458 -0.240426
0.018066 0.010742 -0.124146 0.035126 0.020886 -0.241375
0.038696 -0.036377 -0.117676 0.075237 -0.070727 -0.228796
0.023315 -0.012207 -0.133057 0.045332 -0.023734 -0.258701
0.013550 0.060547 -0.085083 0.026345 0.117721 -0.165426
-0.010864 0.092407 -0.044312 -0.021123 0.179667 -0.086155
-0.036865 0.110840 -0.048828 -0.071677 0.215505 -0.094936
-0.006348 0.083496 -0.035400 -0.012342 0.162341 -0.068829
0.050293 0.072632 -0.004028 0.097784 0.141217 -0.007832
0.020508 0.027344 -0.030884 0.039873 0.053164 -0.060047
-0.044067 0.044067 -0.112671 -0.085680 0.085680 -0.219065
-0.033691 0.039429 -0.115234 -0.065506 0.076661 -0.224049
-0.007935 -0.001221 -0.105591 -0.015427 -0.002373 -0.205299
-0.002197 0.014404 -0.116333 -0.004272 0.028006 -0.226185
-0.007324 0.033325 -0.153809 -0.014240 0.064794 -0.299049
-0.004517 0.032104 -0.141724 -0.008782 0.062420 -0.275552
-0.003174 0.045776 -0.144653 -0.006171 0.089003 -0.281248
0.002930 0.020996 -0.139038 0.005696 0.040823 -0.270331
