-0.048218 -0.220215 -0.485474 -0.093749 -0.428162 -0.943902
-0.235718 -0.260986 -0.322632 -0.458304 -0.507434 -0.627290
-0.388794 0.073730 -0.124023 -0.755929 0.143354 -0.241138
-0.450806 0.267090 0.033081 -0.876498 0.519301 0.064319
-0.635254 0.086426 -0.052734 -1.235119 0.168037 -0.102531
-0.933350 0.202515 -0.276855 -1.814704 0.393748 -0.538288
-1.167114 0.274292 -0.373047 -2.269211 0.533304 -0.725312
-1.454102 0.278931 -0.180908 -2.827198 0.542323 -0.351738
-1.943359 0.423584 0.003662 -3.778457 0.823571 0.007120
-2.182129 0.197754 0.264526 -4.242695 0.384491 0.514316
-1.784180 0.102661 0.300659 -3.468966 0.199603 0.584569
-1.000000 0.058228 0.172607 -1.944292 0.113211 0.335599
-0.315430 -0.034790 0.023071 -0.613287 -0.067642 0.044857
0.062256 -0.033569 -0.069824 0.121044 -0.065269 -0.135759
0.290771 -0.012817 -0.122070 0.565345 -0.024921 -0.237340
0.501221 -0.008789 -0.131104 0.974519 -0.017089 -0.254903
0.664307 -0.046143 -0.224976 1.291606 -0.089715 -0.437418
0.829468 -0.119751 -0.322388 1.612727 -0.232831 -0.626816
1.010498 -0.127441 -0.355225 1.964703 -0.247783 -0.690660
1.201050 -0.170776 -0.359009 2.335191 -0.332039 -0.698018
1.480347 -0.229370 -0.367920 2.878226 -0.445962 -0.715344
1.334229 -0.099365 -0.368408 2.594129 -0.193195 -0.716293
1.086792 0.230469 -0.356323 2.113040 0.448098 -0.692796
0.833618 1.119019 -0.220215 1.620797 2.175698 -0.428162
0.448853 0.759399 -0.258667 0.872700 1.476494 -0.502924
0.149902 0.092163 -0.498413 0.291454 0.179192 -0.969060
-0.015015 -0.082153 -0.577881 -0.029193 -0.159730 -1.123569
-0.215576 -0.274414 -0.512817 -0.419143 -0.533541 -0.997067
-0.465454 -0.261475 -0.461548 -0.904979 -0.508383 -0.897384
-0.782593 -0.133789 -0.573608 -1.521589 -0.260125 -1.115262
-1.100220 0.082642 -0.602905 -2.139148 0.160679 -1.172224
-1.440063 0.071045 -0.588135 -2.799903 0.138132 -1.143505
-1.747314 0.039795 -0.563354 -3.397289 0.077373 -1.095325
-1.591797 0.161621 -0.561890 -3.094917 0.314239 -1.092477
-0.929565 0.111206 -0.361572 -1.807346 0.216217 -0.703002
-0.387695 0.070923 -0.085571 -0.753793 0.137895 -0.166376
-0.118530 0.057251 -0.033325 -0.230457 0.111313 -0.064794
0.043213 0.111450 -0.083008 0.084018 0.216692 -0.161391
0.163452 0.125000 -0.137695 0.317799 0.243036 -0.267720
0.179321 0.116211 -0.166016 0.348653 0.225948 -0.322783
0.146729 0.085938 -0.143066 0.285283 0.167088 -0.278163
0.154785 0.037476 -0.139404 0.300947 0.072863 -0.271043
0.183350 -0.002075 -0.108887 0.356485 -0.004035 -0.211708
0.229492 0.010620 -0.020020 0.446200 0.020649 -0.038924
0.224609 0.089722 0.022705 0.436706 0.174445 0.044145
0.157104 0.178955 0.006958 0.305457 0.347941 0.013528
0.065674 0.203369 -0.029419 0.127689 0.395409 -0.057199
-0.014404 0.136230 -0.004761 -0.028006 0.264872 -0.009256
-0.050659 0.130737 0.034546 -0.098496 0.254191 0.067167
-0.010742 0.145508 0.076416 -0.020886 0.282910 0.148575
0.107178 0.126831 0.098999 0.208385 0.246597 0.192483
0.215088 0.129395 0.091797 0.418194 0.251581 0.178480
0.202881 0.157104 0.060791 0.394460 0.305457 0.118195
0.127197 0.163208 0.006714 0.247309 0.317324 0.013054
0.093750 0.187134 -0.068237 0.182277 0.363843 -0.132673
0.120728 0.118774 -0.085083 0.234730 0.230932 -0.165426
0.112793 0.016479 -0.064331 0.219302 0.032041 -0.125078
0.010742 0.005005 -0.164063 0.020886 0.009731 -0.318985
0.017700 0.036865 -0.247192 0.034414 0.071677 -0.480614
0.092651 0.014038 -0.116821 0.180141 0.027294 -0.227135
0.006836 -0.015869 -0.104980 0.013291 -0.030854 -0.204113
-0.059937 0.004639 -0.118408 -0.116534 0.009019 -0.230220
-0.044922 -0.002319 -0.139526 -0.087341 -0.004509 -0.271280
0.000610 0.030762 -0.156616 0.001187 0.059810 -0.304508
0.025269 0.055664 -0.117798 0.049129 0.108227 -0.229033
0.007202 0.041626 -0.102661 0.014003 0.080933 -0.199603
-0.024536 0.016479 -0.125366 -0.047705 0.032041 -0.243748
-0.001099 0.014038 -0.122559 -0.002136 0.027294 -0.238290
0.035767 0.014893 -0.113892 0.069541 0.028956 -0.221438
0.031738 0.018555 -0.105347 0.061708 0.036076 -0.204825
0.024048 0.023804 -0.120972 0.046756 0.046281 -0.235204
0.006836 0.039063 -0.177734 0.013291 0.075949 -0.345567
0.020996 0.051880 -0.192017 0.040823 0.100870 -0.373336
0.009888 0.022583 -0.143677 0.019225 0.043908 -0.279350
-0.025757 -0.021484 -0.112793 -0.050079 -0.041772 -0.219302
-0.028809 -0.011108 -0.114868 -0.056012 -0.021598 -0.223337
-0.008423 0.039185 -0.137939 -0.016376 0.076186 -0.268195
0.005981 0.047729 -0.143188 0.011630 0.092800 -0.278400
-0.069580 0.028442 -0.124512 -0.135284 0.055300 -0.242087
-0.100586 0.045410 -0.107788 -0.195568 0.088291 -0.209571
