-0.092041 0.664917 -0.205688 -0.178955 1.292793 -0.399918
0.235840 0.876465 -0.179565 0.458541 1.704103 -0.349128
0.545532 0.567627 -0.166870 1.060674 1.103632 -0.324444
0.224609 0.351196 -0.080566 0.436706 0.682828 -0.156645
-0.354736 0.207764 -0.088013 -0.689711 0.403953 -0.171122
-0.961548 0.030762 -0.214600 -1.869529 0.059810 -0.417244
-1.475220 -0.071655 -0.197998 -2.868257 -0.139319 -0.384966
-1.764771 0.025024 -0.100586 -3.431228 0.048655 -0.195568
-2.233521 -0.171509 0.130371 -4.342615 -0.333463 0.253479
-2.902100 0.162598 0.135254 -5.642528 0.316137 0.262973
-1.983887 0.541626 -0.145142 -3.857254 1.053079 -0.282198
-0.875244 0.236084 -0.145020 -1.701730 0.459016 -0.281960
-0.488159 0.141846 -0.058594 -0.949124 0.275789 -0.113923
-0.318237 0.211792 0.092896 -0.618746 0.411785 0.180616
-0.085938 0.112305 0.023682 -0.167088 0.218353 0.046044
0.191162 -0.143433 0.004272 0.371675 -0.278875 0.008307
0.396606 -0.255737 -0.054077 0.771119 -0.497228 -0.105142
0.643066 -0.295410 -0.088745 1.250309 -0.574363 -0.172546
1.064209 -0.333130 -0.150635 2.069133 -0.647702 -0.292878
1.337036 -0.399536 -0.299072 2.599588 -0.776815 -0.581484
1.366821 -0.407715 -0.395752 2.657499 -0.792717 -0.769457
1.314941 -0.389648 -0.506836 2.556630 -0.757590 -0.985437
1.236816 -0.348755 -0.592407 2.404732 -0.678081 -1.151812
1.323242 -0.423340 -0.675171 2.572769 -0.823096 -1.312729
1.170166 -0.348755 -0.698853 2.275144 -0.678081 -1.358773
0.924927 -0.271118 -0.645508 1.798327 -0.527133 -1.255055
0.477905 -0.163574 -0.493774 0.929187 -0.318036 -0.960041
0.082642 -0.087036 -0.388550 0.160679 -0.169224 -0.755454
-0.295654 0.029053 -0.316895 -0.574838 0.056487 -0.616135
-0.469238 0.141479 -0.288208 -0.912336 0.275077 -0.560360
-0.739868 0.137939 -0.341187 -1.438519 0.268195 -0.663366
-1.186157 0.125854 -0.357300 -2.306236 0.244698 -0.694695
-1.442993 0.183472 -0.280762 -2.805599 0.356722 -0.545883
-1.614746 0.198608 -0.208374 -3.139537 0.386153 -0.405140
-1.797852 0.278564 -0.216553 -3.495548 0.541611 -0.421042
-1.878418 0.376221 -0.258179 -3.652192 0.731483 -0.501975
-1.390503 0.412476 -0.258179 -2.703543 0.801973 -0.501975
-0.928833 0.402466 -0.308716 -1.805922 0.782511 -0.600234
-0.402344 0.100098 -0.284424 -0.782274 0.194619 -0.553003
-0.019897 -0.040283 -0.165527 -0.038686 -0.078322 -0.321833
-0.010254 -0.040894 -0.031250 -0.019937 -0.079509 -0.060759
0.032104 -0.061890 0.031494 0.062420 -0.120332 0.061234
0.225708 -0.086060 0.012329 0.438842 -0.167325 0.023971
0.272705 -0.095581 -0.037354 0.530218 -0.185837 -0.072626
0.229370 -0.099731 -0.044800 0.445962 -0.193907 -0.087104
0.189453 -0.047729 -0.042358 0.368352 -0.092800 -0.082357
0.138916 0.046631 -0.056030 0.270093 0.090664 -0.108939
0.116455 0.052734 -0.098022 0.226423 0.102531 -0.190584
0.082764 0.070801 -0.125610 0.160917 0.137657 -0.244223
0.057617 0.137329 -0.135376 0.112025 0.267008 -0.263210
0.026611 0.158325 -0.155640 0.051740 0.307830 -0.302609
0.001343 0.169067 -0.168091 0.002611 0.328716 -0.326818
-0.004639 0.156738 -0.158325 -0.009019 0.304745 -0.307830
0.003052 0.122925 -0.130249 0.005934 0.239002 -0.253242
0.004761 0.086792 -0.115601 0.009256 0.168749 -0.224761
-0.008911 0.053467 -0.116211 -0.017326 0.103955 -0.225948
-0.028809 0.038330 -0.114014 -0.056012 0.074525 -0.221676
-0.045166 0.038940 -0.112427 -0.087816 0.075712 -0.218590
-0.024902 0.046143 -0.102417 -0.048417 0.089715 -0.199128
-0.012207 0.023926 -0.085815 -0.023734 0.046519 -0.166850
-0.017090 0.033203 -0.085205 -0.033228 0.064557 -0.165664
-0.018921 0.022949 -0.097168 -0.036788 0.044620 -0.188923
-0.013794 0.012085 -0.098145 -0.026819 0.023497 -0.190822
-0.000244 0.018799 -0.094971 -0.000475 0.036550 -0.184651
0.001709 0.026855 -0.097412 0.003323 0.052215 -0.189398
-0.003540 0.034302 -0.099976 -0.006883 0.066693 -0.194382
-0.002563 0.061890 -0.096924 -0.004984 0.120332 -0.188448
-0.000610 0.048340 -0.093018 -0.001187 0.093987 -0.180853
-0.009277 0.039795 -0.103394 -0.018038 0.077373 -0.201027
-0.002686 0.022583 -0.110474 -0.005221 0.043908 -0.214793
-0.011475 -0.000854 -0.112427 -0.022310 -0.001661 -0.218590
-0.017212 0.010010 -0.107178 -0.033465 0.019462 -0.208385
-0.014648 0.019775 -0.099609 -0.028481 0.038449 -0.193670
-0.032593 0.016724 -0.094727 -0.063370 0.032516 -0.184176
-0.023193 0.015259 -0.104858 -0.045095 0.029668 -0.203875
-0.031006 0.006470 -0.116333 -0.060284 0.012579 -0.226185
-0.027344 0.009033 -0.102295 -0.053164 0.017563 -0.198891
-0.028931 0.010254 -0.091675 -0.056250 0.019937 -0.178243
-0.053223 0.008789 -0.099854 -0.103480 0.017089 -0.194144
-0.055420 0.001221 -0.107178 -0.107752 0.002373 -0.208385
