-0.143677 0.295288 0.014893 -0.279350 0.574126 0.028956
-0.084595 0.440552 0.046021 -0.164477 0.856561 0.089477
-0.198853 0.331543 -0.104858 -0.386627 0.644616 -0.203875
-0.274048 0.072876 -0.226440 -0.532829 0.141692 -0.440266
-0.325806 -0.190430 -0.305542 -0.633461 -0.370251 -0.594063
-0.450195 -0.301147 -0.282715 -0.875311 -0.585518 -0.549680
-0.613403 -0.219116 -0.179199 -1.192635 -0.426026 -0.348416
-0.793091 0.341431 -0.092163 -1.542000 0.663841 -0.179192
-1.128174 -0.138428 -0.291626 -2.193499 -0.269144 -0.567006
-1.462524 -0.313843 -0.414307 -2.843574 -0.610202 -0.805533
-1.575439 -0.289429 -0.347168 -3.063114 -0.562734 -0.674996
-1.141602 -0.311279 -0.320313 -2.219606 -0.605218 -0.622781
-0.695068 -0.229492 -0.261353 -1.351416 -0.446200 -0.508146
-0.156250 -0.194824 -0.256592 -0.303796 -0.378795 -0.498889
0.330444 -0.105225 -0.287231 0.642480 -0.204587 -0.558462
0.905762 -0.005737 -0.378906 1.761065 -0.011155 -0.736704
0.881104 0.127441 -0.529541 1.713122 0.247783 -1.029582
1.172974 0.102905 -0.575562 2.280603 0.200078 -1.119059
1.320068 0.035767 -0.600952 2.566598 0.069541 -1.168426
1.202148 0.142090 -0.537964 2.337327 0.276264 -1.045959
0.921875 0.215210 -0.411987 1.792394 0.418431 -0.801023
0.621460 0.207886 -0.334229 1.208299 0.404191 -0.649838
0.412109 0.149780 -0.235840 0.801261 0.291217 -0.458541
0.160767 0.050659 -0.166138 0.312577 0.098496 -0.323020
-0.063110 -0.026001 -0.144043 -0.122705 -0.050553 -0.280062
-0.298096 -0.002319 -0.156616 -0.579585 -0.004509 -0.304508
-0.616943 0.035156 -0.111938 -1.199518 0.068354 -0.217641
-0.879395 -0.060303 -0.091187 -1.709799 -0.117246 -0.177293
-1.240356 -0.083740 -0.100220 -2.411615 -0.162815 -0.194856
-1.537964 0.098877 -0.119751 -2.990250 0.192246 -0.232831
-1.351074 0.162842 -0.246216 -2.626882 0.316612 -0.478715
-1.285645 0.210327 -0.440674 -2.499668 0.408937 -0.856798
-1.152344 0.334229 -0.552979 -2.240492 0.649838 -1.075151
-0.734009 0.383911 -0.537842 -1.427127 0.746435 -1.045721
-0.193970 0.290771 -0.438843 -0.377134 0.565345 -0.853238
0.192139 0.295776 -0.419800 0.373574 0.575076 -0.816213
0.388672 0.364136 -0.470459 0.755691 0.707986 -0.914709
0.583008 0.316040 -0.443970 1.133537 0.614474 -0.863207
0.700562 0.240112 -0.398315 1.362096 0.466848 -0.774441
0.744263 0.179077 -0.366211 1.447064 0.348178 -0.712021
0.905151 0.113525 -0.291992 1.759878 0.220726 -0.567718
1.206787 -0.113525 -0.268433 2.346346 -0.220726 -0.521911
0.718262 0.005005 -0.240601 1.396510 0.009731 -0.467798
0.623901 -0.023560 -0.304321 1.213046 -0.045807 -0.591689
0.634277 -0.221313 -0.293457 1.233220 -0.430298 -0.570566
0.456177 0.026489 -0.233154 0.886941 0.051503 -0.453320
0.231445 0.167969 -0.174438 0.449997 0.326580 -0.339159
-0.009277 0.241821 -0.031860 -0.018038 0.470171 -0.061946
-0.027466 0.140747 0.028320 -0.053402 0.273653 0.055063
-0.042480 0.057129 0.021606 -0.082594 0.111075 0.042009
-0.159180 0.090942 0.025635 -0.309492 0.176819 0.049841
-0.144531 0.035889 0.022949 -0.281011 0.069778 0.044620
-0.069824 -0.011963 0.015381 -0.135759 -0.023259 0.029905
-0.078857 0.034668 -0.017944 -0.153322 0.067405 -0.034889
-0.104614 0.100464 -0.031982 -0.203401 0.195331 -0.062183
-0.100708 0.109009 -0.088745 -0.195806 0.211945 -0.172546
-0.094238 0.151611 -0.124390 -0.183227 0.294777 -0.241850
-0.071655 0.108887 -0.119873 -0.139319 0.211708 -0.233068
-0.066284 0.081299 -0.179077 -0.128876 0.158069 -0.348178
-0.117798 0.079712 -0.189331 -0.229033 0.154983 -0.368115
-0.117065 0.020264 -0.164307 -0.227609 0.039398 -0.319460
-0.063843 -0.032471 -0.142578 -0.124129 -0.063133 -0.277213
-0.057739 -0.034424 -0.149170 -0.112262 -0.066930 -0.290030
-0.046753 -0.041504 -0.151978 -0.090901 -0.080696 -0.295489
-0.046875 -0.002563 -0.158325 -0.091139 -0.004984 -0.307830
-0.057373 0.012573 -0.162231 -0.111550 0.024446 -0.315425
-0.050415 0.019897 -0.130127 -0.098022 0.038686 -0.253005
-0.054565 -0.012817 -0.134399 -0.106091 -0.024921 -0.261312
-0.042236 -0.037354 -0.141113 -0.082120 -0.072626 -0.274365
-0.013550 -0.027954 -0.132202 -0.026345 -0.054351 -0.257040
0.003784 -0.008911 -0.104248 0.007358 -0.017326 -0.202689
0.012939 -0.014771 -0.090942 0.025158 -0.028718 -0.176819
0.005615 0.009766 -0.102783 0.010918 0.018987 -0.199841
-0.010864 -0.001099 -0.109741 -0.021123 -0.002136 -0.213369
-0.031372 -0.043091 -0.101318 -0.060996 -0.083781 -0.196992
-0.039917 -0.064575 -0.108887 -0.077610 -0.125553 -0.211708
-0.033081 -0.066528 -0.102051 -0.064319 -0.129350 -0.198416
-0.038574 -0.078003 -0.095703 -0.075000 -0.151660 -0.186075
-0.051025 -0.031006 -0.119019 -0.099208 -0.060284 -0.231407
-0.052856 -0.056396 -0.160034 -0.102768 -0.109651 -0.311153
