-0.668823 -0.107788 -0.351685 -1.300387 -0.209571 -0.683777
-0.772583 -0.137573 -0.188721 -1.502127 -0.267482 -0.366928
-0.771729 -0.223633 0.085815 -1.500465 -0.434807 0.166850
-1.041870 -0.579102 0.210083 -2.025699 -1.125942 0.408463
-1.219116 0.051025 0.044800 -2.370317 0.099208 0.087104
-1.112915 0.096313 -0.098511 -2.163831 0.187261 -0.191534
-1.157959 0.422119 -0.161865 -2.251410 0.820723 -0.314713
-1.404297 0.209961 -0.254028 -2.730363 0.408225 -0.493905
-1.423462 0.265015 -0.383057 -2.767625 0.515266 -0.744774
-0.760742 0.220947 -0.509399 -1.479105 0.429586 -0.990421
-0.001709 0.256226 -0.604370 -0.003323 0.498177 -1.175072
0.640869 0.211426 -0.508057 1.246037 0.411073 -0.987810
1.098145 0.087891 -0.368652 2.135113 0.170885 -0.716768
1.326538 -0.161377 -0.395508 2.579177 -0.313764 -0.768983
1.414673 -0.297485 -0.426636 2.750536 -0.578398 -0.829504
1.615723 -0.399902 -0.319580 3.141436 -0.777527 -0.621357
1.278442 -0.248779 -0.284668 2.485665 -0.483700 -0.553478
0.988037 -0.147583 -0.233521 1.921032 -0.286944 -0.454032
0.849731 -0.190186 -0.106934 1.652126 -0.369776 -0.207910
0.580811 -0.257446 -0.051514 1.129265 -0.500551 -0.100158
0.424561 -0.295776 -0.105225 0.825469 -0.575076 -0.204587
0.307007 -0.254639 -0.171753 0.596911 -0.495092 -0.333938
0.118530 -0.080811 -0.206055 0.230457 -0.157119 -0.400630
-0.243164 -0.043457 -0.199097 -0.472782 -0.084493 -0.387102
-0.657959 -0.083984 -0.154541 -1.279264 -0.163290 -0.300473
-0.933105 0.048096 -0.121582 -1.814229 0.093512 -0.236391
-1.159546 0.073730 -0.173340 -2.254495 0.143354 -0.337023
-1.475586 0.185669 -0.236816 -2.868969 0.360995 -0.460440
-1.928955 0.384155 -0.240723 -3.750451 0.746910 -0.468035
-1.741333 0.508179 -0.375366 -3.385659 0.988048 -0.729821
-1.598145 0.694092 -0.639282 -3.107259 1.349517 -1.242951
-1.194092 0.615967 -0.644043 -2.321663 1.197619 -1.252207
-0.301025 0.232910 -0.578003 -0.585281 0.452845 -1.123806
0.341187 -0.002075 -0.489380 0.663366 -0.004035 -0.951497
0.572754 0.066650 -0.367310 1.113601 0.129588 -0.714157
0.745361 0.105835 -0.345337 1.449200 0.205774 -0.671436
0.933960 -0.057983 -0.396606 1.815891 -0.112737 -0.771119
1.032959 -0.206543 -0.403809 2.008373 -0.401580 -0.785122
1.017822 -0.175293 -0.432861 1.978943 -0.340821 -0.841609
0.875610 -0.035767 -0.399414 1.702442 -0.069541 -0.776577
0.798584 0.036987 -0.370361 1.552680 0.071914 -0.720090
0.774658 -0.014404 -0.314819 1.506161 -0.028006 -0.612101
1.090820 -0.190308 -0.260986 2.120873 -0.370014 -0.507434
0.704590 -0.041260 -0.235962 1.369928 -0.080221 -0.458779
-0.082520 -0.007202 -0.245972 -0.160442 -0.014003 -0.478241
-0.278564 0.021118 -0.189697 -0.541611 0.041060 -0.368827
-0.073730 0.061768 -0.171875 -0.143354 0.120094 -0.334175
-0.069946 0.075073 -0.136475 -0.135996 0.145964 -0.265346
-0.113647 0.026733 -0.099365 -0.220964 0.051978 -0.193195
-0.085571 -0.078125 -0.104004 -0.166376 -0.151898 -0.202214
-0.041870 -0.050781 -0.131470 -0.081408 -0.098734 -0.255615
-0.040405 -0.003418 -0.131226 -0.078560 -0.006646 -0.255141
-0.033447 0.036987 -0.128662 -0.065031 0.071914 -0.250157
-0.044800 0.043823 -0.128784 -0.087104 0.085205 -0.250394
-0.046875 0.016235 -0.104248 -0.091139 0.031566 -0.202689
-0.060669 0.011475 -0.075928 -0.117958 0.022310 -0.147626
-0.087280 0.011475 -0.036011 -0.169698 0.022310 -0.070015
-0.086426 -0.002197 -0.024536 -0.168037 -0.004272 -0.047705
-0.046997 0.005371 -0.086426 -0.091376 0.010443 -0.168037
0.001465 -0.013550 -0.101318 0.002848 -0.026345 -0.196992
0.014404 -0.005981 -0.096191 0.028006 -0.011630 -0.187024
-0.003662 0.000977 -0.105591 -0.007120 0.001899 -0.205299
-0.004395 -0.025391 -0.088257 -0.008544 -0.049367 -0.171597
-0.013550 -0.024414 -0.088867 -0.026345 -0.047468 -0.172784
-0.019165 -0.078979 -0.109253 -0.037262 -0.153559 -0.212420
-0.015625 -0.105347 -0.110840 -0.030380 -0.204825 -0.215505
-0.037598 -0.044678 -0.124512 -0.073101 -0.086867 -0.242087
-0.055664 0.023193 -0.107056 -0.108227 0.045095 -0.208147
-0.065186 0.056274 -0.116455 -0.126740 0.109414 -0.226423
-0.055054 0.086914 -0.136230 -0.107040 0.168986 -0.264872
-0.052734 0.110718 -0.136108 -0.102531 0.215268 -0.264634
-0.045776 0.044189 -0.143066 -0.089003 0.085917 -0.278163
-0.044922 0.022949 -0.156860 -0.087341 0.044620 -0.304982
-0.044189 0.035278 -0.130371 -0.085917 0.068591 -0.253479
-0.042114 0.049438 -0.119873 -0.081882 0.096123 -0.233068
-0.036743 0.093262 -0.126221 -0.071439 0.181328 -0.245410
-0.009033 0.082764 -0.120361 -0.017563 0.160917 -0.234018
0.022461 0.088379 -0.130493 0.043671 0.171834 -0.253717
0.059937 0.113037 -0.154419 0.116534 0.219777 -0.300235
0.072510 0.076416 -0.165894 0.140980 0.148575 -0.322545
