-0.176758 -0.089478 -0.208374 -0.343669 -0.173970 -0.405140
-0.122070 -0.321411 -0.382080 -0.237340 -0.624917 -0.742875
-0.490112 -0.805420 -1.250977 -0.952921 -1.565971 -2.432263
-1.341309 -0.513306 -1.142700 -2.607895 -0.998016 -2.221742
-1.387817 -0.119141 -0.318237 -2.698322 -0.231644 -0.618746
-0.289673 0.003174 -0.029175 -0.563209 0.006171 -0.056724
0.475098 0.282959 0.307983 0.923728 0.550155 0.598810
0.461060 0.364624 0.757202 0.896434 0.708935 1.472222
0.444214 0.358643 0.528564 0.863681 0.697306 1.027683
0.351440 0.107910 0.456177 0.683303 0.209809 0.886941
0.320801 0.035400 0.363281 0.623730 0.068829 0.706325
0.671021 -0.110596 0.291016 1.304659 -0.215030 0.565819
1.175415 -0.351685 0.162842 2.285350 -0.683777 0.316612
1.403564 -0.580322 -0.107056 2.728939 -1.128316 -0.208147
1.448853 -0.629272 -0.395264 2.816992 -1.223489 -0.768508
1.494873 -0.612549 -0.575562 2.906469 -1.190974 -1.119059
1.529053 -0.514648 -0.587280 2.972924 -1.000627 -1.141844
1.506104 -0.319580 -0.616943 2.928304 -0.621357 -1.199518
1.401611 -0.189453 -0.750732 2.725141 -0.368352 -1.459643
1.019775 -0.296997 -0.916870 1.982741 -0.577449 -1.782663
0.557495 -0.337524 -1.078247 1.083933 -0.656246 -2.096427
0.194214 -0.306396 -1.078247 0.377608 -0.595724 -2.096427
-0.119995 -0.280640 -1.036987 -0.233305 -0.545645 -2.016206
-0.448730 -0.168213 -0.946655 -0.872463 -0.327055 -1.840574
-0.815918 0.144043 -0.775635 -1.586383 0.280062 -1.508060
-1.130615 0.492676 -0.518311 -2.198246 0.957905 -1.007747
-1.500610 0.692261 -0.329590 -2.917624 1.345957 -0.640819
-1.773071 0.710205 -0.215454 -3.447368 1.380846 -0.418906
-1.725098 0.611084 -0.011353 -3.354093 1.188125 -0.022073
-1.455444 0.358643 0.238892 -2.829808 0.697306 0.464475
-1.096069 0.118652 0.596924 -2.131078 0.230695 1.160594
-0.617188 -0.101440 0.988770 -1.199993 -0.197230 1.922456
-0.257935 -0.364990 1.328125 -0.501500 -0.709647 2.582262
0.038208 -0.596680 1.508301 0.074288 -1.160119 2.932577
0.409424 -0.707886 1.413818 0.796039 -1.376336 2.748875
0.725464 -0.571899 1.049927 1.410513 -1.111939 2.041364
0.785034 -0.468262 0.557739 1.526335 -0.910437 1.084408
0.610718 -0.474121 0.218262 1.187413 -0.921830 0.424364
0.469727 -0.415405 0.031128 0.913285 -0.807669 0.060522
0.411255 -0.218506 -0.139526 0.799599 -0.424839 -0.271280
0.318970 -0.086060 -0.330933 0.620170 -0.167325 -0.643430
0.075684 -0.093506 -0.504761 0.147151 -0.181803 -0.981402
-0.193481 -0.122803 -0.655396 -0.376184 -0.238764 -1.274280
-0.526611 -0.088135 -0.852173 -1.023886 -0.171360 -1.656873
-0.765015 0.146118 -1.025391 -1.487412 0.284096 -1.993658
-0.987305 0.425903 -1.237793 -1.919608 0.828080 -2.406631
-1.121826 0.600098 -1.417725 -2.181157 1.166765 -2.756470
-1.037354 0.649658 -1.550171 -2.016918 1.263125 -3.013984
-0.844604 0.628418 -1.545776 -1.642157 1.221828 -3.005440
-0.556763 0.540161 -1.334106 -1.082509 1.050231 -2.593892
-0.314453 0.328735 -1.003662 -0.611389 0.639157 -1.951412
-0.227661 0.189575 -0.690918 -0.442640 0.368589 -1.343346
-0.112915 0.156250 -0.456055 -0.219540 0.303796 -0.886703
-0.013550 0.109253 -0.322144 -0.026345 0.212420 -0.626341
0.073975 0.041748 -0.282104 0.143828 0.081170 -0.548493
0.084106 -0.017334 -0.258301 0.163527 -0.033702 -0.502212
0.024048 -0.004639 -0.234497 0.046756 -0.009019 -0.455931
-0.020996 0.056030 -0.215454 -0.040823 0.108939 -0.418906
-0.008179 0.093628 -0.205322 -0.015902 0.182040 -0.399206
0.027100 0.084839 -0.216675 0.052690 0.164952 -0.421279
0.039795 0.046387 -0.221802 0.077373 0.090189 -0.431247
0.023071 0.009644 -0.196289 0.044857 0.018750 -0.381643
0.001831 -0.013062 -0.158081 0.003560 -0.025395 -0.307356
-0.010132 -0.009277 -0.132202 -0.019699 -0.018038 -0.257040
-0.011353 -0.025757 -0.108032 -0.022073 -0.050079 -0.210046
-0.036377 -0.024658 -0.099365 -0.070727 -0.047943 -0.193195
-0.049683 0.000732 -0.089600 -0.096597 0.001424 -0.174208
-0.022705 0.027100 -0.106201 -0.044145 0.052690 -0.206486
-0.011230 0.017578 -0.140991 -0.021835 0.034177 -0.274128
-0.011841 0.006226 -0.135864 -0.023022 0.012104 -0.264160
-0.026611 0.008301 -0.101440 -0.051740 0.016139 -0.197230
-0.041748 0.011963 -0.076050 -0.081170 0.023259 -0.147863
-0.044556 -0.013794 -0.069946 -0.086629 -0.026819 -0.135996
-0.045898 0.009033 -0.070923 -0.089240 0.017563 -0.137895
-0.039063 0.051147 -0.089844 -0.075949 0.099446 -0.174682
-0.031494 0.036011 -0.115845 -0.061234 0.070015 -0.225236
-0.020142 0.024658 -0.120972 -0.039161 0.047943 -0.235204
-0.013550 -0.000366 -0.108521 -0.026345 -0.000712 -0.210996
-0.014771 -0.006104 -0.110962 -0.028718 -0.011867 -0.215742
-0.025269 0.007446 -0.119873 -0.049129 0.014478 -0.233068
