-0.362427 -0.202637 -0.359009 -0.704663 -0.393985 -0.698018
-0.317993 -0.185303 -0.274170 -0.618271 -0.360283 -0.533066
-0.318848 -0.202026 -0.229492 -0.619933 -0.392798 -0.446200
-0.201660 -0.171753 -0.057007 -0.392086 -0.333938 -0.110838
-0.120117 -0.027710 0.185425 -0.233543 -0.053876 0.360520
0.006592 0.146729 0.375122 0.012816 0.285283 0.729347
0.235229 0.074463 0.439087 0.457355 0.144778 0.853713
0.644287 -0.178833 0.287354 1.252682 -0.347704 0.558699
0.848755 -0.506592 0.163330 1.650227 -0.984962 0.317561
1.028076 -0.786377 0.000244 1.998880 -1.528946 0.000475
1.216675 -0.652222 -0.080688 2.365571 -1.268109 -0.156882
1.365112 -0.392334 -0.132080 2.654176 -0.762812 -0.256802
1.455811 -0.304077 -0.207153 2.830520 -0.591215 -0.402766
1.470215 -0.068848 -0.274170 2.858526 -0.133860 -0.533066
1.344360 -0.115356 -0.439087 2.613829 -0.224287 -0.853713
1.018677 -0.347412 -0.642090 1.980605 -0.675470 -1.248410
0.532593 -0.522827 -0.860840 1.035516 -1.016528 -1.673724
0.265015 -0.413696 -0.882935 0.515266 -0.804346 -1.716682
0.118286 -0.293701 -0.832153 0.229983 -0.571041 -1.617949
-0.107788 -0.304565 -0.824585 -0.209571 -0.592164 -1.603234
-0.415894 -0.265503 -0.898438 -0.808618 -0.516215 -1.746825
-0.564453 -0.062500 -0.952759 -1.097461 -0.121518 -1.852441
-0.773560 0.077026 -0.952271 -1.504025 0.149762 -1.851492
-1.102417 0.188599 -0.788086 -2.143420 0.366691 -1.532269
-1.321045 0.224121 -0.595947 -2.568496 0.435757 -1.158695
-1.213135 0.171631 -0.310791 -2.358688 0.333700 -0.604268
-0.886230 0.093872 0.313354 -1.723090 0.182515 0.609253
-0.571655 0.136475 0.928223 -1.111465 0.265346 1.804736
-0.279785 0.077637 1.226807 -0.543984 0.150948 2.385270
-0.004395 -0.041504 1.262695 -0.008544 -0.080696 2.455048
0.287598 -0.162476 1.172241 0.559174 -0.315900 2.279179
0.468750 -0.163208 1.045898 0.911387 -0.317324 2.033532
0.487793 -0.147705 0.838623 0.948412 -0.287182 1.630528
0.372070 -0.188354 0.607788 0.723413 -0.366216 1.181717
0.200562 -0.046509 0.418579 0.389950 -0.090427 0.813840
0.024658 0.116577 0.249512 0.047943 0.226660 0.485124
-0.157349 0.042358 0.066895 -0.305932 0.082357 0.130062
-0.320435 -0.068848 -0.142334 -0.623018 -0.133860 -0.276739
-0.446533 -0.019409 -0.400635 -0.868191 -0.037737 -0.778951
-0.638428 0.136353 -0.724365 -1.241290 0.265109 -1.408377
-0.832153 0.363281 -1.104736 -1.617949 0.706325 -2.147930
-0.846802 0.487427 -1.445801 -1.646430 0.947700 -2.811058
-0.930908 0.564087 -1.735229 -1.809957 1.096749 -3.373792
-0.655884 0.421875 -1.727051 -1.275229 0.820248 -3.357890
-0.198364 0.253174 -1.356201 -0.385678 0.492244 -2.636851
-0.066162 0.169312 -0.915771 -0.128638 0.329191 -1.780527
-0.040527 0.071167 -0.596436 -0.078797 0.138369 -1.159645
0.016235 -0.046143 -0.390381 0.031566 -0.089715 -0.759014
0.010254 -0.139404 -0.257324 0.019937 -0.271043 -0.500313
-0.056396 -0.155029 -0.140625 -0.109651 -0.301422 -0.273416
-0.121704 -0.054077 -0.031860 -0.236628 -0.105142 -0.061946
-0.171387 0.141357 0.039307 -0.333226 0.274840 0.076424
-0.151489 0.264038 0.053833 -0.294539 0.513367 0.104667
-0.062744 0.193970 -0.013306 -0.121993 0.377134 -0.025870
0.035645 0.108521 -0.118286 0.069303 0.210996 -0.229983
0.071045 0.047607 -0.190796 0.138132 0.092563 -0.370963
0.053223 0.015625 -0.219116 0.103480 0.030380 -0.426026
0.044556 0.041382 -0.172729 0.086629 0.080458 -0.335836
0.029053 0.045776 -0.129150 0.056487 0.089003 -0.251106
0.015381 0.020264 -0.118164 0.029905 0.039398 -0.229745
0.044189 -0.053223 -0.125610 0.085917 -0.103480 -0.244223
0.046021 -0.103271 -0.106934 0.089477 -0.200790 -0.207910
0.007324 -0.070557 -0.092163 0.014240 -0.137183 -0.179192
-0.005127 -0.062988 -0.087402 -0.009968 -0.122468 -0.169936
0.013062 -0.083374 -0.070679 0.025395 -0.162103 -0.137420
0.002075 -0.133911 -0.070679 0.004035 -0.260362 -0.137420
-0.023804 -0.125854 -0.063965 -0.046281 -0.244698 -0.124366
-0.013184 -0.108521 -0.053955 -0.025633 -0.210996 -0.104904
0.024170 -0.122681 -0.053711 0.046993 -0.238527 -0.104430
0.046631 -0.145874 -0.056763 0.090664 -0.283622 -0.110363
0.019531 -0.170898 -0.079712 0.037974 -0.332276 -0.154983
-0.009277 -0.183960 -0.081665 -0.018038 -0.357672 -0.158781
-0.051880 -0.187866 -0.050537 -0.100870 -0.365267 -0.098259
-0.048584 -0.145996 -0.035156 -0.094461 -0.283859 -0.068354
-0.049072 -0.114746 -0.005127 -0.095411 -0.223100 -0.009968
-0.095215 -0.129517 0.005737 -0.185125 -0.251818 0.011155
-0.095581 -0.206909 0.025146 -0.185837 -0.402292 0.048892
-0.085205 -0.287964 0.079346 -0.165664 -0.559886 0.154271
-0.050903 -0.120972 0.067383 -0.098971 -0.235204 0.131012
0.000610 -0.025391 -0.066284 0.001187 -0.049367 -0.128876
