-0.246582 0.041504 -0.008667 -0.479427 0.080696 -0.016851
-0.254761 0.306396 0.120483 -0.495329 0.595724 0.234255
-0.312378 0.118774 -0.041260 -0.607354 0.230932 -0.080221
-0.466675 -0.211792 -0.188110 -0.907352 -0.411785 -0.365741
-0.602173 -0.334839 -0.149414 -1.170800 -0.651024 -0.290505
-0.798340 -0.051880 -0.107788 -1.552205 -0.100870 -0.209571
-1.130249 -0.011963 -0.157104 -2.197534 -0.023259 -0.305457
-1.459839 -0.311890 -0.241699 -2.838352 -0.606404 -0.469934
-1.453613 -0.416504 -0.300415 -2.826248 -0.809805 -0.584094
-0.479858 -0.090454 -0.232300 -0.932985 -0.175869 -0.451659
-0.164551 0.222412 -0.478882 -0.319935 0.432434 -0.931086
0.189697 0.457764 -0.689209 0.368827 0.890026 -1.340023
0.969482 0.305664 -0.747925 1.884957 0.594300 -1.454184
1.534790 0.237061 -0.629395 2.984079 0.460915 -1.223727
1.713135 0.330811 -0.463989 3.330834 0.643192 -0.902130
1.548096 0.343872 -0.387573 3.009949 0.668588 -0.753555
1.331055 0.127930 -0.367554 2.587959 0.248733 -0.714632
0.973877 -0.067505 -0.402954 1.893501 -0.131249 -0.783460
0.640747 -0.146851 -0.290283 1.245799 -0.285520 -0.564395
0.332764 -0.189209 -0.049683 0.646990 -0.367877 -0.096597
0.150024 -0.147339 -0.032471 0.291691 -0.286470 -0.063133
-0.118774 -0.061401 -0.109497 -0.230932 -0.119382 -0.212894
-0.431885 -0.036987 -0.153809 -0.839710 -0.071914 -0.299049
-0.658325 -0.033691 -0.172729 -1.279976 -0.065506 -0.335836
-0.875854 -0.182007 -0.201172 -1.702917 -0.353874 -0.391137
-1.134399 -0.226074 -0.256592 -2.205603 -0.439554 -0.498889
-1.602051 -0.048950 -0.328003 -3.114854 -0.095173 -0.637733
-1.698242 0.002563 -0.476196 -3.301878 0.004984 -0.925864
-1.471069 0.018799 -0.782227 -2.860188 0.036550 -1.520877
-0.972534 0.005371 -0.751343 -1.890890 0.010443 -1.460829
-0.112793 0.051270 -0.484253 -0.219302 0.099683 -0.941529
0.382446 0.186035 -0.417603 0.743587 0.361707 -0.811941
0.705688 0.228638 -0.469360 1.372064 0.444538 -0.912573
1.014404 0.151733 -0.505493 1.972298 0.295014 -0.982826
1.208984 0.138916 -0.508423 2.350618 0.270093 -0.988522
1.205200 0.186768 -0.487305 2.343261 0.363131 -0.947462
0.983643 0.118286 -0.473511 1.912488 0.229983 -0.920643
0.729492 -0.072266 -0.401611 1.418346 -0.140505 -0.780850
0.707275 -0.149048 -0.341431 1.375150 -0.289792 -0.663841
0.326294 0.008179 -0.303833 0.634411 0.015902 -0.590740
-0.289551 0.098389 -0.322388 -0.562971 0.191296 -0.626816
-0.111084 -0.002930 -0.287231 -0.215980 -0.005696 -0.558462
0.032227 0.048462 -0.276733 0.062658 0.094224 -0.538050
-0.013306 0.122681 -0.409180 -0.025870 0.238527 -0.795565
-0.032837 0.178345 -0.508667 -0.063845 0.346754 -0.988997
-0.136841 0.245605 -0.403442 -0.266058 0.477529 -0.784410
-0.065430 0.195801 -0.197998 -0.127214 0.380694 -0.384966
0.028442 0.058716 -0.120728 0.055300 0.114161 -0.234730
-0.014038 0.062256 -0.118042 -0.027294 0.121044 -0.229508
-0.094604 0.082886 -0.100220 -0.183939 0.161154 -0.194856
-0.088013 0.160645 -0.113403 -0.171122 0.312340 -0.220489
-0.088989 0.170166 -0.146729 -0.173021 0.330852 -0.285283
-0.045166 0.069458 -0.175415 -0.087816 0.135047 -0.341058
-0.047607 0.033936 -0.167603 -0.092563 0.065981 -0.325868
-0.082031 0.045288 -0.136230 -0.159493 0.088053 -0.264872
-0.086792 0.035645 -0.106934 -0.168749 0.069303 -0.207910
-0.062866 -0.002930 -0.091431 -0.122230 -0.005696 -0.177768
-0.033569 -0.014771 -0.078857 -0.065269 -0.028718 -0.153322
-0.009033 -0.010864 -0.061401 -0.017563 -0.021123 -0.119382
-0.037476 -0.007690 -0.065430 -0.072863 -0.014952 -0.127214
-0.069214 -0.006958 -0.076782 -0.134572 -0.013528 -0.149287
-0.061890 -0.003174 -0.115723 -0.120332 -0.006171 -0.224999
-0.043213 -0.014771 -0.120361 -0.084018 -0.028718 -0.234018
-0.017334 0.001099 -0.097778 -0.033702 0.002136 -0.190110
-0.017944 0.014771 -0.085938 -0.034889 0.028718 -0.167088
-0.051636 0.000244 -0.065308 -0.100395 0.000475 -0.126977
-0.089844 -0.028564 -0.023804 -0.174682 -0.055538 -0.046281
-0.140259 -0.021973 -0.005981 -0.272704 -0.042721 -0.011630
-0.136353 -0.013916 -0.030396 -0.265109 -0.027057 -0.059098
-0.093750 -0.039307 -0.052490 -0.182277 -0.076424 -0.102056
-0.061401 -0.082031 -0.066528 -0.119382 -0.159493 -0.129350
-0.079590 -0.038574 -0.059692 -0.154746 -0.075000 -0.116059
-0.090698 0.007446 -0.056152 -0.176344 0.014478 -0.109177
-0.075928 0.069092 -0.058594 -0.147626 0.134335 -0.113923
-0.042480 0.074707 -0.059326 -0.082594 0.145252 -0.115347
-0.008545 0.056641 -0.050659 -0.016614 0.110126 -0.098496
-0.010498 0.033936 -0.056152 -0.020411 0.065981 -0.109177
-0.010254 0.010132 -0.059937 -0.019937 0.019699 -0.116534
-0.015503 0.007324 -0.059692 -0.030142 0.014240 -0.116059
-0.016846 0.007202 -0.057983 -0.032753 0.014003 -0.112737
