0.291260 0.380371 0.112915 0.566294 0.739552 0.219540
-0.501831 -0.497925 -0.268433 -0.975706 -0.968111 -0.521911
-1.279907 -0.820190 -0.343628 -2.488513 -1.594689 -0.668113
-1.190308 -0.290039 -0.072754 -2.314305 -0.563920 -0.141455
-0.433472 -0.148926 0.133789 -0.842795 -0.289555 0.260125
0.052490 -0.122925 0.078247 0.102056 -0.239002 0.152135
0.251465 -0.277100 0.112305 0.488921 -0.538762 0.218353
0.570068 -0.542236 0.131348 1.108379 -1.054265 0.255378
0.876099 -0.293823 0.061401 1.703391 -0.571278 0.119382
0.906616 -0.117920 -0.028564 1.762726 -0.229271 -0.055538
0.941772 -0.266602 -0.197510 1.831080 -0.518351 -0.384017
1.092407 -0.333984 -0.223389 2.123958 -0.649363 -0.434333
1.274048 -0.267700 -0.114990 2.477121 -0.520487 -0.223575
1.141602 -0.220093 -0.203735 2.219606 -0.427925 -0.396121
0.948364 0.092529 -0.265625 1.843897 0.179904 -0.516452
0.738525 0.233276 -0.281860 1.435909 0.453557 -0.548019
0.808716 0.320557 -0.276245 1.572379 0.623256 -0.537101
0.726196 0.203857 -0.465210 1.411937 0.396358 -0.904504
0.327759 -0.071045 -0.595703 0.637259 -0.138132 -1.158221
0.034546 0.077271 -0.719727 0.067167 0.150236 -1.399358
-0.003662 0.178223 -0.755005 -0.007120 0.346517 -1.467950
-0.062988 0.017822 -0.853394 -0.122468 0.034652 -1.659246
-0.345093 -0.059082 -0.919189 -0.670961 -0.114873 -1.787172
-0.752808 0.022339 -0.924438 -1.463678 0.043433 -1.797378
-1.154419 0.006836 -0.753662 -2.244527 0.013291 -1.465339
-1.203735 0.145386 -0.414429 -2.340413 0.282672 -0.805770
-1.258057 0.000122 -0.013428 -2.446029 0.000237 -0.026107
-1.174316 -0.133057 0.433472 -2.283214 -0.258701 0.842795
-0.850952 -0.320801 0.764404 -1.654499 -0.623730 1.486225
-0.215698 -0.338501 0.904785 -0.419380 -0.658145 1.759166
0.568604 -0.322998 0.868652 1.105531 -0.628002 1.688913
0.822876 -0.239868 0.680542 1.599911 -0.466374 1.323172
0.881470 -0.028320 0.503174 1.713834 -0.055063 0.978317
0.867554 -0.002197 0.424927 1.686777 -0.004272 0.826182
0.451294 -0.070313 0.182373 0.877447 -0.136708 0.354586
0.256714 -0.106323 0.041748 0.499127 -0.206723 0.081170
0.058228 -0.003052 -0.029785 0.113211 -0.005934 -0.057911
-0.217773 0.042480 -0.107666 -0.423415 0.082594 -0.209334
-0.381226 -0.009888 -0.230347 -0.741214 -0.019225 -0.447861
-0.484131 -0.107300 -0.445801 -0.941292 -0.208622 -0.866767
-0.713013 0.080811 -0.770264 -1.386305 0.157119 -1.497617
-0.985962 0.147827 -0.953369 -1.916997 0.287419 -1.853628
-1.159180 0.301758 -1.134521 -2.253783 0.586705 -2.205841
-1.104004 0.422119 -1.222046 -2.146506 0.820723 -2.376014
-0.864014 0.427734 -1.084229 -1.679895 0.831640 -2.108056
-0.391968 0.442261 -0.814575 -0.762100 0.859884 -1.583772
0.015625 0.005859 -0.445190 0.030380 0.011392 -0.865580
0.378540 -0.286865 -0.126465 0.735992 -0.557750 -0.245885
0.534180 -0.456665 -0.186523 1.038601 -0.887890 -0.362656
0.447632 -0.100708 -0.248413 0.870327 -0.195806 -0.482987
0.062500 0.152344 -0.067261 0.121518 0.296201 -0.130774
-0.237671 0.162964 0.078125 -0.462102 0.316849 0.151898
-0.189087 0.109009 0.078247 -0.367640 0.211945 0.152135
-0.126221 0.084961 0.020752 -0.245410 0.165189 0.040348
-0.113647 0.173218 -0.023193 -0.220964 0.336786 -0.045095
0.034546 0.141724 -0.021362 0.067167 0.275552 -0.041535
0.139893 0.127075 -0.062256 0.271992 0.247071 -0.121044
0.125366 0.070190 -0.114380 0.243748 0.136471 -0.222388
0.023315 0.064331 -0.142578 0.045332 0.125078 -0.277213
-0.071777 0.098145 -0.095947 -0.139556 0.190822 -0.186549
-0.117920 0.082764 -0.065796 -0.229271 0.160917 -0.127926
-0.096802 0.073853 -0.087524 -0.188211 0.143591 -0.170173
0.008667 0.048462 -0.105591 0.016851 0.094224 -0.205299
0.006958 0.056885 -0.150757 0.013528 0.110601 -0.293115
-0.040649 0.052612 -0.145996 -0.079034 0.102294 -0.283859
-0.063232 0.020752 -0.117676 -0.122942 0.040348 -0.228796
-0.059814 -0.006104 -0.113770 -0.116297 -0.011867 -0.221201
-0.029419 -0.004028 -0.113037 -0.057199 -0.007832 -0.219777
-0.012573 0.039551 -0.120361 -0.024446 0.076898 -0.234018
-0.008545 0.029907 -0.146484 -0.016614 0.058148 -0.284808
-0.034912 0.025391 -0.176392 -0.067879 0.049367 -0.342957
-0.034424 0.023315 -0.150269 -0.066930 0.045332 -0.292166
-0.012573 -0.025024 -0.117432 -0.024446 -0.048655 -0.228321
-0.001221 -0.000366 -0.127930 -0.002373 -0.000712 -0.248733
-0.016846 0.022827 -0.125488 -0.032753 0.044383 -0.243986
-0.002808 -0.028809 -0.096680 -0.005459 -0.056012 -0.187973
0.020630 -0.023315 -0.086914 0.040111 -0.045332 -0.168986
-0.002563 0.004150 -0.098389 -0.004984 0.008070 -0.191296
-0.011963 -0.042603 -0.091797 -0.023259 -0.082832 -0.178480
-0.008911 -0.096436 -0.099976 -0.017326 -0.187499 -0.194382
