0.164795 0.198242 -0.165405 0.320409 0.385441 -0.321596
0.191284 0.070313 -0.030762 0.371912 0.136708 -0.059810
0.096313 -0.055420 -0.063232 0.187261 -0.107752 -0.122942
-0.192993 -0.239990 -0.211060 -0.375235 -0.466611 -0.410361
-0.270508 -0.509155 -0.230957 -0.525946 -0.989946 -0.449048
-0.509521 -0.817383 -0.145752 -0.990658 -1.589231 -0.283384
-0.748413 -0.322876 0.007080 -1.455133 -0.627765 0.013766
-0.873291 -0.075562 -0.027466 -1.697932 -0.146914 -0.053402
-1.008545 0.067017 -0.047241 -1.960905 0.130300 -0.091851
-1.264038 0.063110 -0.124023 -2.457659 0.122705 -0.241138
-1.403442 -0.131592 -0.162109 -2.728701 -0.255853 -0.315188
-1.583618 -0.435303 -0.241943 -3.079015 -0.846355 -0.470408
-1.823242 -0.401123 -0.381348 -3.544914 -0.779900 -0.741451
-1.558350 -0.274292 -0.556519 -3.029886 -0.533304 -1.082034
-0.935669 -0.231567 -0.720581 -1.819213 -0.450235 -1.401020
-0.187988 -0.372559 -0.585571 -0.365504 -0.724363 -1.138521
0.478760 -0.210571 -0.393311 0.930849 -0.409412 -0.764710
0.975464 -0.076904 -0.466064 1.896586 -0.149524 -0.906165
1.321411 -0.058105 -0.568237 2.569209 -0.112974 -1.104819
1.399414 0.184937 -0.550781 2.720869 0.359571 -1.070879
1.312134 0.494751 -0.487427 2.551171 0.961940 -0.947700
1.200073 0.427979 -0.493408 2.333292 0.832115 -0.959329
1.076172 0.347656 -0.482544 2.092392 0.675945 -0.938206
0.944824 0.398438 -0.407959 1.837014 0.774679 -0.793191
0.805786 0.295776 -0.406738 1.566683 0.575076 -0.790818
0.648071 0.103638 -0.448120 1.260040 0.201502 -0.871276
0.477661 0.033691 -0.446899 0.928713 0.065506 -0.868903
0.297974 -0.057739 -0.397705 0.579348 -0.112262 -0.773255
0.076782 -0.039795 -0.328857 0.149287 -0.077373 -0.639395
-0.262451 0.015991 -0.288940 -0.510282 0.031092 -0.561784
-0.524780 -0.126831 -0.330811 -1.020326 -0.246597 -0.643192
-0.644165 -0.250000 -0.300659 -1.252445 -0.486073 -0.584569
-0.842163 -0.257324 -0.205933 -1.637411 -0.500313 -0.400393
-1.107910 -0.107666 -0.188354 -2.154100 -0.209334 -0.366216
-1.399048 0.018066 -0.307739 -2.720157 0.035126 -0.598335
-1.615234 0.127197 -0.419067 -3.140487 0.247309 -0.814789
-1.677734 0.313477 -0.482544 -3.262005 0.609490 -0.938206
-1.451294 0.480957 -0.578735 -2.821739 0.935121 -1.125230
-1.076172 0.346680 -0.585938 -2.092392 0.674046 -1.139233
-0.688477 0.127563 -0.382446 -1.338599 0.248021 -0.743587
-0.351685 0.194824 0.003540 -0.683777 0.378795 0.006883
-0.068237 0.108276 0.226685 -0.132673 0.210521 0.440741
0.324585 -0.120483 0.067261 0.631088 -0.234255 0.130774
0.666626 0.003418 -0.177979 1.296115 0.006646 -0.346042
0.891846 0.269043 -0.330566 1.734008 0.523098 -0.642717
1.051270 0.381226 -0.345215 2.043975 0.741214 -0.671198
1.072632 0.406860 -0.333740 2.085509 0.791055 -0.648888
1.000610 0.297485 -0.363892 1.945478 0.578398 -0.707511
0.910278 0.156738 -0.438599 1.769847 0.304745 -0.852764
0.784790 0.087158 -0.484497 1.525861 0.169461 -0.942004
0.584351 0.019531 -0.462402 1.136148 0.037974 -0.899045
0.385376 -0.068237 -0.363647 0.749283 -0.132673 -0.707037
0.190796 -0.075195 -0.230835 0.370963 -0.146202 -0.448810
0.059937 -0.034180 -0.119873 0.116534 -0.066455 -0.233068
-0.005615 -0.102783 -0.076050 -0.010918 -0.199841 -0.147863
-0.002686 -0.240845 -0.101074 -0.005221 -0.468272 -0.196518
-0.008057 -0.244019 -0.059814 -0.015664 -0.474443 -0.116297
-0.054932 -0.190308 0.015503 -0.106803 -0.370014 0.030142
-0.097412 -0.138306 0.036621 -0.189398 -0.268907 0.071202
-0.079346 -0.051147 -0.012939 -0.154271 -0.099446 -0.025158
-0.078613 -0.023560 -0.104858 -0.152847 -0.045807 -0.203875
-0.079468 0.029053 -0.149170 -0.154509 0.056487 -0.290030
-0.087891 0.070313 -0.154419 -0.170885 0.136708 -0.300235
-0.085327 0.078857 -0.125244 -0.165901 0.153322 -0.243511
-0.090942 0.117310 -0.091309 -0.176819 0.228084 -0.177531
-0.072754 0.107666 -0.102173 -0.141455 0.209334 -0.198654
-0.034058 0.057617 -0.135864 -0.066218 0.112025 -0.264160
0.006226 0.007690 -0.150269 0.012104 0.014952 -0.292166
0.018311 0.004761 -0.119263 0.035601 0.009256 -0.231881
-0.017578 0.028076 -0.098145 -0.034177 0.054588 -0.190822
-0.026855 0.004272 -0.096069 -0.052215 0.008307 -0.186787
-0.020020 0.019775 -0.094849 -0.038924 0.038449 -0.184413
-0.019775 0.016846 -0.114136 -0.038449 0.032753 -0.221913
-0.039429 -0.004639 -0.132935 -0.076661 -0.009019 -0.258464
-0.056274 -0.029419 -0.139160 -0.109414 -0.057199 -0.270568
-0.058960 -0.016113 -0.130615 -0.114635 -0.031329 -0.253954
-0.064575 -0.011841 -0.134155 -0.125553 -0.023022 -0.260837
-0.054810 0.031006 -0.131714 -0.106566 0.060284 -0.256090
-0.062012 0.025635 -0.126831 -0.120569 0.049841 -0.246597
-0.062622 -0.003296 -0.105469 -0.121756 -0.006408 -0.205062
