0.432007 0.102051 0.112305 0.839947 0.198416 0.218353
0.475830 0.223755 0.147217 0.925152 0.435045 0.286232
0.196777 0.369385 0.106812 0.382593 0.718192 0.207673
-0.022461 0.268311 0.224854 -0.043671 0.521674 0.437181
-0.223145 0.238403 0.302734 -0.433858 0.463526 0.588604
-0.589966 -0.140869 0.278320 -1.147066 -0.273891 0.541136
-0.886963 -0.686157 0.156616 -1.724514 -1.334090 0.304508
-1.124023 -0.577148 0.139648 -2.185429 -1.122145 0.271517
-1.508667 -0.476074 0.157715 -2.933289 -0.925627 0.306644
-1.772827 1.255371 0.229858 -3.446893 2.440808 0.446912
-2.470459 -0.038818 -0.454956 -4.803293 -0.075474 -0.884567
-2.085693 -0.345947 -0.800781 -4.055196 -0.672622 -1.556952
-0.771240 0.253174 -0.953613 -1.499516 0.492244 -1.854102
-0.243042 0.150635 -1.097778 -0.472545 0.292878 -2.134401
0.142334 -0.282349 -1.280762 0.276739 -0.548968 -2.490174
0.641968 0.072266 -1.530518 1.248173 0.140505 -2.975772
1.261475 0.430054 -1.468262 2.452674 0.836150 -2.854729
1.631226 0.391357 -1.147949 3.171578 0.760913 -2.231948
1.793213 0.185181 -0.698853 3.486529 0.360045 -1.358773
2.054688 -0.099609 -0.467651 3.994912 -0.193670 -0.909251
2.024902 -0.328003 -0.466431 3.937001 -0.637733 -0.906877
1.817993 -0.096802 -0.196899 3.534709 -0.188211 -0.382830
1.656982 0.376587 0.126343 3.221657 0.732195 0.245647
1.308105 0.524170 0.184326 2.543339 1.019139 0.358384
0.751587 0.384521 0.224365 1.461304 0.747622 0.436231
0.147339 0.450806 0.375854 0.286470 0.876498 0.730771
-0.448730 0.344360 0.593140 -0.872463 0.669537 1.153236
-0.881836 0.174194 0.682739 -1.714546 0.338685 1.327444
-1.100830 0.043701 0.554321 -2.140335 0.084968 1.077762
-1.408936 -0.246460 0.207397 -2.739382 -0.479190 0.403241
-1.606567 -0.350098 0.175293 -3.123636 -0.680692 0.340821
-1.569580 -0.166504 0.211426 -3.051721 -0.323732 0.411073
-1.490601 0.179688 0.153442 -2.898162 0.349365 0.298337
-1.191895 0.075806 0.028687 -2.317390 0.147388 0.055775
-0.672974 -0.126465 -0.028320 -1.308457 -0.245885 -0.055063
-0.297974 -0.108276 -0.075439 -0.579348 -0.210521 -0.146676
-0.099121 -0.098389 -0.051025 -0.192720 -0.191296 -0.099208
-0.070557 0.091187 -0.080200 -0.137183 0.177293 -0.155933
-0.079468 0.242676 -0.174438 -0.154509 0.471832 -0.339159
0.027222 0.208984 -0.229614 0.052927 0.406327 -0.446437
0.124146 0.086792 -0.184937 0.241375 0.168749 -0.359571
0.131226 0.092041 -0.124512 0.255141 0.178955 -0.242087
0.110718 0.196411 -0.165405 0.215268 0.381881 -0.321596
0.007813 0.210815 -0.200928 0.015190 0.409887 -0.390662
-0.076538 0.093628 -0.175903 -0.148812 0.182040 -0.342007
-0.083618 0.026978 -0.137207 -0.162578 0.052452 -0.266770
-0.024536 0.034180 -0.093750 -0.047705 0.066455 -0.182277
0.048828 0.014648 -0.086548 0.094936 0.028481 -0.168274
0.068115 -0.032471 -0.100952 0.132436 -0.063133 -0.196280
0.077271 -0.072021 -0.105957 0.150236 -0.140031 -0.206011
0.025513 -0.056641 -0.127441 0.049604 -0.110126 -0.247783
0.039673 0.032593 -0.113892 0.077136 0.063370 -0.221438
0.000000 0.058472 -0.152344 0.000000 0.113686 -0.296201
-0.011230 0.028076 -0.156860 -0.021835 0.054588 -0.304982
-0.024658 -0.000732 -0.117310 -0.047943 -0.001424 -0.228084
-0.032593 -0.024902 -0.085327 -0.063370 -0.048417 -0.165901
-0.032349 -0.045166 -0.096558 -0.062895 -0.087816 -0.187736
-0.032227 -0.048218 -0.110107 -0.062658 -0.093749 -0.214081
-0.049072 -0.039429 -0.123047 -0.095411 -0.076661 -0.239239
-0.055054 -0.011475 -0.103027 -0.107040 -0.022310 -0.200315
-0.037109 0.046143 -0.083496 -0.072151 0.089715 -0.162341
-0.022705 0.082520 -0.077515 -0.044145 0.160442 -0.150711
-0.020996 0.070801 -0.084229 -0.040823 0.137657 -0.163765
-0.036987 0.086426 -0.074219 -0.071914 0.168037 -0.144303
-0.029297 0.085571 -0.055664 -0.056962 0.166376 -0.108227
-0.020752 0.066650 -0.045410 -0.040348 0.129588 -0.088291
-0.033813 0.056763 -0.061401 -0.065743 0.110363 -0.119382
-0.048096 0.041992 -0.080933 -0.093512 0.081645 -0.157357
-0.054199 0.072510 -0.096069 -0.105379 0.140980 -0.186787
-0.041748 0.043823 -0.076660 -0.081170 0.085205 -0.149050
-0.022339 0.005615 -0.059448 -0.043433 0.010918 -0.115585
-0.031494 0.003784 -0.072021 -0.061234 0.007358 -0.140031
-0.041138 -0.006470 -0.080933 -0.079984 -0.012579 -0.157357
-0.033813 -0.003662 -0.083252 -0.065743 -0.007120 -0.161866
-0.024780 0.013428 -0.084106 -0.048180 0.026107 -0.163527
-0.018311 0.015991 -0.078369 -0.035601 0.031092 -0.152372
-0.016113 0.004028 -0.091064 -0.031329 0.007832 -0.177056
-0.033325 0.004028 -0.118774 -0.064794 0.007832 -0.230932
-0.048828 0.033936 -0.130493 -0.094936 0.065981 -0.253717
-0.054077 0.034424 -0.107422 -0.105142 0.066930 -0.208859
