-0.190308 0.328857 -0.105103 -0.370014 0.639395 -0.204350
-0.260742 0.420288 -0.049194 -0.506959 0.817163 -0.095648
-0.380859 0.416992 -0.161743 -0.740502 0.810754 -0.314476
-0.593750 0.137817 -0.249634 -1.154423 0.267957 -0.485361
-0.690674 0.270264 -0.117432 -1.342871 0.525471 -0.228321
-0.740112 -0.013794 -0.109985 -1.438994 -0.026819 -0.213844
-0.740723 -0.328369 -0.123901 -1.440181 -0.638445 -0.240900
-0.785522 -0.457764 -0.131836 -1.527285 -0.890026 -0.256328
-1.211548 -0.016846 -0.076172 -2.355602 -0.032753 -0.148100
-1.456299 0.796387 0.017944 -2.831470 1.548408 0.034889
-1.534668 1.030762 0.019531 -2.983842 2.004101 0.037974
-1.381714 0.568481 -0.292114 -2.686455 1.105294 -0.567955
-1.367676 0.252197 -0.683472 -2.659161 0.490345 -1.328868
-0.626099 -0.387939 -0.802856 -1.217318 -0.754267 -1.560987
-0.076172 -0.107910 -0.415039 -0.148100 -0.209809 -0.806957
-0.306641 0.282593 -0.369141 -0.596199 0.549443 -0.717717
-0.414185 0.149170 -0.330200 -0.805296 0.290030 -0.642005
-0.237793 -0.031006 -0.238525 -0.462339 -0.060284 -0.463763
-0.063599 0.032959 -0.068481 -0.123654 0.064082 -0.133148
0.002441 0.018433 -0.025635 0.004747 0.035838 -0.049841
0.240112 -0.116455 -0.148560 0.466848 -0.226423 -0.288843
0.566406 -0.119507 -0.203613 1.101259 -0.232356 -0.395884
0.916748 -0.082153 -0.228760 1.782426 -0.159730 -0.444776
1.219360 -0.116089 -0.256714 2.370792 -0.225711 -0.499127
1.393799 -0.035400 -0.250610 2.709951 -0.068829 -0.487260
1.418945 -0.023926 -0.234131 2.758843 -0.046519 -0.455219
1.409302 -0.059814 -0.213623 2.740093 -0.116297 -0.415345
1.364258 -0.123047 -0.196411 2.652515 -0.239239 -0.381881
1.179565 -0.239868 -0.184204 2.293419 -0.466374 -0.358146
0.982300 -0.293823 -0.205322 1.909877 -0.571278 -0.399206
0.788940 -0.213257 -0.246704 1.533930 -0.414633 -0.479665
0.597534 -0.115967 -0.250610 1.161781 -0.225473 -0.487260
0.391357 -0.135376 -0.227417 0.760913 -0.263210 -0.442165
0.135376 -0.199341 -0.196167 0.263210 -0.387577 -0.381406
-0.031616 -0.158325 -0.197632 -0.061471 -0.307830 -0.384254
-0.211914 -0.081543 -0.208984 -0.412023 -0.158543 -0.406327
-0.355469 -0.060425 -0.215942 -0.691135 -0.117483 -0.419855
-0.496338 -0.109253 -0.182251 -0.965026 -0.212420 -0.354349
-0.626465 -0.181763 -0.134521 -1.218030 -0.353400 -0.261549
-0.842651 -0.200317 -0.098877 -1.638360 -0.389475 -0.192246
-1.005005 -0.145996 -0.052734 -1.954023 -0.283859 -0.102531
-1.121704 -0.088135 -0.037231 -2.180920 -0.171360 -0.072389
-1.265991 -0.085449 -0.080688 -2.461456 -0.166138 -0.156882
-1.421875 -0.142578 -0.093506 -2.764540 -0.277213 -0.181803
-1.488281 -0.110352 -0.034790 -2.893653 -0.214556 -0.067642
-1.350586 0.117554 -0.008057 -2.625933 0.228559 -0.015664
-1.177612 0.313721 -0.063354 -2.289622 0.609965 -0.123180
-1.036011 0.267456 -0.147095 -2.014307 0.520013 -0.285995
-0.786255 0.226074 -0.179565 -1.528709 0.439554 -0.349128
-0.450684 0.239014 -0.144409 -0.876260 0.464712 -0.280774
-0.119995 0.194336 -0.155273 -0.233305 0.377846 -0.301897
0.145386 0.113037 -0.222046 0.282672 0.219777 -0.431722
0.414551 0.059082 -0.297485 0.806008 0.114873 -0.578398
0.635254 0.099609 -0.355225 1.235119 0.193670 -0.690660
0.780518 0.133789 -0.399414 1.517554 0.260125 -0.776577
0.904175 0.125488 -0.390625 1.757980 0.243986 -0.759489
0.974243 0.082153 -0.363159 1.894213 0.159730 -0.706087
0.970093 0.016479 -0.336792 1.886143 0.032041 -0.654822
0.890381 -0.034424 -0.289917 1.731160 -0.066930 -0.563683
0.796265 -0.011719 -0.228516 1.548171 -0.022785 -0.444301
0.702637 0.002075 -0.193604 1.366131 0.004035 -0.376422
0.609741 -0.074463 -0.172119 1.185515 -0.144778 -0.334650
0.553589 -0.094604 -0.178955 1.076338 -0.183939 -0.347941
0.421631 -0.056030 -0.156982 0.819773 -0.108939 -0.305220
0.331909 -0.087646 -0.143066 0.645328 -0.170410 -0.278163
0.229248 -0.058350 -0.103760 0.445725 -0.113449 -0.201739
0.133423 -0.043091 -0.041870 0.259413 -0.083781 -0.081408
0.098022 0.013794 0.012817 0.190584 0.026819 0.024921
0.074341 0.000732 0.025635 0.144540 0.001424 0.049841
0.050049 -0.066895 0.008545 0.097310 -0.130062 0.016614
0.028076 -0.062500 -0.031738 0.054588 -0.121518 -0.061708
-0.012085 -0.013672 -0.056396 -0.023497 -0.026582 -0.109651
-0.026123 0.020752 -0.058838 -0.050791 0.040348 -0.114398
-0.075073 0.041992 -0.063599 -0.145964 0.081645 -0.123654
-0.105835 0.043579 -0.073608 -0.205774 0.084730 -0.143116
-0.115234 0.003540 -0.089111 -0.224049 0.006883 -0.173258
-0.110962 -0.007813 -0.094849 -0.215742 -0.015190 -0.184413
-0.099487 0.018921 -0.083862 -0.193432 0.036788 -0.163053
-0.067261 0.008179 -0.068726 -0.130774 0.015902 -0.133623
-0.060181 0.042358 -0.070190 -0.117009 0.082357 -0.136471
