-0.508057 -0.278320 -0.040405 -0.987810 -0.541136 -0.078560
-0.463745 -0.235229 -0.095215 -0.901656 -0.457355 -0.185125
-0.450806 -0.153564 -0.145264 -0.876498 -0.298574 -0.282435
-0.226929 0.094971 -0.019897 -0.441216 0.184651 -0.038686
-0.029419 0.074097 0.179077 -0.057199 0.144066 0.348178
0.136475 0.000977 0.219849 0.265346 0.001899 0.427450
0.444092 -0.399536 0.119141 0.863444 -0.776815 0.231644
0.788452 -0.395752 0.080322 1.532981 -0.769457 0.156170
0.977051 -0.444946 0.035522 1.899672 -0.865105 0.069066
1.014404 -0.435059 -0.039795 1.972298 -0.845881 -0.077373
1.308960 -0.197388 -0.111694 2.545000 -0.383779 -0.217166
1.345337 -0.069702 -0.253784 2.615727 -0.135521 -0.493430
1.177002 -0.324097 -0.548096 2.288435 -0.630138 -1.065658
1.124146 -0.491333 -0.721802 2.185667 -0.955295 -1.403393
0.924072 -0.453735 -0.810791 1.796666 -0.882194 -1.576414
0.639648 -0.244385 -0.840210 1.243663 -0.475155 -1.633613
0.311523 -0.212280 -0.919922 0.605692 -0.412735 -1.788596
0.041016 -0.262817 -1.024170 0.079746 -0.510994 -1.991285
-0.216797 -0.118652 -1.092896 -0.421516 -0.230695 -2.124907
-0.496460 0.061523 -1.196655 -0.965263 0.119620 -2.326647
-0.770264 0.211914 -1.226318 -1.497617 0.412023 -2.384320
-1.009155 0.325928 -1.005493 -1.962092 0.633699 -1.954972
-1.148926 0.399658 -0.528442 -2.233847 0.777052 -1.027446
-1.080811 0.252808 0.089111 -2.101411 0.491532 0.173258
-0.824951 0.003540 0.643188 -1.603946 0.006883 1.250546
-0.563477 -0.208984 1.012085 -1.095563 -0.406327 1.967788
-0.192017 -0.236328 1.228271 -0.373336 -0.459491 2.388118
0.079224 -0.131104 1.371582 0.154034 -0.254903 2.666755
0.379883 -0.050659 1.276001 0.738603 -0.098496 2.480918
0.584229 -0.074585 0.902588 1.135911 -0.145015 1.754894
0.592529 -0.126587 0.446167 1.152050 -0.246122 0.867479
0.524536 -0.237305 -0.071045 1.019851 -0.461390 -0.138132
0.293823 -0.162842 -0.271729 0.571278 -0.316612 -0.528319
-0.038574 -0.095703 -0.322144 -0.075000 -0.186075 -0.626341
-0.373291 -0.047607 -0.421997 -0.725787 -0.092563 -0.820485
-0.695557 -0.086060 -0.580444 -1.352365 -0.167325 -1.128553
-1.030151 -0.085449 -0.823120 -2.002915 -0.166138 -1.600386
-1.228638 0.101685 -0.984863 -2.388830 0.197704 -1.914861
-1.111694 0.280884 -1.101563 -2.161458 0.546120 -2.141759
-0.905884 0.489380 -0.979736 -1.761302 0.951497 -1.904893
-0.583984 0.532959 -0.712524 -1.135436 1.036228 -1.385355
-0.249512 0.480469 -0.441406 -0.485124 0.934171 -0.858222
-0.066406 0.414795 -0.234253 -0.129113 0.806482 -0.455456
0.035034 0.319580 -0.148682 0.068117 0.621357 -0.289080
0.068726 0.235352 -0.104980 0.133623 0.457592 -0.204113
0.108887 0.067505 -0.103394 0.211708 0.131249 -0.201027
0.109131 -0.014526 -0.082520 0.212182 -0.028243 -0.160442
0.055542 0.047974 -0.007813 0.107990 0.093275 -0.015190
0.029785 0.152832 0.039551 0.057911 0.297150 0.076898
0.020142 0.180664 0.016357 0.039161 0.351264 0.031804
0.032349 0.111938 -0.068604 0.062895 0.217641 -0.133385
0.028931 0.055298 -0.132324 0.056250 0.107515 -0.257277
-0.027588 0.092773 -0.155396 -0.053639 0.180379 -0.302134
0.098022 0.133667 -0.141113 0.190584 0.259888 -0.274365
0.149658 0.099365 -0.147827 0.290979 0.193195 -0.287419
-0.048218 -0.026245 -0.187622 -0.093749 -0.051028 -0.364792
-0.015747 -0.058838 -0.107422 -0.030617 -0.114398 -0.208859
0.032715 -0.037598 -0.054199 0.063607 -0.073101 -0.105379
0.026489 -0.026978 -0.088623 0.051503 -0.052452 -0.172309
0.089233 -0.162720 -0.171631 0.173496 -0.316375 -0.333700
0.144897 -0.208740 -0.234741 0.281723 -0.405852 -0.456405
0.098511 -0.087036 -0.208496 0.191534 -0.169224 -0.405377
0.057983 -0.007446 -0.155029 0.112737 -0.014478 -0.301422
0.082520 -0.064453 -0.153931 0.160442 -0.125316 -0.299286
0.047241 -0.186157 -0.200928 0.091851 -0.361944 -0.390662
-0.045898 -0.159668 -0.220703 -0.089240 -0.310441 -0.429111
-0.069702 -0.104370 -0.170044 -0.135521 -0.202926 -0.330615
-0.028442 -0.080688 -0.115845 -0.055300 -0.156882 -0.225236
0.003296 -0.061890 -0.122437 0.006408 -0.120332 -0.238052
-0.028442 0.017212 -0.145996 -0.055300 0.033465 -0.283859
-0.064575 0.158447 -0.136841 -0.125553 0.308068 -0.266058
-0.046265 0.146484 -0.105957 -0.089952 0.284808 -0.206011
-0.051514 0.134644 -0.103638 -0.100158 0.261786 -0.201502
-0.045288 0.136841 -0.100952 -0.088053 0.266058 -0.196280
-0.020020 0.104248 -0.109741 -0.038924 0.202689 -0.213369
0.007324 0.080200 -0.096191 0.014240 0.155933 -0.187024
0.017212 0.055786 -0.064575 0.033465 0.108465 -0.125553
-0.025513 0.079346 -0.012817 -0.049604 0.154271 -0.024921
-0.058594 0.112549 0.009888 -0.113923 0.218828 0.019225
-0.051270 0.099487 -0.038574 -0.099683 0.193432 -0.075000
