-0.228271 -0.350098 -0.299805 -0.443826 -0.680692 -0.582908
-0.418701 -0.388794 -0.184326 -0.814077 -0.755929 -0.358384
-0.432495 -0.464355 -0.154175 -0.840897 -0.902842 -0.299761
-0.242554 -0.578857 -0.190918 -0.471595 -1.125468 -0.371200
-0.129150 -0.406494 -0.108643 -0.251106 -0.790343 -0.211233
0.138062 -0.300781 0.242432 0.268432 -0.584806 0.471358
0.341187 -0.124390 0.460449 0.663366 -0.241850 0.895248
0.275513 -0.112183 0.398804 0.535677 -0.218116 0.775391
0.892456 -0.194580 0.102905 1.735195 -0.378320 0.200078
1.469482 -0.363525 -0.123291 2.857102 -0.706799 -0.239714
0.974365 -0.063110 -0.174194 1.894450 -0.122705 -0.338685
0.955566 0.376831 -0.064087 1.857900 0.732669 -0.124604
1.306519 0.430420 -0.080322 2.540253 0.836862 -0.156170
1.400757 0.475952 -0.150513 2.723480 0.925390 -0.292641
1.088257 0.284668 -0.006226 2.115889 0.553478 -0.012104
0.597412 0.050171 -0.066895 1.161543 0.097547 -0.130062
0.288330 0.131226 -0.491821 0.560598 0.255141 -0.956244
0.145996 -0.153076 -0.848022 0.283859 -0.297625 -1.648803
0.032715 -0.230225 -1.049316 0.063607 -0.447624 -2.040177
-0.125732 -0.100830 -1.220459 -0.244460 -0.196043 -2.372928
-0.369995 -0.257202 -1.201904 -0.719378 -0.500076 -2.336853
-0.615723 -0.395874 -1.279663 -1.197144 -0.769695 -2.488038
-0.915039 -0.146851 -1.351196 -1.779103 -0.285520 -2.627120
-1.226074 0.257935 -0.980469 -2.383846 0.501500 -1.906317
-1.391235 0.525391 -0.165649 -2.704967 1.021513 -0.322071
-1.320923 -0.013062 0.579712 -2.568259 -0.025395 1.127129
-0.978760 -0.575562 1.136597 -1.902994 -1.119059 2.209875
-0.520386 -0.439087 1.554199 -1.011782 -0.853713 3.021816
0.307983 -0.149292 1.374512 0.598810 -0.290267 2.672451
1.077637 -0.098267 1.232788 2.095240 -0.191059 2.396899
1.232910 0.006348 1.081299 2.397137 0.012342 2.102360
1.055664 0.247681 0.722412 2.052519 0.481563 1.404580
0.706909 0.237061 0.400757 1.374438 0.460915 0.779188
0.418701 0.137085 0.169067 0.814077 0.266533 0.328716
0.156494 0.179932 0.081421 0.304270 0.349840 0.158306
-0.083252 0.113159 -0.053589 -0.161866 0.220014 -0.104192
-0.238647 -0.045776 -0.333740 -0.464000 -0.089003 -0.648888
-0.329590 -0.095337 -0.533813 -0.640819 -0.185363 -1.037889
-0.501953 -0.125854 -0.633911 -0.975943 -0.244698 -1.232508
-0.823242 -0.243286 -0.803223 -1.600623 -0.473019 -1.561699
-1.223999 -0.135498 -1.080566 -2.379811 -0.263448 -2.100936
-1.392090 0.163574 -1.333252 -2.706629 0.318036 -2.592231
-1.229492 0.239380 -1.455688 -2.390491 0.465424 -2.830283
-0.762085 0.360352 -1.158936 -1.481715 0.700629 -2.253309
-0.315918 0.317383 -0.735718 -0.614237 0.617085 -1.430450
-0.197144 0.172241 -0.481079 -0.383305 0.334887 -0.935358
-0.114136 0.092407 -0.321533 -0.221913 0.179667 -0.625154
0.037476 0.019653 -0.209717 0.072863 0.038212 -0.407751
0.072632 -0.067261 -0.157471 0.141217 -0.130774 -0.306169
0.048950 -0.069336 -0.130981 0.095173 -0.134809 -0.254666
0.014526 -0.067871 -0.113403 0.028243 -0.131961 -0.220489
0.075073 -0.077148 -0.096069 0.145964 -0.149999 -0.186787
0.096924 0.000488 -0.077637 0.188448 0.000949 -0.150948
0.087280 0.050903 -0.040283 0.169698 0.098971 -0.078322
0.109741 0.010986 -0.034668 0.213369 0.021361 -0.067405
0.071655 0.027710 -0.039307 0.139319 0.053876 -0.076424
0.006348 0.031982 -0.077393 0.012342 0.062183 -0.150474
-0.014893 0.016113 -0.120361 -0.028956 0.031329 -0.234018
-0.009033 0.005859 -0.117065 -0.017563 0.011392 -0.227609
-0.007935 0.046143 -0.052979 -0.015427 0.089715 -0.103006
-0.218262 0.068848 -0.077393 -0.424364 0.133860 -0.150474
-0.098145 0.009644 -0.053467 -0.190822 0.018750 -0.103955
0.159180 0.113403 -0.042725 0.309492 0.220489 -0.083069
0.241821 0.076050 -0.058594 0.470171 0.147863 -0.113923
0.048096 -0.042847 -0.119019 0.093512 -0.083306 -0.231407
-0.098022 -0.003174 -0.135620 -0.190584 -0.006171 -0.263685
-0.066162 0.034424 -0.100220 -0.128638 0.066930 -0.194856
0.033203 0.024048 -0.129150 0.064557 0.046756 -0.251106
0.059692 0.035156 -0.170532 0.116059 0.068354 -0.331564
0.068115 0.013062 -0.163574 0.132436 0.025395 -0.318036
0.004395 0.089966 -0.132202 0.008544 0.174920 -0.257040
-0.100586 0.108887 -0.105957 -0.195568 0.211708 -0.206011
-0.056641 0.040649 -0.086060 -0.110126 0.079034 -0.167325
-0.039795 -0.030884 -0.111572 -0.077373 -0.060047 -0.216929
-0.102661 -0.070313 -0.144287 -0.199603 -0.136708 -0.280536
-0.041138 -0.053589 -0.108032 -0.079984 -0.104192 -0.210046
-0.075928 0.014038 -0.067383 -0.147626 0.027294 -0.131012
-0.058105 0.010864 -0.056641 -0.112974 0.021123 -0.110126
-0.055786 0.026855 -0.068848 -0.108465 0.052215 -0.133860
-0.034790 0.029785 -0.085083 -0.067642 0.057911 -0.165426
