0.010742 0.202637 -0.089722 0.020886 0.393985 -0.174445
0.037231 0.208618 -0.019897 0.072389 0.405615 -0.038686
-0.010620 0.056885 0.056274 -0.020649 0.110601 0.109414
-0.123169 -0.078857 0.211426 -0.239476 -0.153322 0.411073
-0.168823 -0.248047 0.428833 -0.328242 -0.482275 0.833776
-0.199341 -0.203369 0.546509 -0.387577 -0.395409 1.062572
-0.322021 -0.015137 0.520630 -0.626104 -0.029430 1.012256
-0.417725 0.121826 0.517578 -0.812178 0.236866 1.006323
-0.646606 -0.043457 0.517090 -1.257192 -0.084493 1.005373
-0.864746 -0.188599 0.644531 -1.681319 -0.366691 1.253157
-0.984009 -0.153076 0.670044 -1.913200 -0.297625 1.302761
-1.100830 0.054688 0.490234 -2.140335 0.106328 0.953159
-1.199219 0.089233 0.119141 -2.331631 0.173496 0.231644
-1.108765 0.059448 -0.331299 -2.155762 0.115585 -0.644142
-0.982666 0.128296 -0.719971 -1.910589 0.249445 -1.399833
-0.920044 0.272095 -1.107178 -1.788834 0.529032 -2.152676
-0.689697 0.390259 -1.505981 -1.340973 0.758777 -2.928067
-0.373291 0.466675 -1.740112 -0.725787 0.907352 -3.383286
-0.015137 0.515259 -1.773926 -0.029430 1.001813 -3.449029
0.575684 0.574097 -1.559204 1.119297 1.116211 -3.031548
1.138062 0.528442 -1.198242 2.212723 1.027446 -2.329732
1.456177 0.352905 -0.889526 2.831232 0.686151 -1.729499
1.626465 0.274414 -0.671387 3.162322 0.533541 -1.305372
1.623047 0.259033 -0.476440 3.155676 0.503636 -0.926339
1.481079 0.193237 -0.214111 2.879650 0.375710 -0.416295
1.377808 0.149780 0.025024 2.678860 0.291217 0.048655
1.293457 0.214722 0.224365 2.514858 0.417482 0.436231
1.065186 0.288696 0.331543 2.071031 0.561310 0.644616
0.758301 0.355591 0.442627 1.474358 0.691372 0.860596
0.522583 0.185913 0.554688 1.016054 0.361469 1.078474
0.405762 -0.063477 0.554077 0.788919 -0.123417 1.077288
0.293823 -0.232056 0.536865 0.571278 -0.451184 1.043823
0.148315 -0.334595 0.550293 0.288368 -0.650550 1.069930
-0.037842 -0.350220 0.484985 -0.073575 -0.680929 0.942953
-0.374756 -0.090454 0.324463 -0.728635 -0.175869 0.630850
-0.857178 0.082031 0.291992 -1.666603 0.159493 0.567718
-1.267700 -0.064575 0.496094 -2.464779 -0.125553 0.964551
-1.645752 -0.029297 0.606323 -3.199822 -0.056962 1.178869
-1.975342 0.159058 0.472290 -3.840641 0.309254 0.918270
-2.335815 0.136597 0.200684 -4.541506 0.265584 0.390187
-2.676025 0.298218 -0.049072 -5.202974 0.579822 -0.095411
-2.829834 1.037720 -0.269897 -5.502022 2.017630 -0.524759
-2.332764 0.852295 -0.230591 -4.535573 1.657110 -0.448336
-0.856567 0.147339 -0.220703 -1.665417 0.286470 -0.429111
0.024658 -0.021729 -0.272949 0.047943 -0.042247 -0.530693
-0.013184 0.117554 -0.370361 -0.025633 0.228559 -0.720090
-0.239624 0.298218 -0.381714 -0.465899 0.579822 -0.742163
-0.080811 0.346069 -0.290771 -0.157119 0.672860 -0.565345
0.155884 0.198975 -0.190063 0.303084 0.386865 -0.369539
0.280396 0.117310 -0.112183 0.545171 0.228084 -0.218116
0.258301 0.054810 -0.054565 0.502212 0.106566 -0.106091
0.173462 0.022827 -0.006104 0.337261 0.044383 -0.011867
0.088623 0.037476 0.028076 0.172309 0.072863 0.054588
0.039307 0.108643 0.037720 0.076424 0.211233 0.073338
0.033447 0.156250 0.011353 0.065031 0.303796 0.022073
0.037598 0.178589 -0.046021 0.073101 0.347229 -0.089477
-0.009399 0.199951 -0.093872 -0.018275 0.388763 -0.182515
-0.019653 0.201416 -0.078003 -0.038212 0.391611 -0.151660
0.029419 0.205811 -0.067261 0.057199 0.400156 -0.130774
0.068481 0.193115 -0.114502 0.133148 0.375472 -0.222625
0.086548 0.080322 -0.150024 0.168274 0.156170 -0.291691
0.095215 0.042725 -0.155640 0.185125 0.083069 -0.302609
0.099731 0.048950 -0.144653 0.193907 0.095173 -0.281248
0.080444 0.014038 -0.147217 0.156407 0.027294 -0.286232
0.063599 -0.027222 -0.131226 0.123654 -0.052927 -0.255141
0.054810 -0.083984 -0.112305 0.106566 -0.163290 -0.218353
0.011475 -0.084595 -0.091309 0.022310 -0.164477 -0.177531
-0.038696 -0.068481 -0.041504 -0.075237 -0.133148 -0.080696
-0.083862 -0.058594 0.022949 -0.163053 -0.113923 0.044620
-0.131104 -0.081543 0.079590 -0.254903 -0.158543 0.154746
-0.177002 -0.137695 0.127197 -0.344143 -0.267720 0.247309
-0.233887 -0.090942 0.141846 -0.454744 -0.176819 0.275789
-0.197021 0.150513 0.021118 -0.383067 0.292641 0.041060
-0.026245 0.110596 -0.137939 -0.051028 0.215030 -0.268195
0.093140 -0.102661 -0.176880 0.181091 -0.199603 -0.343906
0.091675 -0.133545 -0.136475 0.178243 -0.259650 -0.265346
0.076660 -0.020508 -0.140869 0.149050 -0.039873 -0.273891
0.054810 0.088135 -0.166626 0.106566 0.171360 -0.323969
0.041260 0.086426 -0.175049 0.080221 0.168037 -0.340346
0.037476 0.036621 -0.152954 0.072863 0.071202 -0.297387
