0.632813 0.125488 -0.481812 1.230372 0.243986 -0.936782
0.657837 0.121948 -0.167603 1.279027 0.237103 -0.325868
0.542725 0.255371 -0.079224 1.055215 0.496516 -0.154034
0.248535 0.214966 0.031006 0.483225 0.417956 0.060284
-0.045044 0.142700 0.316772 -0.087579 0.277451 0.615898
-0.402588 0.040527 0.460815 -0.782748 0.078797 0.895960
-0.759399 -0.277832 0.504028 -1.476494 -0.540186 0.979978
-1.003296 -0.057739 0.566895 -1.950700 -0.112262 1.102208
-1.131348 0.449585 0.545288 -2.199670 0.874124 1.060199
-1.490967 0.354248 0.500122 -2.898874 0.688762 0.972383
-1.667114 0.124023 0.697266 -3.241356 0.241138 1.355688
-1.603027 -0.178345 0.820923 -3.116753 -0.346754 1.596113
-1.551514 -0.245605 0.719971 -3.016595 -0.477529 1.399833
-1.436035 -0.051147 0.276855 -2.792071 -0.099446 0.538288
-1.185913 0.058716 -0.595825 -2.305761 0.114161 -1.158458
-1.041260 0.089844 -1.141602 -2.024513 0.174682 -2.219606
-0.918457 0.104370 -1.338745 -1.785748 0.202926 -2.602911
-0.798706 0.367554 -1.493408 -1.552917 0.714632 -2.903621
-0.575439 0.519897 -1.598999 -1.118822 1.010832 -3.108920
-0.177246 0.444336 -1.625854 -0.344618 0.863919 -3.161135
0.353760 0.305054 -1.473511 0.687812 0.593113 -2.864935
0.859009 0.264038 -1.192383 1.670164 0.513367 -2.318340
1.151978 0.241455 -0.895020 2.239780 0.469459 -1.740179
1.315552 0.120117 -0.694214 2.557816 0.233543 -1.349754
1.438599 -0.061768 -0.571289 2.797055 -0.120094 -1.110753
1.442749 -0.202271 -0.463745 2.805125 -0.393273 -0.901656
1.377563 -0.198608 -0.379883 2.678385 -0.386153 -0.738603
1.350952 -0.160889 -0.236938 2.626645 -0.312815 -0.460678
1.337646 -0.130249 -0.086914 2.600775 -0.253242 -0.168986
1.256958 -0.011230 0.039551 2.443893 -0.021835 0.076898
1.118164 0.118042 0.169556 2.174037 0.229508 0.329666
0.972656 0.192383 0.261353 1.891127 0.374048 0.508146
0.860352 0.217529 0.302368 1.672774 0.422940 0.587892
0.790039 0.258667 0.316040 1.536066 0.502924 0.614474
0.757202 0.112915 0.311646 1.472222 0.219540 0.605930
0.667969 0.118652 0.331055 1.298726 0.230695 0.643667
0.469971 0.119995 0.365967 0.913760 0.233305 0.711546
0.169312 0.007446 0.406738 0.329191 0.014478 0.790818
-0.143921 -0.000854 0.410156 -0.279824 -0.001661 0.797463
-0.376221 0.059814 0.307251 -0.731483 0.116297 0.597386
-0.566040 -0.093262 0.197266 -1.100547 -0.181328 0.383542
-0.831909 -0.198242 0.303467 -1.617474 -0.385441 0.590028
-1.112671 0.022705 0.369751 -2.163357 0.044145 0.718904
-1.527832 0.192993 0.277466 -2.970551 0.375235 0.539474
-1.957031 0.081787 0.247559 -3.805039 0.159018 0.481326
-2.244995 0.167969 0.161377 -4.364925 0.326580 0.313764
-2.432129 -0.251831 -0.182495 -4.728768 -0.489633 -0.354824
-2.185425 -0.718018 -0.750000 -4.249103 -1.396036 -1.458219
-1.378174 -0.078491 -0.750488 -2.679572 -0.152610 -1.459168
-0.874878 0.282959 -0.161743 -1.701018 0.550155 -0.314476
-0.386475 0.269653 0.105835 -0.751419 0.524285 0.205774
-0.060059 0.364014 -0.120728 -0.116771 0.707749 -0.234730
0.033569 0.352539 -0.488159 0.065269 0.685439 -0.949124
0.127319 0.354248 -0.539551 0.247546 0.688762 -1.049044
0.164795 0.411377 -0.357178 0.320409 0.799837 -0.694458
0.106445 0.445679 -0.273926 0.206961 0.866529 -0.532592
0.070679 0.405273 -0.281494 0.137420 0.787970 -0.547307
0.094238 0.165405 -0.256348 0.183227 0.321596 -0.498415
0.172607 0.120239 -0.191162 0.335599 0.233780 -0.371675
0.158936 0.215088 -0.120239 0.309017 0.418194 -0.233780
0.097778 0.145142 -0.074097 0.190110 0.282198 -0.144066
0.088379 0.106812 -0.125000 0.171834 0.207673 -0.243036
0.145874 0.124878 -0.153320 0.283622 0.242799 -0.298099
0.136963 0.165161 -0.125000 0.266296 0.321121 -0.243036
0.090820 0.278931 -0.097900 0.176581 0.542323 -0.190347
0.111938 0.287231 -0.121582 0.217641 0.558462 -0.236391
0.082520 0.236694 -0.155640 0.160442 0.460203 -0.302609
-0.042114 0.092285 -0.130859 -0.081882 0.179429 -0.254429
-0.024658 -0.041260 -0.050293 -0.047943 -0.080221 -0.097784
0.028687 0.011475 -0.014893 0.055775 0.022310 -0.028956
0.026367 0.026978 -0.006958 0.051266 0.052452 -0.013528
0.011108 0.067017 -0.012329 0.021598 0.130300 -0.023971
-0.035034 0.124146 -0.023926 -0.068117 0.241375 -0.046519
-0.082397 0.140015 -0.094727 -0.160205 0.272229 -0.184176
-0.085083 0.157959 -0.122437 -0.165426 0.307118 -0.238052
-0.127563 0.327271 -0.060425 -0.248021 0.636309 -0.117483
-0.227539 0.485107 0.022827 -0.442402 0.943190 0.044383
-0.146362 0.164429 -0.019165 -0.284571 0.319697 -0.037262
0.075684 -0.089111 -0.123291 0.147151 -0.173258 -0.239714
0.124146 -0.014160 -0.144165 0.241375 -0.027531 -0.280299
