0.285522 0.103149 -0.337402 0.555139 0.200553 -0.656009
0.053467 0.188354 -0.204590 0.103955 0.366216 -0.397782
-0.284424 0.185547 -0.083374 -0.553003 0.360757 -0.162103
-0.495361 0.182251 -0.030273 -0.963127 0.354349 -0.058860
-0.482910 0.009155 -0.030884 -0.938918 0.017801 -0.060047
-0.370239 -0.295410 -0.095459 -0.719853 -0.574363 -0.185600
-0.471313 -0.477905 -0.253052 -0.916371 -0.929187 -0.492006
-0.821777 -0.334229 -0.328247 -1.597775 -0.649838 -0.638208
-1.218018 -0.547974 -0.256714 -2.368181 -1.065421 -0.499127
-1.530518 0.247437 -0.093506 -2.975772 0.481089 -0.181803
-1.892090 2.287354 0.224487 -3.678774 4.447282 0.436469
-2.481201 0.627563 0.049561 -4.824179 1.220166 0.096360
-1.681763 -0.120728 0.080566 -3.269837 -0.234730 0.156645
-0.523315 0.135498 0.048584 -1.017478 0.263448 0.094461
-0.214844 0.105225 0.226074 -0.417719 0.204587 0.439554
-0.214600 0.033203 0.219849 -0.417244 0.064557 0.427450
-0.031494 -0.057129 0.140137 -0.061234 -0.111075 0.272467
0.293335 -0.187256 0.040771 0.570329 -0.364080 0.079272
0.629761 -0.370117 -0.078369 1.224439 -0.719616 -0.152372
0.907227 -0.496704 -0.185669 1.763913 -0.965738 -0.360995
1.107666 -0.526611 -0.242676 2.153626 -1.023886 -0.471832
1.206177 -0.456787 -0.236816 2.345159 -0.888127 -0.460440
1.236328 -0.382935 -0.270142 2.403782 -0.744536 -0.525234
1.204468 -0.453979 -0.409546 2.341837 -0.882668 -0.796277
1.055542 -0.582764 -0.611328 2.052281 -1.133062 -1.188600
0.798706 -0.486206 -0.688721 1.552917 -0.945326 -1.339074
0.574829 -0.246582 -0.695313 1.117635 -0.479427 -1.351890
0.330078 -0.142212 -0.712036 0.641768 -0.276501 -1.384406
0.099121 -0.130859 -0.749390 0.192720 -0.254429 -1.457032
-0.138794 -0.090332 -0.821655 -0.269856 -0.175632 -1.597537
-0.358398 0.022827 -0.780273 -0.696831 0.044383 -1.517079
-0.585449 0.057983 -0.615601 -1.138284 0.112737 -1.196907
-0.837524 0.208496 -0.349243 -1.628392 0.405377 -0.679031
-1.165527 0.589966 -0.181763 -2.266125 1.147066 -0.353400
-1.521851 0.823120 -0.239136 -2.958921 1.600386 -0.464950
-1.794067 0.582886 -0.495361 -3.488190 1.133300 -0.963127
-1.704102 0.222900 -0.650269 -3.313270 0.433383 -1.264312
-1.040161 0.061890 -0.558594 -2.022377 0.120332 -1.086069
-0.386108 0.014648 -0.449951 -0.750707 0.028481 -0.874836
-0.143066 0.071655 -0.175537 -0.278163 0.139319 -0.341295
0.051514 0.178955 -0.021240 0.100158 0.347941 -0.041297
0.153564 0.082153 0.068970 0.298574 0.159730 0.134097
0.183472 -0.015991 0.087280 0.356722 -0.031092 0.169698
0.152832 -0.043579 0.100464 0.297150 -0.084730 0.195331
0.060547 0.091919 0.035156 0.117721 0.178717 0.068354
0.149048 0.119995 -0.171875 0.289792 0.233305 -0.334175
0.150757 0.037842 -0.140015 0.293115 0.073575 -0.272229
0.105957 0.007202 -0.106934 0.206011 0.014003 -0.207910
0.098877 0.011108 -0.085083 0.192246 0.021598 -0.165426
0.093994 0.046509 -0.064575 0.182752 0.090427 -0.125553
0.084839 0.017334 -0.077393 0.164952 0.033702 -0.150474
0.073853 0.014160 -0.096069 0.143591 0.027531 -0.186787
0.045898 0.023682 -0.121826 0.089240 0.046044 -0.236866
0.036011 0.005981 -0.131714 0.070015 0.011630 -0.256090
0.068726 0.011475 -0.135742 0.133623 0.022310 -0.263922
0.101074 0.024292 -0.127930 0.196518 0.047231 -0.248733
0.058716 0.018555 -0.100830 0.114161 0.036076 -0.196043
0.031006 -0.004395 -0.073853 0.060284 -0.008544 -0.143591
0.025146 0.004761 -0.059570 0.048892 0.009256 -0.115822
0.013184 0.040405 -0.079346 0.025633 0.078560 -0.154271
0.079956 0.036987 -0.092773 0.155458 0.071914 -0.180379
0.080688 0.035034 -0.113159 0.156882 0.068117 -0.220014
0.031250 0.032593 -0.099365 0.060759 0.063370 -0.193195
0.046021 0.085693 -0.078857 0.089477 0.166613 -0.153322
0.081055 0.147583 -0.078247 0.157594 0.286944 -0.152135
0.114746 0.157104 -0.082886 0.223100 0.305457 -0.161154
0.082764 0.129272 -0.080444 0.160917 0.251343 -0.156407
0.051270 0.134033 -0.086792 0.099683 0.260600 -0.168749
0.018433 0.140747 -0.087280 0.035838 0.273653 -0.169698
-0.032227 0.113770 -0.071045 -0.062658 0.221201 -0.138132
-0.057007 0.113525 -0.056030 -0.110838 0.220726 -0.108939
-0.053833 0.102417 -0.051514 -0.104667 0.199128 -0.100158
-0.037231 0.102051 -0.079468 -0.072389 0.198416 -0.154509
-0.016479 0.100098 -0.123535 -0.032041 0.194619 -0.240188
-0.019165 0.061157 -0.157471 -0.037262 0.118907 -0.306169
-0.034546 0.050537 -0.190552 -0.067167 0.098259 -0.370488
-0.046021 0.045410 -0.223877 -0.089477 0.088291 -0.435282
-0.060425 0.013550 -0.212891 -0.117483 0.026345 -0.413921
-0.040527 0.023926 -0.168091 -0.078797 0.046519 -0.326818
-0.010986 0.041992 -0.144165 -0.021361 0.081645 -0.280299
