0.148926 -0.078125 -0.260620 0.289555 -0.151898 -0.506721
0.129028 0.123291 -0.278320 0.250869 0.239714 -0.541136
-0.031494 0.113525 -0.239014 -0.061234 0.220726 -0.464712
-0.124756 0.133545 -0.233032 -0.242562 0.259650 -0.453083
-0.141479 -0.064087 -0.296631 -0.275077 -0.124604 -0.576737
-0.099487 -0.223999 -0.229980 -0.193432 -0.435519 -0.447149
-0.072266 0.524658 0.145386 -0.140505 1.020089 0.282672
-0.405518 1.244507 0.312988 -0.788444 2.419684 0.608540
-0.705688 0.771484 0.201050 -1.372064 1.499991 0.390899
-0.952026 0.011719 -0.115112 -1.851017 0.022785 -0.223812
-1.134033 -0.234985 -0.203979 -2.204891 -0.456880 -0.396596
-1.197388 0.019409 -0.229248 -2.328071 0.037737 -0.445725
-1.521484 0.075073 -0.342529 -2.958209 0.145964 -0.665977
-2.056396 0.026855 -0.314453 -3.998235 0.052215 -0.611389
-2.103882 -0.020020 -0.303833 -4.090560 -0.038924 -0.590740
-1.131470 -0.269531 -0.203979 -2.199907 -0.524047 -0.396596
-0.136475 -0.268555 0.015869 -0.265346 -0.522149 0.030854
0.302612 -0.271729 0.177612 0.588367 -0.528319 0.345330
0.640625 -0.357910 0.251953 1.245562 -0.695882 0.489870
1.018677 -0.289551 0.026855 1.980605 -0.562971 0.052215
1.300415 -0.226196 -0.192993 2.528386 -0.439792 -0.375235
1.364258 -0.138794 -0.186035 2.652515 -0.269856 -0.361707
1.425293 -0.088989 -0.145874 2.771185 -0.173021 -0.283622
1.238892 -0.033447 -0.223999 2.408767 -0.065031 -0.435519
1.006958 0.107300 -0.331177 1.957820 0.208622 -0.643904
0.768433 0.140991 -0.383789 1.494057 0.274128 -0.746198
0.537354 0.021240 -0.403809 1.044772 0.041297 -0.785122
0.314819 -0.020142 -0.388184 0.612101 -0.039161 -0.754742
0.089233 0.070923 -0.406982 0.173496 0.137895 -0.791292
-0.104248 0.169800 -0.490112 -0.202689 0.330140 -0.952921
-0.325928 0.097656 -0.563965 -0.633699 0.189872 -1.096512
-0.585571 0.006714 -0.566895 -1.138521 0.013054 -1.102208
-0.856567 0.131714 -0.627197 -1.665417 0.256090 -1.219454
-1.008911 0.166382 -0.723022 -1.961617 0.323495 -1.405766
-1.138916 0.114624 -0.622437 -2.214385 0.222863 -1.210198
-1.416138 -0.050293 -0.265869 -2.753385 -0.097784 -0.516927
-1.239746 0.093628 -0.079102 -2.410428 0.182040 -0.153797
-0.689331 0.214355 -0.085205 -1.340261 0.416770 -0.165664
-0.327881 0.112305 -0.087524 -0.637496 0.218353 -0.170173
-0.046387 -0.000366 -0.068237 -0.090189 -0.000712 -0.132673
0.139771 -0.050537 -0.112915 0.271755 -0.098259 -0.219540
0.245972 0.086670 -0.166992 0.478241 0.168512 -0.324682
0.236694 0.158691 -0.088379 0.460203 0.308542 -0.171834
0.215210 0.104492 -0.047974 0.418431 0.203163 -0.093275
0.281738 -0.018921 -0.111572 0.547781 -0.036788 -0.216929
0.341309 -0.080322 -0.148315 0.663603 -0.156170 -0.288368
0.282837 -0.002319 -0.090088 0.549917 -0.004509 -0.175157
0.145264 0.183838 -0.005493 0.282435 0.357434 -0.010680
0.000977 0.098755 -0.017944 0.001899 0.192008 -0.034889
-0.119751 0.012451 -0.090332 -0.232831 0.024209 -0.175632
-0.106445 0.000488 -0.123413 -0.206961 0.000949 -0.239951
-0.115845 0.060425 -0.119995 -0.225236 0.117483 -0.233305
-0.144165 0.104126 -0.076294 -0.280299 0.202451 -0.148338
-0.109619 0.070801 -0.054077 -0.213132 0.137657 -0.105142
-0.052856 0.017822 -0.032104 -0.102768 0.034652 -0.062420
-0.006226 0.041504 -0.054443 -0.012104 0.080696 -0.105854
-0.002686 0.068726 -0.043213 -0.005221 0.133623 -0.084018
-0.007202 0.045410 -0.033936 -0.014003 0.088291 -0.065981
0.010986 0.035889 -0.073120 0.021361 0.069778 -0.142167
0.021118 0.052002 -0.094727 0.041060 0.101107 -0.184176
-0.024048 0.072266 -0.094604 -0.046756 0.140505 -0.183939
-0.096436 0.088135 -0.081177 -0.187499 0.171360 -0.157831
-0.115601 0.036377 -0.070068 -0.224761 0.070727 -0.136233
-0.089966 -0.085327 -0.117676 -0.174920 -0.165901 -0.228796
-0.039917 -0.143921 -0.158936 -0.077610 -0.279824 -0.309017
0.019409 -0.071533 -0.141357 0.037737 -0.139081 -0.274840
0.005249 -0.009033 -0.098755 0.010206 -0.017563 -0.192008
-0.001221 0.015625 -0.084473 -0.002373 0.030380 -0.164239
0.003906 -0.011597 -0.087158 0.007595 -0.022547 -0.169461
0.012573 -0.030762 -0.114502 0.024446 -0.059810 -0.222625
0.005005 -0.019043 -0.130249 0.009731 -0.037025 -0.253242
-0.008911 -0.001587 -0.133423 -0.017326 -0.003085 -0.259413
-0.006470 0.004395 -0.110352 -0.012579 0.008544 -0.214556
-0.031982 0.006226 -0.094238 -0.062183 0.012104 -0.183227
-0.053589 0.030151 -0.095337 -0.104192 0.058623 -0.185363
-0.048218 0.007446 -0.116089 -0.093749 0.014478 -0.225711
-0.038696 -0.018555 -0.118896 -0.075237 -0.036076 -0.231169
-0.030396 -0.023682 -0.106567 -0.059098 -0.046044 -0.207198
-0.035400 0.019531 -0.111328 -0.068829 0.037974 -0.216454
-0.025024 0.028320 -0.110718 -0.048655 0.055063 -0.215268
