-0.098877 -0.191895 -0.124756 -0.192246 -0.373099 -0.242562
-0.221191 -0.206177 -0.097290 -0.430061 -0.400868 -0.189160
-0.299805 -0.024902 -0.126343 -0.582908 -0.048417 -0.245647
-0.356323 0.033691 -0.253784 -0.692796 0.065506 -0.493430
-0.401855 0.214844 -0.243042 -0.781324 0.417719 -0.472545
-0.503418 0.111328 -0.244263 -0.978791 0.216454 -0.474918
-0.686768 0.061890 -0.327637 -1.335276 0.120332 -0.637021
-0.944458 -0.201538 -0.306030 -1.836302 -0.391849 -0.595012
-1.394043 -0.356812 -0.097656 -2.710426 -0.693746 -0.189872
-2.154663 -0.633179 0.134155 -4.189293 -1.231084 0.260837
-2.168457 0.107544 0.048462 -4.216113 0.209097 0.094224
-1.003296 0.004395 -0.112793 -1.950700 0.008544 -0.219302
-0.367065 0.001099 -0.187500 -0.713682 0.002136 -0.364555
0.152588 0.193481 -0.295776 0.296675 0.376184 -0.575076
0.730225 0.187500 -0.425537 1.419770 0.364555 -0.827368
1.193726 0.367065 -0.415527 2.320951 0.713682 -0.807906
1.366211 0.443237 -0.379395 2.656312 0.861783 -0.737654
1.239014 0.433716 -0.478638 2.409004 0.843270 -0.930611
1.098999 0.297363 -0.436768 2.136775 0.578161 -0.849204
0.778687 0.249512 -0.360962 1.513994 0.485124 -0.701815
0.518921 0.153687 -0.208618 1.008934 0.298811 -0.405615
0.472656 0.066284 -0.141235 0.918982 0.128876 -0.274603
0.271240 0.173218 -0.197144 0.527370 0.336786 -0.383305
-0.042603 0.170898 -0.236206 -0.082832 0.332276 -0.459253
-0.214966 0.077515 -0.216553 -0.417956 0.150711 -0.421042
-0.363159 -0.027832 -0.217163 -0.706087 -0.054114 -0.422228
-0.643799 -0.070435 -0.274170 -1.251733 -0.136945 -0.533066
-0.919800 -0.027588 -0.291138 -1.788359 -0.053639 -0.566057
-1.163818 0.000000 -0.325562 -2.262802 0.000000 -0.632987
-1.201660 -0.015137 -0.407104 -2.336378 -0.029430 -0.791530
-1.234375 0.139160 -0.468872 -2.399985 0.270568 -0.911624
-1.063965 0.188843 -0.462891 -2.068658 0.367165 -0.899994
-0.728516 0.046265 -0.485474 -1.416447 0.089952 -0.943902
-0.326904 -0.081055 -0.443237 -0.635597 -0.157594 -0.861783
0.151978 0.032715 -0.322998 0.295489 0.063607 -0.628002
0.637695 0.205566 -0.224487 1.239866 0.399681 -0.436469
0.960815 0.108154 -0.272339 1.868105 0.210283 -0.529506
1.112793 0.056030 -0.315796 2.163594 0.108939 -0.613999
1.129150 0.090576 -0.396484 2.195398 0.176106 -0.770881
0.776245 0.274170 -0.438477 1.509247 0.533066 -0.852526
0.778931 0.198486 -0.420166 1.514468 0.385915 -0.816925
0.773193 0.112061 -0.324829 1.503313 0.217878 -0.631562
0.392456 0.177246 -0.286011 0.763049 0.344618 -0.556088
0.163330 0.141479 -0.251953 0.317561 0.275077 -0.489870
0.196655 0.027954 -0.234985 0.382355 0.054351 -0.456880
0.071899 0.031372 -0.205566 0.139793 0.060996 -0.399681
-0.082886 0.063965 -0.167603 -0.161154 0.124366 -0.325868
-0.196533 0.074341 -0.129150 -0.382118 0.144540 -0.251106
-0.203735 0.066406 -0.111816 -0.396121 0.129113 -0.217404
-0.215210 0.051636 -0.106201 -0.418431 0.100395 -0.206486
-0.137573 0.030640 -0.117432 -0.267482 0.059572 -0.228321
-0.071411 0.044434 -0.114258 -0.138844 0.086392 -0.222151
-0.093628 0.090942 -0.117188 -0.182040 0.176819 -0.227847
-0.104980 0.126831 -0.123901 -0.204113 0.246597 -0.240900
-0.060181 0.087646 -0.127808 -0.117009 0.170410 -0.248495
-0.023560 0.076538 -0.119873 -0.045807 0.148812 -0.233068
-0.006592 0.056030 -0.107178 -0.012816 0.108939 -0.208385
0.002686 0.049316 -0.109741 0.005221 0.095885 -0.213369
0.014404 0.046387 -0.119751 0.028006 0.090189 -0.232831
0.041260 0.028809 -0.123291 0.080221 0.056012 -0.239714
0.028687 0.035156 -0.124756 0.055775 0.068354 -0.242562
-0.012939 0.010010 -0.110840 -0.025158 0.019462 -0.215505
-0.037231 -0.023682 -0.091919 -0.072389 -0.046044 -0.178717
-0.010864 -0.048706 -0.095337 -0.021123 -0.094699 -0.185363
0.010254 -0.050781 -0.121582 0.019937 -0.098734 -0.236391
0.015625 -0.031860 -0.122192 0.030380 -0.061946 -0.237578
0.006958 -0.016602 -0.119263 0.013528 -0.032278 -0.231881
-0.015015 0.003906 -0.114380 -0.029193 0.007595 -0.222388
-0.037964 0.006226 -0.116699 -0.073813 0.012104 -0.226897
-0.029785 0.003540 -0.129517 -0.057911 0.006883 -0.251818
-0.019531 0.000977 -0.127686 -0.037974 0.001899 -0.248258
-0.021240 -0.007813 -0.121216 -0.041297 -0.015190 -0.235679
-0.025024 0.016235 -0.128174 -0.048655 0.031566 -0.249207
-0.035278 0.024170 -0.143799 -0.068591 0.046993 -0.279587
-0.042847 0.034180 -0.137695 -0.083306 0.066455 -0.267720
-0.039063 0.021973 -0.119995 -0.075949 0.042721 -0.233305
-0.040161 0.012451 -0.095093 -0.078085 0.024209 -0.184888
-0.020630 0.004517 -0.096924 -0.040111 0.008782 -0.188448
-0.010010 0.000122 -0.105957 -0.019462 0.000237 -0.206011
-0.004639 0.016968 -0.100342 -0.009019 0.032990 -0.195094
