-0.183228 0.384277 -0.097412 -0.356248 0.747147 -0.189398
-0.200439 0.195679 -0.076782 -0.389713 0.380456 -0.149287
-0.154541 -0.082397 -0.182617 -0.300473 -0.160205 -0.355061
-0.158569 -0.244629 -0.172363 -0.308305 -0.475630 -0.335124
-0.263550 -0.104126 -0.035767 -0.512418 -0.202451 -0.069541
-0.446899 0.036255 0.112183 -0.868903 0.070490 0.218116
-0.648560 0.085083 0.163696 -1.260989 0.165426 0.318273
-0.892822 0.049316 0.212769 -1.735907 0.095885 0.413684
-1.113037 -0.156494 0.108398 -2.164069 -0.304270 0.210758
-1.457397 0.219360 0.027588 -2.833606 0.426500 0.053639
-1.687378 0.404541 0.041138 -3.280755 0.786546 0.079984
-1.709473 0.199585 -0.065430 -3.323713 0.388051 -0.127214
-1.830933 0.067261 -0.273193 -3.559867 0.130774 -0.531168
-1.912598 0.226074 -0.447876 -3.718647 0.439554 -0.870802
-1.521240 0.283569 -0.375488 -2.957735 0.551341 -0.730059
-0.873047 0.032349 -0.334229 -1.697458 0.062895 -0.649838
-0.341797 0.138306 -0.368896 -0.664553 0.268907 -0.717242
0.105835 0.265015 -0.360474 0.205774 0.515266 -0.700866
0.553101 0.222900 -0.249756 1.075389 0.433383 -0.485598
0.834961 0.147339 -0.155518 1.623408 0.286470 -0.302372
0.974609 -0.010010 -0.228394 1.894925 -0.019462 -0.444064
1.148804 -0.018066 -0.347290 2.233609 -0.035126 -0.675233
1.305420 -0.030518 -0.408813 2.538117 -0.059335 -0.794853
1.367188 -0.160645 -0.441650 2.658211 -0.312340 -0.858697
1.350342 -0.276489 -0.466797 2.625458 -0.537576 -0.907589
1.259888 -0.347168 -0.467773 2.449589 -0.674996 -0.909488
1.104614 -0.298950 -0.463013 2.147692 -0.581246 -0.900232
0.943359 -0.302002 -0.465820 1.834166 -0.587180 -0.905691
0.781372 -0.311279 -0.455933 1.519215 -0.605218 -0.886466
0.582642 -0.311157 -0.418945 1.132825 -0.604980 -0.814552
0.408813 -0.332642 -0.409790 0.794853 -0.646752 -0.796751
0.250854 -0.313721 -0.429810 0.487734 -0.609965 -0.835675
0.068848 -0.156250 -0.431519 0.133860 -0.303796 -0.838998
-0.134888 0.022461 -0.385620 -0.262261 0.043671 -0.749758
-0.386108 0.070801 -0.335571 -0.750707 0.137657 -0.652448
-0.620117 0.025635 -0.305908 -1.205689 0.049841 -0.594775
-0.781982 -0.058350 -0.256592 -1.520402 -0.113449 -0.498889
-0.981567 -0.053711 -0.195801 -1.908453 -0.104430 -0.380694
-1.191895 -0.040039 -0.100586 -2.317390 -0.077848 -0.195568
-1.330078 -0.114624 -0.095459 -2.586060 -0.222863 -0.185600
-1.436035 0.099243 -0.155396 -2.792071 0.192958 -0.302134
-1.553833 0.162598 -0.229248 -3.021105 0.316137 -0.445725
-1.688354 0.204468 -0.175293 -3.282654 0.397545 -0.340821
-1.233398 0.623291 -0.481445 -2.398086 1.211859 -0.936070
-0.670044 0.673828 -0.469238 -1.302761 1.310118 -0.912336
-0.465454 0.733032 -0.391479 -0.904979 1.425228 -0.761150
-0.340210 0.919434 -0.268311 -0.661467 1.787647 -0.521674
0.093262 0.384155 -0.299194 0.181328 0.746910 -0.581721
0.358643 0.011475 -0.322021 0.697306 0.022310 -0.626104
0.418823 0.052002 -0.258545 0.814315 0.101107 -0.502687
0.512451 0.044067 -0.174805 0.996355 0.085680 -0.339871
0.684448 0.111450 -0.218872 1.330767 0.216692 -0.425551
0.930542 0.004150 -0.329956 1.809245 0.008070 -0.641531
1.124634 -0.158325 -0.445313 2.186616 -0.307830 -0.865817
1.187134 -0.101318 -0.465088 2.308134 -0.196992 -0.904266
1.132202 -0.036499 -0.392944 2.201331 -0.070965 -0.763998
1.043945 -0.035645 -0.319214 2.029734 -0.069303 -0.620645
0.950806 -0.063110 -0.273926 1.848643 -0.122705 -0.532592
0.846680 -0.080322 -0.260986 1.646192 -0.156170 -0.507434
0.725220 -0.151245 -0.245483 1.410039 -0.294065 -0.477291
0.617188 -0.177246 -0.230591 1.199993 -0.344618 -0.448336
0.498901 -0.129395 -0.220215 0.970010 -0.251581 -0.428162
0.354126 -0.107178 -0.191040 0.688524 -0.208385 -0.371438
0.204956 -0.116577 -0.112183 0.398494 -0.226660 -0.218116
0.089966 -0.048950 -0.021240 0.174920 -0.095173 -0.041297
-0.016602 0.021851 0.057007 -0.032278 0.042484 0.110838
-0.079590 0.077637 0.067261 -0.154746 0.150948 0.130774
-0.084717 0.107178 0.021973 -0.164714 0.208385 0.042721
-0.051392 0.070190 -0.023438 -0.099920 0.136471 -0.045569
-0.029785 0.086426 -0.036133 -0.057911 0.168037 -0.070253
-0.047607 0.134644 0.007202 -0.092563 0.261786 0.014003
-0.067261 0.157715 0.052612 -0.130774 0.306644 0.102294
-0.083252 0.128662 0.051147 -0.161866 0.250157 0.099446
-0.086060 0.122192 0.020142 -0.167325 0.237578 0.039161
-0.047485 0.155396 -0.003296 -0.092325 0.302134 -0.006408
0.002563 0.163086 -0.021484 0.004984 0.317087 -0.041772
0.018066 0.085938 -0.057373 0.035126 0.167088 -0.111550
0.013428 -0.010132 -0.102173 0.026107 -0.019699 -0.198654
-0.001587 -0.065063 -0.153809 -0.003085 -0.126502 -0.299049
-0.014893 -0.078491 -0.176392 -0.028956 -0.152610 -0.342957
