-0.176147 0.510742 0.255127 -0.342482 0.993032 0.496041
-0.173706 0.646729 0.371460 -0.337735 1.257429 0.722227
-0.254639 0.255859 0.346680 -0.495092 0.497465 0.674046
-0.151611 0.162231 0.417847 -0.294777 0.315425 0.812416
-0.017212 0.420776 0.709473 -0.033465 0.818112 1.379422
0.031128 1.229492 0.849487 0.060522 2.390491 1.651651
-0.422974 0.750122 0.711548 -0.822384 1.458456 1.383456
-0.886841 0.430420 0.358765 -1.724277 0.836862 0.697543
-1.201782 -0.040161 0.229370 -2.336615 -0.078085 0.445962
-1.277710 -0.242798 0.351685 -2.484241 -0.472070 0.683777
-1.299316 -0.109985 0.281372 -2.526250 -0.213844 0.547069
-1.185913 0.321655 0.046021 -2.305761 0.625392 0.089477
-1.187988 0.471436 -0.225098 -2.309796 0.916608 -0.437655
-1.113647 0.571045 -0.617310 -2.165255 1.110278 -1.200230
-0.995605 0.501831 -0.861084 -1.935747 0.975706 -1.674198
-0.885010 0.667114 -1.064941 -1.720717 1.297065 -2.070557
-0.617188 0.668701 -1.291626 -1.199993 1.300150 -2.511297
-0.113647 0.458862 -1.468506 -0.220964 0.892162 -2.855204
0.453125 0.315063 -1.586060 0.881007 0.612575 -3.083762
0.841797 0.116943 -1.461182 1.636699 0.227372 -2.840963
1.184692 0.100342 -1.045898 2.303387 0.195094 -2.033532
1.411011 0.027710 -0.684326 2.743416 0.053876 -1.330530
1.621948 -0.006958 -0.460571 3.153540 -0.013528 -0.895485
1.695679 -0.183838 -0.341309 3.296894 -0.357434 -0.663603
1.699463 -0.197266 -0.270386 3.304251 -0.383542 -0.525709
1.631226 -0.184692 -0.221436 3.171578 -0.359096 -0.430535
1.419800 -0.096558 -0.009888 2.760505 -0.187736 -0.019225
1.206909 -0.141968 0.261597 2.346583 -0.276027 0.508620
1.009521 -0.122803 0.377686 1.962804 -0.238764 0.734331
0.890503 -0.086426 0.432495 1.731397 -0.168037 0.840897
0.746826 -0.036377 0.447510 1.452048 -0.070727 0.870089
0.558228 -0.139160 0.455200 1.085357 -0.270568 0.885042
0.244385 -0.255493 0.535400 0.475155 -0.496753 1.040974
-0.132080 -0.326538 0.682007 -0.256802 -0.634885 1.326020
-0.417480 -0.203735 0.766846 -0.811704 -0.396121 1.490972
-0.620361 -0.047729 0.660889 -1.206163 -0.092800 1.284960
-0.877319 -0.047852 0.539551 -1.705765 -0.093037 1.049044
-1.164429 -0.157959 0.598999 -2.263989 -0.307118 1.164629
-1.477417 -0.262451 0.737915 -2.872530 -0.510282 1.434722
-1.753662 -0.251709 0.786255 -3.409631 -0.489396 1.528709
-1.926636 -0.023193 0.668823 -3.745942 -0.045095 1.300387
-1.934692 0.266357 0.502563 -3.761606 0.517877 0.977130
-1.628906 0.406860 0.221436 -3.167069 0.791055 0.430535
-1.189941 0.341797 0.000000 -2.313593 0.664553 0.000000
-0.770142 0.289673 -0.105835 -1.497380 0.563209 -0.205774
-0.502319 0.323242 -0.168823 -0.976655 0.628477 -0.328242
-0.435425 0.375610 -0.141357 -0.846593 0.730296 -0.274840
-0.360962 0.365234 -0.146606 -0.701815 0.710122 -0.285046
-0.206177 0.226074 -0.169678 -0.400868 0.439554 -0.329903
-0.077026 0.125122 -0.135620 -0.149762 0.243274 -0.263685
0.012329 0.122070 -0.104736 0.023971 0.237340 -0.203638
0.030396 0.158569 -0.086792 0.059098 0.308305 -0.168749
0.032959 0.133057 -0.039551 0.064082 0.258701 -0.076898
0.061646 0.093628 -0.029175 0.119857 0.182040 -0.056724
0.073486 0.072388 -0.082397 0.142879 0.140743 -0.160205
0.039307 0.029297 -0.156372 0.076424 0.056962 -0.304033
-0.005981 0.004883 -0.180298 -0.011630 0.009494 -0.350552
-0.019409 0.024414 -0.171143 -0.037737 0.047468 -0.332751
-0.024048 0.017212 -0.160767 -0.046756 0.033465 -0.312577
-0.030884 0.019043 -0.162720 -0.060047 0.037025 -0.316375
-0.020630 0.044556 -0.202026 -0.040111 0.086629 -0.392798
0.006104 0.028931 -0.235229 0.011867 0.056250 -0.457355
0.036133 0.004883 -0.240356 0.070253 0.009494 -0.467323
0.032349 0.023682 -0.221802 0.062895 0.046044 -0.431247
0.021851 0.027466 -0.180786 0.042484 0.053402 -0.351501
0.018799 0.017212 -0.158203 0.036550 0.033465 -0.307593
0.015991 0.023438 -0.169434 0.031092 0.045569 -0.329428
0.020874 0.028320 -0.168701 0.040585 0.055063 -0.328004
0.011230 0.052612 -0.177002 0.021835 0.102294 -0.344143
-0.007202 0.080444 -0.184937 -0.014003 0.156407 -0.359571
-0.023315 0.063843 -0.181885 -0.045332 0.124129 -0.353637
-0.033691 0.033325 -0.145996 -0.065506 0.064794 -0.283859
-0.037354 0.047607 -0.111450 -0.072626 0.092563 -0.216692
-0.041138 0.074219 -0.104126 -0.079984 0.144303 -0.202451
-0.036743 0.069946 -0.096191 -0.071439 0.135996 -0.187024
-0.030396 0.059082 -0.097046 -0.059098 0.114873 -0.188686
-0.033813 0.056152 -0.103516 -0.065743 0.109177 -0.201265
-0.043701 0.062256 -0.108887 -0.084968 0.121044 -0.211708
-0.057007 0.044678 -0.111572 -0.110838 0.086867 -0.216929
-0.054077 0.031250 -0.115967 -0.105142 0.060759 -0.225473
