0.072388 0.110474 -0.204712 0.140743 0.214793 -0.398020
0.036987 0.111572 -0.258545 0.071914 0.216929 -0.502687
-0.175903 -0.018799 -0.277344 -0.342007 -0.036550 -0.539237
-0.268555 -0.109131 -0.241089 -0.522149 -0.212182 -0.468747
-0.373047 -0.261108 -0.057739 -0.725312 -0.507671 -0.112262
-0.423096 -0.106689 -0.077393 -0.822621 -0.207435 -0.150474
-0.535034 -0.011353 -0.228027 -1.040262 -0.022073 -0.443352
-0.909180 0.066650 -0.186890 -1.767710 0.129588 -0.363368
-1.359985 0.090820 -0.017090 -2.644208 0.176581 -0.033228
-1.741699 -0.056763 0.154297 -3.386371 -0.110363 0.299998
-1.920410 0.170288 0.354248 -3.733837 0.331090 0.688762
-1.708008 0.872559 0.193115 -3.320865 1.696508 0.375472
-1.584839 0.908936 0.062622 -3.081389 1.767236 0.121756
-1.078003 0.573486 -0.116577 -2.095952 1.115025 -0.226660
-0.655884 0.247559 -0.002808 -1.275229 0.481326 -0.005459
-0.482300 0.147827 0.126953 -0.937731 0.287419 0.246834
-0.254028 0.071777 0.138916 -0.493905 0.139556 0.270093
0.123779 -0.126831 0.104980 0.240663 -0.246597 0.204113
0.566895 -0.266846 0.090942 1.102208 -0.518826 0.176819
0.908569 -0.401978 -0.024170 1.766524 -0.781562 -0.046993
1.139160 -0.514648 -0.299072 2.214859 -1.000627 -0.581484
1.350708 -0.410278 -0.500488 2.626170 -0.797701 -0.973095
1.425049 -0.295776 -0.554321 2.770710 -0.575076 -1.077762
1.416138 -0.230103 -0.557495 2.753385 -0.447386 -1.083933
1.348022 -0.198853 -0.636719 2.620949 -0.386627 -1.237967
1.339600 -0.107666 -0.802490 2.604572 -0.209334 -1.560275
0.994873 -0.088379 -0.722534 1.934323 -0.171834 -1.404817
0.546387 -0.073975 -0.577271 1.062335 -0.143828 -1.122382
0.415771 0.001343 -0.648682 0.808381 0.002611 -1.261226
0.327148 0.024658 -0.670654 0.636072 0.047943 -1.303948
0.001221 0.097900 -0.625854 0.002373 0.190347 -1.216844
-0.420654 0.147339 -0.563354 -0.817875 0.286470 -1.095325
-0.829590 0.192261 -0.498047 -1.612965 0.373811 -0.968348
-1.204956 0.333374 -0.441772 -2.342786 0.648176 -0.858934
-1.603271 0.395752 -0.375244 -3.117227 0.769457 -0.729584
-2.068726 0.247437 -0.252930 -4.022206 0.481089 -0.491769
-2.013550 0.252930 -0.057373 -3.914928 0.491769 -0.111550
-1.128662 0.404419 -0.213989 -2.194448 0.786308 -0.416058
-0.594971 0.235229 -0.404297 -1.156797 0.457355 -0.786071
-0.344360 0.188232 -0.285645 -0.669537 0.365979 -0.555376
-0.146851 0.285400 -0.236572 -0.285520 0.554902 -0.459965
-0.043091 0.269043 -0.229736 -0.083781 0.523098 -0.446674
0.005249 0.187378 -0.234253 0.010206 0.364317 -0.455456
0.034424 0.063477 -0.207275 0.066930 0.123417 -0.403004
0.099365 -0.027344 -0.153076 0.193195 -0.053164 -0.297625
0.146118 -0.050781 -0.097046 0.284096 -0.098734 -0.188686
0.192383 -0.044800 -0.081055 0.374048 -0.087104 -0.157594
0.222168 -0.048950 -0.096313 0.431959 -0.095173 -0.187261
0.157715 -0.041504 -0.093628 0.306644 -0.080696 -0.182040
0.095825 -0.022827 -0.088989 0.186312 -0.044383 -0.173021
0.043091 0.002319 -0.076294 0.083781 0.004509 -0.148338
0.003784 0.005005 -0.064331 0.007358 0.009731 -0.125078
-0.028076 -0.002075 -0.049927 -0.054588 -0.004035 -0.097072
-0.034180 0.019531 -0.051147 -0.066455 0.037974 -0.099446
-0.042358 0.015747 -0.071045 -0.082357 0.030617 -0.138132
-0.062988 0.027954 -0.080688 -0.122468 0.054351 -0.156882
-0.086670 0.040649 -0.079712 -0.168512 0.079034 -0.154983
-0.093384 0.032104 -0.067627 -0.181565 0.062420 -0.131487
-0.085205 0.017334 -0.069458 -0.165664 0.033702 -0.135047
-0.069092 0.010498 -0.072021 -0.134335 0.020411 -0.140031
-0.055908 0.007690 -0.081055 -0.108702 0.014952 -0.157594
-0.041138 0.014893 -0.094360 -0.079984 0.028956 -0.183464
-0.033203 -0.001343 -0.084106 -0.064557 -0.002611 -0.163527
-0.052002 -0.004639 -0.066895 -0.101107 -0.009019 -0.130062
-0.030396 -0.000244 -0.054688 -0.059098 -0.000475 -0.106328
0.004150 -0.016602 -0.062866 0.008070 -0.032278 -0.122230
0.032593 -0.008423 -0.080933 0.063370 -0.016376 -0.157357
0.057007 0.015503 -0.085449 0.110838 0.030142 -0.166138
0.063599 0.022339 -0.091064 0.123654 0.043433 -0.177056
0.092041 0.029419 -0.099854 0.178955 0.057199 -0.194144
0.095215 0.024536 -0.103638 0.185125 0.047705 -0.201502
0.095337 0.013184 -0.108276 0.185363 0.025633 -0.210521
0.080200 -0.038330 -0.116943 0.155933 -0.074525 -0.227372
0.049316 -0.030884 -0.120605 0.095885 -0.060047 -0.234492
0.010254 -0.017090 -0.117676 0.019937 -0.033228 -0.228796
-0.019775 -0.015137 -0.104126 -0.038449 -0.029430 -0.202451
-0.031738 -0.003174 -0.079224 -0.061708 -0.006171 -0.154034
-0.041260 0.025024 -0.080566 -0.080221 0.048655 -0.156645
-0.045654 0.024170 -0.088257 -0.088765 0.046993 -0.171597
-0.062744 -0.007202 -0.086548 -0.121993 -0.014003 -0.168274
