0.643433 -0.225342 -0.126099 1.251021 -0.438130 -0.245173
0.616821 -0.279175 -0.121338 1.199281 -0.542797 -0.235916
0.325195 -0.142578 -0.097656 0.632275 -0.277213 -0.189872
0.037720 -0.080078 0.012451 0.073338 -0.155695 0.024209
-0.134155 -0.000366 0.204346 -0.260837 -0.000712 0.397308
-0.227539 0.044434 0.282959 -0.442402 0.086392 0.550155
-0.448975 -0.521851 0.213257 -0.872938 -1.014630 0.414633
-0.918335 -1.112549 -0.028809 -1.785511 -2.163119 -0.056012
-1.207764 -1.060181 0.364624 -2.348245 -2.061300 0.708935
-1.302124 -0.869629 0.678589 -2.531709 -1.690812 1.319375
-1.584595 0.170410 0.627319 -3.080914 0.331327 1.219692
-1.899292 0.363403 -0.025635 -3.692777 0.706562 -0.049841
-1.474121 0.422119 -0.449341 -2.866121 0.820723 -0.873650
-0.955200 0.442993 -0.663330 -1.857188 0.861308 -1.289707
-0.521729 0.437622 -0.962402 -1.014392 0.850865 -1.871191
-0.028687 0.311523 -1.295654 -0.055775 0.605692 -2.519130
0.702637 0.102661 -1.614746 1.366131 0.199603 -3.139537
0.934326 0.406616 -1.750366 1.816603 0.790581 -3.403222
1.047241 0.750610 -1.353149 2.036142 1.459405 -2.630917
1.288818 0.705322 -0.891113 2.505839 1.371352 -1.732584
1.630737 0.307373 -0.609497 3.170629 0.597623 -1.185040
1.800171 0.157104 -0.329712 3.500057 0.305457 -0.641056
1.656128 0.355591 -0.034302 3.219996 0.691372 -0.066693
1.385620 0.444214 0.221313 2.694050 0.863681 0.430298
1.009155 0.412231 0.298584 1.962092 0.801498 0.580534
0.644897 0.385864 0.305298 1.253869 0.750233 0.593588
0.322388 0.248901 0.407593 0.626816 0.483937 0.792479
0.078613 -0.018921 0.548706 0.152847 -0.036788 1.066845
-0.328735 -0.323486 0.615967 -0.639157 -0.628952 1.197619
-0.806641 -0.435791 0.675537 -1.568345 -0.847305 1.313441
-1.212769 -0.445068 0.733398 -2.357976 -0.865343 1.425940
-1.439575 -0.514404 0.711182 -2.798954 -1.000152 1.382745
-1.573975 -0.586792 0.727539 -3.060266 -1.140895 1.414548
-1.616333 -0.561035 0.654053 -3.142623 -1.090816 1.271669
-1.779785 -0.435669 0.382324 -3.460421 -0.847067 0.743350
-1.499023 -0.184814 0.219238 -2.914539 -0.359333 0.426263
-0.857788 -0.026611 0.089722 -1.667790 -0.051740 0.174445
-0.362061 0.141724 -0.045654 -0.703951 0.275552 -0.088765
-0.098999 0.224731 -0.167236 -0.192483 0.436943 -0.325156
-0.067383 0.230713 -0.191284 -0.131012 0.448573 -0.371912
-0.066162 0.132935 -0.214355 -0.128638 0.258464 -0.416770
-0.055298 0.092407 -0.198853 -0.107515 0.179667 -0.386627
-0.052002 0.145874 -0.195679 -0.101107 0.283622 -0.380456
0.011841 0.118652 -0.167847 0.023022 0.230695 -0.326343
-0.016113 0.129150 -0.135864 -0.031329 0.251106 -0.264160
-0.075073 0.214233 -0.123779 -0.145964 0.416532 -0.240663
-0.009033 0.124512 -0.102905 -0.017563 0.242087 -0.200078
0.026611 0.054565 -0.093750 0.051740 0.106091 -0.182277
0.001465 0.051147 -0.088135 0.002848 0.099446 -0.171360
-0.079712 0.065308 -0.110107 -0.154983 0.126977 -0.214081
-0.129761 0.027588 -0.128662 -0.252293 0.053639 -0.250157
-0.064209 0.009888 -0.113159 -0.124841 0.019225 -0.220014
0.032593 0.022217 -0.065552 0.063370 0.043196 -0.127452
0.028076 0.010498 -0.082764 0.054588 0.020411 -0.160917
0.002686 0.004395 -0.081421 0.005221 0.008544 -0.158306
-0.011475 0.029297 -0.068604 -0.022310 0.056962 -0.133385
-0.006958 0.039185 -0.072144 -0.013528 0.076186 -0.140268
0.001587 0.006470 -0.098389 0.003085 0.012579 -0.191296
-0.017212 -0.046631 -0.134766 -0.033465 -0.090664 -0.262024
-0.060181 -0.006958 -0.153687 -0.117009 -0.013528 -0.298811
-0.057007 0.053589 -0.129517 -0.110838 0.104192 -0.251818
-0.021484 0.020508 -0.105347 -0.041772 0.039873 -0.204825
0.001587 0.009888 -0.109497 0.003085 0.019225 -0.212894
0.006836 0.021118 -0.139282 0.013291 0.041060 -0.270805
0.023071 0.004028 -0.146362 0.044857 0.007832 -0.284571
0.012573 0.000122 -0.158936 0.024446 0.000237 -0.309017
-0.008789 0.018433 -0.158203 -0.017089 0.035838 -0.307593
-0.012695 0.025024 -0.146851 -0.024683 0.048655 -0.285520
-0.016235 0.017212 -0.152588 -0.031566 0.033465 -0.296675
-0.019897 -0.006104 -0.143677 -0.038686 -0.011867 -0.279350
-0.031616 0.015503 -0.150635 -0.061471 0.030142 -0.292878
-0.036377 0.007324 -0.133301 -0.070727 0.014240 -0.259176
-0.019043 -0.000244 -0.105103 -0.037025 -0.000475 -0.204350
-0.010254 0.012817 -0.110718 -0.019937 0.024921 -0.215268
0.000732 0.015259 -0.118530 0.001424 0.029668 -0.230457
0.007080 0.002197 -0.130005 0.013766 0.004272 -0.252767
0.000488 -0.017456 -0.138184 0.000949 -0.033940 -0.268669
-0.001587 -0.018799 -0.127441 -0.003085 -0.036550 -0.247783
-0.011353 0.013306 -0.128784 -0.022073 0.025870 -0.250394
-0.008667 0.009644 -0.120972 -0.016851 0.018750 -0.235204
