0.068481 -0.159180 -0.245483 0.133148 -0.309492 -0.477291
-0.181152 -0.398804 -0.373779 -0.352213 -0.775391 -0.726736
-0.328369 -0.388062 -0.409058 -0.638445 -0.754505 -0.795327
-0.191772 -0.330200 -0.139771 -0.372862 -0.642005 -0.271755
-0.198975 -0.299194 0.160034 -0.386865 -0.581721 0.311153
-0.206543 -0.214966 0.418335 -0.401580 -0.417956 0.813365
-0.103394 0.064697 0.646729 -0.201027 0.125790 1.257429
-0.029297 0.435059 0.667969 -0.056962 0.845881 1.298726
0.213257 0.625854 0.566406 0.414633 1.216844 1.101259
0.329956 0.308716 0.356812 0.641531 0.600234 0.693746
0.774048 0.035645 0.179932 1.504975 0.069303 0.349840
1.274902 -0.414185 -0.135986 2.478782 -0.805296 -0.264397
1.496094 -0.580200 -0.240356 2.908843 -1.128078 -0.467323
1.489258 -0.471802 -0.276001 2.895551 -0.917320 -0.536626
1.455688 -0.245605 -0.317993 2.830283 -0.477529 -0.618271
1.492554 -0.158325 -0.330811 2.901960 -0.307830 -0.643192
1.338989 0.168579 -0.429443 2.603386 0.327767 -0.834963
1.193726 0.329102 -0.504272 2.320951 0.639869 -0.980453
0.995605 0.146973 -0.627686 1.935747 0.285758 -1.220404
0.696533 -0.165039 -0.735107 1.354264 -0.320884 -1.429263
0.392700 -0.175415 -0.903442 0.763524 -0.341058 -1.756555
0.284668 -0.323486 -1.048828 0.553478 -0.628952 -2.039228
0.137939 -0.508301 -1.123169 0.268195 -0.988285 -2.183768
-0.159668 -0.356445 -1.042358 -0.310441 -0.693034 -2.026649
-0.473999 -0.068726 -0.819580 -0.921592 -0.133623 -1.593503
-0.765625 0.048950 -0.567139 -1.488598 0.095173 -1.102683
-1.033325 -0.040771 -0.465088 -2.009085 -0.079272 -0.904266
-1.207764 -0.073975 -0.443604 -2.348245 -0.143828 -0.862495
-1.349976 0.015747 -0.250366 -2.624746 0.030617 -0.486785
-1.402954 0.133789 0.031250 -2.727752 0.260125 0.060759
-1.337646 0.149780 0.358276 -2.600775 0.291217 0.696594
-1.136108 0.075073 0.712524 -2.208926 0.145964 1.385355
-0.777710 -0.021729 0.983521 -1.512095 -0.042247 1.912251
-0.507324 -0.206299 1.120972 -0.986386 -0.401105 2.179496
0.012817 -0.261475 1.069214 0.024921 -0.508383 2.078864
0.403687 -0.197266 0.815674 0.784884 -0.383542 1.585908
0.527222 -0.174194 0.487915 1.025073 -0.338685 0.948649
0.467285 -0.223633 0.222900 0.908539 -0.434807 0.433383
0.361816 -0.180664 0.045044 0.703477 -0.351264 0.087579
0.278564 -0.051758 -0.101074 0.541611 -0.100632 -0.196518
0.169189 0.085083 -0.249390 0.328954 0.165426 -0.484886
0.003296 0.188477 -0.401611 0.006408 0.366453 -0.780850
-0.196899 0.107178 -0.563354 -0.382830 0.208385 -1.095325
-0.398804 -0.109131 -0.680298 -0.775391 -0.212182 -1.322697
-0.629028 -0.294067 -0.762939 -1.223014 -0.571753 -1.483377
-0.877319 -0.132935 -0.863892 -1.705765 -0.258464 -1.679657
-1.176147 0.195068 -0.949219 -2.286774 0.379270 -1.845558
-1.441040 0.473022 -1.001221 -2.801802 0.919694 -1.946665
-1.497070 0.662842 -1.019653 -2.910741 1.288758 -1.982503
-1.133057 0.695190 -0.923462 -2.202992 1.351653 -1.795479
-0.510986 0.630493 -0.713867 -0.993506 1.225863 -1.387966
-0.139526 0.493042 -0.537231 -0.271280 0.958617 -1.044535
0.015259 0.317993 -0.523193 0.029668 0.618271 -1.017240
0.132446 0.106201 -0.476440 0.257514 0.206486 -0.926339
0.147095 0.056152 -0.334595 0.285995 0.109177 -0.650550
0.123291 0.041992 -0.148438 0.239714 0.081645 -0.288606
0.121582 -0.020996 -0.045654 0.236391 -0.040823 -0.088765
0.085693 -0.047485 -0.025513 0.166613 -0.092325 -0.049604
0.093018 -0.055786 -0.013062 0.180853 -0.108465 -0.025395
0.104004 -0.030151 -0.023804 0.202214 -0.058623 -0.046281
0.063354 -0.070068 -0.006592 0.123180 -0.136233 -0.012816
0.022461 -0.122314 0.029541 0.043671 -0.237815 0.057436
-0.052368 -0.087158 0.057129 -0.101819 -0.169461 0.111075
-0.090698 -0.013672 0.055176 -0.176344 -0.026582 0.107278
-0.094849 -0.004517 -0.003174 -0.184413 -0.008782 -0.006171
-0.085938 0.006836 -0.074585 -0.167088 0.013291 -0.145015
-0.035522 0.010742 -0.101807 -0.069066 0.020886 -0.197942
-0.011475 -0.021118 -0.088623 -0.022310 -0.041060 -0.172309
-0.007690 -0.016846 -0.052246 -0.014952 -0.032753 -0.101582
-0.002686 -0.048706 -0.021973 -0.005221 -0.094699 -0.042721
-0.004272 -0.021606 -0.011108 -0.008307 -0.042009 -0.021598
0.009033 -0.019653 -0.006104 0.017563 -0.038212 -0.011867
0.019897 -0.036499 -0.009644 0.038686 -0.070965 -0.018750
0.021240 -0.040771 -0.023926 0.041297 -0.079272 -0.046519
-0.010132 -0.038208 -0.055664 -0.019699 -0.074288 -0.108227
-0.054443 -0.031250 -0.063477 -0.105854 -0.060759 -0.123417
-0.073486 -0.007324 -0.041748 -0.142879 -0.014240 -0.081170
-0.103638 0.006592 -0.031616 -0.201502 0.012816 -0.061471
-0.084106 -0.034546 -0.029907 -0.163527 -0.067167 -0.058148
-0.041138 -0.035034 -0.043091 -0.079984 -0.068117 -0.083781
