-0.118774 -0.001465 -0.148804 -0.230932 -0.002848 -0.289318
0.044922 0.203979 -0.053223 0.087341 0.396596 -0.103480
0.063843 0.017944 -0.124634 0.124129 0.034889 -0.242324
0.084229 -0.177856 -0.149902 0.163765 -0.345805 -0.291454
0.111328 -0.435669 -0.125854 0.216454 -0.847067 -0.244698
-0.018677 -0.265747 -0.241455 -0.036313 -0.516690 -0.469459
-0.421753 0.885010 -0.083862 -0.820011 1.720717 -0.163053
-0.770752 1.619995 0.103027 -1.498567 3.149743 0.200315
-1.090576 0.935913 -0.065186 -2.120398 1.819688 -0.126740
-1.307251 0.181152 -0.218628 -2.541677 0.352213 -0.425076
-1.519653 -0.387817 -0.222412 -2.954649 -0.754030 -0.432434
-1.593750 -0.263550 -0.088623 -3.098715 -0.512418 -0.172309
-1.694458 -0.424683 -0.040771 -3.294520 -0.825707 -0.079272
-1.725220 -0.950806 -0.007202 -3.354330 -1.848643 -0.014003
-0.835693 -0.506104 0.157349 -1.624832 -0.984013 0.305932
0.024536 -0.060669 0.190430 0.047705 -0.117958 0.370251
0.386963 0.033691 0.181152 0.752369 0.065506 0.352213
0.455200 0.037354 0.243042 0.885042 0.072626 0.472545
0.581299 0.059570 0.108032 1.130214 0.115822 0.210046
0.765625 0.097046 -0.199463 1.488598 0.188686 -0.387814
0.928589 0.146240 -0.493530 1.805448 0.284334 -0.959567
1.009155 0.119751 -0.549194 1.962092 0.232831 -1.067794
0.934937 0.168945 -0.500488 1.817789 0.328479 -0.973095
0.800659 0.196167 -0.513428 1.556715 0.381406 -0.998253
0.701904 0.218384 -0.578491 1.364707 0.424602 -1.124756
0.626465 0.191284 -0.686768 1.218030 0.371912 -1.335276
0.490479 0.194458 -0.736328 0.953633 0.378083 -1.431637
0.263916 0.202026 -0.672119 0.513130 0.392798 -1.306796
0.007935 0.167236 -0.583740 0.015427 0.325156 -1.134961
-0.239258 0.088379 -0.521118 -0.465187 0.171834 -1.013206
-0.499390 -0.067871 -0.466064 -0.970959 -0.131961 -0.906165
-0.689087 -0.079468 -0.362183 -1.339786 -0.154509 -0.704189
-0.926758 -0.068115 -0.236328 -1.801887 -0.132436 -0.459491
-1.332031 -0.061890 -0.013550 -2.589857 -0.120332 -0.026345
-1.794800 -0.209351 0.121948 -3.489614 -0.407039 0.237103
-1.469727 -0.141113 -0.063599 -2.857577 -0.274365 -0.123654
-0.446899 0.102173 -0.136230 -0.868903 0.198654 -0.264872
0.085327 0.113159 -0.088745 0.165901 0.220014 -0.172546
0.103394 0.125244 -0.134521 0.201027 0.243511 -0.261549
0.099487 0.192261 -0.098633 0.193432 0.373811 -0.191771
0.268433 0.160522 -0.078491 0.521911 0.312102 -0.152610
0.396484 0.020508 -0.065674 0.770881 0.039873 -0.127689
0.373413 -0.062866 -0.079834 0.726024 -0.122230 -0.155221
0.268188 -0.028076 -0.081299 0.521437 -0.054588 -0.158069
0.142578 0.052612 -0.080444 0.277213 0.102294 -0.156407
0.015015 0.079590 -0.097900 0.029193 0.154746 -0.190347
-0.087646 0.076416 -0.099976 -0.170410 0.148575 -0.194382
-0.145508 0.099731 -0.060669 -0.282910 0.193907 -0.117958
-0.133179 0.084351 -0.066406 -0.258938 0.164002 -0.129113
-0.076904 0.072388 -0.083618 -0.149524 0.140743 -0.162578
-0.040649 0.077759 -0.075195 -0.079034 0.151186 -0.146202
-0.010498 0.037354 -0.055176 -0.020411 0.072626 -0.107278
0.018677 0.034058 -0.035645 0.036313 0.066218 -0.069303
0.030640 0.024658 -0.044189 0.059572 0.047943 -0.085917
0.041504 0.044067 -0.069580 0.080696 0.085680 -0.135284
0.041504 0.052490 -0.089966 0.080696 0.102056 -0.174920
0.036499 0.049561 -0.090942 0.070965 0.096360 -0.176819
0.022095 0.065796 -0.082520 0.042959 0.127926 -0.160442
0.007813 0.071045 -0.085693 0.015190 0.138132 -0.166613
-0.001831 0.021973 -0.100342 -0.003560 0.042721 -0.195094
-0.000366 -0.012085 -0.096313 -0.000712 -0.023497 -0.187261
0.007202 -0.004272 -0.083374 0.014003 -0.008307 -0.162103
-0.006348 0.007324 -0.086426 -0.012342 0.014240 -0.168037
0.000610 0.008789 -0.088379 0.001187 0.017089 -0.171834
0.016479 0.032104 -0.075928 0.032041 0.062420 -0.147626
0.011719 0.019043 -0.078735 0.022785 0.037025 -0.153084
0.013916 -0.031372 -0.081177 0.027057 -0.060996 -0.157831
-0.009888 -0.060303 -0.098999 -0.019225 -0.117246 -0.192483
-0.027222 -0.042969 -0.084106 -0.052927 -0.083544 -0.163527
0.001953 -0.055786 -0.080200 0.003797 -0.108465 -0.155933
0.025024 -0.049072 -0.094482 0.048655 -0.095411 -0.183701
0.025879 0.009155 -0.095825 0.050316 0.017801 -0.186312
0.005981 0.046753 -0.078247 0.011630 0.090901 -0.152135
-0.011719 0.018799 -0.084106 -0.022785 0.036550 -0.163527
-0.004395 -0.034424 -0.121094 -0.008544 -0.066930 -0.235442
0.015503 -0.051025 -0.135376 0.030142 -0.099208 -0.263210
0.014282 0.002197 -0.115234 0.027769 0.004272 -0.224049
-0.006836 0.054932 -0.095703 -0.013291 0.106803 -0.186075
0.008179 0.050293 -0.093018 0.015902 0.097784 -0.180853
0.016602 0.036255 -0.124756 0.032278 0.070490 -0.242562
