0.036255 0.025146 -0.130615 0.070490 0.048892 -0.253954
0.052856 0.045532 -0.048462 0.102768 0.088528 -0.094224
0.029785 0.093384 -0.046753 0.057911 0.181565 -0.090901
-0.097778 -0.159058 0.011108 -0.190110 -0.309254 0.021598
-0.208984 -0.147827 0.164551 -0.406327 -0.287419 0.319935
-0.343262 0.081665 0.267456 -0.667401 0.158781 0.520013
-0.538452 0.200073 0.165649 -1.046908 0.389001 0.322071
-0.708862 0.084717 0.206787 -1.378235 0.164714 0.402054
-0.745361 0.264160 0.230469 -1.449200 0.513604 0.448098
-0.993042 0.259644 0.091309 -1.930763 0.504823 0.177531
-1.453979 0.206177 -0.043457 -2.826960 0.400868 -0.084493
-1.872070 0.315308 -0.125488 -3.639851 0.613050 -0.243986
-2.085938 0.248657 -0.325928 -4.055671 0.483462 -0.633699
-2.003906 0.207275 -0.407471 -3.896178 0.403004 -0.792242
-1.674438 0.168335 -0.418701 -3.255597 0.327292 -0.814077
-1.315063 0.609497 -0.529541 -2.556867 1.185040 -1.029582
-0.647949 0.538452 -0.413330 -1.259802 1.046908 -0.803634
0.031860 0.251465 -0.255493 0.061946 0.488921 -0.496753
0.383057 0.311768 -0.119507 0.744774 0.606167 -0.232356
0.467651 0.358643 -0.027954 0.909251 0.697306 -0.054351
0.560303 0.249268 -0.107544 1.089392 0.484649 -0.209097
0.965454 0.030029 -0.220459 1.877124 0.058386 -0.428637
1.528564 -0.265869 -0.383545 2.971975 -0.516927 -0.745723
1.858765 -0.466553 -0.510254 3.613981 -0.907115 -0.992082
1.780518 -0.567993 -0.534546 3.461845 -1.104344 -1.039313
1.629883 -0.472656 -0.483276 3.168967 -0.918982 -0.939630
1.428833 -0.287354 -0.441772 2.778068 -0.558699 -0.858934
1.221558 -0.250854 -0.501953 2.375064 -0.487734 -0.975943
1.009033 -0.333496 -0.500244 1.961855 -0.648414 -0.972620
0.749756 -0.198975 -0.400146 1.457744 -0.386865 -0.778001
0.535278 -0.006470 -0.262939 1.040737 -0.012579 -0.511231
0.341675 0.068481 -0.145630 0.664315 0.133148 -0.283147
0.142700 0.217529 -0.107422 0.277451 0.422940 -0.208859
-0.170776 0.214478 -0.148560 -0.332039 0.417007 -0.288843
-0.612427 0.066772 -0.191895 -1.190736 0.129825 -0.373099
-1.065674 -0.020752 -0.196899 -2.071981 -0.040348 -0.382830
-1.360718 -0.049438 -0.194824 -2.645632 -0.096123 -0.378795
-1.541382 -0.089233 -0.235718 -2.996896 -0.173496 -0.458304
-1.918213 0.051392 -0.318237 -3.729565 0.099920 -0.618746
-2.484985 0.281006 -0.373535 -4.831536 0.546357 -0.726261
-2.952759 0.055542 -0.598267 -5.741024 0.107990 -1.163205
-2.482544 0.080933 -1.099854 -4.826789 0.157357 -2.138436
-1.160645 0.399780 -1.009399 -2.256631 0.777289 -1.962567
-0.218262 0.443848 -0.463013 -0.424364 0.862969 -0.900232
0.183594 0.441406 -0.092041 0.356960 0.858222 -0.178955
0.065796 0.519775 -0.113403 0.127926 1.010595 -0.220489
0.132324 0.482666 -0.244263 0.257277 0.938443 -0.474918
0.637451 0.137085 -0.443726 1.239391 0.266533 -0.862732
0.980103 -0.090698 -0.618530 1.905605 -0.176344 -1.202603
1.055908 0.049072 -0.582520 2.052994 0.095411 -1.132588
1.070068 0.140747 -0.456177 2.080525 0.273653 -0.886941
1.077637 0.064819 -0.390625 2.095240 0.126028 -0.759489
1.060303 -0.093384 -0.322266 2.061538 -0.181565 -0.626578
1.021118 -0.280640 -0.256104 1.985351 -0.545645 -0.497940
0.936157 -0.370850 -0.216553 1.820163 -0.721040 -0.421042
0.784180 -0.416382 -0.141235 1.524674 -0.809568 -0.274603
0.617188 -0.419067 0.009766 1.199993 -0.814789 0.018987
0.431519 -0.278198 0.116577 0.838998 -0.540899 0.226660
0.234131 -0.140625 0.101440 0.455219 -0.273416 0.197230
0.096313 -0.059814 0.025757 0.187261 -0.116297 0.050079
0.012817 -0.080566 -0.001465 0.024921 -0.156645 -0.002848
-0.093750 -0.092407 0.034668 -0.182277 -0.179667 0.067405
-0.176025 -0.066406 0.007568 -0.342245 -0.129113 0.014715
-0.219238 0.043091 -0.021851 -0.426263 0.083781 -0.042484
-0.261719 0.111816 -0.034302 -0.508858 0.217404 -0.066693
-0.288818 0.089111 -0.033447 -0.561547 0.173258 -0.065031
-0.303223 0.146729 -0.050659 -0.589553 0.285283 -0.098496
-0.278198 0.188843 -0.069824 -0.540899 0.367165 -0.135759
-0.254883 0.163330 -0.091309 -0.495567 0.317561 -0.177531
-0.272339 0.161865 -0.108032 -0.529506 0.314713 -0.210046
-0.271240 0.170044 -0.108154 -0.527370 0.330615 -0.210283
-0.253052 0.181396 -0.120239 -0.492006 0.352688 -0.233780
-0.226074 0.124878 -0.132568 -0.439554 0.242799 -0.257752
-0.183594 0.046021 -0.123047 -0.356960 0.089477 -0.239239
-0.122314 0.043091 -0.119385 -0.237815 0.083781 -0.232119
-0.104492 0.058350 -0.143921 -0.203163 0.113449 -0.279824
-0.093750 0.119385 -0.159790 -0.182277 0.232119 -0.310678
-0.070313 0.099365 -0.129517 -0.136708 0.193195 -0.251818
-0.018433 0.056763 -0.091187 -0.035838 0.110363 -0.177293
0.043091 -0.022461 -0.066284 0.083781 -0.043671 -0.128876
