-0.119751 0.143188 -0.282471 -0.232831 0.278400 -0.549205
-0.106201 0.021606 -0.158569 -0.206486 0.042009 -0.308305
-0.254517 -0.067749 -0.217285 -0.494854 -0.131724 -0.422466
-0.419189 -0.012329 -0.278076 -0.815027 -0.023971 -0.540661
-0.458496 -0.019531 -0.377930 -0.891450 -0.037974 -0.734806
-0.565674 -0.014648 -0.566650 -1.099835 -0.028481 -1.101734
-0.892334 -0.231445 -0.593018 -1.734957 -0.449997 -1.152999
-1.195923 -0.295044 -0.515747 -2.325223 -0.573651 -1.002763
-1.801392 -0.242432 -0.555664 -3.502431 -0.471358 -1.080373
-1.969604 -0.067505 -0.438110 -3.829485 -0.131249 -0.851814
-1.572754 -0.028442 -0.500977 -3.057892 -0.055300 -0.974045
-1.089355 -0.074585 -0.481812 -2.118025 -0.145015 -0.936782
-0.454590 -0.044556 -0.502686 -0.883855 -0.086629 -0.977367
0.187744 0.138794 -0.499756 0.365029 0.269856 -0.971671
0.821655 0.044067 -0.547974 1.597537 0.085680 -1.065421
1.405518 -0.077515 -0.628540 2.732736 -0.150711 -1.222065
1.141113 0.415405 -0.538452 2.218657 0.807669 -1.046908
1.123413 0.257324 -0.448120 2.184243 0.500313 -0.871276
1.280762 -0.076416 -0.413574 2.490174 -0.148575 -0.804109
1.168823 0.015747 -0.453857 2.272533 0.030617 -0.882431
0.830444 0.213989 -0.446655 1.614626 0.416058 -0.868428
0.489990 0.214355 -0.350830 0.952684 0.416770 -0.682116
0.258789 0.232666 -0.251221 0.503161 0.452371 -0.488446
0.007202 0.258789 -0.145508 0.014003 0.503161 -0.282910
-0.149414 0.230591 -0.167969 -0.290505 0.448336 -0.326580
-0.297729 0.112183 -0.242188 -0.578873 0.218116 -0.470883
-0.549438 0.099731 -0.178833 -1.068269 0.193907 -0.347704
-0.745361 0.060059 -0.089722 -1.449200 0.116771 -0.174445
-1.084106 -0.015137 -0.148682 -2.107819 -0.029430 -0.289080
-1.492920 -0.187134 -0.149048 -2.902672 -0.363843 -0.289792
-1.454956 -0.024170 -0.177612 -2.828859 -0.046993 -0.345330
-1.373047 -0.119873 -0.320313 -2.669604 -0.233068 -0.622781
-0.823486 -0.308472 -0.149536 -1.601098 -0.599759 -0.290742
-0.200073 -0.271851 -0.112915 -0.389001 -0.528557 -0.219540
0.104370 -0.071289 -0.340942 0.202926 -0.138607 -0.662891
0.081665 0.446167 -0.519409 0.158781 0.867479 -1.009883
0.305542 0.501587 -0.646118 0.594063 0.975231 -1.256242
0.639771 0.237427 -0.683105 1.243900 0.461627 -1.328156
1.039551 0.153564 -0.486084 2.021190 0.298574 -0.945089
1.518555 -0.105591 -0.251709 2.952513 -0.205299 -0.489396
0.994873 -0.006348 -0.295288 1.934323 -0.012342 -0.574126
0.655884 0.058105 -0.488159 1.275229 0.112974 -0.949124
0.422974 0.065186 -0.325195 0.822384 0.126740 -0.632275
0.294800 0.078247 -0.193726 0.573177 0.152135 -0.376659
0.165527 0.090332 -0.192627 0.321833 0.175632 -0.374523
-0.057129 0.038574 -0.194458 -0.111075 0.075000 -0.378083
-0.215210 0.009155 -0.083618 -0.418431 0.017801 -0.162578
-0.260010 0.038452 -0.055664 -0.505535 0.074762 -0.108227
-0.235596 0.196533 -0.071045 -0.458067 0.382118 -0.138132
-0.234863 0.173828 -0.047363 -0.456643 0.337973 -0.092088
-0.151855 0.164673 -0.067261 -0.295251 0.320172 -0.130774
-0.014038 0.090210 -0.123657 -0.027294 0.175394 -0.240426
-0.007690 0.084961 -0.200073 -0.014952 0.165189 -0.389001
-0.054443 0.227051 -0.200195 -0.105854 0.441453 -0.389238
-0.092407 0.226685 -0.202393 -0.179667 0.440741 -0.393510
-0.064697 0.095093 -0.208008 -0.125790 0.184888 -0.404428
-0.029663 0.027588 -0.089844 -0.057674 0.053639 -0.174682
0.003906 0.169800 0.034058 0.007595 0.330140 0.066218
0.088989 0.224854 0.014404 0.173021 0.437181 0.028006
0.160278 0.126221 -0.020142 0.311628 0.245410 -0.039161
0.031372 0.123169 -0.150879 0.060996 0.239476 -0.293353
-0.011719 0.223511 -0.201294 -0.022785 0.434570 -0.391374
0.070313 0.163330 -0.156738 0.136708 0.317561 -0.304745
0.122559 0.253540 -0.032227 0.238290 0.492956 -0.062658
-0.043823 0.345215 0.010010 -0.085205 0.671198 0.019462
-0.106934 0.295044 -0.179688 -0.207910 0.573651 -0.349365
0.190674 0.105591 -0.285156 0.370726 0.205299 -0.554427
0.426392 0.107910 -0.218994 0.829030 0.209809 -0.425788
0.443726 0.195801 -0.057739 0.862732 0.380694 -0.112262
0.066528 0.234375 -0.057739 0.129350 0.455693 -0.112262
-0.058228 0.082520 0.107666 -0.113211 0.160442 0.209334
0.045044 -0.160889 0.138306 0.087579 -0.312815 0.268907
0.085815 -0.313721 0.165039 0.166850 -0.609965 0.320884
0.076782 -0.480957 0.142944 0.149287 -0.935121 0.277925
-0.004150 -0.294312 0.010986 -0.008070 -0.572227 0.021361
-0.072632 -0.071411 -0.071167 -0.141217 -0.138844 -0.138369
-0.086060 0.110107 -0.054932 -0.167325 0.214081 -0.106803
-0.028198 0.387329 0.011353 -0.054826 0.753081 0.022073
-0.001709 0.991089 0.175049 -0.003323 1.926966 0.340346
-0.011597 1.077637 0.284668 -0.022547 2.095240 0.553478
