-0.470703 0.041016 -0.122803 -0.915184 0.079746 -0.238764
-0.637939 0.147339 -0.137451 -1.240340 0.286470 -0.267245
-0.755981 0.150757 -0.162842 -1.469848 0.293115 -0.316612
-0.958008 0.082886 -0.089722 -1.862647 0.161154 -0.174445
-1.284912 -0.018921 -0.048462 -2.498244 -0.036788 -0.094224
-1.584839 0.043213 -0.225098 -3.081389 0.084018 -0.437655
-1.864502 0.260254 -0.454712 -3.625135 0.506009 -0.884093
-1.936157 0.243530 -0.554688 -3.764454 0.473494 -1.078474
-1.477173 0.269775 -0.772705 -2.872055 0.524522 -1.502364
-0.789673 0.118408 -0.988159 -1.535354 0.230220 -1.921270
-0.242432 -0.267090 -1.034180 -0.471358 -0.519301 -2.010747
0.289673 -0.010864 -1.310913 0.563209 -0.021123 -2.548797
0.673462 0.229126 -1.493408 1.309406 0.445488 -2.903621
1.152710 0.357300 -1.468506 2.241204 0.694695 -2.855204
1.566162 0.184692 -1.095581 3.045076 0.359096 -2.130129
1.897339 -0.032715 -0.702148 3.688980 -0.063607 -1.365181
1.959351 -0.181396 -0.318726 3.809549 -0.352688 -0.619695
1.840576 -0.280518 0.055298 3.578617 -0.545408 0.107515
1.662598 -0.143555 0.288330 3.232575 -0.279112 0.560598
1.432739 0.147949 0.524658 2.785663 0.287656 1.020089
1.126465 0.222168 0.634155 2.190176 0.431959 1.232983
0.789185 0.197754 0.644653 1.534405 0.384491 1.253394
0.322510 0.318726 0.614868 0.627053 0.619695 1.195483
-0.268066 0.267944 0.566650 -0.521199 0.520962 1.101734
-0.765137 0.123291 0.541626 -1.487649 0.239714 1.053079
-1.056030 -0.010864 0.530151 -2.053231 -0.021123 1.030769
-1.277100 -0.057129 0.403442 -2.483054 -0.111075 0.784410
-1.487183 -0.082764 0.181763 -2.891517 -0.160917 0.353400
-1.769409 -0.109375 0.041748 -3.440248 -0.212657 0.081170
-2.001831 -0.100952 -0.076416 -3.892143 -0.196280 -0.148575
-1.924927 -0.086304 -0.244873 -3.742619 -0.167800 -0.476105
-1.579468 -0.132935 -0.300659 -3.070946 -0.258464 -0.584569
-1.163086 -0.064819 -0.233276 -2.261378 -0.126028 -0.453557
-0.652466 0.012085 -0.131104 -1.268584 0.023497 -0.254903
-0.288086 0.018188 -0.082031 -0.560123 0.035364 -0.159493
-0.025391 -0.005005 -0.096680 -0.049367 -0.009731 -0.187973
0.045166 0.008057 -0.129639 0.087816 0.015664 -0.252055
-0.003174 0.060791 -0.127563 -0.006171 0.118195 -0.248021
0.029297 0.081787 -0.056519 0.056962 0.159018 -0.109889
0.132446 0.028076 -0.010498 0.257514 0.054588 -0.020411
0.187378 -0.032837 -0.008911 0.364317 -0.063845 -0.017326
0.170654 -0.032593 -0.036987 0.331802 -0.063370 -0.071914
0.115234 0.082764 -0.078247 0.224049 0.160917 -0.152135
0.068604 0.160645 -0.098755 0.133385 0.312340 -0.192008
0.039429 0.137573 -0.099121 0.076661 0.267482 -0.192720
0.043091 0.105347 -0.109497 0.083781 0.204825 -0.212894
0.021484 0.060913 -0.127197 0.041772 0.118433 -0.247309
-0.000977 0.009155 -0.135620 -0.001899 0.017801 -0.263685
0.030762 -0.032471 -0.085449 0.059810 -0.063133 -0.166138
0.122681 -0.103882 -0.020264 0.238527 -0.201977 -0.039398
0.143311 -0.153931 -0.037720 0.278637 -0.299286 -0.073338
0.063965 -0.082764 -0.093994 0.124366 -0.160917 -0.182752
0.026367 -0.022339 -0.114746 0.051266 -0.043433 -0.223100
0.054565 -0.059326 -0.101929 0.106091 -0.115347 -0.198179
0.045898 -0.078125 -0.124512 0.089240 -0.151898 -0.242087
0.016968 -0.051636 -0.156128 0.032990 -0.100395 -0.303558
0.001831 -0.042725 -0.146973 0.003560 -0.083069 -0.285758
-0.009277 -0.034912 -0.146118 -0.018038 -0.067879 -0.284096
-0.008423 -0.052856 -0.159546 -0.016376 -0.102768 -0.310204
-0.007080 -0.046631 -0.142090 -0.013766 -0.090664 -0.276264
0.003052 -0.032593 -0.112671 0.005934 -0.063370 -0.219065
0.020142 -0.027466 -0.095581 0.039161 -0.053402 -0.185837
0.022339 -0.013672 -0.074219 0.043433 -0.026582 -0.144303
0.016113 -0.016479 -0.042358 0.031329 -0.032041 -0.082357
0.005981 -0.010498 -0.011353 0.011630 -0.020411 -0.022073
-0.013062 -0.032593 0.009033 -0.025395 -0.063370 0.017563
-0.039429 -0.039063 0.014160 -0.076661 -0.075949 0.027531
-0.071289 -0.035156 0.005127 -0.138607 -0.068354 0.009968
-0.090576 -0.037720 -0.013306 -0.176106 -0.073338 -0.025870
-0.111694 -0.013794 -0.048340 -0.217166 -0.026819 -0.093987
-0.101563 -0.003784 -0.077881 -0.197467 -0.007358 -0.151423
-0.081787 -0.018677 -0.103149 -0.159018 -0.036313 -0.200553
-0.062378 -0.027954 -0.097900 -0.121281 -0.054351 -0.190347
-0.050781 -0.005493 -0.110596 -0.098734 -0.010680 -0.215030
-0.048706 0.088745 -0.120483 -0.094699 0.172546 -0.234255
-0.005005 0.035645 -0.068115 -0.009731 0.069303 -0.132436
0.009399 -0.001099 -0.085571 0.018275 -0.002136 -0.166376
-0.005981 0.030151 -0.106689 -0.011630 0.058623 -0.207435
0.028809 0.034546 -0.131470 0.056012 0.067167 -0.255615
0.038086 0.049561 -0.139648 0.074050 0.096360 -0.271517
