0.214233 -0.236572 0.115234 0.416532 -0.459965 0.224049
0.276855 0.036011 0.008545 0.538288 0.070015 0.016614
0.143188 -0.101807 -0.175903 0.278400 -0.197942 -0.342007
-0.027832 -0.120361 -0.185669 -0.054114 -0.234018 -0.360995
-0.217163 -0.121582 -0.163086 -0.422228 -0.236391 -0.317087
-0.273071 0.238281 -0.154053 -0.530930 0.463288 -0.299523
-0.261597 0.257935 -0.250366 -0.508620 0.501500 -0.486785
-0.390625 0.058838 -0.423950 -0.759489 0.114398 -0.824283
-0.517212 0.011597 -0.325806 -1.005611 0.022547 -0.633461
-0.782593 -0.088745 -0.091431 -1.521589 -0.172546 -0.177768
-1.036743 0.384766 0.074829 -2.015731 0.748097 0.145490
-1.389160 0.636719 -0.037354 -2.700933 1.237967 -0.072626
-1.765625 0.634766 -0.145264 -3.432890 1.234169 -0.282435
-1.902832 0.371338 -0.015625 -3.699660 0.721989 -0.030380
-1.520752 0.360352 -0.043945 -2.956785 0.700629 -0.085443
-0.954468 0.410034 -0.086304 -1.855764 0.797226 -0.167800
-0.509033 0.411621 0.063232 -0.989709 0.800311 0.122942
-0.288452 0.291992 0.135742 -0.560835 0.567718 0.263922
-0.282349 0.073364 0.110229 -0.548968 0.142642 0.214318
-0.106812 -0.069824 0.041870 -0.207673 -0.135759 0.081408
0.195679 0.091919 -0.016968 0.380456 0.178717 -0.032990
0.464111 0.388062 0.065552 0.902368 0.754505 0.127452
0.727051 0.230591 0.030029 1.413599 0.448336 0.058386
0.931152 -0.224487 -0.080811 1.810432 -0.436469 -0.157119
1.058350 -0.594360 -0.279907 2.057740 -1.155610 -0.544221
1.122803 -0.712646 -0.452271 2.183056 -1.385593 -0.879346
1.199097 -0.538330 -0.508911 2.331394 -1.046671 -0.989472
1.294556 -0.181763 -0.489258 2.516994 -0.353400 -0.951260
1.192871 -0.112061 -0.558350 2.319289 -0.217878 -1.085594
1.016602 -0.301636 -0.508423 1.976570 -0.586468 -0.988522
0.770508 -0.390015 -0.494507 1.498092 -0.758302 -0.961465
0.448975 -0.248291 -0.526245 0.872938 -0.482750 -1.023174
0.184326 -0.135620 -0.597778 0.358384 -0.263685 -1.162255
0.037354 -0.015625 -0.607422 0.072626 -0.030380 -1.181005
-0.176880 0.122437 -0.597534 -0.343906 0.238052 -1.161781
-0.413086 0.238892 -0.594849 -0.803160 0.464475 -1.156559
-0.622437 0.345581 -0.598755 -1.210198 0.671910 -1.164154
-1.011353 0.302856 -0.619995 -1.966364 0.588841 -1.205451
-1.382080 0.229370 -0.557739 -2.687167 0.445962 -1.084408
-1.800171 0.085449 -0.491089 -3.500057 0.166138 -0.954820
-2.219971 0.018066 -0.537964 -4.316270 0.035126 -1.045959
-2.158813 0.173462 -0.751465 -4.197363 0.337261 -1.461067
-1.412354 0.596313 -0.688477 -2.746027 1.159407 -1.338599
-0.639160 0.550903 -0.342529 -1.242714 1.071117 -0.665977
-0.423096 0.255859 -0.049927 -0.822621 0.497465 -0.097072
-0.200562 0.090820 0.020020 -0.389950 0.176581 0.038924
0.010010 0.145752 -0.021729 0.019462 0.283384 -0.042247
0.085083 0.153076 -0.077026 0.165426 0.297625 -0.149762
0.227783 0.165527 -0.036743 0.442877 0.321833 -0.071439
0.215332 0.177734 -0.025757 0.418668 0.345567 -0.050079
0.165283 0.132324 -0.020508 0.321359 0.257277 -0.039873
0.131226 0.027832 -0.008423 0.255141 0.054114 -0.016376
0.137085 0.005371 0.016724 0.266533 0.010443 0.032516
0.143799 0.027222 0.026978 0.279587 0.052927 0.052452
0.179077 0.041626 0.000366 0.348178 0.080933 0.000712
0.179565 0.066528 -0.055664 0.349128 0.129350 -0.108227
0.112427 0.084595 -0.108521 0.218590 0.164477 -0.210996
0.070190 0.102295 -0.101685 0.136471 0.198891 -0.197704
0.023315 0.102783 -0.088257 0.045332 0.199841 -0.171597
-0.027588 0.065063 -0.047852 -0.053639 0.126502 -0.093037
-0.058594 0.039429 -0.032593 -0.113923 0.076661 -0.063370
-0.074097 0.031006 -0.032715 -0.144066 0.060284 -0.063607
-0.088745 0.009155 -0.040649 -0.172546 0.017801 -0.079034
-0.083496 -0.011719 -0.048340 -0.162341 -0.022785 -0.093987
-0.079590 -0.036133 -0.062866 -0.154746 -0.070253 -0.122230
-0.097168 -0.045898 -0.084595 -0.188923 -0.089240 -0.164477
-0.091064 -0.032227 -0.091431 -0.177056 -0.062658 -0.177768
-0.043701 -0.044800 -0.083618 -0.084968 -0.087104 -0.162578
-0.005127 -0.055420 -0.071167 -0.009968 -0.107752 -0.138369
-0.026001 -0.060669 -0.074097 -0.050553 -0.117958 -0.144066
-0.042236 -0.048584 -0.098877 -0.082120 -0.094461 -0.192246
-0.028931 -0.013794 -0.126587 -0.056250 -0.026819 -0.246122
-0.005005 -0.023193 -0.116577 -0.009731 -0.045095 -0.226660
0.023682 -0.023560 -0.077515 0.046044 -0.045807 -0.150711
0.034790 0.007202 -0.063354 0.067642 0.014003 -0.123180
0.033813 0.004517 -0.062622 0.065743 0.008782 -0.121756
0.005371 -0.018677 -0.064819 0.010443 -0.036313 -0.126028
-0.015625 -0.015381 -0.060303 -0.030380 -0.029905 -0.117246
-0.022217 -0.009888 -0.060059 -0.043196 -0.019225 -0.116771
-0.016724 -0.012939 -0.062378 -0.032516 -0.025158 -0.121281
