-0.322876 -0.396484 -0.562622 -0.627765 -0.770881 -1.093901
0.004761 -0.378662 -0.184082 0.009256 -0.736230 -0.357909
-0.112427 -0.136963 0.053833 -0.218590 -0.266296 0.104667
-0.303833 -0.323242 -0.087280 -0.590740 -0.628477 -0.169698
-0.089844 -0.203857 -0.000977 -0.174682 -0.396358 -0.001899
0.205322 0.053223 0.232910 0.399206 0.103480 0.452845
0.304321 0.096069 0.069580 0.591689 0.186787 0.135284
0.478516 -0.308716 -0.057983 0.930374 -0.600234 -0.112737
0.844116 -0.753052 0.079102 1.641208 -1.464152 0.153797
1.190063 -0.984497 0.147705 2.313830 -1.914149 0.287182
0.992310 -0.512695 0.138306 1.929339 -0.996829 0.268907
1.126953 -0.276855 0.033081 2.191125 -0.538288 0.064319
1.159424 -0.201904 -0.164551 2.254258 -0.392561 -0.319935
1.024536 -0.484619 -0.504761 1.991997 -0.942241 -0.981402
1.039917 -0.730347 -0.723022 2.021902 -1.420007 -1.405766
0.828125 -0.625366 -0.917480 1.610116 -1.215894 -1.783850
0.455322 -0.440552 -1.033203 0.885279 -0.856561 -2.008848
0.146973 -0.256470 -1.113159 0.285758 -0.498652 -2.164306
-0.125000 -0.282715 -1.259888 -0.243036 -0.549680 -2.449589
-0.389160 -0.327148 -1.418457 -0.756641 -0.636072 -2.757894
-0.608765 -0.145874 -1.421143 -1.183616 -0.283622 -2.763116
-0.848267 0.212891 -1.182373 -1.649278 0.413921 -2.298878
-1.119873 0.330444 -0.714844 -2.177360 0.642480 -1.389865
-1.193726 0.274658 0.000977 -2.320951 0.534016 0.001899
-1.120972 0.255249 0.664429 -2.179496 0.496279 1.291843
-0.934937 0.288574 1.156250 -1.817789 0.561072 2.248087
-0.602539 0.140747 1.568970 -1.171512 0.273653 3.050535
-0.152832 -0.103638 1.603760 -0.297150 -0.201502 3.118177
0.396973 -0.153564 1.266479 0.771831 -0.298574 2.462405
0.842163 -0.223755 0.773926 1.637411 -0.435045 1.504737
1.008301 -0.263428 0.292969 1.960431 -0.512180 0.569617
0.840698 -0.375488 -0.005249 1.634562 -0.730059 -0.010206
0.580811 -0.463867 -0.223877 1.129265 -0.901893 -0.435282
0.201294 -0.276245 -0.264648 0.391374 -0.537101 -0.514554
-0.268188 -0.036133 -0.291748 -0.521437 -0.070253 -0.567243
-0.588745 -0.010010 -0.426270 -1.144692 -0.019462 -0.828792
-0.848389 -0.079590 -0.633545 -1.649515 -0.154746 -1.231796
-1.159180 -0.001465 -0.774536 -2.253783 -0.002848 -1.505924
-1.205933 0.093018 -0.908325 -2.344685 0.180853 -1.766049
-1.133667 0.330933 -0.830566 -2.204179 0.643430 -1.614863
-0.982910 0.407227 -0.653320 -1.911064 0.791767 -1.270245
-0.563232 0.251709 -0.479492 -1.095088 0.489396 -0.932273
-0.171753 0.185059 -0.390503 -0.333938 0.359808 -0.759252
-0.044556 0.213501 -0.376953 -0.086629 0.415108 -0.732907
0.021851 0.233154 -0.287109 0.042484 0.453320 -0.558224
0.092773 0.090088 -0.171387 0.180379 0.175157 -0.333226
0.098511 0.035522 -0.083496 0.191534 0.069066 -0.162341
0.066650 0.044678 -0.019043 0.129588 0.086867 -0.037025
0.035400 0.079102 0.001465 0.068829 0.153797 0.002848
0.034424 0.088623 -0.015503 0.066930 0.172309 -0.030142
0.039307 0.034668 -0.033447 0.076424 0.067405 -0.065031
0.020020 -0.036499 -0.016602 0.038924 -0.070965 -0.032278
-0.018188 -0.027222 0.011597 -0.035364 -0.052927 0.022547
-0.080322 0.043945 0.000977 -0.156170 0.085443 0.001899
-0.121826 0.084839 -0.014160 -0.236866 0.164952 -0.027531
-0.133667 0.044067 -0.014893 -0.259888 0.085680 -0.028956
-0.126953 0.035278 -0.002441 -0.246834 0.068591 -0.004747
-0.131226 0.069580 -0.006836 -0.255141 0.135284 -0.013291
-0.121216 0.060303 -0.014404 -0.235679 0.117246 -0.028006
-0.083984 0.053467 -0.013428 -0.163290 0.103955 -0.026107
-0.058472 0.056519 -0.000977 -0.113686 0.109889 -0.001899
-0.030762 0.024902 0.012817 -0.059810 0.048417 0.024921
-0.040405 0.041016 -0.015991 -0.078560 0.079746 -0.031092
-0.023438 0.017822 -0.073975 -0.045569 0.034652 -0.143828
0.001831 -0.003906 -0.119263 0.003560 -0.007595 -0.231881
-0.031250 0.029175 -0.136475 -0.060759 0.056724 -0.265346
-0.053101 0.018188 -0.153442 -0.103243 0.035364 -0.298337
0.001709 0.013794 -0.143188 0.003323 0.026819 -0.278400
-0.010498 -0.014893 -0.134399 -0.020411 -0.028956 -0.261312
-0.043579 -0.036133 -0.141357 -0.084730 -0.070253 -0.274840
-0.020874 -0.043213 -0.108521 -0.040585 -0.084018 -0.210996
-0.016357 -0.036377 -0.097656 -0.031804 -0.070727 -0.189872
-0.024414 -0.043701 -0.097900 -0.047468 -0.084968 -0.190347
-0.013672 -0.023560 -0.111816 -0.026582 -0.045807 -0.217404
0.003662 -0.008545 -0.138428 0.007120 -0.016614 -0.269144
0.011230 -0.020508 -0.145142 0.021835 -0.039873 -0.282198
0.006836 -0.041504 -0.127075 0.013291 -0.080696 -0.247071
-0.000122 -0.080933 -0.121460 -0.000237 -0.157357 -0.236154
0.006714 -0.097168 -0.124023 0.013054 -0.188923 -0.241138
0.005859 -0.067627 -0.116943 0.011392 -0.131487 -0.227372
