0.204468 0.039429 -0.135498 0.397545 0.076661 -0.263448
0.205322 0.098755 -0.166504 0.399206 0.192008 -0.323732
0.010010 -0.015991 -0.194580 0.019462 -0.031092 -0.378320
-0.145020 -0.176636 -0.180664 -0.281960 -0.343431 -0.351264
-0.259644 -0.312988 -0.127197 -0.504823 -0.608540 -0.247309
-0.433105 -0.326782 -0.088989 -0.842083 -0.635360 -0.173021
-0.656982 -0.212036 -0.118530 -1.277365 -0.412260 -0.230457
-0.872314 -0.166992 -0.234619 -1.696034 -0.324682 -0.456168
-0.989136 -0.178345 -0.377808 -1.923168 -0.346754 -0.734568
-1.084717 -0.204590 -0.584351 -2.109006 -0.397782 -1.136148
-1.350952 -0.385254 -0.825439 -2.626645 -0.749046 -1.604895
-1.551514 -0.127563 -0.662720 -3.016595 -0.248021 -1.288520
-1.617188 0.151611 -0.539429 -3.144284 0.294777 -1.048807
-1.622559 0.612549 -0.405762 -3.154727 1.190974 -0.788919
-1.464966 0.658447 -0.317627 -2.848321 1.280213 -0.617559
-1.101196 0.326294 -0.293335 -2.141047 0.634411 -0.570329
-0.544800 0.145752 -0.185669 -1.059250 0.283384 -0.360995
0.121460 -0.125244 -0.128540 0.236154 -0.243511 -0.249919
0.621582 -0.306519 -0.095947 1.208537 -0.595961 -0.186549
0.931274 -0.188721 -0.080811 1.810669 -0.366928 -0.157119
1.114502 -0.014771 -0.117065 2.166917 -0.028718 -0.227609
1.250000 0.048584 -0.183838 2.430365 0.094461 -0.357434
1.419800 -0.017944 -0.300049 2.760505 -0.034889 -0.583382
1.461304 -0.019409 -0.404175 2.841201 -0.037737 -0.785834
1.383911 0.015869 -0.449829 2.690727 0.030854 -0.874599
1.264526 -0.062256 -0.439209 2.458608 -0.121044 -0.853950
1.127808 -0.164063 -0.418701 2.192787 -0.318985 -0.814077
0.963745 -0.125488 -0.399414 1.873802 -0.243986 -0.776577
0.759155 -0.052612 -0.384155 1.476019 -0.102294 -0.746910
0.491089 -0.043701 -0.350708 0.954820 -0.084968 -0.681879
0.233398 -0.081787 -0.302002 0.453795 -0.159018 -0.587180
0.028931 -0.090332 -0.217651 0.056250 -0.175632 -0.423178
-0.207764 -0.124390 -0.119629 -0.403953 -0.241850 -0.232593
-0.460693 -0.128418 -0.045410 -0.895722 -0.249682 -0.088291
-0.695679 -0.066406 -0.008789 -1.352602 -0.129113 -0.017089
-0.943237 -0.040283 0.031494 -1.833928 -0.078322 0.061234
-1.116821 -0.055054 0.081909 -2.171426 -0.107040 0.159255
-1.287231 -0.046875 0.115601 -2.502753 -0.091139 0.224761
-1.446533 0.064941 0.114258 -2.812482 0.126265 0.222151
-1.660645 0.126587 0.121948 -3.228777 0.246122 0.237103
-1.725464 0.208984 0.062866 -3.354805 0.406327 0.122230
-1.566162 0.222168 -0.068359 -3.045076 0.431959 -0.132911
-1.186646 0.201294 -0.175171 -2.307185 0.391374 -0.340583
-0.821655 0.262451 -0.265625 -1.597537 0.510282 -0.516452
-0.533691 0.214355 -0.335449 -1.037652 0.416770 -0.652211
-0.036621 0.105225 -0.376221 -0.071202 0.204587 -0.731483
0.396973 0.106567 -0.329346 0.771831 0.207198 -0.640344
0.739990 0.117676 -0.301392 1.438757 0.228796 -0.585993
0.983276 0.067993 -0.368408 1.911776 0.132199 -0.716293
1.153198 0.001465 -0.415894 2.242154 0.002848 -0.808618
1.251221 -0.041260 -0.413940 2.432738 -0.080221 -0.804821
1.259888 -0.052490 -0.406250 2.449589 -0.102056 -0.789868
1.175537 -0.068604 -0.415039 2.285587 -0.133385 -0.806957
1.029053 -0.110474 -0.436279 2.000779 -0.214793 -0.848254
0.875854 -0.083496 -0.406494 1.702917 -0.162341 -0.790343
0.715210 0.001221 -0.322266 1.390577 0.002373 -0.626578
0.519775 0.038574 -0.206177 1.010595 0.075000 -0.400868
0.312622 -0.055298 -0.127441 0.607828 -0.107515 -0.247783
0.174805 -0.128418 -0.085938 0.339871 -0.249682 -0.167088
0.071411 -0.112305 -0.052124 0.138844 -0.218353 -0.101344
-0.004395 0.011108 -0.041748 -0.008544 0.021598 -0.081170
-0.036377 0.064941 -0.040894 -0.070727 0.126265 -0.079509
-0.058105 -0.013428 -0.020142 -0.112974 -0.026107 -0.039161
-0.107666 -0.063965 0.021729 -0.209334 -0.124366 0.042247
-0.154297 -0.020264 0.061890 -0.299998 -0.039398 0.120332
-0.109009 0.067139 0.078125 -0.211945 0.130537 0.151898
-0.064819 0.051392 0.038086 -0.126028 0.099920 0.074050
-0.050903 -0.005615 -0.034912 -0.098971 -0.010918 -0.067879
-0.035645 0.007202 -0.095581 -0.069303 0.014003 -0.185837
-0.014160 0.052002 -0.110718 -0.027531 0.101107 -0.215268
-0.005737 0.082397 -0.112305 -0.011155 0.160205 -0.218353
0.016968 0.085205 -0.102417 0.032990 0.165664 -0.199128
0.045532 0.046631 -0.099243 0.088528 0.090664 -0.192958
0.065674 0.044067 -0.107178 0.127689 0.085680 -0.208385
0.074829 0.033813 -0.125488 0.145490 0.065743 -0.243986
0.060913 0.035034 -0.136841 0.118433 0.068117 -0.266058
0.037598 0.063965 -0.120361 0.073101 0.124366 -0.234018
0.034180 0.071777 -0.102173 0.066455 0.139556 -0.198654
0.031738 0.040894 -0.096924 0.061708 0.079509 -0.188448
0.026978 0.055664 -0.085815 0.052452 0.108227 -0.166850
