0.143188 0.426270 -0.055542 0.278400 0.828792 -0.107990
0.118896 0.482178 -0.127930 0.231169 0.937494 -0.248733
0.137939 0.287598 -0.133789 0.268195 0.559174 -0.260125
0.138916 0.167114 -0.033447 0.270093 0.324919 -0.065031
0.142822 0.019165 0.010132 0.277688 0.037262 0.019699
0.229736 0.046997 -0.149658 0.446674 0.091376 -0.290979
0.168945 0.076660 -0.287964 0.328479 0.149050 -0.559886
-0.213501 0.419067 -0.260376 -0.415108 0.814789 -0.506247
-0.958862 0.429199 0.024902 -1.864308 0.834488 0.048417
-1.509155 0.090820 0.431274 -2.934238 0.176581 0.838523
-1.797729 -0.300415 0.889038 -3.495310 -0.584094 1.728549
-2.219727 -0.507568 0.674438 -4.315796 -0.986861 1.311305
-2.103027 -0.609253 0.658325 -4.088899 -1.184565 1.279976
-1.627075 -0.938354 0.741821 -3.163509 -1.824435 1.442317
-1.203979 -0.951538 0.609375 -2.340887 -1.850067 1.184803
-0.582642 -0.662231 0.169922 -1.132825 -1.287571 0.330378
0.036865 -0.529785 -0.218262 0.071677 -1.030057 -0.424364
0.350708 -0.237793 -0.551880 0.681879 -0.462339 -1.073015
0.787354 -0.062134 -0.715820 1.530845 -0.120806 -1.391763
1.363647 -0.038452 -0.808594 2.651328 -0.074762 -1.572142
1.456909 0.339478 -0.970825 2.832656 0.660043 -1.887567
1.554199 0.729736 -1.253174 3.021816 1.418820 -2.436535
1.745850 0.986206 -1.171021 3.394441 1.917472 -2.276805
1.633057 1.033081 -0.881836 3.175138 2.008611 -1.714546
1.122070 0.542358 -0.696167 2.181632 1.054503 -1.353552
0.675903 -0.098755 -0.878784 1.314153 -0.192008 -1.708613
0.635376 0.536987 -1.058228 1.235356 1.044060 -2.057503
0.430542 0.541748 -1.035034 0.837099 1.053316 -2.012408
-0.042114 0.298340 -0.881470 -0.081882 0.580060 -1.713834
-0.682129 -0.039429 -0.712280 -1.326257 -0.076661 -1.384881
-1.013550 -0.267578 -0.487427 -1.970636 -0.520250 -0.947700
-0.937622 -0.319824 -0.189087 -1.823011 -0.621832 -0.367640
-0.883057 -0.519409 0.175781 -1.716920 -1.009883 0.341770
-1.109741 -0.568848 0.491577 -2.157660 -1.106006 0.955769
-1.482422 -0.425171 0.651367 -2.882260 -0.826656 1.266448
-1.272705 -0.175537 0.421021 -2.474510 -0.341295 0.818587
-0.585327 -0.308594 0.064575 -1.138047 -0.599996 0.125553
-0.042358 -0.133423 -0.086182 -0.082357 -0.259413 -0.167562
0.292969 0.255615 -0.029053 0.569617 0.496991 -0.056487
0.418213 0.461182 0.101196 0.813128 0.896672 0.196755
0.637085 0.481567 0.066895 1.238679 0.936307 0.130062
0.733154 0.577759 -0.202026 1.425466 1.123332 -0.392798
0.652466 0.847412 -0.182129 1.268584 1.647616 -0.354112
0.385864 0.853516 0.091187 0.750233 1.659483 0.177293
-0.052368 0.787720 0.067505 -0.101819 1.531557 0.131249
-0.105713 0.747559 0.023438 -0.205537 1.453472 0.045569
0.000977 0.309448 0.203979 0.001899 0.601658 0.396596
-0.082397 -0.144897 -0.055908 -0.160205 -0.281723 -0.108702
-0.181152 -0.065918 -0.355103 -0.352213 -0.128164 -0.690423
-0.202515 -0.043335 -0.398804 -0.393748 -0.084256 -0.775391
-0.126099 0.017090 -0.334106 -0.245173 0.033228 -0.649600
-0.164551 0.142822 -0.349854 -0.319935 0.277688 -0.680217
-0.068726 0.268555 -0.342651 -0.133623 0.522149 -0.666214
-0.032227 0.242798 -0.214355 -0.062658 0.472070 -0.416770
-0.212646 0.364624 -0.141479 -0.413447 0.708935 -0.275077
-0.386353 0.401489 -0.088013 -0.751182 0.780612 -0.171122
-0.353882 0.081299 0.121948 -0.688049 0.158069 0.237103
-0.078979 0.247192 -0.091431 -0.153559 0.480614 -0.177768
0.142822 0.196533 -0.329102 0.277688 0.382118 -0.639869
0.157593 -0.135254 -0.233887 0.306406 -0.262973 -0.454744
0.177490 -0.142334 0.021973 0.345093 -0.276739 0.042721
0.169067 -0.123779 0.352173 0.328716 -0.240663 0.684727
0.035400 -0.178345 0.068237 0.068829 -0.346754 0.132673
0.082153 -0.273560 -0.354492 0.159730 -0.531880 -0.689236
0.010742 -0.410645 -0.499146 0.020886 -0.798413 -0.970484
-0.126709 0.028809 -0.339478 -0.246359 0.056012 -0.660043
-0.282471 0.247314 -0.228882 -0.549205 0.480851 -0.445013
-0.332275 0.339233 -0.212891 -0.646040 0.659569 -0.413921
-0.312500 0.142334 -0.144531 -0.607591 0.276739 -0.281011
-0.200195 0.092896 -0.193848 -0.389238 0.180616 -0.376896
-0.079834 0.030151 -0.346802 -0.155221 0.058623 -0.674284
-0.119873 -0.208862 -0.201416 -0.233068 -0.406089 -0.391611
0.115967 -0.002930 0.062988 0.225473 -0.005696 0.122468
0.201050 -0.019165 0.042236 0.390899 -0.037262 0.082120
0.197144 -0.143921 -0.121704 0.383305 -0.279824 -0.236628
0.124878 -0.081421 -0.060059 0.242799 -0.158306 -0.116771
0.067749 -0.043945 0.017212 0.131724 -0.085443 0.033465
0.094971 0.001343 -0.012207 0.184651 0.002611 -0.023734
0.164673 0.039795 -0.030396 0.320172 0.077373 -0.059098
0.116699 0.017456 -0.056396 0.226897 0.033940 -0.109651
