0.145630 0.181274 -0.195068 0.283147 0.352450 -0.379270
-0.190552 0.157349 -0.185791 -0.370488 0.305932 -0.361232
-0.354126 0.010498 -0.039185 -0.688524 0.020411 -0.076186
-0.663940 -0.356079 0.061646 -1.290894 -0.692322 0.119857
-0.627441 -0.202271 -0.143555 -1.219929 -0.393273 -0.279112
-0.506104 -0.079346 -0.502686 -0.984013 -0.154271 -0.977367
-0.759277 -0.136475 -0.541504 -1.476257 -0.265346 -1.052842
-0.994263 0.037598 -0.368896 -1.933137 0.073101 -0.717242
-1.362183 -0.054932 -0.114990 -2.648480 -0.106803 -0.223575
-1.426270 0.087524 0.135010 -2.773084 0.170173 0.262498
-1.447144 0.153809 0.274414 -2.813669 0.299049 0.533541
-1.774780 0.079224 0.260254 -3.450691 0.154034 0.506009
-1.559082 -0.087891 0.270386 -3.031310 -0.170885 0.525709
-0.953247 -0.011597 0.155762 -1.853390 -0.022547 0.302846
-0.263062 -0.063599 -0.031494 -0.511468 -0.123654 -0.061234
0.318604 -0.073608 -0.095825 0.619458 -0.143116 -0.186312
0.725830 0.078003 -0.087769 1.411225 0.151660 -0.170648
0.838745 0.138550 -0.162476 1.630765 0.269381 -0.315900
1.078125 0.151245 -0.254761 2.096189 0.294065 -0.495329
1.154175 0.151855 -0.394409 2.244052 0.295251 -0.766846
1.254028 0.018066 -0.561279 2.438197 0.035126 -1.091291
1.255005 -0.053467 -0.700439 2.440095 -0.103955 -1.361859
1.117798 -0.000366 -0.848389 2.173325 -0.000712 -1.649515
0.918579 0.114868 -0.901978 1.785986 0.223337 -1.753707
0.594849 0.240234 -0.838013 1.156559 0.467086 -1.629341
0.341553 0.182983 -0.745483 0.664078 0.355773 -1.449437
0.052490 0.037109 -0.639160 0.102056 0.072151 -1.242714
-0.221069 -0.000732 -0.588623 -0.429823 -0.001424 -1.144455
-0.504761 0.053345 -0.492798 -0.981402 0.103718 -0.958143
-0.887939 -0.015015 -0.373901 -1.726413 -0.029193 -0.726973
-1.091431 -0.201904 -0.168823 -2.122060 -0.392561 -0.328242
-1.157959 -0.340454 0.039307 -2.251410 -0.661942 0.076424
-1.188599 -0.345825 0.183105 -2.310982 -0.672385 0.356010
-0.973389 -0.288208 0.201172 -1.892551 -0.560360 0.391137
-0.686279 -0.181763 0.140625 -1.334327 -0.353400 0.273416
-0.591919 -0.026489 0.141846 -1.150863 -0.051503 0.275789
-0.229858 0.101685 0.046143 -0.446912 0.197704 0.089715
0.075806 0.116577 -0.054199 0.147388 0.226660 -0.105379
0.205933 0.110840 -0.128418 0.400393 0.215505 -0.249682
0.236450 0.092285 -0.170044 0.459728 0.179429 -0.330615
0.150146 0.096313 -0.228394 0.291929 0.187261 -0.444064
0.060425 0.067261 -0.234863 0.117483 0.130774 -0.456643
0.021729 0.132813 -0.265259 0.042247 0.258226 -0.515740
0.009155 0.157227 -0.345337 0.017801 0.305694 -0.671436
0.007690 0.038330 -0.343872 0.014952 0.074525 -0.668588
-0.016846 0.007202 -0.223999 -0.032753 0.014003 -0.435519
-0.015259 -0.041748 -0.152588 -0.029668 -0.081170 -0.296675
0.149780 0.075195 -0.071655 0.291217 0.146202 -0.139319
0.217896 0.132080 -0.076416 0.423652 0.256802 -0.148575
0.160645 0.145386 -0.162476 0.312340 0.282672 -0.315900
0.030396 0.058472 -0.213379 0.059098 0.113686 -0.414871
0.010864 -0.037842 -0.240112 0.021123 -0.073575 -0.466848
0.084106 -0.062988 -0.170776 0.163527 -0.122468 -0.332039
0.260132 -0.011475 -0.152832 0.505772 -0.022310 -0.297150
0.323486 0.285522 -0.175049 0.628952 0.555139 -0.340346
0.152832 0.298218 -0.166748 0.297150 0.579822 -0.324207
0.146851 0.086182 -0.146851 0.285520 0.167562 -0.285520
0.172363 -0.167725 -0.145630 0.335124 -0.326106 -0.283147
0.134521 -0.061279 -0.184937 0.261549 -0.119145 -0.359571
0.058716 0.107300 -0.163574 0.114161 0.208622 -0.318036
-0.059937 0.074951 -0.114990 -0.116534 0.145727 -0.223575
-0.087524 -0.009888 -0.120483 -0.170173 -0.019225 -0.234255
-0.071777 0.059570 -0.143311 -0.139556 0.115822 -0.278637
-0.141479 0.096558 -0.067871 -0.275077 0.187736 -0.131961
-0.119019 0.098633 -0.109741 -0.231407 0.191771 -0.213369
-0.142944 0.119995 -0.163086 -0.277925 0.233305 -0.317087
-0.143188 -0.006470 -0.169312 -0.278400 -0.012579 -0.329191
-0.031860 -0.050659 -0.229980 -0.061946 -0.098496 -0.447149
0.080322 -0.008301 -0.226685 0.156170 -0.016139 -0.440741
0.069702 0.083252 -0.187622 0.135521 0.161866 -0.364792
0.031860 0.072144 -0.149780 0.061946 0.140268 -0.291217
0.058105 0.030762 -0.161621 0.112974 0.059810 -0.314239
0.079834 -0.149414 -0.176025 0.155221 -0.290505 -0.342245
0.110474 -0.251587 -0.169922 0.214793 -0.489158 -0.330378
0.019775 -0.078369 -0.168335 0.038449 -0.152372 -0.327292
-0.030518 0.166504 -0.180542 -0.059335 0.323732 -0.351026
0.150635 0.206543 -0.187012 0.292878 0.401580 -0.363605
0.282837 0.232178 -0.154419 0.549917 0.451421 -0.300235
0.152588 0.163330 -0.153931 0.296675 0.317561 -0.299286
-0.001831 0.038452 -0.138306 -0.003560 0.074762 -0.268907
