-0.081421 0.154053 -0.128906 -0.158306 0.299523 -0.250631
-0.006836 0.224365 -0.001831 -0.013291 0.436231 -0.003560
-0.068237 0.043823 -0.031616 -0.132673 0.085205 -0.061471
-0.117432 -0.036499 0.053223 -0.228321 -0.070965 0.103480
-0.068115 -0.240234 0.256104 -0.132436 -0.467086 0.497940
0.041138 -0.060303 0.505859 0.079984 -0.117246 0.983538
0.146240 0.283936 0.470581 0.284334 0.552054 0.914947
-0.183716 0.368408 0.622559 -0.357197 0.716293 1.210436
-0.603394 0.349976 0.726318 -1.173173 0.680455 1.412175
-0.993652 0.023560 0.655029 -1.931950 0.045807 1.273568
-1.231079 0.109253 0.826660 -2.393577 0.212420 1.607268
-1.121948 0.538452 0.998657 -2.181395 1.046908 1.941681
-1.259155 0.534790 0.898071 -2.448165 1.039788 1.746112
-1.554199 0.287598 0.489380 -3.021816 0.559174 0.951497
-1.485718 0.084717 -0.323730 -2.888669 0.164714 -0.629426
-0.982178 -0.062744 -0.816162 -1.909640 -0.121993 -1.586857
-0.652954 0.017578 -0.997070 -1.269533 0.034177 -1.938595
-0.518921 0.308960 -1.185547 -1.008934 0.600708 -2.305049
-0.311523 0.415649 -1.475952 -0.605692 0.808144 -2.869681
0.136597 0.231079 -1.625732 0.265584 0.449285 -3.160898
0.690430 0.070679 -1.573120 1.342397 0.137420 -3.058604
1.024414 -0.071533 -1.436646 1.991760 -0.139081 -2.793258
1.160889 -0.123291 -1.205566 2.257106 -0.239714 -2.343973
1.313232 -0.167480 -0.782715 2.553307 -0.325631 -1.521826
1.463623 -0.447510 -0.177734 2.845710 -0.870089 -0.345567
1.546753 -0.259521 0.543335 3.007339 -0.504585 1.056402
1.236816 -0.029663 0.498413 2.404732 -0.057674 0.969060
0.668823 0.159546 0.079712 1.300387 0.310204 0.154983
0.600830 0.184204 -0.005493 1.168189 0.358146 -0.010680
0.754395 0.116211 0.017578 1.466763 0.225948 0.034177
0.745850 0.095093 0.096924 1.450149 0.184888 0.188448
0.598389 0.033081 0.131836 1.163442 0.064319 0.256328
0.408936 0.023071 0.107910 0.795090 0.044857 0.209809
0.231934 0.020020 0.082153 0.450947 0.038924 0.159730
0.005493 0.087036 0.124756 0.010680 0.169224 0.242562
-0.290894 0.142822 0.225586 -0.565582 0.277688 0.438605
-0.608032 0.153442 0.223267 -1.182192 0.298337 0.434095
-0.794800 0.052124 0.242920 -1.545323 0.101344 0.472307
-0.964355 -0.075195 0.247192 -1.874988 -0.146202 0.480614
-1.253662 -0.068237 0.222778 -2.437485 -0.132673 0.433146
-1.423584 0.050049 0.104858 -2.767862 0.097310 0.203875
-1.491455 0.203369 0.039551 -2.899824 0.395409 0.076898
-1.391113 -0.019409 -0.035400 -2.704730 -0.037737 -0.068829
-1.042236 -0.005737 -0.096191 -2.026411 -0.011155 -0.187024
-0.758179 0.188599 -0.129272 -1.474120 0.366691 -0.251343
-0.600342 0.164673 -0.205688 -1.167240 0.320172 -0.399918
-0.443848 0.206543 -0.296509 -0.862969 0.401580 -0.576500
-0.265869 0.231689 -0.345337 -0.516927 0.450472 -0.671436
-0.143555 0.319092 -0.344238 -0.279112 0.620408 -0.669300
-0.101074 0.370117 -0.281128 -0.196518 0.719616 -0.546595
-0.058716 0.304810 -0.181152 -0.114161 0.592639 -0.352213
-0.023193 0.230957 -0.197144 -0.045095 0.449048 -0.383305
-0.036865 0.202759 -0.287109 -0.071677 0.394222 -0.558224
-0.020630 0.130981 -0.294312 -0.040111 0.254666 -0.572227
0.061157 0.097290 -0.233521 0.118907 0.189160 -0.454032
0.088745 0.077515 -0.187622 0.172546 0.150711 -0.364792
0.067383 0.048218 -0.212402 0.131012 0.093749 -0.412972
0.027344 0.074097 -0.256104 0.053164 0.144066 -0.497940
-0.007568 0.085205 -0.262939 -0.014715 0.165664 -0.511231
0.011353 0.093506 -0.241089 0.022073 0.181803 -0.468747
0.029663 0.131470 -0.255859 0.057674 0.255615 -0.497465
0.050781 0.122925 -0.307495 0.098734 0.239002 -0.597860
0.050537 0.055176 -0.310059 0.098259 0.107278 -0.602844
0.015869 0.033325 -0.280273 0.030854 0.064794 -0.544933
0.022461 0.060303 -0.245728 0.043671 0.117246 -0.477766
-0.032837 0.122070 -0.265137 -0.063845 0.237340 -0.515503
-0.057617 0.109253 -0.227295 -0.112025 0.212420 -0.441928
-0.050293 0.174072 -0.111450 -0.097784 0.338447 -0.216692
-0.008057 0.064941 -0.041138 -0.015664 0.126265 -0.079984
-0.053467 0.067139 -0.065430 -0.103955 0.130537 -0.127214
-0.031128 0.075317 -0.084106 -0.060522 0.146439 -0.163527
-0.015015 0.056763 -0.128662 -0.029193 0.110363 -0.250157
0.004150 0.117310 -0.149292 0.008070 0.228084 -0.290267
0.024658 0.161377 -0.155884 0.047943 0.313764 -0.303084
0.035645 0.127319 -0.164917 0.069303 0.247546 -0.320647
0.043335 0.078369 -0.147217 0.084256 0.152372 -0.286232
0.083252 0.059448 -0.099854 0.161866 0.115585 -0.194144
0.035645 0.020142 -0.096802 0.069303 0.039161 -0.188211
-0.026001 0.044922 -0.112915 -0.050553 0.087341 -0.219540
-0.017212 0.039673 -0.103516 -0.033465 0.077136 -0.201265
