-0.117432 -0.087769 -0.191406 -0.228321 -0.170648 -0.372150
0.014282 -0.184692 -0.230225 0.027769 -0.359096 -0.447624
0.048218 -0.533081 -0.208252 0.093749 -1.036465 -0.404903
-0.150757 -0.721680 -0.062500 -0.293115 -1.403156 -0.121518
-0.617554 -0.379395 0.077881 -1.200704 -0.737654 0.151423
-0.379028 -0.094727 0.148682 -0.736942 -0.184176 0.289080
0.244751 0.127930 0.248291 0.475867 0.248733 0.482750
0.442261 0.094482 0.181396 0.859884 0.183701 0.352688
0.574463 0.041382 0.090698 1.116923 0.080458 0.176344
0.839478 0.130127 -0.008057 1.632189 0.253005 -0.015664
0.932739 0.031494 -0.102905 1.813517 0.061234 -0.200078
1.078125 0.014893 -0.133423 2.096189 0.028956 -0.259413
1.222778 -0.036133 -0.125732 2.377438 -0.070253 -0.244460
1.252319 -0.276001 -0.156372 2.434874 -0.536626 -0.304033
1.205688 -0.309082 -0.263428 2.344210 -0.600946 -0.512180
1.204834 -0.197876 -0.352173 2.342549 -0.384729 -0.684727
1.098999 -0.107666 -0.393066 2.136775 -0.209334 -0.764236
1.021851 -0.230103 -0.471924 1.986776 -0.447386 -0.917558
0.957642 -0.359863 -0.576172 1.861935 -0.699679 -1.120246
0.759155 -0.457642 -0.703491 1.476019 -0.889789 -1.367792
0.452881 -0.413940 -0.852417 0.880532 -0.804821 -1.657347
0.083862 -0.303711 -0.972656 0.163053 -0.590503 -1.891127
-0.193115 -0.185547 -1.011475 -0.375472 -0.360757 -1.966602
-0.489624 -0.118408 -1.026001 -0.951972 -0.230220 -1.994845
-0.768311 0.096191 -0.960571 -1.493820 0.187024 -1.867631
-0.957275 0.545044 -0.827148 -1.861223 1.059724 -1.608218
-1.088501 0.682495 -0.674316 -2.116363 1.326970 -1.311068
-1.102905 0.432373 -0.558228 -2.144369 0.840659 -1.085357
-1.106934 0.356079 -0.344971 -2.152202 0.692322 -0.670724
-1.003906 0.360718 -0.006470 -1.951887 0.701341 -0.012579
-0.832886 0.258179 0.414063 -1.619373 0.501975 0.805058
-0.645874 0.164917 0.848267 -1.255767 0.320647 1.649278
-0.445068 -0.101196 1.182983 -0.865343 -0.196755 2.300065
-0.126465 -0.395020 1.372681 -0.245885 -0.768033 2.668891
0.195557 -0.427002 1.336792 0.380219 -0.830216 2.599113
0.342651 -0.260254 1.055298 0.666214 -0.506009 2.051807
0.328125 -0.177490 0.623901 0.637971 -0.345093 1.213046
0.319336 -0.179810 0.209473 0.620882 -0.349602 0.407276
0.298218 -0.197632 -0.046631 0.579822 -0.384254 -0.090664
0.301636 -0.148438 -0.226563 0.586468 -0.288606 -0.440504
0.179688 -0.121216 -0.348877 0.349365 -0.235679 -0.678319
-0.009033 -0.078491 -0.427002 -0.017563 -0.152610 -0.830216
-0.251831 -0.003662 -0.524048 -0.489633 -0.007120 -1.018902
-0.530029 -0.024780 -0.671265 -1.030532 -0.048180 -1.305134
-0.756226 -0.055298 -0.879028 -1.470323 -0.107515 -1.709087
-0.958374 -0.040894 -1.107178 -1.863359 -0.079509 -2.152676
-1.216919 0.193604 -1.300781 -2.366045 0.376422 -2.529098
-1.306641 0.495728 -1.406860 -2.540490 0.963839 -2.735347
-1.219238 0.614624 -1.501099 -2.370555 1.195008 -2.918573
-1.097656 0.514648 -1.447266 -2.134164 1.000627 -2.813906
-0.822632 0.391357 -1.161133 -1.599436 0.760913 -2.257581
-0.514404 0.286499 -0.775757 -1.000152 0.557038 -1.508298
-0.243286 0.272949 -0.521729 -0.473019 0.530693 -1.014392
-0.063721 0.213623 -0.387451 -0.123892 0.415345 -0.753318
0.136108 0.053223 -0.331787 0.264634 0.103480 -0.645091
0.287354 -0.083008 -0.332397 0.558699 -0.161391 -0.646278
0.304443 -0.224976 -0.316528 0.591927 -0.437418 -0.615423
0.178589 -0.266357 -0.255493 0.347229 -0.517877 -0.496753
0.088989 -0.192627 -0.148560 0.173021 -0.374523 -0.288843
0.031982 -0.033569 -0.050903 0.062183 -0.065269 -0.098971
-0.011963 0.054199 -0.003662 -0.023259 0.105379 -0.007120
-0.006470 0.101929 0.010010 -0.012579 0.198179 0.019462
-0.004761 0.130371 -0.002808 -0.009256 0.253479 -0.005459
-0.047607 0.116089 -0.039917 -0.092563 0.225711 -0.077610
-0.057861 0.089722 -0.052979 -0.112499 0.174445 -0.103006
-0.083252 0.040771 -0.057129 -0.161866 0.079272 -0.111075
-0.069092 0.010986 -0.059937 -0.134335 0.021361 -0.116534
-0.050293 0.001099 -0.095581 -0.097784 0.002136 -0.185837
0.009888 0.009766 -0.136108 0.019225 0.018987 -0.264634
0.033325 -0.024048 -0.145386 0.064794 -0.046756 -0.282672
0.044922 -0.019653 -0.147705 0.087341 -0.038212 -0.287182
0.066895 -0.030640 -0.154785 0.130062 -0.059572 -0.300947
0.076904 -0.030640 -0.158447 0.149524 -0.059572 -0.308068
0.071655 -0.038086 -0.164551 0.139319 -0.074050 -0.319935
0.025024 -0.015747 -0.168823 0.048655 -0.030617 -0.328242
0.023071 -0.009399 -0.162720 0.044857 -0.018275 -0.316375
0.029297 0.001465 -0.144531 0.056962 0.002848 -0.281011
0.015015 0.008057 -0.129883 0.029193 0.015664 -0.252530
0.017944 0.009155 -0.137207 0.034889 0.017801 -0.266770
-0.017578 -0.011597 -0.147217 -0.034177 -0.022547 -0.286232
