-0.210571 0.028687 -0.106445 -0.409412 0.055775 -0.206961
-0.195190 0.164795 -0.186279 -0.379507 0.320409 -0.362181
-0.234131 0.066650 -0.248779 -0.455219 0.129588 -0.483700
-0.301025 0.078125 -0.214111 -0.585281 0.151898 -0.416295
-0.430908 -0.086060 -0.253906 -0.837811 -0.167325 -0.493668
-0.564453 -0.343018 -0.434204 -1.097461 -0.666926 -0.844219
-0.687134 -0.391724 -0.439819 -1.335989 -0.761625 -0.855137
-0.935425 -0.059570 -0.228149 -1.818739 -0.115822 -0.443589
-1.319702 -0.054321 -0.119385 -2.565886 -0.105616 -0.232119
-1.465698 -0.334717 -0.198608 -2.849745 -0.650787 -0.386153
-1.071167 -0.329590 -0.175903 -2.082661 -0.640819 -0.342007
-1.119263 -0.185791 -0.206299 -2.176173 -0.361232 -0.401105
-0.912964 0.067505 -0.223267 -1.775068 0.131249 -0.434095
-0.240601 0.159180 -0.153198 -0.467798 0.309492 -0.297862
0.413696 0.137573 -0.203979 0.804346 0.267482 -0.396596
1.016602 -0.129028 -0.425903 1.976570 -0.250869 -0.828080
1.185059 -0.072754 -0.611206 2.304100 -0.141455 -1.188363
1.118652 0.279785 -0.536865 2.174986 0.543984 -1.043823
0.887573 0.483276 -0.393799 1.725701 0.939630 -0.765660
0.729126 0.442139 -0.338257 1.417634 0.859646 -0.657670
0.737061 0.239868 -0.343994 1.433061 0.466374 -0.668825
0.563477 0.272827 -0.328369 1.095563 0.530456 -0.638445
0.336182 0.362183 -0.220703 0.653635 0.704189 -0.429111
0.093994 0.251465 -0.205811 0.182752 0.488921 -0.400156
-0.089355 0.105469 -0.223877 -0.173733 0.205062 -0.435282
-0.282349 -0.054565 -0.207031 -0.548968 -0.106091 -0.402529
-0.561279 -0.092407 -0.169067 -1.091291 -0.179667 -0.328716
-0.965698 -0.181030 -0.096924 -1.877599 -0.351976 -0.188448
-1.330444 -0.269897 -0.128906 -2.586772 -0.524759 -0.250631
-1.110474 -0.175781 -0.224365 -2.159085 -0.341770 -0.436231
-1.024536 -0.126953 -0.387207 -1.991997 -0.246834 -0.752843
-1.014526 -0.082520 -0.420776 -1.972535 -0.160442 -0.818112
-0.840454 -0.001831 -0.327271 -1.634088 -0.003560 -0.636309
-0.565918 0.055542 -0.275024 -1.100310 0.107990 -0.534728
-0.110229 0.096191 -0.329956 -0.214318 0.187024 -0.641531
0.407715 -0.017944 -0.456055 0.792717 -0.034889 -0.886703
0.703857 -0.141357 -0.622803 1.368504 -0.274840 -1.210910
0.804565 0.052979 -0.669189 1.564310 0.103006 -1.301099
0.790283 0.233154 -0.578857 1.536541 0.453320 -1.125468
0.850220 0.151855 -0.512207 1.653075 0.295251 -0.995880
0.692871 0.066650 -0.427734 1.347143 0.129588 -0.831640
0.476196 0.166626 -0.441406 0.925864 0.323969 -0.858222
0.464111 0.182007 -0.393677 0.902368 0.353874 -0.765422
0.484253 0.061279 -0.311646 0.941529 0.119145 -0.605930
0.255005 -0.017456 -0.275269 0.495804 -0.033940 -0.535202
0.032715 0.031128 -0.255493 0.063607 0.060522 -0.496753
-0.001709 0.058838 -0.210815 -0.003323 0.114398 -0.409887
-0.013672 0.036133 -0.164063 -0.026582 0.070253 -0.318985
-0.065308 -0.009155 -0.150513 -0.126977 -0.017801 -0.292641
-0.093750 -0.019043 -0.133423 -0.182277 -0.037025 -0.259413
-0.056030 0.005127 -0.132446 -0.108939 0.009968 -0.257514
-0.124390 0.035156 -0.109863 -0.241850 0.068354 -0.213606
-0.119507 -0.004272 -0.126831 -0.232356 -0.008307 -0.246597
-0.059570 -0.005859 -0.120728 -0.115822 -0.011392 -0.234730
-0.020630 -0.004761 -0.123535 -0.040111 -0.009256 -0.240188
0.007080 0.016479 -0.153320 0.013766 0.032041 -0.298099
0.009521 0.097290 -0.155151 0.018513 0.189160 -0.301659
0.001709 0.129639 -0.147705 0.003323 0.252055 -0.287182
-0.022461 0.063110 -0.153198 -0.043671 0.122705 -0.297862
-0.007202 0.003662 -0.126343 -0.014003 0.007120 -0.245647
0.016846 0.007080 -0.088867 0.032753 0.013766 -0.172784
0.001953 0.048096 -0.073242 0.003797 0.093512 -0.142404
-0.020020 0.058472 -0.053589 -0.038924 0.113686 -0.104192
-0.023315 0.043457 -0.063843 -0.045332 0.084493 -0.124129
-0.021851 0.089478 -0.063599 -0.042484 0.173970 -0.123654
-0.013184 0.093872 -0.025269 -0.025633 0.182515 -0.049129
0.013550 0.018433 -0.012573 0.026345 0.035838 -0.024446
0.069458 0.038208 -0.003296 0.135047 0.074288 -0.006408
0.047974 0.177856 -0.010132 0.093275 0.345805 -0.019699
-0.000122 0.196777 0.008789 -0.000237 0.382593 0.017089
-0.026123 0.115479 -0.037354 -0.050791 0.224524 -0.072626
-0.018555 0.040039 -0.058105 -0.036076 0.077848 -0.112974
-0.006226 0.073608 -0.018677 -0.012104 0.143116 -0.036313
-0.026489 0.081787 -0.017944 -0.051503 0.159018 -0.034889
0.029663 0.077148 -0.056885 0.057674 0.149999 -0.110601
0.075073 0.054077 -0.100830 0.145964 0.105142 -0.196043
0.049194 0.067139 -0.090454 0.095648 0.130537 -0.175869
0.023560 0.073486 -0.056274 0.045807 0.142879 -0.109414
0.008301 0.091919 -0.068115 0.016139 0.178717 -0.132436
-0.021362 0.152100 -0.108765 -0.041535 0.295726 -0.211470
