-0.156006 0.140747 -0.234863 -0.303321 0.273653 -0.456643
-0.170898 0.170166 -0.208374 -0.332276 0.330852 -0.405140
-0.203003 0.096802 -0.193604 -0.394697 0.188211 -0.376422
-0.259155 0.032349 -0.171997 -0.503873 0.062895 -0.334412
-0.301270 -0.143921 -0.164307 -0.585756 -0.279824 -0.319460
-0.257935 -0.283325 -0.158447 -0.501500 -0.550867 -0.308068
-0.282471 0.306030 -0.013794 -0.549205 0.595012 -0.026819
-0.711182 0.736084 0.209229 -1.382745 1.431162 0.406801
-1.231323 0.605713 0.268188 -2.394052 1.177683 0.521437
-1.631714 -0.017700 0.119507 -3.172528 -0.034414 0.232356
-1.864136 -0.227783 -0.003906 -3.624424 -0.442877 -0.007595
-1.871948 -0.450195 -0.096558 -3.639613 -0.875311 -0.187736
-1.507568 -0.359985 -0.123657 -2.931153 -0.699916 -0.240426
-0.807495 -0.171387 -0.139893 -1.570006 -0.333226 -0.271992
0.088745 -0.155762 -0.238403 0.172546 -0.302846 -0.463526
0.501587 -0.008789 -0.113525 0.975231 -0.017089 -0.220726
0.610718 0.020020 0.001099 1.187413 0.038924 0.002136
0.807251 -0.108521 -0.039307 1.569531 -0.210996 -0.076424
0.903076 0.057251 -0.100952 1.755843 0.111313 -0.196280
0.858032 0.107788 -0.160034 1.668265 0.209571 -0.311153
0.896606 0.185913 -0.203247 1.743264 0.361469 -0.395172
0.860596 0.200806 -0.221191 1.673249 0.390425 -0.430061
0.756348 0.001831 -0.342896 1.470560 0.003560 -0.666689
0.650635 -0.040405 -0.501953 1.265024 -0.078560 -0.975943
0.445557 0.000610 -0.590942 0.866292 0.001187 -1.148964
0.238892 -0.007813 -0.601318 0.464475 -0.015190 -1.169138
0.100830 0.022095 -0.536255 0.196043 0.042959 -1.042636
-0.071045 -0.021362 -0.499878 -0.138132 -0.041535 -0.971908
-0.391357 -0.123169 -0.542114 -0.760913 -0.239476 -1.054028
-0.722900 -0.194946 -0.520996 -1.405529 -0.379032 -1.012968
-0.939209 -0.295410 -0.399414 -1.826096 -0.574363 -0.776577
-0.985107 -0.422852 -0.310059 -1.915336 -0.822147 -0.602844
-1.052368 -0.346313 -0.232300 -2.046111 -0.673334 -0.451659
-0.941284 -0.015625 -0.207886 -1.830131 -0.030380 -0.404191
-0.526001 0.154297 -0.268799 -1.022699 0.299998 -0.522623
-0.147827 0.103760 -0.218018 -0.287419 0.201739 -0.423890
0.051147 0.201416 -0.041504 0.099446 0.391611 -0.080696
0.103760 0.246826 0.010010 0.201739 0.479902 0.019462
0.169067 0.178223 -0.104126 0.328716 0.346517 -0.202451
0.243896 0.111572 -0.132202 0.474206 0.216929 -0.257040
0.256348 0.079102 -0.065308 0.498415 0.153797 -0.126977
0.235229 0.134155 -0.025391 0.457355 0.260837 -0.049367
0.156982 0.035522 -0.095947 0.305220 0.069066 -0.186549
0.057617 0.022949 -0.122681 0.112025 0.044620 -0.238527
-0.033813 0.069580 -0.044312 -0.065743 0.135284 -0.086155
-0.102295 0.058350 -0.019653 -0.198891 0.113449 -0.038212
-0.127808 0.046997 -0.041260 -0.248495 0.091376 -0.080221
-0.108154 0.061646 -0.057617 -0.210283 0.119857 -0.112025
-0.093628 0.065674 -0.076538 -0.182040 0.127689 -0.148812
-0.084229 0.076660 -0.100708 -0.163765 0.149050 -0.195806
-0.071289 0.129150 -0.089966 -0.138607 0.251106 -0.174920
-0.045166 0.073242 -0.102173 -0.087816 0.142404 -0.198654
-0.006348 0.073853 -0.079956 -0.012342 0.143591 -0.155458
-0.020386 0.038818 -0.098267 -0.039636 0.075474 -0.191059
-0.020630 0.029663 -0.081909 -0.040111 0.057674 -0.159255
-0.019531 0.063599 -0.060303 -0.037974 0.123654 -0.117246
-0.025146 0.065430 -0.096313 -0.048892 0.127214 -0.187261
-0.020996 0.040771 -0.122314 -0.040823 0.079272 -0.237815
-0.024902 0.024902 -0.126709 -0.048417 0.048417 -0.246359
-0.048218 0.050903 -0.096313 -0.093749 0.098971 -0.187261
-0.083984 0.075928 -0.039063 -0.163290 0.147626 -0.075949
-0.104980 0.090698 -0.017822 -0.204113 0.176344 -0.034652
-0.087158 0.063477 -0.029541 -0.169461 0.123417 -0.057436
-0.041504 0.038696 -0.052979 -0.080696 0.075237 -0.103006
-0.015625 0.020630 -0.088379 -0.030380 0.040111 -0.171834
-0.020752 0.029419 -0.088745 -0.040348 0.057199 -0.172546
-0.010986 0.005981 -0.096313 -0.021361 0.011630 -0.187261
0.005371 0.022827 -0.102417 0.010443 0.044383 -0.199128
-0.004639 0.037842 -0.084595 -0.009019 0.073575 -0.164477
-0.007813 0.010498 -0.083374 -0.015190 0.020411 -0.162103
-0.010498 -0.010010 -0.090942 -0.020411 -0.019462 -0.176819
-0.000610 -0.009399 -0.099854 -0.001187 -0.018275 -0.194144
-0.006592 0.022095 -0.100220 -0.012816 0.042959 -0.194856
-0.021362 0.052734 -0.092896 -0.041535 0.102531 -0.180616
-0.030640 0.036377 -0.098389 -0.059572 0.070727 -0.191296
-0.029907 0.018433 -0.116455 -0.058148 0.035838 -0.226423
-0.038818 0.022705 -0.122070 -0.075474 0.044145 -0.237340
-0.036377 0.021851 -0.115845 -0.070727 0.042484 -0.225236
-0.012085 0.046509 -0.123779 -0.023497 0.090427 -0.240663
0.003174 0.045776 -0.148315 0.006171 0.089003 -0.288368
