0.300659 -0.262085 0.106812 0.584569 -0.509570 0.207673
0.456299 -0.152100 0.013306 0.887178 -0.295726 0.025870
0.181030 -0.030029 -0.052368 0.351976 -0.058386 -0.101819
-0.070557 0.086182 0.058472 -0.137183 0.167562 0.113686
-0.258911 0.111084 0.181641 -0.503399 0.215980 0.353162
-0.355103 0.055664 0.186646 -0.690423 0.108227 0.362893
-0.545044 -0.235840 0.051270 -1.059724 -0.458541 0.099683
-0.879883 -0.431763 0.083374 -1.710749 -0.839473 0.162103
-1.161987 -0.302490 0.129517 -2.259242 -0.588129 0.251818
-1.505493 -0.053589 0.174805 -2.927118 -0.104192 0.339871
-1.896362 0.132324 0.010620 -3.687081 0.257277 0.020649
-1.880737 0.264404 -0.314209 -3.656702 0.514079 -0.610914
-1.298340 0.151489 -0.587402 -2.524351 0.294539 -1.142081
-0.931030 0.650513 -1.053345 -1.810194 1.264786 -2.048009
-0.242920 0.732788 -1.293457 -0.472307 1.424754 -2.514858
0.391235 0.584717 -1.547119 0.760676 1.136860 -3.008051
0.826294 0.368164 -1.706055 1.606556 0.715818 -3.317068
1.157349 0.331787 -1.600830 2.250223 0.645091 -3.112480
1.458252 0.379395 -1.047363 2.835267 0.737654 -2.036380
1.691895 0.310059 -0.486206 3.289536 0.602844 -0.945326
1.743286 0.257568 -0.116333 3.389457 0.500788 -0.226185
1.624023 0.129150 0.095337 3.157575 0.251106 0.185363
1.398315 -0.030884 0.326904 2.718733 -0.060047 0.635597
1.132813 -0.171387 0.585571 2.202518 -0.333226 1.138521
0.791504 -0.155396 0.705933 1.538914 -0.302134 1.372539
0.301758 -0.062622 0.640259 0.586705 -0.121756 1.244850
-0.144287 -0.192017 0.499878 -0.280536 -0.373336 0.971908
-0.397217 -0.445435 0.456787 -0.772305 -0.866055 0.888127
-0.626587 -0.502563 0.436035 -1.218268 -0.977130 0.847780
-0.933838 -0.427002 0.407227 -1.815653 -0.830216 0.791767
-1.166504 -0.508301 0.447144 -2.268024 -0.988285 0.869377
-1.362549 -0.584961 0.442261 -2.649192 -1.137335 0.859884
-1.523804 -0.458008 0.326782 -2.962719 -0.890501 0.635360
-1.645142 -0.229370 0.268066 -3.198635 -0.445962 0.521199
-1.460327 0.035767 0.231201 -2.839302 0.069541 0.449522
-0.923462 0.117554 0.145630 -1.795479 0.228559 0.283147
-0.304321 -0.064331 0.057617 -0.591689 -0.125078 0.112025
-0.066162 -0.119873 -0.074829 -0.128638 -0.233068 -0.145490
-0.017578 -0.039795 -0.074097 -0.034177 -0.077373 -0.144066
0.032593 0.062866 -0.011230 0.063370 0.122230 -0.021835
0.031250 0.133789 -0.016968 0.060759 0.260125 -0.032990
0.031250 0.109375 -0.039063 0.060759 0.212657 -0.075949
-0.003784 0.095825 -0.027222 -0.007358 0.186312 -0.052927
0.052246 0.058838 -0.022949 0.101582 0.114398 -0.044620
0.110107 0.040283 -0.031860 0.214081 0.078322 -0.061946
0.050781 0.121216 -0.070801 0.098734 0.235679 -0.137657
-0.021484 0.156494 -0.105103 -0.041772 0.304270 -0.204350
-0.063110 0.110840 -0.125732 -0.122705 0.215505 -0.244460
-0.093262 0.059570 -0.138306 -0.181328 0.115822 -0.268907
-0.108276 0.016602 -0.134644 -0.210521 0.032278 -0.261786
-0.035889 -0.002441 -0.065918 -0.069778 -0.004747 -0.128164
0.031982 0.013916 -0.035034 0.062183 0.027057 -0.068117
0.026367 0.034668 -0.074219 0.051266 0.067405 -0.144303
0.000244 0.028442 -0.115723 0.000475 0.055300 -0.224999
0.003662 0.026978 -0.116821 0.007120 0.052452 -0.227135
0.020508 0.021729 -0.089844 0.039873 0.042247 -0.174682
0.029053 0.043457 -0.067505 0.056487 0.084493 -0.131249
0.010376 0.061523 -0.070190 0.020174 0.119620 -0.136471
0.005371 0.046631 -0.099609 0.010443 0.090664 -0.193670
0.002319 -0.006836 -0.105591 0.004509 -0.013291 -0.205299
-0.027954 -0.020264 -0.091675 -0.054351 -0.039398 -0.178243
-0.049805 0.005005 -0.106567 -0.096835 0.009731 -0.207198
-0.055908 0.015381 -0.134277 -0.108702 0.029905 -0.261074
-0.022461 0.011475 -0.154541 -0.043671 0.022310 -0.300473
0.007324 0.020386 -0.161865 0.014240 0.039636 -0.314713
0.020874 0.029175 -0.162598 0.040585 0.056724 -0.316137
0.023804 0.050293 -0.158813 0.046281 0.097784 -0.308780
0.025391 0.056030 -0.165405 0.049367 0.108939 -0.321596
0.014893 0.051636 -0.171265 0.028956 0.100395 -0.332988
-0.003906 0.026978 -0.177734 -0.007595 0.052452 -0.345567
-0.021118 -0.016724 -0.180664 -0.041060 -0.032516 -0.351264
-0.025146 -0.040771 -0.154541 -0.048892 -0.079272 -0.300473
-0.027710 -0.014282 -0.135742 -0.053876 -0.027769 -0.263922
-0.024292 0.004639 -0.127808 -0.047231 0.009019 -0.248495
-0.021118 0.017578 -0.133545 -0.041060 0.034177 -0.259650
-0.029541 0.036621 -0.142090 -0.057436 0.071202 -0.276264
-0.023682 0.040894 -0.128174 -0.046044 0.079509 -0.249207
-0.016357 0.023071 -0.111206 -0.031804 0.044857 -0.216217
-0.011963 0.013062 -0.107178 -0.023259 0.025395 -0.208385
-0.015991 0.033203 -0.112061 -0.031092 0.064557 -0.217878
