-0.268799 0.219238 -0.307373 -0.522623 0.426263 -0.597623
-0.366211 0.111938 -0.372070 -0.712021 0.217641 -0.723413
-0.478027 -0.210205 -0.712036 -0.929425 -0.408700 -1.384406
-0.493286 -0.389404 -0.778564 -0.959092 -0.757115 -1.513756
-0.365479 -0.314819 -0.464233 -0.710597 -0.612101 -0.902605
-0.492188 -0.668823 -0.149048 -0.956956 -1.300387 -0.289792
-0.668335 -0.212402 0.233398 -1.299438 -0.412972 0.453795
-0.931274 0.031860 0.501953 -1.810669 0.061946 0.975943
-1.404297 0.445190 0.613037 -2.730363 0.865580 1.191923
-2.217896 0.947021 0.501465 -4.312236 1.841286 0.974994
-3.279175 1.830322 0.318970 -6.375672 3.558680 0.620170
-3.589722 0.781006 -0.233398 -6.979466 1.518503 -0.453795
-1.287720 0.547729 -0.131470 -2.503703 1.064946 -0.255615
0.057373 0.765503 0.015381 0.111550 1.488361 0.029905
-0.374878 0.492432 -0.004883 -0.728872 0.957431 -0.009494
-0.504639 0.060791 -0.040771 -0.981165 0.118195 -0.079272
-0.127930 -0.291748 0.131104 -0.248733 -0.567243 0.254903
0.325684 -0.469604 0.111938 0.633224 -0.913048 0.217641
0.725464 -0.487427 0.097412 1.410513 -0.947700 0.189398
1.131958 -0.422852 0.020142 2.200856 -0.822147 0.039161
1.354614 -0.558228 -0.075562 2.633765 -1.085357 -0.146914
1.465454 -0.668335 -0.150635 2.849270 -1.299438 -0.292878
1.515381 -0.537354 -0.209717 2.946342 -1.044772 -0.407751
1.498169 -0.389282 -0.248047 2.912877 -0.756878 -0.482275
1.538330 -0.342041 -0.264526 2.990962 -0.665027 -0.514316
1.335815 -0.286499 -0.333130 2.597215 -0.557038 -0.647702
1.115356 -0.156616 -0.400879 2.168578 -0.304508 -0.779426
0.819824 -0.170654 -0.438477 1.593977 -0.331802 -0.852526
0.541260 -0.201172 -0.510620 1.052367 -0.391137 -0.992794
0.289185 -0.071289 -0.569092 0.562259 -0.138607 -1.106480
0.081543 0.091675 -0.587646 0.158543 0.178243 -1.142556
-0.201904 0.146118 -0.613159 -0.392561 0.284096 -1.192160
-0.530151 0.109497 -0.592163 -1.030769 0.212894 -1.151338
-0.904419 0.071411 -0.577393 -1.758454 0.138844 -1.122620
-1.340454 0.102417 -0.536011 -2.606234 0.199128 -1.042161
-1.721802 0.142822 -0.452148 -3.347685 0.277688 -0.879108
-2.061401 -0.182983 -0.356323 -4.007966 -0.355773 -0.692796
-2.415039 -0.476318 -0.413818 -4.695540 -0.926102 -0.804584
-2.282349 0.380249 -0.244873 -4.437551 0.739315 -0.476105
-1.341553 0.578857 0.114502 -2.608370 1.125468 0.222625
-0.335083 -0.068970 0.047485 -0.651499 -0.134097 0.092325
0.052856 -0.114868 -0.114258 0.102768 -0.223337 -0.222151
0.036133 -0.111694 -0.178345 0.070253 -0.217166 -0.346754
0.062500 -0.150146 -0.137573 0.121518 -0.291929 -0.267482
0.065308 -0.040894 -0.091431 0.126977 -0.079509 -0.177768
0.131836 0.076782 -0.040771 0.256328 0.149287 -0.079272
0.204102 0.115845 -0.041016 0.396833 0.225236 -0.079746
0.178223 0.157227 -0.067505 0.346517 0.305694 -0.131249
0.151611 0.165161 -0.075562 0.294777 0.321121 -0.146914
0.093140 0.137573 -0.061523 0.181091 0.267482 -0.119620
0.075928 0.096069 0.008911 0.147626 0.186787 0.017326
0.061890 0.082520 0.064697 0.120332 0.160442 0.125790
0.040283 0.098267 0.070923 0.078322 0.191059 0.137895
0.009888 0.069580 0.044434 0.019225 0.135284 0.086392
-0.060181 0.035522 0.005493 -0.117009 0.069066 0.010680
-0.110840 0.002563 -0.003784 -0.215505 0.004984 -0.007358
-0.081665 -0.024170 0.012817 -0.158781 -0.046993 0.024921
-0.050171 -0.008301 0.001953 -0.097547 -0.016139 0.003797
-0.021362 -0.004395 -0.004517 -0.041535 -0.008544 -0.008782
-0.017212 -0.022705 -0.019043 -0.033465 -0.044145 -0.037025
-0.043213 -0.042480 -0.045044 -0.084018 -0.082594 -0.087579
-0.016846 -0.018066 -0.063232 -0.032753 -0.035126 -0.122942
0.008179 0.017700 -0.074463 0.015902 0.034414 -0.144778
0.002930 -0.002197 -0.082886 0.005696 -0.004272 -0.161154
0.014282 -0.023682 -0.067017 0.027769 -0.046044 -0.130300
0.011108 -0.022095 -0.053223 0.021598 -0.042959 -0.103480
-0.004028 -0.037354 -0.049316 -0.007832 -0.072626 -0.095885
-0.013062 -0.013672 -0.062988 -0.025395 -0.026582 -0.122468
-0.019897 0.010132 -0.082153 -0.038686 0.019699 -0.159730
-0.038818 -0.001099 -0.093506 -0.075474 -0.002136 -0.181803
-0.037109 0.004517 -0.093994 -0.072151 0.008782 -0.182752
-0.028198 0.007935 -0.077759 -0.054826 0.015427 -0.151186
-0.020264 -0.001221 -0.068359 -0.039398 -0.002373 -0.132911
-0.031616 0.023804 -0.067505 -0.061471 0.046281 -0.131249
-0.056763 0.017456 -0.078003 -0.110363 0.033940 -0.151660
-0.049683 0.007690 -0.086426 -0.096597 0.014952 -0.168037
-0.033325 0.015503 -0.091553 -0.064794 0.030142 -0.178005
-0.028198 0.015259 -0.090698 -0.054826 0.029668 -0.176344
-0.039917 0.013550 -0.097900 -0.077610 0.026345 -0.190347
-0.046143 -0.000488 -0.103638 -0.089715 -0.000949 -0.201502
