0.421875 0.271606 -0.174683 0.820248 0.528082 -0.339634
0.309692 0.411377 -0.190063 0.602132 0.799837 -0.369539
0.173218 0.209106 -0.209717 0.336786 0.406564 -0.407751
0.066528 -0.240723 -0.169434 0.129350 -0.468035 -0.329428
0.025146 -0.360474 0.006226 0.048892 -0.700866 0.012104
0.122803 -0.057373 0.218628 0.238764 -0.111550 0.425076
-0.098999 -0.170532 0.259155 -0.192483 -0.331564 0.503873
-0.390259 -0.068604 0.630615 -0.758777 -0.133385 1.226100
-0.547119 -0.013794 0.774048 -1.063759 -0.026819 1.504975
-0.741211 -0.007202 0.785034 -1.441130 -0.014003 1.526335
-0.914429 -0.078369 0.837280 -1.777916 -0.152372 1.627917
-1.071533 -0.006226 0.799683 -2.083373 -0.012104 1.554816
-1.183350 0.006348 0.583008 -2.300777 0.012342 1.133537
-1.200562 0.032959 0.300781 -2.334242 0.064082 0.584806
-1.157471 0.125366 -0.036621 -2.250461 0.243748 -0.071202
-1.090820 0.200684 -0.301392 -2.120873 0.390187 -0.585993
-0.925903 0.260132 -0.551514 -1.800226 0.505772 -1.072303
-0.741699 0.261597 -0.825806 -1.442080 0.508620 -1.605607
-0.585083 0.158569 -1.090576 -1.137572 0.308305 -2.120398
-0.244263 0.092529 -1.238647 -0.474918 0.179904 -2.408292
0.155762 0.149902 -1.234009 0.302846 0.291454 -2.399273
0.481445 0.167480 -1.181396 0.936070 0.325631 -2.296979
0.751587 0.128784 -1.153687 1.461304 0.250394 -2.243103
0.952881 0.088989 -1.098633 1.852678 0.173021 -2.136063
1.105713 0.051392 -0.987183 2.149828 0.099920 -1.919371
1.192749 -0.027222 -0.794800 2.319052 -0.052927 -1.545323
1.207031 -0.116943 -0.542847 2.346821 -0.227372 -1.055452
1.175415 -0.083984 -0.328369 2.285350 -0.163290 -0.638445
1.090698 -0.050537 -0.177734 2.120636 -0.098259 -0.345567
0.966919 -0.023682 -0.077026 1.879972 -0.046044 -0.149762
0.862671 -0.023071 -0.033569 1.677284 -0.044857 -0.065269
0.775391 -0.018799 0.010376 1.507586 -0.036550 0.020174
0.630249 -0.068237 0.048218 1.225388 -0.132673 0.093749
0.494385 -0.186279 0.075317 0.961228 -0.362181 0.146439
0.345703 -0.255981 0.151855 0.672148 -0.497703 0.295251
0.119019 -0.187134 0.300415 0.231407 -0.363843 0.584094
-0.154541 -0.013672 0.452881 -0.300473 -0.026582 0.880532
-0.358765 0.065918 0.539551 -0.697543 0.128164 1.049044
-0.519043 0.084473 0.545654 -1.009171 0.164239 1.060911
-0.680420 0.004272 0.535278 -1.322935 0.008307 1.040737
-0.870361 -0.117065 0.526489 -1.692236 -0.227609 1.023649
-1.097656 -0.115356 0.546997 -2.134164 -0.224287 1.063522
-1.255737 0.015503 0.505615 -2.441519 0.030142 0.983063
-1.255859 0.235840 0.327759 -2.441757 0.458541 0.637259
-1.266968 0.237305 0.330444 -2.463355 0.461390 0.642480
-1.111084 0.359863 0.291504 -2.160271 0.699679 0.566769
-0.901855 0.499878 0.111572 -1.753470 0.971908 0.216929
-0.722534 0.413452 -0.065674 -1.404817 0.803872 -0.127689
-0.505249 0.346924 -0.194336 -0.982351 0.674521 -0.377846
-0.380981 0.308716 -0.223022 -0.740739 0.600234 -0.433621
-0.320923 0.247314 -0.220825 -0.623968 0.480851 -0.429349
-0.262817 0.165405 -0.184692 -0.510994 0.321596 -0.359096
-0.188721 0.098267 -0.130981 -0.366928 0.191059 -0.254666
-0.141357 0.063721 -0.109009 -0.274840 0.123892 -0.211945
-0.081909 0.001343 -0.110229 -0.159255 0.002611 -0.214318
-0.010986 -0.028076 -0.109253 -0.021361 -0.054588 -0.212420
-0.001953 -0.013062 -0.111694 -0.003797 -0.025395 -0.217166
-0.011230 0.000000 -0.131958 -0.021835 0.000000 -0.256565
-0.031494 0.001709 -0.140259 -0.061234 0.003323 -0.272704
-0.017700 0.026367 -0.125244 -0.034414 0.051266 -0.243511
0.032104 0.017456 -0.100952 0.062420 0.033940 -0.196280
0.049805 0.011108 -0.093140 0.096835 0.021598 -0.181091
0.036011 0.018799 -0.104492 0.070015 0.036550 -0.203163
0.003662 0.033325 -0.115356 0.007120 0.064794 -0.224287
-0.012451 0.020630 -0.115967 -0.024209 0.040111 -0.225473
-0.012817 0.023193 -0.085938 -0.024921 0.045095 -0.167088
-0.028442 0.051025 -0.076294 -0.055300 0.099208 -0.148338
-0.027344 0.053711 -0.080688 -0.053164 0.104430 -0.156882
-0.028564 0.056641 -0.079590 -0.055538 0.110126 -0.154746
-0.048828 0.063721 -0.086548 -0.094936 0.123892 -0.168274
-0.068970 0.088501 -0.126709 -0.134097 0.172072 -0.246359
-0.085449 0.089600 -0.153687 -0.166138 0.174208 -0.298811
-0.115845 0.091797 -0.147583 -0.225236 0.178480 -0.286944
-0.119995 0.072144 -0.126953 -0.233305 0.140268 -0.246834
-0.097778 0.045654 -0.122925 -0.190110 0.088765 -0.239002
-0.073120 0.041992 -0.116699 -0.142167 0.081645 -0.226897
-0.038574 0.042358 -0.098511 -0.075000 0.082357 -0.191534
-0.025635 0.064453 -0.092529 -0.049841 0.125316 -0.179904
-0.029175 0.053955 -0.110229 -0.056724 0.104904 -0.214318
-0.024780 0.034790 -0.127197 -0.048180 0.067642 -0.247309
