0.153320 -0.108765 -0.185913 0.298099 -0.211470 -0.361469
0.136353 0.080811 -0.053223 0.265109 0.157119 -0.103480
0.000122 0.187500 0.015747 0.000237 0.364555 0.030617
-0.183594 0.107544 0.016846 -0.356960 0.209097 0.032753
-0.364136 -0.202637 -0.114746 -0.707986 -0.393985 -0.223100
-0.459961 -0.353882 -0.134155 -0.894298 -0.688049 -0.260837
-0.582275 -0.095215 -0.089233 -1.132113 -0.185125 -0.173496
-0.893066 -0.216309 -0.085327 -1.736382 -0.420567 -0.165901
-1.057739 -0.140015 -0.050537 -2.056554 -0.272229 -0.098259
-1.267578 0.030151 -0.129761 -2.464541 0.058623 -0.252293
-1.478271 0.179443 -0.173584 -2.874191 0.348890 -0.337498
-1.462280 0.198730 -0.250000 -2.843099 0.386390 -0.486073
-1.569092 0.291138 -0.336670 -3.050772 0.566057 -0.654585
-1.544800 -0.069458 -0.470947 -3.003541 -0.135047 -0.915659
-1.231079 -0.116699 -0.541016 -2.393577 -0.226897 -1.051892
-0.553589 0.162476 -0.466553 -1.076338 0.315900 -0.907115
-0.022705 0.387939 -0.332764 -0.044145 0.754267 -0.646990
0.455078 0.420410 -0.211914 0.884805 0.817400 -0.412023
0.827881 0.223022 -0.163696 1.609642 0.433621 -0.318273
1.116821 0.009766 -0.206177 2.171426 0.018987 -0.400868
1.414673 -0.038574 -0.245117 2.750536 -0.075000 -0.476579
1.613159 -0.127075 -0.319946 3.136452 -0.247071 -0.622069
1.555664 -0.215820 -0.388306 3.024665 -0.419618 -0.754979
1.411743 -0.157837 -0.433594 2.744840 -0.306881 -0.843033
1.341797 -0.211182 -0.440186 2.608845 -0.410599 -0.855849
1.227295 -0.288818 -0.434937 2.386219 -0.561547 -0.845643
0.994507 -0.211548 -0.415405 1.933611 -0.411311 -0.807669
0.743164 -0.223145 -0.360474 1.444928 -0.433858 -0.700866
0.505737 -0.188477 -0.308594 0.983301 -0.366453 -0.599996
0.249146 -0.059204 -0.302246 0.484412 -0.115110 -0.587655
0.019653 0.041748 -0.273926 0.038212 0.081170 -0.532592
-0.130859 0.100098 -0.216064 -0.254429 0.194619 -0.420092
-0.329590 0.076538 -0.179810 -0.640819 0.148812 -0.349602
-0.613892 0.080322 -0.149780 -1.193584 0.156170 -0.291217
-0.940918 0.073730 -0.116943 -1.829419 0.143354 -0.227372
-1.255371 0.175171 -0.153442 -2.440808 0.340583 -0.298337
-1.553589 0.075317 -0.374146 -3.020630 0.146439 -0.727448
-1.745483 -0.177734 -0.718750 -3.393729 -0.345567 -1.397460
-1.817139 -0.356079 -0.749023 -3.533047 -0.692322 -1.456320
-1.804932 -0.110107 -0.520874 -3.509313 -0.214081 -1.012731
-1.483398 0.115234 -0.375732 -2.884159 0.224049 -0.730533
-1.241211 0.286011 -0.402100 -2.413276 0.556088 -0.781799
-0.758545 0.176758 -0.381470 -1.474833 0.343669 -0.741688
-0.307739 0.044067 -0.303833 -0.598335 0.085680 -0.590740
-0.004028 0.242920 -0.290649 -0.007832 0.472307 -0.565107
0.353027 0.272095 -0.292114 0.686388 0.529032 -0.567955
0.772095 0.066040 -0.369507 1.501177 0.128401 -0.718429
0.979370 0.115967 -0.439453 1.904181 0.225473 -0.854425
1.065552 0.190063 -0.428345 2.071743 0.369539 -0.832827
1.156616 0.183228 -0.377197 2.248799 0.356248 -0.733381
1.202026 0.158813 -0.337036 2.337090 0.308780 -0.655297
1.140991 0.059082 -0.348145 2.218420 0.114873 -0.676894
1.000488 -0.057129 -0.372314 1.945241 -0.111075 -0.723888
0.825439 -0.055298 -0.304810 1.604895 -0.107515 -0.592639
0.604858 -0.097778 -0.214111 1.176021 -0.190110 -0.416295
0.453003 -0.131592 -0.121582 0.880770 -0.255853 -0.236391
0.367310 -0.129395 -0.065796 0.714157 -0.251581 -0.127926
0.243408 -0.098511 -0.025269 0.473257 -0.191534 -0.049129
0.118286 -0.067261 -0.022705 0.229983 -0.130774 -0.044145
-0.011719 -0.021362 -0.031250 -0.022785 -0.041535 -0.060759
-0.141846 0.048828 0.001709 -0.275789 0.094936 0.003323
-0.228882 -0.020508 0.067017 -0.445013 -0.039873 0.130300
-0.265259 0.008179 0.114746 -0.515740 0.015902 0.223100
-0.217285 0.111328 0.104248 -0.422466 0.216454 0.202689
-0.140991 0.078735 0.050415 -0.274128 0.153084 0.098022
-0.122070 0.006104 -0.034424 -0.237340 0.011867 -0.066930
-0.147705 -0.046021 -0.107300 -0.287182 -0.089477 -0.208622
-0.154541 -0.029907 -0.121216 -0.300473 -0.058148 -0.235679
-0.152100 0.038208 -0.123047 -0.295726 0.074288 -0.239239
-0.140991 0.089111 -0.108643 -0.274128 0.173258 -0.211233
-0.122681 0.064209 -0.093994 -0.238527 0.124841 -0.182752
-0.090332 -0.010376 -0.096313 -0.175632 -0.020174 -0.187261
-0.082275 -0.002197 -0.110962 -0.159967 -0.004272 -0.215742
-0.098267 0.018433 -0.106812 -0.191059 0.035838 -0.207673
-0.111694 0.050781 -0.092407 -0.217166 0.098734 -0.179667
-0.102905 0.096802 -0.071045 -0.200078 0.188211 -0.138132
-0.087524 0.057251 -0.050415 -0.170173 0.111313 -0.098022
-0.071899 0.011841 -0.035278 -0.139793 0.023022 -0.068591
-0.055054 -0.043701 -0.021240 -0.107040 -0.084968 -0.041297
-0.037720 -0.047241 -0.032593 -0.073338 -0.091851 -0.063370
