-0.015991 0.009033 -0.151367 -0.031092 0.017563 -0.294302
0.063599 0.120850 -0.071899 0.123654 0.234967 -0.139793
-0.033447 0.108032 -0.140259 -0.065031 0.210046 -0.272704
-0.166992 -0.124634 -0.203369 -0.324682 -0.242324 -0.395409
-0.219604 -0.477661 -0.205444 -0.426975 -0.928713 -0.399444
-0.348389 -0.712769 -0.153076 -0.677369 -1.385830 -0.297625
-0.486694 -0.130249 -0.067627 -0.946276 -0.253242 -0.131487
-0.710938 0.658081 -0.123291 -1.382270 1.279501 -0.239714
-0.803833 0.208984 -0.185791 -1.562886 0.406327 -0.361232
-0.939209 -0.390503 -0.320313 -1.826096 -0.759252 -0.622781
-1.105225 -0.281250 -0.191895 -2.148879 -0.546832 -0.373099
-1.200562 -0.044312 -0.199219 -2.334242 -0.086155 -0.387339
-1.250488 -0.011719 -0.220459 -2.431314 -0.022785 -0.428637
-1.372681 0.017822 -0.299316 -2.668891 0.034652 -0.581958
-1.391846 0.312134 -0.380127 -2.706154 0.606879 -0.739078
-1.381958 0.457275 -0.480103 -2.686929 0.889077 -0.933459
-0.786987 0.570068 -0.472656 -1.530133 1.108379 -0.918982
0.164429 0.255737 -0.473022 0.319697 0.497228 -0.919694
0.712646 0.049438 -0.387695 1.385593 0.096123 -0.753793
1.055420 -0.099243 -0.278809 2.052044 -0.192958 -0.542085
1.283569 -0.187012 -0.282104 2.495633 -0.363605 -0.548493
1.341431 -0.243652 -0.396606 2.608132 -0.473731 -0.771119
1.365601 -0.269775 -0.463745 2.655126 -0.524522 -0.901656
1.331665 -0.230835 -0.456909 2.589145 -0.448810 -0.888365
1.213623 -0.123169 -0.423950 2.359637 -0.239476 -0.824283
1.086304 0.039917 -0.377319 2.112091 0.077610 -0.733619
0.960083 0.156738 -0.312744 1.866681 0.304745 -0.608066
0.826782 0.164307 -0.293213 1.607506 0.319460 -0.570091
0.647705 0.104248 -0.305054 1.259328 0.202689 -0.593113
0.350342 0.005371 -0.349365 0.681167 0.010443 -0.679268
-0.010132 -0.091675 -0.404175 -0.019699 -0.178243 -0.785834
-0.334473 -0.038086 -0.408325 -0.650312 -0.074050 -0.793903
-0.609131 -0.004883 -0.396729 -1.184328 -0.009494 -0.771356
-0.815063 -0.049927 -0.368774 -1.584721 -0.097072 -0.717005
-0.990601 -0.110840 -0.364014 -1.926016 -0.215505 -0.707749
-1.103516 0.040894 -0.454590 -2.145556 0.079509 -0.883855
-1.221313 0.292725 -0.686279 -2.374589 0.569142 -1.334327
-1.302368 0.449585 -0.937500 -2.532183 0.874124 -1.822773
-1.436768 0.488770 -1.138306 -2.793495 0.950311 -2.213198
-1.378906 0.568970 -1.015137 -2.680996 1.106243 -1.973722
-1.210327 0.748779 -0.636475 -2.353229 1.455845 -1.237492
-0.916260 0.670410 -0.350830 -1.781476 1.303473 -0.682116
-0.455444 0.161865 -0.274048 -0.885517 0.314713 -0.532829
0.019165 -0.150879 -0.141724 0.037262 -0.293353 -0.275552
0.347412 -0.192993 -0.017700 0.675470 -0.375235 -0.034414
0.585327 -0.189209 0.054199 1.138047 -0.367877 0.105379
0.808228 -0.173950 0.067017 1.571430 -0.338210 0.130300
1.014526 -0.130615 -0.036255 1.972535 -0.253954 -0.070490
1.177612 -0.176880 -0.169067 2.289622 -0.343906 -0.328716
1.265137 -0.261230 -0.285400 2.459795 -0.507908 -0.554902
1.229492 -0.204224 -0.346680 2.390491 -0.397070 -0.674046
1.107300 -0.157837 -0.359253 2.152914 -0.306881 -0.698492
0.873169 -0.078247 -0.332520 1.697695 -0.152135 -0.646515
0.662720 -0.001953 -0.243164 1.288520 -0.003797 -0.472782
0.456177 -0.039673 -0.175171 0.886941 -0.077136 -0.340583
0.285889 -0.104614 -0.114990 0.555851 -0.203401 -0.223575
0.185913 -0.143311 -0.099121 0.361469 -0.278637 -0.192720
0.084106 -0.138550 -0.101440 0.163527 -0.269381 -0.197230
0.005249 -0.168091 -0.111694 0.010206 -0.326818 -0.217166
-0.048706 -0.141968 -0.103638 -0.094699 -0.276027 -0.201502
-0.076538 -0.104736 -0.090820 -0.148812 -0.203638 -0.176581
-0.080811 -0.101807 -0.081543 -0.157119 -0.197942 -0.158543
-0.066895 -0.067383 -0.079590 -0.130062 -0.131012 -0.154746
-0.060425 -0.030396 -0.086670 -0.117483 -0.059098 -0.168512
-0.088013 -0.027954 -0.111816 -0.171122 -0.054351 -0.217404
-0.080200 0.019775 -0.094360 -0.155933 0.038449 -0.183464
-0.079346 0.066772 -0.077148 -0.154271 0.129825 -0.149999
-0.068115 0.058350 -0.079712 -0.132436 0.113449 -0.154983
-0.038696 0.027222 -0.102173 -0.075237 0.052927 -0.198654
-0.012939 -0.007690 -0.123413 -0.025158 -0.014952 -0.239951
-0.010986 -0.015259 -0.120972 -0.021361 -0.029668 -0.235204
-0.018311 -0.020508 -0.114014 -0.035601 -0.039873 -0.221676
-0.008545 0.009521 -0.108765 -0.016614 0.018513 -0.211470
0.000244 0.001831 -0.107788 0.000475 0.003560 -0.209571
0.014038 -0.006104 -0.113037 0.027294 -0.011867 -0.219777
0.015625 -0.024536 -0.112671 0.030380 -0.047705 -0.219065
-0.000366 -0.030151 -0.102661 -0.000712 -0.058623 -0.199603
-0.024414 -0.005615 -0.097900 -0.047468 -0.010918 -0.190347
-0.037109 0.004395 -0.100952 -0.072151 0.008544 -0.196280
-0.023560 0.013794 -0.106934 -0.045807 0.026819 -0.207910
