0.022095 0.011353 -0.077881 0.042959 0.022073 -0.151423
0.159912 -0.032104 0.056763 0.310916 -0.062420 0.110363
0.179199 -0.111938 0.137573 0.348416 -0.217641 0.267482
-0.020996 -0.025269 0.031860 -0.040823 -0.049129 0.061946
-0.265015 -0.247192 -0.066040 -0.515266 -0.480614 -0.128401
-0.340942 -0.480469 -0.089355 -0.662891 -0.934171 -0.173733
-0.412842 -0.663208 -0.122192 -0.802685 -1.289470 -0.237578
-0.500122 -0.511963 -0.159790 -0.972383 -0.995405 -0.310678
-0.947144 -0.481445 -0.247314 -1.841523 -0.936070 -0.480851
-1.560181 -0.214966 -0.215332 -3.033446 -0.417956 -0.418668
-1.842651 0.200317 -0.122681 -3.582652 0.389475 -0.238527
-1.848267 0.598022 -0.097534 -3.593569 1.162730 -0.189635
-1.838501 0.788574 -0.215942 -3.574582 1.533218 -0.419855
-1.903564 0.465576 -0.284180 -3.701084 0.905216 -0.552528
-1.603882 -0.067017 -0.690796 -3.118414 -0.130300 -1.343109
-0.851074 0.273193 -0.692871 -1.654737 0.531168 -1.347143
-0.398804 0.648682 -0.468750 -0.775391 1.261226 -0.911387
-0.173584 0.520020 -0.342285 -0.337498 1.011070 -0.665502
0.164063 0.383301 -0.249512 0.318985 0.745248 -0.485124
0.546997 0.291260 -0.255127 1.063522 0.566294 -0.496041
0.781250 0.142700 -0.419189 1.518978 0.277451 -0.815027
1.002930 0.175659 -0.506348 1.949988 0.341533 -0.984487
1.185913 0.248291 -0.490967 2.305761 0.482750 -0.954583
1.322876 0.290894 -0.429321 2.572057 0.565582 -0.834726
1.458130 0.156616 -0.383423 2.835030 0.304508 -0.745486
1.444336 0.045898 -0.373413 2.808210 0.089240 -0.726024
1.324707 0.023193 -0.366089 2.575617 0.045095 -0.711784
1.268433 -0.045166 -0.387207 2.466203 -0.087816 -0.752843
1.271851 -0.002319 -0.369507 2.472848 -0.004509 -0.718429
1.165649 -0.109497 -0.314331 2.266362 -0.212894 -0.611151
1.000488 -0.210815 -0.269043 1.945241 -0.409887 -0.523098
0.660767 -0.123291 -0.235962 1.284723 -0.239714 -0.458779
0.216187 0.088379 -0.221436 0.420330 0.171834 -0.430535
-0.083862 0.079590 -0.209961 -0.163053 0.154746 -0.408225
-0.292236 -0.045898 -0.177368 -0.568193 -0.089240 -0.344855
-0.539063 -0.187378 -0.175171 -1.048095 -0.364317 -0.340583
-0.802734 -0.223022 -0.238647 -1.560750 -0.433621 -0.464000
-0.982666 -0.132324 -0.326416 -1.910589 -0.257277 -0.634648
-1.201172 -0.121582 -0.385132 -2.335428 -0.236391 -0.748809
-1.426392 -0.263550 -0.410034 -2.773321 -0.512418 -0.797226
-1.823364 -0.301392 -0.367920 -3.545152 -0.585993 -0.715344
-2.084717 -0.019165 -0.389771 -4.053298 -0.037262 -0.757828
-1.844482 0.151123 -0.710693 -3.586212 0.293827 -1.381795
-1.135010 0.083984 -0.932739 -2.206790 0.163290 -1.813517
-0.246460 0.032349 -0.765991 -0.479190 0.062895 -1.489310
-0.026855 0.077026 -0.523438 -0.052215 0.149762 -1.017715
-0.106201 0.031250 -0.411377 -0.206486 0.060759 -0.799837
-0.297119 0.027100 -0.347656 -0.577686 0.052690 -0.675945
-0.667969 -0.087402 -0.566162 -1.298726 -0.169936 -1.100784
-0.303955 -0.077515 -0.709717 -0.590977 -0.150711 -1.379896
0.604370 0.172241 -0.637085 1.175072 0.334887 -1.238679
0.959229 0.329468 -0.448730 1.865020 0.640581 -0.872463
0.855957 0.457764 -0.312866 1.664230 0.890026 -0.608303
0.926270 0.473511 -0.248291 1.800938 0.920643 -0.482750
1.096191 0.382080 -0.226440 2.131316 0.742875 -0.440266
1.267090 0.255981 -0.226440 2.463592 0.497703 -0.440266
1.292114 0.212769 -0.280762 2.512247 0.413684 -0.545883
1.157837 0.282349 -0.298218 2.251173 0.548968 -0.579822
1.034668 0.330566 -0.284424 2.011696 0.642717 -0.553003
0.888184 0.327148 -0.183350 1.726888 0.636072 -0.356485
0.701538 0.262329 -0.107666 1.363995 0.510044 -0.209334
0.527588 0.198730 -0.055664 1.025785 0.386390 -0.108227
0.401611 0.241577 -0.015381 0.780850 0.469696 -0.029905
0.294189 0.197021 -0.053467 0.571990 0.383067 -0.103955
0.197754 0.123169 -0.057983 0.384491 0.239476 -0.112737
0.090942 0.100586 -0.037354 0.176819 0.195568 -0.072626
0.021851 0.065186 -0.001709 0.042484 0.126740 -0.003323
-0.004395 0.083984 0.025024 -0.008544 0.163290 0.048655
-0.035400 0.103394 0.077148 -0.068829 0.201027 0.149999
-0.063110 0.147461 0.110840 -0.122705 0.286707 0.215505
-0.081421 0.089844 0.112427 -0.158306 0.174682 0.218590
-0.111328 0.001343 0.084229 -0.216454 0.002611 0.163765
-0.131226 0.008057 0.068604 -0.255141 0.015664 0.133385
-0.114502 0.023438 0.076172 -0.222625 0.045569 0.148100
-0.064575 0.019409 0.083496 -0.125553 0.037737 0.162341
-0.013916 0.014038 0.074951 -0.027057 0.027294 0.145727
-0.020752 0.004028 0.046997 -0.040348 0.007832 0.091376
-0.007202 -0.000244 0.024780 -0.014003 -0.000475 0.048180
0.015625 0.009399 -0.007324 0.030380 0.018275 -0.014240
0.011475 0.010864 -0.023071 0.022310 0.021123 -0.044857
