0.305298 0.003662 -0.273315 0.593588 0.007120 -0.531405
0.283203 0.107788 -0.226929 0.550629 0.209571 -0.441216
0.157104 0.081299 -0.232422 0.305457 0.158069 -0.451896
0.050171 0.138672 -0.087646 0.097547 0.269619 -0.170410
0.011841 0.109741 0.113037 0.023022 0.213369 0.219777
-0.059082 0.102539 0.184082 -0.114873 0.199366 0.357909
-0.263550 -0.021362 0.247559 -0.512418 -0.041535 0.481326
-0.385254 -0.003784 0.540039 -0.749046 -0.007358 1.049993
-0.570435 0.002197 0.657593 -1.109091 0.004272 1.278552
-0.834595 0.125244 0.733154 -1.622696 0.243511 1.425466
-1.109741 0.140747 0.857544 -2.157660 0.273653 1.667315
-1.367310 0.196411 0.795410 -2.658448 0.381881 1.546509
-1.331299 0.227783 0.658081 -2.588433 0.442877 1.279501
-1.175903 0.186768 0.371826 -2.286299 0.363131 0.722938
-1.119995 0.170288 -0.146606 -2.177597 0.331090 -0.285046
-1.076294 0.014526 -0.519409 -2.092629 0.028243 -1.009883
-1.016357 0.134399 -0.604126 -1.976095 0.261312 -1.174597
-0.952637 0.352905 -0.642578 -1.852204 0.686151 -1.249359
-0.813843 0.510864 -0.929810 -1.582348 0.993269 -1.807821
-0.367920 0.233643 -1.272217 -0.715344 0.454269 -2.473560
0.230591 -0.195923 -1.413330 0.448336 -0.380931 -2.747926
0.712280 -0.227051 -1.291870 1.384881 -0.441453 -2.511772
1.027832 -0.140259 -0.986572 1.998405 -0.272704 -1.918184
1.228271 -0.168823 -0.765991 2.388118 -0.328242 -1.489310
1.395020 -0.247559 -0.650635 2.712325 -0.481326 -1.265024
1.554565 -0.300171 -0.539917 3.022528 -0.583620 -1.049756
1.663330 -0.343994 -0.428223 3.233999 -0.668825 -0.832590
1.687012 -0.274048 -0.345459 3.280043 -0.532829 -0.671673
1.546631 -0.257446 -0.294067 3.007101 -0.500551 -0.571753
1.187256 -0.173828 -0.331787 2.308372 -0.337973 -0.645091
0.895020 0.086548 -0.255249 1.740179 0.168274 -0.496279
0.780396 0.144531 -0.098633 1.517316 0.281011 -0.191771
0.656982 0.140259 0.101318 1.277365 0.272704 0.196992
0.492920 0.162231 0.170288 0.958380 0.315425 0.331090
0.328247 0.122925 0.233765 0.638208 0.239002 0.454507
0.131104 0.156128 0.290649 0.254903 0.303558 0.565107
-0.165161 0.159912 0.315063 -0.321121 0.310916 0.612575
-0.336426 0.299438 0.418701 -0.654110 0.582196 0.814077
-0.483887 0.344482 0.466309 -0.940817 0.669774 0.906640
-0.656128 0.231201 0.376831 -1.275704 0.449522 0.732669
-0.850586 0.123657 0.353271 -1.653787 0.240426 0.686863
-1.037720 0.221436 0.483154 -2.017630 0.430535 0.939393
-1.247437 0.359619 0.380615 -2.425380 0.699205 0.740027
-1.418091 0.412231 0.134644 -2.757182 0.801498 0.261786
-1.540039 0.411499 0.140137 -2.994285 0.800074 0.272467
-1.465332 0.540894 0.165039 -2.849033 1.051655 0.320884
-1.265381 0.375488 0.046387 -2.460269 0.730059 0.090189
-1.028931 0.150146 -0.056152 -2.000541 0.291929 -0.109177
-0.841064 0.239990 -0.096436 -1.635275 0.466611 -0.187499
-0.728027 0.411377 -0.145996 -1.415497 0.799837 -0.283859
-0.614746 0.481689 -0.243896 -1.195246 0.936545 -0.474206
-0.496338 0.370361 -0.261719 -0.965026 0.720090 -0.508858
-0.353394 0.207642 -0.160400 -0.687100 0.403716 -0.311865
-0.237305 0.122314 -0.079712 -0.461390 0.237815 -0.154983
-0.159668 0.141724 -0.050781 -0.310441 0.275552 -0.098734
-0.130859 0.187500 -0.045898 -0.254429 0.364555 -0.089240
-0.113770 0.158936 -0.057373 -0.221201 0.309017 -0.111550
-0.035767 0.072754 -0.133057 -0.069541 0.141455 -0.258701
0.009399 0.043457 -0.185913 0.018275 0.084493 -0.361469
0.021240 0.035767 -0.187744 0.041297 0.069541 -0.365029
0.028687 0.037109 -0.140991 0.055775 0.072151 -0.274128
0.037720 0.025879 -0.119263 0.073338 0.050316 -0.231881
0.051880 -0.011230 -0.126953 0.100870 -0.021835 -0.246834
0.040771 -0.042480 -0.139282 0.079272 -0.082594 -0.270805
0.029785 -0.031372 -0.139038 0.057911 -0.060996 -0.270331
0.013184 0.004883 -0.137085 0.025633 0.009494 -0.266533
-0.008057 0.030273 -0.149780 -0.015664 0.058860 -0.291217
-0.047485 0.047485 -0.180054 -0.092325 0.092325 -0.350077
-0.049438 0.039063 -0.168213 -0.096123 0.075949 -0.327055
-0.035400 0.053345 -0.135864 -0.068829 0.103718 -0.264160
-0.020996 0.043945 -0.098022 -0.040823 0.085443 -0.190584
-0.029297 0.048218 -0.092651 -0.056962 0.093749 -0.180141
-0.042725 0.053345 -0.097900 -0.083069 0.103718 -0.190347
-0.034668 0.056885 -0.094238 -0.067405 0.110601 -0.183227
-0.009033 0.059692 -0.083862 -0.017563 0.116059 -0.163053
0.004883 0.064819 -0.077148 0.009494 0.126028 -0.149999
0.001709 0.082153 -0.075439 0.003323 0.159730 -0.146676
-0.001099 0.074219 -0.067505 -0.002136 0.144303 -0.131249
-0.017578 0.062256 -0.062256 -0.034177 0.121044 -0.121044
-0.034302 0.080811 -0.064087 -0.066693 0.157119 -0.124604
