0.322266 -0.317139 -0.425415 0.626578 -0.616610 -0.827131
0.338989 -0.217163 -0.434448 0.659094 -0.422228 -0.844694
0.197266 -0.028076 -0.386841 0.383542 -0.054588 -0.752131
0.020996 0.260986 -0.252686 0.040823 0.507434 -0.491294
-0.224609 0.270508 -0.013794 -0.436706 0.525946 -0.026819
-0.308594 0.427246 0.201050 -0.599996 0.830691 0.390899
-0.484985 0.411743 0.058594 -0.942953 0.800549 0.113923
-0.703735 -0.117432 0.362427 -1.368267 -0.228321 0.704663
-0.955933 -0.376953 0.502686 -1.858612 -0.732907 0.977367
-1.211060 -0.399414 0.502075 -2.354653 -0.776577 0.976181
-1.415405 -0.316040 0.587280 -2.751961 -0.614474 1.141844
-1.621216 -0.253296 0.329834 -3.152116 -0.492481 0.641293
-1.125732 -0.088989 -0.254395 -2.188752 -0.173021 -0.494617
-0.418457 -0.114624 -0.814209 -0.813603 -0.222863 -1.583060
-0.062378 -0.073975 -1.224976 -0.121281 -0.143828 -2.381710
0.129028 0.160156 -1.329468 0.250869 0.311390 -2.584873
0.342896 0.562500 -1.519409 0.666689 1.093664 -2.954175
0.505615 1.054199 -1.672974 0.983063 2.049671 -3.252748
0.731689 0.841919 -1.537842 1.422618 1.636936 -2.990013
1.049683 0.338013 -0.820313 2.040889 0.657195 -1.594927
1.397461 0.132324 -0.129395 2.717072 0.257277 -0.251581
1.585449 0.100708 0.224243 3.082576 0.195806 0.435994
1.555786 -0.044067 0.439697 3.024902 -0.085680 0.854900
1.401489 0.124146 0.703125 2.724904 0.241375 1.367080
1.200684 0.650757 1.128662 2.334479 1.265261 2.194448
0.814941 0.244995 1.281006 1.584484 0.476342 2.490649
0.484619 -0.408936 0.827271 0.942241 -0.795090 1.608455
-0.066772 -0.268433 0.479736 -0.129825 -0.521911 0.932747
-0.721802 0.044189 0.566406 -1.403393 0.085917 1.101259
-1.160889 0.158447 0.645264 -2.257106 0.308068 1.254581
-1.417603 0.224609 0.238281 -2.756233 0.436706 0.463288
-1.533447 0.202759 -0.556763 -2.981469 0.394222 -1.082509
-1.706787 0.521729 -0.988037 -3.318492 1.014392 -1.921032
-1.903442 0.469727 -0.969482 -3.700847 0.913285 -1.884957
-1.222534 0.212036 -0.621948 -2.376963 0.412260 -1.209249
-0.396240 0.247192 -0.321167 -0.770407 0.480614 -0.624442
-0.145264 -0.034912 -0.242310 -0.282435 -0.067879 -0.471120
-0.031738 -0.161865 -0.154053 -0.061708 -0.314713 -0.299523
0.089966 -0.067749 -0.091797 0.174920 -0.131724 -0.178480
0.165161 -0.073608 -0.033447 0.321121 -0.143116 -0.065031
0.197998 -0.174072 -0.056152 0.384966 -0.338447 -0.109177
0.207886 -0.132813 -0.125977 0.404191 -0.258226 -0.244935
0.159668 -0.099487 -0.173218 0.310441 -0.193432 -0.336786
0.034180 -0.085815 -0.150146 0.066455 -0.166850 -0.291929
-0.104614 0.009766 -0.109985 -0.203401 0.018987 -0.213844
-0.212036 0.082153 -0.121460 -0.412260 0.159730 -0.236154
-0.279907 0.067993 -0.135010 -0.544221 0.132199 -0.262498
-0.184692 0.049194 -0.083618 -0.359096 0.095648 -0.162578
0.008179 -0.074829 0.002563 0.015902 -0.145490 0.004984
0.094116 -0.175537 -0.015259 0.182989 -0.341295 -0.029668
0.085205 -0.150879 -0.029785 0.165664 -0.293353 -0.057911
0.048096 0.026001 -0.062134 0.093512 0.050553 -0.120806
0.007324 0.069702 -0.084839 0.014240 0.135521 -0.164952
0.039795 0.015991 -0.091064 0.077373 0.031092 -0.177056
0.037476 -0.068359 -0.103271 0.072863 -0.132911 -0.200790
0.048584 -0.039673 -0.112915 0.094461 -0.077136 -0.219540
0.031738 0.044067 -0.128418 0.061708 0.085680 -0.249682
-0.000488 0.064575 -0.131714 -0.000949 0.125553 -0.256090
-0.018555 0.029541 -0.153931 -0.036076 0.057436 -0.299286
0.001343 -0.001831 -0.155029 0.002611 -0.003560 -0.301422
0.012573 -0.003174 -0.135010 0.024446 -0.006171 -0.262498
0.009399 -0.008545 -0.099976 0.018275 -0.016614 -0.194382
0.004150 0.007813 -0.115845 0.008070 0.015190 -0.225236
-0.020630 -0.004272 -0.137207 -0.040111 -0.008307 -0.266770
-0.039673 -0.014771 -0.130249 -0.077136 -0.028718 -0.253242
-0.052856 -0.004150 -0.106079 -0.102768 -0.008070 -0.206249
-0.085815 0.018066 -0.128052 -0.166850 0.035126 -0.248970
-0.101929 0.001587 -0.163452 -0.198179 0.003085 -0.317799
-0.082031 0.024170 -0.183350 -0.159493 0.046993 -0.356485
-0.083618 0.039917 -0.168823 -0.162578 0.077610 -0.328242
-0.080078 0.012085 -0.158691 -0.155695 0.023497 -0.308542
-0.062256 -0.013306 -0.144409 -0.121044 -0.025870 -0.280774
-0.038452 -0.007690 -0.133911 -0.074762 -0.014952 -0.260362
-0.029175 0.010620 -0.119629 -0.056724 0.020649 -0.232593
-0.024658 0.011353 -0.122681 -0.047943 0.022073 -0.238527
-0.026001 0.017334 -0.127319 -0.050553 0.033702 -0.247546
-0.026978 0.038574 -0.118164 -0.052452 0.075000 -0.229745
-0.025879 0.019409 -0.104492 -0.050316 0.037737 -0.203163
-0.028442 0.012085 -0.112305 -0.055300 0.023497 -0.218353
-0.042847 0.006104 -0.122681 -0.083306 0.011867 -0.238527
