-0.077759 0.185303 -0.249023 -0.151186 0.360283 -0.484174
-0.002197 0.449463 -0.048828 -0.004272 0.873887 -0.094936
-0.109253 0.399902 0.085205 -0.212420 0.777527 0.165664
-0.256470 0.219849 0.207031 -0.498652 0.427450 0.402529
-0.362793 -0.237061 0.323608 -0.705375 -0.460915 0.629189
-0.460571 -0.435791 0.435669 -0.895485 -0.847305 0.847067
-0.594604 -0.158813 0.606689 -1.156085 -0.308780 1.179581
-0.668335 0.221924 0.737549 -1.299438 0.431485 1.434010
-0.937500 0.240723 0.582764 -1.822773 0.468035 1.133062
-1.128662 0.186035 0.508057 -2.194448 0.361707 0.987810
-1.145386 0.251465 0.551514 -2.226964 0.488921 1.072303
-1.181519 0.360352 0.270264 -2.297217 0.700629 0.525471
-1.151855 0.137573 -0.121460 -2.239543 0.267482 -0.236154
-1.060303 0.020264 -0.400635 -2.061538 0.039398 -0.778951
-1.084839 0.177002 -0.565796 -2.109243 0.344143 -1.100072
-1.054077 0.251465 -0.751465 -2.049433 0.488921 -1.461067
-0.764648 0.208740 -0.967529 -1.486700 0.405852 -1.881159
-0.388550 0.147095 -1.124023 -0.755454 0.285995 -2.185429
-0.000732 0.111938 -1.259644 -0.001424 0.217641 -2.449114
0.416138 0.120605 -1.328857 0.809093 0.234492 -2.583686
0.850220 0.145142 -1.297119 1.653075 0.282198 -2.521978
1.228394 0.122192 -1.147827 2.388355 0.237578 -2.231711
1.500488 0.059204 -0.922729 2.917387 0.115110 -1.794055
1.623535 0.080688 -0.669800 3.156626 0.156882 -1.302286
1.551636 0.054321 -0.471191 3.016832 0.105616 -0.916134
1.412476 0.136475 -0.175171 2.746264 0.265346 -0.340583
1.276367 0.328735 -0.011475 2.481630 0.639157 -0.022310
1.082397 0.399902 0.073242 2.104496 0.777527 0.142404
0.913330 0.255737 0.054688 1.775780 0.497228 0.106328
0.779541 0.135132 0.063477 1.515655 0.262736 0.123417
0.708008 -0.008179 0.130615 1.376574 -0.015902 0.253954
0.610840 -0.034424 0.137085 1.187651 -0.066930 0.266533
0.399170 -0.014160 0.107788 0.776103 -0.027531 0.209571
0.173706 0.026855 0.165527 0.337735 0.052215 0.321833
-0.096558 0.027344 0.338379 -0.187736 0.053164 0.657907
-0.417847 0.029053 0.447998 -0.812416 0.056487 0.871039
-0.594971 0.054688 0.442139 -1.156797 0.106328 0.859646
-0.663818 0.022827 0.434448 -1.290656 0.044383 0.844694
-0.767944 -0.001343 0.438232 -1.493108 -0.002611 0.852052
-0.942383 0.011597 0.452759 -1.832267 0.022547 0.880295
-1.265259 0.011353 0.464111 -2.460032 0.022073 0.902368
-1.452026 0.253052 0.296021 -2.823163 0.492006 0.575550
-1.449463 0.345703 0.138306 -2.818179 0.672148 0.268907
-1.439331 0.258301 0.125610 -2.798479 0.502212 0.244223
-1.396851 0.388428 0.106812 -2.715885 0.755217 0.207673
-1.133179 0.420654 -0.006104 -2.203230 0.817875 -0.011867
-0.862671 0.265869 -0.150757 -1.677284 0.516927 -0.293115
-0.698486 0.264404 -0.127075 -1.358061 0.514079 -0.247071
-0.552979 0.354614 -0.015869 -1.075151 0.689474 -0.030854
-0.425415 0.329346 0.037842 -0.827131 0.640344 0.073575
-0.283325 0.260010 0.041016 -0.550867 0.505535 0.079746
-0.124878 0.160156 0.042480 -0.242799 0.311390 0.082594
-0.043335 0.095459 0.019653 -0.084256 0.185600 0.038212
-0.018677 0.080933 -0.003296 -0.036313 0.157357 -0.006408
0.025269 0.072876 -0.024902 0.049129 0.141692 -0.048417
0.038818 0.064087 -0.053223 0.075474 0.124604 -0.103480
0.025269 0.046753 -0.109009 0.049129 0.090901 -0.211945
0.025146 0.009277 -0.135010 0.048892 0.018038 -0.262498
0.040771 -0.027710 -0.110962 0.079272 -0.053876 -0.215742
0.074951 -0.014038 -0.111572 0.145727 -0.027294 -0.216929
0.064331 0.008911 -0.138306 0.125078 0.017326 -0.268907
0.014404 0.027100 -0.169800 0.028006 0.052690 -0.330140
-0.010498 0.057129 -0.190063 -0.020411 0.111075 -0.369539
-0.021484 0.070923 -0.217407 -0.041772 0.137895 -0.422703
-0.046265 0.054321 -0.255615 -0.089952 0.105616 -0.496991
-0.099976 0.048584 -0.285034 -0.194382 0.094461 -0.554190
-0.117188 0.022949 -0.249146 -0.227847 0.044620 -0.484412
-0.092773 0.019287 -0.186279 -0.180379 0.037500 -0.362181
-0.068115 0.070190 -0.164185 -0.132436 0.136471 -0.319223
-0.041748 0.075195 -0.158691 -0.081170 0.146202 -0.308542
-0.052979 0.080688 -0.161499 -0.103006 0.156882 -0.314001
-0.003906 0.070923 -0.130371 -0.007595 0.137895 -0.253479
0.011597 0.044556 -0.110107 0.022547 0.086629 -0.214081
0.023315 0.020020 -0.093262 0.045332 0.038924 -0.181328
0.040039 0.023315 -0.088257 0.077848 0.045332 -0.171597
0.031250 0.031982 -0.087280 0.060759 0.062183 -0.169698
0.044312 0.032349 -0.091064 0.086155 0.062895 -0.177056
0.046265 0.034668 -0.122925 0.089952 0.067405 -0.239002
0.048218 0.008057 -0.156860 0.093749 0.015664 -0.304982
0.041504 -0.012817 -0.182373 0.080696 -0.024921 -0.354586
