-0.285767 0.039429 -0.179810 -0.555614 0.076661 -0.349602
-0.225220 0.054443 -0.219849 -0.437893 0.105854 -0.427450
-0.246704 -0.140259 -0.278076 -0.479665 -0.272704 -0.540661
-0.136353 -0.250488 -0.170898 -0.265109 -0.487022 -0.332276
0.131226 -0.330322 -0.010376 0.255141 -0.642243 -0.020174
0.373901 -0.223511 0.215210 0.726973 -0.434570 0.418431
0.310181 -0.117188 0.522461 0.603082 -0.227847 1.015816
0.401245 0.092896 0.610474 0.780138 0.180616 1.186939
0.621094 -0.129028 0.380493 1.207587 -0.250869 0.739790
1.006470 -0.357788 0.187500 1.956871 -0.695644 0.364555
1.318848 -0.452637 -0.051392 2.564224 -0.880058 -0.099920
1.317261 -0.381592 -0.253906 2.561139 -0.741926 -0.493668
1.233765 -0.258545 -0.215088 2.398798 -0.502687 -0.418194
1.266724 -0.231445 -0.197388 2.462880 -0.449997 -0.383779
1.020630 0.006958 -0.092407 1.984402 0.013528 -0.179667
0.708252 -0.080933 -0.173950 1.377048 -0.157357 -0.338210
0.560669 -0.047974 -0.345093 1.090104 -0.093275 -0.670961
0.534546 0.076172 -0.510864 1.039313 0.148100 -0.993269
0.529541 -0.113159 -0.766235 1.029582 -0.220014 -1.489785
0.504272 -0.347534 -1.083374 0.980453 -0.675708 -2.106395
0.432373 -0.663208 -1.500122 0.840659 -1.289470 -2.916675
0.364868 -0.719727 -1.773315 0.709410 -1.399358 -3.447842
0.174683 -0.381592 -1.727051 0.339634 -0.741926 -3.357890
-0.146362 0.130493 -1.441528 -0.284571 0.253717 -2.802752
-0.593262 0.574097 -1.005859 -1.153474 1.116211 -1.955684
-1.034180 0.771729 -0.636230 -2.010747 1.500465 -1.237018
-1.326904 0.494019 -0.434326 -2.579889 0.960516 -0.844457
-1.355835 -0.117676 -0.248657 -2.636138 -0.228796 -0.483462
-1.061646 -0.318481 0.170776 -2.064148 -0.619221 0.332039
-0.707153 -0.244873 0.697021 -1.374912 -0.476105 1.355213
-0.474365 -0.390503 1.123291 -0.922304 -0.759252 2.184005
-0.172729 -0.571777 1.427124 -0.335836 -1.111702 2.774745
0.163086 -0.682983 1.473999 0.317087 -1.327919 2.865884
0.518311 -0.417114 1.216553 1.007747 -0.810992 2.365333
0.718506 -0.136230 0.785767 1.396985 -0.264872 1.527759
0.748291 -0.048584 0.380005 1.454896 -0.094461 0.738840
0.661987 0.027344 0.096924 1.287096 0.053164 0.188448
0.522095 0.086426 -0.084717 1.015104 0.168037 -0.164714
0.337402 0.127686 -0.191528 0.656009 0.248258 -0.372387
0.104736 0.121582 -0.259277 0.203638 0.236391 -0.504111
-0.123413 0.056274 -0.311768 -0.239951 0.109414 -0.606167
-0.341797 -0.028931 -0.380493 -0.664553 -0.056250 -0.739790
-0.576538 -0.070801 -0.471313 -1.120958 -0.137657 -0.916371
-0.821289 0.070313 -0.582397 -1.596825 0.136708 -1.132350
-0.960205 0.315552 -0.748657 -1.866919 0.613525 -1.455608
-1.005981 0.334351 -1.004761 -1.955921 0.650075 -1.953548
-1.049805 0.262573 -1.259033 -2.041126 0.510519 -2.447928
-1.019043 0.210083 -1.339966 -1.981317 0.408463 -2.605284
-0.874268 0.181641 -1.244995 -1.699831 0.353162 -2.420634
-0.706177 0.178345 -1.120239 -1.373013 0.346754 -2.178072
-0.669556 0.329102 -0.994751 -1.301811 0.639869 -1.934086
-0.528198 0.386841 -0.773926 -1.026971 0.752131 -1.504737
-0.278809 0.204956 -0.566406 -0.542085 0.398494 -1.101259
-0.125488 0.139404 -0.483276 -0.243986 0.271043 -0.939630
-0.009033 0.053955 -0.448975 -0.017563 0.104904 -0.872938
0.006836 0.064331 -0.366333 0.013291 0.125078 -0.712258
0.024048 0.124512 -0.231079 0.046756 0.242087 -0.449285
0.040039 0.149048 -0.178833 0.077848 0.289792 -0.347704
0.030396 0.159912 -0.176147 0.059098 0.310916 -0.342482
0.026855 0.133057 -0.166382 0.052215 0.258701 -0.323495
0.020020 0.103149 -0.150513 0.038924 0.200553 -0.292641
-0.019409 0.074219 -0.126221 -0.037737 0.144303 -0.245410
-0.043091 0.003784 -0.080811 -0.083781 0.007358 -0.157119
-0.067139 -0.007446 -0.030640 -0.130537 -0.014478 -0.059572
-0.077393 -0.006226 -0.028931 -0.150474 -0.012104 -0.056250
-0.097778 -0.028687 -0.048950 -0.190110 -0.055775 -0.095173
-0.102905 -0.032104 -0.060791 -0.200078 -0.062420 -0.118195
-0.092285 0.005371 -0.073608 -0.179429 0.010443 -0.143116
-0.057373 0.001465 -0.089111 -0.111550 0.002848 -0.173258
-0.027100 -0.016602 -0.111816 -0.052690 -0.032278 -0.217404
-0.026001 -0.020142 -0.100586 -0.050553 -0.039161 -0.195568
-0.015381 -0.017578 -0.081787 -0.029905 -0.034177 -0.159018
-0.004395 0.006226 -0.087402 -0.008544 0.012104 -0.169936
0.014160 0.019409 -0.079224 0.027531 0.037737 -0.154034
0.035400 0.006226 -0.073853 0.068829 0.012104 -0.143591
0.048218 0.010498 -0.090698 0.093749 0.020411 -0.176344
0.054932 0.005981 -0.114014 0.106803 0.011630 -0.221676
0.044678 0.007202 -0.130005 0.086867 0.014003 -0.252767
0.021484 0.012451 -0.131958 0.041772 0.024209 -0.256565
-0.007324 0.038696 -0.126099 -0.014240 0.075237 -0.245173
