-0.290405 0.144775 -0.092407 -0.564633 0.281486 -0.179667
-0.480103 0.168213 0.140137 -0.933459 0.327055 0.272467
-0.552612 0.059448 0.059814 -1.074440 0.115585 0.116297
-0.455688 0.254639 0.001831 -0.885991 0.495092 0.003560
-0.507202 0.095703 -0.218750 -0.986149 0.186075 -0.425314
-0.721924 -0.376221 -0.393066 -1.403630 -0.731483 -0.764236
-0.816650 -0.404541 -0.329834 -1.587806 -0.786546 -0.641293
-0.962646 -0.496704 -0.350342 -1.871665 -0.965738 -0.681167
-1.411377 -0.481445 -0.289063 -2.744128 -0.936070 -0.562022
-1.936890 0.124512 -0.023926 -3.765878 0.242087 -0.046519
-2.380615 1.725830 0.187744 -4.628610 3.355517 0.365029
-1.896606 0.831055 -0.016602 -3.687556 1.615813 -0.032278
-1.116211 -0.181885 0.046143 -2.170239 -0.353637 0.089715
-0.674438 -0.231812 0.184204 -1.311305 -0.450709 0.358146
-0.500000 -0.242065 0.169189 -0.972146 -0.470646 0.328954
-0.112549 -0.153076 0.056152 -0.218828 -0.297625 0.109177
0.576538 -0.270996 -0.162598 1.120958 -0.526895 -0.316137
1.105469 -0.194702 -0.340820 2.149354 -0.378558 -0.662654
1.499268 -0.226929 -0.538574 2.915013 -0.441216 -1.047145
1.776245 -0.301880 -0.637573 3.453538 -0.586943 -1.239628
1.941406 -0.077515 -0.569946 3.774660 -0.150711 -1.108142
2.057617 0.078979 -0.412598 4.000608 0.153559 -0.802210
2.061401 0.115356 -0.257813 4.007966 0.224287 -0.501263
1.774048 0.363770 -0.271484 3.449266 0.707274 -0.527845
1.421875 0.483643 -0.426758 2.764540 0.940342 -0.829742
1.084473 0.311157 -0.535767 2.108531 0.604980 -1.041687
0.784180 0.168457 -0.573242 1.524674 0.327530 -1.114550
0.373535 -0.041870 -0.608887 0.726261 -0.081408 -1.183853
-0.053345 -0.212402 -0.664429 -0.103718 -0.412972 -1.291843
-0.370850 -0.076294 -0.721924 -0.721040 -0.148338 -1.403630
-0.669434 0.217163 -0.758667 -1.301574 0.422228 -1.475070
-0.945923 0.096558 -0.735229 -1.839150 0.187736 -1.429501
-1.220825 -0.098999 -0.674683 -2.373640 -0.192483 -1.311780
-1.462646 -0.220947 -0.525635 -2.843811 -0.429586 -1.021987
-1.658569 -0.256958 -0.418335 -3.224742 -0.499601 -0.813365
-2.053101 -0.353638 -0.400879 -3.991826 -0.687575 -0.779426
-2.465210 -0.753540 -0.660156 -4.793087 -1.465102 -1.283536
-2.072754 -0.648071 -0.821045 -4.030038 -1.260040 -1.596351
-1.088623 -0.046753 -0.549561 -2.116601 -0.090901 -1.068506
-0.299683 0.378296 -0.158691 -0.582670 0.735518 -0.308542
0.160889 0.443970 0.046387 0.312815 0.863207 0.090189
0.184570 0.222534 0.082764 0.358858 0.432671 0.160917
0.246826 -0.079956 -0.130493 0.479902 -0.155458 -0.253717
0.503052 -0.180420 -0.043335 0.978079 -0.350789 -0.084256
0.560425 -0.171997 0.020142 1.089629 -0.334412 0.039161
0.496582 -0.135498 0.104370 0.965500 -0.263448 0.202926
0.388062 -0.025146 0.081909 0.754505 -0.048892 0.159255
0.240356 0.179077 -0.054199 0.467323 0.348178 -0.105379
0.074219 0.123047 -0.113281 0.144303 0.239239 -0.220252
-0.045776 0.127808 -0.095947 -0.089003 0.248495 -0.186549
-0.109131 0.140503 -0.106689 -0.212182 0.273179 -0.207435
-0.181519 0.066772 -0.080933 -0.352925 0.129825 -0.157357
-0.197998 0.010132 -0.067749 -0.384966 0.019699 -0.131724
-0.111328 0.084351 -0.057617 -0.216454 0.164002 -0.112025
-0.054077 0.057617 -0.049927 -0.105142 0.112025 -0.097072
-0.039673 0.035767 -0.073853 -0.077136 0.069541 -0.143591
-0.002197 0.016479 -0.093262 -0.004272 0.032041 -0.181328
0.017700 0.045532 -0.084351 0.034414 0.088528 -0.164002
0.017700 0.057983 -0.076660 0.034414 0.112737 -0.149050
0.046997 0.070557 -0.090332 0.091376 0.137183 -0.175632
0.044189 0.045654 -0.119751 0.085917 0.088765 -0.232831
0.018433 0.000488 -0.121216 0.035838 0.000949 -0.235679
0.004272 -0.006958 -0.113037 0.008307 -0.013528 -0.219777
-0.015869 0.006104 -0.118408 -0.030854 0.011867 -0.230220
-0.031860 0.007446 -0.125610 -0.061946 0.014478 -0.244223
-0.019043 0.010620 -0.124390 -0.037025 0.020649 -0.241850
-0.013916 0.013306 -0.125732 -0.027057 0.025870 -0.244460
-0.019043 0.052856 -0.122070 -0.037025 0.102768 -0.237340
-0.025024 0.029541 -0.114380 -0.048655 0.057436 -0.222388
-0.053345 0.017334 -0.138306 -0.103718 0.033702 -0.268907
-0.061279 -0.012207 -0.136719 -0.119145 -0.023734 -0.265821
-0.045166 -0.021729 -0.116943 -0.087816 -0.042247 -0.227372
-0.029053 -0.011963 -0.102783 -0.056487 -0.023259 -0.199841
-0.021973 0.010010 -0.092163 -0.042721 0.019462 -0.179192
-0.010376 0.028320 -0.099609 -0.020174 0.055063 -0.193670
0.015625 0.049072 -0.100708 0.030380 0.095411 -0.195806
0.066162 0.116699 -0.093384 0.128638 0.226897 -0.181565
0.061890 0.031128 -0.097168 0.120332 0.060522 -0.188923
0.029785 0.027588 -0.083374 0.057911 0.053639 -0.162103
-0.036499 -0.036133 -0.112183 -0.070965 -0.070253 -0.218116
