0.246704 0.159424 -0.156372 0.479665 0.309966 -0.304033
0.012451 0.035645 -0.005859 0.024209 0.069303 -0.011392
-0.200562 -0.058838 -0.081665 -0.389950 -0.114398 -0.158781
-0.294800 -0.073120 -0.070435 -0.573177 -0.142167 -0.136945
-0.389648 -0.185303 -0.039917 -0.757590 -0.360283 -0.077610
-0.477417 -0.083374 -0.200439 -0.928238 -0.162103 -0.389713
-0.554199 -0.064941 -0.436279 -1.077525 -0.126265 -0.848254
-0.541138 0.141235 -0.267090 -1.052130 0.274603 -0.519301
-0.928467 0.336426 -0.166870 -1.805210 0.654110 -0.324444
-1.190063 0.427490 -0.182129 -2.313830 0.831166 -0.354112
-1.358521 0.449219 -0.314087 -2.641360 0.873412 -0.610677
-1.544556 0.392700 -0.414185 -3.003067 0.763524 -0.805296
-2.163818 0.264648 -0.470459 -4.207094 0.514554 -0.914709
-2.142822 0.653564 -0.169800 -4.166271 1.270720 -0.330140
-1.573364 0.955688 -0.072144 -3.059079 1.858137 -0.140268
-1.349365 0.724243 -0.179932 -2.623559 1.408140 -0.349840
-1.312622 0.215942 -0.357910 -2.552120 0.419855 -0.695882
-0.884766 -0.098633 -0.226196 -1.720242 -0.191771 -0.439792
-0.057739 -0.185913 0.010864 -0.112262 -0.361469 0.021123
0.354370 -0.216064 -0.050049 0.688999 -0.420092 -0.097310
0.600220 -0.368164 -0.140259 1.167002 -0.715818 -0.272704
0.931030 -0.527588 -0.154297 1.810194 -1.025785 -0.299998
1.205200 -0.571167 -0.193115 2.343261 -1.110515 -0.375472
1.364014 -0.586060 -0.260254 2.652040 -1.139471 -0.506009
1.695313 -0.514771 -0.324341 3.296182 -1.000864 -0.630613
1.785034 -0.346436 -0.401367 3.470627 -0.673572 -0.780375
1.702148 -0.098267 -0.492188 3.309473 -0.191059 -0.956956
1.390381 -0.103271 -0.570313 2.703306 -0.200790 -1.108854
0.977295 -0.202515 -0.551636 1.900146 -0.393748 -1.072541
0.672852 -0.157837 -0.581909 1.308220 -0.306881 -1.131401
0.620361 -0.009766 -0.540161 1.206163 -0.018987 -1.050231
0.637329 0.067261 -0.532104 1.239154 0.130774 -1.034566
0.478394 0.133911 -0.574463 0.930137 0.260362 -1.116923
0.066040 0.146118 -0.759155 0.128401 0.284096 -1.476019
-0.269653 0.147339 -0.812744 -0.524285 0.286470 -1.580212
-0.546997 0.164429 -0.750488 -1.063522 0.319697 -1.459168
-0.840088 0.241699 -0.588867 -1.633376 0.469934 -1.144930
-1.305176 0.280396 -0.588257 -2.537642 0.545171 -1.143743
-1.829468 0.384521 -0.597900 -3.557019 0.747622 -1.162493
-2.297974 0.520752 -0.615601 -4.467931 1.012494 -1.196907
-2.419312 0.483643 -0.524292 -4.703847 0.940342 -1.019377
-1.562012 0.829834 -0.305664 -3.037006 1.613439 -0.594300
-0.721313 0.871094 -0.350952 -1.402444 1.693660 -0.682353
-0.435181 0.489990 -0.390259 -0.846118 0.952684 -0.758777
-0.187988 0.264893 -0.352661 -0.365504 0.515028 -0.685676
-0.021484 0.240479 -0.306641 -0.041772 0.467560 -0.596199
0.018311 0.190186 -0.228516 0.035601 0.369776 -0.444301
0.059937 0.110107 -0.153442 0.116534 0.214081 -0.298337
0.131714 0.020874 -0.091187 0.256090 0.040585 -0.177293
0.202393 -0.044922 -0.069092 0.393510 -0.087341 -0.134335
0.255981 -0.073486 -0.075195 0.497703 -0.142879 -0.146202
0.262695 -0.046875 -0.063477 0.510756 -0.091139 -0.123417
0.224487 -0.019287 -0.054810 0.436469 -0.037500 -0.106566
0.205933 -0.003784 -0.040771 0.400393 -0.007358 -0.079272
0.166382 -0.026367 -0.038208 0.323495 -0.051266 -0.074288
0.096191 -0.040771 -0.041382 0.187024 -0.079272 -0.080458
0.039307 -0.001099 -0.035767 0.076424 -0.002136 -0.069541
0.020630 0.025269 -0.064697 0.040111 0.049129 -0.125790
-0.005249 0.014771 -0.090820 -0.010206 0.028718 -0.176581
-0.009277 -0.026978 -0.077515 -0.018038 -0.052452 -0.150711
-0.036377 -0.045044 -0.056519 -0.070727 -0.087579 -0.109889
-0.064453 -0.020630 -0.113892 -0.125316 -0.040111 -0.221438
-0.076904 -0.004883 -0.149658 -0.149524 -0.009494 -0.290979
-0.076782 -0.028442 -0.138794 -0.149287 -0.055300 -0.269856
-0.067017 -0.045410 -0.114136 -0.130300 -0.088291 -0.221913
-0.047119 -0.040283 -0.074097 -0.091613 -0.078322 -0.144066
-0.019897 -0.057373 -0.068359 -0.038686 -0.111550 -0.132911
-0.007202 -0.058105 -0.079834 -0.014003 -0.112974 -0.155221
-0.011963 -0.055298 -0.086426 -0.023259 -0.107515 -0.168037
-0.009888 -0.053101 -0.076294 -0.019225 -0.103243 -0.148338
-0.012451 -0.040527 -0.078857 -0.024209 -0.078797 -0.153322
-0.012329 -0.048706 -0.052490 -0.023971 -0.094699 -0.102056
-0.038940 -0.051880 -0.039795 -0.075712 -0.100870 -0.077373
-0.053589 -0.039673 -0.034302 -0.104192 -0.077136 -0.066693
-0.062866 -0.042358 -0.041504 -0.122230 -0.082357 -0.080696
-0.057861 -0.028931 -0.042236 -0.112499 -0.056250 -0.082120
-0.034546 -0.017700 -0.043213 -0.067167 -0.034414 -0.084018
-0.009766 -0.046997 -0.031738 -0.018987 -0.091376 -0.061708
-0.014771 -0.067505 -0.019653 -0.028718 -0.131249 -0.038212
-0.016113 -0.097168 -0.006714 -0.031329 -0.188923 -0.013054
