-0.214355 0.387207 -0.170410 -0.416770 0.752843 -0.331327
-0.112427 0.514404 -0.213989 -0.218590 1.000152 -0.416058
0.036987 0.300293 -0.178955 0.071914 0.583857 -0.347941
-0.157349 0.102783 -0.037231 -0.305932 0.199841 -0.072389
-0.551270 -0.234131 0.040039 -1.071829 -0.455219 0.077848
-0.934814 -0.673828 0.065308 -1.817552 -1.310118 0.126977
-1.262329 -0.231689 0.167114 -2.454336 -0.450472 0.324919
-1.593750 0.352295 0.090454 -3.098715 0.684964 0.175869
-1.728271 0.622314 -0.210815 -3.360264 1.209961 -0.409887
-1.392700 0.325439 -0.215698 -2.707815 0.632749 -0.419380
-1.047974 0.146484 -0.050537 -2.037566 0.284808 -0.098259
-0.825439 0.267334 0.007324 -1.604895 0.519775 0.014240
-0.679199 0.217285 0.036377 -1.320561 0.422466 0.070727
-0.472778 0.066528 0.082764 -0.919219 0.129350 0.160917
0.016724 -0.124512 0.153320 0.032516 -0.242087 0.298099
0.394409 -0.216064 0.192749 0.766846 -0.420092 0.374760
0.602539 -0.237305 0.046021 1.171512 -0.461390 0.089477
0.895020 -0.312378 -0.162598 1.740179 -0.607354 -0.316137
1.112305 -0.410400 -0.365967 2.162645 -0.797938 -0.711546
1.181519 -0.447021 -0.476685 2.297217 -0.869140 -0.926814
1.178955 -0.387451 -0.570679 2.292233 -0.753318 -1.109566
1.061768 -0.320190 -0.614136 2.064386 -0.622544 -1.194059
0.968140 -0.299683 -0.633911 1.882346 -0.582670 -1.232508
0.882202 -0.304688 -0.631470 1.715258 -0.592401 -1.227761
0.736938 -0.314941 -0.630371 1.432823 -0.612338 -1.225625
0.600342 -0.287598 -0.546143 1.167240 -0.559174 -1.061860
0.368774 -0.120728 -0.511230 0.717005 -0.234730 -0.993981
0.002319 0.054810 -0.475220 0.004509 0.106566 -0.923966
-0.252563 0.102539 -0.432739 -0.491057 0.199366 -0.841371
-0.474243 0.111694 -0.372314 -0.922067 0.217166 -0.723888
-0.742798 0.138672 -0.319580 -1.444216 0.269619 -0.621357
-1.077271 0.163330 -0.285889 -2.094528 0.317561 -0.555851
-1.266724 0.157227 -0.199585 -2.462880 0.305694 -0.388051
-1.488647 0.201660 -0.157471 -2.894365 0.392086 -0.306169
-1.662476 0.398682 -0.156616 -3.232337 0.775153 -0.304508
-1.431152 0.439575 -0.144287 -2.782578 0.854662 -0.280536
-1.218872 0.406250 -0.208496 -2.369843 0.789868 -0.405377
-1.000854 0.278320 -0.188599 -1.945953 0.541136 -0.366691
-0.719238 0.192871 -0.090942 -1.398409 0.374998 -0.176819
-0.544067 0.213989 -0.061523 -1.057826 0.416058 -0.119620
-0.334839 0.104614 -0.010132 -0.651024 0.203401 -0.019699
-0.241699 0.035278 0.006470 -0.469934 0.068591 0.012579
-0.197021 0.049683 -0.014648 -0.383067 0.096597 -0.028481
-0.101318 0.028076 -0.056641 -0.196992 0.054588 -0.110126
-0.011353 -0.002808 -0.104614 -0.022073 -0.005459 -0.203401
0.072998 -0.004517 -0.166504 0.141929 -0.008782 -0.323732
0.114258 -0.024292 -0.202759 0.222151 -0.047231 -0.394222
0.118530 -0.041016 -0.206665 0.230457 -0.079746 -0.401817
0.100830 -0.024780 -0.180298 0.196043 -0.048180 -0.350552
0.070923 0.001709 -0.168335 0.137895 0.003323 -0.327292
0.049927 0.005615 -0.165405 0.097072 0.010918 -0.321596
0.046631 0.012085 -0.153687 0.090664 0.023497 -0.298811
0.045288 0.023438 -0.128662 0.088053 0.045569 -0.250157
0.027710 0.022949 -0.117432 0.053876 0.044620 -0.228321
-0.002686 0.025879 -0.098145 -0.005221 0.050316 -0.190822
-0.036621 0.030029 -0.070313 -0.071202 0.058386 -0.136708
-0.062866 0.011719 -0.054810 -0.122230 0.022785 -0.106566
-0.081421 -0.012085 -0.050293 -0.158306 -0.023497 -0.097784
-0.049927 0.018555 -0.057251 -0.097072 0.036076 -0.111313
-0.014893 0.005615 -0.061035 -0.028956 0.010918 -0.118670
0.004028 -0.003784 -0.056885 0.007832 -0.007358 -0.110601
0.025269 -0.004517 -0.060913 0.049129 -0.008782 -0.118433
0.060791 0.003662 -0.070068 0.118195 0.007120 -0.136233
0.063965 -0.021484 -0.089233 0.124366 -0.041772 -0.173496
0.041382 -0.047363 -0.107178 0.080458 -0.092088 -0.208385
0.035400 -0.047852 -0.105591 0.068829 -0.093037 -0.205299
0.041016 -0.040771 -0.102661 0.079746 -0.079272 -0.199603
0.033936 -0.008301 -0.114014 0.065981 -0.016139 -0.221676
0.025269 0.004639 -0.121460 0.049129 0.009019 -0.236154
0.025513 0.006104 -0.115356 0.049604 0.011867 -0.224287
0.019165 0.011963 -0.116577 0.037262 0.023259 -0.226660
-0.015259 0.010254 -0.121948 -0.029668 0.019937 -0.237103
-0.035278 0.012573 -0.116455 -0.068591 0.024446 -0.226423
-0.031738 0.040649 -0.118530 -0.061708 0.079034 -0.230457
-0.045654 0.040283 -0.131958 -0.088765 0.078322 -0.256565
-0.057983 0.044678 -0.145142 -0.112737 0.086867 -0.282198
-0.048218 0.044434 -0.149170 -0.093749 0.086392 -0.290030
-0.026245 0.032349 -0.140869 -0.051028 0.062895 -0.273891
-0.010498 0.033569 -0.134033 -0.020411 0.065269 -0.260600
-0.005615 0.042114 -0.141235 -0.010918 0.081882 -0.274603
