-0.015381 0.124756 -0.011108 -0.029905 0.242562 -0.021598
-0.220581 0.112671 -0.008057 -0.428874 0.219065 -0.015664
-0.381470 0.063721 -0.003540 -0.741688 0.123892 -0.006883
-0.399658 0.060791 -0.072144 -0.777052 0.118195 -0.140268
-0.352417 0.076782 -0.047974 -0.685201 0.149287 -0.093275
-0.343750 0.230835 -0.290894 -0.668350 0.448810 -0.565582
-0.348999 0.416870 -0.490723 -0.678556 0.810517 -0.954108
-0.735474 0.184570 -0.380371 -1.429975 0.358858 -0.739552
-1.227173 0.278076 -0.000244 -2.385982 0.540661 -0.000475
-1.596191 0.552856 0.024902 -3.103462 1.074914 0.048417
-1.733276 0.789063 -0.083740 -3.369995 1.534168 -0.162815
-1.765503 0.852295 -0.047974 -3.432652 1.657110 -0.093275
-1.659790 0.735596 -0.080688 -3.227116 1.430212 -0.156882
-1.041382 0.761353 -0.228149 -2.024750 1.480291 -0.443589
-0.817871 0.656372 -0.161865 -1.590180 1.276179 -0.314713
-0.697754 0.560181 -0.096191 -1.356637 1.089155 -0.187024
-0.331055 0.329590 -0.029541 -0.643667 0.640819 -0.057436
-0.070190 -0.062134 -0.040039 -0.136471 -0.120806 -0.077848
0.129517 -0.326294 0.043091 0.251818 -0.634411 0.083781
0.338135 -0.400757 0.062134 0.657433 -0.779188 0.120806
0.618530 -0.444458 0.027588 1.202603 -0.864156 0.053639
0.843872 -0.487427 -0.043335 1.640733 -0.947700 -0.084256
1.074707 -0.536133 -0.146484 2.089544 -1.042399 -0.284808
1.162598 -0.558105 -0.320923 2.260429 -1.085120 -0.623968
1.163086 -0.520020 -0.473633 2.261378 -1.011070 -0.920880
1.194946 -0.480835 -0.489136 2.323324 -0.934883 -0.951023
1.381104 -0.375366 -0.519775 2.685268 -0.729821 -1.010595
1.508179 -0.137939 -0.591553 2.932339 -0.268195 -1.150151
1.319946 0.149048 -0.347900 2.566360 0.289792 -0.676420
0.783081 -0.218994 -0.459595 1.522538 -0.425788 -0.893586
0.434937 -0.413330 -0.745728 0.845643 -0.803634 -1.449912
0.299438 -0.141479 -0.761719 0.582196 -0.275077 -1.481003
0.199585 0.050659 -0.711304 0.388051 0.098496 -1.382982
0.012329 0.085571 -0.674683 0.023971 0.166376 -1.311780
-0.191040 -0.023071 -0.634399 -0.371438 -0.044857 -1.233457
-0.479858 -0.052612 -0.633423 -0.932985 -0.102294 -1.231559
-0.776978 -0.055298 -0.663940 -1.510671 -0.107515 -1.290894
-1.017090 0.023926 -0.602783 -1.977519 0.046519 -1.171986
-1.407837 0.200928 -0.541260 -2.737246 0.390662 -1.052367
-1.828003 0.420166 -0.504639 -3.554171 0.816925 -0.981165
-2.032837 0.451050 -0.361938 -3.952428 0.876972 -0.703714
-2.006592 0.421143 -0.165527 -3.901400 0.818824 -0.321833
-1.233887 0.603027 -0.133545 -2.399036 1.172461 -0.259650
-0.623047 0.527710 -0.100586 -1.211385 1.026022 -0.195568
-0.421997 0.394287 -0.117798 -0.820485 0.766609 -0.229033
-0.210327 0.215088 -0.165649 -0.408937 0.418194 -0.322071
-0.006714 0.133057 -0.149902 -0.013054 0.258701 -0.291454
0.029541 0.153564 -0.177246 0.057436 0.298574 -0.344618
0.033936 0.122925 -0.229858 0.065981 0.239002 -0.446912
0.077759 0.050171 -0.197998 0.151186 0.097547 -0.384966
0.145874 0.033813 -0.131836 0.283622 0.065743 -0.256328
0.186279 0.037964 -0.103027 0.362181 0.073813 -0.200315
0.236206 0.014648 -0.105225 0.459253 0.028481 -0.204587
0.225830 -0.007202 -0.144287 0.439080 -0.014003 -0.280536
0.234741 -0.064087 -0.118652 0.456405 -0.124604 -0.230695
0.196899 -0.138550 -0.078369 0.382830 -0.269381 -0.152372
0.130249 -0.172241 -0.051392 0.253242 -0.334887 -0.099920
0.076294 -0.158081 -0.028931 0.148338 -0.307356 -0.056250
0.045776 -0.082764 -0.059570 0.089003 -0.160917 -0.115822
0.035767 -0.015625 -0.081543 0.069541 -0.030380 -0.158543
0.019531 0.036011 -0.093506 0.037974 0.070015 -0.181803
0.024536 0.070190 -0.087280 0.047705 0.136471 -0.169698
0.031494 0.059570 -0.099487 0.061234 0.115822 -0.193432
0.006836 0.075684 -0.131470 0.013291 0.147151 -0.255615
-0.021362 0.083374 -0.151123 -0.041535 0.162103 -0.293827
-0.032715 0.065430 -0.151123 -0.063607 0.127214 -0.293827
-0.073486 0.066528 -0.146118 -0.142879 0.129350 -0.284096
-0.073730 0.067749 -0.117310 -0.143354 0.131724 -0.228084
-0.080933 0.071899 -0.129883 -0.157357 0.139793 -0.252530
-0.099487 0.047363 -0.146729 -0.193432 0.092088 -0.285283
-0.097290 0.024170 -0.139771 -0.189160 0.046993 -0.271755
-0.081177 0.010254 -0.108154 -0.157831 0.019937 -0.210283
-0.058350 0.023804 -0.098022 -0.113449 0.046281 -0.190584
-0.035522 0.037109 -0.113892 -0.069066 0.072151 -0.221438
-0.020752 0.026123 -0.140503 -0.040348 0.050791 -0.273179
-0.024902 0.027222 -0.156860 -0.048417 0.052927 -0.304982
-0.010986 0.034180 -0.148560 -0.021361 0.066455 -0.288843
0.008789 0.037720 -0.147095 0.017089 0.073338 -0.285995
0.023315 0.030884 -0.143555 0.045332 0.060047 -0.279112
0.022949 0.033081 -0.153198 0.044620 0.064319 -0.297862
