0.269165 0.012085 -0.251709 0.523335 0.023497 -0.489396
0.149414 0.112549 -0.189819 0.290505 0.218828 -0.369064
-0.004028 0.318115 0.044800 -0.007832 0.618509 0.087104
-0.028442 0.556641 0.268433 -0.055300 1.082272 0.521911
-0.071655 0.337524 0.156128 -0.139319 0.656246 0.303558
-0.114136 -0.160034 -0.003784 -0.221913 -0.311153 -0.007358
-0.188599 -0.276489 -0.115479 -0.366691 -0.537576 -0.224524
-0.663330 0.145264 -0.170410 -1.289707 0.282435 -0.331327
-1.116699 0.128540 -0.061279 -2.171189 0.249919 -0.119145
-1.081177 -0.021484 -0.131104 -2.102123 -0.041772 -0.254903
-0.920166 -0.187744 -0.205688 -1.789071 -0.365029 -0.399918
-0.801025 0.021362 -0.223877 -1.557427 0.041535 -0.435282
-1.240845 0.167969 -0.326782 -2.412564 0.326580 -0.635360
-1.546021 -0.359619 -0.810913 -3.005915 -0.699205 -1.576651
-1.016479 -0.873657 -0.986694 -1.976333 -1.698644 -1.918422
-0.936401 -0.490845 -0.752686 -1.820637 -0.954345 -1.463440
-1.214111 0.140137 -0.670288 -2.360586 0.272467 -1.303236
-1.163574 0.954834 -0.570679 -2.262328 1.856476 -1.109566
-0.528809 0.464844 -0.532837 -1.028158 0.903792 -1.035990
-0.016968 -0.135498 -0.304077 -0.032990 -0.263448 -0.591215
0.144043 0.083374 0.008789 0.280062 0.162103 0.017089
0.404663 0.439331 0.104736 0.786783 0.854188 0.203638
0.804077 0.299194 -0.040405 1.563360 0.581721 -0.078560
1.314087 -0.083008 -0.396606 2.554968 -0.161391 -0.771119
1.594849 -0.079956 -0.603638 3.100851 -0.155458 -1.173648
1.642944 0.087036 -0.659302 3.194363 0.169224 -1.281875
1.585327 0.187744 -0.625854 3.082338 0.365029 -1.216844
1.493774 0.111328 -0.535156 2.904333 0.216454 -1.040500
1.510376 -0.097412 -0.544556 2.936611 -0.189398 -1.058775
1.390015 -0.173218 -0.534058 2.702594 -0.336786 -1.038364
0.976807 -0.234741 -0.499390 1.899197 -0.456405 -0.970959
0.508667 -0.150146 -0.462524 0.988997 -0.291929 -0.899282
0.259521 -0.136230 -0.446777 0.504585 -0.264872 -0.868665
0.011475 -0.191284 -0.393066 0.022310 -0.371912 -0.764236
-0.265991 -0.163574 -0.347900 -0.517164 -0.318036 -0.676420
-0.534790 -0.025513 -0.337524 -1.039788 -0.049604 -0.656246
-0.776489 0.071899 -0.342773 -1.509722 0.139793 -0.666452
-1.032349 0.072144 -0.386475 -2.007187 0.140268 -0.751419
-1.278809 -0.003052 -0.435791 -2.486377 -0.005934 -0.847305
-1.413574 -0.159180 -0.437378 -2.748400 -0.309492 -0.850390
-1.664185 -0.039307 -0.360718 -3.235660 -0.076424 -0.701341
-1.902588 0.173706 -0.272827 -3.699186 0.337735 -0.530456
-1.909302 0.276367 -0.290771 -3.712240 0.537338 -0.565345
-1.807373 0.430908 -0.324585 -3.514060 0.837811 -0.631088
-1.673462 0.661743 -0.216675 -3.253698 1.286622 -0.421279
-1.200928 0.479736 -0.255859 -2.334954 0.932747 -0.497465
-0.686035 0.328491 -0.329468 -1.333852 0.638683 -0.640581
-0.265747 0.370605 -0.318359 -0.516690 0.720565 -0.618983
0.183350 0.339233 -0.260010 0.356485 0.659569 -0.505535
0.540771 0.261230 -0.211792 1.051417 0.507908 -0.411785
0.855713 0.346924 -0.251953 1.663755 0.674521 -0.489870
1.178589 0.355835 -0.313477 2.291520 0.691847 -0.609490
1.386108 0.292114 -0.310059 2.694999 0.567955 -0.602844
1.461792 0.353760 -0.251099 2.842150 0.687812 -0.488209
1.466064 0.318359 -0.182373 2.850457 0.618983 -0.354586
1.470337 0.170532 -0.081665 2.858764 0.331564 -0.158781
1.429932 0.026978 -0.017212 2.780204 0.052452 -0.033465
1.370361 -0.171265 -0.038086 2.664382 -0.332988 -0.074050
1.206909 -0.403564 -0.151978 2.346583 -0.784647 -0.295489
0.867554 -0.349365 -0.250854 1.686777 -0.679268 -0.487734
0.592041 -0.109985 -0.230713 1.151100 -0.213844 -0.448573
0.390259 0.086426 -0.105591 0.758777 0.168037 -0.205299
0.205811 0.197021 -0.012207 0.400156 0.383067 -0.023734
0.057983 0.175415 0.030762 0.112737 0.341058 0.059810
-0.056763 0.121704 0.036743 -0.110363 0.236628 0.071439
-0.151855 0.099243 0.014893 -0.295251 0.192958 0.028956
-0.190796 0.032959 0.006592 -0.370963 0.064082 0.012816
-0.186401 -0.064575 0.025635 -0.362419 -0.125553 0.049841
-0.192261 -0.053467 0.043579 -0.373811 -0.103955 0.084730
-0.207275 -0.007568 0.032959 -0.403004 -0.014715 0.064082
-0.229370 0.061157 -0.010498 -0.445962 0.118907 -0.020411
-0.167358 0.031860 -0.050659 -0.325394 0.061946 -0.098496
-0.073608 -0.050049 -0.085571 -0.143116 -0.097310 -0.166376
0.010498 -0.109619 -0.078613 0.020411 -0.213132 -0.152847
0.034912 -0.077759 -0.085693 0.067879 -0.151186 -0.166613
0.042114 -0.058716 -0.106201 0.081882 -0.114161 -0.206486
0.040405 -0.016602 -0.113037 0.078560 -0.032278 -0.219777
0.035400 -0.002808 -0.119995 0.068829 -0.005459 -0.233305
0.020996 -0.019287 -0.118286 0.040823 -0.037500 -0.229983
0.026367 -0.017334 -0.105469 0.051266 -0.033702 -0.205062
