-0.306519 -0.119263 -0.131592 -0.595961 -0.231881 -0.255853
-0.286499 0.123535 -0.044312 -0.557038 0.240188 -0.086155
-0.491821 -0.255737 -0.193481 -0.956244 -0.497228 -0.376184
-0.510010 -0.571533 -0.140747 -0.991608 -1.111227 -0.273653
-0.138550 -0.635010 0.088745 -0.269381 -1.234644 0.172546
0.288940 -0.425293 0.159302 0.561784 -0.826894 0.309729
0.585449 -0.449951 -0.021973 1.138284 -0.874836 -0.042721
0.864380 -0.279663 0.056274 1.680607 -0.543747 0.109414
0.776611 -0.148438 -0.007690 1.509959 -0.288606 -0.014952
0.873047 0.208252 -0.020996 1.697458 0.404903 -0.040823
1.111938 -0.115234 -0.208618 2.161933 -0.224049 -0.405615
1.363892 -0.084351 -0.385010 2.651803 -0.164002 -0.748571
1.294067 0.201416 -0.521606 2.516044 0.391611 -1.014155
1.195557 0.124512 -0.506104 2.324511 0.242087 -0.984013
1.427368 -0.168335 -0.620117 2.775220 -0.327292 -1.205689
1.501343 0.102905 -0.681641 2.919048 0.200078 -1.325308
0.993164 -0.095215 -0.688721 1.931001 -0.185125 -1.339074
0.316040 -0.122192 -0.674194 0.614474 -0.237578 -1.310830
-0.020264 0.069336 -0.791748 -0.039398 0.134809 -1.539389
-0.183838 0.082031 -0.835449 -0.357434 0.159493 -1.624357
-0.383423 -0.106934 -0.729980 -0.745486 -0.207910 -1.419295
-0.569092 -0.134155 -0.730957 -1.106480 -0.260837 -1.421194
-0.832275 -0.102295 -0.645386 -1.618186 -0.198891 -1.254818
-1.024902 0.132202 -0.299805 -1.992709 0.257040 -0.582908
-1.153687 0.170654 0.185547 -2.243103 0.331802 0.360757
-1.038818 0.110840 0.686523 -2.019766 0.215505 1.334802
-0.744629 0.184692 0.932129 -1.447776 0.359096 1.812330
-0.506348 0.217529 0.859619 -0.984487 0.422940 1.671350
-0.093140 0.094849 0.826538 -0.181091 0.184413 1.607031
0.291260 -0.045410 0.745728 0.566294 -0.088291 1.449912
0.483643 -0.134033 0.626465 0.940342 -0.260600 1.218030
0.518921 -0.129517 0.573242 1.008934 -0.251818 1.114550
0.348145 0.062866 0.441528 0.676894 0.122230 0.858460
0.037720 0.166382 0.161377 0.073338 0.323495 0.313764
-0.083862 -0.000610 -0.010620 -0.163053 -0.001187 -0.020649
-0.099976 -0.087158 -0.068481 -0.194382 -0.169461 -0.133148
-0.204956 -0.054810 -0.181885 -0.398494 -0.106566 -0.353637
-0.390991 -0.056519 -0.433716 -0.760201 -0.109889 -0.843270
-0.555542 -0.155762 -0.640259 -1.080136 -0.302846 -1.244850
-0.706177 -0.214111 -0.772949 -1.373013 -0.416295 -1.502839
-0.905029 0.030273 -0.925781 -1.759641 0.058860 -1.799989
-1.157227 0.441772 -1.037842 -2.249986 0.858934 -2.017867
-1.110596 0.573120 -1.031128 -2.159322 1.114313 -2.004813
-0.638794 0.431274 -0.867065 -1.242002 0.838523 -1.685828
-0.333862 0.014648 -0.567505 -0.649126 0.028481 -1.103395
-0.034302 -0.183105 -0.411255 -0.066693 -0.356010 -0.799599
0.123047 -0.013550 -0.315430 0.239239 -0.026345 -0.613287
0.024048 0.120605 -0.180298 0.046756 0.234492 -0.350552
-0.097046 0.084717 -0.092529 -0.188686 0.164714 -0.179904
-0.024902 0.058228 -0.103638 -0.048417 0.113211 -0.201502
0.011963 0.046997 -0.102905 0.023259 0.091376 -0.200078
0.024414 0.024414 -0.082520 0.047468 0.047468 -0.160442
0.028198 0.030518 -0.066895 0.054826 0.059335 -0.130062
0.047363 0.074219 -0.066895 0.092088 0.144303 -0.130062
0.057495 0.099365 -0.050415 0.111787 0.193195 -0.098022
0.021851 0.057495 -0.036377 0.042484 0.111787 -0.070727
0.010498 0.057251 -0.024048 0.020411 0.111313 -0.046756
0.025757 0.109619 -0.024414 0.050079 0.213132 -0.047468
-0.005737 0.167480 -0.008423 -0.011155 0.325631 -0.016376
-0.050171 0.168823 0.028931 -0.097547 0.328242 0.056250
-0.077271 0.095825 0.069580 -0.150236 0.186312 0.135284
-0.094727 0.045410 0.026978 -0.184176 0.088291 0.052452
-0.022949 0.041870 -0.042114 -0.044620 0.081408 -0.081882
0.028442 -0.071777 -0.094604 0.055300 -0.139556 -0.183939
0.002808 -0.228638 -0.092407 0.005459 -0.444538 -0.179667
0.036743 -0.150269 -0.046753 0.071439 -0.292166 -0.090901
0.085938 0.005371 0.009766 0.167088 0.010443 0.018987
0.078857 0.017822 -0.013794 0.153322 0.034652 -0.026819
0.046509 0.033325 -0.061768 0.090427 0.064794 -0.120094
0.047119 0.100952 -0.093262 0.091613 0.196280 -0.181328
0.059814 0.030396 -0.040039 0.116297 0.059098 -0.077848
0.071045 -0.085449 -0.076782 0.138132 -0.166138 -0.149287
0.070801 -0.103027 -0.117065 0.137657 -0.200315 -0.227609
0.027710 -0.046631 -0.123169 0.053876 -0.090664 -0.239476
-0.052490 -0.007690 -0.142456 -0.102056 -0.014952 -0.276976
-0.065063 -0.069336 -0.109375 -0.126502 -0.134809 -0.212657
-0.012329 -0.062988 -0.096558 -0.023971 -0.122468 -0.187736
0.036621 0.002075 -0.085205 0.071202 0.004035 -0.165664
0.047607 -0.025024 -0.077515 0.092563 -0.048655 -0.150711
0.020508 -0.034668 -0.117310 0.039873 -0.067405 -0.228084
