-0.150269 1.071655 0.135498 -0.292166 2.083610 0.263448
0.188843 1.041748 0.144531 0.367165 2.025462 0.281011
0.368896 1.021484 -0.007568 0.717242 1.986063 -0.014715
-0.100952 0.692627 -0.197021 -0.196280 1.346669 -0.383067
-1.098511 0.186768 -0.285156 -2.135825 0.363131 -0.554427
-2.047241 0.044922 -0.092041 -3.980434 0.087341 -0.178955
-2.609253 -0.075806 0.116333 -5.073149 -0.147388 0.226185
-3.267700 -0.037598 0.171143 -6.353362 -0.073101 0.332751
-3.090088 0.290283 0.385742 -6.008032 0.564395 0.749995
-1.566162 0.039551 0.424561 -3.045076 0.076898 0.825469
-0.723633 0.065186 0.420776 -1.406953 0.126740 0.818112
-0.502197 0.135132 0.246826 -0.976418 0.262736 0.479902
-0.377930 0.071045 0.079834 -0.734806 0.138132 0.155221
-0.098999 0.118408 0.050171 -0.192483 0.230220 0.097547
0.277832 -0.008667 0.010010 0.540186 -0.016851 0.019462
0.581787 -0.234253 -0.073364 1.131164 -0.455456 -0.142642
0.847656 -0.339355 -0.180542 1.648091 -0.659806 -0.351026
1.081787 -0.264038 -0.271851 2.103310 -0.513367 -0.528557
1.264160 -0.178345 -0.312866 2.457896 -0.346754 -0.608303
1.349243 -0.219604 -0.375122 2.623322 -0.426975 -0.729347
1.202515 -0.299805 -0.513672 2.338039 -0.582908 -0.998728
0.808472 -0.341431 -0.607056 1.571905 -0.663841 -1.180293
0.512085 -0.329468 -0.653931 0.995642 -0.640581 -1.271432
0.456543 -0.154297 -0.682739 0.887653 -0.299998 -1.327444
0.432007 0.082031 -0.641968 0.839947 0.159493 -1.248173
0.304932 0.120972 -0.665771 0.592876 0.235204 -1.294454
0.164063 -0.045898 -0.767456 0.318985 -0.089240 -1.492158
-0.051514 -0.276489 -0.878784 -0.100158 -0.537576 -1.708613
-0.304932 -0.255249 -0.889771 -0.592876 -0.496279 -1.729973
-0.519653 -0.172852 -0.797363 -1.010358 -0.336074 -1.550307
-0.755127 -0.188965 -0.774780 -1.468187 -0.367403 -1.506399
-1.019531 -0.217651 -0.772339 -1.982266 -0.423178 -1.501652
-1.196899 -0.085693 -0.581787 -2.327121 -0.166613 -1.131164
-1.090210 0.236328 -0.307739 -2.119686 0.459491 -0.598335
-1.014771 0.299316 -0.063354 -1.973010 0.581958 -0.123180
-0.793335 0.347778 -0.062866 -1.542475 0.676182 -0.122230
-0.578125 0.251709 -0.097656 -1.124044 0.489396 -0.189872
-0.287720 0.086304 -0.144165 -0.559411 0.167800 -0.280299
-0.165649 0.074585 -0.128906 -0.322071 0.145015 -0.250631
-0.105957 0.075073 -0.038330 -0.206011 0.145964 -0.074525
-0.074341 0.100952 -0.057983 -0.144540 0.196280 -0.112737
0.002686 0.062378 -0.116333 0.005221 0.121281 -0.226185
0.008545 0.003540 -0.162842 0.016614 0.006883 -0.316612
0.079590 -0.044189 -0.171143 0.154746 -0.085917 -0.332751
0.087769 -0.022705 -0.144409 0.170648 -0.044145 -0.280774
0.077637 0.018799 -0.118042 0.150948 0.036550 -0.229508
0.062866 0.015503 -0.120117 0.122230 0.030142 -0.233543
0.036255 0.022339 -0.134399 0.070490 0.043433 -0.261312
0.041748 0.010742 -0.132080 0.081170 0.020886 -0.256802
0.047852 0.004272 -0.139648 0.093037 0.008307 -0.271517
0.053223 0.010254 -0.152832 0.103480 0.019937 -0.297150
0.087524 -0.028198 -0.152344 0.170173 -0.054826 -0.296201
0.092529 -0.027588 -0.182373 0.179904 -0.053639 -0.354586
0.048950 0.007080 -0.199219 0.095173 0.013766 -0.387339
0.018921 0.081909 -0.181641 0.036788 0.159255 -0.353162
0.019775 0.128296 -0.167603 0.038449 0.249445 -0.325868
0.021606 0.087036 -0.195190 0.042009 0.169224 -0.379507
0.025391 0.007446 -0.229858 0.049367 0.014478 -0.446912
0.033325 -0.012329 -0.257202 0.064794 -0.023971 -0.500076
0.061646 0.033691 -0.258301 0.119857 0.065506 -0.502212
0.099121 0.096313 -0.234985 0.192720 0.187261 -0.456880
0.129028 0.148438 -0.225220 0.250869 0.288606 -0.437893
0.141846 0.099487 -0.257446 0.275789 0.193432 -0.500551
0.145996 0.037354 -0.296021 0.283859 0.072626 -0.575550
0.160522 0.047363 -0.312866 0.312102 0.092088 -0.608303
0.170776 0.049805 -0.315430 0.332039 0.096835 -0.613287
0.200439 -0.025757 -0.311890 0.389713 -0.050079 -0.606404
0.201050 -0.082397 -0.289795 0.390899 -0.160205 -0.563446
0.182983 -0.078857 -0.272583 0.355773 -0.153322 -0.529981
0.142456 -0.045654 -0.250366 0.276976 -0.088765 -0.486785
0.130615 0.002197 -0.226685 0.253954 0.004272 -0.440741
0.114990 0.049194 -0.175659 0.223575 0.095648 -0.341533
0.086670 0.009888 -0.122192 0.168512 0.019225 -0.237578
-0.000122 -0.060181 -0.161133 -0.000237 -0.117009 -0.313289
-0.043823 -0.095581 -0.213501 -0.085205 -0.185837 -0.415108
-0.056763 -0.130127 -0.242554 -0.110363 -0.253005 -0.471595
-0.103516 -0.080811 -0.262573 -0.201265 -0.157119 -0.510519
-0.127441 0.028442 -0.223633 -0.247783 0.055300 -0.434807
-0.124878 0.070068 -0.170898 -0.242799 0.136233 -0.332276
-0.119019 0.059326 -0.144775 -0.231407 0.115347 -0.281486
