0.170776 0.203003 -0.136719 0.332039 0.394697 -0.265821
0.061768 0.199707 -0.214966 0.120094 0.388289 -0.417956
-0.254272 -0.222046 -0.288208 -0.494380 -0.431722 -0.560360
-0.321289 -0.394897 -0.146362 -0.624680 -0.767796 -0.284571
-0.356201 -0.608643 0.009888 -0.692559 -1.183379 0.019225
-0.501953 -0.499634 0.063354 -0.975943 -0.971434 0.123180
-0.901733 -0.154297 0.084839 -1.753233 -0.299998 0.164952
-1.208130 0.382324 0.089722 -2.348957 0.743350 0.174445
-1.463989 0.130371 -0.087891 -2.846422 0.253479 -0.170885
-1.438477 -0.198364 -0.362427 -2.796818 -0.385678 -0.704663
-1.230835 -0.272949 -0.685913 -2.393102 -0.530693 -1.333615
-1.135254 0.131714 -0.693237 -2.207265 0.256090 -1.347855
-1.050049 0.164185 -0.694946 -2.041601 0.319223 -1.351178
-1.093628 -0.193848 -0.621948 -2.126332 -0.376896 -1.209249
-0.772339 -0.287964 -0.504761 -1.501652 -0.559886 -0.981402
-0.044556 0.185913 -0.365356 -0.086629 0.361469 -0.710359
0.710938 0.561035 -0.197021 1.382270 1.090816 -0.383067
1.147217 0.505371 -0.153809 2.230524 0.982589 -0.299049
1.314331 0.308716 -0.115356 2.555443 0.600234 -0.224287
1.374146 0.208496 -0.076904 2.671740 0.405377 -0.149524
1.404419 0.095459 -0.050415 2.730600 0.185600 -0.098022
1.481201 0.011719 -0.110352 2.879887 0.022785 -0.214556
1.373413 -0.052856 -0.258667 2.670316 -0.102768 -0.502924
0.971558 0.088989 -0.337524 1.888991 0.173021 -0.656246
0.639282 0.186401 -0.359497 1.242951 0.362419 -0.698967
0.438599 0.130371 -0.332153 0.852764 0.253479 -0.645803
0.233521 -0.061890 -0.338501 0.454032 -0.120332 -0.658145
0.026611 -0.228149 -0.351318 0.051740 -0.443589 -0.683065
-0.201416 -0.234009 -0.386963 -0.391611 -0.454981 -0.752369
-0.459839 -0.126831 -0.416016 -0.894061 -0.246597 -0.808856
-0.739380 -0.025757 -0.412598 -1.437570 -0.050079 -0.802210
-0.972168 -0.110474 -0.443848 -1.890178 -0.214793 -0.862969
-1.208374 -0.423584 -0.537720 -2.349432 -0.823571 -1.045484
-1.420776 -0.393799 -0.596069 -2.762403 -0.765660 -1.158933
-1.521362 -0.199829 -0.689331 -2.957972 -0.388526 -1.340261
-1.640869 0.010620 -0.647583 -3.190328 0.020649 -1.259090
-1.742554 -0.020630 -0.528442 -3.388033 -0.040111 -1.027446
-1.595947 -0.137817 -0.435425 -3.102987 -0.267957 -0.846593
-1.213135 -0.108521 -0.329712 -2.358688 -0.210996 -0.641056
-0.643677 0.306396 -0.354614 -1.251495 0.595724 -0.689474
0.355225 0.554810 -0.412720 0.690660 1.078712 -0.802447
1.081787 0.495605 -0.448853 2.103310 0.963602 -0.872700
1.279297 0.406494 -0.483521 2.487326 0.790343 -0.940105
1.273315 0.344971 -0.492798 2.475697 0.670724 -0.958143
1.215942 0.396118 -0.562256 2.364146 0.770169 -1.093189
1.231445 0.271362 -0.671509 2.394289 0.527607 -1.305609
1.144409 0.186646 -0.640869 2.225065 0.362893 -1.246037
0.826172 0.242554 -0.488281 1.606319 0.471595 -0.949361
0.524170 0.358154 -0.320923 1.019139 0.696356 -0.623968
0.375977 0.227539 -0.242065 0.731008 0.442402 -0.470646
0.260864 0.013184 -0.238770 0.507196 0.025633 -0.464238
0.079102 0.114990 -0.114014 0.153797 0.223575 -0.221676
-0.076538 0.308472 -0.077515 -0.148812 0.599759 -0.150711
-0.019653 0.236206 -0.146362 -0.038212 0.459253 -0.284571
0.140747 0.001465 -0.285767 0.273653 0.002848 -0.555614
0.104858 -0.099609 -0.438843 0.203875 -0.193670 -0.853238
0.010742 -0.180420 -0.384644 0.020886 -0.350789 -0.747859
-0.100708 -0.128418 -0.207520 -0.195806 -0.249682 -0.403478
-0.145874 0.109253 -0.080322 -0.283622 0.212420 -0.156170
-0.100098 0.267334 -0.005859 -0.194619 0.519775 -0.011392
-0.076660 0.177856 0.034180 -0.149050 0.345805 0.066455
-0.078735 0.059814 0.005371 -0.153084 0.116297 0.010443
-0.066040 0.045654 -0.101074 -0.128401 0.088765 -0.196518
-0.014648 0.018677 -0.224609 -0.028481 0.036313 -0.436706
0.031128 0.050537 -0.236084 0.060522 0.098259 -0.459016
0.032715 0.062012 -0.157837 0.063607 0.120569 -0.306881
-0.002441 0.080811 -0.089233 -0.004747 0.157119 -0.173496
-0.015259 0.064087 -0.078247 -0.029668 0.124604 -0.152135
-0.005981 0.016479 -0.059570 -0.011630 0.032041 -0.115822
0.019287 0.007202 -0.071289 0.037500 0.014003 -0.138607
0.032837 0.012939 -0.059570 0.063845 0.025158 -0.115822
0.046509 0.030273 -0.029419 0.090427 0.058860 -0.057199
0.093018 0.071045 -0.020264 0.180853 0.138132 -0.039398
0.137207 0.036865 -0.025391 0.266770 0.071677 -0.049367
0.084595 0.021362 -0.057861 0.164477 0.041535 -0.112499
-0.007202 0.003784 -0.071533 -0.014003 0.007358 -0.139081
-0.020264 0.032349 -0.041260 -0.039398 0.062895 -0.080221
-0.002930 0.041748 -0.016602 -0.005696 0.081170 -0.032278
-0.005981 0.024780 0.008423 -0.011630 0.048180 0.016376
-0.003418 -0.021118 0.021484 -0.006646 -0.041060 0.041772
