0.028198 0.140381 0.144287 0.054826 0.272941 0.280536
0.063843 0.416748 0.147827 0.124129 0.810280 0.287419
-0.076538 0.286987 -0.206787 -0.148812 0.557987 -0.402054
-0.243774 0.028442 -0.322510 -0.473969 0.055300 -0.627053
-0.215332 -0.220459 -0.246338 -0.418668 -0.428637 -0.478953
-0.144165 -0.494141 -0.301758 -0.280299 -0.960754 -0.586705
-0.139771 -0.308105 -0.454102 -0.271755 -0.599047 -0.882906
-0.400146 -0.007813 -0.663452 -0.778001 -0.015190 -1.289944
-0.776611 -0.089966 -0.793091 -1.509959 -0.174920 -1.542000
-1.087524 0.002197 -0.870850 -2.114465 0.004272 -1.693186
-1.405518 -0.022217 -0.906860 -2.732736 -0.043196 -1.763201
-1.841675 -0.313232 -0.616821 -3.580753 -0.609015 -1.199281
-2.287598 -0.648804 -0.525513 -4.447757 -1.261464 -1.021750
-2.615356 -0.977295 -0.561279 -5.085016 -1.900146 -1.091291
-2.441162 -0.694580 -0.463745 -4.746331 -1.350466 -0.901656
-1.327515 0.121338 -0.211548 -2.581076 0.235916 -0.411311
-0.224854 0.178467 -0.302734 -0.437181 0.346992 -0.588604
0.751587 0.027710 -0.379272 1.461304 0.053876 -0.737416
1.556519 -0.368042 -0.505737 3.026326 -0.715581 -0.983301
1.549805 -0.232666 -0.490845 3.013272 -0.452371 -0.954345
1.448120 -0.181885 -0.472290 2.815568 -0.353637 -0.918270
1.480713 -0.339722 -0.647827 2.878938 -0.660518 -1.259565
1.877686 -0.403809 -0.666626 3.650768 -0.785122 -1.296115
1.891846 -0.156250 -0.526367 3.678300 -0.303796 -1.023411
1.511963 0.324341 -0.365967 2.939697 0.630613 -0.711546
0.923462 0.194458 -0.449463 1.795479 0.378083 -0.873887
0.159180 0.027588 -0.419556 0.309492 0.053639 -0.815739
-0.242310 0.078857 -0.295532 -0.471120 0.153322 -0.574601
-0.356934 0.081299 -0.329346 -0.693983 0.158069 -0.640344
-0.481567 -0.033936 -0.313110 -0.936307 -0.065981 -0.608778
-0.750610 0.401978 -0.145142 -1.459405 0.781562 -0.282198
-1.328125 0.625366 -0.181519 -2.582262 1.215894 -0.352925
-2.039307 0.473877 -0.347412 -3.965007 0.921355 -0.675470
-2.039917 0.292358 -0.450073 -3.966193 0.568430 -0.875074
-1.499390 0.345581 -0.383179 -2.915251 0.671910 -0.745011
-1.026733 0.288330 -0.329834 -1.996269 0.560598 -0.641293
-0.845093 0.211182 -0.434448 -1.643107 0.410599 -0.844694
-0.653320 0.265137 -0.462646 -1.270245 0.515503 -0.899520
-0.291992 0.281616 -0.341797 -0.567718 0.547544 -0.664553
0.199585 0.210571 -0.258179 0.388051 0.409412 -0.501975
0.659668 0.048340 -0.248169 1.282587 0.093987 -0.482513
1.107178 -0.059326 -0.277466 2.152676 -0.115347 -0.539474
1.076904 0.058228 -0.243652 2.093816 0.113211 -0.473731
0.950806 0.162598 -0.201904 1.848643 0.316137 -0.392561
1.028809 0.075562 -0.205933 2.000304 0.146914 -0.400393
1.123901 -0.153320 -0.228027 2.185192 -0.298099 -0.443352
0.953735 -0.155151 -0.264648 1.854340 -0.301659 -0.514554
0.690796 -0.051270 -0.197998 1.343109 -0.099683 -0.384966
0.468384 -0.062500 -0.176758 0.910675 -0.121518 -0.343669
0.254761 -0.076782 -0.181030 0.495329 -0.149287 -0.351976
0.109009 -0.081665 -0.166138 0.211945 -0.158781 -0.323020
0.040405 -0.112671 -0.121704 0.078560 -0.219065 -0.236628
-0.012329 -0.109497 -0.096802 -0.023971 -0.212894 -0.188211
-0.117310 -0.094238 -0.104126 -0.228084 -0.183227 -0.202451
-0.152344 -0.065552 -0.151489 -0.296201 -0.127452 -0.294539
-0.143555 0.002319 -0.193359 -0.279112 0.004509 -0.375947
-0.144165 0.101685 -0.218872 -0.280299 0.197704 -0.425551
-0.094482 0.139404 -0.225220 -0.183701 0.271043 -0.437893
-0.042480 0.142334 -0.240601 -0.082594 0.276739 -0.467798
-0.002075 0.138306 -0.240479 -0.004035 0.268907 -0.467560
0.062988 0.118408 -0.228760 0.122468 0.230220 -0.444776
0.077271 0.064941 -0.198486 0.150236 0.126265 -0.385915
0.038574 0.053589 -0.185547 0.075000 0.104192 -0.360757
0.020752 0.055298 -0.167358 0.040348 0.107515 -0.325394
0.014648 0.034180 -0.142944 0.028481 0.066455 -0.277925
0.005127 0.000610 -0.144165 0.009968 0.001187 -0.280299
-0.021118 -0.019775 -0.147339 -0.041060 -0.038449 -0.286470
-0.052002 -0.006226 -0.132324 -0.101107 -0.012104 -0.257277
-0.053101 -0.039185 -0.118774 -0.103243 -0.076186 -0.230932
-0.063721 -0.034180 -0.103760 -0.123892 -0.066455 -0.201739
-0.037598 -0.009399 -0.092285 -0.073101 -0.018275 -0.179429
0.016357 -0.036133 -0.100220 0.031804 -0.070253 -0.194856
0.048096 -0.047241 -0.109863 0.093512 -0.091851 -0.213606
0.027222 0.000854 -0.100830 0.052927 0.001661 -0.196043
-0.017090 0.072510 -0.126221 -0.033228 0.140980 -0.245410
-0.027588 0.087891 -0.129150 -0.053639 0.170885 -0.251106
-0.026245 0.038818 -0.121338 -0.051028 0.075474 -0.235916
-0.050537 0.032837 -0.111572 -0.098259 0.063845 -0.216929
-0.071777 0.012207 -0.111694 -0.139556 0.023734 -0.217166
-0.082397 0.035889 -0.124512 -0.160205 0.069778 -0.242087
