0.386475 -0.074585 -0.245972 0.751419 -0.145015 -0.478241
0.180908 0.082764 -0.163330 0.351738 0.160917 -0.317561
0.023193 0.271973 0.033203 0.045095 0.528794 0.064557
-0.079346 0.098999 0.033447 -0.154271 0.192483 0.065031
-0.234863 0.000122 -0.025513 -0.456643 0.000237 -0.049604
-0.346558 0.097168 -0.081787 -0.673809 0.188923 -0.159018
-0.494873 0.118774 -0.215210 -0.962178 0.230932 -0.418431
-0.795288 -0.285889 -0.391479 -1.546272 -0.555851 -0.761150
-0.863647 -0.360962 -0.385010 -1.679183 -0.701815 -0.748571
-0.881104 -0.332031 -0.238525 -1.713122 -0.645566 -0.463763
-1.154297 -0.145874 -0.198975 -2.244290 -0.283622 -0.386865
-1.624268 0.436523 -0.235474 -3.158050 0.848729 -0.457829
-2.210938 2.153687 -0.361572 -4.298707 4.187395 -0.703002
-2.597290 1.021973 -0.865967 -5.049889 1.987013 -1.683692
-1.445190 0.585327 -0.788696 -2.809872 1.138047 -1.533456
-0.437988 0.109375 -0.349731 -0.851577 0.212657 -0.679980
-0.194702 -0.151245 -0.174438 -0.378558 -0.294065 -0.339159
0.013916 0.017090 0.319946 0.027057 0.033228 0.622069
0.361816 -0.093994 0.354004 0.703477 -0.182752 0.688287
0.832886 -0.276123 0.139526 1.619373 -0.536864 0.271280
1.333862 -0.309204 -0.076904 2.593417 -0.601183 -0.149524
1.745850 -0.484009 -0.046875 3.394441 -0.941054 -0.091139
1.988403 -0.582642 -0.068604 3.866036 -1.132825 -0.133385
1.923584 -0.382813 0.033325 3.740008 -0.744299 0.064794
1.706299 -0.190063 0.176392 3.317543 -0.369539 0.342957
1.434937 -0.217773 -0.009399 2.789935 -0.423415 -0.018275
1.179199 -0.333252 -0.189209 2.292707 -0.647939 -0.367877
0.769287 -0.198486 -0.284546 1.495718 -0.385915 -0.553240
0.422241 -0.053345 -0.428955 0.820960 -0.103718 -0.834014
0.178223 -0.008301 -0.458496 0.346517 -0.016139 -0.891450
-0.096924 -0.001465 -0.461304 -0.188448 -0.002848 -0.896909
-0.361328 -0.014038 -0.527710 -0.702527 -0.027294 -1.026022
-0.544312 0.037598 -0.576660 -1.058300 0.073101 -1.121196
-0.785522 0.125488 -0.678101 -1.527285 0.243986 -1.318425
-1.062500 0.032715 -0.763062 -2.065810 0.063607 -1.483614
-1.375610 -0.039429 -0.719482 -2.674588 -0.076661 -1.398884
-1.937988 -0.127930 -0.710815 -3.768014 -0.248733 -1.382033
-2.506836 -0.161743 -0.621094 -4.874020 -0.314476 -1.207587
-2.716797 -0.626221 -0.605225 -5.282245 -1.217556 -1.176733
-2.264282 -0.804688 -0.708008 -4.402425 -1.564547 -1.376574
-1.075928 -0.320923 -0.726074 -2.091917 -0.623968 -1.411700
0.099731 0.017700 -0.138794 0.193907 0.034414 -0.269856
0.397461 -0.072266 0.173218 0.772780 -0.140505 0.336786
0.359497 -0.212280 0.205688 0.698967 -0.412735 0.399918
0.569824 -0.158569 0.221924 1.107904 -0.308305 0.431485
0.728882 0.049438 0.165649 1.417159 0.096123 0.322071
0.618408 0.207153 0.046021 1.202366 0.402766 0.089477
0.397583 0.220215 -0.033691 0.773017 0.428162 -0.065506
0.207031 0.122803 -0.078491 0.402529 0.238764 -0.152610
0.055664 0.070313 -0.075195 0.108227 0.136708 -0.146202
0.010376 0.119629 -0.045654 0.020174 0.232593 -0.088765
0.004395 0.179199 -0.026367 0.008544 0.348416 -0.051266
-0.035400 0.186035 -0.029663 -0.068829 0.361707 -0.057674
-0.077026 0.146484 -0.046875 -0.149762 0.284808 -0.091139
-0.073486 0.060791 -0.049316 -0.142879 0.118195 -0.095885
-0.043701 -0.037720 -0.032837 -0.084968 -0.073338 -0.063845
-0.018311 -0.057617 -0.034058 -0.035601 -0.112025 -0.066218
-0.003906 -0.021484 -0.028076 -0.007595 -0.041772 -0.054588
0.006104 -0.008667 -0.046997 0.011867 -0.016851 -0.091376
0.023071 -0.009033 -0.078369 0.044857 -0.017563 -0.152372
0.043823 0.003906 -0.109253 0.085205 0.007595 -0.212420
0.055054 -0.010132 -0.108398 0.107040 -0.019699 -0.210758
0.071777 0.008667 -0.100830 0.139556 0.016851 -0.196043
0.087646 0.027832 -0.080811 0.170410 0.054114 -0.157119
0.081421 0.029785 -0.065796 0.158306 0.057911 -0.127926
0.068359 0.020142 -0.056274 0.132911 0.039161 -0.109414
0.068115 0.013916 -0.042480 0.132436 0.027057 -0.082594
0.057007 -0.003174 -0.036011 0.110838 -0.006171 -0.070015
0.057617 -0.018433 -0.033691 0.112025 -0.035838 -0.065506
0.046387 -0.016602 -0.023560 0.090189 -0.032278 -0.045807
0.008423 -0.012817 -0.032593 0.016376 -0.024921 -0.063370
-0.002686 -0.003174 -0.033569 -0.005221 -0.006171 -0.065269
-0.066162 0.005981 -0.067505 -0.128638 0.011630 -0.131249
-0.118896 -0.003540 -0.110474 -0.231169 -0.006883 -0.214793
-0.119263 0.002319 -0.134033 -0.231881 0.004509 -0.260600
-0.098267 0.005737 -0.149292 -0.191059 0.011155 -0.290267
-0.099365 0.007202 -0.153687 -0.193195 0.014003 -0.298811
-0.083374 0.008301 -0.134644 -0.162103 0.016139 -0.261786
-0.052734 0.015625 -0.123047 -0.102531 0.030380 -0.239239
-0.072266 0.003052 -0.117554 -0.140505 0.005934 -0.228559
