-0.026611 0.077881 -0.185425 -0.051740 0.151423 -0.360520
0.152832 -0.224854 -0.234253 0.297150 -0.437181 -0.455456
-0.004150 -0.192261 -0.244019 -0.008070 -0.373811 -0.474443
-0.100464 -0.152100 0.040039 -0.195331 -0.295726 0.077848
-0.111450 -0.260742 0.017578 -0.216692 -0.506959 0.034177
-0.197632 -0.511963 0.046143 -0.384254 -0.995405 0.089715
-0.433716 -0.683594 0.190308 -0.843270 -1.329106 0.370014
-0.421753 -0.614990 0.264648 -0.820011 -1.195720 0.514554
-0.299805 0.061646 0.418213 -0.582908 0.119857 0.813128
0.457764 -0.041748 0.565308 0.890026 -0.081170 1.099123
1.149536 -0.522461 0.263428 2.235034 -1.015816 0.512180
1.376221 -0.622437 0.041138 2.675774 -1.210198 0.079984
1.270020 -0.663940 -0.255005 2.469288 -1.290894 -0.495804
1.414673 -0.587036 -0.392212 2.750536 -1.141369 -0.762574
1.748535 -0.267944 -0.385986 3.399662 -0.520962 -0.750470
1.684937 -0.169556 -0.431396 3.276008 -0.329666 -0.838761
1.205200 -0.344238 -0.519043 2.343261 -0.669300 -1.009171
0.730103 -0.412109 -1.032471 1.419532 -0.801261 -2.007424
0.510010 -0.300049 -1.200806 0.991608 -0.583382 -2.334716
0.305664 -0.214233 -1.287598 0.594300 -0.416532 -2.503465
0.082886 -0.299316 -1.437256 0.161154 -0.581958 -2.794445
-0.189697 -0.257202 -1.354126 -0.368827 -0.500076 -2.632816
-0.537598 0.073364 -1.088989 -1.045247 0.142642 -2.117313
-0.837402 0.442749 -0.836792 -1.628154 0.860833 -1.626968
-1.049683 0.601807 -0.531006 -2.040889 1.170088 -1.032430
-1.356201 0.592773 -0.399170 -2.636851 1.152524 -0.776103
-1.534668 0.466187 -0.153198 -2.983842 0.906403 -0.297862
-1.352417 0.351196 0.209351 -2.629493 0.682828 0.407039
-0.951538 0.232056 0.671265 -1.850067 0.451184 1.305134
-0.564941 0.159546 1.061279 -1.098411 0.310204 2.063437
-0.206299 -0.107666 1.340088 -0.401105 -0.209334 2.605522
0.132324 -0.402954 1.427734 0.257277 -0.783460 2.775932
0.508301 -0.603271 1.360107 0.988285 -1.172936 2.644445
0.791382 -0.645996 1.115601 1.538677 -1.256005 2.169053
0.841675 -0.600830 0.752808 1.636461 -1.168189 1.463678
0.644409 -0.472656 0.382568 1.252919 -0.918982 0.743824
0.376465 -0.186279 0.057373 0.731957 -0.362181 0.111550
0.248047 0.157593 -0.160278 0.482275 0.306406 -0.311628
0.143433 0.220093 -0.287842 0.278875 0.427925 -0.559648
-0.236816 0.067261 -0.416260 -0.460440 0.130774 -0.809330
-0.672241 0.137451 -0.714844 -1.307033 0.267245 -1.389865
-0.939697 0.247803 -1.117920 -1.827046 0.481801 -2.173562
-0.953369 0.197021 -1.636597 -1.853628 0.383067 -3.182021
-0.931274 0.160522 -1.946289 -1.810669 0.312102 -3.784153
-0.849487 0.269043 -1.911133 -1.651651 0.523098 -3.715800
-0.641357 0.336304 -1.572998 -1.246986 0.653872 -3.058367
-0.493164 0.320068 -1.095581 -0.958855 0.622306 -2.130129
-0.400635 0.274414 -0.655640 -0.778951 0.533541 -1.274755
-0.225220 0.290039 -0.430054 -0.437893 0.563920 -0.836150
-0.051147 0.190552 -0.387085 -0.099446 0.370488 -0.752606
0.037598 -0.015137 -0.384399 0.073101 -0.029430 -0.747385
0.077271 -0.088379 -0.320313 0.150236 -0.171834 -0.622781
0.066772 -0.078979 -0.217529 0.129825 -0.153559 -0.422940
0.002686 -0.039185 -0.127319 0.005221 -0.076186 -0.247546
-0.060181 0.009766 -0.059937 -0.117009 0.018987 -0.116534
-0.074097 0.065674 -0.016724 -0.144066 0.127689 -0.032516
-0.086670 0.120361 -0.002808 -0.168512 0.234018 -0.005459
-0.092407 0.153442 0.003906 -0.179667 0.298337 0.007595
-0.078247 0.136475 0.004883 -0.152135 0.265346 0.009494
-0.040527 0.078369 0.006104 -0.078797 0.152372 0.011867
-0.016846 -0.006470 0.000977 -0.032753 -0.012579 0.001899
-0.011841 -0.040527 -0.010254 -0.023022 -0.078797 -0.019937
0.003296 -0.020020 -0.011841 0.006408 -0.038924 -0.023022
0.004272 -0.018066 -0.020386 0.008307 -0.035126 -0.039636
0.000122 -0.037842 -0.032593 0.000237 -0.073575 -0.063370
0.005371 -0.061890 -0.034546 0.010443 -0.120332 -0.067167
0.007568 -0.047363 -0.040527 0.014715 -0.092088 -0.078797
0.028809 -0.013672 -0.056274 0.056012 -0.026582 -0.109414
0.037842 0.026611 -0.092773 0.073575 0.051740 -0.180379
0.029907 0.026123 -0.139526 0.058148 0.050791 -0.271280
0.020020 0.000000 -0.153931 0.038924 0.000000 -0.299286
-0.004517 0.007935 -0.127319 -0.008782 0.015427 -0.247546
-0.041260 0.037964 -0.113770 -0.080221 0.073813 -0.221201
-0.058838 0.009277 -0.105835 -0.114398 0.018038 -0.205774
-0.051147 -0.053101 -0.075928 -0.099446 -0.103243 -0.147626
-0.050171 -0.067383 -0.048828 -0.097547 -0.131012 -0.094936
-0.049561 -0.057983 -0.055054 -0.096360 -0.112737 -0.107040
-0.032593 -0.008911 -0.099854 -0.063370 -0.017326 -0.194144
0.011353 0.042480 -0.161743 0.022073 0.082594 -0.314476
0.000000 0.018555 -0.187134 0.000000 0.036076 -0.363843
