-0.290771 -0.092163 -0.022705 -0.565345 -0.179192 -0.044145
-0.197754 0.003906 -0.010132 -0.384491 0.007595 -0.019699
-0.411377 -0.371094 -0.084106 -0.799837 -0.721514 -0.163527
-0.375488 -0.272583 -0.072876 -0.730059 -0.529981 -0.141692
-0.088379 -0.110718 0.035156 -0.171834 -0.215268 0.068354
0.132690 -0.144287 0.249756 0.257989 -0.280536 0.485598
0.313110 -0.538696 0.259155 0.608778 -1.047383 0.503873
0.545288 -0.940063 0.153076 1.060199 -1.827757 0.297625
0.775635 -0.563721 -0.102539 1.508060 -1.096037 -0.199366
1.005615 -0.175537 -0.236328 1.955209 -0.341295 -0.459491
1.435181 -0.023071 -0.187866 2.790410 -0.044857 -0.365267
1.635498 0.013794 -0.204834 3.179885 0.026819 -0.398257
1.438110 -0.057861 -0.379150 2.796106 -0.112499 -0.737179
1.359619 0.078735 -0.431152 2.643496 0.153084 -0.838286
1.489746 0.329712 -0.503174 2.896501 0.641056 -0.978317
1.357910 0.578003 -0.472534 2.640173 1.123806 -0.918744
0.572021 -0.020142 -0.565186 1.112177 -0.039161 -1.098886
0.109009 -0.246216 -0.740723 0.211945 -0.478715 -1.440181
-0.017944 0.017334 -0.837891 -0.034889 0.033702 -1.629104
-0.219727 -0.029907 -0.858398 -0.427213 -0.058148 -1.668977
-0.540894 -0.245239 -0.884277 -1.051655 -0.476817 -1.719293
-0.879517 -0.207886 -0.958740 -1.710037 -0.404191 -1.864071
-1.178833 -0.006714 -0.796509 -2.291995 -0.013054 -1.548645
-1.441772 0.068970 -0.435303 -2.803226 0.134097 -0.846355
-1.402588 -0.036133 0.085449 -2.727040 -0.070253 0.166138
-1.084229 -0.137939 0.570557 -2.108056 -0.268195 1.109329
-0.701294 0.003052 0.854004 -1.363520 0.005934 1.660433
-0.386108 0.108276 0.869751 -0.750707 0.210521 1.691050
0.054810 -0.009644 0.793579 0.106566 -0.018750 1.542949
0.515015 -0.156494 0.724365 1.001339 -0.304270 1.408377
0.640503 -0.175171 0.675171 1.245324 -0.340583 1.312729
0.610840 -0.193604 0.576294 1.187651 -0.376422 1.120484
0.478516 -0.009888 0.362671 0.930374 -0.019225 0.705138
0.292480 0.109009 0.127197 0.568667 0.211945 0.247309
0.134644 0.017700 0.000610 0.261786 0.034414 0.001187
0.007935 -0.071533 -0.063354 0.015427 -0.139081 -0.123180
-0.167603 0.004761 -0.255981 -0.325868 0.009256 -0.497703
-0.350098 0.072998 -0.464722 -0.680692 0.141929 -0.903554
-0.607910 -0.101318 -0.615479 -1.181955 -0.196992 -1.196670
-0.884644 -0.137695 -0.814819 -1.720005 -0.267720 -1.584246
-1.070313 -0.026245 -1.049438 -2.081000 -0.051028 -2.040414
-1.206543 0.190430 -1.238403 -2.345871 0.370251 -2.407817
-1.236572 0.534302 -1.190430 -2.404257 1.038838 -2.314543
-0.822998 0.437256 -1.285645 -1.600148 0.850153 -2.499668
-0.304443 0.146851 -0.932129 -0.591927 0.285520 -1.812330
-0.036255 0.062012 -0.293945 -0.070490 0.120569 -0.571515
0.047119 0.062378 -0.162354 0.091613 0.121281 -0.315663
0.087036 0.187988 -0.154907 0.169224 0.365504 -0.301185
0.013550 0.148804 -0.046875 0.026345 0.289318 -0.091139
0.045532 0.079102 -0.027588 0.088528 0.153797 -0.053639
0.039429 0.070801 -0.036011 0.076661 0.137657 -0.070015
0.001343 0.051147 -0.017944 0.002611 0.099446 -0.034889
-0.039185 0.120483 -0.025269 -0.076186 0.234255 -0.049129
-0.050537 0.111450 -0.042725 -0.098259 0.216692 -0.083069
-0.041138 0.085571 -0.053833 -0.079984 0.166376 -0.104667
-0.044922 0.087646 -0.029541 -0.087341 0.170410 -0.057436
-0.060913 0.185303 -0.016113 -0.118433 0.360283 -0.031329
-0.130005 0.111694 -0.010376 -0.252767 0.217166 -0.020174
-0.099854 0.079346 0.006104 -0.194144 0.154271 0.011867
0.047607 0.118164 -0.042725 0.092563 0.229745 -0.083069
0.099609 0.016357 -0.106934 0.193670 0.031804 -0.207910
0.022705 -0.121094 -0.149780 0.044145 -0.235442 -0.291217
-0.057861 -0.111450 -0.169312 -0.112499 -0.216692 -0.329191
-0.060791 -0.060547 -0.081665 -0.118195 -0.117721 -0.158781
-0.023193 -0.034424 -0.035522 -0.045095 -0.066930 -0.069066
-0.005127 -0.075562 -0.066162 -0.009968 -0.146914 -0.128638
-0.005493 -0.086792 -0.106934 -0.010680 -0.168749 -0.207910
-0.031982 -0.084106 -0.113159 -0.062183 -0.163527 -0.220014
-0.054932 -0.017334 -0.087158 -0.106803 -0.033702 -0.169461
-0.065796 -0.030029 -0.046753 -0.127926 -0.058386 -0.090901
-0.064941 -0.038086 -0.082031 -0.126265 -0.074050 -0.159493
-0.079346 -0.041016 -0.112915 -0.154271 -0.079746 -0.219540
-0.039917 -0.000122 -0.147461 -0.077610 -0.000237 -0.286707
-0.004761 0.017700 -0.150391 -0.009256 0.034414 -0.292403
-0.003540 0.015869 -0.134277 -0.006883 0.030854 -0.261074
-0.007080 -0.013306 -0.103027 -0.013766 -0.025870 -0.200315
0.032349 0.000122 -0.099365 0.062895 0.000237 -0.193195
0.031738 -0.024292 -0.117188 0.061708 -0.047231 -0.227847
-0.002686 -0.026978 -0.129272 -0.005221 -0.052452 -0.251343
-0.048828 -0.014038 -0.089478 -0.094936 -0.027294 -0.173970
