-0.244019 0.119751 -0.332275 -0.474443 0.232831 -0.646040
-0.154297 0.120239 -0.161377 -0.299998 0.233780 -0.313764
-0.002563 0.155396 -0.186646 -0.004984 0.302134 -0.362893
-0.019409 0.143921 -0.184570 -0.037737 0.279824 -0.358858
-0.095215 0.080811 -0.018677 -0.185125 0.157119 -0.036313
0.004517 -0.099731 0.238037 0.008782 -0.193907 0.462814
0.260620 -0.246216 0.437500 0.506721 -0.478715 0.850628
0.348389 -0.298828 0.612305 0.677369 -0.581009 1.190499
0.128784 -0.283325 0.688110 0.250394 -0.550867 1.337887
-0.236084 -0.024170 0.636841 -0.459016 -0.046993 1.238204
-0.538696 0.030518 0.685059 -1.047383 0.059335 1.331954
-0.687988 -0.300049 0.736938 -1.337650 -0.583382 1.432823
-0.789673 -0.250366 0.737671 -1.535354 -0.486785 1.434247
-0.840088 -0.190552 0.583862 -1.633376 -0.370488 1.135199
-0.924438 0.029907 0.370361 -1.797378 0.058148 0.720090
-1.003906 0.062012 0.028564 -1.951887 0.120569 0.055538
-1.088013 0.033081 -0.297729 -2.115414 0.064319 -0.578873
-1.063965 0.323853 -0.576050 -2.068658 0.629664 -1.120009
-0.998657 0.641113 -0.849121 -1.941681 1.246511 -1.650939
-0.988037 0.657227 -1.211670 -1.921032 1.277840 -2.355840
-0.856323 0.500977 -1.675537 -1.664942 0.974045 -3.257733
-0.418457 0.466797 -1.926758 -0.813603 0.907589 -3.746179
0.150635 0.489746 -1.796875 0.292878 0.952209 -3.493649
0.625244 0.557617 -1.433716 1.215657 1.084170 -2.787562
0.982910 0.596802 -1.020752 1.911064 1.160357 -1.984639
1.087646 0.601563 -0.751953 2.114702 1.169613 -1.462016
1.195557 0.410400 -0.454956 2.324511 0.797938 -0.884567
1.337036 0.151489 -0.180542 2.599588 0.294539 -0.351026
1.402466 0.072998 0.048218 2.726803 0.141929 0.093749
1.371338 0.072876 0.151733 2.666281 0.141692 0.295014
1.266846 0.061523 0.200317 2.463117 0.119620 0.389475
1.093018 0.173584 0.213867 2.125145 0.337498 0.415820
1.015381 0.179810 0.224854 1.974196 0.349602 0.437181
0.920166 0.066162 0.300049 1.789071 0.128638 0.583382
0.777832 -0.014648 0.383667 1.512332 -0.028481 0.745961
0.628052 -0.002319 0.453247 1.221116 -0.004509 0.881244
0.366455 0.084839 0.567139 0.712496 0.164952 1.102683
0.050049 0.106445 0.646973 0.097310 0.206961 1.257903
-0.184692 -0.000977 0.616089 -0.359096 -0.001899 1.197856
-0.359131 -0.002319 0.497314 -0.698255 -0.004509 0.966924
-0.548584 0.057007 0.366455 -1.066607 0.110838 0.712496
-0.786865 -0.223999 0.418335 -1.529895 -0.435519 0.813365
-1.119629 -0.439453 0.599121 -2.176885 -0.854425 1.164866
-1.317627 0.014038 0.450439 -2.561851 0.027294 0.875786
-1.529785 0.436279 0.048218 -2.974349 0.848254 0.093749
-1.821777 0.105469 0.013794 -3.542066 0.205062 0.026819
-1.938843 0.007202 -0.036255 -3.769676 0.014003 -0.070490
-1.753418 0.310303 -0.318970 -3.409156 0.603319 -0.620170
-1.617798 0.349854 -0.394653 -3.145471 0.680217 -0.767321
-1.635498 0.267090 -0.163818 -3.179885 0.519301 -0.318511
-1.288574 0.345947 -0.115112 -2.505364 0.672622 -0.223812
-0.750854 0.348389 -0.230225 -1.459880 0.677369 -0.447624
-0.615845 0.383667 -0.203003 -1.197382 0.745961 -0.394697
-0.558960 0.537598 -0.036987 -1.086781 1.045247 -0.071914
-0.348511 0.453735 0.013916 -0.677607 0.882194 0.027057
-0.115356 0.301147 -0.063721 -0.224287 0.585518 -0.123892
0.069702 0.163086 -0.166260 0.135521 0.317087 -0.323257
0.105225 0.112793 -0.189453 0.204587 0.219302 -0.368352
0.089111 0.175293 -0.166016 0.173258 0.340821 -0.322783
0.081177 0.208984 -0.146729 0.157831 0.406327 -0.285283
0.110718 0.192627 -0.145752 0.215268 0.374523 -0.283384
0.151245 0.111694 -0.169189 0.294065 0.217166 -0.328954
0.167480 0.065430 -0.184692 0.325631 0.127214 -0.359096
0.204590 0.030151 -0.169800 0.397782 0.058623 -0.330140
0.233887 0.061768 -0.144775 0.454744 0.120094 -0.281486
0.244263 0.092163 -0.150513 0.474918 0.179192 -0.292641
0.234619 0.049072 -0.182007 0.456168 0.095411 -0.353874
0.210205 0.029053 -0.179565 0.408700 0.056487 -0.349128
0.186279 0.015625 -0.146973 0.362181 0.030380 -0.285758
0.153809 -0.003174 -0.135254 0.299049 -0.006171 -0.262973
0.113647 -0.019165 -0.109375 0.220964 -0.037262 -0.212657
0.053101 -0.018799 -0.045044 0.103243 -0.036550 -0.087579
0.030273 0.024780 0.004761 0.058860 0.048180 0.009256
0.070679 0.058960 0.024780 0.137420 0.114635 0.048180
0.085083 0.075317 0.015015 0.165426 0.146439 0.029193
0.065308 0.090820 -0.017700 0.126977 0.176581 -0.034414
0.060791 0.102051 -0.063843 0.118195 0.198416 -0.124129
0.062744 0.057129 -0.032104 0.121993 0.111075 -0.062420
0.051514 0.076904 0.014404 0.100158 0.149524 0.028006
0.041626 0.190186 -0.015137 0.080933 0.369776 -0.029430
