-0.253662 -0.116455 -0.227539 -0.493193 -0.226423 -0.442402
-0.175659 -0.211670 -0.203003 -0.341533 -0.411548 -0.394697
-0.037720 -0.318115 -0.142578 -0.073338 -0.618509 -0.277213
-0.072998 -0.291260 -0.164185 -0.141929 -0.566294 -0.319223
0.027344 -0.290527 -0.147705 0.053164 -0.564870 -0.287182
0.246216 -0.219971 -0.002197 0.478715 -0.427687 -0.004272
0.056396 -0.139893 0.133179 0.109651 -0.271992 0.258938
-0.047852 0.034302 0.236328 -0.093037 0.066693 0.459491
0.060181 -0.040161 0.252808 0.117009 -0.078085 0.491532
0.495850 -0.154053 0.342651 0.964076 -0.299523 0.666214
0.990112 -0.424805 0.248901 1.925067 -0.825944 0.483937
1.251221 -0.677979 0.007324 2.432738 -1.318188 0.014240
1.433105 -0.487427 -0.178467 2.786375 -0.947700 -0.346992
1.445435 -0.480225 -0.376831 2.810346 -0.933697 -0.732669
1.388184 -0.265625 -0.357910 2.699034 -0.516452 -0.695882
1.300659 -0.145752 -0.343018 2.528861 -0.283384 -0.666926
1.181641 -0.258911 -0.497192 2.297454 -0.503399 -0.966687
1.013062 -0.127808 -0.693848 1.969687 -0.248495 -1.349042
0.848999 -0.031616 -0.873901 1.650702 -0.061471 -1.699119
0.652222 -0.131470 -1.041870 1.268109 -0.255615 -2.025699
0.323120 -0.204346 -1.142944 0.628240 -0.397308 -2.222217
-0.132446 -0.058350 -1.098999 -0.257514 -0.113449 -2.136775
-0.620483 0.254517 -0.924683 -1.206401 0.494854 -1.797853
-1.008301 0.595825 -0.710815 -1.960431 1.158458 -1.382033
-1.302490 0.830933 -0.580933 -2.532421 1.615575 -1.129502
-1.371948 0.700928 -0.584351 -2.667467 1.362808 -1.136148
-1.139160 0.276733 -0.509766 -2.214859 0.538050 -0.991133
-0.744873 0.062256 0.009766 -1.448250 0.121044 0.018987
-0.480591 -0.148193 0.809082 -0.934409 -0.288131 1.573091
-0.203125 -0.292969 1.343628 -0.394934 -0.569617 2.612405
0.123535 -0.394653 1.396851 0.240188 -0.767321 2.715885
0.439209 -0.324585 1.158447 0.853950 -0.631088 2.252359
0.628296 -0.193237 0.918701 1.221590 -0.375710 1.786223
0.655640 -0.060303 0.634399 1.274755 -0.117246 1.233457
0.540894 0.055908 0.303833 1.051655 0.108702 0.590740
0.348755 0.004883 0.021118 0.678081 0.009494 0.041060
0.156982 -0.115967 -0.182617 0.305220 -0.225473 -0.355061
-0.101196 -0.183472 -0.377319 -0.196755 -0.356722 -0.733619
-0.395386 -0.224365 -0.548584 -0.768745 -0.436231 -1.066607
-0.687866 -0.299072 -0.665283 -1.337412 -0.581484 -1.293505
-0.957886 -0.126831 -0.794312 -1.862409 -0.246597 -1.544373
-1.188232 0.203369 -0.885620 -2.310270 0.395409 -1.721904
-1.332764 0.445313 -1.073486 -2.591281 0.865817 -2.087170
-1.215210 0.384521 -1.394897 -2.362723 0.747622 -2.712087
-0.865845 0.188232 -1.538452 -1.683455 0.365979 -2.991199
-0.668945 0.164551 -1.355469 -1.300625 0.319935 -2.635427
-0.506104 0.121338 -0.949829 -0.984013 0.235916 -1.846745
-0.348999 -0.024658 -0.556152 -0.678556 -0.047943 -1.081322
-0.271484 -0.045898 -0.338623 -0.527845 -0.089240 -0.658382
-0.192261 -0.065552 -0.256348 -0.373811 -0.127452 -0.498415
-0.115967 -0.105713 -0.255371 -0.225473 -0.205537 -0.496516
-0.065552 -0.051880 -0.259033 -0.127452 -0.100870 -0.503636
-0.021118 0.057983 -0.208374 -0.041060 0.112737 -0.405140
0.050293 0.120361 -0.165161 0.097784 0.234018 -0.321121
0.094482 0.149414 -0.173950 0.183701 0.290505 -0.338210
0.122070 0.083130 -0.182861 0.237340 0.161629 -0.355536
0.114258 0.044189 -0.148193 0.222151 0.085917 -0.288131
0.073730 0.066528 -0.120117 0.143354 0.129350 -0.233543
0.013306 0.058228 -0.086670 0.025870 0.113211 -0.168512
-0.041626 -0.000122 -0.054565 -0.080933 -0.000237 -0.106091
-0.048706 -0.007813 -0.021606 -0.094699 -0.015190 -0.042009
-0.036621 0.045410 -0.015259 -0.071202 0.088291 -0.029668
-0.012451 0.054688 -0.035278 -0.024209 0.106328 -0.068591
0.010132 0.088745 -0.080322 0.019699 0.172546 -0.156170
0.019653 0.100830 -0.118652 0.038212 0.196043 -0.230695
0.001099 0.082153 -0.132446 0.002136 0.159730 -0.257514
-0.005615 0.121948 -0.099854 -0.010918 0.237103 -0.194144
-0.010132 0.139526 -0.084351 -0.019699 0.271280 -0.164002
-0.008301 0.088013 -0.095947 -0.016139 0.171122 -0.186549
-0.019043 0.017456 -0.103394 -0.037025 0.033940 -0.201027
-0.037842 0.027222 -0.074219 -0.073575 0.052927 -0.144303
-0.050049 0.066528 -0.064697 -0.097310 0.129350 -0.125790
-0.047974 0.063721 -0.097290 -0.093275 0.123892 -0.189160
-0.047974 0.041138 -0.123291 -0.093275 0.079984 -0.239714
-0.058472 0.024292 -0.109009 -0.113686 0.047231 -0.211945
-0.081665 0.045166 -0.108032 -0.158781 0.087816 -0.210046
-0.072510 0.065552 -0.121948 -0.140980 0.127452 -0.237103
-0.077515 0.037476 -0.134521 -0.150711 0.072863 -0.261549
-0.069580 -0.003418 -0.136230 -0.135284 -0.006646 -0.264872
-0.064941 -0.021973 -0.145264 -0.126265 -0.042721 -0.282435
