-0.281494 0.078979 -0.157227 -0.547307 0.153559 -0.305694
-0.359863 0.333252 -0.028809 -0.699679 0.647939 -0.056012
-0.447998 -0.099365 -0.136108 -0.871039 -0.193195 -0.264634
-0.502686 -0.315308 -0.327515 -0.977367 -0.613050 -0.636784
-0.453247 -0.156250 -0.322144 -0.881244 -0.303796 -0.626341
-0.587036 0.044922 -0.308716 -1.141369 0.087341 -0.600234
-1.007446 -0.243530 -0.245117 -1.958769 -0.473494 -0.476579
-1.343384 -0.285767 -0.158081 -2.611930 -0.555614 -0.307356
-1.704224 -0.435791 -0.039063 -3.313508 -0.847305 -0.075949
-1.325806 -0.243042 0.151733 -2.577753 -0.472545 0.295014
-0.947266 -0.208618 0.095215 -1.841761 -0.405615 0.185125
-0.479858 -0.362671 -0.057861 -0.932985 -0.705138 -0.112499
-0.098511 -0.155151 -0.144409 -0.191534 -0.301659 -0.280774
0.324463 0.085327 -0.241699 0.630850 0.165901 -0.469934
0.905884 0.036621 -0.422241 1.761302 0.071202 -0.820960
1.202148 0.192139 -0.510620 2.337327 0.373574 -0.992794
1.178955 0.457764 -0.451294 2.292233 0.890026 -0.877447
1.260010 0.235352 -0.490967 2.449826 0.457592 -0.954583
1.101440 0.073242 -0.527710 2.141521 0.142404 -1.026022
0.908936 0.035645 -0.467651 1.767236 0.069303 -0.909251
0.685181 0.069458 -0.423950 1.332191 0.135047 -0.824283
0.388428 0.168579 -0.316162 0.755217 0.327767 -0.614711
0.109619 0.088501 -0.253540 0.213132 0.172072 -0.492956
-0.138062 0.064941 -0.270752 -0.268432 0.126265 -0.526421
-0.320068 0.152710 -0.304199 -0.622306 0.296913 -0.591452
-0.497314 0.011353 -0.281250 -0.966924 0.022073 -0.546832
-0.695557 -0.130737 -0.221313 -1.352365 -0.254191 -0.430298
-0.967773 -0.101685 -0.173340 -1.881634 -0.197704 -0.337023
-1.323120 -0.155518 -0.181641 -2.572531 -0.302372 -0.353162
-1.106934 -0.297974 -0.244141 -2.152202 -0.579348 -0.474681
-1.028931 -0.347656 -0.259644 -2.000541 -0.675945 -0.504823
-0.975830 -0.105713 -0.127563 -1.897298 -0.205537 -0.248021
-0.660400 0.062500 -0.128174 -1.284011 0.121518 -0.249207
-0.168213 -0.031616 -0.237305 -0.327055 -0.061471 -0.461390
0.171143 -0.068115 -0.387817 0.332751 -0.132436 -0.754030
0.300903 0.048340 -0.422241 0.585044 0.093987 -0.820960
0.556396 0.091553 -0.429688 1.081797 0.178005 -0.835438
0.787476 -0.027588 -0.464233 1.531082 -0.053639 -0.902605
1.260986 -0.036133 -0.536865 2.451725 -0.070253 -1.043823
0.658813 0.097168 -0.461548 1.280926 0.188923 -0.897384
0.316162 0.061646 -0.539917 0.614711 0.119857 -1.049756
0.450928 0.071777 -0.518555 0.876735 0.139556 -1.008222
0.426758 0.222290 -0.499390 0.829742 0.432197 -0.970959
0.319580 0.120117 -0.436401 0.621357 0.233543 -0.848491
0.225464 -0.055786 -0.318726 0.438368 -0.108465 -0.619695
0.157349 0.017822 -0.241333 0.305932 0.034652 -0.469222
0.071411 0.078613 -0.200439 0.138844 0.152847 -0.389713
-0.061279 -0.026733 -0.219849 -0.119145 -0.051978 -0.427450
-0.123535 -0.080811 -0.193604 -0.240188 -0.157119 -0.376422
-0.113525 -0.062988 -0.127808 -0.220726 -0.122468 -0.248495
-0.162720 -0.014160 -0.090942 -0.316375 -0.027531 -0.176819
-0.179321 -0.014526 -0.094849 -0.348653 -0.028243 -0.184413
-0.132202 0.036621 -0.109009 -0.257040 0.071202 -0.211945
-0.066772 0.074219 -0.133789 -0.129825 0.144303 -0.260125
-0.048462 0.086548 -0.153564 -0.094224 0.168274 -0.298574
-0.067871 0.065552 -0.161377 -0.131961 0.127452 -0.313764
-0.064819 0.048584 -0.171631 -0.126028 0.094461 -0.333700
-0.064453 0.050659 -0.170654 -0.125316 0.098496 -0.331802
-0.028809 0.048340 -0.157104 -0.056012 0.093987 -0.305457
0.011597 0.055542 -0.139648 0.022547 0.107990 -0.271517
0.010376 0.053589 -0.145142 0.020174 0.104192 -0.282198
-0.017090 0.065430 -0.140747 -0.033228 0.127214 -0.273653
-0.043701 0.066406 -0.108398 -0.084968 0.129113 -0.210758
-0.045776 0.042358 -0.094849 -0.089003 0.082357 -0.184413
-0.057373 0.032471 -0.100098 -0.111550 0.063133 -0.194619
-0.051025 -0.017090 -0.089355 -0.099208 -0.033228 -0.173733
-0.044312 -0.013306 -0.073120 -0.086155 -0.025870 -0.142167
-0.034180 -0.004395 -0.077393 -0.066455 -0.008544 -0.150474
-0.042969 0.041138 -0.106812 -0.083544 0.079984 -0.207673
-0.045898 0.065186 -0.112671 -0.089240 0.126740 -0.219065
-0.036011 0.041260 -0.095093 -0.070015 0.080221 -0.184888
-0.010498 -0.002808 -0.073364 -0.020411 -0.005459 -0.142642
-0.001831 -0.027222 -0.076538 -0.003560 -0.052927 -0.148812
-0.000732 -0.038818 -0.109253 -0.001424 -0.075474 -0.212420
-0.010620 0.031982 -0.110718 -0.020649 0.062183 -0.215268
-0.039673 0.037109 -0.106689 -0.077136 0.072151 -0.207435
-0.066162 0.038818 -0.112793 -0.128638 0.075474 -0.219302
-0.044067 0.043823 -0.100220 -0.085680 0.085205 -0.194856
-0.035156 0.030518 -0.099609 -0.068354 0.059335 -0.193670
-0.023071 0.050171 -0.094604 -0.044857 0.097547 -0.183939
