0.441650 -0.264526 -0.121094 0.858697 -0.514316 -0.235442
0.258545 -0.204102 -0.234009 0.502687 -0.396833 -0.454981
0.052734 -0.033936 0.027710 0.102531 -0.065981 0.053876
-0.020752 0.135376 0.315918 -0.040348 0.263210 0.614237
-0.064453 0.191162 0.459839 -0.125316 0.371675 0.894061
-0.264038 -0.094360 0.475708 -0.513367 -0.183464 0.924915
-0.712036 -0.199097 0.299072 -1.384406 -0.387102 0.581484
-1.127441 -0.274170 0.310791 -2.192075 -0.533066 0.604268
-1.578491 -0.162964 0.455078 -3.069047 -0.316849 0.884805
-1.808472 1.257324 0.421021 -3.516196 2.444605 0.818587
-2.291016 1.334839 -0.031006 -4.454402 2.595316 -0.060284
-2.217896 0.270264 -0.514526 -4.312236 0.525471 -1.000389
-1.384399 0.349365 -0.690552 -2.691676 0.679268 -1.342634
-0.736450 0.179810 -0.789063 -1.431874 0.349602 -1.534168
-0.199829 0.150879 -1.130615 -0.388526 0.293353 -2.198246
0.471802 0.402466 -1.510376 0.917320 0.782511 -2.936611
1.027222 0.543091 -1.533447 1.997218 1.055927 -2.981469
1.542603 0.376587 -1.359863 2.999269 0.732195 -2.643971
1.811035 0.006226 -1.068970 3.521180 0.012104 -2.078389
1.995361 -0.315063 -0.638062 3.879564 -0.612575 -1.240578
2.104492 -0.418701 -0.322876 4.091746 -0.814077 -0.627765
2.064331 -0.267578 -0.138428 4.013661 -0.520250 -0.269144
1.741943 0.085571 0.126709 3.386846 0.166376 0.246359
1.250488 0.346802 0.415771 2.431314 0.674284 0.808381
0.891724 0.401733 0.450562 1.733771 0.781087 0.876023
0.505493 0.247070 0.366699 0.982826 0.480377 0.712970
-0.015015 0.014771 0.364502 -0.029193 0.028718 0.708698
-0.615967 -0.093262 0.439819 -1.197619 -0.181328 0.855137
-1.122437 -0.053955 0.585205 -2.182344 -0.104904 1.137809
-1.528687 -0.045898 0.583496 -2.972212 -0.089240 1.134487
-1.901489 0.055542 0.350830 -3.697050 0.107990 0.682116
-2.023682 0.259521 0.081543 -3.934627 0.504585 0.158543
-1.818604 0.184326 -0.102295 -3.535896 0.358384 -0.198891
-1.556519 -0.039673 -0.131592 -3.026326 -0.077136 -0.255853
-1.196167 0.053223 -0.121338 -2.325697 0.103480 -0.235916
-0.647095 0.174683 -0.221069 -1.258141 0.339634 -0.429823
-0.258179 0.087891 -0.272095 -0.501975 0.170885 -0.529032
-0.058838 0.083984 -0.247559 -0.114398 0.163290 -0.481326
0.045166 0.151001 -0.220337 0.087816 0.293590 -0.428399
0.084717 0.209595 -0.196289 0.164714 0.407513 -0.381643
0.133179 0.212402 -0.214478 0.258938 0.412972 -0.417007
0.182861 0.167114 -0.249390 0.355536 0.324919 -0.484886
0.182983 0.138672 -0.230469 0.355773 0.269619 -0.448098
0.116211 0.136597 -0.182983 0.225948 0.265584 -0.355773
0.052612 0.135132 -0.126587 0.102294 0.262736 -0.246122
-0.005615 0.092041 -0.069946 -0.010918 0.178955 -0.135996
-0.021362 0.072998 -0.078247 -0.041535 0.141929 -0.152135
-0.021606 0.049072 -0.111450 -0.042009 0.095411 -0.216692
-0.048218 0.003418 -0.159180 -0.093749 0.006646 -0.309492
-0.008911 -0.003906 -0.158691 -0.017326 -0.007595 -0.308542
0.014893 -0.010620 -0.097900 0.028956 -0.020649 -0.190347
0.035645 -0.013306 -0.091553 0.069303 -0.025870 -0.178005
0.100952 0.032471 -0.134033 0.196280 0.063133 -0.260600
0.027222 0.028931 -0.230591 0.052927 0.056250 -0.448336
0.047974 0.059692 -0.174927 0.093275 0.116059 -0.340109
-0.024780 0.050903 -0.183960 -0.048180 0.098971 -0.357672
0.037842 0.045044 -0.126587 0.073575 0.087579 -0.246122
0.047974 0.038086 -0.119263 0.093275 0.074050 -0.231881
0.049805 0.039917 -0.120850 0.096835 0.077610 -0.234967
0.031738 0.037842 -0.113525 0.061708 0.073575 -0.220726
0.014648 0.032471 -0.081055 0.028481 0.063133 -0.157594
-0.008545 0.026001 -0.134521 -0.016614 0.050553 -0.261549
0.024780 0.032471 -0.124268 0.048180 0.063133 -0.241612
0.029907 0.025513 -0.135254 0.058148 0.049604 -0.262973
0.016968 0.010010 -0.156372 0.032990 0.019462 -0.304033
0.013428 0.012695 -0.163452 0.026107 0.024683 -0.317799
0.019775 -0.008057 -0.138062 0.038449 -0.015664 -0.268432
0.022949 -0.011475 -0.138428 0.044620 -0.022310 -0.269144
0.015259 -0.003052 -0.151367 0.029668 -0.005934 -0.294302
0.008057 0.013916 -0.122070 0.015664 0.027057 -0.237340
-0.016235 0.019165 -0.110229 -0.031566 0.037262 -0.214318
-0.030396 0.001099 -0.117676 -0.059098 0.002136 -0.228796
-0.055786 0.004761 -0.122192 -0.108465 0.009256 -0.237578
-0.061035 0.007324 -0.117310 -0.118670 0.014240 -0.228084
-0.042114 0.015503 -0.128174 -0.081882 0.030142 -0.249207
-0.082031 0.024902 -0.120483 -0.159493 0.048417 -0.234255
-0.079346 0.021973 -0.094971 -0.154271 0.042721 -0.184651
-0.073975 0.020508 -0.102173 -0.143828 0.039873 -0.198654
-0.075928 0.007935 -0.120117 -0.147626 0.015427 -0.233543
-0.078125 0.004517 -0.112671 -0.151898 0.008782 -0.219065
