-0.109131 0.107178 -0.110718 -0.212182 0.208385 -0.215268
0.214600 0.087036 -0.072510 0.417244 0.169224 -0.140980
0.369995 0.009766 -0.166382 0.719378 0.018987 -0.323495
0.201782 -0.148926 -0.241699 0.392323 -0.289555 -0.469934
-0.102417 -0.330566 -0.248169 -0.199128 -0.642717 -0.482513
-0.240112 -0.463501 -0.129150 -0.466848 -0.901181 -0.251106
-0.301880 -0.500854 -0.141479 -0.586943 -0.973807 -0.275077
-0.612305 -0.471069 -0.115723 -1.190499 -0.915896 -0.224999
-0.946411 0.097656 -0.014893 -1.840099 0.189872 -0.028956
-1.324707 0.380371 -0.049438 -2.575617 0.739552 -0.096123
-1.522095 0.606934 -0.053711 -2.959396 1.180056 -0.104430
-1.655884 0.640259 -0.208618 -3.219521 1.244850 -0.405615
-1.849365 0.317505 -0.475952 -3.595705 0.617322 -0.925390
-1.336060 0.073486 -0.550903 -2.597689 0.142879 -1.071117
-1.181152 0.053101 -0.462036 -2.296504 0.103243 -0.898333
-1.430786 0.196167 -0.403320 -2.781866 0.381406 -0.784172
-1.094727 0.114380 -0.385986 -2.128468 0.222388 -0.750470
0.016479 0.128418 -0.352539 0.032041 0.249682 -0.685439
1.001709 0.358643 -0.293213 1.947614 0.697306 -0.570091
1.270752 0.296265 -0.330688 2.470712 0.576025 -0.642955
1.369141 0.107178 -0.379639 2.662009 0.208385 -0.738128
1.414673 0.096313 -0.349609 2.750536 0.187261 -0.679743
1.526855 0.168335 -0.313477 2.968652 0.327292 -0.609490
1.552490 0.258179 -0.387451 3.018494 0.501975 -0.753318
1.365967 0.270996 -0.466309 2.655838 0.526895 -0.906640
1.213989 0.202637 -0.542847 2.360349 0.393985 -1.055452
1.109009 -0.011719 -0.574097 2.156236 -0.022785 -1.116211
0.925049 -0.140259 -0.462646 1.798565 -0.272704 -0.899520
0.634033 -0.028198 -0.365234 1.232745 -0.054826 -0.710122
0.271729 0.142212 -0.322388 0.528319 0.276501 -0.626816
-0.070923 0.134155 -0.276978 -0.137895 0.260837 -0.538525
-0.360962 -0.046021 -0.242310 -0.701815 -0.089477 -0.471120
-0.669678 -0.157837 -0.216431 -1.302049 -0.306881 -0.420804
-0.954102 -0.083008 -0.252441 -1.855052 -0.161391 -0.490820
-1.106689 -0.099854 -0.373413 -2.151727 -0.194144 -0.726024
-1.325928 -0.220337 -0.501709 -2.577990 -0.428399 -0.975469
-1.537598 -0.046753 -0.538452 -2.989538 -0.090901 -1.046908
-1.647705 -0.058350 -0.596436 -3.203619 -0.113449 -1.159645
-1.657104 -0.287842 -0.784546 -3.221894 -0.559648 -1.525386
-1.401367 -0.110474 -0.871704 -2.724666 -0.214793 -1.694847
-0.901611 0.066650 -0.637817 -1.752995 0.129588 -1.240103
-0.507446 -0.026001 -0.276123 -0.986624 -0.050553 -0.536864
-0.314087 -0.054199 -0.166504 -0.610677 -0.105379 -0.323732
0.003906 0.249756 -0.279175 0.007595 0.485598 -0.542797
0.412476 0.341675 -0.399170 0.801973 0.664315 -0.776103
0.759644 0.191406 -0.438354 1.476969 0.372150 -0.852289
0.905396 0.168213 -0.433838 1.760353 0.327055 -0.843507
0.978882 0.265137 -0.362549 1.903232 0.515503 -0.704901
1.051880 0.276367 -0.381592 2.045161 0.537338 -0.741926
1.078979 0.245728 -0.444214 2.097851 0.477766 -0.863681
1.042847 0.229370 -0.444824 2.027598 0.445962 -0.864868
1.051758 0.175659 -0.423218 2.044924 0.341533 -0.822859
0.971436 0.192627 -0.392944 1.888754 0.374523 -0.763998
0.772827 0.257568 -0.365601 1.502601 0.500788 -0.710834
0.552490 0.199585 -0.330444 1.074202 0.388051 -0.642480
0.409424 0.131714 -0.314331 0.796039 0.256090 -0.611151
0.243652 0.144897 -0.213867 0.473731 0.281723 -0.415820
0.064087 0.198853 -0.126831 0.124604 0.386627 -0.246597
0.028687 0.182129 -0.082153 0.055775 0.354112 -0.159730
0.154663 0.100220 -0.057495 0.300710 0.194856 -0.111787
0.207642 0.109497 -0.126221 0.403716 0.212894 -0.245410
0.042236 0.040894 -0.341553 0.082120 0.079509 -0.664078
-0.112671 -0.083618 -0.469971 -0.219065 -0.162578 -0.913760
-0.153198 -0.043091 -0.386597 -0.297862 -0.083781 -0.751657
-0.175537 0.126221 -0.229858 -0.341295 0.245410 -0.446912
-0.195801 0.223511 -0.069458 -0.380694 0.434570 -0.135047
-0.185791 0.146484 0.032593 -0.361232 0.284808 0.063370
-0.190186 0.037842 0.063965 -0.369776 0.073575 0.124366
-0.216431 -0.099121 0.015747 -0.420804 -0.192720 0.030617
-0.118286 -0.057251 -0.052856 -0.229983 -0.111313 -0.102768
0.003418 0.022705 -0.100830 0.006646 0.044145 -0.196043
0.056885 0.005737 -0.103516 0.110601 0.011155 -0.201265
0.054932 0.029785 -0.082397 0.106803 0.057911 -0.160205
0.050293 0.067139 -0.065552 0.097784 0.130537 -0.127452
0.040894 0.067871 -0.079468 0.079509 0.131961 -0.154509
0.022949 0.034912 -0.100342 0.044620 0.067879 -0.195094
0.006958 -0.004761 -0.118286 0.013528 -0.009256 -0.229983
-0.003174 0.012329 -0.101074 -0.006171 0.023971 -0.196518
-0.022705 0.013794 -0.076538 -0.044145 0.026819 -0.148812
-0.027344 0.039673 -0.053223 -0.053164 0.077136 -0.103480
