-0.230103 -0.174805 -0.191162 -0.447386 -0.339871 -0.371675
-0.267578 -0.195435 -0.235718 -0.520250 -0.379982 -0.458304
-0.272583 0.005127 -0.094116 -0.529981 0.009968 -0.182989
-0.344727 0.156128 -0.103882 -0.670249 0.303558 -0.201977
-0.439575 -0.040771 -0.202271 -0.854662 -0.079272 -0.393273
-0.526855 -0.001709 -0.244141 -1.024361 -0.003323 -0.474681
-0.678101 -0.013794 -0.329346 -1.318425 -0.026819 -0.640344
-0.933472 -0.028076 -0.470215 -1.814941 -0.054588 -0.914235
-1.375977 -0.144775 -0.635254 -2.675300 -0.281486 -1.235119
-1.797607 -0.142822 -0.687012 -3.495073 -0.277688 -1.335751
-2.175415 -0.369873 -0.653687 -4.229641 -0.719141 -1.270957
-1.465698 -0.482910 -0.678589 -2.849745 -0.938918 -1.319375
-0.280640 -0.353027 -0.709473 -0.545645 -0.686388 -1.379422
0.305542 0.009277 -0.361938 0.594063 0.018038 -0.703714
0.872925 0.176514 -0.205933 1.697220 0.343194 -0.400393
1.359497 -0.004028 -0.322754 2.643259 -0.007832 -0.627528
1.620117 -0.057617 -0.460327 3.149980 -0.112025 -0.895010
1.691772 -0.022949 -0.471436 3.289299 -0.044620 -0.916608
1.443481 0.106445 -0.400024 2.806549 0.206961 -0.777764
1.081421 0.293823 -0.294678 2.102597 0.571278 -0.572939
0.738525 0.317383 -0.236450 1.435909 0.617085 -0.459728
0.461182 0.261841 -0.237793 0.896672 0.509095 -0.462339
0.343994 0.237305 -0.208496 0.668825 0.461390 -0.405377
0.172363 0.112549 -0.179565 0.335124 0.218828 -0.349128
-0.178589 0.031860 -0.182007 -0.347229 0.061946 -0.353874
-0.566772 -0.011108 -0.191162 -1.101971 -0.021598 -0.371675
-0.770508 -0.069458 -0.103638 -1.498092 -0.135047 -0.201502
-0.960693 -0.166260 -0.040283 -1.867868 -0.323257 -0.078322
-1.141968 -0.148682 -0.063477 -2.220318 -0.289080 -0.123417
-1.361816 -0.188599 -0.174561 -2.647768 -0.366691 -0.339397
-1.770264 -0.136108 -0.262695 -3.441909 -0.264634 -0.510756
-1.577759 -0.039063 -0.318237 -3.067623 -0.075949 -0.618746
-1.363770 0.167725 -0.510986 -2.651566 0.326106 -0.993506
-1.048706 0.169800 -0.528564 -2.038990 0.330140 -1.027683
-0.468506 0.331421 -0.539673 -0.910912 0.644379 -1.049281
0.194336 0.441772 -0.360352 0.377846 0.858934 -0.700629
0.657104 0.357422 -0.249756 1.277603 0.694932 -0.485598
0.918213 0.229980 -0.209717 1.785274 0.447149 -0.407751
1.047119 0.030396 -0.255981 2.035905 0.059098 -0.497703
1.137451 0.023315 -0.396851 2.211537 0.045332 -0.771593
1.124023 0.056396 -0.460571 2.185429 0.109651 -0.895485
1.000366 0.037354 -0.452759 1.945004 0.072626 -0.880295
0.762695 0.110596 -0.350708 1.482902 0.215030 -0.681879
0.490356 0.053345 -0.259644 0.953396 0.103718 -0.504823
0.291748 -0.001587 -0.234375 0.567243 -0.003085 -0.455693
-0.003662 0.011475 -0.204590 -0.007120 0.022310 -0.397782
-0.031860 0.016235 -0.205811 -0.061946 0.031566 -0.400156
0.006104 0.012329 -0.145142 0.011867 0.023971 -0.282198
-0.111206 0.077148 -0.097290 -0.216217 0.149999 -0.189160
-0.222046 0.113037 -0.095215 -0.431722 0.219777 -0.185125
-0.215698 0.108398 -0.123291 -0.419380 0.210758 -0.239714
-0.184082 0.054321 -0.150146 -0.357909 0.105616 -0.291929
-0.166748 0.064697 -0.166016 -0.324207 0.125790 -0.322783
-0.153931 0.132202 -0.150757 -0.299286 0.257040 -0.293115
-0.149170 0.149658 -0.112427 -0.290030 0.290979 -0.218590
-0.110352 0.115723 -0.091797 -0.214556 0.224999 -0.178480
-0.056274 0.097046 -0.068604 -0.109414 0.188686 -0.133385
-0.005859 0.045166 -0.055908 -0.011392 0.087816 -0.108702
0.039185 0.047607 -0.045532 0.076186 0.092563 -0.088528
0.040039 0.035767 -0.040649 0.077848 0.069541 -0.079034
0.048096 -0.016724 -0.060547 0.093512 -0.032516 -0.117721
0.046875 -0.021240 -0.083740 0.091139 -0.041297 -0.162815
0.030762 0.005493 -0.085938 0.059810 0.010680 -0.167088
-0.000122 -0.001831 -0.078491 -0.000237 -0.003560 -0.152610
-0.022217 -0.014282 -0.064575 -0.043196 -0.027769 -0.125553
-0.042480 -0.024292 -0.055908 -0.082594 -0.047231 -0.108702
-0.059570 0.000854 -0.080322 -0.115822 0.001661 -0.156170
-0.050049 0.028809 -0.085449 -0.097310 0.056012 -0.166138
-0.047485 0.010132 -0.081787 -0.092325 0.019699 -0.159018
-0.034668 0.010254 -0.080322 -0.067405 0.019937 -0.156170
-0.028564 -0.005981 -0.085327 -0.055538 -0.011630 -0.165901
-0.033203 -0.011719 -0.080933 -0.064557 -0.022785 -0.157357
-0.026855 0.013550 -0.079590 -0.052215 0.026345 -0.154746
-0.026611 0.012085 -0.099731 -0.051740 0.023497 -0.193907
-0.028931 0.018921 -0.124390 -0.056250 0.036788 -0.241850
-0.033936 0.028687 -0.104370 -0.065981 0.055775 -0.202926
-0.034790 0.012939 -0.080811 -0.067642 0.025158 -0.157119
-0.033325 -0.021362 -0.085693 -0.064794 -0.041535 -0.166613
-0.031494 -0.020752 -0.110107 -0.061234 -0.040348 -0.214081
-0.032837 -0.007202 -0.104614 -0.063845 -0.014003 -0.203401
