-0.184692 0.037109 0.041992 -0.359096 0.072151 0.081645
-0.369385 0.196655 -0.062256 -0.718192 0.382355 -0.121044
-0.670166 0.057373 -0.305542 -1.302998 0.111550 -0.594063
-0.699219 0.085815 -0.382202 -1.359485 0.166850 -0.743112
-0.588135 -0.038574 -0.395630 -1.143505 -0.075000 -0.769220
-0.468384 -0.117798 -0.409424 -0.910675 -0.229033 -0.796039
-0.539063 -0.299194 -0.451904 -1.048095 -0.581721 -0.878634
-0.725830 -0.262939 -0.365723 -1.411225 -0.511231 -0.711071
-1.100220 -0.217041 -0.273193 -2.139148 -0.421991 -0.531168
-1.786987 -0.178467 -0.322876 -3.474424 -0.346992 -0.627765
-1.444092 -0.138794 -0.404297 -2.807736 -0.269856 -0.786071
-0.866943 -0.187256 -0.478516 -1.685591 -0.364080 -0.930374
-0.678955 -0.290283 -0.440063 -1.320087 -0.564395 -0.855612
-0.292114 -0.205811 -0.316284 -0.567955 -0.400156 -0.614949
0.370972 -0.155029 -0.236938 0.721277 -0.301422 -0.460678
0.922607 -0.108765 -0.278320 1.793818 -0.211470 -0.541136
1.292847 -0.151489 -0.405884 2.513671 -0.294539 -0.789156
1.307251 0.035522 -0.449951 2.541677 0.069066 -0.874836
1.100098 0.321899 -0.397583 2.138911 0.625866 -0.773017
1.060181 0.254028 -0.322876 2.061300 0.493905 -0.627765
0.896729 0.117065 -0.315796 1.743502 0.227609 -0.613999
0.615967 -0.036011 -0.224121 1.197619 -0.070015 -0.435757
0.512207 0.008789 -0.226074 0.995880 0.017089 -0.439554
0.361572 0.302368 -0.205566 0.703002 0.587892 -0.399681
0.053223 0.373169 -0.228149 0.103480 0.725549 -0.443589
-0.265381 0.205566 -0.206787 -0.515978 0.399681 -0.402054
-0.521606 -0.059448 -0.227051 -1.014155 -0.115585 -0.441453
-0.700073 -0.171387 -0.206543 -1.361147 -0.333226 -0.401580
-0.945435 -0.114014 -0.104736 -1.838200 -0.221676 -0.203638
-1.242065 0.016113 -0.068237 -2.414937 0.031329 -0.132673
-1.243408 -0.009399 -0.101685 -2.417548 -0.018275 -0.197704
-1.166626 0.084595 -0.251953 -2.268261 0.164477 -0.489870
-1.000488 0.022095 -0.319824 -1.945241 0.042959 -0.621832
-0.983276 0.007690 -0.381836 -1.911776 0.014952 -0.742400
-0.864136 0.291626 -0.372559 -1.680132 0.567006 -0.724363
-0.385742 0.312378 -0.381226 -0.749995 0.607354 -0.741214
0.093140 0.111328 -0.449097 0.181091 0.216454 -0.873175
0.315796 0.116699 -0.500488 0.613999 0.226897 -0.973095
0.421997 0.178345 -0.525024 0.820485 0.346754 -1.020801
0.542480 0.250977 -0.487915 1.054740 0.487972 -0.948649
0.713623 0.300415 -0.450317 1.387491 0.584094 -0.875548
0.881348 0.341553 -0.384766 1.713597 0.664078 -0.748097
0.889526 0.347534 -0.344238 1.729499 0.675708 -0.669300
0.745605 0.267944 -0.328491 1.449674 0.520962 -0.638683
0.657837 0.152222 -0.298096 1.279027 0.295963 -0.579585
0.620483 0.042603 -0.273682 1.206401 0.082832 -0.532117
0.568970 -0.001099 -0.235352 1.106243 -0.002136 -0.457592
0.487915 -0.034424 -0.190674 0.948649 -0.066930 -0.370726
0.500244 -0.149292 -0.208252 0.972620 -0.290267 -0.404903
0.171387 -0.094360 -0.243164 0.333226 -0.183464 -0.472782
-0.319702 -0.049561 -0.082153 -0.621594 -0.096360 -0.159730
-0.351807 0.023682 -0.032715 -0.684015 0.046044 -0.063607
-0.139404 -0.024658 -0.102295 -0.271043 -0.047943 -0.198891
-0.082275 -0.035645 -0.122192 -0.159967 -0.069303 -0.237578
-0.058838 0.042480 -0.175293 -0.114398 0.082594 -0.340821
-0.087769 0.127441 -0.158447 -0.170648 0.247783 -0.308068
-0.086792 0.089233 -0.145996 -0.168749 0.173496 -0.283859
-0.059082 0.023804 -0.121826 -0.114873 0.046281 -0.236866
-0.048340 -0.002441 -0.133301 -0.093987 -0.004747 -0.259176
-0.037720 0.019409 -0.148560 -0.073338 0.037737 -0.288843
-0.052368 0.073486 -0.145264 -0.101819 0.142879 -0.282435
-0.045776 0.095337 -0.136719 -0.089003 0.185363 -0.265821
-0.022827 0.065796 -0.145508 -0.044383 0.127926 -0.282910
-0.003784 0.022217 -0.130127 -0.007358 0.043196 -0.253005
-0.020020 0.030762 -0.130859 -0.038924 0.059810 -0.254429
-0.013550 0.028809 -0.105469 -0.026345 0.056012 -0.205062
-0.005981 0.038330 -0.104248 -0.011630 0.074525 -0.202689
-0.022949 0.014526 -0.117432 -0.044620 0.028243 -0.228321
-0.020752 0.031494 -0.100098 -0.040348 0.061234 -0.194619
-0.033447 0.037109 -0.088135 -0.065031 0.072151 -0.171360
-0.034180 0.014038 -0.081787 -0.066455 0.027294 -0.159018
-0.020752 0.030396 -0.089722 -0.040348 0.059098 -0.174445
0.000122 0.024292 -0.102295 0.000237 0.047231 -0.198891
-0.009033 0.049194 -0.115112 -0.017563 0.095648 -0.223812
-0.020142 0.033447 -0.104736 -0.039161 0.065031 -0.203638
-0.029175 0.012573 -0.102051 -0.056724 0.024446 -0.198416
-0.037842 0.033813 -0.100586 -0.073575 0.065743 -0.195568
-0.044556 0.026855 -0.100952 -0.086629 0.052215 -0.196280
-0.029175 0.009277 -0.100708 -0.056724 0.018038 -0.195806
-0.010864 0.022949 -0.104736 -0.021123 0.044620 -0.203638
