0.541626 -0.320068 -0.296509 1.053079 -0.622306 -0.576500
0.340454 0.153564 -0.225220 0.661942 0.298574 -0.437893
0.098633 0.429443 0.032715 0.191771 0.834963 0.063607
-0.015015 0.680664 0.345703 -0.029193 1.323409 0.672148
-0.072754 0.564453 0.516724 -0.141455 1.097461 1.004661
-0.133057 0.264526 0.653687 -0.258701 0.514316 1.270957
-0.199463 0.143555 0.518555 -0.387814 0.279112 1.008222
-0.703613 0.223267 0.467896 -1.368029 0.434095 0.909725
-1.319702 -0.128052 0.473145 -2.565886 -0.248970 0.919931
-1.675903 -0.108765 0.410767 -3.258445 -0.211470 0.798650
-1.468506 -0.055786 0.369141 -2.855204 -0.108465 0.717717
-1.185913 -0.176025 0.097412 -2.305761 -0.342245 0.189398
-1.309082 0.029175 -0.462646 -2.545237 0.056724 -0.899520
-1.270386 0.200928 -0.858032 -2.470000 0.390662 -1.668265
-0.714355 0.261475 -1.107422 -1.388915 0.508383 -2.153151
0.176392 0.539063 -1.379028 0.342957 1.048095 -2.681233
1.432617 0.624634 -1.832153 2.785426 1.214470 -3.562240
1.736694 0.603516 -1.952759 3.376640 1.173410 -3.796732
1.337646 0.605591 -1.402832 2.600775 1.177445 -2.727515
1.456909 0.541138 -0.948364 2.832656 1.052130 -1.843897
1.772583 0.355225 -0.572510 3.446418 0.690660 -1.113126
1.953125 0.111938 -0.177734 3.797445 0.217641 -0.345567
2.124023 -0.131104 0.218018 4.129721 -0.254903 0.423890
1.940308 -0.183960 0.496094 3.772524 -0.357672 0.964551
1.557739 0.342285 0.626831 3.028699 0.665502 1.218742
0.870972 0.726807 0.780518 1.693423 1.413124 1.517554
0.361694 0.613525 0.873047 0.703239 1.192872 1.697458
-0.003784 0.386230 0.876221 -0.007358 0.750945 1.703629
-0.296997 0.229492 0.812134 -0.577449 0.446200 1.579025
-0.579834 0.010620 0.761475 -1.127366 0.020649 1.480529
-0.785767 -0.228516 0.644897 -1.527759 -0.444301 1.253869
-0.940552 -0.328613 0.369263 -1.828707 -0.638920 0.717954
-1.053345 -0.433472 0.149414 -2.048009 -0.842795 0.290505
-1.273926 -0.514648 0.112427 -2.476883 -1.000627 0.218590
-1.625488 -0.356445 -0.004639 -3.160423 -0.693034 -0.009019
-1.831787 -0.362671 -0.121826 -3.561528 -0.705138 -0.236866
-1.831421 -0.458984 -0.113892 -3.560816 -0.892399 -0.221438
-1.665405 -0.094360 -0.271118 -3.238034 -0.183464 -0.527133
-1.484863 0.056519 -0.437012 -2.887007 0.109889 -0.849678
-0.931763 0.037109 -0.452271 -1.811618 0.072151 -0.879346
-0.367920 0.322510 -0.402222 -0.715344 0.627053 -0.782036
-0.318237 0.244507 -0.278931 -0.618746 0.475393 -0.542323
-0.273682 -0.010132 -0.109741 -0.532117 -0.019699 -0.213369
-0.152222 0.137207 -0.016235 -0.295963 0.266770 -0.031566
0.073730 0.197510 -0.060913 0.143354 0.384017 -0.118433
0.044556 0.157349 -0.214966 0.086629 0.305932 -0.417956
0.110962 0.065552 -0.265259 0.215742 0.127452 -0.515740
0.125488 0.017334 -0.174316 0.243986 0.033702 -0.338922
0.043945 0.088135 -0.067993 0.085443 0.171360 -0.132199
-0.015259 0.125610 -0.054932 -0.029668 0.244223 -0.106803
-0.163696 0.157837 -0.110596 -0.318273 0.306881 -0.215030
-0.045044 0.091675 -0.132935 -0.087579 0.178243 -0.258464
-0.007690 0.053833 -0.130981 -0.014952 0.104667 -0.254666
0.042358 0.064575 -0.078857 0.082357 0.125553 -0.153322
0.074219 0.034546 -0.066772 0.144303 0.067167 -0.129825
0.045532 0.044434 -0.085327 0.088528 0.086392 -0.165901
0.034546 0.091675 -0.065918 0.067167 0.178243 -0.128164
0.010742 0.073242 -0.034424 0.020886 0.142404 -0.066930
0.020752 0.068359 -0.043213 0.040348 0.132911 -0.084018
0.068481 0.059448 -0.067505 0.133148 0.115585 -0.131249
0.020630 0.059937 -0.084839 0.040111 0.116534 -0.164952
-0.039063 0.073608 -0.096802 -0.075949 0.143116 -0.188211
-0.067627 0.043945 -0.108276 -0.131487 0.085443 -0.210521
-0.037109 -0.001587 -0.092896 -0.072151 -0.003085 -0.180616
-0.038086 -0.017334 -0.089844 -0.074050 -0.033702 -0.174682
-0.027832 -0.003052 -0.058838 -0.054114 -0.005934 -0.114398
-0.019653 0.023315 -0.043335 -0.038212 0.045332 -0.084256
-0.025391 0.038330 -0.062012 -0.049367 0.074525 -0.120569
-0.028076 0.057861 -0.109253 -0.054588 0.112499 -0.212420
-0.022583 0.071777 -0.121826 -0.043908 0.139556 -0.236866
-0.007080 0.046143 -0.105347 -0.013766 0.089715 -0.204825
0.025269 0.036499 -0.106445 0.049129 0.070965 -0.206961
0.046997 0.052979 -0.132202 0.091376 0.103006 -0.257040
0.041626 0.079346 -0.132324 0.080933 0.154271 -0.257277
0.017822 0.067993 -0.134766 0.034652 0.132199 -0.262024
-0.008423 0.032349 -0.175537 -0.016376 0.062895 -0.341295
0.002563 -0.005371 -0.145630 0.004984 -0.010443 -0.283147
-0.011108 -0.022339 -0.125732 -0.021598 -0.043433 -0.244460
-0.026978 0.008545 -0.134033 -0.052452 0.016614 -0.260600
-0.038940 -0.000488 -0.125244 -0.075712 -0.000949 -0.243511
