0.181274 0.083130 -0.200073 0.352450 0.161629 -0.389001
0.086426 0.120483 -0.300293 0.168037 0.234255 -0.583857
-0.032715 0.199707 -0.212646 -0.063607 0.388289 -0.413447
-0.204468 0.140747 -0.129517 -0.397545 0.273653 -0.251818
-0.367188 0.086182 -0.109863 -0.713920 0.167562 -0.213606
-0.445679 0.112427 -0.138184 -0.866529 0.218590 -0.268669
-0.379883 0.161133 -0.152588 -0.738603 0.313289 -0.296675
-0.337891 0.211304 -0.198853 -0.656958 0.410836 -0.386627
-0.629272 -0.087158 -0.268433 -1.223489 -0.169461 -0.521911
-1.016235 -0.354370 -0.255615 -1.975858 -0.688999 -0.496991
-1.308228 0.067749 -0.143799 -2.543576 0.131724 -0.279587
-1.598267 0.303589 -0.026367 -3.107496 0.590265 -0.051266
-1.511108 0.270508 0.038086 -2.938035 0.525946 0.074050
-1.411621 0.291016 -0.093994 -2.744603 0.565819 -0.182752
-1.405029 0.184570 -0.072144 -2.731787 0.358858 -0.140268
-1.207275 0.264038 -0.050659 -2.347296 0.513367 -0.098496
-0.589722 0.297241 -0.000610 -1.146591 0.577924 -0.001187
-0.174561 -0.006226 0.213379 -0.339397 -0.012104 0.414871
-0.102905 -0.088135 0.245117 -0.200078 -0.171360 0.476579
-0.068848 -0.021362 0.060791 -0.133860 -0.041535 0.118195
0.172852 -0.051025 -0.110474 0.336074 -0.099208 -0.214793
0.534424 -0.232422 -0.265747 1.039076 -0.451896 -0.516690
0.788574 -0.386597 -0.288208 1.533218 -0.751657 -0.560360
0.848022 -0.372192 -0.307373 1.648803 -0.723651 -0.597623
0.946533 -0.333374 -0.341187 1.840337 -0.648176 -0.663366
1.025391 -0.321411 -0.388306 1.993658 -0.624917 -0.754979
1.177856 -0.307007 -0.428223 2.290097 -0.596911 -0.832590
1.109985 -0.296021 -0.491821 2.158135 -0.575550 -0.956244
1.086182 -0.279785 -0.539307 2.111854 -0.543984 -1.048569
1.021118 -0.190552 -0.510864 1.985351 -0.370488 -0.993269
0.905029 -0.015503 -0.518066 1.759641 -0.030142 -1.007272
0.711792 -0.015869 -0.563110 1.383931 -0.030854 -1.094851
0.468506 0.068359 -0.546387 0.910912 0.132911 -1.062335
0.174683 0.139893 -0.522583 0.339634 0.271992 -1.016054
-0.084717 0.176025 -0.570557 -0.164714 0.342245 -1.109329
-0.302734 0.142578 -0.588989 -0.588604 0.277213 -1.145167
-0.583130 0.081299 -0.599731 -1.133775 0.158069 -1.166053
-0.936401 0.065186 -0.516602 -1.820637 0.126740 -1.004424
-1.174561 0.075684 -0.450806 -2.283688 0.147151 -0.876498
-1.406860 0.106079 -0.529541 -2.735347 0.206249 -1.029582
-1.787231 0.187378 -0.548096 -3.474899 0.364317 -1.065658
-1.836548 0.306763 -0.418823 -3.570785 0.596436 -0.814315
-1.395264 0.417603 -0.532593 -2.712800 0.811941 -1.035516
-0.875488 0.386353 -0.411743 -1.702204 0.751182 -0.800549
-0.402954 0.293335 -0.242188 -0.783460 0.570329 -0.470883
-0.110352 0.277954 -0.147217 -0.214556 0.540424 -0.286232
-0.004272 0.334961 -0.139404 -0.008307 0.651262 -0.271043
0.056274 0.291870 -0.115356 0.109414 0.567481 -0.224287
0.057007 0.237061 -0.100708 0.110838 0.460915 -0.195806
0.071655 0.235229 -0.105347 0.139319 0.457355 -0.204825
0.154053 0.173462 -0.062378 0.299523 0.337261 -0.121281
0.187378 0.075684 -0.057129 0.364317 0.147151 -0.111075
0.169189 0.047119 -0.042236 0.328954 0.091613 -0.082120
0.156616 0.071289 -0.010864 0.304508 0.138607 -0.021123
0.131226 0.037842 -0.013306 0.255141 0.073575 -0.025870
0.099487 -0.017578 -0.005371 0.193432 -0.034177 -0.010443
0.063477 -0.037231 -0.016846 0.123417 -0.072389 -0.032753
0.034302 -0.040039 -0.040039 0.066693 -0.077848 -0.077848
0.046387 -0.048706 -0.044800 0.090189 -0.094699 -0.087104
0.038696 -0.059570 -0.048340 0.075237 -0.115822 -0.093987
0.049438 -0.025879 -0.059448 0.096123 -0.050316 -0.115585
0.062622 0.003662 -0.066528 0.121756 0.007120 -0.129350
0.024536 0.013672 -0.073975 0.047705 0.026582 -0.143828
0.000244 0.027954 -0.076538 0.000475 0.054351 -0.148812
0.011475 0.015503 -0.070557 0.022310 0.030142 -0.137183
0.026123 0.000610 -0.072876 0.050791 0.001187 -0.141692
0.024780 0.001831 -0.096558 0.048180 0.003560 -0.187736
0.009155 0.004150 -0.132324 0.017801 0.008070 -0.257277
-0.018555 0.018677 -0.153076 -0.036076 0.036313 -0.297625
-0.028442 0.034790 -0.139404 -0.055300 0.067642 -0.271043
-0.029541 0.059814 -0.124268 -0.057436 0.116297 -0.241612
-0.009277 0.038452 -0.122070 -0.018038 0.074762 -0.237340
-0.009521 0.023804 -0.114868 -0.018513 0.046281 -0.223337
0.013428 0.005981 -0.107666 0.026107 0.011630 -0.209334
0.021484 0.020996 -0.108154 0.041772 0.040823 -0.210283
0.015503 0.040161 -0.122681 0.030142 0.078085 -0.238527
-0.012451 0.049683 -0.137451 -0.024209 0.096597 -0.267245
-0.031738 0.049927 -0.145752 -0.061708 0.097072 -0.283384
-0.031128 0.040894 -0.134521 -0.060522 0.079509 -0.261549
-0.053223 0.051514 -0.120728 -0.103480 0.100158 -0.234730
