-0.180176 -0.037476 -0.061646 -0.350314 -0.072863 -0.119857
-0.289795 -0.060303 0.086914 -0.563446 -0.117246 0.168986
-0.319824 0.004639 0.132080 -0.621832 0.009019 0.256802
-0.363647 -0.196167 0.119141 -0.707037 -0.381406 0.231644
-0.244995 -0.306641 0.349731 -0.476342 -0.596199 0.679980
0.015259 -0.173218 0.653198 0.029668 -0.336786 1.270008
0.082642 -0.203735 0.548218 0.160679 -0.396121 1.065895
-0.068726 -0.226929 0.512085 -0.133623 -0.441216 0.995642
-0.528198 0.213989 0.631226 -1.026971 0.416058 1.227287
-1.095459 -0.130127 0.634399 -2.129892 -0.253005 1.233457
-1.319336 0.159790 0.695435 -2.565174 0.310678 1.352128
-1.123169 0.445801 0.546631 -2.183768 0.866767 1.062810
-0.951538 0.347534 0.271362 -1.850067 0.675708 0.527607
-1.070190 0.160767 -0.101563 -2.080762 0.312577 -0.197467
-1.205322 0.039551 -0.442993 -2.343498 0.076898 -0.861308
-1.095337 0.062622 -0.581177 -2.129654 0.121756 -1.129977
-0.952881 0.222290 -0.738037 -1.852678 0.432197 -1.434959
-0.769043 0.379028 -0.974731 -1.495244 0.736942 -1.895162
-0.440186 0.394165 -1.228638 -0.855849 0.766372 -2.388830
0.012085 0.254639 -1.426147 0.023497 0.495092 -2.772846
0.457642 0.200562 -1.394409 0.889789 0.389950 -2.711138
0.894409 0.239502 -1.197021 1.738992 0.465662 -2.327359
1.205933 0.249634 -1.042114 2.344685 0.485361 -2.026174
1.367310 0.099487 -0.887817 2.658448 0.193432 -1.726176
1.515503 -0.013672 -0.682983 2.946580 -0.026582 -1.327919
1.574707 -0.041748 -0.491821 3.061690 -0.081170 -0.956244
1.489136 -0.098511 -0.271851 2.895314 -0.191534 -0.528557
1.316772 -0.064209 -0.079590 2.560190 -0.124841 -0.154746
1.079590 0.039307 0.013306 2.099037 0.076424 0.025870
0.796265 0.087280 0.062134 1.548171 0.169698 0.120806
0.542969 0.065796 0.168701 1.055690 0.127926 0.328004
0.418335 0.056641 0.220703 0.813365 0.110126 0.429111
0.318970 0.020996 0.278809 0.620170 0.040823 0.542085
0.151001 0.008667 0.320679 0.293590 0.016851 0.623493
-0.085815 0.029541 0.398926 -0.166850 0.057436 0.775628
-0.320801 0.044556 0.468018 -0.623730 0.086629 0.909963
-0.458252 0.028687 0.450439 -0.890975 0.055775 0.875786
-0.518799 0.078125 0.422241 -1.008696 0.151898 0.820960
-0.637939 0.105835 0.397339 -1.240340 0.205774 0.772543
-0.868652 -0.040039 0.484009 -1.688913 -0.077848 0.941054
-1.065063 -0.022461 0.532471 -2.070794 -0.043671 1.035278
-1.080444 0.333008 0.387817 -2.100699 0.647464 0.754030
-1.069458 0.265381 0.228882 -2.079338 0.515978 0.445013
-0.996704 0.021973 0.185425 -1.937883 0.042721 0.360520
-0.915771 0.081055 0.145630 -1.780527 0.157594 0.283147
-0.830078 0.322632 0.019287 -1.613914 0.627290 0.037500
-0.752197 0.401855 -0.115967 -1.462491 0.781324 -0.225473
-0.631714 0.349243 -0.167969 -1.228236 0.679031 -0.326580
-0.435425 0.265137 -0.116943 -0.846593 0.515503 -0.227372
-0.263306 0.190308 -0.045044 -0.511943 0.370014 -0.087579
-0.181763 0.112671 0.005981 -0.353400 0.219065 0.011630
-0.107666 0.073120 0.066284 -0.209334 0.142167 0.128876
-0.056030 0.035767 0.081299 -0.108939 0.069541 0.158069
-0.024658 -0.024414 0.058716 -0.047943 -0.047468 0.114161
0.015015 -0.033081 0.018555 0.029193 -0.064319 0.036076
0.040527 -0.002808 -0.029785 0.078797 -0.005459 -0.057911
0.010986 0.011475 -0.089844 0.021361 0.022310 -0.174682
0.012817 0.001709 -0.114136 0.024921 0.003323 -0.221913
0.034302 -0.008301 -0.138184 0.066693 -0.016139 -0.268669
0.022339 -0.031372 -0.170166 0.043433 -0.060996 -0.330852
0.036865 -0.036621 -0.191406 0.071677 -0.071202 -0.372150
0.032837 -0.027466 -0.200439 0.063845 -0.053402 -0.389713
0.025024 -0.019531 -0.191040 0.048655 -0.037974 -0.371438
0.004517 -0.021973 -0.179810 0.008782 -0.042721 -0.349602
-0.020020 -0.016846 -0.169556 -0.038924 -0.032753 -0.329666
-0.020020 -0.002930 -0.141479 -0.038924 -0.005696 -0.275077
-0.019043 0.006348 -0.108643 -0.037025 0.012342 -0.211233
-0.020508 0.038696 -0.104126 -0.039873 0.075237 -0.202451
-0.045532 0.059570 -0.124634 -0.088528 0.115822 -0.242324
-0.114868 0.056152 -0.157349 -0.223337 0.109177 -0.305932
-0.133545 0.045654 -0.166748 -0.259650 0.088765 -0.324207
-0.103271 0.088501 -0.145996 -0.200790 0.172072 -0.283859
-0.074463 0.116089 -0.125122 -0.144778 0.225711 -0.243274
-0.071411 0.091553 -0.130371 -0.138844 0.178005 -0.253479
-0.034424 0.073364 -0.119995 -0.066930 0.142642 -0.233305
-0.028198 0.086060 -0.099731 -0.054826 0.167325 -0.193907
-0.020996 0.058838 -0.096313 -0.040823 0.114398 -0.187261
-0.031494 0.037354 -0.116333 -0.061234 0.072626 -0.226185
-0.047119 0.033569 -0.129272 -0.091613 0.065269 -0.251343
-0.045288 0.036621 -0.122314 -0.088053 0.071202 -0.237815
