0.126099 0.138062 0.157227 0.245173 0.268432 0.305694
0.042114 0.303467 0.216431 0.081882 0.590028 0.420804
-0.062500 0.437500 0.198120 -0.121518 0.850628 0.385203
-0.277344 0.414063 0.149902 -0.539237 0.805058 0.291454
-0.494507 0.168091 0.133911 -0.961465 0.326818 0.260362
-0.517456 -0.039063 0.221558 -1.006086 -0.075949 0.430773
-0.631226 -0.332642 0.327759 -1.227287 -0.646752 0.637259
-0.821655 -0.481812 0.462036 -1.597537 -0.936782 0.898333
-1.073730 0.459717 0.432983 -2.087645 0.893824 0.841846
-1.673828 0.439941 0.165894 -3.254410 0.855374 0.322545
-2.136230 0.425171 0.179077 -4.153455 0.826656 0.348178
-2.114624 0.468384 -0.035767 -4.111446 0.910675 -0.069541
-1.327759 0.599365 -0.780884 -2.581550 1.165341 -1.518266
-0.840454 0.754272 -1.121704 -1.634088 1.466526 -2.180920
-0.607422 0.753296 -1.165283 -1.181005 1.464627 -2.265650
-0.311279 0.613525 -1.172852 -0.605218 1.192872 -2.280365
0.030396 0.362671 -1.277222 0.059098 0.705138 -2.483291
0.443359 0.130005 -1.376587 0.862020 0.252767 -2.676486
0.735352 -0.047363 -1.434570 1.429738 -0.092088 -2.789223
1.028931 0.088135 -1.320801 2.000541 0.171360 -2.568022
1.404175 0.175537 -1.220581 2.730125 0.341295 -2.373166
1.739990 0.198364 -1.043457 3.383049 0.385678 -2.028785
1.934937 -0.031494 -0.812500 3.762081 -0.061234 -1.579737
1.962524 -0.241333 -0.629272 3.815720 -0.469222 -1.223489
1.817383 -0.330566 -0.410400 3.533522 -0.642717 -0.797938
1.690430 -0.358887 -0.144043 3.286688 -0.697780 -0.280062
1.454834 -0.415283 0.098511 2.828622 -0.807432 0.191534
1.270142 -0.591553 0.260376 2.469526 -1.150151 0.506247
1.164307 -0.626953 0.280884 2.263752 -1.218980 0.546120
0.987061 -0.346680 0.380249 1.919134 -0.674046 0.739315
0.769043 0.042725 0.551636 1.495244 0.083069 1.072541
0.528320 0.362183 0.738770 1.027209 0.704189 1.436383
0.321167 0.465698 0.882446 0.624442 0.905453 1.715733
0.102295 0.333496 0.979248 0.198891 0.648414 1.903944
-0.094482 0.229492 0.953369 -0.183701 0.446200 1.853628
-0.273193 0.191406 0.724121 -0.531168 0.372150 1.407903
-0.518555 0.120850 0.374023 -1.008222 0.234967 0.727211
-0.813965 -0.133545 0.229492 -1.582585 -0.259650 0.446200
-1.100708 -0.355591 0.321899 -2.140097 -0.691372 0.625866
-1.407593 -0.423096 0.376831 -2.736771 -0.822621 0.732669
-1.683960 -0.366211 0.432861 -3.274109 -0.712021 0.841609
-1.880859 -0.373901 0.483643 -3.656939 -0.726973 0.940342
-2.000488 0.218750 0.273071 -3.889533 0.425314 0.530930
-1.992310 0.757080 -0.043335 -3.873631 1.471985 -0.084256
-1.761841 0.496460 -0.222534 -3.425532 0.965263 -0.432671
-1.077148 0.367188 -0.497559 -2.094291 0.713920 -0.967399
-0.660278 0.375854 -0.584961 -1.283774 0.730771 -1.137335
-0.617676 0.348511 -0.491455 -1.200942 0.677607 -0.955532
-0.631348 0.305420 -0.324219 -1.227524 0.593825 -0.630376
-0.525146 0.265503 -0.113159 -1.021038 0.516215 -0.220014
-0.263306 0.254639 0.047485 -0.511943 0.495092 0.092325
-0.059937 0.177612 0.067261 -0.116534 0.345330 0.130774
0.046875 0.076050 0.005859 0.091139 0.147863 0.011392
0.083862 0.020142 -0.043091 0.163053 0.039161 -0.083781
0.082031 -0.002930 -0.041016 0.159493 -0.005696 -0.079746
0.074829 -0.012085 -0.005005 0.145490 -0.023497 -0.009731
0.064331 0.015015 0.001831 0.125078 0.029193 0.003560
0.045532 0.043091 -0.036255 0.088528 0.083781 -0.070490
0.021484 0.055786 -0.095825 0.041772 0.108465 -0.186312
0.018066 0.081665 -0.134033 0.035126 0.158781 -0.260600
0.049927 0.077515 -0.136597 0.097072 0.150711 -0.265584
0.047729 0.077637 -0.161865 0.092800 0.150948 -0.314713
0.032349 0.070313 -0.167603 0.062895 0.136708 -0.325868
0.027710 0.053711 -0.157959 0.053876 0.104430 -0.307118
0.015381 0.032715 -0.154541 0.029905 0.063607 -0.300473
-0.016846 -0.005371 -0.126953 -0.032753 -0.010443 -0.246834
-0.048706 -0.002319 -0.115601 -0.094699 -0.004509 -0.224761
-0.082764 0.016479 -0.148071 -0.160917 0.032041 -0.287894
-0.104370 0.005005 -0.154541 -0.202926 0.009731 -0.300473
-0.093750 -0.001709 -0.123901 -0.182277 -0.003323 -0.240900
-0.076294 0.018921 -0.093750 -0.148338 0.036788 -0.182277
-0.058716 0.050415 -0.065674 -0.114161 0.098022 -0.127689
-0.009399 0.069580 -0.061401 -0.018275 0.135284 -0.119382
0.081421 0.102051 -0.091919 0.158306 0.198416 -0.178717
0.174683 0.166382 -0.200928 0.339634 0.323495 -0.390662
0.156738 0.065674 -0.331543 0.304745 0.127689 -0.644616
0.097656 -0.031738 -0.367432 0.189872 -0.061708 -0.714394
0.078613 -0.050049 -0.259644 0.152847 -0.097310 -0.504823
0.108154 -0.095825 -0.065063 0.210283 -0.186312 -0.126502
0.072998 -0.051025 0.002075 0.141929 -0.099208 0.004035
