-0.023560 0.161255 -0.127197 -0.045807 0.313527 -0.247309
0.092773 0.034546 -0.161377 0.180379 0.067167 -0.313764
0.091431 -0.054321 -0.255859 0.177768 -0.105616 -0.497465
-0.039063 -0.156494 -0.321411 -0.075949 -0.304270 -0.624917
-0.187866 -0.185303 -0.214966 -0.365267 -0.360283 -0.417956
-0.308105 -0.272827 -0.107178 -0.599047 -0.530456 -0.208385
-0.518677 -0.076416 -0.092163 -1.008459 -0.148575 -0.179192
-0.876099 -0.040527 -0.099609 -1.703391 -0.078797 -0.193670
-1.040405 0.207642 -0.175781 -2.022851 0.403716 -0.341770
-1.154419 0.055908 -0.347778 -2.244527 0.108702 -0.676182
-1.211426 0.044922 -0.438477 -2.355365 0.087341 -0.852526
-1.472534 -0.071167 -0.481812 -2.863036 -0.138369 -0.936782
-1.479736 -0.097290 -0.548462 -2.877039 -0.189160 -1.066370
-1.406860 0.003174 -0.400879 -2.735347 0.006171 -0.779426
-1.302246 0.213501 -0.348999 -2.531946 0.415108 -0.678556
-0.822876 0.489746 -0.434570 -1.599911 0.952209 -0.844931
-0.179321 0.316650 -0.330933 -0.348653 0.615661 -0.643430
0.219849 0.146973 -0.244751 0.427450 0.285758 -0.475867
0.484253 0.047241 -0.200562 0.941529 0.091851 -0.389950
0.805908 0.024292 -0.216187 1.566921 0.047231 -0.420330
1.005005 0.090454 -0.240845 1.954023 0.175869 -0.468272
1.185913 0.077148 -0.292603 2.305761 0.149999 -0.568905
1.346191 0.000854 -0.366821 2.617389 0.001661 -0.713208
1.385254 -0.073364 -0.425171 2.693337 -0.142642 -0.826656
1.319702 -0.135376 -0.436646 2.565886 -0.263210 -0.848966
1.206055 -0.084351 -0.442017 2.344922 -0.164002 -0.859409
0.897461 0.058594 -0.424194 1.744926 0.113923 -0.824758
0.715088 0.031128 -0.412598 1.390339 0.060522 -0.802210
0.574341 -0.111328 -0.391113 1.116686 -0.216454 -0.760438
0.333862 -0.194702 -0.348145 0.649126 -0.378558 -0.676894
0.101074 -0.137329 -0.308228 0.196518 -0.267008 -0.599284
-0.128174 -0.070923 -0.261597 -0.249207 -0.137895 -0.508620
-0.374512 -0.052979 -0.233154 -0.728160 -0.103006 -0.453320
-0.587769 -0.048828 -0.216187 -1.142793 -0.094936 -0.420330
-0.744507 -0.104614 -0.184937 -1.447538 -0.203401 -0.359571
-0.927490 -0.123291 -0.142578 -1.803311 -0.239714 -0.277213
-1.119629 -0.079956 -0.103882 -2.176885 -0.155458 -0.201977
-1.249634 -0.103760 -0.105225 -2.429652 -0.201739 -0.204587
-1.366211 -0.213745 -0.176025 -2.656312 -0.415583 -0.342245
-1.358154 -0.161743 -0.257202 -2.640648 -0.314476 -0.500076
-1.362183 -0.049927 -0.231567 -2.648480 -0.097072 -0.450235
-1.269653 0.068359 -0.159668 -2.468576 0.132911 -0.310441
-1.032593 0.157227 -0.108887 -2.007662 0.305694 -0.211708
-0.839600 0.158813 -0.137817 -1.632427 0.308780 -0.267957
-0.551758 -0.021729 -0.228638 -1.072778 -0.042247 -0.444538
-0.203369 -0.093384 -0.305908 -0.395409 -0.181565 -0.594775
0.129150 0.051636 -0.293457 0.251106 0.100395 -0.570566
0.400879 0.158447 -0.271729 0.779426 0.308068 -0.528319
0.602783 0.207764 -0.314941 1.171986 0.403953 -0.612338
0.774292 0.162964 -0.388794 1.505449 0.316849 -0.755929
0.865234 0.138306 -0.457031 1.682268 0.268907 -0.888602
0.884033 0.108398 -0.478882 1.718818 0.210758 -0.931086
0.912109 0.005005 -0.424316 1.773407 0.009731 -0.824995
0.920044 -0.005981 -0.348022 1.788834 -0.011630 -0.676657
0.887817 0.003784 -0.304443 1.726176 0.007358 -0.591927
0.787720 -0.070679 -0.322021 1.531557 -0.137420 -0.626104
0.653809 -0.121704 -0.331299 1.271195 -0.236628 -0.644142
0.550049 -0.126709 -0.288818 1.069455 -0.246359 -0.561547
0.447388 -0.125977 -0.229126 0.869852 -0.244935 -0.445488
0.337280 -0.070313 -0.158813 0.655771 -0.136708 -0.308780
0.218262 -0.050781 -0.119629 0.424364 -0.098734 -0.232593
0.108643 -0.011719 -0.094727 0.211233 -0.022785 -0.184176
0.082275 -0.007202 -0.085693 0.159967 -0.014003 -0.166613
0.081177 0.001343 -0.078369 0.157831 0.002611 -0.152372
0.023438 0.062500 -0.062988 0.045569 0.121518 -0.122468
0.001099 0.109253 -0.053955 0.002136 0.212420 -0.104904
-0.011475 0.133545 -0.071411 -0.022310 0.259650 -0.138844
-0.011597 0.059692 -0.091919 -0.022547 0.116059 -0.178717
-0.024292 0.021729 -0.086182 -0.047231 0.042247 -0.167562
-0.060303 0.033203 -0.068604 -0.117246 0.064557 -0.133385
-0.083984 0.045410 -0.047363 -0.163290 0.088291 -0.092088
-0.092041 0.029785 -0.054077 -0.178955 0.057911 -0.105142
-0.103394 0.020386 -0.070435 -0.201027 0.039636 -0.136945
-0.116943 0.029053 -0.073975 -0.227372 0.056487 -0.143828
-0.122192 0.060547 -0.100708 -0.237578 0.117721 -0.195806
-0.111938 0.026367 -0.125854 -0.217641 0.051266 -0.244698
-0.081421 -0.031128 -0.115967 -0.158306 -0.060522 -0.225473
-0.039795 -0.022949 -0.082764 -0.077373 -0.044620 -0.160917
-0.041870 -0.052368 -0.078613 -0.081408 -0.101819 -0.152847
-0.048218 -0.082153 -0.076660 -0.093749 -0.159730 -0.149050
