-0.216675 -0.128418 -0.054565 -0.421279 -0.249682 -0.106091
-0.074463 -0.111206 -0.055908 -0.144778 -0.216217 -0.108702
-0.053345 -0.060791 -0.122559 -0.103718 -0.118195 -0.238290
-0.079956 -0.046753 -0.133667 -0.155458 -0.090901 -0.259888
-0.072266 -0.004272 -0.043213 -0.140505 -0.008307 -0.084018
-0.082397 0.094238 0.101196 -0.160205 0.183227 0.196755
-0.072754 -0.070190 0.263428 -0.141455 -0.136471 0.512180
0.185669 -0.201050 0.254761 0.360995 -0.390899 0.495329
0.510986 -0.246704 0.153564 0.993506 -0.479665 0.298574
0.810181 -0.269287 -0.003784 1.575227 -0.523573 -0.007358
0.970703 -0.326172 -0.074463 1.887330 -0.634173 -0.144778
1.110596 -0.376831 -0.083862 2.159322 -0.732669 -0.163053
1.251953 -0.454834 -0.132690 2.434162 -0.884330 -0.257989
1.330322 -0.555786 -0.206421 2.586535 -1.080610 -0.401342
1.273438 -0.496094 -0.263550 2.475934 -0.964551 -0.512418
1.252563 -0.358643 -0.366577 2.435349 -0.697306 -0.712733
1.057129 -0.352905 -0.449097 2.055367 -0.686151 -0.873175
0.940430 -0.249512 -0.534668 1.828470 -0.485124 -1.039550
0.796143 -0.320435 -0.628296 1.547933 -0.623018 -1.221590
0.463379 -0.441650 -0.729980 0.900944 -0.858697 -1.419295
0.196533 -0.322998 -0.874390 0.382118 -0.628002 -1.700068
0.000000 -0.171387 -0.991211 0.000000 -0.333226 -1.927203
-0.241333 -0.119995 -1.033691 -0.469222 -0.233305 -2.009798
-0.573853 -0.039551 -1.038574 -1.115737 -0.076898 -2.019291
-0.873657 0.179077 -1.026611 -1.698644 0.348178 -1.996032
-1.111206 0.486450 -0.980103 -2.160509 0.945801 -1.905605
-1.238037 0.601318 -0.900269 -2.407105 1.169138 -1.750385
-1.267090 0.485596 -0.702759 -2.463592 0.944140 -1.366368
-1.131226 0.412964 -0.390381 -2.199432 0.802922 -0.759014
-0.889160 0.247559 0.091309 -1.728787 0.481326 0.177531
-0.525635 0.108521 0.559204 -1.021987 0.210996 1.087256
-0.340820 0.011353 0.801514 -0.662654 0.022073 1.558376
-0.146118 -0.114502 0.894775 -0.284096 -0.222625 1.739704
0.109741 -0.173950 0.868286 0.213369 -0.338210 1.688201
0.308716 -0.239380 0.802490 0.600234 -0.465424 1.560275
0.420044 -0.310303 0.772827 0.816688 -0.603319 1.502601
0.418945 -0.359741 0.757568 0.814552 -0.699442 1.472934
0.349365 -0.228149 0.670532 0.679268 -0.443589 1.303710
0.207642 -0.062988 0.418091 0.403716 -0.122468 0.812890
-0.057129 -0.022095 0.105957 -0.111075 -0.042959 0.206011
-0.280640 -0.001343 -0.179077 -0.545645 -0.002611 -0.348178
-0.389160 0.055542 -0.454224 -0.756641 0.107990 -0.883143
-0.531128 0.084717 -0.668335 -1.032668 0.164714 -1.299438
-0.643799 0.161011 -0.886597 -1.251733 0.313052 -1.723802
-0.799927 0.243652 -1.147827 -1.555291 0.473731 -2.231711
-0.926025 0.354370 -1.379517 -1.800463 0.688999 -2.682183
-0.904785 0.431641 -1.521851 -1.759166 0.839235 -2.958921
-0.778198 0.518555 -1.502808 -1.513044 1.008222 -2.921896
-0.518433 0.380859 -1.357544 -1.007984 0.740502 -2.639461
-0.389771 0.269653 -1.174316 -0.757828 0.524285 -2.283214
-0.345093 0.309448 -0.932983 -0.670961 0.601658 -1.813992
-0.201660 0.290405 -0.741333 -0.392086 0.564633 -1.441368
-0.108521 0.164429 -0.557617 -0.210996 0.319697 -1.084170
-0.051636 0.038818 -0.333496 -0.100395 0.075474 -0.648414
-0.034180 0.004761 -0.191772 -0.066455 0.009256 -0.372862
-0.011963 -0.000244 -0.155151 -0.023259 -0.000475 -0.301659
0.000732 0.055664 -0.185425 0.001424 0.108227 -0.360520
-0.007690 0.082397 -0.214966 -0.014952 0.160205 -0.417956
0.037720 0.038330 -0.209595 0.073338 0.074525 -0.407513
0.041870 0.029053 -0.213623 0.081408 0.056487 -0.415345
0.011353 0.018311 -0.207886 0.022073 0.035601 -0.404191
-0.028442 0.014893 -0.177368 -0.055300 0.028956 -0.344855
-0.035156 0.001099 -0.145752 -0.068354 0.002136 -0.283384
-0.040039 -0.005127 -0.128540 -0.077848 -0.009968 -0.249919
-0.043945 -0.022217 -0.122803 -0.085443 -0.043196 -0.238764
-0.035522 -0.057129 -0.090942 -0.069066 -0.111075 -0.176819
-0.037231 -0.052734 -0.062134 -0.072389 -0.102531 -0.120806
-0.019165 -0.039185 -0.062256 -0.037262 -0.076186 -0.121044
-0.013672 -0.054321 -0.091553 -0.026582 -0.105616 -0.178005
-0.024536 -0.053833 -0.113403 -0.047705 -0.104667 -0.220489
-0.011841 -0.055176 -0.118164 -0.023022 -0.107278 -0.229745
-0.033691 -0.023682 -0.123657 -0.065506 -0.046044 -0.240426
-0.031982 0.002930 -0.111084 -0.062183 0.005696 -0.215980
-0.008057 0.010864 -0.106812 -0.015664 0.021123 -0.207673
0.016479 -0.004028 -0.123901 0.032041 -0.007832 -0.240900
0.023804 -0.015747 -0.143799 0.046281 -0.030617 -0.279587
0.020752 -0.018066 -0.154663 0.040348 -0.035126 -0.300710
0.006470 -0.008057 -0.151733 0.012579 -0.015664 -0.295014
0.004150 0.009888 -0.130615 0.008070 0.019225 -0.253954
0.014282 0.006470 -0.127808 0.027769 0.012579 -0.248495
