-0.102783 -0.214478 -0.038208 -0.199841 -0.417007 -0.074288
-0.125610 -0.400391 -0.042847 -0.244223 -0.778476 -0.083306
-0.289673 -0.431519 -0.413086 -0.563209 -0.838998 -0.803160
-0.212891 -0.142578 -0.285522 -0.413921 -0.277213 -0.555139
-0.078369 -0.020752 0.028320 -0.152372 -0.040348 0.055063
-0.154785 -0.044556 0.140991 -0.300947 -0.086629 0.274128
-0.147583 -0.366211 0.253662 -0.286944 -0.712021 0.493193
0.329590 -0.275879 0.313232 0.640819 -0.536389 0.609015
0.855225 -0.235229 0.266113 1.662806 -0.457355 0.517402
1.230103 -0.400879 0.086304 2.391678 -0.779426 0.167800
1.369263 -0.385742 -0.063721 2.662246 -0.749995 -0.123892
1.549438 -0.197876 -0.176392 3.012560 -0.384729 -0.342957
1.442993 -0.328003 -0.274902 2.805599 -0.637733 -0.534490
1.179321 -0.373901 -0.335205 2.292944 -0.726973 -0.651736
1.017700 -0.488525 -0.457397 1.978706 -0.949836 -0.889314
0.732666 -0.475952 -0.581055 1.424516 -0.925390 -1.129740
0.462158 -0.403687 -0.732422 0.898570 -0.784884 -1.424042
0.308594 -0.403809 -0.907593 0.599996 -0.785122 -1.764625
0.078369 -0.526855 -1.145752 0.152372 -1.024361 -2.227676
-0.242798 -0.346558 -1.275391 -0.472070 -0.673809 -2.479731
-0.622803 0.054565 -1.251831 -1.210910 0.106091 -2.433925
-1.004150 0.280273 -1.156250 -1.952361 0.544933 -2.248087
-1.229492 0.249634 -0.885986 -2.390491 0.485361 -1.722616
-1.228760 0.216919 -0.347534 -2.389067 0.421754 -0.675708
-1.135620 0.021973 0.320190 -2.207977 0.042721 0.622544
-1.019653 -0.099609 0.891602 -1.982503 -0.193670 1.733533
-0.634155 -0.194702 1.188110 -1.232983 -0.378558 2.310033
-0.073730 -0.232666 1.307861 -0.143354 -0.452371 2.542864
0.324951 -0.259766 1.315063 0.631800 -0.505060 2.556867
0.646484 -0.275024 1.073853 1.256954 -0.534728 2.087883
0.627563 -0.293701 0.673706 1.220166 -0.571041 1.309881
0.474609 -0.130127 0.345459 0.922779 -0.253005 0.671673
0.430176 -0.062988 0.089111 0.836387 -0.122468 0.173258
0.242188 -0.059082 -0.130981 0.470883 -0.114873 -0.254666
-0.119751 -0.112671 -0.318481 -0.232831 -0.219065 -0.619221
-0.465820 -0.197754 -0.437744 -0.905691 -0.384491 -0.851102
-0.795776 -0.052368 -0.565430 -1.547221 -0.101819 -1.099360
-1.161255 0.144165 -0.750000 -2.257818 0.280299 -1.458219
-1.175659 0.091553 -0.966431 -2.285824 0.178005 -1.879023
-0.975830 0.173340 -1.117432 -1.897298 0.337023 -2.172613
-0.669434 0.332031 -1.032104 -1.301574 0.645566 -2.006712
-0.378662 0.256958 -0.767334 -0.736230 0.499601 -1.491921
-0.192749 0.149902 -0.454834 -0.374760 0.291454 -0.884330
-0.115723 0.066040 -0.260986 -0.224999 0.128401 -0.507434
-0.065186 0.100220 -0.179321 -0.126740 0.194856 -0.348653
-0.011475 0.110107 -0.103271 -0.022310 0.214081 -0.200790
-0.020142 0.085327 -0.069946 -0.039161 0.165901 -0.135996
-0.030640 0.136475 -0.040771 -0.059572 0.265346 -0.079272
-0.022095 0.148315 -0.033447 -0.042959 0.288368 -0.065031
-0.026123 0.136230 -0.067627 -0.050791 0.264872 -0.131487
-0.029297 0.141479 -0.064453 -0.056962 0.275077 -0.125316
-0.019531 0.137695 -0.027344 -0.037974 0.267720 -0.053164
-0.013428 0.157227 -0.015625 -0.026107 0.305694 -0.030380
-0.019775 0.191162 -0.027954 -0.038449 0.371675 -0.054351
-0.037598 0.191650 -0.047241 -0.073101 0.372624 -0.091851
-0.031128 0.115234 -0.068848 -0.060522 0.224049 -0.133860
-0.022339 -0.010742 -0.074585 -0.043433 -0.020886 -0.145015
0.049927 -0.091431 -0.082153 0.097072 -0.177768 -0.159730
0.235840 -0.036011 -0.041870 0.458541 -0.070015 -0.081408
0.091919 0.095093 -0.022461 0.178717 0.184888 -0.043671
-0.110596 0.085205 -0.071167 -0.215030 0.165664 -0.138369
-0.016602 0.023071 -0.079346 -0.032278 0.044857 -0.154271
0.037476 -0.038696 -0.073853 0.072863 -0.075237 -0.143591
-0.064697 -0.061768 -0.098145 -0.125790 -0.120094 -0.190822
-0.059326 -0.072021 -0.107300 -0.115347 -0.140031 -0.208622
-0.028687 -0.084717 -0.102417 -0.055775 -0.164714 -0.199128
-0.046631 -0.061401 -0.130615 -0.090664 -0.119382 -0.253954
-0.049561 -0.022217 -0.169189 -0.096360 -0.043196 -0.328954
-0.064209 -0.005615 -0.205688 -0.124841 -0.010918 -0.399918
-0.057617 -0.004883 -0.176880 -0.112025 -0.009494 -0.343906
-0.037720 -0.043091 -0.152100 -0.073338 -0.083781 -0.295726
-0.026978 -0.043579 -0.149170 -0.052452 -0.084730 -0.290030
-0.022461 -0.007324 -0.139038 -0.043671 -0.014240 -0.270331
-0.026733 0.033081 -0.131226 -0.051978 0.064319 -0.255141
-0.007813 0.016235 -0.148926 -0.015190 0.031566 -0.289555
0.014893 -0.033691 -0.164673 0.028956 -0.065506 -0.320172
0.018921 -0.043579 -0.139160 0.036788 -0.084730 -0.270568
0.022583 -0.001465 -0.115479 0.043908 -0.002848 -0.224524
0.016724 0.058472 -0.105591 0.032516 0.113686 -0.205299
0.009521 0.081543 -0.122925 0.018513 0.158543 -0.239002
