-0.008545 0.229492 -0.188843 -0.016614 0.446200 -0.367165
0.117188 -0.062622 -0.239014 0.227847 -0.121756 -0.464712
0.100586 -0.273804 -0.362427 0.195568 -0.532354 -0.704663
-0.056885 -0.323730 -0.174316 -0.110601 -0.629426 -0.338922
-0.223755 -0.265259 0.008301 -0.435045 -0.515740 0.016139
-0.403076 -0.078491 0.065796 -0.783698 -0.152610 0.127926
-0.748169 0.057129 0.079834 -1.454659 0.111075 0.155221
-1.052246 0.146729 0.068604 -2.045873 0.285283 0.133385
-1.178589 -0.003418 -0.120483 -2.291520 -0.006646 -0.234255
-1.331665 -0.329102 -0.204590 -2.589145 -0.639869 -0.397782
-1.324341 -0.088501 -0.159912 -2.574905 -0.172072 -0.310916
-1.376099 0.142700 -0.178833 -2.675537 0.277451 -0.347704
-1.405762 -0.250488 -0.462646 -2.733211 -0.487022 -0.899520
-1.569580 -0.125000 -0.458984 -3.051721 -0.243036 -0.892399
-1.540649 0.423218 -0.377808 -2.995472 0.822859 -0.734568
-0.472534 0.360474 -0.180054 -0.918744 0.700866 -0.350077
0.522827 0.098389 -0.148926 1.016528 0.191296 -0.289555
0.828613 0.068604 -0.261841 1.611066 0.133385 -0.509095
1.083008 0.015381 -0.403442 2.105683 0.029905 -0.784410
1.353638 -0.015381 -0.532959 2.631866 -0.029905 -1.036228
1.529175 -0.121582 -0.609497 2.973162 -0.236391 -1.185040
1.650757 -0.136353 -0.575806 3.209553 -0.265109 -1.119534
1.682495 -0.051392 -0.526001 3.271261 -0.099920 -1.022699
1.517700 0.018311 -0.490967 2.950852 0.035601 -0.954583
1.244995 0.061035 -0.447876 2.420634 0.118670 -0.870802
0.945923 0.079468 -0.362915 1.839150 0.154509 -0.705613
0.748535 -0.035889 -0.304199 1.455371 -0.069778 -0.591452
0.584229 -0.223389 -0.267822 1.135911 -0.434333 -0.520725
0.184692 -0.210327 -0.204712 0.359096 -0.408937 -0.398020
-0.051758 -0.251953 -0.162231 -0.100632 -0.489870 -0.315425
-0.228760 -0.191284 -0.175293 -0.444776 -0.371912 -0.340821
-0.437744 -0.135620 -0.189087 -0.851102 -0.263685 -0.367640
-0.726074 -0.170410 -0.178955 -1.411700 -0.331327 -0.347941
-1.076660 -0.059326 -0.129395 -2.093341 -0.115347 -0.251581
-1.455811 0.110107 -0.109375 -2.830520 0.214081 -0.212657
-1.926514 0.279663 -0.166382 -3.745704 0.543747 -0.323495
-2.269897 0.420166 -0.264038 -4.413342 0.816925 -0.513367
-2.424316 0.609741 -0.383545 -4.713578 1.185515 -0.745723
-2.066528 0.725586 -0.503418 -4.017934 1.410751 -0.978791
-1.396240 0.693604 -0.345947 -2.714698 1.348567 -0.672622
-0.600098 0.704346 -0.016602 -1.166765 1.369453 -0.032278
-0.131958 0.635254 0.080933 -0.256565 1.235119 0.157357
0.318237 0.541626 -0.106567 0.618746 1.053079 -0.207198
0.786743 0.296631 -0.264038 1.529658 0.576737 -0.513367
1.071533 0.160034 -0.241699 2.083373 0.311153 -0.469934
1.194580 0.161011 -0.210449 2.322612 0.313052 -0.409175
1.257690 0.128052 -0.216675 2.445317 0.248970 -0.421279
1.270386 0.002319 -0.128662 2.470000 0.004509 -0.250157
1.261353 -0.193848 -0.007568 2.452437 -0.376896 -0.014715
1.137329 -0.280396 0.059937 2.211299 -0.545171 0.116534
0.796143 -0.107788 0.080811 1.547933 -0.209571 0.157119
0.567261 -0.032959 -0.008545 1.102920 -0.064082 -0.016614
0.587280 -0.133301 -0.116699 1.141844 -0.259176 -0.226897
0.482544 -0.207275 -0.171997 0.938206 -0.403004 -0.334412
0.265259 -0.239746 -0.139038 0.515740 -0.466136 -0.270331
0.094604 -0.212891 -0.043335 0.183939 -0.413921 -0.084256
-0.021240 -0.218506 0.036255 -0.041297 -0.424839 0.070490
-0.137329 -0.227295 0.039673 -0.267008 -0.441928 0.077136
-0.216919 -0.161987 -0.008911 -0.421754 -0.314951 -0.017326
-0.267212 -0.056152 -0.044800 -0.519538 -0.109177 -0.087104
-0.352539 0.004517 -0.076416 -0.685439 0.008782 -0.148575
-0.395996 0.031738 -0.097656 -0.769932 0.061708 -0.189872
-0.350952 -0.030640 -0.125244 -0.682353 -0.059572 -0.243511
-0.241455 -0.073853 -0.137329 -0.469459 -0.143591 -0.267008
-0.185425 -0.013062 -0.119507 -0.360520 -0.025395 -0.232356
-0.181152 0.061157 -0.107300 -0.352213 0.118907 -0.208622
-0.160645 0.117798 -0.094971 -0.312340 0.229033 -0.184651
-0.107178 0.119385 -0.080444 -0.208385 0.232119 -0.156407
-0.036621 0.062378 -0.063965 -0.071202 0.121281 -0.124366
-0.004761 0.006592 -0.065674 -0.009256 0.012816 -0.127689
0.027222 -0.030762 -0.081177 0.052927 -0.059810 -0.157831
0.064941 0.025757 -0.116821 0.126265 0.050079 -0.227135
0.064331 0.075684 -0.149292 0.125078 0.147151 -0.290267
0.086060 0.019897 -0.148926 0.167325 0.038686 -0.289555
0.090454 0.000732 -0.133545 0.175869 0.001424 -0.259650
0.057007 0.057861 -0.096924 0.110838 0.112499 -0.188448
0.030151 0.056763 -0.089355 0.058623 0.110363 -0.173733
0.041260 -0.006714 -0.119629 0.080221 -0.013054 -0.232593
0.060669 -0.031128 -0.136719 0.117958 -0.060522 -0.265821
0.050537 -0.036499 -0.148193 0.098259 -0.070965 -0.288131
