-0.014893 -0.053345 0.018066 -0.028956 -0.103718 0.035126
0.057617 0.047729 0.082397 0.112025 0.092800 0.160205
0.027344 0.319092 0.038330 0.053164 0.620408 0.074525
-0.207031 0.215332 -0.125732 -0.402529 0.418668 -0.244460
-0.341431 -0.058594 -0.247437 -0.663841 -0.113923 -0.481089
-0.292114 -0.223389 -0.210571 -0.567955 -0.434333 -0.409412
-0.340088 -0.311401 -0.168579 -0.661230 -0.605455 -0.327767
-0.653564 -0.090088 -0.120239 -1.270720 -0.175157 -0.233780
-1.096558 0.224854 0.044434 -2.132028 0.437181 0.086392
-1.342407 0.619507 -0.011841 -2.610031 1.204502 -0.023022
-1.557251 0.565918 -0.115845 -3.027750 1.100310 -0.225236
-1.535400 0.190063 -0.269409 -2.985266 0.369539 -0.523810
-1.443604 0.015991 -0.330811 -2.806786 0.031092 -0.643192
-1.413818 -0.076782 -0.256348 -2.748875 -0.149287 -0.498415
-1.238403 -0.092285 -0.279419 -2.407817 -0.179429 -0.543272
-0.647705 0.136719 -0.304321 -1.259328 0.265821 -0.591689
0.117920 0.231079 -0.418335 0.229271 0.449285 -0.813365
0.793091 0.096924 -0.482788 1.542000 0.188448 -0.938681
1.186646 -0.007080 -0.464111 2.307185 -0.013766 -0.902368
1.341431 0.038208 -0.445313 2.608132 0.074288 -0.865817
1.497925 0.027100 -0.414917 2.912403 0.052690 -0.806720
1.674927 -0.095093 -0.391235 3.256546 -0.184888 -0.760676
1.718750 -0.119751 -0.399292 3.341751 -0.232831 -0.776340
1.553467 0.018555 -0.385254 3.020392 0.036076 -0.749046
1.246460 0.035767 -0.337891 2.423482 0.069541 -0.656958
0.944580 -0.059082 -0.324463 1.836539 -0.114873 -0.630850
0.742310 -0.206909 -0.337402 1.443266 -0.402292 -0.656009
0.450317 -0.235718 -0.317383 0.875548 -0.458304 -0.617085
0.129761 -0.226807 -0.286499 0.252293 -0.440978 -0.557038
-0.090820 -0.101318 -0.267090 -0.176581 -0.196992 -0.519301
-0.304932 0.026855 -0.252441 -0.592876 0.052215 -0.490820
-0.552612 0.059204 -0.259033 -1.074440 0.115110 -0.503636
-0.817139 0.024170 -0.274658 -1.588756 0.046993 -0.534016
-1.026123 -0.004395 -0.309082 -1.995082 -0.008544 -0.600946
-1.197876 0.131104 -0.397583 -2.329020 0.254903 -0.773017
-1.403931 0.195923 -0.525146 -2.729650 0.380931 -1.021038
-1.747803 0.025391 -0.579590 -3.398238 0.049367 -1.126892
-1.966919 -0.078491 -0.625244 -3.824264 -0.152610 -1.215657
-1.798584 0.135376 -0.592529 -3.496972 0.263210 -1.152050
-1.291992 0.337769 -0.451904 -2.512010 0.656721 -0.878634
-0.954346 0.235718 -0.363159 -1.855526 0.458304 -0.706087
-0.725586 0.089966 -0.328857 -1.410751 0.174920 -0.639395
-0.264160 0.088257 -0.295410 -0.513604 0.171597 -0.574363
0.238281 0.164795 -0.237183 0.463288 0.320409 -0.461152
0.559814 0.147705 -0.235352 1.088443 0.287182 -0.457592
0.750000 0.201538 -0.312012 1.458219 0.391849 -0.606642
0.891113 0.186523 -0.392090 1.732584 0.362656 -0.762337
0.971191 0.130981 -0.411133 1.888279 0.254666 -0.799362
1.049438 0.065918 -0.423950 2.040414 0.128164 -0.824283
1.104736 -0.126587 -0.450439 2.147930 -0.246122 -0.875786
1.053833 -0.220581 -0.477783 2.048959 -0.428874 -0.928950
0.922729 -0.191895 -0.504517 1.794055 -0.373099 -0.980927
0.695190 -0.129517 -0.491699 1.351653 -0.251818 -0.956007
0.439209 -0.082275 -0.373291 0.853950 -0.159967 -0.725787
0.256836 -0.071655 -0.263306 0.499364 -0.139319 -0.511943
0.122437 -0.037720 -0.143555 0.238052 -0.073338 -0.279112
-0.021240 0.053955 -0.065796 -0.041297 0.104904 -0.127926
-0.099243 0.182739 -0.052368 -0.192958 0.355298 -0.101819
-0.128784 0.127197 -0.061401 -0.250394 0.247309 -0.119382
-0.167358 0.133545 -0.036987 -0.325394 0.259650 -0.071914
-0.185547 0.158325 -0.025391 -0.360757 0.307830 -0.049367
-0.153931 0.149414 -0.045532 -0.299286 0.290505 -0.088528
-0.080078 0.143799 -0.071655 -0.155695 0.279587 -0.139319
-0.063354 0.114868 -0.071899 -0.123180 0.223337 -0.139793
-0.074951 0.088379 -0.058716 -0.145727 0.171834 -0.114161
-0.093384 0.079102 -0.044067 -0.181565 0.153797 -0.085680
-0.111328 0.014282 -0.026123 -0.216454 0.027769 -0.050791
-0.109619 -0.008179 -0.026611 -0.213132 -0.015902 -0.051740
-0.082642 0.106079 -0.021606 -0.160679 0.206249 -0.042009
-0.100708 0.242310 0.028198 -0.195806 0.471120 0.054826
-0.132568 0.293457 0.061157 -0.257752 0.570566 0.118907
-0.082397 0.211182 -0.006470 -0.160205 0.410599 -0.012579
0.043823 -0.009277 -0.115479 0.085205 -0.018038 -0.224524
0.119263 -0.120361 -0.173096 0.231881 -0.234018 -0.336549
0.103271 -0.095581 -0.177002 0.200790 -0.185837 -0.344143
0.064087 -0.064331 -0.168823 0.124604 -0.125078 -0.328242
0.035034 0.013062 -0.134521 0.068117 0.025395 -0.261549
0.006714 0.040527 -0.102539 0.013054 0.078797 -0.199366
-0.006226 0.007446 -0.096924 -0.012104 0.014478 -0.188448
-0.005249 -0.021851 -0.101318 -0.010206 -0.042484 -0.196992
