-0.696411 -0.069702 0.160522 -1.354026 -0.135521 0.312102
-0.709961 0.376953 0.234009 -1.380371 0.732907 0.454981
-0.633423 0.173828 -0.212646 -1.231559 0.337973 -0.413447
-0.619263 -0.100586 -0.388794 -1.204027 -0.195568 -0.755929
-0.586792 -0.166748 -0.347168 -1.140895 -0.324207 -0.674996
-0.523193 0.080566 -0.197021 -1.017240 0.156645 -0.383067
-0.194824 0.742432 -0.103271 -0.378795 1.443504 -0.200790
-0.016357 0.700195 -0.130005 -0.031804 1.361384 -0.252767
-0.292236 0.087646 -0.124146 -0.568193 0.170410 -0.241375
-0.693237 0.217896 0.052246 -1.347855 0.423652 0.101582
-1.132568 0.205811 0.385254 -2.202043 0.400156 0.749046
-1.747925 -0.269897 0.518555 -3.398476 -0.524759 1.008222
-1.333008 -0.241333 0.298218 -2.591756 -0.469222 0.579822
-0.567261 -0.207520 0.391235 -1.102920 -0.403478 0.760676
-0.235352 -0.156982 0.357422 -0.457592 -0.305220 0.694932
-0.136597 -0.041504 0.244385 -0.265584 -0.080696 0.475155
-0.103638 -0.014282 0.147949 -0.201502 -0.027769 0.287656
-0.119141 0.020020 0.084717 -0.231644 0.038924 0.164714
0.015259 0.003418 0.047852 0.029668 0.006646 0.093037
0.226440 -0.041748 -0.028809 0.440266 -0.081170 -0.056012
0.490234 -0.107422 -0.174072 0.953159 -0.208859 -0.338447
0.747070 -0.133301 -0.394043 1.452523 -0.259176 -0.766134
0.882935 0.039307 -0.590820 1.716682 0.076424 -1.148727
0.897827 0.287964 -0.642334 1.745638 0.559886 -1.248885
0.847534 0.416504 -0.611572 1.647854 0.809805 -1.189075
0.682251 0.297241 -0.611816 1.326495 0.577924 -1.189550
0.511963 0.249268 -0.689331 0.995405 0.484649 -1.340261
0.402100 0.339844 -0.695557 0.781799 0.660755 -1.352365
0.299683 0.407959 -0.628662 0.582670 0.793191 -1.222302
0.115356 0.403809 -0.579346 0.224287 0.785122 -1.126417
-0.094849 0.240723 -0.584839 -0.184413 0.468035 -1.137097
-0.234375 0.181152 -0.610962 -0.455693 0.352213 -1.187888
-0.345703 0.210327 -0.568848 -0.672148 0.408937 -1.106006
-0.558105 0.145752 -0.484253 -1.085120 0.283384 -0.941529
-0.844116 0.109375 -0.426392 -1.641208 0.212657 -0.829030
-1.024170 -0.054932 -0.395996 -1.991285 -0.106803 -0.769932
-0.973999 -0.323730 -0.340820 -1.893738 -0.629426 -0.662654
-0.710693 -0.174316 -0.227661 -1.381795 -0.338922 -0.442640
-0.698486 0.009521 -0.057007 -1.358061 0.018513 -0.110838
-0.622314 -0.162476 -0.151611 -1.209961 -0.315900 -0.294777
0.689453 -0.098877 0.106079 1.340498 -0.192246 0.206249
1.407471 0.118774 0.332031 2.736533 0.230932 0.645566
1.267822 0.538086 0.358521 2.465016 1.046196 0.697068
0.639648 0.533691 0.402344 1.243663 1.037652 0.782274
-0.249023 -0.139526 0.148682 -0.484174 -0.271280 0.289080
-0.976196 0.081909 -0.040771 -1.898010 0.159255 -0.079272
-1.236938 0.708496 -0.221191 -2.404969 1.377523 -0.430061
-0.518555 0.474243 -0.268066 -1.008222 0.922067 -0.521199
0.382690 0.160889 0.049072 0.744062 0.312815 0.095411
0.495483 0.017700 0.066772 0.963364 0.034414 0.129825
0.375854 -0.052368 -0.103882 0.730771 -0.101819 -0.201977
0.168335 0.042603 -0.277100 0.327292 0.082832 -0.538762
-0.078247 0.197388 -0.268066 -0.152135 0.383779 -0.521199
-0.130737 0.168579 -0.110718 -0.254191 0.327767 -0.215268
-0.046265 0.054565 -0.010010 -0.089952 0.106091 -0.019462
-0.047241 0.031372 -0.024780 -0.091851 0.060996 -0.048180
-0.038086 0.039185 -0.079834 -0.074050 0.076186 -0.155221
0.085327 0.013428 -0.140015 0.165901 0.026107 -0.272229
0.147217 0.016968 -0.158691 0.286232 0.032990 -0.308542
0.068237 0.087524 -0.170410 0.132673 0.170173 -0.331327
-0.004517 0.113037 -0.198730 -0.008782 0.219777 -0.386390
0.000732 0.080200 -0.177734 0.001424 0.155933 -0.345567
0.018311 0.024292 -0.080322 0.035601 0.047231 -0.156170
-0.035889 0.026367 -0.015869 -0.069778 0.051266 -0.030854
-0.138550 0.063477 -0.093018 -0.269381 0.123417 -0.180853
-0.070557 0.036621 -0.142822 -0.137183 0.071202 -0.277688
0.100586 0.014648 -0.118652 0.195568 0.028481 -0.230695
0.107544 0.022949 -0.130371 0.209097 0.044620 -0.253479
-0.001587 0.048462 -0.175537 -0.003085 0.094224 -0.341295
-0.043701 0.079224 -0.197021 -0.084968 0.154034 -0.383067
-0.012695 0.055664 -0.152344 -0.024683 0.108227 -0.296201
-0.004150 -0.009644 -0.080566 -0.008070 -0.018750 -0.156645
-0.117920 -0.004395 -0.080322 -0.229271 -0.008544 -0.156170
-0.224487 0.018433 -0.121338 -0.436469 0.035838 -0.235916
-0.119141 0.024536 -0.109253 -0.231644 0.047705 -0.212420
0.033936 -0.013550 -0.115356 0.065981 -0.026345 -0.224287
0.034912 -0.027710 -0.187866 0.067879 -0.053876 -0.365267
-0.014893 0.035889 -0.264038 -0.028956 0.069778 -0.513367
-0.036255 0.073975 -0.245483 -0.070490 0.143828 -0.477291
-0.039795 0.030518 -0.148193 -0.077373 0.059335 -0.288131
