-0.142578 0.116577 -0.110840 -0.277213 0.226660 -0.215505
-0.176270 0.196289 0.001709 -0.342719 0.381643 0.003323
-0.237915 0.072144 -0.013184 -0.462576 0.140268 -0.025633
-0.348755 -0.064453 0.112183 -0.678081 -0.125316 0.218116
-0.344849 -0.159302 0.313721 -0.670486 -0.309729 0.609965
-0.141235 -0.179932 0.463623 -0.274603 -0.349840 0.901418
-0.069458 -0.217163 0.552490 -0.135047 -0.422228 1.074202
-0.349121 -0.124268 0.603149 -0.678793 -0.241612 1.172698
-0.872681 0.139038 0.535522 -1.696746 0.270331 1.041212
-1.301270 0.394653 0.532959 -2.530047 0.767321 1.036228
-1.407104 0.360718 0.590820 -2.735821 0.701341 1.148727
-1.233032 0.136963 0.481934 -2.397374 0.266296 0.937019
-0.987915 0.166992 0.055542 -1.920795 0.324682 0.107990
-0.801514 0.180054 -0.606445 -1.558376 0.350077 -1.179107
-0.773071 0.187622 -1.118408 -1.503076 0.364792 -2.174512
-0.946777 0.314087 -1.382080 -1.840811 0.610677 -2.687167
-1.021606 0.632324 -1.476318 -1.986301 1.229423 -2.870394
-0.726563 0.625854 -1.504761 -1.412649 1.216844 -2.925694
-0.049438 0.537598 -1.395020 -0.096123 1.045247 -2.712325
0.609131 0.472656 -1.120850 1.184328 0.918982 -2.179259
1.002197 0.432739 -0.904541 1.948564 0.841371 -1.758692
1.210693 0.278442 -0.755615 2.353941 0.541373 -1.469136
1.387939 0.147949 -0.616699 2.698559 0.287656 -1.199043
1.512207 0.006226 -0.448730 2.940171 0.012104 -0.872463
1.518311 -0.107300 -0.265503 2.952039 -0.208622 -0.516215
1.422974 -0.086304 -0.099121 2.766676 -0.167800 -0.192720
1.280640 0.024902 0.104736 2.489937 0.048417 0.203638
1.142700 0.105713 0.220825 2.221742 0.205537 0.429349
0.983154 0.080200 0.268677 1.911539 0.155933 0.522386
0.821655 -0.025391 0.294678 1.597537 -0.049367 0.572939
0.606323 -0.082886 0.359375 1.178869 -0.161154 0.698730
0.341675 -0.093140 0.409424 0.664315 -0.181091 0.796039
0.053711 -0.057373 0.479858 0.104430 -0.111550 0.932985
-0.218994 -0.048584 0.595703 -0.425788 -0.094461 1.158221
-0.437744 -0.021851 0.619019 -0.851102 -0.042484 1.203553
-0.609497 0.005493 0.554810 -1.185040 0.010680 1.078712
-0.802612 -0.173462 0.515747 -1.560512 -0.337261 1.002763
-1.058594 -0.348267 0.517578 -2.058215 -0.677132 1.006323
-1.281860 -0.182983 0.359131 -2.492310 -0.355773 0.698255
-1.507324 -0.065186 0.164063 -2.930678 -0.126740 0.318985
-1.889404 -0.353149 0.187012 -3.673553 -0.686625 0.363605
-2.165161 0.015259 0.227905 -4.209704 0.029668 0.443114
-1.870117 0.635742 0.033081 -3.636053 1.236068 0.064319
-1.404663 0.541504 -0.096802 -2.731075 1.052842 -0.188211
-0.885986 0.154175 -0.322876 -1.722616 0.299761 -0.627765
-0.557251 0.019165 -0.368774 -1.083458 0.037262 -0.717005
-0.493408 0.255371 -0.291748 -0.959329 0.496516 -0.567243
-0.436646 0.411987 -0.182739 -0.848966 0.801023 -0.355298
-0.304321 0.376587 -0.115967 -0.591689 0.732195 -0.225473
-0.146484 0.264282 -0.078979 -0.284808 0.513842 -0.153559
-0.020996 0.134155 -0.105713 -0.040823 0.260837 -0.205537
0.012451 0.028442 -0.141235 0.024209 0.055300 -0.274603
0.006226 -0.010620 -0.077515 0.012104 -0.020649 -0.150711
-0.009399 0.065918 -0.010742 -0.018275 0.128164 -0.020886
0.007935 0.079956 -0.035278 0.015427 0.155458 -0.068591
0.051758 0.075439 -0.101685 0.100632 0.146676 -0.197704
0.069458 0.107788 -0.146484 0.135047 0.209571 -0.284808
0.077026 0.100464 -0.156494 0.149762 0.195331 -0.304270
0.046387 0.097290 -0.156738 0.090189 0.189160 -0.304745
0.031006 0.081787 -0.159424 0.060284 0.159018 -0.309966
0.012085 0.065552 -0.147583 0.023497 0.127452 -0.286944
0.005371 0.062134 -0.119385 0.010443 0.120806 -0.232119
0.015381 0.055664 -0.114868 0.029905 0.108227 -0.223337
0.025879 0.049072 -0.115723 0.050316 0.095411 -0.224999
0.016357 0.018555 -0.099731 0.031804 0.036076 -0.193907
-0.006104 0.015503 -0.084839 -0.011867 0.030142 -0.164952
-0.030396 0.011963 -0.092163 -0.059098 0.023259 -0.179192
-0.048950 0.015259 -0.100952 -0.095173 0.029668 -0.196280
-0.052124 0.020508 -0.103760 -0.101344 0.039873 -0.201739
-0.059570 0.028564 -0.105957 -0.115822 0.055538 -0.206011
-0.068115 0.054565 -0.113525 -0.132436 0.106091 -0.220726
-0.072632 0.064575 -0.116943 -0.141217 0.125553 -0.227372
-0.067383 0.057251 -0.125366 -0.131012 0.111313 -0.243748
-0.052734 0.063354 -0.124268 -0.102531 0.123180 -0.241612
-0.030640 0.045288 -0.104736 -0.059572 0.088053 -0.203638
-0.031982 0.039185 -0.100708 -0.062183 0.076186 -0.195806
-0.037598 0.048828 -0.106079 -0.073101 0.094936 -0.206249
-0.026978 0.062622 -0.117188 -0.052452 0.121756 -0.227847
-0.024780 0.074951 -0.131836 -0.048180 0.145727 -0.256328
-0.023682 0.066162 -0.135620 -0.046044 0.128638 -0.263685
