-0.308228 -0.140259 -0.895630 -0.599284 -0.272704 -1.741366
-0.564453 -0.289673 -0.353394 -1.097461 -0.563209 -0.687100
-0.637939 -0.036621 -0.237549 -1.240340 -0.071202 -0.461864
-0.617798 0.158936 -0.313477 -1.201179 0.309017 -0.609490
-0.756836 0.114258 -0.339233 -1.471510 0.222151 -0.659569
-1.048828 0.063721 -0.370483 -2.039228 0.123892 -0.720328
-1.597900 0.053711 -0.493164 -3.106784 0.104430 -0.958855
-2.421509 -0.061890 -0.632813 -4.708119 -0.120332 -1.230372
-2.591187 -0.667603 -0.659668 -5.038022 -1.298014 -1.282587
-1.743896 -0.667236 -0.599854 -3.390643 -1.297302 -1.166290
-0.579956 -0.260620 -0.598755 -1.127604 -0.506721 -1.164154
0.758301 0.030518 -0.531494 1.474358 0.059335 -1.033380
1.794556 0.421753 -0.208252 3.489140 0.820011 -0.404903
1.940063 0.202393 -0.227173 3.772049 0.393510 -0.441690
1.656250 -0.089722 -0.182251 3.220233 -0.174445 -0.354349
1.659180 -0.039185 -0.094849 3.225929 -0.076186 -0.184413
1.744629 -0.022095 -0.080566 3.392067 -0.042959 -0.156645
1.469849 -0.207153 -0.112061 2.857814 -0.402766 -0.217878
0.960327 -0.373047 -0.133545 1.867156 -0.725312 -0.259650
0.738281 -0.197388 -0.215698 1.435434 -0.383779 -0.419380
0.561035 -0.032227 -0.309204 1.090816 -0.062658 -0.601183
0.280518 -0.042114 -0.330688 0.545408 -0.081882 -0.642955
-0.037598 -0.077393 -0.355713 -0.073101 -0.150474 -0.691610
-0.295166 -0.194336 -0.411255 -0.573889 -0.377846 -0.799599
-0.603394 -0.230835 -0.475708 -1.173173 -0.448810 -0.924915
-1.015869 -0.169556 -0.411499 -1.975146 -0.329666 -0.800074
-1.693970 0.018311 -0.431641 -3.293571 0.035601 -0.839235
-2.327759 0.078857 -0.619019 -4.525842 0.153322 -1.203553
-2.267944 -0.422729 -0.649414 -4.409545 -0.821909 -1.262650
-1.578247 0.123413 -0.605103 -3.068573 0.239951 -1.176496
-0.929199 0.458130 -0.531982 -1.806634 0.890738 -1.034329
-0.587280 0.520142 -0.501099 -1.141844 1.011307 -0.974282
0.141602 0.326538 -0.438354 0.275315 0.634885 -0.852289
0.935425 0.091919 -0.417114 1.818739 0.178717 -0.810992
1.281250 0.034668 -0.452148 2.491124 0.067405 -0.879108
1.370483 0.140869 -0.424316 2.664619 0.273891 -0.824995
1.287720 0.190796 -0.398193 2.503703 0.370963 -0.774204
1.250732 0.168579 -0.392090 2.431788 0.327767 -0.762337
1.082886 0.181885 -0.295654 2.105446 0.353637 -0.574838
0.869995 0.075928 -0.091187 1.691524 0.147626 -0.177293
0.731201 0.135620 -0.025391 1.421668 0.263685 -0.049367
0.591797 0.183105 -0.134888 1.150626 0.356010 -0.262261
0.268799 0.152344 -0.190308 0.522623 0.296201 -0.370014
-0.065186 0.154297 -0.147827 -0.126740 0.299998 -0.287419
-0.257080 0.223511 -0.081299 -0.499839 0.434570 -0.158069
-0.284546 0.238892 -0.043823 -0.553240 0.464475 -0.085205
-0.236328 0.182739 -0.069946 -0.459491 0.355298 -0.135996
-0.189331 0.058105 -0.101563 -0.368115 0.112974 -0.197467
-0.150635 -0.014038 -0.067505 -0.292878 -0.027294 -0.131249
-0.136719 0.090576 -0.042358 -0.265821 0.176106 -0.082357
-0.093384 0.114990 -0.027100 -0.181565 0.223575 -0.052690
-0.058350 0.064819 -0.049561 -0.113449 0.126028 -0.096360
-0.055542 0.043579 -0.075806 -0.107990 0.084730 -0.147388
-0.084595 0.024780 -0.070068 -0.164477 0.048180 -0.136233
-0.113037 0.035767 -0.058838 -0.219777 0.069541 -0.114398
-0.123047 0.062500 -0.071045 -0.239239 0.121518 -0.138132
-0.094971 0.080811 -0.085693 -0.184651 0.157119 -0.166613
-0.082397 0.011475 -0.083618 -0.160205 0.022310 -0.162578
-0.064087 -0.010498 -0.075073 -0.124604 -0.020411 -0.145964
-0.026123 0.008423 -0.087891 -0.050791 0.016376 -0.170885
-0.029541 -0.008545 -0.112183 -0.057436 -0.016614 -0.218116
-0.025146 -0.031250 -0.134155 -0.048892 -0.060759 -0.260837
-0.061646 0.001099 -0.115356 -0.119857 0.002136 -0.224287
-0.074829 0.006470 -0.081177 -0.145490 0.012579 -0.157831
-0.072266 -0.018921 -0.083130 -0.140505 -0.036788 -0.161629
-0.041016 0.074585 -0.083252 -0.079746 0.145015 -0.161866
-0.018555 0.055542 -0.091309 -0.036076 0.107990 -0.177531
0.003052 0.054199 -0.125366 0.005934 0.105379 -0.243748
-0.012573 0.050903 -0.140503 -0.024446 0.098971 -0.273179
-0.021362 0.048340 -0.146240 -0.041535 0.093987 -0.284334
-0.032959 0.035400 -0.157104 -0.064082 0.068829 -0.305457
-0.050537 0.027832 -0.156006 -0.098259 0.054114 -0.303321
-0.053955 0.002075 -0.130615 -0.104904 0.004035 -0.253954
-0.046265 0.008911 -0.112061 -0.089952 0.017326 -0.217878
-0.037476 0.005371 -0.102295 -0.072863 0.010443 -0.198891
-0.037231 0.007446 -0.114136 -0.072389 0.014478 -0.221913
-0.047607 -0.012329 -0.112427 -0.092563 -0.023971 -0.218590
-0.055908 0.005859 -0.108032 -0.108702 0.011392 -0.210046
-0.054810 0.051392 -0.112305 -0.106566 0.099920 -0.218353
-0.033813 0.091187 -0.115479 -0.065743 0.177293 -0.224524
