-0.381470 0.020142 -0.111084 -0.741688 0.039161 -0.215980
-0.709961 -0.145142 0.011597 -1.380371 -0.282198 0.022547
-0.554565 -0.149658 0.031250 -1.078237 -0.290979 0.060759
0.124878 0.021729 -0.034424 0.242799 0.042247 -0.066930
0.556396 0.323975 0.015381 1.081797 0.629901 0.029905
0.983276 0.473389 0.078735 1.911776 0.920406 0.153084
1.279297 0.334839 -0.011841 2.487326 0.651024 -0.023022
1.143921 0.253296 -0.252808 2.224116 0.492481 -0.491532
0.988403 0.366699 -0.169922 1.921744 0.712970 -0.330378
1.263184 0.803711 0.265137 2.455997 1.562648 0.515503
1.442261 -0.060181 0.255737 2.804175 -0.117009 0.497228
1.638794 -0.541382 0.250366 3.186293 -1.052604 0.486785
1.541992 -0.711670 0.325684 2.998082 -1.383694 0.633224
1.203491 -0.607544 0.235718 2.339938 -1.181243 0.458304
0.922119 -0.197754 0.045044 1.792868 -0.384491 0.087579
0.934326 -0.600098 -0.248169 1.816603 -1.166765 -0.482513
0.969727 -0.727295 -0.573364 1.885431 -1.414073 -1.114787
0.867188 -0.584595 -0.648071 1.686065 -1.136623 -1.260040
0.679688 -0.273315 -0.545044 1.321511 -0.531405 -1.059724
0.571777 -0.046265 -0.556274 1.111702 -0.089952 -1.081560
0.440063 -0.164307 -0.506714 0.855612 -0.319460 -0.985200
0.083862 -0.197998 -0.613403 0.163053 -0.384966 -1.192635
-0.448730 0.089966 -0.839111 -0.872463 0.174920 -1.631477
-0.709106 -0.163696 -0.934204 -1.378710 -0.318273 -1.816365
-0.895874 -0.291138 -0.950684 -1.741840 -0.566057 -1.848406
-1.219604 -0.147217 -0.870117 -2.371267 -0.286232 -1.691761
-1.450806 0.087524 -0.468872 -2.820789 0.170173 -0.911624
-1.495605 0.316650 0.099976 -2.907893 0.615661 0.194382
-1.373169 0.233398 0.565918 -2.669841 0.453795 1.100310
-1.092651 0.049194 0.854370 -2.124433 0.095648 1.661145
-0.789795 0.077881 0.876465 -1.535592 0.151423 1.704103
-0.321045 -0.028687 0.844116 -0.624205 -0.055775 1.641208
0.244873 -0.265015 0.913574 0.476105 -0.515266 1.776255
0.703125 -0.553833 0.730103 1.367080 -1.076813 1.419532
0.761719 -0.358154 0.373779 1.481003 -0.696356 0.726736
0.499146 -0.321167 0.114014 0.970484 -0.624442 0.221676
0.192383 -0.362305 0.093506 0.374048 -0.704426 0.181803
-0.192261 -0.188599 -0.074463 -0.373811 -0.366691 -0.144778
-0.583008 -0.095581 -0.359131 -1.133537 -0.185837 -0.698255
-0.763062 -0.135132 -0.464111 -1.483614 -0.262736 -0.902368
-0.749634 -0.103882 -0.560303 -1.457507 -0.201977 -1.089392
-0.846802 0.041992 -0.759399 -1.646430 0.081645 -1.476494
-1.094604 0.068237 -1.110840 -2.128230 0.132673 -2.159796
-1.247559 0.002686 -1.452026 -2.425618 0.005221 -2.823163
-1.336304 0.319702 -1.324219 -2.598164 0.621594 -2.574667
-0.936401 0.452759 -0.720703 -1.820637 0.880295 -1.401257
-0.289185 0.401978 -0.211182 -0.562259 0.781562 -0.410599
0.220947 0.450684 -0.061890 0.429586 0.876260 -0.120332
0.210449 0.498535 -0.482544 0.409175 0.969298 -0.938206
0.135620 0.299072 -0.731445 0.263685 0.581484 -1.422143
0.283813 -0.076782 -0.246460 0.551816 -0.149287 -0.479190
0.415771 0.448730 0.492676 0.808381 0.872463 0.957905
0.328125 0.434448 0.535522 0.637971 0.844694 1.041212
0.134644 0.170288 0.246826 0.261786 0.331090 0.479902
0.033813 0.269897 -0.016846 0.065743 0.524759 -0.032753
0.040039 0.164307 -0.236938 0.077848 0.319460 -0.460678
0.094482 0.167847 -0.168091 0.183701 0.326343 -0.326818
0.151001 0.104370 -0.042603 0.293590 0.202926 -0.082832
0.061157 -0.077515 0.046997 0.118907 -0.150711 0.091376
-0.159302 -0.367188 -0.194214 -0.309729 -0.713920 -0.377608
-0.150391 -0.510742 -0.236938 -0.292403 -0.993032 -0.460678
-0.141846 -0.395630 -0.335083 -0.275789 -0.769220 -0.651499
-0.127808 0.478882 -0.457642 -0.248495 0.931086 -0.889789
-0.231934 0.503418 -0.330444 -0.450947 0.978791 -0.642480
-0.022949 0.097290 -0.113159 -0.044620 0.189160 -0.220014
0.104126 0.115356 -0.067627 0.202451 0.224287 -0.131487
-0.028442 -0.059570 -0.062378 -0.055300 -0.115822 -0.121281
-0.016357 0.151855 -0.042114 -0.031804 0.295251 -0.081882
-0.077148 0.229736 -0.138672 -0.149999 0.446674 -0.269619
-0.226318 0.360840 -0.181641 -0.440029 0.701578 -0.353162
-0.242310 0.594604 -0.208740 -0.471120 1.156085 -0.405852
-0.093140 0.528687 -0.002686 -0.181091 1.027921 -0.005221
-0.033936 0.436890 0.175171 -0.065981 0.849441 0.340583
-0.064819 0.577637 0.053101 -0.126028 1.123094 0.103243
-0.100952 0.408203 -0.030151 -0.196280 0.793666 -0.058623
-0.115845 0.124390 -0.123535 -0.225236 0.241850 -0.240188
-0.031128 -0.230591 -0.393799 -0.060522 -0.448336 -0.765660
0.113647 -0.123291 -0.239014 0.220964 -0.239714 -0.464712
0.245361 0.073853 -0.156738 0.477054 0.143591 -0.304745
0.234009 0.195313 -0.345581 0.454981 0.379744 -0.671910
