-0.426636 -0.624756 -0.436401 -0.829504 -1.214708 -0.848491
-0.337280 -0.961670 -0.492065 -0.655771 -1.869767 -0.956719
-0.139404 -0.783325 -0.320801 -0.271043 -1.523013 -0.623730
0.049194 -0.210205 -0.036011 0.095648 -0.408700 -0.070015
0.075928 -0.072876 0.013428 0.147626 -0.141692 0.026107
0.106689 0.010254 0.269897 0.207435 0.019937 0.524759
0.322144 0.087280 0.458496 0.626341 0.169698 0.891450
0.209717 -0.386963 0.159058 0.407751 -0.752369 0.309254
0.507568 -0.421875 0.042114 0.986861 -0.820248 0.081882
0.855713 -0.038574 0.152222 1.663755 -0.075000 0.295963
1.108521 -0.082153 0.189209 2.155287 -0.159730 0.367877
1.220825 -0.162476 0.139771 2.373640 -0.315900 0.271755
1.095825 -0.017090 0.116333 2.130604 -0.033228 0.226185
0.987671 -0.234619 -0.167114 1.920320 -0.456168 -0.324919
0.969849 -0.563965 -0.572510 1.885669 -1.096512 -1.113126
0.986206 -0.626709 -0.836914 1.917472 -1.218505 -1.627205
0.831299 -0.546387 -0.934570 1.616287 -1.062335 -1.817077
0.544189 -0.328735 -1.004150 1.058063 -0.639157 -1.952361
0.245239 -0.260620 -1.018311 0.476817 -0.506721 -1.979893
0.005859 -0.380005 -1.039063 0.011392 -0.738840 -2.020241
-0.257935 -0.189087 -1.043579 -0.501500 -0.367640 -2.029022
-0.460815 0.083496 -1.038696 -0.895960 0.162341 -2.019528
-0.676392 0.135010 -1.010498 -1.315103 0.262498 -1.964703
-0.828979 0.142578 -0.835327 -1.611778 0.277213 -1.624120
-0.864868 0.161133 -0.459839 -1.681556 0.313289 -0.894061
-0.851196 0.244263 0.110229 -1.654974 0.474918 0.214318
-0.916260 0.269531 0.706543 -1.781476 0.524047 1.373726
-0.637451 -0.007568 1.142578 -1.239391 -0.014715 2.221505
-0.253784 -0.158569 1.374634 -0.493430 -0.308305 2.672689
0.008057 -0.033691 1.437744 0.015664 -0.065506 2.795394
0.113037 -0.042603 1.312134 0.219777 -0.082832 2.551171
0.254761 -0.270630 0.747437 0.495329 -0.526183 1.453235
0.670288 -0.402954 0.062744 1.303236 -0.783460 0.121993
0.821411 -0.329956 -0.066406 1.597063 -0.641531 -0.129113
0.645996 -0.122070 -0.002930 1.256005 -0.237340 -0.005696
0.262817 0.014282 0.035034 0.510994 0.027769 0.068117
-0.066284 -0.026367 -0.178101 -0.128876 -0.051266 -0.346279
-0.356812 0.033447 -0.339844 -0.693746 0.065031 -0.660755
-0.611694 0.093018 -0.500244 -1.189312 0.180853 -0.972620
-0.801758 0.060913 -0.689087 -1.558851 0.118433 -1.339786
-0.984741 -0.002686 -0.888916 -1.914624 -0.005221 -1.728312
-1.088989 0.138550 -1.072144 -2.117313 0.269381 -2.084560
-1.057129 0.526611 -1.031006 -2.055367 1.023886 -2.004576
-0.781738 0.659668 -0.768433 -1.519927 1.282587 -1.494057
-0.383789 0.459961 -0.539673 -0.746198 0.894298 -1.049281
-0.105225 0.192139 -0.425293 -0.204587 0.373574 -0.826894
0.096191 0.095947 -0.396484 0.187024 0.186549 -0.770881
0.164185 0.113525 -0.405029 0.319223 0.220726 -0.787495
0.040771 0.166870 -0.386841 0.079272 0.324444 -0.752131
-0.004517 0.055420 -0.235596 -0.008782 0.107752 -0.458067
-0.007568 0.083496 -0.080811 -0.014715 0.162341 -0.157119
0.005127 0.174072 -0.060181 0.009968 0.338447 -0.117009
0.052856 0.222168 -0.076416 0.102768 0.431959 -0.148575
0.119263 0.265381 -0.133789 0.231881 0.515978 -0.260125
0.038452 0.285156 -0.178467 0.074762 0.554427 -0.346992
-0.035767 0.171387 -0.080811 -0.069541 0.333226 -0.157119
-0.138794 0.151489 -0.024048 -0.269856 0.294539 -0.046756
-0.224365 0.205078 -0.137695 -0.436231 0.398732 -0.267720
-0.215698 0.199951 -0.226929 -0.419380 0.388763 -0.441216
-0.055664 0.067749 -0.245117 -0.108227 0.131724 -0.476579
0.087402 -0.012451 -0.205933 0.169936 -0.024209 -0.400393
0.075928 -0.032227 -0.209839 0.147626 -0.062658 -0.407988
0.091431 -0.126465 -0.277222 0.177768 -0.245885 -0.539000
0.193481 -0.199951 -0.211426 0.376184 -0.388763 -0.411073
0.229614 -0.050659 -0.093750 0.446437 -0.098496 -0.182277
0.203735 0.160278 -0.045410 0.396121 0.311628 -0.088291
0.215820 0.287720 -0.088745 0.419618 0.559411 -0.172546
0.134155 0.224121 -0.121826 0.260837 0.435757 -0.236866
0.105103 0.156006 -0.179199 0.204350 0.303321 -0.348416
0.026123 0.141113 -0.269653 0.050791 0.274365 -0.524285
-0.073730 -0.159912 -0.251709 -0.143354 -0.310916 -0.489396
-0.043945 -0.262451 -0.131836 -0.085443 -0.510282 -0.256328
0.053711 0.293457 0.024658 0.104430 0.570566 0.047943
0.005249 0.594727 0.104248 0.010206 1.156322 0.202689
-0.102539 0.364502 0.038574 -0.199366 0.708698 0.075000
-0.119873 -0.153809 -0.082642 -0.233068 -0.299049 -0.160679
-0.056763 -0.020752 -0.116821 -0.110363 -0.040348 -0.227135
0.170532 0.569092 0.106079 0.331564 1.106480 0.206249
0.234741 0.539063 0.270630 0.456405 1.048095 0.526183
0.109497 0.211670 0.064331 0.212894 0.411548 0.125078
