0.119751 0.446777 0.003662 0.232831 0.868665 0.007120
0.090454 0.305298 0.075317 0.175869 0.593588 0.146439
0.095337 0.085205 0.101440 0.185363 0.165664 0.197230
0.058594 -0.131348 0.188843 0.113923 -0.255378 0.367165
-0.037964 -0.520386 0.325562 -0.073813 -1.011782 0.632987
0.062866 -0.002686 0.480103 0.122230 -0.005221 0.933459
0.032593 0.163086 0.372803 0.063370 0.317087 0.724837
-0.173096 0.075317 0.522827 -0.336549 0.146439 1.016528
-0.473633 0.045898 0.741577 -0.920880 0.089240 1.441842
-0.758789 0.102173 0.954834 -1.475307 0.198654 1.856476
-1.021973 0.258545 1.036255 -1.987013 0.502687 2.014782
-1.150513 0.284912 0.892090 -2.236932 0.553952 1.734483
-1.258911 0.232544 0.773682 -2.447690 0.452133 1.504263
-1.312988 0.339966 0.561523 -2.552832 0.660993 1.091765
-1.226196 0.440552 0.107666 -2.384083 0.856561 0.209334
-0.984375 0.348633 -0.384766 -1.913912 0.677844 -0.748097
-0.707520 0.341553 -0.760010 -1.375624 0.664078 -1.477681
-0.381836 0.394409 -1.063599 -0.742400 0.766846 -2.067946
-0.127441 0.418823 -1.248291 -0.247783 0.814315 -2.427042
0.067139 0.459106 -1.370117 0.130537 0.892637 -2.663907
0.310303 0.302979 -1.353760 0.603319 0.589079 -2.632104
0.673462 0.013306 -1.219482 1.309406 0.025870 -2.371029
0.950562 -0.062378 -1.059448 1.848169 -0.121281 -2.059876
1.028442 -0.007446 -0.927124 1.999592 -0.014478 -1.802599
1.066772 -0.028442 -0.806152 2.074117 -0.055300 -1.567395
1.114258 -0.136108 -0.637695 2.166442 -0.264634 -1.239866
1.139648 -0.204712 -0.457642 2.215809 -0.398020 -0.889789
1.076904 -0.184448 -0.267090 2.093816 -0.358621 -0.519301
0.943848 -0.080078 -0.070801 1.835115 -0.155695 -0.137657
0.770508 0.052856 0.088013 1.498092 0.102768 0.171122
0.614990 0.120361 0.134155 1.195720 0.234018 0.260837
0.502075 0.058472 0.108276 0.976181 0.113686 0.210521
0.348755 -0.103027 0.128540 0.678081 -0.200315 0.249919
0.167358 -0.308594 0.197998 0.325394 -0.599996 0.384966
0.119141 -0.321289 0.276611 0.231644 -0.624680 0.537813
0.033569 -0.242065 0.368042 0.065269 -0.470646 0.715581
-0.088379 -0.278198 0.434082 -0.171834 -0.540899 0.843982
-0.273682 -0.162598 0.412109 -0.532117 -0.316137 0.801261
-0.546509 -0.120361 0.404175 -1.062572 -0.234018 0.785834
-0.762451 -0.103882 0.489624 -1.482427 -0.201977 0.951972
-1.001099 0.072632 0.551880 -1.946428 0.141217 1.073015
-1.221680 0.293701 0.450073 -2.375302 0.571041 0.875074
-1.386230 0.332397 0.272095 -2.695236 0.646278 0.529032
-1.299561 0.182861 0.145264 -2.526725 0.355536 0.282435
-1.191162 0.051880 0.069824 -2.315967 0.100870 0.135759
-1.136841 -0.203857 -0.215332 -2.210350 -0.396358 -0.418668
-0.977905 -0.234375 -0.433350 -1.901333 -0.455693 -0.842558
-0.775024 0.223511 -0.119507 -1.506873 0.434570 -0.232356
-0.425903 0.347778 0.095337 -0.828080 0.676182 0.185363
-0.182617 0.327637 0.056641 -0.355061 0.637021 0.110126
-0.032593 0.345337 -0.073364 -0.063370 0.671436 -0.142642
0.078735 0.318237 -0.151733 0.153084 0.618746 -0.295014
0.116699 0.249146 -0.186401 0.226897 0.484412 -0.362419
0.086426 0.207886 -0.198364 0.168037 0.404191 -0.385678
0.059448 0.179443 -0.199585 0.115585 0.348890 -0.388051
0.077148 0.133057 -0.128906 0.149999 0.258701 -0.250631
0.073730 0.080322 -0.064697 0.143354 0.156170 -0.125790
0.051758 0.067627 -0.068604 0.100632 0.131487 -0.133385
0.057129 0.008301 -0.071289 0.111075 0.016139 -0.138607
0.069580 -0.019775 -0.049438 0.135284 -0.038449 -0.096123
0.022827 0.005493 -0.071289 0.044383 0.010680 -0.138607
-0.012939 0.021606 -0.123535 -0.025158 0.042009 -0.240188
0.006226 0.031006 -0.142578 0.012104 0.060284 -0.277213
0.025146 0.034790 -0.115112 0.048892 0.067642 -0.223812
0.036621 0.065430 -0.100586 0.071202 0.127214 -0.195568
0.040283 0.059448 -0.113403 0.078322 0.115585 -0.220489
0.019775 0.069214 -0.118530 0.038449 0.134572 -0.230457
0.018311 0.074219 -0.104126 0.035601 0.144303 -0.202451
0.032593 0.063965 -0.084595 0.063370 0.124366 -0.164477
0.029663 0.063843 -0.092041 0.057674 0.124129 -0.178955
0.032837 0.047363 -0.098022 0.063845 0.092088 -0.190584
0.041748 0.049927 -0.103638 0.081170 0.097072 -0.201502
0.023315 0.086426 -0.111206 0.045332 0.168037 -0.216217
-0.013916 0.145020 -0.118164 -0.027057 0.281960 -0.229745
-0.016602 0.187744 -0.133179 -0.032278 0.365029 -0.258938
-0.020264 0.148682 -0.178223 -0.039398 0.289080 -0.346517
0.015991 0.019409 -0.238281 0.031092 0.037737 -0.463288
0.060913 -0.097778 -0.265137 0.118433 -0.190110 -0.515503
0.056519 -0.026611 -0.270874 0.109889 -0.051740 -0.526658
0.044678 0.070679 -0.237427 0.086867 0.137420 -0.461627
