-0.399170 0.164429 -0.162109 -0.776103 0.319697 -0.315188
-0.111328 0.686157 0.178833 -0.216454 1.334090 0.347704
-0.142578 0.310669 -0.029907 -0.277213 0.604031 -0.058148
-0.181396 0.022095 -0.230713 -0.352688 0.042959 -0.448573
-0.253296 0.107788 -0.012939 -0.492481 0.209571 -0.025158
-0.175415 -0.158325 0.033325 -0.341058 -0.307830 0.064794
0.461182 -0.242188 -0.161377 0.896672 -0.470883 -0.313764
1.010986 -0.139771 -0.090454 1.965652 -0.271755 -0.175869
0.975708 -0.146118 -0.090576 1.897061 -0.284096 -0.176106
0.891357 -0.364624 -0.040894 1.733059 -0.708935 -0.079509
1.185913 0.079590 0.057495 2.305761 0.154746 0.111787
1.452637 0.122803 0.159790 2.824349 0.238764 0.310678
1.402954 0.014893 0.029175 2.727752 0.028956 0.056724
1.001831 -0.493408 -0.140869 1.947852 -0.959329 -0.273891
0.498413 -0.579712 -0.224854 0.969060 -1.127129 -0.437181
0.490601 -0.522095 -0.392212 0.953871 -1.015104 -0.762574
0.386597 -0.218872 -0.689331 0.751657 -0.425551 -1.340261
0.424194 -0.118042 -0.940186 0.824758 -0.229508 -1.827995
0.387085 0.020264 -1.084473 0.752606 0.039398 -2.108531
0.140747 0.010376 -1.061646 0.273653 0.020174 -2.064148
-0.197754 -0.259277 -1.182617 -0.384491 -0.504111 -2.299353
-0.428955 -0.450195 -1.076782 -0.834014 -0.875311 -2.093579
-0.750366 0.040771 -0.958374 -1.458931 0.079272 -1.863359
-1.091187 0.432617 -0.948975 -2.121585 0.841134 -1.845083
-1.164063 0.079224 -0.488647 -2.263277 0.154034 -0.950073
-1.133667 -0.193115 0.400513 -2.204179 -0.375472 0.778713
-1.051025 -0.257568 0.917480 -2.043500 -0.500788 1.783850
-0.915161 -0.127441 1.129272 -1.779340 -0.247783 2.195635
-0.529175 -0.069946 1.156860 -1.028870 -0.135996 2.249274
0.094238 -0.072510 1.135132 0.183227 -0.140980 2.207027
0.597412 -0.145874 0.956543 1.161543 -0.283622 1.859798
0.786011 -0.257324 0.579712 1.528234 -0.500313 1.127129
0.809570 -0.259155 0.354858 1.574041 -0.503873 0.689948
0.531738 0.042603 0.125244 1.033854 0.082832 0.243511
0.077271 0.239990 -0.051636 0.150236 0.466611 -0.100395
-0.205566 0.084473 -0.129028 -0.399681 0.164239 -0.250869
-0.402710 -0.118042 -0.216187 -0.782986 -0.229508 -0.420330
-0.562378 -0.223022 -0.355591 -1.093427 -0.433621 -0.691372
-0.831299 -0.357544 -0.488281 -1.616287 -0.695170 -0.949361
-1.147827 -0.312012 -0.627197 -2.231711 -0.606642 -1.219454
-1.361084 -0.209473 -0.704712 -2.646344 -0.407276 -1.370165
-1.208984 -0.016846 -0.741211 -2.350618 -0.032753 -1.441130
-0.811646 0.156128 -0.693848 -1.578076 0.303558 -1.349042
-0.454956 0.214233 -0.598267 -0.884567 0.416532 -1.163205
-0.049316 0.249390 -0.504150 -0.095885 0.484886 -0.980215
0.294922 0.022095 -0.218262 0.573414 0.042959 -0.424364
0.519043 -0.159302 -0.254761 1.009171 -0.309729 -0.495329
0.738525 -0.197021 -0.456909 1.435909 -0.383067 -0.888365
0.517700 -0.046875 -0.310547 1.006560 -0.091139 -0.603794
0.056274 0.020508 -0.012573 0.109414 0.039873 -0.024446
-0.308228 0.090698 0.159302 -0.599284 0.176344 0.309729
-0.440796 0.121460 0.142334 -0.857036 0.236154 0.276739
-0.369507 0.114624 0.167603 -0.718429 0.222863 0.325868
-0.055054 0.129150 0.127441 -0.107040 0.251106 0.247783
0.010620 0.137939 0.097778 0.020649 0.268195 0.190110
0.093994 0.142334 -0.137329 0.182752 0.276739 -0.267008
0.175293 -0.015503 -0.329834 0.340821 -0.030142 -0.641293
0.198364 -0.119385 -0.301514 0.385678 -0.232119 -0.586231
0.018433 0.019287 -0.202637 0.035838 0.037500 -0.393985
-0.182983 0.152832 -0.114380 -0.355773 0.297150 -0.222388
-0.156738 0.083740 -0.070801 -0.304745 0.162815 -0.137657
-0.127686 0.013306 -0.143799 -0.248258 0.025870 -0.279587
-0.117920 -0.045044 -0.158569 -0.229271 -0.087579 -0.308305
-0.060425 0.005127 -0.105957 -0.117483 0.009968 -0.206011
-0.132080 0.036255 -0.041138 -0.256802 0.070490 -0.079984
-0.193726 -0.012939 0.014160 -0.376659 -0.025158 0.027531
-0.150269 -0.041504 0.058472 -0.292166 -0.080696 0.113686
-0.026489 -0.019287 -0.015747 -0.051503 -0.037500 -0.030617
0.049561 -0.028320 -0.138428 0.096360 -0.055063 -0.269144
0.040161 -0.031494 -0.128662 0.078085 -0.061234 -0.250157
-0.051147 0.088501 -0.100830 -0.099446 0.172072 -0.196043
-0.089600 0.093262 -0.061279 -0.174208 0.181328 -0.119145
-0.077148 0.024780 -0.061523 -0.149999 0.048180 -0.119620
-0.014771 0.016479 -0.099731 -0.028718 0.032041 -0.193907
0.021118 0.042847 -0.088257 0.041060 0.083306 -0.171597
0.020264 0.050903 -0.091675 0.039398 0.098971 -0.178243
0.027222 -0.044800 -0.119873 0.052927 -0.087104 -0.233068
0.006226 -0.090088 -0.117798 0.012104 -0.175157 -0.229033
-0.007813 -0.065063 -0.132813 -0.015190 -0.126502 -0.258226
-0.012695 -0.006592 -0.094482 -0.024683 -0.012816 -0.183701
