-0.000610 -0.269409 -0.452515 -0.001187 -0.523810 -0.879820
-0.328491 -0.091553 -0.472778 -0.638683 -0.178005 -0.919219
-0.494141 -0.103271 -0.160889 -0.960754 -0.200790 -0.312815
-0.458252 0.129028 0.069702 -0.890975 0.250869 0.135521
-0.384888 0.009277 0.010742 -0.748334 0.018038 0.020886
-0.504272 -0.488647 -0.246338 -0.980453 -0.950073 -0.478953
-0.812256 -0.015381 -0.203491 -1.579262 -0.029905 -0.395646
-1.294067 0.745117 0.036133 -2.516044 1.448725 0.070253
-1.803223 0.553223 0.071167 -3.505991 1.075626 0.138369
-2.417236 -0.110107 0.084106 -4.699812 -0.214081 0.163527
-2.744751 -0.340576 0.208130 -5.336596 -0.662179 0.404665
-1.721436 0.154175 0.367920 -3.346973 0.299761 0.715344
-0.458862 0.013184 0.320190 -0.892162 0.025633 0.622544
0.004272 -0.304443 0.226318 0.008307 -0.591927 0.440029
0.219727 -0.107788 0.069580 0.427213 -0.209571 0.135284
0.563354 0.115845 -0.052612 1.095325 0.225236 -0.102294
0.775879 0.160400 -0.262939 1.508535 0.311865 -0.511231
0.995728 0.015503 -0.457886 1.935985 0.030142 -0.890263
1.169800 -0.034302 -0.503662 2.274432 -0.066693 -0.979266
1.174561 0.063721 -0.473877 2.283688 0.123892 -0.921355
1.025757 0.150513 -0.486206 1.994370 0.292641 -0.945326
0.869019 0.139282 -0.527588 1.689626 0.270805 -1.025785
0.886597 0.070801 -0.540039 1.723802 0.137657 -1.049993
0.626099 0.059692 -0.521362 1.217318 0.116059 -1.013680
0.409302 0.172363 -0.491455 0.795802 0.335124 -0.955532
0.176636 0.248413 -0.462891 0.343431 0.482987 -0.899994
-0.106567 0.205200 -0.497192 -0.207198 0.398969 -0.966687
-0.335327 -0.068115 -0.543335 -0.651974 -0.132436 -1.056402
-0.592651 -0.176758 -0.525879 -1.152287 -0.343669 -1.022462
-0.900513 0.035034 -0.475464 -1.750859 0.068117 -0.924440
-1.317261 0.195801 -0.476929 -2.561139 0.380694 -0.927288
-1.664307 0.059814 -0.494873 -3.235898 0.116297 -0.962178
-1.442749 0.063965 -0.343872 -2.805125 0.124366 -0.668588
-0.706299 0.256958 -0.139404 -1.373251 0.499601 -0.271043
-0.243286 0.201050 -0.000732 -0.473019 0.390899 -0.001424
-0.102539 0.114136 -0.018311 -0.199366 0.221913 -0.035601
0.057373 0.167236 0.000977 0.111550 0.325156 0.001899
0.209717 0.129150 -0.009033 0.407751 0.251106 -0.017563
0.338745 0.073120 -0.019043 0.658619 0.142167 -0.037025
0.329224 -0.016357 -0.070190 0.640107 -0.031804 -0.136471
0.222046 -0.045410 -0.114258 0.431722 -0.088291 -0.222151
-0.006836 -0.046265 -0.113892 -0.013291 -0.089952 -0.221438
-0.159302 -0.014282 -0.069824 -0.309729 -0.027769 -0.135759
-0.144287 0.020264 -0.004028 -0.280536 0.039398 -0.007832
-0.155029 0.014893 -0.007690 -0.301422 0.028956 -0.014952
-0.162598 -0.003906 -0.048828 -0.316137 -0.007595 -0.094936
-0.052979 -0.000366 -0.038330 -0.103006 -0.000712 -0.074525
0.114136 0.017822 0.021240 0.221913 0.034652 0.041297
0.153931 0.024292 0.042358 0.299286 0.047231 0.082357
0.070435 0.062744 0.007813 0.136945 0.121993 0.015190
-0.015137 0.057739 -0.027832 -0.029430 0.112262 -0.054114
-0.056519 -0.000610 -0.059814 -0.109889 -0.001187 -0.116297
-0.039185 -0.011719 -0.076782 -0.076186 -0.022785 -0.149287
0.020752 0.007080 -0.070557 0.040348 0.013766 -0.137183
0.055542 0.015991 -0.069702 0.107990 0.031092 -0.135521
0.046997 0.029907 -0.086914 0.091376 0.058148 -0.168986
0.045776 -0.001343 -0.091309 0.089003 -0.002611 -0.177531
0.029419 -0.005981 -0.097290 0.057199 -0.011630 -0.189160
0.016846 0.035156 -0.086060 0.032753 0.068354 -0.167325
0.030273 0.036987 -0.064331 0.058860 0.071914 -0.125078
0.020996 0.019409 -0.079102 0.040823 0.037737 -0.153797
0.016968 0.007935 -0.092407 0.032990 0.015427 -0.179667
0.026978 -0.007568 -0.096680 0.052452 -0.014715 -0.187973
0.033325 -0.003906 -0.084839 0.064794 -0.007595 -0.164952
0.044800 0.016113 -0.070801 0.087104 0.031329 -0.137657
0.036377 0.015747 -0.088013 0.070727 0.030617 -0.171122
0.038208 0.008667 -0.100220 0.074288 0.016851 -0.194856
0.044678 0.004639 -0.083496 0.086867 0.009019 -0.162341
0.043335 0.000366 -0.077759 0.084256 0.000712 -0.151186
0.038940 0.001099 -0.077637 0.075712 0.002136 -0.150948
0.012451 -0.006348 -0.085083 0.024209 -0.012342 -0.165426
-0.001709 -0.019775 -0.092041 -0.003323 -0.038449 -0.178955
0.000977 -0.016113 -0.074463 0.001899 -0.031329 -0.144778
-0.007690 -0.044922 -0.055542 -0.014952 -0.087341 -0.107990
-0.026733 -0.058228 -0.067871 -0.051978 -0.113211 -0.131961
-0.044556 -0.030640 -0.070923 -0.086629 -0.059572 -0.137895
-0.035522 -0.032715 -0.047241 -0.069066 -0.063607 -0.091851
-0.027832 -0.072632 -0.040405 -0.054114 -0.141217 -0.078560
-0.034180 -0.078247 -0.060181 -0.066455 -0.152135 -0.117009
-0.027832 -0.046753 -0.097778 -0.054114 -0.090901 -0.190110
