0.344482 0.565796 -0.183472 0.669774 1.100072 -0.356722
0.249023 0.403076 0.018921 0.484174 0.783698 0.036788
-0.000488 0.173706 0.090210 -0.000949 0.337735 0.175394
0.081055 0.392334 0.169312 0.157594 0.762812 0.329191
-0.014771 0.208496 0.095825 -0.028718 0.405377 0.186312
-0.167236 0.145386 0.113159 -0.325156 0.282672 0.220014
-0.480225 0.296631 0.118042 -0.933697 0.576737 0.229508
-0.898804 0.172607 0.213501 -1.747537 0.335599 0.415108
-1.128540 -0.190796 0.203491 -2.194211 -0.370963 0.395646
-1.314575 0.012451 0.164917 -2.555918 0.024209 0.320647
-1.428101 0.039673 0.343018 -2.776644 0.077136 0.666926
-1.481323 0.290771 0.619263 -2.880124 0.565345 1.204027
-1.435669 0.533081 0.455444 -2.791359 1.036465 0.885517
-1.285034 0.540894 -0.022217 -2.498481 1.051655 -0.043196
-1.023804 0.509888 -0.446289 -1.990573 0.991370 -0.867716
-0.713623 0.341064 -0.697510 -1.387491 0.663129 -1.356162
-0.594482 0.345215 -0.898682 -1.155847 0.671198 -1.747299
-0.420898 0.465820 -1.130859 -0.818349 0.905691 -2.198720
0.011475 0.388550 -1.301270 0.022310 0.755454 -2.530047
0.513916 0.194214 -1.342529 0.999203 0.377608 -2.610268
0.960327 0.012207 -1.308716 1.867156 0.023734 -2.544525
1.370483 -0.062988 -1.105591 2.664619 -0.122468 -2.149591
1.739624 0.014526 -0.784546 3.382336 0.028243 -1.525386
1.872314 -0.035767 -0.598267 3.640325 -0.069541 -1.163205
1.895630 -0.182739 -0.494019 3.685657 -0.355298 -0.960516
1.891357 -0.103516 -0.299438 3.677350 -0.201265 -0.582196
1.789917 0.482422 -0.234497 3.480121 0.937969 -0.455931
1.627319 1.141479 -0.008301 3.163983 2.219369 -0.016139
1.291504 1.087769 0.361694 2.511060 2.114939 0.703239
0.948120 0.749756 0.773438 1.843422 1.457744 1.503788
0.608398 0.377930 0.761597 1.182904 0.734806 1.480766
0.269165 0.019165 0.558105 0.523335 0.037262 1.085120
0.085327 -0.189209 0.482788 0.165901 -0.367877 0.938681
-0.101807 -0.266602 0.457886 -0.197942 -0.518351 0.890263
-0.382568 -0.135498 0.372314 -0.743824 -0.263448 0.723888
-0.666016 -0.083740 0.245728 -1.294929 -0.162815 0.477766
-0.907227 -0.219238 0.159424 -1.763913 -0.426263 0.309966
-1.196167 -0.457397 0.164673 -2.325697 -0.889314 0.320172
-1.452515 -0.513306 0.147339 -2.824112 -0.998016 0.286470
-1.704956 -0.513062 0.175537 -3.314932 -0.997541 0.341295
-1.844360 -0.577759 0.183716 -3.585974 -1.123332 0.357197
-1.988647 -0.463623 0.008911 -3.866511 -0.901418 0.017326
-1.881104 -0.140381 -0.302246 -3.657414 -0.272941 -0.587655
-1.503662 0.042236 -0.435059 -2.923558 0.082120 -0.845881
-1.184814 0.094238 -0.402710 -2.303625 0.183227 -0.782986
-0.888306 0.413818 -0.343018 -1.727125 0.804584 -0.666926
-0.672974 0.716431 -0.378540 -1.308457 1.392950 -0.735992
-0.576782 0.726929 -0.408936 -1.121433 1.413361 -0.795090
-0.454346 0.593384 -0.371216 -0.883381 1.153711 -0.721752
-0.211914 0.380859 -0.259766 -0.412023 0.740502 -0.505060
-0.033569 0.134155 -0.179565 -0.065269 0.260837 -0.349128
0.087280 0.041016 -0.141846 0.169698 0.079746 -0.275789
0.116211 -0.035156 -0.104980 0.225948 -0.068354 -0.204113
0.100098 -0.097168 -0.065430 0.194619 -0.188923 -0.127214
0.057007 -0.085693 -0.018188 0.110838 -0.166613 -0.035364
0.028320 -0.063599 0.001465 0.055063 -0.123654 0.002848
0.055420 -0.039795 -0.013916 0.107752 -0.077373 -0.027057
0.083252 -0.041748 -0.076660 0.161866 -0.081170 -0.149050
0.091064 -0.053833 -0.134155 0.177056 -0.104667 -0.260837
0.081787 -0.068481 -0.126221 0.159018 -0.133148 -0.245410
0.062988 -0.097778 -0.107788 0.122468 -0.190110 -0.209571
0.043213 -0.104370 -0.095215 0.084018 -0.202926 -0.185125
0.038940 -0.098877 -0.097778 0.075712 -0.192246 -0.190110
0.031494 -0.086792 -0.117188 0.061234 -0.168749 -0.227847
0.020630 -0.057129 -0.125244 0.040111 -0.111075 -0.243511
0.036743 -0.022095 -0.115356 0.071439 -0.042959 -0.224287
0.047363 -0.047363 -0.124023 0.092088 -0.092088 -0.241138
0.031860 -0.068604 -0.160645 0.061946 -0.133385 -0.312340
0.015625 -0.047729 -0.189575 0.030380 -0.092800 -0.368589
-0.017822 -0.012817 -0.186401 -0.034652 -0.024921 -0.362419
-0.038330 0.027954 -0.159668 -0.074525 0.054351 -0.310441
-0.065308 0.020386 -0.136475 -0.126977 0.039636 -0.265346
-0.070313 -0.010864 -0.105591 -0.136708 -0.021123 -0.205299
-0.067627 0.014038 -0.101440 -0.131487 0.027294 -0.197230
-0.074463 0.031494 -0.104370 -0.144778 0.061234 -0.202926
-0.076538 0.034790 -0.101074 -0.148812 0.067642 -0.196518
-0.075195 0.041870 -0.115845 -0.146202 0.081408 -0.225236
-0.079102 0.031494 -0.127808 -0.153797 0.061234 -0.248495
-0.075073 0.045410 -0.149780 -0.145964 0.088291 -0.291217
-0.065308 0.045654 -0.172241 -0.126977 0.088765 -0.334887
