-0.188110 -0.029419 -0.205322 -0.365741 -0.057199 -0.399206
-0.094971 0.153198 -0.131836 -0.184651 0.297862 -0.256328
-0.028320 0.196777 -0.089233 -0.055063 0.382593 -0.173496
-0.068848 0.117554 -0.015137 -0.133860 0.228559 -0.029430
-0.083496 -0.159912 0.177856 -0.162341 -0.310916 0.345805
-0.061035 -0.443848 0.123779 -0.118670 -0.862969 0.240663
-0.256958 -0.158081 0.444092 -0.499601 -0.307356 0.863444
-0.523560 0.157959 0.565063 -1.017952 0.307118 1.098648
-0.766357 -0.040649 0.502441 -1.490022 -0.079034 0.976893
-0.762451 0.109131 0.644775 -1.482427 0.212182 1.253631
-0.849243 0.326538 0.840454 -1.651176 0.634885 1.634088
-1.045044 0.231934 0.932251 -2.031870 0.450947 1.812568
-1.130737 0.088745 0.726318 -2.198483 0.172546 1.412175
-1.137817 0.045776 0.270142 -2.212249 0.089003 0.525234
-0.943848 -0.076050 -0.139526 -1.835115 -0.147863 -0.271280
-0.715942 -0.020752 -0.437866 -1.392001 -0.040348 -0.851340
-0.705322 0.142212 -0.696899 -1.371352 0.276501 -1.354976
-0.755737 0.270142 -0.923584 -1.469374 0.525234 -1.795717
-0.751099 0.365723 -1.157837 -1.460355 0.711071 -2.251173
-0.530762 0.398804 -1.375977 -1.031956 0.775391 -2.675300
-0.059570 0.303833 -1.544312 -0.115822 0.590740 -3.002592
0.478149 0.181763 -1.604126 0.929662 0.353400 -3.118889
0.822998 0.232910 -1.527344 1.600148 0.452845 -2.969602
1.042603 0.306885 -1.297363 2.027123 0.596673 -2.522453
1.254639 0.217041 -0.993896 2.439384 0.421991 -1.932425
1.364136 0.058105 -0.669800 2.652278 0.112974 -1.302286
1.279541 -0.046509 -0.387207 2.487801 -0.090427 -0.752843
1.136353 -0.018677 -0.196411 2.209401 -0.036313 -0.381881
1.015381 0.026367 -0.069580 1.974196 0.051266 -0.135284
0.971680 0.035645 0.066528 1.889229 0.069303 0.129350
0.871094 0.031860 0.142212 1.693660 0.061946 0.276501
0.705322 0.039063 0.176636 1.371352 0.075949 0.343431
0.539429 0.086670 0.263672 1.048807 0.168512 0.512655
0.365723 0.137085 0.366455 0.711071 0.266533 0.712496
0.181030 0.093140 0.484619 0.351976 0.181091 0.942241
-0.003784 0.017578 0.537476 -0.007358 0.034177 1.045009
-0.194702 0.008179 0.518188 -0.378558 0.015902 1.007509
-0.371094 0.076416 0.473022 -0.721514 0.148575 0.919694
-0.484863 0.075439 0.419312 -0.942716 0.146676 0.815264
-0.522949 -0.027832 0.397095 -1.016766 -0.054114 0.772068
-0.647339 -0.037720 0.381592 -1.258615 -0.073338 0.741926
-0.919800 -0.203857 0.424194 -1.788359 -0.396358 0.824758
-1.051636 -0.127808 0.409302 -2.044687 -0.248495 0.795802
-1.079468 0.206421 0.266846 -2.098800 0.401342 0.518826
-1.119629 0.179810 0.161377 -2.176885 0.349602 0.313764
-1.033691 0.048218 0.048706 -2.009798 0.093749 0.094699
-0.838501 0.171997 -0.057983 -1.630290 0.334412 -0.112737
-0.723633 0.313721 -0.121460 -1.406953 0.609965 -0.236154
-0.648682 0.368652 -0.106079 -1.261226 0.716768 -0.206249
-0.474243 0.379517 -0.135986 -0.922067 0.737891 -0.264397
-0.315308 0.306885 -0.229370 -0.613050 0.596673 -0.445962
-0.200195 0.178711 -0.300903 -0.389238 0.347466 -0.585044
-0.074585 0.100586 -0.303833 -0.145015 0.195568 -0.590740
-0.027466 0.225342 -0.275513 -0.053402 0.438130 -0.535677
-0.016968 0.322144 -0.218018 -0.032990 0.626341 -0.423890
-0.011719 0.287720 -0.184448 -0.022785 0.559411 -0.358621
-0.001953 0.183594 -0.172607 -0.003797 0.356960 -0.335599
0.019409 0.071289 -0.171143 0.037737 0.138607 -0.332751
0.043579 0.008057 -0.164185 0.084730 0.015664 -0.319223
0.104492 0.033813 -0.151611 0.203163 0.065743 -0.294777
0.117676 0.089966 -0.149170 0.228796 0.174920 -0.290030
0.039429 0.135742 -0.181519 0.076661 0.263922 -0.352925
0.037476 0.101929 -0.213745 0.072863 0.198179 -0.415583
0.077637 0.078247 -0.267090 0.150948 0.152135 -0.519301
0.114868 0.086426 -0.285400 0.223337 0.168037 -0.554902
0.103149 0.042480 -0.250488 0.200553 0.082594 -0.487022
0.065063 0.008179 -0.215332 0.126502 0.015902 -0.418668
0.011475 0.026489 -0.175171 0.022310 0.051503 -0.340583
-0.011841 0.042480 -0.110474 -0.023022 0.082594 -0.214793
-0.012939 0.093994 -0.083008 -0.025158 0.182752 -0.161391
-0.028442 0.119141 -0.119141 -0.055300 0.231644 -0.231644
-0.027954 0.067383 -0.133179 -0.054351 0.131012 -0.258938
-0.037354 0.054199 -0.114136 -0.072626 0.105379 -0.221913
-0.062134 0.080078 -0.120117 -0.120806 0.155695 -0.233543
-0.085083 0.083008 -0.130737 -0.165426 0.161391 -0.254191
-0.055420 0.078735 -0.139038 -0.107752 0.153084 -0.270331
-0.027710 0.075195 -0.134644 -0.053876 0.146202 -0.261786
-0.024292 0.077637 -0.134033 -0.047231 0.150948 -0.260600
-0.031616 0.096436 -0.144287 -0.061471 0.187499 -0.280536
-0.026489 0.090332 -0.154785 -0.051503 0.175632 -0.300947
