-0.332031 -0.456787 -0.182983 -0.645566 -0.888127 -0.355773
-0.173950 -0.091064 -0.123291 -0.338210 -0.177056 -0.239714
-0.202393 0.053101 -0.131836 -0.393510 0.103243 -0.256328
-0.348145 -0.012329 -0.137085 -0.676894 -0.023971 -0.266533
-0.512695 -0.098511 -0.065063 -0.996829 -0.191534 -0.126502
-0.691528 0.250610 -0.053101 -1.344533 0.487260 -0.103243
-0.942871 0.353760 -0.069458 -1.833216 0.687812 -0.135047
-1.304810 0.197754 0.209961 -2.536930 0.384491 0.408225
-1.536743 0.172119 0.423096 -2.987877 0.334650 0.822621
-1.395996 0.287842 0.461182 -2.714223 0.559648 0.896672
-1.026611 0.205933 0.329346 -1.996032 0.400393 0.640344
-0.623413 0.212158 0.067261 -1.212097 0.412497 0.130774
-0.190186 0.128784 -0.065674 -0.369776 0.250394 -0.127689
0.233154 0.071167 -0.179443 0.453320 0.138369 -0.348890
0.627075 0.100708 -0.334351 1.219217 0.195806 -0.650075
0.874268 0.130493 -0.470459 1.699831 0.253717 -0.914709
1.115845 0.086182 -0.541382 2.169528 0.167562 -1.052604
1.157715 0.078125 -0.525146 2.250935 0.151898 -1.021038
1.190186 0.112061 -0.532837 2.314068 0.217878 -1.035990
1.193359 0.038940 -0.506714 2.320239 0.075712 -0.985200
1.014282 -0.067749 -0.495728 1.972060 -0.131724 -0.963839
0.691040 -0.070190 -0.590454 1.343583 -0.136471 -1.148015
0.470215 -0.030518 -0.523071 0.914235 -0.059335 -1.017003
0.262573 -0.057129 -0.443726 0.510519 -0.111075 -0.862732
0.039307 -0.072266 -0.486328 0.076424 -0.140505 -0.945564
-0.347412 -0.006592 -0.491211 -0.675470 -0.012816 -0.955057
-0.713745 0.003784 -0.396973 -1.387729 0.007358 -0.771831
-1.018799 0.024170 -0.330444 -1.980842 0.046993 -0.642480
-1.245605 -0.006348 -0.266602 -2.421820 -0.012342 -0.518351
-1.319458 0.034424 -0.237915 -2.565411 0.066930 -0.462576
-1.146118 0.102173 -0.247314 -2.228388 0.198654 -0.480851
-0.988647 0.122803 -0.243286 -1.922219 0.238764 -0.473019
-0.927246 0.151001 -0.250488 -1.802837 0.293590 -0.487022
-0.519287 0.146240 -0.239380 -1.009646 0.284334 -0.465424
-0.011719 0.163696 -0.162231 -0.022785 0.318273 -0.315425
0.076660 0.141479 -0.182861 0.149050 0.275077 -0.355536
0.109009 0.097778 -0.189453 0.211945 0.190110 -0.368352
0.111938 0.062134 -0.162231 0.217641 0.120806 -0.315425
0.046387 0.004883 -0.212524 0.090189 0.009494 -0.413209
0.009155 -0.015747 -0.242554 0.017801 -0.030617 -0.471595
0.010254 0.013550 -0.194580 0.019937 0.026345 -0.378320
0.005737 0.012939 -0.140503 0.011155 0.025158 -0.273179
-0.005737 -0.034424 -0.141724 -0.011155 -0.066930 -0.275552
0.014771 -0.044556 -0.129150 0.028718 -0.086629 -0.251106
0.024292 -0.020752 -0.096069 0.047231 -0.040348 -0.186787
0.007568 -0.007568 -0.091919 0.014715 -0.014715 -0.178717
-0.011719 -0.000732 -0.131958 -0.022785 -0.001424 -0.256565
-0.025513 0.017700 -0.153564 -0.049604 0.034414 -0.298574
-0.016724 0.029907 -0.159058 -0.032516 0.058148 -0.309254
-0.008301 0.016602 -0.145142 -0.016139 0.032278 -0.282198
-0.005127 0.029419 -0.134644 -0.009968 0.057199 -0.261786
-0.011841 0.036865 -0.119263 -0.023022 0.071677 -0.231881
-0.005615 0.045654 -0.088867 -0.010918 0.088765 -0.172784
-0.011963 0.043701 -0.101318 -0.023259 0.084968 -0.196992
-0.016968 0.036377 -0.122070 -0.032990 0.070727 -0.237340
0.014282 0.046509 -0.100586 0.027769 0.090427 -0.195568
0.042114 0.063110 -0.093506 0.081882 0.122705 -0.181803
0.057495 0.065796 -0.086060 0.111787 0.127926 -0.167325
0.061646 0.038818 -0.080078 0.119857 0.075474 -0.155695
0.048706 -0.011597 -0.093872 0.094699 -0.022547 -0.182515
0.025146 -0.000610 -0.117188 0.048892 -0.001187 -0.227847
0.018799 0.040283 -0.134521 0.036550 0.078322 -0.261549
0.006714 0.025635 -0.148315 0.013054 0.049841 -0.288368
0.008057 0.013062 -0.160767 0.015664 0.025395 -0.312577
0.017700 0.008057 -0.148560 0.034414 0.015664 -0.288843
0.026978 0.023438 -0.145142 0.052452 0.045569 -0.282198
0.040405 0.028931 -0.150146 0.078560 0.056250 -0.291929
0.040771 0.051514 -0.150269 0.079272 0.100158 -0.292166
0.030029 0.038696 -0.141602 0.058386 0.075237 -0.275315
0.030884 0.031372 -0.124756 0.060047 0.060996 -0.242562
0.032471 0.031372 -0.120239 0.063133 0.060996 -0.233780
0.035522 0.005737 -0.127930 0.069066 0.011155 -0.248733
0.045898 -0.011108 -0.117065 0.089240 -0.021598 -0.227609
0.018433 -0.052368 -0.130127 0.035838 -0.101819 -0.253005
0.008301 -0.057617 -0.162354 0.016139 -0.112025 -0.315663
0.012573 -0.020630 -0.151855 0.024446 -0.040111 -0.295251
0.030884 0.002930 -0.118652 0.060047 0.005696 -0.230695
0.073975 0.003174 -0.105469 0.143828 0.006171 -0.205062
0.082275 -0.016846 -0.128052 0.159967 -0.032753 -0.248970
0.052490 -0.010498 -0.140747 0.102056 -0.020411 -0.273653
