-0.249390 -0.019531 -0.245850 -0.484886 -0.037974 -0.478003
-0.246582 0.143311 -0.216064 -0.479427 0.278637 -0.420092
-0.271362 0.099854 -0.116943 -0.527607 0.194144 -0.227372
-0.404785 0.240967 -0.155518 -0.787020 0.468510 -0.302372
-0.642334 0.192993 -0.090942 -1.248885 0.375235 -0.176819
-1.057495 0.090576 0.308960 -2.056079 0.176106 0.600708
-1.608643 0.563232 0.399048 -3.127670 1.095088 0.775865
-2.212891 0.472656 0.335938 -4.302505 0.918982 0.653160
-2.131958 0.112305 0.378540 -4.145148 0.218353 0.735992
-0.910645 0.220947 0.140625 -1.770558 0.429586 0.273416
-0.181641 -0.058716 -0.120850 -0.353162 -0.114161 -0.234967
0.174072 -0.181763 0.034180 0.338447 -0.353400 0.066455
0.593018 -0.061157 0.274048 1.152999 -0.118907 0.532829
0.964355 0.108276 0.260376 1.874988 0.210521 0.506247
1.142578 -0.039673 -0.089111 2.221505 -0.077136 -0.173258
1.200073 -0.354126 -0.502686 2.333292 -0.688524 -0.977367
1.280884 -0.417358 -0.794800 2.490412 -0.811466 -1.545323
1.355957 -0.361328 -0.930542 2.636376 -0.702527 -1.809245
1.290894 -0.184204 -0.972168 2.509874 -0.358146 -1.890178
1.080811 -0.001831 -0.987549 2.101411 -0.003560 -1.920083
0.718628 0.142578 -1.020752 1.397222 0.277213 -1.984639
0.337646 0.134399 -1.009033 0.656483 0.261312 -1.961855
-0.014038 0.114258 -0.981201 -0.027294 0.222151 -1.907741
-0.529175 0.048218 -0.929932 -1.028870 0.093749 -1.808058
-1.095825 0.016357 -0.736938 -2.130604 0.031804 -1.432823
-1.545166 0.132568 -0.445435 -3.004253 0.257752 -0.866055
-1.698608 0.166626 -0.073975 -3.302590 0.323969 -0.143828
-1.468506 0.327515 0.192017 -2.855204 0.636784 0.373336
-0.928589 0.401855 0.281982 -1.805448 0.781324 0.548256
-0.513916 0.094482 0.059326 -0.999203 0.183701 0.115347
-0.274048 -0.175537 -0.139648 -0.532829 -0.341295 -0.271517
-0.018188 -0.205322 -0.113647 -0.035364 -0.399206 -0.220964
0.166626 -0.039307 -0.087524 0.323969 -0.076424 -0.170173
0.197998 0.120483 -0.161743 0.384966 0.234255 -0.314476
0.186279 0.022705 -0.231934 0.362181 0.044145 -0.450947
0.198730 -0.069702 -0.249878 0.386390 -0.135521 -0.485836
0.164185 -0.070679 -0.205444 0.319223 -0.137420 -0.399444
0.100342 0.020386 -0.158447 0.195094 0.039636 -0.308068
0.023560 0.045532 -0.124634 0.045807 0.088528 -0.242324
-0.024292 0.029907 -0.158569 -0.047231 0.058148 -0.308305
-0.014038 0.014160 -0.154541 -0.027294 0.027531 -0.300473
-0.036865 0.018677 -0.121094 -0.071677 0.036313 -0.235442
-0.029175 0.081665 -0.094482 -0.056724 0.158781 -0.183701
-0.024170 0.093628 -0.079224 -0.046993 0.182040 -0.154034
-0.037231 0.033081 -0.094604 -0.072389 0.064319 -0.183939
-0.020264 -0.013306 -0.129517 -0.039398 -0.025870 -0.251818
-0.021606 -0.022339 -0.128052 -0.042009 -0.043433 -0.248970
-0.028076 0.024536 -0.112427 -0.054588 0.047705 -0.218590
-0.002563 0.047852 -0.097290 -0.004984 0.093037 -0.189160
0.014160 0.070190 -0.112793 0.027531 0.136471 -0.219302
0.025146 0.074829 -0.138062 0.048892 0.145490 -0.268432
0.012695 0.064941 -0.133301 0.024683 0.126265 -0.259176
-0.008911 0.090210 -0.124268 -0.017326 0.175394 -0.241612
-0.038818 0.084106 -0.138062 -0.075474 0.163527 -0.268432
-0.067017 0.030151 -0.126465 -0.130300 0.058623 -0.245885
-0.097900 -0.007568 -0.109253 -0.190347 -0.014715 -0.212420
-0.089233 -0.041992 -0.112305 -0.173496 -0.081645 -0.218353
-0.061523 -0.062866 -0.117188 -0.119620 -0.122230 -0.227847
-0.048096 -0.045410 -0.129395 -0.093512 -0.088291 -0.251581
-0.054321 -0.036255 -0.143188 -0.105616 -0.070490 -0.278400
-0.066406 -0.046753 -0.154785 -0.129113 -0.090901 -0.300947
-0.037476 -0.016235 -0.168213 -0.072863 -0.031566 -0.327055
-0.013794 -0.005249 -0.150269 -0.026819 -0.010206 -0.292166
-0.016113 -0.026855 -0.126709 -0.031329 -0.052215 -0.246359
-0.020874 -0.023560 -0.088989 -0.040585 -0.045807 -0.173021
0.001587 -0.030151 -0.049927 0.003085 -0.058623 -0.097072
0.007813 -0.032837 -0.066040 0.015190 -0.063845 -0.128401
0.014526 -0.028320 -0.096313 0.028243 -0.055063 -0.187261
0.014893 -0.005127 -0.129761 0.028956 -0.009968 -0.252293
-0.010864 0.024414 -0.145020 -0.021123 0.047468 -0.281960
-0.036865 0.023560 -0.164185 -0.071677 0.045807 -0.319223
-0.035767 0.034180 -0.153442 -0.069541 0.066455 -0.298337
-0.036743 0.035278 -0.123657 -0.071439 0.068591 -0.240426
-0.042236 0.020630 -0.108398 -0.082120 0.040111 -0.210758
-0.039917 -0.000732 -0.112305 -0.077610 -0.001424 -0.218353
-0.019165 -0.013916 -0.105591 -0.037262 -0.027057 -0.205299
0.006836 0.019287 -0.100098 0.013291 0.037500 -0.194619
0.028564 0.048584 -0.107666 0.055538 0.094461 -0.209334
0.041870 0.034180 -0.136108 0.081408 0.066455 -0.264634
0.035645 0.015991 -0.162598 0.069303 0.031092 -0.316137
