0.322998 0.149780 -0.104492 0.628002 0.291217 -0.203163
0.266968 0.353638 -0.007568 0.519063 0.687575 -0.014715
-0.046021 0.268311 0.043091 -0.089477 0.521674 0.083781
-0.438477 0.154541 0.219116 -0.852526 0.300473 0.426026
-0.582397 0.064087 0.326782 -1.132350 0.124604 0.635360
-0.683350 0.024170 0.380493 -1.328631 0.046993 0.739790
-0.831543 0.182983 0.511230 -1.616762 0.355773 0.993981
-1.190308 0.401611 0.672729 -2.314305 0.780850 1.307982
-1.548706 0.198975 0.508179 -3.011136 0.386865 0.988048
-1.737305 -0.049438 0.026001 -3.377827 -0.096123 0.050553
-1.989502 -0.213989 -0.498169 -3.868172 -0.416058 -0.968586
-1.750122 0.039551 -0.848267 -3.402748 0.076898 -1.649278
-0.870728 0.336182 -0.944092 -1.692948 0.653635 -1.835590
0.156128 0.276855 -1.207764 0.303558 0.538288 -2.348245
0.670776 0.212891 -1.771729 1.304185 0.413921 -3.444757
1.033813 0.458008 -1.919067 2.010035 0.890501 -3.731227
1.368408 0.539673 -1.535767 2.660585 1.049281 -2.985978
1.844482 0.454346 -0.948364 3.586212 0.883381 -1.843897
1.895996 0.233398 -0.384155 3.686369 0.453795 -0.746910
1.940674 0.156128 0.052002 3.773236 0.303558 0.101107
2.205688 0.365234 0.428955 4.288502 0.710122 0.834014
1.907715 0.550415 0.699341 3.709154 1.070167 1.359722
1.366455 0.367920 0.698975 2.656787 0.715344 1.359010
1.009399 0.274048 0.486816 1.962567 0.532829 0.946513
0.675415 0.324951 0.373169 1.313204 0.631800 0.725549
0.325806 0.169556 0.405518 0.633461 0.329666 0.788444
-0.044067 -0.020142 0.426636 -0.085680 -0.039161 0.829504
-0.523804 -0.155762 0.365723 -1.018427 -0.302846 0.711071
-1.079590 -0.247437 0.193481 -2.099037 -0.481089 0.376184
-1.555786 -0.238403 -0.005249 -3.024902 -0.463526 -0.010206
-1.902710 -0.219116 -0.169556 -3.699423 -0.426026 -0.329666
-2.121948 -0.154419 -0.198608 -4.125686 -0.300235 -0.386153
-1.932983 -0.126953 -0.170532 -3.758283 -0.246834 -0.331564
-1.553345 -0.062012 -0.160278 -3.020155 -0.120569 -0.311628
-1.200073 -0.105957 -0.145142 -2.333292 -0.206011 -0.282198
-0.819214 0.048340 -0.180542 -1.592791 0.093987 -0.351026
-0.353760 0.267944 -0.331665 -0.687812 0.520962 -0.644854
-0.041382 0.181274 -0.397461 -0.080458 0.352450 -0.772780
0.027710 0.223633 -0.412598 0.053876 0.434807 -0.802210
0.172363 0.256836 -0.316772 0.335124 0.499364 -0.615898
0.250122 0.139282 -0.185791 0.486310 0.270805 -0.361232
0.290161 0.039917 -0.112427 0.564158 0.077610 -0.218590
0.277832 -0.018555 -0.124146 0.540186 -0.036076 -0.241375
0.210449 -0.003174 -0.153809 0.409175 -0.006171 -0.299049
0.034302 0.059204 -0.230103 0.066693 0.115110 -0.447386
-0.147339 0.048462 -0.274170 -0.286470 0.094224 -0.533066
0.006958 0.070801 -0.096313 0.013528 0.137657 -0.187261
0.080811 0.061035 -0.071777 0.157119 0.118670 -0.139556
-0.000854 -0.016113 -0.163818 -0.001661 -0.031329 -0.318511
0.025635 0.049683 -0.150391 0.049841 0.096597 -0.292403
0.029785 0.098022 -0.064941 0.057911 0.190584 -0.126265
-0.022827 -0.002441 -0.066040 -0.044383 -0.004747 -0.128401
0.000122 0.005249 -0.064575 0.000237 0.010206 -0.125553
-0.079346 -0.032227 -0.097168 -0.154271 -0.062658 -0.188923
-0.066040 -0.023682 -0.107056 -0.128401 -0.046044 -0.208147
-0.067017 -0.035522 -0.091187 -0.130300 -0.069066 -0.177293
-0.069580 -0.012817 -0.084839 -0.135284 -0.024921 -0.164952
-0.067871 0.006714 -0.095459 -0.131961 0.013054 -0.185600
-0.061157 -0.046631 -0.075317 -0.118907 -0.090664 -0.146439
-0.060913 -0.065674 -0.057251 -0.118433 -0.127689 -0.111313
-0.059570 -0.019409 -0.045776 -0.115822 -0.037737 -0.089003
-0.064697 -0.008789 -0.050415 -0.125790 -0.017089 -0.098022
-0.056885 -0.012817 -0.061768 -0.110601 -0.024921 -0.120094
-0.062378 0.002808 -0.064453 -0.121281 0.005459 -0.125316
-0.067383 0.016479 -0.045166 -0.131012 0.032041 -0.087816
-0.060181 0.004517 -0.026123 -0.117009 0.008782 -0.050791
-0.036865 0.015747 -0.032715 -0.071677 0.030617 -0.063607
-0.020386 -0.009155 -0.036255 -0.039636 -0.017801 -0.070490
-0.037720 -0.019165 -0.023193 -0.073338 -0.037262 -0.045095
-0.032593 -0.004395 -0.061890 -0.063370 -0.008544 -0.120332
-0.023071 -0.001953 -0.070190 -0.044857 -0.003797 -0.136471
-0.024292 -0.014893 -0.075806 -0.047231 -0.028956 -0.147388
-0.015869 0.000000 -0.097900 -0.030854 0.000000 -0.190347
-0.007324 0.042236 -0.109131 -0.014240 0.082120 -0.212182
-0.012329 0.041870 -0.114502 -0.023971 0.081408 -0.222625
-0.016113 0.037476 -0.128296 -0.031329 0.072863 -0.249445
-0.012207 0.030396 -0.163086 -0.023734 0.059098 -0.317087
-0.012573 0.024414 -0.173340 -0.024446 0.047468 -0.337023
-0.015503 0.021851 -0.164429 -0.030142 0.042484 -0.319697
-0.025146 0.011353 -0.143311 -0.048892 0.022073 -0.278637
