0.007813 -0.024780 -0.148804 0.015190 -0.048180 -0.289318
0.027710 0.067505 -0.115234 0.053876 0.131249 -0.224049
-0.109619 0.113281 -0.163696 -0.213132 0.220252 -0.318273
-0.272705 -0.175049 -0.205933 -0.530218 -0.340346 -0.400393
-0.439453 -0.476318 -0.199341 -0.854425 -0.926102 -0.387577
-0.439209 -0.283447 0.056152 -0.853950 -0.551104 0.109177
-0.524902 -0.464600 0.091797 -1.020563 -0.903317 0.178480
-0.739990 -0.191528 -0.130981 -1.438757 -0.372387 -0.254666
-1.200073 0.232178 -0.413208 -2.333292 0.451421 -0.803397
-1.497925 0.304199 -0.605591 -2.912403 0.591452 -1.177445
-1.928223 -0.174194 -0.616211 -3.749027 -0.338685 -1.198094
-2.157593 -0.350830 -0.619629 -4.194990 -0.682116 -1.204739
-1.975464 0.059937 -0.614014 -3.840878 0.116534 -1.193822
-1.569580 0.342651 -0.519409 -3.051721 0.666214 -1.009883
-0.854980 0.469116 -0.352783 -1.662331 0.912099 -0.685913
0.041870 0.463379 -0.337524 0.081408 0.900944 -0.656246
0.750732 -0.052124 -0.451172 1.459643 -0.101344 -0.877210
1.064575 -0.100342 -0.447388 2.069845 -0.195094 -0.869852
1.072998 -0.115967 -0.502563 2.086221 -0.225473 -0.977130
1.453857 0.121338 -0.428711 2.826723 0.235916 -0.833539
1.565308 0.163940 -0.352783 3.043414 0.318748 -0.685913
1.489746 -0.007446 -0.283081 2.896501 -0.014478 -0.550392
1.449463 -0.114014 -0.245361 2.818179 -0.221676 -0.477054
1.383301 -0.033813 -0.247314 2.689540 -0.065743 -0.480851
1.106689 -0.020020 -0.323730 2.151727 -0.038924 -0.629426
0.915771 -0.115723 -0.392700 1.780527 -0.224999 -0.763524
0.845459 -0.180176 -0.384521 1.643819 -0.350314 -0.747622
0.652954 -0.101196 -0.373291 1.269533 -0.196755 -0.725787
0.270264 0.065552 -0.306885 0.525471 0.127452 -0.596673
-0.057251 0.161499 -0.263916 -0.111313 0.314001 -0.513130
-0.299561 0.147095 -0.278564 -0.582433 0.285995 -0.541611
-0.503906 0.003784 -0.291626 -0.979741 0.007358 -0.567006
-0.769409 -0.066650 -0.279907 -1.495956 -0.129588 -0.544221
-1.082153 -0.008789 -0.275879 -2.104022 -0.017089 -0.536389
-1.333618 -0.006104 -0.258057 -2.592943 -0.011867 -0.501737
-1.511597 0.060669 -0.299438 -2.938985 0.117958 -0.582196
-1.621094 0.350952 -0.385376 -3.151879 0.682353 -0.749283
-1.542114 0.719482 -0.445068 -2.998320 1.398884 -0.865343
-1.387085 0.520874 -0.628784 -2.696898 1.012731 -1.222540
-1.448853 0.227783 -0.659668 -2.816992 0.442877 -1.282587
-1.481323 0.275513 -0.510864 -2.880124 0.535677 -0.993269
-1.119995 0.362915 -0.214600 -2.177597 0.705613 -0.417244
-0.650513 0.423828 0.029663 -1.264786 0.824045 0.057674
-0.237549 0.098877 0.026123 -0.461864 0.192246 0.050791
0.237549 -0.296631 -0.156250 0.461864 -0.576737 -0.303796
0.592773 -0.310303 -0.284546 1.152524 -0.603319 -0.553240
0.749878 0.001831 -0.247070 1.457981 0.003560 -0.480377
0.874634 0.162842 -0.183838 1.700543 0.316612 -0.357434
1.035522 0.051025 -0.202148 2.013358 0.099208 -0.393036
1.131958 0.032471 -0.234375 2.200856 0.063133 -0.455693
1.195190 0.075562 -0.224731 2.323799 0.146914 -0.436943
1.258057 -0.029175 -0.245972 2.446029 -0.056724 -0.478241
1.121826 -0.146729 -0.283447 2.181157 -0.285283 -0.551104
0.899292 -0.303833 -0.290894 1.748486 -0.590740 -0.565582
0.728516 -0.235229 -0.285889 1.416447 -0.457355 -0.555851
0.725098 -0.079834 -0.216187 1.409801 -0.155221 -0.420330
0.595703 -0.014771 -0.145630 1.158221 -0.028718 -0.283147
0.410278 -0.056152 -0.100098 0.797701 -0.109177 -0.194619
0.266846 -0.056152 -0.063965 0.518826 -0.109177 -0.124366
0.209839 -0.015991 -0.031982 0.407988 -0.031092 -0.062183
0.119385 -0.042480 -0.013550 0.232119 -0.082594 -0.026345
0.055786 -0.083252 0.021240 0.108465 -0.161866 0.041297
0.013672 -0.091553 0.051514 0.026582 -0.178005 0.100158
-0.028198 -0.025879 0.082153 -0.054826 -0.050316 0.159730
-0.066162 -0.007568 0.095093 -0.128638 -0.014715 0.184888
-0.092896 -0.046997 0.084717 -0.180616 -0.091376 0.164714
-0.099365 -0.056519 0.045654 -0.193195 -0.109889 0.088765
-0.079102 -0.005127 0.004150 -0.153797 -0.009968 0.008070
-0.061523 0.034668 -0.045776 -0.119620 0.067405 -0.089003
-0.036133 0.037964 -0.075317 -0.070253 0.073813 -0.146439
-0.052002 0.012939 -0.096802 -0.101107 0.025158 -0.188211
-0.064087 0.013062 -0.094604 -0.124604 0.025395 -0.183939
-0.061157 0.007446 -0.081665 -0.118907 0.014478 -0.158781
-0.047485 -0.051758 -0.084106 -0.092325 -0.100632 -0.163527
-0.046387 -0.056763 -0.089111 -0.090189 -0.110363 -0.173258
-0.038574 -0.014404 -0.077148 -0.075000 -0.028006 -0.149999
-0.009521 -0.026245 -0.071411 -0.018513 -0.051028 -0.138844
0.010864 -0.076172 -0.065674 0.021123 -0.148100 -0.127689
0.009155 -0.036255 -0.050415 0.017801 -0.070490 -0.098022
0.013916 -0.086548 -0.065063 0.027057 -0.168274 -0.126502
