0.016479 0.059448 -0.259033 0.032041 0.115585 -0.503636
-0.236938 -0.057129 -0.206055 -0.460678 -0.111075 -0.400630
-0.511963 -0.254272 -0.130371 -0.995405 -0.494380 -0.253479
-0.720215 -0.141113 -0.129883 -1.400308 -0.274365 -0.252530
-0.754028 -0.217041 -0.106934 -1.466051 -0.421991 -0.207910
-0.588013 -0.005615 -0.106079 -1.143268 -0.010918 -0.206249
-0.464600 0.268677 -0.075073 -0.903317 0.522386 -0.145964
-0.568848 0.196777 0.010010 -1.106006 0.382593 0.019462
-0.933838 0.233276 0.067383 -1.815653 0.453557 0.131012
-1.546875 0.161865 0.119873 -3.007576 0.314713 0.233068
-1.949829 -0.183105 0.169189 -3.791036 -0.356010 0.328954
-1.893433 -0.293457 0.260254 -3.681385 -0.570566 0.506009
-1.441162 -0.363403 0.413208 -2.802039 -0.706562 0.803397
-0.760620 -0.245850 0.217773 -1.478867 -0.478003 0.423415
0.165894 -0.051392 0.004395 0.322545 -0.099920 0.008544
0.619995 0.105591 -0.075317 1.205451 0.205299 -0.146439
0.731812 0.195923 -0.149780 1.422855 0.380931 -0.291217
0.890747 0.203857 -0.231567 1.731872 0.396358 -0.450235
0.938843 0.213623 -0.350220 1.825384 0.415345 -0.680929
0.988159 0.106812 -0.452637 1.921270 0.207673 -0.880058
1.173584 0.025879 -0.437988 2.281790 0.050316 -0.851577
1.082031 -0.029785 -0.430908 2.103784 -0.057911 -0.837811
0.884277 -0.063354 -0.499878 1.719293 -0.123180 -0.971908
0.732788 0.010986 -0.459961 1.424754 0.021361 -0.894298
0.503662 0.076416 -0.474243 0.979266 0.148575 -0.922067
0.238892 0.137817 -0.507690 0.464475 0.267957 -0.987098
0.034912 0.166504 -0.545776 0.067879 0.323732 -1.061148
-0.121338 0.099243 -0.540405 -0.235916 0.192958 -1.050705
-0.343628 0.010986 -0.494263 -0.668113 0.021361 -0.960991
-0.633545 -0.013184 -0.489136 -1.231796 -0.025633 -0.951023
-0.876709 0.020508 -0.456665 -1.704578 0.039873 -0.887890
-1.165283 -0.080933 -0.395508 -2.265650 -0.157357 -0.768983
-1.487305 -0.534546 -0.283691 -2.891754 -1.039313 -0.551579
-1.260742 -0.370361 -0.053101 -2.451251 -0.720090 -0.103243
-0.476440 0.167358 0.094727 -0.926339 0.325394 0.184176
-0.009644 0.224121 0.024292 -0.018750 0.435757 0.047231
0.131958 0.236084 -0.145386 0.256565 0.459016 -0.282672
0.204590 0.275879 -0.135620 0.397782 0.536389 -0.263685
0.190430 0.265625 -0.089478 0.370251 0.516452 -0.173970
0.111938 0.223999 -0.038208 0.217641 0.435519 -0.074288
0.040161 0.134766 0.000000 0.078085 0.262024 0.000000
0.036865 0.161865 0.000610 0.071677 0.314713 0.001187
0.006226 0.217041 -0.066406 0.012104 0.421991 -0.129113
-0.030640 0.235718 -0.113037 -0.059572 0.458304 -0.219777
-0.027954 0.248047 -0.112427 -0.054351 0.482275 -0.218590
0.001465 0.234375 -0.121582 0.002848 0.455693 -0.236391
0.044678 0.199097 -0.086670 0.086867 0.387102 -0.168512
0.101318 0.099854 -0.022217 0.196992 0.194144 -0.043196
0.144043 0.048950 0.034424 0.280062 0.095173 0.066930
0.130859 0.081665 0.005859 0.254429 0.158781 0.011392
0.043091 0.089111 -0.073975 0.083781 0.173258 -0.143828
-0.032349 -0.040649 -0.084473 -0.062895 -0.079034 -0.164239
-0.034058 -0.120850 -0.083740 -0.066218 -0.234967 -0.162815
0.005005 -0.024902 -0.184814 0.009731 -0.048417 -0.359333
0.048218 0.062500 -0.150146 0.093749 0.121518 -0.291929
0.041992 0.029785 -0.068726 0.081645 0.057911 -0.133623
-0.000854 -0.007446 -0.048340 -0.001661 -0.014478 -0.093987
0.010742 -0.036377 -0.049316 0.020886 -0.070727 -0.095885
0.043823 0.014771 -0.077026 0.085205 0.028718 -0.149762
0.049194 0.076172 -0.071289 0.095648 0.148100 -0.138607
0.042847 0.077515 -0.064819 0.083306 0.150711 -0.126028
0.063110 0.046265 -0.077637 0.122705 0.089952 -0.150948
0.093994 0.058472 -0.062866 0.182752 0.113686 -0.122230
0.070801 0.068237 -0.086426 0.137657 0.132673 -0.168037
0.039063 0.054932 -0.118408 0.075949 0.106803 -0.230220
-0.001465 0.042603 -0.116943 -0.002848 0.082832 -0.227372
-0.023804 0.025513 -0.107422 -0.046281 0.049604 -0.208859
-0.023926 0.025024 -0.095459 -0.046519 0.048655 -0.185600
-0.039551 0.034912 -0.109131 -0.076898 0.067879 -0.212182
-0.034790 -0.006226 -0.130615 -0.067642 -0.012104 -0.253954
-0.032715 0.014893 -0.140747 -0.063607 0.028956 -0.273653
-0.045410 0.034912 -0.144165 -0.088291 0.067879 -0.280299
-0.040039 0.020874 -0.135498 -0.077848 0.040585 -0.263448
-0.035889 0.010864 -0.117432 -0.069778 0.021123 -0.228321
-0.031982 0.014038 -0.100952 -0.062183 0.027294 -0.196280
-0.034546 0.010254 -0.097656 -0.067167 0.019937 -0.189872
-0.031616 0.014404 -0.092896 -0.061471 0.028006 -0.180616
-0.028809 -0.001587 -0.088989 -0.056012 -0.003085 -0.173021
-0.021118 0.009399 -0.087769 -0.041060 0.018275 -0.170648
-0.021240 0.025024 -0.102661 -0.041297 0.048655 -0.199603
