-0.017700 0.318726 0.279297 -0.034414 0.619695 0.543035
-0.356934 0.185547 0.082642 -0.693983 0.360757 0.160679
-0.521851 0.011963 0.161255 -1.014630 0.023259 0.313527
-0.640625 0.048340 0.212402 -1.245562 0.093987 0.412972
-0.620361 -0.076172 0.100464 -1.206163 -0.148100 0.195331
-0.786377 -0.255493 0.177856 -1.528946 -0.496753 0.345805
-1.455566 -0.335449 0.015747 -2.830045 -0.652211 0.030617
-1.843872 -0.076172 -0.040283 -3.585025 -0.148100 -0.078322
-2.292847 -0.281738 -0.268433 -4.457963 -0.547781 -0.521911
-1.551147 -0.302612 -0.507324 -3.015883 -0.588367 -0.986386
-0.627808 -0.269287 -0.839478 -1.220641 -0.523573 -1.632189
-0.345825 -0.016479 -1.138916 -0.672385 -0.032041 -2.214385
-0.090088 0.255981 -1.265991 -0.175157 0.497703 -2.461456
0.321777 0.330444 -1.326660 0.625629 0.642480 -2.579414
0.782959 0.295776 -1.257324 1.522301 0.575076 -2.444605
1.250122 0.341553 -1.038818 2.430602 0.664078 -2.019766
1.578491 0.336792 -0.716064 3.069047 0.654822 -1.392238
1.827148 0.296753 -0.427734 3.552509 0.576974 -0.831640
1.894775 0.239990 -0.122803 3.683996 0.466611 -0.238764
1.731079 0.303345 0.186646 3.365723 0.589791 0.362893
1.364990 0.532227 0.377197 2.653939 1.034804 0.733381
0.901855 0.548218 0.507813 1.753470 1.065895 0.987336
0.453125 0.166016 0.613281 0.881007 0.322783 1.192398
0.058960 -0.171875 0.686768 0.114635 -0.334175 1.335276
-0.265015 -0.410034 0.676758 -0.515266 -0.797226 1.315814
-0.607422 -0.382080 0.553223 -1.181005 -0.742875 1.075626
-0.958130 -0.227539 0.498657 -1.862884 -0.442402 0.969535
-1.264771 -0.286255 0.459229 -2.459083 -0.556563 0.892874
-1.422241 -0.478271 0.416748 -2.765252 -0.929899 0.810280
-1.383667 -0.536255 0.355347 -2.690252 -1.042636 0.690898
-1.450195 -0.262207 0.194580 -2.819602 -0.509807 0.378320
-1.525269 0.065186 0.054199 -2.965567 0.126740 0.105379
-0.990112 0.111694 -0.005371 -1.925067 0.217166 -0.010443
-0.462280 0.146851 -0.010986 -0.898808 0.285520 -0.021361
-0.250244 0.213013 -0.059692 -0.486548 0.414159 -0.116059
-0.127563 0.193848 -0.098022 -0.248021 0.376896 -0.190584
-0.063110 0.121582 -0.127319 -0.122705 0.236391 -0.247546
-0.051392 0.140381 -0.180664 -0.099920 0.272941 -0.351264
-0.049072 0.152588 -0.208252 -0.095411 0.296675 -0.404903
0.019531 0.095459 -0.199341 0.037974 0.185600 -0.387577
0.055664 0.039429 -0.190186 0.108227 0.076661 -0.369776
0.060913 0.034912 -0.196533 0.118433 0.067879 -0.382118
0.026367 -0.013550 -0.226074 0.051266 -0.026345 -0.439554
0.005005 -0.056519 -0.240601 0.009731 -0.109889 -0.467798
-0.028687 -0.033936 -0.227783 -0.055775 -0.065981 -0.442877
-0.071777 -0.018311 -0.171509 -0.139556 -0.035601 -0.333463
-0.076050 -0.008545 -0.107910 -0.147863 -0.016614 -0.209809
-0.073730 -0.040527 -0.131714 -0.143354 -0.078797 -0.256090
-0.037109 -0.056274 -0.129028 -0.072151 -0.109414 -0.250869
-0.015015 0.001343 -0.100952 -0.029193 0.002611 -0.196280
-0.047119 0.097290 -0.082153 -0.091613 0.189160 -0.159730
-0.069458 0.111450 -0.056030 -0.135047 0.216692 -0.108939
-0.055908 0.064087 -0.069580 -0.108702 0.124604 -0.135284
-0.033203 0.017700 -0.077148 -0.064557 0.034414 -0.149999
-0.006348 -0.004150 -0.057739 -0.012342 -0.008070 -0.112262
-0.005371 0.008057 -0.077759 -0.010443 0.015664 -0.151186
0.006836 -0.036621 -0.135864 0.013291 -0.071202 -0.264160
0.065063 -0.062012 -0.144653 0.126502 -0.120569 -0.281248
0.054321 0.028198 -0.133423 0.105616 0.054826 -0.259413
0.027222 0.098022 -0.135864 0.052927 0.190584 -0.264160
0.039063 0.064209 -0.130615 0.075949 0.124841 -0.253954
0.100098 0.020508 -0.141235 0.194619 0.039873 -0.274603
0.067749 0.038696 -0.152100 0.131724 0.075237 -0.295726
0.002319 0.078613 -0.151733 0.004509 0.152847 -0.295014
-0.006836 0.069214 -0.132324 -0.013291 0.134572 -0.257277
-0.040161 0.032837 -0.123779 -0.078085 0.063845 -0.240663
-0.058105 -0.018677 -0.118652 -0.112974 -0.036313 -0.230695
-0.080078 0.008057 -0.123047 -0.155695 0.015664 -0.239239
-0.018311 0.003052 -0.097900 -0.035601 0.005934 -0.190347
-0.024292 0.004761 -0.080566 -0.047231 0.009256 -0.156645
0.010986 -0.000366 -0.088501 0.021361 -0.000712 -0.172072
0.005859 0.004028 -0.110840 0.011392 0.007832 -0.215505
0.042725 0.012939 -0.131470 0.083069 0.025158 -0.255615
0.034912 0.037109 -0.142334 0.067879 0.072151 -0.276739
0.027832 0.023071 -0.150879 0.054114 0.044857 -0.293353
-0.042236 0.031860 -0.146362 -0.082120 0.061946 -0.284571
-0.024048 0.018433 -0.138794 -0.046756 0.035838 -0.269856
-0.035278 -0.003784 -0.128784 -0.068591 -0.007358 -0.250394
-0.048828 0.000244 -0.130615 -0.094936 0.000475 -0.253954
-0.061279 0.020386 -0.131470 -0.119145 0.039636 -0.255615
