0.053223 0.199097 -0.309570 0.103480 0.387102 -0.601895
-0.382446 0.161621 -0.429443 -0.743587 0.314239 -0.834963
-0.726074 -0.246704 -0.355713 -1.411700 -0.479665 -0.691610
-0.864014 -0.319946 -0.203979 -1.679895 -0.622069 -0.396596
-0.830078 -0.330811 -0.092651 -1.613914 -0.643192 -0.180141
-0.687622 0.230347 -0.042114 -1.336938 0.447861 -0.081882
-0.753052 0.537720 -0.002075 -1.464152 1.045484 -0.004035
-1.004517 0.484375 0.025635 -1.953073 0.941766 0.049841
-1.488892 -0.025024 -0.045166 -2.894840 -0.048655 -0.087816
-1.913330 -0.075928 0.119995 -3.720072 -0.147626 0.233305
-1.975586 -0.115723 0.235596 -3.841115 -0.224999 0.458067
-1.587646 -0.123657 0.136719 -3.086848 -0.240426 0.265821
-1.121338 -0.065796 0.043457 -2.180208 -0.127926 0.084493
-0.433350 -0.109741 -0.028931 -0.842558 -0.213369 -0.056250
0.206787 -0.099243 0.086548 0.402054 -0.192958 0.168274
0.495728 0.045410 0.069092 0.963839 0.088291 0.134335
0.696655 -0.002441 -0.148926 1.354501 -0.004747 -0.289555
0.962524 -0.088257 -0.303589 1.871428 -0.171597 -0.590265
1.172363 -0.082764 -0.350830 2.279416 -0.160917 -0.682116
1.293335 -0.060791 -0.355225 2.514620 -0.118195 -0.690660
1.397461 0.022217 -0.330933 2.717072 0.043196 -0.643430
1.479370 -0.012451 -0.302612 2.876327 -0.024209 -0.588367
1.299072 -0.048462 -0.337769 2.525775 -0.094224 -0.656721
1.069336 -0.061401 -0.398926 2.079101 -0.119382 -0.775628
0.890015 -0.076660 -0.489380 1.730448 -0.149050 -0.951497
0.561890 -0.027832 -0.524536 1.092477 -0.054114 -1.019851
-0.019409 0.070923 -0.391479 -0.037737 0.137895 -0.761150
-0.448975 0.031860 -0.373413 -0.872938 0.061946 -0.726024
-0.756348 -0.098999 -0.523315 -1.470560 -0.192483 -1.017478
-1.021851 -0.035278 -0.606689 -1.986776 -0.068591 -1.179581
-1.296753 0.044067 -0.536011 -2.521266 0.085680 -1.042161
-1.453247 0.278320 -0.462891 -2.825536 0.541136 -0.899994
-1.426392 0.357666 -0.471802 -2.773321 0.695407 -0.917320
-1.235229 0.214600 -0.339233 -2.401646 0.417244 -0.659569
-0.670898 0.186768 -0.236694 -1.304422 0.363131 -0.460203
-0.226440 0.026489 -0.109863 -0.440266 0.051503 -0.213606
-0.022583 0.065674 -0.026367 -0.043908 0.127689 -0.051266
0.111938 0.147095 -0.008545 0.217641 0.285995 -0.016614
0.181763 0.182373 -0.111084 0.353400 0.354586 -0.215980
0.207520 0.124023 -0.180786 0.403478 0.241138 -0.351501
0.199707 0.093018 -0.174438 0.388289 0.180853 -0.339159
0.141968 0.090576 -0.148438 0.276027 0.176106 -0.288606
0.088745 0.101929 -0.144775 0.172546 0.198179 -0.281486
0.047729 0.098633 -0.190430 0.092800 0.191771 -0.370251
0.004517 0.129028 -0.156738 0.008782 0.250869 -0.304745
0.001709 0.139038 -0.070679 0.003323 0.270331 -0.137420
0.010742 0.074829 0.007690 0.020886 0.145490 0.014952
-0.031250 0.068726 0.082520 -0.060759 0.133623 0.160442
-0.133911 0.110962 0.061279 -0.260362 0.215742 0.119145
-0.192505 0.104004 -0.073486 -0.374286 0.202214 -0.142879
-0.123779 0.012939 -0.141357 -0.240663 0.025158 -0.274840
0.062622 -0.081055 -0.072021 0.121756 -0.157594 -0.140031
0.121704 -0.103027 -0.015869 0.236628 -0.200315 -0.030854
0.067749 -0.018555 0.001831 0.131724 -0.036076 0.003560
-0.026978 0.077759 -0.088013 -0.052452 0.151186 -0.171122
-0.074463 0.040161 -0.198730 -0.144778 0.078085 -0.386390
-0.007324 -0.047241 -0.204102 -0.014240 -0.091851 -0.396833
0.059326 -0.090332 -0.155640 0.115347 -0.175632 -0.302609
0.096558 -0.105835 -0.140015 0.187736 -0.205774 -0.272229
0.063843 -0.076050 -0.175781 0.124129 -0.147863 -0.341770
0.026611 -0.026001 -0.118408 0.051740 -0.050553 -0.230220
0.015869 0.021118 -0.078735 0.030854 0.041060 -0.153084
0.003296 -0.001587 -0.093018 0.006408 -0.003085 -0.180853
-0.013306 -0.043091 -0.090820 -0.025870 -0.083781 -0.176581
-0.017578 -0.065918 -0.071655 -0.034177 -0.128164 -0.139319
-0.015015 -0.051514 -0.046143 -0.029193 -0.100158 -0.089715
-0.037231 -0.038696 -0.029175 -0.072389 -0.075237 -0.056724
-0.036133 -0.012695 -0.049194 -0.070253 -0.024683 -0.095648
-0.003296 0.006226 -0.077759 -0.006408 0.012104 -0.151186
0.034180 -0.026733 -0.100220 0.066455 -0.051978 -0.194856
0.064331 -0.033081 -0.122559 0.125078 -0.064319 -0.238290
0.079102 0.021484 -0.107544 0.153797 0.041772 -0.209097
0.062500 0.030518 -0.083496 0.121518 0.059335 -0.162341
0.029419 0.005859 -0.104980 0.057199 0.011392 -0.204113
0.005859 -0.009644 -0.121216 0.011392 -0.018750 -0.235679
-0.000977 -0.060669 -0.102417 -0.001899 -0.117958 -0.199128
0.008179 -0.031006 -0.079468 0.015902 -0.060284 -0.154509
0.021362 0.031250 -0.053345 0.041535 0.060759 -0.103718
0.025757 0.015991 -0.068359 0.050079 0.031092 -0.132911
0.035400 0.002808 -0.097778 0.068829 0.005459 -0.190110
