-0.064697 -0.354126 0.089966 -0.125790 -0.688524 0.174920
-0.136230 -0.316895 0.355835 -0.264872 -0.616135 0.691847
-0.278931 -0.087158 0.360596 -0.542323 -0.169461 0.701103
-0.547241 -0.105225 0.221313 -1.063997 -0.204587 0.430298
-0.826660 -0.103516 0.210938 -1.607268 -0.201265 0.410124
-0.865845 0.011719 0.188843 -1.683455 0.022785 0.367165
-0.776733 0.024658 0.131958 -1.510196 0.047943 0.256565
-1.038086 -0.074707 -0.129150 -2.018342 -0.145252 -0.251106
-1.573242 -0.328125 -0.109253 -3.058842 -0.637971 -0.212420
-2.269897 0.244385 0.044922 -4.413342 0.475155 0.087341
-2.269897 0.674927 -0.544678 -4.413342 1.312254 -1.059012
-1.374390 0.562134 -0.727783 -2.672214 1.092952 -1.415023
-0.466431 0.357422 -0.870728 -0.906877 0.694932 -1.692948
0.132690 0.049561 -1.025513 0.257989 0.096360 -1.993896
0.522705 0.203735 -1.374023 1.016291 0.396121 -2.671502
0.865234 0.340332 -1.450684 1.682268 0.661705 -2.820552
1.126343 0.317505 -1.341797 2.189939 0.617322 -2.608845
1.275879 0.208984 -1.159912 2.480681 0.406327 -2.255207
1.516113 0.006470 -0.840698 2.947766 0.012579 -1.634562
1.667847 -0.272339 -0.530884 3.242780 -0.529506 -1.032193
1.668335 -0.295410 -0.308228 3.243730 -0.574363 -0.599284
1.454834 0.044678 -0.107178 2.828622 0.086867 -0.208385
0.992676 0.395630 0.092773 1.930051 0.769220 0.180379
0.552734 0.373169 0.275024 1.074677 0.725549 0.534728
0.270996 0.225342 0.433228 0.526895 0.438130 0.842321
0.019897 0.116089 0.595093 0.038686 0.225711 1.157034
-0.198975 -0.003906 0.733398 -0.386865 -0.007595 1.425940
-0.436523 -0.130737 0.762817 -0.848729 -0.254191 1.483139
-0.720459 -0.218628 0.728271 -1.400782 -0.425076 1.415972
-0.999146 -0.201660 0.682617 -1.942630 -0.392086 1.327207
-1.235107 -0.261597 0.643066 -2.401409 -0.508620 1.250309
-1.379517 -0.187622 0.450073 -2.682183 -0.364792 0.875074
-1.388672 -0.182129 0.152344 -2.699983 -0.354112 0.296201
-1.214233 -0.244629 -0.027222 -2.360824 -0.475630 -0.052927
-0.955322 -0.228882 -0.129639 -1.857425 -0.445013 -0.252055
-0.748291 -0.025024 -0.125366 -1.454896 -0.048655 -0.243748
-0.448853 0.156250 -0.132813 -0.872700 0.303796 -0.258226
-0.124878 0.159546 -0.160400 -0.242799 0.310204 -0.311865
0.016724 0.128052 -0.193115 0.032516 0.248970 -0.375472
0.044434 0.167114 -0.160278 0.086392 0.324919 -0.311628
0.039551 0.159302 -0.156250 0.076898 0.309729 -0.303796
0.070068 0.075317 -0.127075 0.136233 0.146439 -0.247071
0.143066 -0.020386 -0.072144 0.278163 -0.039636 -0.140268
0.149048 0.008423 -0.038452 0.289792 0.016376 -0.074762
0.079102 0.065674 -0.044434 0.153797 0.127689 -0.086392
0.012085 0.085327 -0.053345 0.023497 0.165901 -0.103718
-0.010742 0.086792 -0.071655 -0.020886 0.168749 -0.139319
-0.008179 0.082397 -0.073853 -0.015902 0.160205 -0.143591
-0.015625 0.038330 -0.071533 -0.030380 0.074525 -0.139081
-0.042358 0.023560 -0.088623 -0.082357 0.045807 -0.172309
-0.002686 0.036133 -0.043335 -0.005221 0.070253 -0.084256
0.068848 0.002930 -0.011963 0.133860 0.005696 -0.023259
0.098267 0.017090 -0.067383 0.191059 0.033228 -0.131012
0.044800 0.093994 -0.153687 0.087104 0.182752 -0.298811
-0.010742 0.095093 -0.153442 -0.020886 0.184888 -0.298337
-0.025024 0.057861 -0.117676 -0.048655 0.112499 -0.228796
-0.019165 0.053223 -0.102051 -0.037262 0.103480 -0.198416
-0.025757 0.040771 -0.099121 -0.050079 0.079272 -0.192720
-0.031006 0.037598 -0.107788 -0.060284 0.073101 -0.209571
-0.024414 0.025879 -0.107422 -0.047468 0.050316 -0.208859
-0.018921 0.022217 -0.110962 -0.036788 0.043196 -0.215742
-0.027222 0.039551 -0.119751 -0.052927 0.076898 -0.232831
-0.032593 0.032227 -0.114990 -0.063370 0.062658 -0.223575
-0.017822 0.026001 -0.109619 -0.034652 0.050553 -0.213132
0.003540 0.027710 -0.112671 0.006883 0.053876 -0.219065
0.015503 0.019653 -0.117920 0.030142 0.038212 -0.229271
0.001709 0.027588 -0.120728 0.003323 0.053639 -0.234730
-0.020020 0.020142 -0.130249 -0.038924 0.039161 -0.253242
-0.029907 -0.000244 -0.131836 -0.058148 -0.000475 -0.256328
-0.037842 -0.008179 -0.129883 -0.073575 -0.015902 -0.252530
-0.025024 -0.032593 -0.125854 -0.048655 -0.063370 -0.244698
-0.005615 -0.041870 -0.125244 -0.010918 -0.081408 -0.243511
-0.010376 -0.033081 -0.130493 -0.020174 -0.064319 -0.253717
-0.016846 -0.047241 -0.135986 -0.032753 -0.091851 -0.264397
-0.005005 -0.026733 -0.116699 -0.009731 -0.051978 -0.226897
0.016113 0.001099 -0.088989 0.031329 0.002136 -0.173021
0.050903 -0.008057 -0.057495 0.098971 -0.015664 -0.111787
0.047241 0.015259 -0.043213 0.091851 0.029668 -0.084018
0.057495 0.003906 -0.024780 0.111787 0.007595 -0.048180
0.042358 -0.015381 -0.029785 0.082357 -0.029905 -0.057911
