0.165771 -0.119629 -0.237793 0.322308 -0.232593 -0.462339
0.008179 -0.047119 -0.137207 0.015902 -0.091613 -0.266770
-0.228638 0.050781 -0.104492 -0.444538 0.098734 -0.203163
-0.328247 0.055298 -0.171997 -0.638208 0.107515 -0.334412
-0.379761 -0.311768 -0.321899 -0.738366 -0.606167 -0.625866
-0.526611 -0.878052 -0.433472 -1.023886 -1.707189 -0.842795
-0.561157 -0.501831 -0.305908 -1.091053 -0.975706 -0.594775
-0.763672 -0.046021 -0.057129 -1.484801 -0.089477 -0.111075
-1.105957 0.136719 0.031494 -2.150303 0.265821 0.061234
-1.590820 0.090454 -0.034058 -3.093019 0.175869 -0.066218
-2.253662 0.186279 0.052368 -4.381776 0.362181 0.101819
-2.915771 1.174194 0.276123 -5.669110 2.282976 0.536864
-2.570557 1.348511 0.346191 -4.997912 2.621898 0.673097
-1.112915 0.882202 0.018433 -2.163831 1.715258 0.035838
-0.772095 0.610840 -0.044922 -1.501177 1.187651 -0.087341
-0.344971 0.433228 0.122803 -0.670724 0.842321 0.238764
0.025024 0.410400 0.180908 0.048655 0.797938 0.351738
0.300293 0.302124 0.097046 0.583857 0.587417 0.188686
0.625366 -0.047852 -0.027954 1.215894 -0.093037 -0.054351
0.962036 -0.344604 -0.197510 1.870479 -0.670012 -0.384017
1.340088 -0.305786 -0.329834 2.605522 -0.594537 -0.641293
1.954346 0.352539 -0.275024 3.799818 0.685439 -0.534728
2.188354 0.349609 -0.047852 4.254799 0.679743 -0.093037
1.779297 -0.283447 -0.196899 3.459472 -0.551104 -0.382830
1.792847 0.062012 -0.175781 3.485817 0.120569 -0.341770
1.798950 0.369873 0.058105 3.497684 0.719141 0.112974
1.519287 0.223877 0.090210 2.953937 0.435282 0.175394
0.987183 -0.276001 -0.119019 1.919371 -0.536626 -0.231407
0.406494 -0.830566 -0.203857 0.790343 -1.614863 -0.396358
0.110718 -0.626709 -0.232910 0.215268 -1.218505 -0.452845
-0.014771 -0.127319 -0.321777 -0.028718 -0.247546 -0.625629
-0.205078 0.038452 -0.463867 -0.398732 0.074762 -0.901893
-0.512451 0.008301 -0.651001 -0.996355 0.016139 -1.265736
-0.956787 -0.114502 -0.753052 -1.860273 -0.222625 -1.464152
-1.379639 -0.160034 -0.770996 -2.682420 -0.311153 -1.499041
-1.756958 0.105713 -0.718506 -3.416039 0.205537 -1.396985
-2.089233 0.365967 -0.660522 -4.062079 0.711546 -1.284248
-2.337036 0.463379 -0.567871 -4.543880 0.900944 -1.104107
-1.989502 0.830200 -0.449829 -3.868172 1.614151 -0.874599
-1.265503 1.000610 -0.271484 -2.460507 1.945478 -0.527845
-0.599487 0.605957 -0.146362 -1.165578 1.178157 -0.284571
0.010254 0.131348 -0.098755 0.019937 0.255378 -0.192008
0.253784 -0.221313 -0.305542 0.493430 -0.430298 -0.594063
0.197266 -0.335815 -0.489746 0.383542 -0.652923 -0.952209
0.296021 -0.194580 -0.358398 0.575550 -0.378320 -0.696831
0.426147 0.012207 -0.131714 0.828555 0.023734 -0.256090
0.407837 0.115234 -0.016113 0.792954 0.224049 -0.031329
0.304565 0.119873 0.000244 0.592164 0.233068 0.000475
0.206299 0.122437 -0.020752 0.401105 0.238052 -0.040348
0.208496 0.098389 -0.000122 0.405377 0.191296 -0.000237
0.243286 0.110229 0.035034 0.473019 0.214318 0.068117
0.172363 0.133789 0.034668 0.335124 0.260125 0.067405
0.044678 0.094116 0.008545 0.086867 0.182989 0.016614
-0.031006 0.065918 -0.012573 -0.060284 0.128164 -0.024446
-0.025391 0.062500 0.006714 -0.049367 0.121518 0.013054
0.054199 0.029297 0.039185 0.105379 0.056962 0.076186
0.129272 -0.051025 0.029419 0.251343 -0.099208 0.057199
0.156372 -0.132324 0.000488 0.304033 -0.257277 0.000949
0.081665 -0.153320 -0.123779 0.158781 -0.298099 -0.240663
-0.010742 -0.138550 -0.204834 -0.020886 -0.269381 -0.398257
0.007935 -0.116699 -0.150024 0.015427 -0.226897 -0.291691
0.059814 -0.029907 -0.086914 0.116297 -0.058148 -0.168986
0.054443 0.048096 -0.024902 0.105854 0.093512 -0.048417
0.033081 0.029175 0.002197 0.064319 0.056724 0.004272
0.023315 -0.032959 -0.020996 0.045332 -0.064082 -0.040823
0.031738 -0.061523 -0.035889 0.061708 -0.119620 -0.069778
0.059570 -0.065674 -0.032104 0.115822 -0.127689 -0.062420
0.078491 -0.059204 -0.036377 0.152610 -0.115110 -0.070727
0.121094 -0.039551 -0.044922 0.235442 -0.076898 -0.087341
0.146240 -0.023682 -0.049927 0.284334 -0.046044 -0.097072
0.150146 -0.032104 -0.046875 0.291929 -0.062420 -0.091139
0.113403 -0.056274 -0.041748 0.220489 -0.109414 -0.081170
0.075806 -0.072876 -0.026611 0.147388 -0.141692 -0.051740
0.028442 -0.071411 -0.017334 0.055300 -0.138844 -0.033702
-0.006714 -0.044067 -0.017212 -0.013054 -0.085680 -0.033465
-0.031982 0.005249 -0.050171 -0.062183 0.010206 -0.097547
-0.076050 0.051025 -0.100586 -0.147863 0.099208 -0.195568
-0.114502 0.040405 -0.113647 -0.222625 0.078560 -0.220964
-0.140503 0.007446 -0.084717 -0.273179 0.014478 -0.164714
-0.105957 0.031494 -0.074585 -0.206011 0.061234 -0.145015
