0.175659 0.306396 -0.162109 0.341533 0.595724 -0.315188
0.221191 0.080688 -0.041748 0.430061 0.156882 -0.081170
0.107300 0.074463 -0.033081 0.208622 0.144778 -0.064319
-0.186157 -0.051392 -0.076294 -0.361944 -0.099920 -0.148338
-0.543457 -0.492432 -0.165771 -1.056639 -0.957431 -0.322308
-0.615967 -0.547363 -0.307495 -1.197619 -1.064234 -0.597860
-0.472290 -0.127686 -0.264648 -0.918270 -0.248258 -0.514554
-0.714478 -0.055664 -0.235596 -1.389153 -0.108227 -0.458067
-1.154297 -0.029297 -0.353760 -2.244290 -0.056962 -0.687812
-1.616455 0.198364 -0.368896 -3.142860 0.385678 -0.717242
-1.425171 0.252197 -0.210449 -2.770948 0.490345 -0.409175
-1.458740 0.272461 -0.217041 -2.836216 0.529743 -0.421991
-1.819458 0.165161 -0.106567 -3.537557 0.321121 -0.207198
-2.082520 0.122437 0.097534 -4.049025 0.238052 0.189635
-1.875000 0.351074 0.077271 -3.645547 0.682591 0.150236
-1.504883 0.366455 0.053955 -2.925931 0.712496 0.104904
-1.091431 0.229492 0.131592 -2.122060 0.446200 0.255853
-0.549438 0.115723 0.126831 -1.068269 0.224999 0.246597
0.002319 0.077515 0.083130 0.004509 0.150711 0.161629
0.437500 0.117920 0.036865 0.850628 0.229271 0.071677
0.766602 0.210815 0.047363 1.490497 0.409887 0.092088
1.003052 0.245361 0.096313 1.950225 0.477054 0.187261
1.225952 0.178223 0.047607 2.383609 0.346517 0.092563
1.415894 0.048340 -0.052368 2.752910 0.093987 -0.101819
1.489990 -0.060425 -0.192139 2.896976 -0.117483 -0.373574
1.627075 -0.195190 -0.288940 3.163509 -0.379507 -0.561784
1.656006 -0.364502 -0.391479 3.219758 -0.708698 -0.761150
1.565796 -0.442261 -0.519165 3.044364 -0.859884 -1.009408
1.165894 -0.375122 -0.585938 2.266837 -0.729347 -1.139233
0.644409 -0.255493 -0.660645 1.252919 -0.496753 -1.284486
0.372559 -0.199097 -0.584961 0.724363 -0.387102 -1.137335
0.170532 -0.083862 -0.568604 0.331564 -0.163053 -1.105531
-0.092651 -0.062134 -0.549683 -0.180141 -0.120806 -1.068743
-0.336792 -0.144043 -0.474609 -0.654822 -0.280062 -0.922779
-0.592163 -0.164429 -0.417847 -1.151338 -0.319697 -0.812416
-0.931519 -0.113159 -0.398315 -1.811144 -0.220014 -0.774441
-1.238647 -0.030151 -0.355225 -2.408292 -0.058623 -0.690660
-1.387817 -0.049561 -0.252930 -2.698322 -0.096360 -0.491769
-1.481445 -0.129028 -0.173706 -2.880362 -0.250869 -0.337735
-1.714966 -0.096069 -0.144165 -3.334394 -0.186787 -0.280299
-1.854980 0.153809 -0.116821 -3.606623 0.299049 -0.227135
-1.549072 0.398315 -0.056519 -3.011848 0.774441 -0.109889
-1.064087 0.493530 -0.030396 -2.068895 0.959567 -0.059098
-0.650513 0.370483 -0.068237 -1.264786 0.720328 -0.132673
-0.191772 0.024292 -0.107544 -0.372862 0.047231 -0.209097
0.035400 -0.244141 -0.149536 0.068829 -0.474681 -0.290742
0.122070 -0.324219 -0.147949 0.237340 -0.630376 -0.287656
0.182983 -0.208984 -0.120972 0.355773 -0.406327 -0.235204
0.210815 -0.014404 -0.096313 0.409887 -0.028006 -0.187261
0.256104 0.066284 -0.065552 0.497940 0.128876 -0.127452
0.300903 0.044067 -0.076782 0.585044 0.085680 -0.149287
0.301147 -0.048706 -0.071777 0.585518 -0.094699 -0.139556
0.267334 -0.150513 -0.050293 0.519775 -0.292641 -0.097784
0.234985 -0.122681 -0.044922 0.456880 -0.238527 -0.087341
0.185425 -0.065796 -0.054443 0.360520 -0.127926 -0.105854
0.139160 -0.018066 -0.065063 0.270568 -0.035126 -0.126502
0.107666 0.003662 -0.089966 0.209334 0.007120 -0.174920
0.069824 -0.000610 -0.123901 0.135759 -0.001187 -0.240900
0.039307 0.010498 -0.148315 0.076424 0.020411 -0.288368
0.018555 0.014893 -0.153076 0.036076 0.028956 -0.297625
0.011841 -0.005127 -0.144165 0.023022 -0.009968 -0.280299
-0.020020 -0.064453 -0.127197 -0.038924 -0.125316 -0.247309
-0.028442 -0.064331 -0.098022 -0.055300 -0.125078 -0.190584
-0.042480 -0.023804 -0.087891 -0.082594 -0.046281 -0.170885
-0.046387 0.024292 -0.106079 -0.090189 0.047231 -0.206249
-0.056641 0.000732 -0.115112 -0.110126 0.001424 -0.223812
-0.070923 -0.020020 -0.098389 -0.137895 -0.038924 -0.191296
-0.059326 0.013672 -0.105347 -0.115347 0.026582 -0.204825
-0.032471 -0.005371 -0.123413 -0.063133 -0.010443 -0.239951
-0.041992 -0.011230 -0.132568 -0.081645 -0.021835 -0.257752
-0.041504 -0.000610 -0.137207 -0.080696 -0.001187 -0.266770
-0.042480 0.010742 -0.158081 -0.082594 0.020886 -0.307356
-0.051758 0.015137 -0.171021 -0.100632 0.029430 -0.332514
-0.033325 0.026489 -0.163696 -0.064794 0.051503 -0.318273
-0.037231 0.026367 -0.159912 -0.072389 0.051266 -0.310916
-0.037109 0.004639 -0.143311 -0.072151 0.009019 -0.278637
-0.048096 0.002441 -0.101318 -0.093512 0.004747 -0.196992
-0.026489 0.014038 -0.081909 -0.051503 0.027294 -0.159255
-0.032715 0.008545 -0.110352 -0.063607 0.016614 -0.214556
-0.052368 0.017212 -0.123169 -0.101819 0.033465 -0.239476
