0.122925 0.029297 -0.170044 0.239002 0.056962 -0.330615
0.151611 0.080444 -0.149292 0.294777 0.156407 -0.290267
0.078369 0.189697 -0.156982 0.152372 0.368827 -0.305220
-0.076660 0.041626 -0.037842 -0.149050 0.080933 -0.073575
-0.143677 -0.182495 0.205444 -0.279350 -0.354824 0.399444
-0.146851 -0.197510 0.493408 -0.285520 -0.384017 0.959329
-0.290527 -0.199951 0.640747 -0.564870 -0.388763 1.245799
-0.492676 -0.250366 0.741211 -0.957905 -0.486785 1.441130
-0.706055 -0.136230 0.726440 -1.372776 -0.264872 1.412412
-0.937134 0.053833 0.767212 -1.822061 0.104667 1.491684
-1.072144 -0.042969 0.844482 -2.084560 -0.083544 1.641920
-1.110107 0.116577 0.846436 -2.158373 0.226660 1.645718
-1.188110 0.356323 0.663696 -2.310033 0.692796 1.290419
-1.379395 0.249634 0.296997 -2.681945 0.485361 0.577449
-1.380615 0.366577 -0.269043 -2.684319 0.712733 -0.523098
-1.073364 0.590576 -0.889648 -2.086933 1.148252 -1.729736
-0.763184 0.367920 -1.385864 -1.483851 0.715344 -2.694524
-0.623169 0.268921 -1.533325 -1.211622 0.522861 -2.981231
-0.221680 0.532471 -1.565430 -0.431010 1.035278 -3.043652
0.293335 0.649902 -1.605225 0.570329 1.263600 -3.121025
0.883179 0.451538 -1.433105 1.717157 0.877922 -2.786375
1.338989 0.251343 -1.100708 2.603386 0.488684 -2.140097
1.524536 0.192505 -0.808594 2.964143 0.374286 -1.572142
1.532593 0.158936 -0.612061 2.979807 0.309017 -1.190024
1.507690 -0.026978 -0.460449 2.931390 -0.052452 -0.895248
1.426758 0.031494 -0.310791 2.774033 0.061234 -0.604268
1.307373 0.104370 -0.183350 2.541914 0.202926 -0.356485
1.323853 0.103638 -0.071167 2.573955 0.201502 -0.138369
1.142090 0.125366 0.053955 2.220556 0.243748 0.104904
0.954712 0.287476 0.077026 1.856238 0.558936 0.149762
0.773682 0.308960 0.060669 1.504263 0.600708 0.117958
0.507568 0.064087 0.164795 0.986861 0.124604 0.320409
0.233643 -0.028931 0.313110 0.454269 -0.056250 0.608778
-0.030640 0.072876 0.422485 -0.059572 0.141692 0.821435
-0.246460 0.153931 0.489502 -0.479190 0.299286 0.951735
-0.498413 0.061157 0.505493 -0.969060 0.118907 0.982826
-0.743896 -0.026611 0.470337 -1.446352 -0.051740 0.914472
-1.040283 -0.138794 0.392822 -2.022614 -0.269856 0.763761
-1.331055 -0.260254 0.293457 -2.587959 -0.506009 0.570566
-1.562378 -0.358643 0.192261 -3.037718 -0.697306 0.373811
-1.829468 -0.314087 0.164673 -3.557019 -0.610677 0.320172
-2.029419 0.007568 0.040649 -3.945782 0.014715 0.079034
-1.861206 0.194580 -0.338379 -3.618727 0.378320 -0.657907
-1.380981 -0.021240 -0.444946 -2.685031 -0.041297 -0.865105
-0.884155 -0.124268 -0.191650 -1.719056 -0.241612 -0.372624
-0.661255 0.160034 -0.122314 -1.285672 0.311153 -0.237815
-0.619873 0.287231 -0.135498 -1.205214 0.558462 -0.263448
-0.529785 0.173096 -0.083496 -1.030057 0.336549 -0.162341
-0.356934 0.120117 -0.013916 -0.693983 0.233543 -0.027057
-0.219360 0.163818 0.003540 -0.426500 0.318511 0.006883
-0.017090 0.095703 -0.057007 -0.033228 0.186075 -0.110838
-0.013672 0.058716 -0.051147 -0.026582 0.114161 -0.099446
-0.010986 0.111084 -0.043579 -0.021361 0.215980 -0.084730
0.026978 0.185913 -0.076416 0.052452 0.361469 -0.148575
0.083618 0.150269 -0.146606 0.162578 0.292166 -0.285046
0.089111 0.137695 -0.158813 0.173258 0.267720 -0.308780
0.065918 0.151123 -0.140625 0.128164 0.293827 -0.273416
0.018555 0.177856 -0.119263 0.036076 0.345805 -0.231881
0.008057 0.179810 -0.103149 0.015664 0.349602 -0.200553
0.050781 0.123047 -0.111206 0.098734 0.239239 -0.216217
0.068604 0.078247 -0.116699 0.133385 0.152135 -0.226897
0.062744 0.032471 -0.078857 0.121993 0.063133 -0.153322
0.045044 0.015991 -0.035645 0.087579 0.031092 -0.069303
0.029541 0.054688 -0.041870 0.057436 0.106328 -0.081408
0.055054 0.019897 -0.098755 0.107040 0.038686 -0.192008
0.055298 -0.014160 -0.160156 0.107515 -0.027531 -0.311390
0.029907 -0.046631 -0.208374 0.058148 -0.090664 -0.405140
0.013306 -0.001709 -0.284424 0.025870 -0.003323 -0.553003
-0.025513 0.005493 -0.295044 -0.049604 0.010680 -0.573651
-0.047241 0.057617 -0.211792 -0.091851 0.112025 -0.411785
-0.065552 0.137451 -0.127441 -0.127452 0.267245 -0.247783
-0.036255 0.126953 -0.119019 -0.070490 0.246834 -0.231407
0.014893 0.089233 -0.144531 0.028956 0.173496 -0.281011
0.060059 0.061523 -0.157227 0.116771 0.119620 -0.305694
0.086792 0.045288 -0.143799 0.168749 0.088053 -0.279587
0.077148 0.103760 -0.128296 0.149999 0.201739 -0.249445
0.053345 0.151611 -0.108765 0.103718 0.294777 -0.211470
0.083984 0.120605 -0.136353 0.163290 0.234492 -0.265109
0.132935 0.041992 -0.154663 0.258464 0.081645 -0.300710
0.181274 -0.057373 -0.138428 0.352450 -0.111550 -0.269144
