-0.326782 0.034912 -0.089478 -0.635360 0.067879 -0.173970
-0.127075 0.112305 -0.041016 -0.247071 0.218353 -0.079746
-0.090210 0.039063 -0.156372 -0.175394 0.075949 -0.304033
-0.294922 -0.014282 -0.105591 -0.573414 -0.027769 -0.205299
-0.340698 0.139648 0.038818 -0.662417 0.271517 0.075474
-0.410522 0.180298 0.022949 -0.798175 0.350552 0.044620
-0.391602 0.185791 0.013062 -0.761388 0.361232 0.025395
-0.372070 0.150024 -0.193237 -0.723413 0.291691 -0.375710
-0.421509 0.467407 -0.455078 -0.819536 0.908776 -0.884805
-0.643921 0.604736 -0.171021 -1.251970 1.175784 -0.332514
-1.001343 0.406860 -0.125732 -1.946902 0.791055 -0.244460
-1.390625 0.649170 -0.168823 -2.703780 1.262176 -0.328242
-1.930542 0.391235 -0.130737 -3.753537 0.760676 -0.254191
-2.195435 0.181519 -0.073608 -4.268565 0.352925 -0.143116
-1.323486 0.598511 -0.055664 -2.573243 1.163679 -0.108227
-0.364746 0.685425 -0.191162 -0.709173 1.332666 -0.371675
1.698608 1.038452 -0.156616 3.302590 2.019054 -0.304508
0.065918 -0.474976 -0.296631 0.128164 -0.923491 -0.576737
-0.810181 -0.853516 -0.051514 -1.575227 -1.659483 -0.100158
-0.044556 -0.571045 0.013916 -0.086629 -1.110278 0.027057
1.179321 -0.021606 -0.070679 2.292944 -0.042009 -0.137420
1.463623 -0.219727 -0.109131 2.845710 -0.427213 -0.212182
1.535278 -0.391846 -0.253906 2.985029 -0.761862 -0.493668
1.568481 -0.310547 -0.364624 3.049585 -0.603794 -0.708935
1.361694 -0.235718 -0.443726 2.647531 -0.458304 -0.862732
1.116577 -0.307983 -0.435547 2.170952 -0.598810 -0.846830
1.046265 -0.252563 -0.275513 2.034244 -0.491057 -0.535677
1.148560 0.038940 -0.170288 2.233135 0.075712 -0.331090
0.935669 0.088379 -0.282715 1.819213 0.171834 -0.549680
0.505249 -0.106201 -0.393677 0.982351 -0.206486 -0.765422
0.301514 -0.162842 -0.423828 0.586231 -0.316612 -0.824045
0.145752 0.033813 -0.470093 0.283384 0.065743 -0.913997
-0.174438 0.098633 -0.544556 -0.339159 0.191771 -1.058775
-0.450684 0.017822 -0.603271 -0.876260 0.034652 -1.172936
-0.575439 0.110840 -0.623901 -1.118822 0.215505 -1.213046
-0.733887 0.179688 -0.664185 -1.426890 0.349365 -1.291368
-0.942749 0.221924 -0.692871 -1.832979 0.431485 -1.347143
-1.257080 0.165649 -0.732544 -2.444130 0.322071 -1.424279
-1.665527 0.187012 -0.912231 -3.238271 0.363605 -1.773644
-2.092651 0.010864 -1.093506 -4.068725 0.021123 -2.126094
-1.854126 0.164185 -0.818481 -3.604962 0.319223 -1.591367
-0.955933 0.722900 -0.521484 -1.858612 1.405529 -1.013918
-0.361938 0.643677 -0.360352 -0.703714 1.251495 -0.700629
-0.136353 0.492798 -0.275879 -0.265109 0.958143 -0.536389
0.029297 0.358521 -0.246826 0.056962 0.697068 -0.479902
0.098999 0.189453 -0.208984 0.192483 0.368352 -0.406327
0.142456 0.073853 -0.119019 0.276976 0.143591 -0.231407
0.170044 0.020508 -0.059204 0.330615 0.039873 -0.115110
0.226074 -0.027954 -0.013428 0.439554 -0.054351 -0.026107
0.249512 -0.020630 -0.000854 0.485124 -0.040111 -0.001661
0.254761 -0.004272 -0.028809 0.495329 -0.008307 -0.056012
0.244751 -0.010620 -0.074097 0.475867 -0.020649 -0.144066
0.213989 -0.022949 -0.077271 0.416058 -0.044620 -0.150236
0.177979 -0.009521 -0.035034 0.346042 -0.018513 -0.068117
0.109497 0.046265 0.001831 0.212894 0.089952 0.003560
0.055176 0.063599 0.023438 0.107278 0.123654 0.045569
-0.011963 0.036255 0.035034 -0.023259 0.070490 0.068117
-0.034912 0.036865 0.028809 -0.067879 0.071677 0.056012
-0.015137 0.051270 0.012207 -0.029430 0.099683 0.023734
-0.001831 0.042480 -0.014160 -0.003560 0.082594 -0.027531
-0.013916 0.006958 -0.033813 -0.027057 0.013528 -0.065743
-0.023560 0.013306 -0.055176 -0.045807 0.025870 -0.107278
-0.035156 0.046509 -0.068970 -0.068354 0.090427 -0.134097
-0.053589 0.030151 -0.045044 -0.104192 0.058623 -0.087579
-0.040283 0.053711 -0.035522 -0.078322 0.104430 -0.069066
-0.029297 0.067749 -0.067017 -0.056962 0.131724 -0.130300
-0.042114 0.051514 -0.096802 -0.081882 0.100158 -0.188211
-0.043823 0.050781 -0.114868 -0.085205 0.098734 -0.223337
-0.058472 0.043335 -0.106934 -0.113686 0.084256 -0.207910
-0.059448 0.032837 -0.094360 -0.115585 0.063845 -0.183464
-0.045044 0.002930 -0.073975 -0.087579 0.005696 -0.143828
-0.015259 -0.016846 -0.045654 -0.029668 -0.032753 -0.088765
0.004150 -0.009521 -0.038818 0.008070 -0.018513 -0.075474
-0.006470 -0.032959 -0.039795 -0.012579 -0.064082 -0.077373
-0.022217 -0.040283 -0.046753 -0.043196 -0.078322 -0.090901
-0.013916 -0.020630 -0.064453 -0.027057 -0.040111 -0.125316
0.003540 -0.025146 -0.069702 0.006883 -0.048892 -0.135521
-0.009766 -0.006958 -0.076782 -0.018987 -0.013528 -0.149287
-0.026733 0.020996 -0.071655 -0.051978 0.040823 -0.139319
-0.055054 0.029785 -0.080078 -0.107040 0.057911 -0.155695
