0.006348 0.023560 -0.261597 0.012342 0.045807 -0.508620
0.001831 0.196045 -0.187256 0.003560 0.381168 -0.364080
-0.090088 0.000122 -0.270264 -0.175157 0.000237 -0.525471
-0.208740 -0.087402 -0.212402 -0.405852 -0.169936 -0.412972
-0.455566 -0.314819 -0.175659 -0.885754 -0.612101 -0.341533
-0.493530 -0.808105 -0.089722 -0.959567 -1.571193 -0.174445
-0.311035 -0.183228 -0.009521 -0.604743 -0.356248 -0.018513
-0.867554 -0.053833 -0.115723 -1.686777 -0.104667 -0.224999
-1.528809 0.304077 -0.336548 -2.972450 0.591215 -0.654347
-1.950562 0.159302 -0.320557 -3.792460 0.309729 -0.623256
-2.545166 0.293213 -0.073120 -4.948545 0.570091 -0.142167
-2.864868 1.319458 0.024658 -5.570139 2.565411 0.047943
-1.723999 0.759644 0.213379 -3.351957 1.476969 0.414871
-1.028442 0.692749 0.189941 -1.999592 1.346906 0.369301
-0.331543 0.875000 -0.061768 -0.644616 1.701255 -0.120094
0.768311 1.140137 0.231934 1.493820 2.216758 0.450947
0.517334 0.007446 0.011230 1.005848 0.014478 0.021835
0.725830 -0.374268 -0.010376 1.411225 -0.727685 -0.020174
1.132080 -0.281860 0.090576 2.201094 -0.548019 0.176106
1.547119 -0.442749 0.084839 3.008051 -0.860833 0.164952
1.658691 -0.728149 0.011841 3.224980 -1.415735 0.023022
1.582886 -0.887573 -0.127930 3.077591 -1.725701 -0.248733
1.462646 -0.691528 -0.211426 2.843811 -1.344533 -0.411073
1.241089 -0.499634 -0.243408 2.413039 -0.971434 -0.473257
1.072021 -0.361694 -0.374390 2.084322 -0.703239 -0.727923
0.932129 -0.459595 -0.476318 1.812330 -0.893586 -0.926102
0.789917 -0.487183 -0.481201 1.535829 -0.947225 -0.935595
0.484253 -0.356323 -0.466797 0.941529 -0.692796 -0.907589
0.196777 -0.177856 -0.551025 0.382593 -0.345805 -1.071354
-0.201904 -0.058228 -0.646118 -0.392561 -0.113211 -1.256242
-0.477783 0.007202 -0.630371 -0.928950 0.014003 -1.225625
-0.749390 -0.050537 -0.621948 -1.457032 -0.098259 -1.209249
-1.171509 -0.077271 -0.729492 -2.277755 -0.150236 -1.418346
-1.541870 0.351074 -0.861328 -2.997845 0.682591 -1.674673
-2.013550 0.675415 -1.042603 -3.914928 1.313204 -2.027123
-2.632324 0.222046 -1.192993 -5.118006 0.431722 -2.319527
-1.446411 0.331421 -0.602783 -2.812245 0.644379 -1.171986
0.076172 0.383301 -0.100830 0.148100 0.745248 -0.196043
0.171631 0.067383 0.036743 0.333700 0.131012 0.071439
-0.062134 -0.345337 0.051025 -0.120806 -0.671436 0.099208
0.052124 -0.417358 0.194946 0.101344 -0.811466 0.379032
0.232544 -0.203003 0.193726 0.452133 -0.394697 0.376659
0.329468 -0.022949 0.048584 0.640581 -0.044620 0.094461
0.335205 -0.037476 0.002075 0.651736 -0.072863 0.004035
0.353760 -0.043701 -0.022339 0.687812 -0.084968 -0.043433
0.347290 0.035278 -0.054688 0.675233 0.068591 -0.106328
0.307739 0.067505 -0.053833 0.598335 0.131249 -0.104667
0.216797 0.054810 -0.080688 0.421516 0.106566 -0.156882
0.115601 0.015869 -0.127686 0.224761 0.030854 -0.248258
0.122681 0.015015 -0.093506 0.238527 0.029193 -0.181803
0.086426 0.039795 -0.058960 0.168037 0.077373 -0.114635
-0.016724 0.037720 -0.041748 -0.032516 0.073338 -0.081170
-0.067993 0.021973 -0.032104 -0.132199 0.042721 -0.062420
-0.045532 0.009888 -0.043213 -0.088528 0.019225 -0.084018
-0.022705 0.002319 -0.048096 -0.044145 0.004509 -0.093512
0.004395 0.024170 -0.044678 0.008544 0.046993 -0.086867
0.015015 0.030151 -0.040894 0.029193 0.058623 -0.079509
0.053467 0.010132 -0.032104 0.103955 0.019699 -0.062420
0.071533 -0.006348 -0.023926 0.139081 -0.012342 -0.046519
0.052979 -0.030518 -0.020020 0.103006 -0.059335 -0.038924
0.020752 -0.047729 -0.027588 0.040348 -0.092800 -0.053639
0.009155 -0.030029 -0.039185 0.017801 -0.058386 -0.076186
-0.044067 -0.024414 -0.073853 -0.085680 -0.047468 -0.143591
-0.082642 -0.014038 -0.088501 -0.160679 -0.027294 -0.172072
-0.041138 0.026733 -0.095947 -0.079984 0.051978 -0.186549
-0.020020 0.034912 -0.111816 -0.038924 0.067879 -0.217404
-0.003296 0.016724 -0.134033 -0.006408 0.032516 -0.260600
0.026123 0.048584 -0.126953 0.050791 0.094461 -0.246834
-0.016113 0.052612 -0.121704 -0.031329 0.102294 -0.236628
-0.063110 0.031250 -0.118530 -0.122705 0.060759 -0.230457
-0.067505 0.003784 -0.091064 -0.131249 0.007358 -0.177056
-0.096436 -0.019043 -0.088623 -0.187499 -0.037025 -0.172309
-0.130859 -0.017456 -0.114868 -0.254429 -0.033940 -0.223337
-0.040283 0.010132 -0.110962 -0.078322 0.019699 -0.215742
0.005615 0.039063 -0.135132 0.010918 0.075949 -0.262736
-0.009033 0.023193 -0.132568 -0.017563 0.045095 -0.257752
-0.041382 0.011230 -0.120483 -0.080458 0.021835 -0.234255
-0.071411 -0.007202 -0.103760 -0.138844 -0.014003 -0.201739
-0.117310 -0.026001 -0.102661 -0.228084 -0.050553 -0.199603
-0.094849 0.014282 -0.119751 -0.184413 0.027769 -0.232831
