-0.135498 -0.112671 -0.158569 -0.263448 -0.219065 -0.308305
-0.062256 -0.070923 -0.181519 -0.121044 -0.137895 -0.352925
-0.133423 -0.131104 -0.094727 -0.259413 -0.254903 -0.184176
-0.223267 -0.084351 0.072388 -0.434095 -0.164002 0.140743
-0.160645 -0.118652 0.263794 -0.312340 -0.230695 0.512892
0.079956 -0.057373 0.509766 0.155458 -0.111550 0.991133
0.264038 0.023560 0.506592 0.513367 0.045807 0.984962
0.585938 -0.232544 0.315918 1.139233 -0.452133 0.614237
0.873657 -0.553833 0.007813 1.698644 -1.076813 0.015190
0.956421 -0.531250 -0.074829 1.859561 -1.032905 -0.145490
1.244629 -0.456543 -0.020630 2.419922 -0.887653 -0.040111
1.308228 -0.450195 -0.058716 2.543576 -0.875311 -0.114161
1.354736 -0.674683 -0.292480 2.634002 -1.311780 -0.568667
1.425903 -0.531128 -0.530273 2.772372 -1.032668 -1.031006
1.358643 -0.344849 -0.707397 2.641597 -0.670486 -1.375387
1.194336 -0.291748 -0.819092 2.322137 -0.567243 -1.592553
0.912231 -0.116211 -0.938599 1.773644 -0.225948 -1.824909
0.700073 0.004883 -1.087036 1.361147 0.009494 -2.113515
0.450928 -0.096802 -1.290405 0.876735 -0.188211 -2.508924
0.090698 -0.232300 -1.384399 0.176344 -0.451659 -2.691676
-0.344116 -0.009766 -1.219360 -0.669062 -0.018987 -2.370792
-0.745850 0.354126 -0.917480 -1.450149 0.688524 -1.783850
-1.162231 0.625244 -0.598022 -2.259717 1.215657 -1.162730
-1.417114 0.580078 -0.381836 -2.755283 1.127841 -0.742400
-1.400024 0.166748 -0.294312 -2.722056 0.324207 -0.572227
-1.248779 -0.012817 -0.032104 -2.427991 -0.024921 -0.062420
-1.031494 -0.094849 0.468994 -2.005525 -0.184413 0.911861
-0.827637 -0.233032 1.116089 -1.609167 -0.453083 2.170002
-0.493286 -0.463867 1.625977 -0.959092 -0.901893 3.161373
-0.072266 -0.573730 1.644531 -0.140505 -1.115499 3.197448
0.313721 -0.398315 1.309448 0.609965 -0.774441 2.545949
0.506226 -0.287109 0.881714 0.984250 -0.558224 1.714309
0.446411 -0.321899 0.441406 0.867953 -0.625866 0.858222
0.270996 -0.265259 0.052246 0.526895 -0.515740 0.101582
0.114624 -0.165527 -0.245972 0.222863 -0.321833 -0.478241
-0.015503 -0.109985 -0.466064 -0.030142 -0.213844 -0.906165
-0.184570 -0.136719 -0.661865 -0.358858 -0.265821 -1.286859
-0.458130 -0.251831 -0.840454 -0.890738 -0.489633 -1.634088
-0.796387 -0.243408 -1.008057 -1.548408 -0.473257 -1.959956
-1.104858 -0.007446 -1.150391 -2.148167 -0.014478 -2.236695
-1.324829 0.423462 -1.283447 -2.575854 0.823333 -2.495396
-1.320068 0.747192 -1.396484 -2.566598 1.452760 -2.715173
-1.109497 0.679321 -1.440918 -2.157186 1.320799 -2.801565
-0.834106 0.627686 -1.353882 -1.621746 1.220404 -2.632341
-0.469482 0.577881 -1.090088 -0.912811 1.123569 -2.119449
-0.188477 0.302124 -0.729736 -0.366453 0.587417 -1.418820
-0.003174 0.046021 -0.364258 -0.006171 0.089477 -0.708223
0.112427 -0.070801 -0.121094 0.218590 -0.137657 -0.235442
0.156006 -0.199341 0.007690 0.303321 -0.387577 0.014952
0.109863 -0.301025 0.042847 0.213606 -0.585281 0.083306
0.027222 -0.227661 0.061890 0.052927 -0.442640 0.120332
-0.052002 -0.090576 0.068604 -0.101107 -0.176106 0.133385
-0.086426 -0.016846 0.034424 -0.168037 -0.032753 0.066930
-0.097656 0.012329 -0.033325 -0.189872 0.023971 -0.064794
-0.086060 0.033325 -0.101685 -0.167325 0.064794 -0.197704
-0.075195 0.033936 -0.134399 -0.146202 0.065981 -0.261312
-0.060913 -0.000366 -0.141724 -0.118433 -0.000712 -0.275552
-0.046997 0.003418 -0.131104 -0.091376 0.006646 -0.254903
0.005493 0.038208 -0.151001 0.010680 0.074288 -0.293590
0.045532 0.025635 -0.192383 0.088528 0.049841 -0.374048
0.073364 0.025024 -0.201416 0.142642 0.048655 -0.391611
0.104736 0.064453 -0.187012 0.203638 0.125316 -0.363605
0.108154 0.024902 -0.185181 0.210283 0.048417 -0.360045
0.099487 -0.010620 -0.177612 0.193432 -0.020649 -0.345330
0.084839 -0.033203 -0.150635 0.164952 -0.064557 -0.292878
0.041504 -0.046753 -0.103027 0.080696 -0.090901 -0.200315
-0.009033 -0.047729 -0.053101 -0.017563 -0.092800 -0.103243
-0.034912 -0.045532 -0.050293 -0.067879 -0.088528 -0.097784
-0.044434 0.008179 -0.093018 -0.086392 0.015902 -0.180853
-0.058228 0.023804 -0.132324 -0.113211 0.046281 -0.257277
-0.072510 0.021118 -0.146484 -0.140980 0.041060 -0.284808
-0.079468 -0.033203 -0.138672 -0.154509 -0.064557 -0.269619
-0.082886 -0.057251 -0.116821 -0.161154 -0.111313 -0.227135
-0.086426 0.005737 -0.113647 -0.168037 0.011155 -0.220964
-0.088135 0.017700 -0.133179 -0.171360 0.034414 -0.258938
-0.113281 0.014404 -0.152832 -0.220252 0.028006 -0.297150
-0.119751 0.008789 -0.149658 -0.232831 0.017089 -0.290979
-0.118530 -0.020264 -0.149170 -0.230457 -0.039398 -0.290030
-0.089844 -0.039429 -0.148682 -0.174682 -0.076661 -0.289080
-0.051025 -0.035645 -0.146118 -0.099208 -0.069303 -0.284096
