-0.280640 0.067871 -0.072388 -0.545645 0.131961 -0.140743
-0.354614 0.152344 0.026489 -0.689474 0.296201 0.051503
-0.285278 0.108398 0.027344 -0.554664 0.210758 0.053164
-0.052246 -0.188232 -0.091309 -0.101582 -0.365979 -0.177531
0.345337 -0.547607 -0.075317 0.671436 -1.064708 -0.146439
0.782349 -0.811523 -0.016724 1.521114 -1.577838 -0.032516
0.898926 -0.670898 0.259155 1.747774 -1.304422 0.503873
0.814697 0.266113 0.475586 1.584009 0.517402 0.924678
0.815186 -0.210449 0.053101 1.584958 -0.409175 0.103243
1.150269 -0.280029 -0.145386 2.236458 -0.544459 -0.282672
1.289551 -0.336670 -0.190186 2.507263 -0.654585 -0.369776
1.404907 -0.761353 -0.439209 2.731549 -1.480291 -0.853950
1.472656 -0.678223 -0.486572 2.863273 -1.318663 -0.946038
1.371338 -0.498047 -0.564819 2.666281 -0.968348 -1.098173
1.069946 -0.213135 -0.647461 2.080288 -0.414396 -1.258853
0.775146 0.023071 -0.717529 1.507111 0.044857 -1.395086
0.615234 0.020508 -0.884399 1.196195 0.039873 -1.719530
0.477661 -0.042725 -1.108643 0.928713 -0.083069 -2.155524
0.227661 -0.163452 -1.299438 0.442640 -0.317799 -2.526487
-0.116211 -0.200317 -1.261597 -0.225948 -0.389475 -2.452912
-0.476318 -0.008423 -1.039795 -0.926102 -0.016376 -2.021665
-0.939453 0.393188 -0.735962 -1.826571 0.764473 -1.430925
-1.399902 0.634277 -0.407959 -2.721818 1.233220 -0.793191
-1.594849 0.424316 -0.186768 -3.100851 0.824995 -0.363131
-1.466797 0.040161 -0.071777 -2.851881 0.078085 -0.139556
-1.110229 -0.096558 0.136353 -2.158610 -0.187736 0.265109
-0.784058 -0.123413 0.512695 -1.524437 -0.239951 0.996829
-0.543701 -0.186157 0.913086 -1.057114 -0.361944 1.775305
-0.277588 -0.343506 1.223511 -0.539712 -0.667876 2.378862
0.056030 -0.435791 1.293091 0.108939 -0.847305 2.514146
0.451782 -0.344238 1.072632 0.878396 -0.669300 2.085509
0.716187 -0.197754 0.681396 1.392475 -0.384491 1.324834
0.717285 -0.143555 0.262573 1.394611 -0.279112 0.510519
0.561646 -0.110474 -0.033081 1.092003 -0.214793 -0.064319
0.369263 -0.044922 -0.177246 0.717954 -0.087341 -0.344618
0.179077 -0.054565 -0.241455 0.348178 -0.106091 -0.469459
-0.047852 -0.080078 -0.338257 -0.093037 -0.155695 -0.657670
-0.253662 -0.165283 -0.453369 -0.493193 -0.321359 -0.881482
-0.467407 -0.183594 -0.592651 -0.908776 -0.356960 -1.152287
-0.718384 -0.115601 -0.758057 -1.396748 -0.224761 -1.473883
-0.906738 -0.002808 -0.937012 -1.762964 -0.005459 -1.821824
-1.089233 0.204346 -1.154053 -2.117787 0.397308 -2.243815
-1.286865 0.400024 -1.358032 -2.502041 0.777764 -2.640411
-1.356079 0.611694 -1.465698 -2.636613 1.189312 -2.849745
-0.959961 0.544434 -1.342041 -1.866444 1.058538 -2.609319
-0.484009 0.284546 -1.072510 -0.941054 0.553240 -2.085272
-0.297363 0.142578 -0.821045 -0.578161 0.277213 -1.596351
-0.152832 -0.017944 -0.543945 -0.297150 -0.034889 -1.057588
-0.052979 -0.046509 -0.311523 -0.103006 -0.090427 -0.605692
-0.008423 -0.030151 -0.232544 -0.016376 -0.058623 -0.452133
0.141235 -0.090454 -0.224121 0.274603 -0.175869 -0.435757
0.206543 -0.086792 -0.201416 0.401580 -0.168749 -0.391611
0.164673 -0.074341 -0.172852 0.320172 -0.144540 -0.336074
0.112061 0.018799 -0.131836 0.217878 0.036550 -0.256328
0.039673 0.041748 -0.077148 0.077136 0.081170 -0.149999
-0.023071 0.045532 -0.021973 -0.044857 0.088528 -0.042721
-0.065186 0.046631 0.006714 -0.126740 0.090664 0.013054
-0.088013 -0.001587 0.010376 -0.171122 -0.003085 0.020174
-0.091431 -0.022339 -0.002441 -0.177768 -0.043433 -0.004747
-0.077148 0.025024 -0.020386 -0.149999 0.048655 -0.039636
-0.050171 0.045776 -0.046265 -0.097547 0.089003 -0.089952
-0.019287 0.025879 -0.065063 -0.037500 0.050316 -0.126502
-0.000732 0.022095 -0.073975 -0.001424 0.042959 -0.143828
0.013184 0.019653 -0.066650 0.025633 0.038212 -0.129588
0.021484 0.006226 -0.061768 0.041772 0.012104 -0.120094
0.006592 0.031494 -0.059204 0.012816 0.061234 -0.115110
0.011475 0.019897 -0.072144 0.022310 0.038686 -0.140268
0.014893 0.003906 -0.084595 0.028956 0.007595 -0.164477
0.009277 -0.015503 -0.095947 0.018038 -0.030142 -0.186549
-0.005859 -0.009888 -0.114746 -0.011392 -0.019225 -0.223100
-0.005737 0.007935 -0.129395 -0.011155 0.015427 -0.251581
-0.006226 -0.007080 -0.133179 -0.012104 -0.013766 -0.258938
-0.025391 0.007324 -0.127563 -0.049367 0.014240 -0.248021
-0.028564 0.017456 -0.130737 -0.055538 0.033940 -0.254191
-0.029053 0.028687 -0.129150 -0.056487 0.055775 -0.251106
-0.031372 0.032837 -0.130005 -0.060996 0.063845 -0.252767
-0.023682 0.013306 -0.134644 -0.046044 0.025870 -0.261786
-0.028687 0.043457 -0.143188 -0.055775 0.084493 -0.278400
-0.007080 0.041992 -0.148193 -0.013766 0.081645 -0.288131
0.014893 -0.004395 -0.139648 0.028956 -0.008544 -0.271517
