-0.041992 0.026978 -0.524170 -0.081645 0.052452 -1.019139
-0.002930 0.173218 -0.496216 -0.005696 0.336786 -0.964788
-0.001709 0.207520 -0.565552 -0.003323 0.403478 -1.099598
-0.070557 0.212769 -0.341675 -0.137183 0.413684 -0.664315
0.127808 0.045166 -0.224121 0.248495 0.087816 -0.435757
0.291504 0.317749 -0.178467 0.566769 0.617797 -0.346992
0.015869 0.340332 -0.364746 0.030854 0.661705 -0.709173
-0.102051 0.114624 -0.421753 -0.198416 0.222863 -0.820011
-0.133911 0.364502 -0.281860 -0.260362 0.708698 -0.548019
-0.295898 0.408936 -0.199463 -0.575313 0.795090 -0.387814
-0.370117 0.277954 0.084595 -0.719616 0.540424 0.164477
-0.428101 0.063843 0.712524 -0.832352 0.124129 1.385355
-0.560059 -0.611938 1.073853 -1.088917 -1.189787 2.087883
-0.673096 -0.746582 1.200562 -1.308694 -1.451573 2.334242
-0.639404 -0.466797 1.015503 -1.243188 -0.907589 1.974434
-0.628296 -0.200317 1.052856 -1.221590 -0.389475 2.047060
-0.836426 -0.157715 1.285522 -1.626256 -0.306644 2.499431
-0.916748 0.024048 1.607056 -1.782426 0.046756 3.124585
-0.830200 0.180786 1.449951 -1.614151 0.351501 2.819128
-0.163208 0.066528 0.440308 -0.317324 0.129350 0.856086
0.371460 0.087769 -0.543823 0.722227 0.170648 -1.057351
0.420410 -0.034058 -0.919800 0.817400 -0.066218 -1.788359
0.329102 0.082275 -1.080566 0.639869 0.159967 -2.100936
0.243286 0.119873 -1.065552 0.473019 0.233068 -2.071743
0.215210 0.116577 -0.981201 0.418431 0.226660 -1.907741
0.195068 0.089966 -1.085449 0.379270 0.174920 -2.110430
0.143555 0.052246 -1.259033 0.279112 0.101582 -2.447928
0.139893 0.077026 -1.315674 0.271992 0.149762 -2.558053
0.065186 0.143555 -1.365356 0.126740 0.279112 -2.654651
-0.061157 0.167480 -1.462891 -0.118907 0.325631 -2.844286
-0.030762 0.229980 -1.409546 -0.059810 0.447149 -2.740568
0.076050 0.202393 -1.281250 0.147863 0.393510 -2.491124
-0.011108 0.145508 -1.155273 -0.021598 0.282910 -2.246188
-0.222046 0.213257 -0.996338 -0.431722 0.414633 -1.937171
-0.310425 0.160156 -0.809082 -0.603556 0.311390 -1.573091
-0.263672 0.026245 -0.485474 -0.512655 0.051028 -0.943902
-0.283936 -0.151489 -0.055176 -0.552054 -0.294539 -0.107278
-0.429810 -0.302856 0.337769 -0.835675 -0.588841 0.656721
-0.603638 -0.348022 0.644409 -1.173648 -0.676657 1.252919
-0.730591 -0.390259 0.927612 -1.420482 -0.758777 1.803549
-0.737305 -0.526123 1.223877 -1.433535 -1.022937 2.379574
-0.707275 -0.738159 1.588013 -1.375150 -1.435197 3.087560
-0.521484 -0.712524 1.731201 -1.013918 -1.385355 3.365960
-0.376831 -0.398438 1.533936 -0.732669 -0.774679 2.982418
-0.408447 -0.155762 0.896484 -0.794141 -0.302846 1.743027
-0.320557 -0.146729 0.430542 -0.623256 -0.285283 0.837099
-0.189331 -0.001709 0.389526 -0.368115 -0.003323 0.757353
-0.130737 0.073975 0.238037 -0.254191 0.143828 0.462814
-0.091431 0.041992 0.023682 -0.177768 0.081645 0.046044
-0.025146 0.013794 -0.043579 -0.048892 0.026819 -0.084730
-0.032227 0.029297 -0.065430 -0.062658 0.056962 -0.127214
-0.032471 0.041382 -0.108643 -0.063133 0.080458 -0.211233
-0.006104 0.026611 -0.104248 -0.011867 0.051740 -0.202689
0.011841 0.034180 -0.112183 0.023022 0.066455 -0.218116
0.031860 0.023071 -0.132568 0.061946 0.044857 -0.257752
0.045654 0.016968 -0.136353 0.088765 0.032990 -0.265109
0.029907 0.012329 -0.157471 0.058148 0.023971 -0.306169
0.017578 0.028442 -0.140747 0.034177 0.055300 -0.273653
-0.010132 0.059082 -0.133057 -0.019699 0.114873 -0.258701
0.005249 0.026611 -0.153198 0.010206 0.051740 -0.297862
0.020264 -0.017578 -0.150879 0.039398 -0.034177 -0.293353
-0.000366 -0.028687 -0.118408 -0.000712 -0.055775 -0.230220
-0.026245 -0.034424 -0.088623 -0.051028 -0.066930 -0.172309
-0.010986 -0.016602 -0.072144 -0.021361 -0.032278 -0.140268
-0.010742 -0.017944 -0.093750 -0.020886 -0.034889 -0.182277
-0.035889 -0.020508 -0.126099 -0.069778 -0.039873 -0.245173
-0.049927 -0.022095 -0.140747 -0.097072 -0.042959 -0.273653
-0.026611 -0.021606 -0.124023 -0.051740 -0.042009 -0.241138
0.022339 -0.022705 -0.102051 0.043433 -0.044145 -0.198416
0.046021 -0.020874 -0.095215 0.089477 -0.040585 -0.185125
0.038574 0.000000 -0.119263 0.075000 0.000000 -0.231881
0.012451 0.032837 -0.133545 0.024209 0.063845 -0.259650
0.003052 0.052612 -0.123413 0.005934 0.102294 -0.239951
-0.002686 0.083740 -0.107422 -0.005221 0.162815 -0.208859
-0.009033 0.089844 -0.127197 -0.017563 0.174682 -0.247309
-0.021729 0.084106 -0.120605 -0.042247 0.163527 -0.234492
-0.024780 0.085327 -0.076294 -0.048180 0.165901 -0.148338
-0.018311 0.040894 -0.062378 -0.035601 0.079509 -0.121281
-0.017578 0.028687 -0.070190 -0.034177 0.055775 -0.136471
-0.040405 0.012207 -0.112305 -0.078560 0.023734 -0.218353
