0.132690 0.408447 -0.132080 0.257989 0.794141 -0.256802
-0.029053 0.436646 -0.127563 -0.056487 0.848966 -0.248021
-0.168213 0.298218 -0.253662 -0.327055 0.579822 -0.493193
-0.206299 0.213379 -0.109253 -0.401105 0.414871 -0.212420
-0.267578 0.090454 0.197876 -0.520250 0.175869 0.384729
-0.353760 0.223511 0.530762 -0.687812 0.434570 1.031956
-0.552002 0.113037 0.734863 -1.073253 0.219777 1.428789
-0.612061 -0.164307 0.811768 -1.190024 -0.319460 1.578313
-0.552368 -0.312744 0.907471 -1.073965 -0.608066 1.764388
-0.537476 -0.558594 1.028687 -1.045009 -1.086069 2.000067
-0.474731 -0.619263 1.161133 -0.923016 -1.204027 2.257581
-0.545654 -0.634888 1.294434 -1.060911 -1.234407 2.516756
-0.470703 -0.321533 1.123779 -0.915184 -0.625154 2.184955
-0.223145 0.129150 0.929932 -0.433858 0.251106 1.808058
-0.177734 0.085571 0.529053 -0.345567 0.166376 1.028633
-0.196533 -0.174805 0.017456 -0.382118 -0.339871 0.033940
-0.051514 -0.258301 -0.419678 -0.100158 -0.502212 -0.815976
0.185059 -0.207031 -0.770996 0.359808 -0.402529 -1.499041
0.349976 -0.093140 -1.034302 0.680455 -0.181091 -2.010984
0.363892 0.117310 -1.147949 0.707511 0.228084 -2.231948
0.312500 0.287109 -1.179199 0.607591 0.558224 -2.292707
0.291016 0.439209 -1.223999 0.565819 0.853950 -2.379811
0.258911 0.552002 -1.240479 0.503399 1.073253 -2.411852
0.222290 0.522095 -1.294067 0.432197 1.015104 -2.516044
0.215332 0.413452 -1.340576 0.418668 0.803872 -2.606471
0.225830 0.376343 -1.251465 0.439080 0.731720 -2.433213
0.219849 0.374268 -1.034668 0.427450 0.727685 -2.011696
0.148682 0.309570 -0.752808 0.289080 0.601895 -1.463678
0.069092 0.164185 -0.508911 0.134335 0.319223 -0.989472
-0.029785 -0.020996 -0.283691 -0.057911 -0.040823 -0.551579
-0.305298 -0.103149 -0.123657 -0.593588 -0.200553 -0.240426
-0.411255 -0.224121 -0.041016 -0.799599 -0.435757 -0.079746
-0.367065 -0.474243 0.328247 -0.713682 -0.922067 0.638208
-0.405518 -0.692993 0.725708 -0.788444 -1.347381 1.410988
-0.578369 -0.789185 0.937378 -1.124518 -1.534405 1.822536
-0.778198 -0.999268 1.090698 -1.513044 -1.942868 2.120636
-0.758423 -0.945190 1.113159 -1.474595 -1.837726 2.164306
-0.487549 -0.243164 1.104126 -0.947937 -0.472782 2.146743
-0.309326 0.346191 0.913940 -0.601420 0.673097 1.776967
-0.220337 0.314575 0.439819 -0.428399 0.611626 0.855137
-0.104492 -0.001343 0.029663 -0.203163 -0.002611 0.057674
-0.034424 -0.160400 -0.180054 -0.066930 -0.311865 -0.350077
-0.017212 -0.124512 -0.193115 -0.033465 -0.242087 -0.375472
-0.017822 0.004150 -0.141357 -0.034652 0.008070 -0.274840
-0.042358 0.064819 -0.077148 -0.082357 0.126028 -0.149999
-0.041748 0.066772 -0.048340 -0.081170 0.129825 -0.093987
-0.037964 0.045166 -0.067505 -0.073813 0.087816 -0.131249
-0.040161 0.051636 -0.101685 -0.078085 0.100395 -0.197704
-0.041748 0.064819 -0.107666 -0.081170 0.126028 -0.209334
-0.066406 0.035645 -0.121216 -0.129113 0.069303 -0.235679
-0.053955 0.006592 -0.122925 -0.104904 0.012816 -0.239002
0.001465 0.043335 -0.103882 0.002848 0.084256 -0.201977
0.005493 0.065674 -0.111084 0.010680 0.127689 -0.215980
-0.002319 0.048950 -0.119141 -0.004509 0.095173 -0.231644
0.009888 0.056030 -0.137451 0.019225 0.108939 -0.267245
-0.016968 0.056030 -0.162598 -0.032990 0.108939 -0.316137
-0.041260 0.027344 -0.155640 -0.080221 0.053164 -0.302609
-0.055176 0.031006 -0.130859 -0.107278 0.060284 -0.254429
-0.087524 0.019165 -0.119385 -0.170173 0.037262 -0.232119
-0.079224 0.032593 -0.094360 -0.154034 0.063370 -0.183464
-0.046021 0.032837 -0.079346 -0.089477 0.063845 -0.154271
-0.019043 0.018677 -0.082275 -0.037025 0.036313 -0.159967
-0.014893 0.010010 -0.111572 -0.028956 0.019462 -0.216929
0.002075 0.030640 -0.133179 0.004035 0.059572 -0.258938
0.009644 0.040527 -0.132202 0.018750 0.078797 -0.257040
-0.041138 0.051025 -0.138916 -0.079984 0.099208 -0.270093
-0.060425 0.031860 -0.144165 -0.117483 0.061946 -0.280299
-0.041626 -0.000977 -0.128662 -0.080933 -0.001899 -0.250157
-0.039307 -0.006592 -0.115112 -0.076424 -0.012816 -0.223812
-0.034302 0.010132 -0.108765 -0.066693 0.019699 -0.211470
-0.022217 0.014038 -0.123901 -0.043196 0.027294 -0.240900
-0.005127 0.010254 -0.139404 -0.009968 0.019937 -0.271043
0.002319 0.013062 -0.133301 0.004509 0.025395 -0.259176
-0.007080 0.010986 -0.146362 -0.013766 0.021361 -0.284571
-0.025146 0.018555 -0.147095 -0.048892 0.036076 -0.285995
-0.033813 0.007690 -0.135376 -0.065743 0.014952 -0.263210
-0.028809 -0.003052 -0.131226 -0.056012 -0.005934 -0.255141
-0.026123 -0.001709 -0.130371 -0.050791 -0.003323 -0.253479
-0.018799 0.009888 -0.119019 -0.036550 0.019225 -0.231407
-0.013916 0.014648 -0.113892 -0.027057 0.028481 -0.221438
