0.017700 0.176758 -0.151001 0.034414 0.343669 -0.293590
0.020386 0.182251 -0.216187 0.039636 0.354349 -0.420330
0.026367 0.079956 -0.318848 0.051266 0.155458 -0.619933
0.082153 -0.027588 -0.373413 0.159730 -0.053639 -0.726024
0.041138 -0.243286 -0.400513 0.079984 -0.473019 -0.778713
0.079834 -0.241333 -0.318481 0.155221 -0.469222 -0.619221
0.116699 -0.129272 -0.104492 0.226897 -0.251343 -0.203163
0.057617 -0.145996 -0.139526 0.112025 -0.283859 -0.271280
0.208252 0.097778 -0.194214 0.404903 0.190110 -0.377608
0.157593 0.051880 -0.204468 0.306406 0.100870 -0.397545
0.200439 -0.042236 -0.334839 0.389713 -0.082120 -0.651024
0.306885 -0.059570 -0.394897 0.596673 -0.115822 -0.767796
0.256226 0.077271 -0.239502 0.498177 0.150236 -0.465662
0.192383 0.222656 -0.037476 0.374048 0.432909 -0.072863
-0.000488 0.263794 0.201660 -0.000949 0.512892 0.392086
-0.196411 0.345337 0.453491 -0.381881 0.671436 0.881719
-0.233887 0.264160 0.759766 -0.454744 0.513604 1.477206
-0.516235 0.040527 1.106445 -1.003712 0.078797 2.151252
-0.673462 0.080933 1.432129 -1.309406 0.157357 2.784476
-0.672974 0.192505 1.666748 -1.308457 0.374286 3.240644
-0.609253 0.314453 1.723633 -1.184565 0.611389 3.351245
-0.534546 0.358398 1.412109 -1.039313 0.696831 2.745552
-0.413696 0.106201 0.915771 -0.804346 0.206486 1.780527
-0.263794 -0.094482 0.453003 -0.512892 -0.183701 0.880770
-0.131592 -0.088623 0.052124 -0.255853 -0.172309 0.101344
0.013428 -0.012329 -0.384033 0.026107 -0.023971 -0.746673
0.210205 0.073975 -0.968018 0.408700 0.143828 -1.882108
0.273071 0.102417 -1.408936 0.530930 0.199128 -2.739382
0.341553 0.018921 -1.713989 0.664078 0.036788 -3.332495
0.446411 -0.035522 -1.908081 0.867953 -0.069066 -3.709866
0.426147 -0.067383 -1.922485 0.828555 -0.131012 -3.737872
0.370728 -0.169556 -1.768921 0.720802 -0.329666 -3.439298
0.364014 -0.095703 -1.507690 0.707749 -0.186075 -2.931390
0.311890 0.146362 -1.182129 0.606404 0.284571 -2.298403
0.205200 0.275879 -0.983398 0.398969 0.536389 -1.912013
0.045898 0.189941 -0.821289 0.089240 0.369301 -1.596825
-0.025757 0.134033 -0.682251 -0.050079 0.260600 -1.326495
-0.092529 0.104248 -0.441162 -0.179904 0.202689 -0.857748
-0.250977 0.083984 -0.176270 -0.487972 0.163290 -0.342719
-0.456055 0.098999 0.105469 -0.886703 0.192483 0.205062
-0.598999 0.045776 0.441162 -1.164629 0.089003 0.857748
-0.755859 -0.168091 0.815552 -1.469611 -0.326818 1.585670
-0.894897 -0.310669 1.224487 -1.739942 -0.604031 2.380760
-1.033691 -0.241089 1.646729 -2.009798 -0.468747 3.201720
-1.077759 -0.087891 2.031616 -2.095477 -0.170885 3.950054
-0.902344 0.087158 1.822754 -1.754419 0.169461 3.543965
-0.783081 0.050293 1.027344 -1.522538 0.097784 1.997456
-0.503906 0.018677 0.227539 -0.979741 0.036313 0.442402
-0.335938 -0.180786 -0.004150 -0.653160 -0.351501 -0.008070
-0.305420 -0.033447 -0.064819 -0.593825 -0.065031 -0.126028
-0.282959 0.249634 -0.131592 -0.550155 0.485361 -0.255853
-0.321045 0.393799 -0.167847 -0.624205 0.765660 -0.326343
-0.232666 0.344482 -0.182739 -0.452371 0.669774 -0.355298
-0.144043 0.205566 -0.211792 -0.280062 0.399681 -0.411785
-0.090942 0.111816 -0.266724 -0.176819 0.217404 -0.518589
-0.066162 0.081421 -0.259155 -0.128638 0.158306 -0.503873
-0.033936 0.117188 -0.188599 -0.065981 0.227847 -0.366691
-0.008545 0.160889 -0.169678 -0.016614 0.312815 -0.329903
0.020142 0.131836 -0.184692 0.039161 0.256328 -0.359096
0.060425 0.046875 -0.245728 0.117483 0.091139 -0.477766
0.091187 0.007568 -0.284668 0.177293 0.014715 -0.553478
0.096069 0.054810 -0.282349 0.186787 0.106566 -0.548968
0.095703 0.074219 -0.203735 0.186075 0.144303 -0.396121
0.043457 0.036011 -0.096680 0.084493 0.070015 -0.187973
0.040039 -0.007935 -0.093872 0.077848 -0.015427 -0.182515
0.045654 0.001587 -0.109497 0.088765 0.003085 -0.212894
0.040161 0.017944 -0.125854 0.078085 0.034889 -0.244698
0.009277 0.031250 -0.103760 0.018038 0.060759 -0.201739
-0.019287 0.039673 -0.080688 -0.037500 0.077136 -0.156882
0.029297 0.051636 -0.085571 0.056962 0.100395 -0.166376
0.017578 0.021606 -0.094604 0.034177 0.042009 -0.183939
0.000610 0.003296 -0.096191 0.001187 0.006408 -0.187024
-0.019409 0.021606 -0.079590 -0.037737 0.042009 -0.154746
-0.034668 0.018921 -0.092285 -0.067405 0.036788 -0.179429
-0.046753 -0.005737 -0.122681 -0.090901 -0.011155 -0.238527
-0.062012 -0.007690 -0.108765 -0.120569 -0.014952 -0.211470
-0.042114 0.011719 -0.081543 -0.081882 0.022785 -0.158543
-0.009033 0.041870 -0.061401 -0.017563 0.081408 -0.119382
0.005249 0.021851 -0.046631 0.010206 0.042484 -0.090664
0.010010 -0.026978 -0.037354 0.019462 -0.052452 -0.072626
