-0.155884 0.188965 -1.175415 -0.303084 0.367403 -2.285350
-0.086426 0.321289 -0.981812 -0.168037 0.624680 -1.908928
-0.086792 0.229736 -0.777466 -0.168749 0.446674 -1.511620
-0.192017 0.105835 -0.550659 -0.373336 0.205774 -1.070642
-0.236450 0.069702 -0.248291 -0.459728 0.135521 -0.482750
-0.246338 0.163696 0.160278 -0.478953 0.318273 0.311628
-0.362915 0.142822 0.350342 -0.705613 0.277688 0.681167
-0.545166 -0.133911 0.574463 -1.059962 -0.260362 1.116923
-0.568359 -0.427368 0.955566 -1.105056 -0.830928 1.857900
-0.565430 -0.652588 1.327515 -1.099360 -1.268821 2.581076
-0.495117 -0.742920 1.383545 -0.962652 -1.444453 2.690015
-0.602295 -0.805786 1.219116 -1.171037 -1.566683 2.370317
-0.443970 -0.626953 1.071167 -0.863207 -1.218980 2.082661
-0.224365 -0.321533 0.663818 -0.436231 -0.625154 1.290656
-0.089355 -0.031250 0.399170 -0.173733 -0.060759 0.776103
-0.021851 0.067627 0.129028 -0.042484 0.131487 0.250869
-0.024414 0.131958 -0.184937 -0.047468 0.256565 -0.359571
0.015259 0.299927 -0.474243 0.029668 0.583145 -0.922067
0.198975 0.454224 -0.611572 0.386865 0.883143 -1.189075
0.367798 0.458130 -0.692017 0.715106 0.890738 -1.345482
0.462280 0.341675 -0.868408 0.898808 0.664315 -1.688439
0.465576 0.143066 -1.149048 0.905216 0.278163 -2.234084
0.468384 -0.071289 -1.449463 0.910675 -0.138607 -2.818179
0.482910 -0.091675 -1.594849 0.938918 -0.178243 -3.100851
0.424683 0.165771 -1.466553 0.825707 0.322308 -2.851406
0.177979 0.302002 -1.096558 0.346042 0.587180 -2.132028
-0.047241 0.254517 -0.746826 -0.091851 0.494854 -1.452048
-0.196167 0.112671 -0.524048 -0.381406 0.219065 -1.018902
-0.282227 0.011963 -0.324463 -0.548731 0.023259 -0.630850
-0.296753 -0.090210 -0.099609 -0.576974 -0.175394 -0.193670
-0.298340 -0.097046 0.274902 -0.580060 -0.188686 0.534490
-0.325928 -0.201782 0.717407 -0.633699 -0.392323 1.394849
-0.402222 -0.427490 1.086060 -0.782036 -0.831166 2.111617
-0.529541 -0.622437 1.282715 -1.029582 -1.210198 2.493972
-0.708618 -0.583252 1.608765 -1.377760 -1.134012 3.127908
-0.651855 -0.434937 1.265015 -1.267397 -0.845643 2.459557
-0.457520 -0.376709 0.931274 -0.889551 -0.732432 1.810669
-0.407837 -0.324341 0.633301 -0.792954 -0.630613 1.231321
-0.231812 -0.194946 0.368408 -0.450709 -0.379032 0.716293
-0.023560 0.011353 0.284668 -0.045807 0.022073 0.553478
0.039551 0.127441 0.172974 0.076898 0.247783 0.336311
-0.022949 0.093628 0.017212 -0.044620 0.182040 0.033465
-0.085571 0.082520 -0.094238 -0.166376 0.160442 -0.183227
-0.022949 0.192871 -0.171875 -0.044620 0.374998 -0.334175
0.014160 0.252075 -0.236084 0.027531 0.490108 -0.459016
-0.013428 0.188354 -0.217529 -0.026107 0.366216 -0.422940
-0.086914 0.140015 -0.228394 -0.168986 0.272229 -0.444064
-0.072876 0.147095 -0.250854 -0.141692 0.285995 -0.487734
-0.033691 0.154419 -0.264160 -0.065506 0.300235 -0.513604
-0.006470 0.130005 -0.255493 -0.012579 0.252767 -0.496753
-0.036987 0.090576 -0.205444 -0.071914 0.176106 -0.399444
-0.027954 0.076904 -0.165771 -0.054351 0.149524 -0.322308
0.012207 0.067871 -0.145386 0.023734 0.131961 -0.282672
0.030396 0.047485 -0.134399 0.059098 0.092325 -0.261312
0.009766 0.024658 -0.126343 0.018987 0.047943 -0.245647
-0.011353 0.002563 -0.117676 -0.022073 0.004984 -0.228796
-0.013184 0.013550 -0.097290 -0.025633 0.026345 -0.189160
0.010864 0.040771 -0.094604 0.021123 0.079272 -0.183939
0.011963 0.040649 -0.099487 0.023259 0.079034 -0.193432
-0.019287 0.037354 -0.101074 -0.037500 0.072626 -0.196518
-0.004395 0.038208 -0.094360 -0.008544 0.074288 -0.183464
0.006714 0.028564 -0.104004 0.013054 0.055538 -0.202214
0.009399 0.021973 -0.119019 0.018275 0.042721 -0.231407
-0.012939 0.014282 -0.116943 -0.025158 0.027769 -0.227372
-0.045044 0.033203 -0.139404 -0.087579 0.064557 -0.271043
-0.045776 0.024170 -0.165161 -0.089003 0.046993 -0.321121
-0.041626 0.010986 -0.153198 -0.080933 0.021361 -0.297862
-0.028687 0.040771 -0.118774 -0.055775 0.079272 -0.230932
-0.026733 0.043213 -0.114258 -0.051978 0.084018 -0.222151
-0.025391 0.003784 -0.143433 -0.049367 0.007358 -0.278875
-0.004761 -0.004272 -0.142456 -0.009256 -0.008307 -0.276976
0.004517 -0.004150 -0.126221 0.008782 -0.008070 -0.245410
0.014404 -0.012817 -0.145630 0.028006 -0.024921 -0.283147
0.018066 0.018799 -0.151489 0.035126 0.036550 -0.294539
0.001343 0.021240 -0.135376 0.002611 0.041297 -0.263210
-0.020874 -0.012207 -0.145020 -0.040585 -0.023734 -0.281960
-0.001587 -0.047607 -0.105713 -0.003085 -0.092563 -0.205537
-0.017700 -0.019775 -0.147217 -0.034414 -0.038449 -0.286232
-0.027344 -0.009766 -0.154175 -0.053164 -0.018987 -0.299761
-0.021240 -0.048706 -0.151245 -0.041297 -0.094699 -0.294065
