0.248169 0.036377 -0.526367 0.482513 0.070727 -1.023411
0.332764 0.171997 -0.609985 0.646990 0.334412 -1.185989
0.246948 0.156860 -0.707520 0.480139 0.304982 -1.375624
0.199097 -0.022949 -0.642822 0.387102 -0.044620 -1.249834
0.068604 -0.223999 -0.556152 0.133385 -0.435519 -1.081322
-0.055054 -0.454956 -0.510864 -0.107040 -0.884567 -0.993269
-0.142456 -0.543945 -0.395874 -0.276976 -1.057588 -0.769695
-0.268188 -0.086426 -0.177612 -0.521437 -0.168037 -0.345330
-0.457764 0.031738 0.189941 -0.890026 0.061708 0.369301
-0.707764 -0.158325 0.438110 -1.376099 -0.307830 0.851814
-0.950684 -0.368530 0.894409 -1.848406 -0.716530 1.738992
-0.764282 -0.165649 1.629517 -1.485988 -0.322071 3.168256
-0.734131 0.492065 2.082764 -1.427364 0.956719 4.049500
-0.799072 0.414185 2.140869 -1.553630 0.805296 4.162474
-0.641968 0.157715 1.965332 -1.248173 0.306644 3.821179
-0.442627 -0.013550 1.363770 -0.860596 -0.026345 2.651566
-0.329590 -0.191772 0.545654 -0.640819 -0.372862 1.060911
-0.103760 0.015259 0.191650 -0.201739 0.029668 0.372624
-0.007813 0.230591 -0.168823 -0.015190 0.448336 -0.328242
0.155151 0.266724 -0.646240 0.301659 0.518589 -1.256480
0.380615 0.193481 -1.028198 0.740027 0.376184 -1.999117
0.503906 0.232056 -1.355469 0.979741 0.451184 -2.635427
0.481445 0.316284 -1.522095 0.936070 0.614949 -2.959396
0.388916 0.368164 -1.510010 0.756166 0.715818 -2.935899
0.245850 0.357178 -1.366211 0.478003 0.694458 -2.656312
0.218140 0.421631 -1.230347 0.424127 0.819773 -2.392153
0.336670 0.249146 -1.235474 0.654585 0.484412 -2.402121
0.464844 0.115112 -1.270752 0.903792 0.223812 -2.470712
0.495361 0.182495 -1.199097 0.963127 0.354824 -2.331394
0.231079 0.199829 -1.014526 0.449285 0.388526 -1.972535
0.036011 0.170166 -0.688354 0.070015 0.330852 -1.338362
-0.173706 0.245605 -0.357910 -0.337735 0.477529 -0.695882
-0.437500 0.220581 -0.105713 -0.850628 0.428874 -0.205537
-0.554199 0.099609 0.183472 -1.077525 0.193670 0.356722
-0.657837 -0.051392 0.434326 -1.279027 -0.099920 0.844457
-0.812866 -0.165527 0.701904 -1.580449 -0.321833 1.364707
-0.966797 -0.410889 1.058716 -1.879735 -0.798887 2.058452
-0.944214 -0.520020 1.325195 -1.835827 -1.011070 2.576566
-0.813110 -0.352783 1.372314 -1.580924 -0.685913 2.668180
-0.655640 0.072632 0.995850 -1.274755 0.141217 1.936222
-0.398926 0.073975 0.464844 -0.775628 0.143828 0.903792
-0.101440 0.039917 0.261597 -0.197230 0.077610 0.508620
0.099121 0.258667 0.158691 0.192720 0.502924 0.308542
-0.011841 0.359985 -0.083740 -0.023022 0.699916 -0.162815
0.024780 0.309448 -0.276489 0.048180 0.601658 -0.537576
0.050171 0.250122 -0.246582 0.097547 0.486310 -0.479427
0.002686 0.256470 -0.137695 0.005221 0.498652 -0.267720
-0.045410 0.215698 -0.102417 -0.088291 0.419380 -0.199128
-0.076904 0.146973 -0.109619 -0.149524 0.285758 -0.213132
-0.159058 0.108521 -0.159424 -0.309254 0.210996 -0.309966
-0.160156 0.082642 -0.177734 -0.311390 0.160679 -0.345567
-0.074585 0.063232 -0.146606 -0.145015 0.122942 -0.285046
-0.043091 0.068481 -0.143188 -0.083781 0.133148 -0.278400
-0.025879 0.050659 -0.136963 -0.050316 0.098496 -0.266296
0.010864 0.026489 -0.117798 0.021123 0.051503 -0.229033
0.012207 -0.008667 -0.096313 0.023734 -0.016851 -0.187261
0.000366 -0.005005 -0.112793 0.000712 -0.009731 -0.219302
-0.004883 0.004639 -0.116943 -0.009494 0.009019 -0.227372
-0.009644 0.028809 -0.115845 -0.018750 0.056012 -0.225236
-0.015991 0.025391 -0.104248 -0.031092 0.049367 -0.202689
-0.006104 0.016479 -0.116821 -0.011867 0.032041 -0.227135
-0.007935 0.040283 -0.106812 -0.015427 0.078322 -0.207673
-0.026001 0.036133 -0.104614 -0.050553 0.070253 -0.203401
-0.016479 0.030396 -0.119141 -0.032041 0.059098 -0.231644
0.000488 0.022217 -0.149292 0.000949 0.043196 -0.290267
0.025024 0.006348 -0.141479 0.048655 0.012342 -0.275077
0.004761 0.001221 -0.109619 0.009256 0.002373 -0.213132
0.001587 -0.002563 -0.082397 0.003085 -0.004984 -0.160205
0.036743 -0.030273 -0.100952 0.071439 -0.058860 -0.196280
0.035522 -0.113037 -0.118408 0.069066 -0.219777 -0.230220
0.015015 -0.163208 -0.132813 0.029193 -0.317324 -0.258226
0.013794 -0.129761 -0.169067 0.026819 -0.252293 -0.328716
-0.020020 -0.086304 -0.168823 -0.038924 -0.167800 -0.328242
-0.028442 -0.018066 -0.100098 -0.055300 -0.035126 -0.194619
-0.034912 -0.008423 -0.055908 -0.067879 -0.016376 -0.108702
-0.011841 -0.021729 -0.075562 -0.023022 -0.042247 -0.146914
-0.011353 -0.021729 -0.085571 -0.022073 -0.042247 -0.166376
-0.032227 0.012085 -0.102173 -0.062658 0.023497 -0.198654
-0.018799 0.036621 -0.119141 -0.036550 0.071202 -0.231644
-0.016479 0.022461 -0.132446 -0.032041 0.043671 -0.257514
