0.062622 0.489380 -0.504150 0.121756 0.951497 -0.980215
0.003540 0.552490 -0.508179 0.006883 1.074202 -0.988048
-0.249268 0.452637 -0.525879 -0.484649 0.880058 -1.022462
-0.389282 0.296875 -0.344360 -0.756878 0.577212 -0.669537
-0.672607 0.236328 0.015625 -1.307745 0.459491 0.030380
-0.815186 0.278442 0.525635 -1.584958 0.541373 1.021987
-0.985596 -0.072266 0.965210 -1.916286 -0.140505 1.876650
-0.949829 -0.462158 1.208130 -1.846745 -0.898570 2.348957
-0.772583 -0.928711 1.409912 -1.502127 -1.805685 2.741280
-0.533936 -1.053711 1.425171 -1.038126 -2.048721 2.770948
-0.530029 -0.947998 1.416016 -1.030532 -1.843185 2.753147
-0.488037 -0.770264 1.266724 -0.948886 -1.497617 2.462880
-0.252808 -0.260620 0.937988 -0.491532 -0.506721 1.823723
-0.153564 0.055176 0.379761 -0.298574 0.107278 0.738366
-0.124268 0.105469 -0.162842 -0.241612 0.205062 -0.316612
-0.017334 0.138184 -0.552002 -0.033702 0.268669 -1.073253
0.090942 0.131958 -0.933105 0.176819 0.256565 -1.814229
0.181396 0.058105 -1.239990 0.352688 0.112974 -2.410903
0.162598 0.119629 -1.452026 0.316137 0.232593 -2.823163
0.130005 0.354980 -1.457764 0.252767 0.690186 -2.834318
0.147095 0.545288 -1.318848 0.285995 1.060199 -2.564224
0.240967 0.622070 -1.275269 0.468510 1.209486 -2.479494
0.316650 0.656006 -1.270020 0.615661 1.275467 -2.469288
0.381348 0.630737 -1.172363 0.741451 1.226337 -2.279416
0.429199 0.574463 -1.003174 0.834488 1.116923 -1.950462
0.385376 0.479126 -0.714722 0.749283 0.931561 -1.389627
0.262939 0.316528 -0.526855 0.511231 0.615423 -1.024361
0.033936 0.184448 -0.537476 0.065981 0.358621 -1.045009
-0.188110 -0.114258 -0.357666 -0.365741 -0.222151 -0.695407
-0.159790 -0.449219 -0.192017 -0.310678 -0.873412 -0.373336
-0.336792 -0.555786 0.230347 -0.654822 -1.080610 0.447861
-0.608154 -0.563477 0.734009 -1.182429 -1.095563 1.427127
-0.733032 -0.723022 1.024902 -1.425228 -1.405766 1.992709
-0.796143 -0.987061 1.137573 -1.547933 -1.919134 2.211774
-0.737183 -0.702759 1.114990 -1.433298 -1.366368 2.167866
-0.602295 -0.132446 1.120117 -1.171037 -0.257514 2.177835
-0.469971 0.113770 0.968262 -0.913760 0.221201 1.882583
-0.411377 0.131348 0.570557 -0.799837 0.255378 1.109329
-0.391724 0.111938 0.172974 -0.761625 0.217641 0.336311
-0.330322 0.089722 -0.087158 -0.642243 0.174445 -0.169461
-0.226563 0.019287 -0.192017 -0.440504 0.037500 -0.373336
-0.116577 -0.060425 -0.210938 -0.226660 -0.117483 -0.410124
-0.091309 -0.018433 -0.175293 -0.177531 -0.035838 -0.340821
-0.057373 0.094604 -0.078491 -0.111550 0.183939 -0.152610
0.005371 0.108032 -0.085205 0.010443 0.210046 -0.165664
-0.001953 0.070801 -0.166382 -0.003797 0.137657 -0.323495
0.005371 0.051514 -0.154175 0.010443 0.100158 -0.299761
0.030273 0.049194 -0.132324 0.058860 0.095648 -0.257277
0.019043 0.036987 -0.099487 0.037025 0.071914 -0.193432
0.016357 0.021240 -0.092529 0.031804 0.041297 -0.179904
0.013550 0.037231 -0.111084 0.026345 0.072389 -0.215980
0.002319 0.050171 -0.131470 0.004509 0.097547 -0.255615
-0.030273 0.065552 -0.157471 -0.058860 0.127452 -0.306169
-0.016724 0.029175 -0.174805 -0.032516 0.056724 -0.339871
0.020508 -0.013550 -0.157837 0.039873 -0.026345 -0.306881
0.033447 -0.019043 -0.138794 0.065031 -0.037025 -0.269856
0.015991 0.025635 -0.148315 0.031092 0.049841 -0.288368
-0.019409 0.045044 -0.150513 -0.037737 0.087579 -0.292641
-0.020630 0.035034 -0.151611 -0.040111 0.068117 -0.294777
-0.016724 0.038330 -0.158081 -0.032516 0.074525 -0.307356
-0.005005 0.018433 -0.153931 -0.009731 0.035838 -0.299286
0.008789 0.004883 -0.142822 0.017089 0.009494 -0.277688
-0.007080 0.012695 -0.130859 -0.013766 0.024683 -0.254429
-0.008301 0.004028 -0.132202 -0.016139 0.007832 -0.257040
-0.009033 0.034668 -0.142090 -0.017563 0.067405 -0.276264
-0.006470 0.025391 -0.154419 -0.012579 0.049367 -0.300235
-0.002563 0.017090 -0.136108 -0.004984 0.033228 -0.264634
-0.017456 0.020630 -0.134399 -0.033940 0.040111 -0.261312
-0.024048 0.015991 -0.143433 -0.046756 0.031092 -0.278875
-0.028809 0.022339 -0.147949 -0.056012 0.043433 -0.287656
-0.031006 0.036865 -0.130371 -0.060284 0.071677 -0.253479
-0.001709 0.007080 -0.106934 -0.003323 0.013766 -0.207910
0.017700 0.006104 -0.127808 0.034414 0.011867 -0.248495
-0.004639 0.023804 -0.148804 -0.009019 0.046281 -0.289318
0.004028 0.013672 -0.143311 0.007832 0.026582 -0.278637
0.014160 -0.004272 -0.133057 0.027531 -0.008307 -0.258701
0.014282 -0.022705 -0.128418 0.027769 -0.044145 -0.249682
0.019653 -0.032471 -0.138428 0.038212 -0.063133 -0.269144
0.000732 -0.015503 -0.143677 0.001424 -0.030142 -0.279350
-0.022827 -0.002197 -0.143555 -0.044383 -0.004272 -0.279112
