0.049316 0.384399 -0.851074 0.095885 0.747385 -1.654737
-0.077271 0.478760 -0.711304 -0.150236 0.930849 -1.382982
-0.234985 0.344604 -0.685425 -0.456880 0.670012 -1.332666
-0.413208 0.209717 -0.277344 -0.803397 0.407751 -0.539237
-0.418335 -0.005737 0.396240 -0.813365 -0.011155 0.770407
-0.220215 -0.288452 0.928589 -0.428162 -0.560835 1.805448
-0.186035 -0.815674 1.156250 -0.361707 -1.585908 2.248087
-0.315430 -0.726685 1.300659 -0.613287 -1.412887 2.528861
-0.488525 -0.530029 1.213379 -0.949836 -1.030532 2.359162
-0.560425 -0.684326 1.022217 -1.089629 -1.330530 1.987488
-0.612549 -0.646973 0.845093 -1.190974 -1.257903 1.643107
-0.544434 -0.186279 0.788452 -1.058538 -0.362181 1.532981
-0.425537 -0.096069 0.431641 -0.827368 -0.186787 0.839235
-0.298828 -0.069580 0.088623 -0.581009 -0.135284 0.172309
-0.095947 -0.033936 -0.222656 -0.186549 -0.065981 -0.432909
0.172119 0.005615 -0.509521 0.334650 0.010918 -0.990658
0.409790 0.201172 -0.693237 0.796751 0.391137 -1.347855
0.495605 0.412598 -0.794189 0.963602 0.802210 -1.544136
0.480835 0.488037 -0.957275 0.934883 0.948886 -1.861223
0.456421 0.406128 -1.229736 0.887415 0.789631 -2.390966
0.479004 0.181519 -1.413574 0.931323 0.352925 -2.748400
0.457642 0.097900 -1.309448 0.889789 0.190347 -2.545949
0.298950 0.486206 -0.953857 0.581246 0.945326 -1.854577
-0.077271 0.956909 -0.646484 -0.150236 1.860510 -1.256954
-0.324829 0.934814 -0.654907 -0.631562 1.817552 -1.273331
-0.275024 0.281982 -0.800781 -0.534728 0.548256 -1.556952
-0.331543 -0.135010 -0.231201 -0.644616 -0.262498 -0.449522
-0.457764 -0.252686 0.299805 -0.890026 -0.491294 0.582908
-0.638062 -0.066895 0.591675 -1.240578 -0.130062 1.150388
-0.771240 -0.131104 0.738770 -1.499516 -0.254903 1.436383
-0.771851 -0.371338 0.819946 -1.500703 -0.721989 1.594215
-0.681030 -0.428589 0.786865 -1.324121 -0.833302 1.529895
-0.435425 -0.377075 0.707886 -0.846593 -0.733144 1.376336
-0.414917 -0.320679 0.398193 -0.806720 -0.623493 0.774204
-0.232788 -0.161743 0.213501 -0.452608 -0.314476 0.415108
-0.098022 -0.101074 0.137817 -0.190584 -0.196518 0.267957
0.059570 -0.171021 0.044678 0.115822 -0.332514 0.086867
0.129761 -0.113403 -0.128784 0.252293 -0.220489 -0.250394
0.080078 0.102539 -0.197144 0.155695 0.199366 -0.383305
-0.041870 0.257813 -0.270752 -0.081408 0.501263 -0.526421
-0.088501 0.234985 -0.314819 -0.172072 0.456880 -0.612101
-0.100830 0.189453 -0.321533 -0.196043 0.368352 -0.625154
0.020020 0.225708 -0.232056 0.038924 0.438842 -0.451184
0.091797 0.184814 -0.122559 0.178480 0.359333 -0.238290
0.039673 0.077026 -0.067871 0.077136 0.149762 -0.131961
-0.055176 0.008179 -0.068970 -0.107278 0.015902 -0.134097
-0.098267 -0.013672 -0.118408 -0.191059 -0.026582 -0.230220
-0.066772 0.018677 -0.177734 -0.129825 0.036313 -0.345567
-0.025269 0.094116 -0.200928 -0.049129 0.182989 -0.390662
0.015015 0.172119 -0.165039 0.029193 0.334650 -0.320884
-0.007446 0.176514 -0.143799 -0.014478 0.343194 -0.279587
-0.041992 0.150635 -0.136475 -0.081645 0.292878 -0.265346
-0.048462 0.118286 -0.117554 -0.094224 0.229983 -0.228559
-0.021606 0.100830 -0.121338 -0.042009 0.196043 -0.235916
-0.032471 0.057495 -0.131592 -0.063133 0.111787 -0.255853
-0.061523 0.008423 -0.115356 -0.119620 0.016376 -0.224287
-0.064697 -0.016968 -0.091064 -0.125790 -0.032990 -0.177056
-0.080200 -0.035278 -0.085205 -0.155933 -0.068591 -0.165664
-0.087646 -0.026123 -0.091309 -0.170410 -0.050791 -0.177531
-0.075928 -0.001343 -0.102539 -0.147626 -0.002611 -0.199366
-0.061890 0.008423 -0.125488 -0.120332 0.016376 -0.243986
-0.050293 -0.010620 -0.140991 -0.097784 -0.020649 -0.274128
-0.062866 -0.042725 -0.119629 -0.122230 -0.083069 -0.232593
-0.079224 -0.060303 -0.091675 -0.154034 -0.117246 -0.178243
-0.071045 -0.039551 -0.097168 -0.138132 -0.076898 -0.188923
-0.064819 -0.016235 -0.136597 -0.126028 -0.031566 -0.265584
-0.072021 -0.037598 -0.158569 -0.140031 -0.073101 -0.308305
-0.088501 -0.080322 -0.147949 -0.172072 -0.156170 -0.287656
-0.096436 -0.106079 -0.124146 -0.187499 -0.206249 -0.241375
-0.088379 -0.104736 -0.115967 -0.171834 -0.203638 -0.225473
-0.057007 -0.079468 -0.118286 -0.110838 -0.154509 -0.229983
-0.045410 -0.080811 -0.099609 -0.088291 -0.157119 -0.193670
-0.041992 -0.064453 -0.074707 -0.081645 -0.125316 -0.145252
-0.039307 -0.037476 -0.060791 -0.076424 -0.072863 -0.118195
-0.047363 -0.016235 -0.048706 -0.092088 -0.031566 -0.094699
-0.029785 -0.009399 -0.062988 -0.057911 -0.018275 -0.122468
-0.002930 -0.004150 -0.068848 -0.005696 -0.008070 -0.133860
-0.001709 -0.018066 -0.059448 -0.003323 -0.035126 -0.115585
-0.021973 -0.031372 -0.030273 -0.042721 -0.060996 -0.058860
-0.042358 -0.029541 -0.013428 -0.082357 -0.057436 -0.026107
