0.507080 0.507080 -0.950806 0.985912 0.985912 -1.848643
0.462402 0.361938 -0.955322 0.899045 0.703714 -1.857425
0.056274 0.170532 -0.730713 0.109414 0.331564 -1.420719
-0.281372 0.090454 -0.489258 -0.547069 0.175869 -0.951260
-0.748535 -0.385376 -0.283203 -1.455371 -0.749283 -0.550629
-0.823120 -0.414185 0.130127 -1.600386 -0.805296 0.253005
-0.923096 -0.221924 1.059814 -1.794767 -0.431485 2.060588
-1.550415 -0.090332 1.913574 -3.014459 -0.175632 3.720546
-1.781738 -0.351807 1.689453 -3.464219 -0.684015 3.284790
-1.521240 -0.365601 1.086548 -2.957735 -0.710834 2.112566
-0.984009 -0.813843 0.966797 -1.913200 -1.582348 1.879735
-0.363647 -0.588379 0.948975 -0.707037 -1.143980 1.845083
-0.139160 -0.084229 0.654175 -0.270568 -0.163765 1.271907
-0.036011 -0.143799 0.184204 -0.070015 -0.279587 0.358146
-0.019043 -0.237427 -0.105591 -0.037025 -0.461627 -0.205299
-0.137329 0.009399 -0.294312 -0.267008 0.018275 -0.572227
-0.012695 0.191895 -0.492676 -0.024683 0.373099 -0.957905
0.134155 0.260376 -0.728882 0.260837 0.506247 -1.417159
0.161377 0.294434 -0.934692 0.313764 0.572465 -1.817315
0.302856 0.250000 -1.121216 0.588841 0.486073 -2.179971
0.480225 0.140625 -1.373169 0.933697 0.273416 -2.669841
0.522461 0.123047 -1.565796 1.015816 0.239239 -3.044364
0.494263 0.207764 -1.594360 0.960991 0.403953 -3.099901
0.510254 0.235962 -1.495728 0.992082 0.458779 -2.908130
0.420776 0.253662 -1.397095 0.818112 0.493193 -2.716360
0.316406 0.207275 -1.147461 0.615186 0.403004 -2.230999
0.053589 0.063843 -0.738403 0.104192 0.124129 -1.435671
-0.084106 -0.130981 -0.332520 -0.163527 -0.254666 -0.646515
-0.172241 -0.259155 -0.003174 -0.334887 -0.503873 -0.006171
-0.262329 -0.255737 0.209839 -0.510044 -0.497228 0.407988
-0.388428 -0.248901 0.394897 -0.755217 -0.483937 0.767796
-0.559692 -0.280029 0.652344 -1.088205 -0.544459 1.268346
-0.738037 -0.315308 0.964478 -1.434959 -0.613050 1.875226
-0.803833 -0.364746 1.303101 -1.562886 -0.709173 2.533607
-0.891479 -0.457642 1.505737 -1.733296 -0.889789 2.927593
-0.924194 -0.477539 1.384888 -1.796903 -0.928475 2.692626
-0.780029 -0.403198 0.916504 -1.516604 -0.783935 1.781951
-0.384155 -0.133545 0.334351 -0.746910 -0.259650 0.650075
-0.135376 -0.069946 0.046875 -0.263210 -0.135996 0.091139
-0.029053 -0.137695 -0.042603 -0.056487 -0.267720 -0.082832
0.051147 -0.127197 -0.113892 0.099446 -0.247309 -0.221438
0.057739 0.027222 -0.096069 0.112262 0.052927 -0.186787
-0.027100 0.125732 -0.116943 -0.052690 0.244460 -0.227372
-0.060669 0.038574 -0.126099 -0.117958 0.075000 -0.245173
-0.042114 0.011353 -0.132446 -0.081882 0.022073 -0.257514
-0.036987 0.039307 -0.127319 -0.071914 0.076424 -0.247546
-0.037476 0.058350 -0.109131 -0.072863 0.113449 -0.212182
-0.038452 0.059570 -0.101807 -0.074762 0.115822 -0.197942
-0.037109 0.072632 -0.128296 -0.072151 0.141217 -0.249445
-0.019897 0.045654 -0.135254 -0.038686 0.088765 -0.262973
-0.031860 0.021118 -0.130859 -0.061946 0.041060 -0.254429
-0.027832 0.069824 -0.110107 -0.054114 0.135759 -0.214081
-0.022705 0.076782 -0.114868 -0.044145 0.149287 -0.223337
-0.010498 0.068237 -0.121948 -0.020411 0.132673 -0.237103
-0.028809 0.084839 -0.123901 -0.056012 0.164952 -0.240900
-0.034546 0.082764 -0.117676 -0.067167 0.160917 -0.228796
-0.026855 0.082764 -0.114014 -0.052215 0.160917 -0.221676
-0.013916 0.020752 -0.105103 -0.027057 0.040348 -0.204350
-0.018555 -0.003540 -0.114746 -0.036076 -0.006883 -0.223100
-0.025146 0.014648 -0.117310 -0.048892 0.028481 -0.228084
-0.024048 0.030518 -0.132324 -0.046756 0.059335 -0.257277
-0.033203 0.025513 -0.141968 -0.064557 0.049604 -0.276027
-0.018311 0.027466 -0.137573 -0.035601 0.053402 -0.267482
-0.021606 0.027344 -0.124146 -0.042009 0.053164 -0.241375
-0.017944 -0.003052 -0.116211 -0.034889 -0.005934 -0.225948
-0.025024 -0.004028 -0.107300 -0.048655 -0.007832 -0.208622
-0.031250 0.014771 -0.113892 -0.060759 0.028718 -0.221438
-0.036499 0.033936 -0.119507 -0.070965 0.065981 -0.232356
-0.034790 0.036255 -0.131470 -0.067642 0.070490 -0.255615
-0.022949 0.053223 -0.117188 -0.044620 0.103480 -0.227847
-0.009521 0.013184 -0.118896 -0.018513 0.025633 -0.231169
-0.016235 -0.030151 -0.120850 -0.031566 -0.058623 -0.234967
-0.044678 -0.009399 -0.107910 -0.086867 -0.018275 -0.209809
-0.053467 0.005981 -0.099976 -0.103955 0.011630 -0.194382
-0.034668 -0.003174 -0.121094 -0.067405 -0.006171 -0.235442
-0.018066 0.002319 -0.123047 -0.035126 0.004509 -0.239239
-0.033691 0.025269 -0.122437 -0.065506 0.049129 -0.238052
-0.027954 0.021240 -0.107910 -0.054351 0.041297 -0.209809
-0.042603 -0.001343 -0.110229 -0.082832 -0.002611 -0.214318
-0.033203 0.006836 -0.109253 -0.064557 0.013291 -0.212420
