0.175171 0.121826 -0.494873 0.340583 0.236866 -0.962178
0.171875 0.391968 -0.555298 0.334175 0.762100 -1.079661
0.149292 0.649658 -0.627197 0.290267 1.263125 -1.219454
0.172363 0.597534 -0.553589 0.335124 1.161781 -1.076338
0.119507 0.467407 -0.339722 0.232356 0.908776 -0.660518
-0.142212 0.565796 -0.126099 -0.276501 1.100072 -0.245173
-0.411987 0.971436 -0.126099 -0.801023 1.888754 -0.245173
-0.808838 0.216797 -0.083618 -1.572617 0.421516 -0.162578
-0.677246 -0.158203 0.003540 -1.316764 -0.307593 0.006883
-0.685547 -0.207886 0.510498 -1.332903 -0.404191 0.992557
-0.760620 -0.386475 1.036743 -1.478867 -0.751419 2.015731
-0.756958 -0.793945 1.338135 -1.471747 -1.543661 2.601724
-0.659302 -1.159302 1.352295 -1.281875 -2.254021 2.629256
-0.373291 -1.014404 1.149414 -0.725787 -1.972298 2.234796
-0.172363 -0.617676 0.939819 -0.335124 -1.200942 1.827283
-0.124512 -0.387695 0.583374 -0.242087 -0.753793 1.134249
-0.111572 -0.157593 0.227905 -0.216929 -0.306406 0.443114
-0.119873 0.089600 -0.007935 -0.233068 0.174208 -0.015427
-0.084106 0.170044 -0.237183 -0.163527 0.330615 -0.461152
-0.008301 0.171143 -0.483765 -0.016139 0.332751 -0.940580
0.012085 0.197632 -0.756958 0.023497 0.384254 -1.471747
0.004517 0.196289 -0.978271 0.008782 0.381643 -1.902045
0.022095 0.189331 -1.183105 0.042959 0.368115 -2.300302
0.050415 0.254395 -1.301636 0.098022 0.494617 -2.530760
0.066162 0.383423 -1.282837 0.128638 0.745486 -2.494209
0.104248 0.434082 -1.124268 0.202689 0.843982 -2.185904
0.161133 0.400635 -1.066162 0.313289 0.778951 -2.072930
0.173462 0.425293 -1.009766 0.337261 0.826894 -1.963279
0.110474 0.507568 -0.846436 0.214793 0.986861 -1.645718
0.030884 0.528687 -0.612793 0.060047 1.027921 -1.191448
-0.041992 0.387451 -0.372070 -0.081645 0.753318 -0.723413
-0.167114 0.314819 -0.244629 -0.324919 0.612101 -0.475630
-0.526733 0.594849 -0.137207 -1.024123 1.156559 -0.266770
-0.542725 0.526001 -0.250854 -1.055215 1.022699 -0.487734
-0.390503 0.144287 -0.167847 -0.759252 0.280536 -0.326343
-0.373047 -0.293335 0.194946 -0.725312 -0.570329 0.379032
-0.383789 -0.752197 0.600342 -0.746198 -1.462491 1.167240
-0.359497 -1.056152 0.907959 -0.698967 -2.053468 1.765337
-0.271973 -0.796631 1.089722 -0.528794 -1.548883 2.118737
-0.317383 -0.320801 1.016968 -0.617085 -0.623730 1.977282
-0.357178 -0.090454 0.611084 -0.694458 -0.175869 1.188125
-0.351440 -0.008179 0.258423 -0.683303 -0.015902 0.502449
-0.193359 0.067383 0.015381 -0.375947 0.131012 0.029905
-0.010742 0.089355 -0.089233 -0.020886 0.173733 -0.173496
0.060547 0.116699 -0.106323 0.117721 0.226897 -0.206723
0.023315 0.163696 -0.097534 0.045332 0.318273 -0.189635
-0.031128 0.149170 -0.036133 -0.060522 0.290030 -0.070253
-0.037231 0.059448 0.054443 -0.072389 0.115585 0.105854
-0.047729 0.048706 0.055542 -0.092800 0.094699 0.107990
0.036743 0.016724 0.037842 0.071439 0.032516 0.073575
0.075928 -0.044067 0.012695 0.147626 -0.085680 0.024683
0.014893 0.001465 -0.012573 0.028956 0.002848 -0.024446
0.016235 0.002930 -0.028931 0.031566 0.005696 -0.056250
0.034912 -0.036377 -0.050049 0.067879 -0.070727 -0.097310
0.022705 -0.059570 -0.051636 0.044145 -0.115822 -0.100395
-0.002808 -0.041504 -0.043091 -0.005459 -0.080696 -0.083781
-0.027466 0.012817 -0.053833 -0.053402 0.024921 -0.104667
-0.015869 0.008179 -0.106934 -0.030854 0.015902 -0.207910
0.015503 -0.007813 -0.152832 0.030142 -0.015190 -0.297150
0.067871 0.017334 -0.157104 0.131961 0.033702 -0.305457
0.063354 0.069336 -0.185425 0.123180 0.134809 -0.360520
0.019287 0.062622 -0.205322 0.037500 0.121756 -0.399206
-0.002441 0.057495 -0.184204 -0.004747 0.111787 -0.358146
0.020508 0.045532 -0.145630 0.039873 0.088528 -0.283147
0.039917 0.033447 -0.139526 0.077610 0.065031 -0.271280
0.028442 0.015869 -0.155518 0.055300 0.030854 -0.302372
0.015259 0.033081 -0.164551 0.029668 0.064319 -0.319935
0.003540 0.061401 -0.150146 0.006883 0.119382 -0.291929
0.013428 0.042603 -0.132446 0.026107 0.082832 -0.257514
0.041138 0.026611 -0.094849 0.079984 0.051740 -0.184413
0.053345 0.023315 -0.077026 0.103718 0.045332 -0.149762
0.040771 0.032959 -0.097900 0.079272 0.064082 -0.190347
0.009644 0.049805 -0.119507 0.018750 0.096835 -0.232356
0.014282 0.019653 -0.117065 0.027769 0.038212 -0.227609
0.021484 -0.000854 -0.102661 0.041772 -0.001661 -0.199603
0.025269 -0.012695 -0.094727 0.049129 -0.024683 -0.184176
0.017212 -0.001587 -0.099365 0.033465 -0.003085 -0.193195
0.003418 0.008545 -0.109985 0.006646 0.016614 -0.213844
-0.005127 -0.003174 -0.125610 -0.009968 -0.006171 -0.244223
-0.020630 -0.006226 -0.129150 -0.040111 -0.012104 -0.251106
