-0.320190 0.581421 -0.818726 -0.622544 1.130452 -1.591841
-0.561035 0.543701 -0.687134 -1.090816 1.057114 -1.335989
-0.137573 0.472778 -0.686646 -0.267482 0.919219 -1.335039
0.150879 0.153809 -0.568604 0.293353 0.299049 -1.105531
0.216064 -0.003296 -0.620483 0.420092 -0.006408 -1.206401
0.310181 0.067993 -0.888306 0.603082 0.132199 -1.727125
-0.137329 -0.013306 -0.775146 -0.267008 -0.025870 -1.507111
-0.429932 -0.049683 -0.454346 -0.835912 -0.096597 -0.883381
-0.602905 0.043701 0.062866 -1.172224 0.084968 0.122230
-0.768433 0.013428 0.741455 -1.494057 0.026107 1.441605
-0.764282 -0.538452 1.086548 -1.485988 -1.046908 2.112566
-0.767334 -0.890869 1.338257 -1.491921 -1.732109 2.601962
-0.786133 -0.722900 1.660034 -1.528471 -1.405529 3.227591
-0.783936 -0.330811 1.762451 -1.524199 -0.643192 3.426719
-0.625610 -0.098877 1.600464 -1.216369 -0.192246 3.111768
-0.416138 -0.081055 1.133911 -0.809093 -0.157594 2.204654
-0.264893 -0.015747 0.727417 -0.515028 -0.030617 1.414311
-0.181763 0.095947 0.385986 -0.353400 0.186549 0.750470
0.078979 0.103271 0.056885 0.153559 0.200790 0.110601
0.218994 0.110718 -0.243530 0.425788 0.215268 -0.473494
0.178589 0.179199 -0.583252 0.347229 0.348416 -1.134012
0.074829 0.244385 -0.854126 0.145490 0.475155 -1.660670
0.065552 0.308228 -0.985352 0.127452 0.599284 -1.915811
0.063110 0.435425 -1.058228 0.122705 0.846593 -2.057503
0.086060 0.440063 -1.139404 0.167325 0.855612 -2.215334
0.164063 0.449463 -1.177856 0.318985 0.873887 -2.290097
0.270264 0.556396 -1.067383 0.525471 1.081797 -2.075304
0.344849 0.589355 -0.865112 0.670486 1.145879 -1.682031
0.370117 0.545044 -0.636108 0.719616 1.059724 -1.236780
0.339355 0.531372 -0.535645 0.659806 1.033142 -1.041449
0.227173 0.487793 -0.629761 0.441690 0.948412 -1.224439
0.175537 0.294556 -0.636597 0.341295 0.572702 -1.237730
0.122803 0.095703 -0.502075 0.238764 0.186075 -0.976181
-0.088013 0.082642 -0.364380 -0.171122 0.160679 -0.708461
-0.358643 0.045898 -0.179565 -0.697306 0.089240 -0.349128
-0.541992 -0.002808 0.034912 -1.053791 -0.005459 0.067879
-0.714722 -0.128296 0.293335 -1.389627 -0.249445 0.570329
-0.873413 -0.463623 0.583496 -1.698170 -0.901418 1.134487
-0.941650 -0.773682 0.816772 -1.830843 -1.504263 1.588044
-0.859863 -0.686768 0.999023 -1.671825 -1.335276 1.942393
-0.686523 -0.196167 1.121582 -1.334802 -0.381406 2.180682
-0.548340 0.003052 0.802246 -1.066133 0.005934 1.559800
-0.343384 -0.096191 0.370239 -0.667638 -0.187024 0.719853
-0.159058 -0.062012 0.177246 -0.309254 -0.120569 0.344618
-0.090576 0.046631 0.060303 -0.176106 0.090664 0.117246
-0.076416 0.125854 -0.018433 -0.148575 0.244698 -0.035838
-0.062378 0.081055 -0.095337 -0.121281 0.157594 -0.185363
-0.079102 0.074463 -0.108032 -0.153797 0.144778 -0.210046
-0.090332 0.154419 -0.094604 -0.175632 0.300235 -0.183939
-0.087769 0.135498 -0.117310 -0.170648 0.263448 -0.228084
-0.049683 0.043701 -0.115356 -0.096597 0.084968 -0.224287
-0.025513 -0.013550 -0.068481 -0.049604 -0.026345 -0.133148
-0.049072 -0.008911 -0.056763 -0.095411 -0.017326 -0.110363
-0.079590 -0.037842 -0.116821 -0.154746 -0.073575 -0.227135
-0.065063 -0.047607 -0.124268 -0.126502 -0.092563 -0.241612
-0.023071 -0.013428 -0.071289 -0.044857 -0.026107 -0.138607
0.029175 0.013306 -0.065918 0.056724 0.025870 -0.128164
0.032715 0.061890 -0.083496 0.063607 0.120332 -0.162341
0.009521 0.079346 -0.076782 0.018513 0.154271 -0.149287
-0.029419 0.084229 -0.109985 -0.057199 0.163765 -0.213844
-0.045898 0.069702 -0.134033 -0.089240 0.135521 -0.260600
-0.041504 0.076538 -0.111938 -0.080696 0.148812 -0.217641
-0.039307 0.057129 -0.112427 -0.076424 0.111075 -0.218590
-0.038696 0.036865 -0.145264 -0.075237 0.071677 -0.282435
-0.046509 0.001709 -0.139771 -0.090427 0.003323 -0.271755
-0.034546 -0.017944 -0.127197 -0.067167 -0.034889 -0.247309
-0.012451 -0.008179 -0.123169 -0.024209 -0.015902 -0.239476
-0.010620 0.021729 -0.126831 -0.020649 0.042247 -0.246597
-0.030640 0.044434 -0.140015 -0.059572 0.086392 -0.272229
-0.042358 0.043457 -0.146851 -0.082357 0.084493 -0.285520
-0.037476 0.053955 -0.106812 -0.072863 0.104904 -0.207673
-0.041504 0.033813 -0.095825 -0.080696 0.065743 -0.186312
-0.037598 0.010010 -0.116821 -0.073101 0.019462 -0.227135
-0.037720 0.012085 -0.120361 -0.073338 0.023497 -0.234018
-0.043091 -0.001831 -0.108643 -0.083781 -0.003560 -0.211233
-0.050903 -0.008057 -0.094482 -0.098971 -0.015664 -0.183701
-0.047485 0.007568 -0.108398 -0.092325 0.014715 -0.210758
-0.018188 -0.003784 -0.136963 -0.035364 -0.007358 -0.266296
-0.036621 0.040649 -0.140015 -0.071202 0.079034 -0.272229
-0.014526 0.023071 -0.134521 -0.028243 0.044857 -0.261549
