0.025879 0.182129 -0.628784 0.050316 0.354112 -1.222540
-0.034302 0.247925 -0.654297 -0.066693 0.482038 -1.272144
-0.074463 0.079102 -0.677246 -0.144778 0.153797 -1.316764
0.034302 0.027100 -0.623291 0.066693 0.052690 -1.211859
-0.042480 -0.075684 -0.692139 -0.082594 -0.147151 -1.345719
-0.325317 -0.256104 -0.195068 -0.632512 -0.497940 -0.379270
-0.318848 -0.236450 0.311890 -0.619933 -0.459728 0.606404
-0.498657 -0.144043 0.255127 -0.969535 -0.280062 0.496041
-0.864746 -0.328735 0.060181 -1.681319 -0.639157 0.117009
-0.799072 -0.574951 0.698364 -1.553630 -1.117873 1.357824
-0.750854 -0.252563 1.489624 -1.459880 -0.491057 2.896264
-0.937012 0.002197 2.002075 -1.821824 0.004272 3.892618
-1.055908 0.192017 2.215088 -2.052994 0.373336 4.306777
-0.942139 0.395996 2.071411 -1.831792 0.769932 4.027427
-1.025635 0.154785 1.644409 -1.994133 0.300947 3.197211
-0.908813 0.122437 1.242676 -1.766998 0.238052 2.416124
-0.454834 0.204834 0.822876 -0.884330 0.398257 1.599911
0.066406 0.027100 0.329712 0.129113 0.052690 0.641056
0.391235 0.175049 -0.189453 0.760676 0.340346 -0.368352
0.539307 0.031372 -0.519653 1.048569 0.060996 -1.010358
0.552734 -0.101318 -1.142456 1.074677 -0.196992 -2.221268
0.488525 -0.142212 -1.520142 0.949836 -0.276501 -2.955599
0.373779 -0.092407 -1.594482 0.726736 -0.179667 -3.100139
0.268677 0.138550 -1.574585 0.522386 0.269381 -3.061452
0.217285 0.227783 -1.554810 0.422466 0.442877 -3.023003
0.261597 0.222412 -1.561401 0.508620 0.432434 -3.035820
0.359985 0.205566 -1.605469 0.699916 0.399681 -3.121500
0.415771 0.161499 -1.571533 0.808381 0.314001 -3.055519
0.364380 0.164185 -1.376465 0.708461 0.319223 -2.676249
0.314575 0.223145 -1.108521 0.611626 0.433858 -2.155287
0.254517 0.180786 -0.963379 0.494854 0.351501 -1.873090
0.157104 0.053467 -0.859741 0.305457 0.103955 -1.671588
0.006470 -0.091431 -0.722534 0.012579 -0.177768 -1.404817
-0.090454 -0.200439 -0.461182 -0.175869 -0.389713 -0.896672
-0.247925 -0.257202 -0.166992 -0.482038 -0.500076 -0.324682
-0.448364 -0.256958 0.139893 -0.871751 -0.499601 0.271992
-0.651733 -0.290527 0.410889 -1.267160 -0.564870 0.798887
-0.826172 -0.358521 0.762085 -1.606319 -0.697068 1.481715
-1.059082 -0.300415 1.162354 -2.059164 -0.584094 2.259954
-1.270142 -0.111206 1.413940 -2.469526 -0.216217 2.749113
-1.389160 0.169800 1.422852 -2.700933 0.330140 2.766438
-1.118408 0.218872 1.240601 -2.174512 0.425551 2.412089
-0.714722 0.197266 1.040649 -1.389627 0.383542 2.023326
-0.499756 0.581909 0.724243 -0.971671 1.131401 1.408140
-0.554932 0.755371 0.316650 -1.078949 1.468662 0.615661
-0.553467 0.402100 0.172729 -1.076101 0.781799 0.335836
-0.319824 0.231812 0.082520 -0.621832 0.450709 0.160442
-0.125122 0.139893 -0.036499 -0.243274 0.271992 -0.070965
-0.017822 0.071655 -0.120117 -0.034652 0.139319 -0.233543
0.037231 0.060181 -0.139160 0.072389 0.117009 -0.270568
0.026367 0.057617 -0.096313 0.051266 0.112025 -0.187261
-0.029663 0.076660 -0.041382 -0.057674 0.149050 -0.080458
-0.082031 0.119141 -0.049805 -0.159493 0.231644 -0.096835
-0.074829 0.088135 -0.086182 -0.145490 0.171360 -0.167562
-0.032471 0.047607 -0.092163 -0.063133 0.092563 -0.179192
-0.001709 0.075562 -0.080811 -0.003323 0.146914 -0.157119
0.024658 0.088135 -0.093018 0.047943 0.171360 -0.180853
0.037354 0.085205 -0.131714 0.072626 0.165664 -0.256090
0.047241 0.065796 -0.138550 0.091851 0.127926 -0.269381
0.030762 0.062500 -0.111816 0.059810 0.121518 -0.217404
0.009399 0.067017 -0.074707 0.018275 0.130300 -0.145252
-0.017334 0.092773 -0.070557 -0.033702 0.180379 -0.137183
-0.013794 0.106689 -0.086548 -0.026819 0.207435 -0.168274
-0.000610 0.069214 -0.103027 -0.001187 0.134572 -0.200315
-0.006104 0.053223 -0.115479 -0.011867 0.103480 -0.224524
-0.021484 0.041992 -0.098755 -0.041772 0.081645 -0.192008
-0.038086 0.053345 -0.080200 -0.074050 0.103718 -0.155933
-0.038696 0.058838 -0.086060 -0.075237 0.114398 -0.167325
-0.037231 0.044800 -0.104248 -0.072389 0.087104 -0.202689
-0.037598 0.030396 -0.111206 -0.073101 0.059098 -0.216217
-0.040894 0.032837 -0.105591 -0.079509 0.063845 -0.205299
-0.032471 0.039551 -0.090454 -0.063133 0.076898 -0.175869
-0.018433 0.039551 -0.084351 -0.035838 0.076898 -0.164002
-0.008545 0.041870 -0.079102 -0.016614 0.081408 -0.153797
0.010864 0.029785 -0.074219 0.021123 0.057911 -0.144303
0.014038 0.028076 -0.093994 0.027294 0.054588 -0.182752
0.004150 0.029663 -0.106201 0.008070 0.057674 -0.206486
-0.003052 0.033447 -0.104492 -0.005934 0.065031 -0.203163
0.000610 0.026978 -0.101685 0.001187 0.052452 -0.197704
0.006958 0.025146 -0.099731 0.013528 0.048892 -0.193907
