-0.075195 -0.159058 0.226318 -0.146202 -0.309254 0.440029
-0.129761 0.026611 0.009277 -0.252293 0.051740 0.018038
-0.154297 0.031006 -0.219482 -0.299998 0.060284 -0.426738
-0.137207 -0.175781 -0.242065 -0.266770 -0.341770 -0.470646
-0.076416 0.034790 -0.145996 -0.148575 0.067642 -0.283859
-0.074829 0.093628 0.112427 -0.145490 0.182040 0.218590
-0.064331 0.255371 0.239502 -0.125078 0.496516 0.465662
-0.051147 0.236572 -0.002075 -0.099446 0.459965 -0.004035
-0.033081 0.245972 -0.259277 -0.064319 0.478241 -0.504111
-0.089722 0.254761 -0.256592 -0.174445 0.495329 -0.498889
-0.092285 0.240479 -0.314819 -0.179429 0.467560 -0.612101
-0.024048 0.105591 -0.598022 -0.046756 0.205299 -1.162730
0.058838 -0.205566 -0.904419 0.114398 -0.399681 -1.758454
-0.029297 -0.067139 -0.547363 -0.056962 -0.130537 -1.064234
0.157837 0.200317 -0.446777 0.306881 0.389475 -0.868665
0.140869 0.481934 -0.552002 0.273891 0.937019 -1.073253
0.080811 0.296021 -0.490723 0.157119 0.575550 -0.954108
0.052979 0.098877 -0.426025 0.103006 0.192246 -0.828318
0.134277 -0.026733 -0.420532 0.261074 -0.051978 -0.817637
0.136963 0.004761 -0.501587 0.266296 0.009256 -0.975231
-0.004883 0.188965 -0.463013 -0.009494 0.367403 -0.900232
-0.109619 0.273682 -0.301270 -0.213132 0.532117 -0.585756
-0.139893 0.170654 -0.091187 -0.271992 0.331802 -0.177293
-0.168091 -0.029175 0.127563 -0.326818 -0.056724 0.248021
-0.273438 -0.003906 0.337280 -0.531642 -0.007595 0.655771
-0.395264 -0.005737 0.643555 -0.768508 -0.011155 1.251258
-0.555664 -0.052734 1.070190 -1.080373 -0.102531 2.080762
-0.710083 -0.130737 1.473022 -1.380608 -0.254191 2.863985
-0.702026 -0.094604 1.533936 -1.364944 -0.183939 2.982418
-0.498901 0.080322 1.415283 -0.970010 0.156170 2.751723
-0.263550 0.169556 1.400635 -0.512418 0.329666 2.723243
-0.006714 0.544189 1.408203 -0.013054 1.058063 2.737957
0.023193 0.418457 0.769043 0.045095 0.813603 1.495244
0.067749 0.175781 -0.080566 0.131724 0.341770 -0.156645
0.251221 0.235962 -0.477417 0.488446 0.458779 -0.928238
0.342407 0.180298 -0.895264 0.665739 0.350552 -1.740654
0.416870 -0.101563 -1.153931 0.810517 -0.197467 -2.243578
0.421021 -0.236450 -1.293579 0.818587 -0.459728 -2.515095
0.445557 -0.203491 -1.461548 0.866292 -0.395646 -2.841675
0.447876 -0.149536 -1.621582 0.870802 -0.290742 -3.152828
0.349243 -0.179565 -1.723999 0.679031 -0.349128 -3.351957
0.217896 -0.087402 -1.648071 0.423652 -0.169936 -3.204331
0.283691 0.066040 -1.440186 0.551579 0.128401 -2.800141
0.377563 0.179443 -1.368530 0.734093 0.348890 -2.660822
0.348389 0.135864 -1.208984 0.677369 0.264160 -2.350618
0.260620 -0.014282 -1.017334 0.506721 -0.027769 -1.977994
0.079102 -0.058350 -0.940796 0.153797 -0.113449 -1.829182
-0.045776 0.083008 -0.664307 -0.089003 0.161391 -1.291606
-0.191406 0.069580 -0.379395 -0.372150 0.135284 -0.737654
-0.433350 0.012085 -0.055420 -0.842558 0.023497 -0.107752
-0.688721 0.009644 0.214844 -1.339074 0.018750 0.417719
-0.963501 -0.023071 0.478638 -1.873327 -0.044857 0.930611
-1.314453 -0.013184 1.033569 -2.555680 -0.025633 2.009560
-1.742310 -0.180054 1.742554 -3.387558 -0.350077 3.388033
-1.977783 -0.332886 2.239624 -3.845387 -0.647227 4.354482
-1.713501 0.039673 2.325317 -3.331546 0.077136 4.521095
-1.183594 0.365601 1.705444 -2.301251 0.710834 3.315881
-0.524780 0.218872 0.765869 -1.020326 0.425551 1.489073
-0.049072 0.150879 0.048096 -0.095411 0.293353 0.093512
0.104248 0.203125 -0.165527 0.202689 0.394934 -0.321833
0.139648 0.298950 -0.180664 0.271517 0.581246 -0.351264
0.105225 0.293335 -0.160889 0.204587 0.570329 -0.312815
0.015015 0.125122 -0.086670 0.029193 0.243274 -0.168512
-0.023682 0.032837 -0.046875 -0.046044 0.063845 -0.091139
-0.037964 0.073730 -0.107300 -0.073813 0.143354 -0.208622
-0.048340 0.132202 -0.154785 -0.093987 0.257040 -0.300947
-0.095947 0.130737 -0.119995 -0.186549 0.254191 -0.233305
-0.091919 0.122925 -0.076416 -0.178717 0.239002 -0.148575
-0.029541 0.092529 -0.092163 -0.057436 0.179904 -0.179192
-0.009399 0.125977 -0.158325 -0.018275 0.244935 -0.307830
0.015381 0.125977 -0.173218 0.029905 0.244935 -0.336786
0.030884 0.088867 -0.162720 0.060047 0.172784 -0.316375
0.044067 0.100464 -0.163818 0.085680 0.195331 -0.318511
0.040771 0.101685 -0.128174 0.079272 0.197704 -0.249207
0.013306 0.105103 -0.103394 0.025870 0.204350 -0.201027
-0.053467 0.145874 -0.091553 -0.103955 0.283622 -0.178005
-0.063477 0.159546 -0.098389 -0.123417 0.310204 -0.191296
0.002441 0.121216 -0.091553 0.004747 0.235679 -0.178005
0.037842 0.092773 -0.121704 0.073575 0.180379 -0.236628
0.027344 0.056641 -0.173462 0.053164 0.110126 -0.337261
