0.340454 0.837402 -0.885254 0.661942 1.628154 -1.721192
0.166992 0.727417 -0.848999 0.324682 1.414311 -1.650702
-0.109985 0.558960 -0.743774 -0.213844 1.086781 -1.446114
-0.248413 0.549683 -0.617798 -0.482987 1.068743 -1.201179
-0.454590 0.322144 -0.504639 -0.883855 0.626341 -0.981165
-0.960449 0.406982 -0.403809 -1.867393 0.791292 -0.785122
-1.207520 -0.265747 0.119995 -2.347770 -0.516690 0.233305
-1.156738 -0.455566 0.710693 -2.249037 -0.885754 1.381795
-0.978027 -0.472412 1.042358 -1.901570 -0.918507 2.026649
-0.745361 -0.306030 1.223389 -1.449200 -0.595012 2.378624
-0.778076 -0.670654 1.342773 -1.512807 -1.303948 2.610743
-0.769775 -0.822510 1.376953 -1.496668 -1.599199 2.677198
-0.724731 -0.447510 1.191040 -1.409089 -0.870089 2.315729
-0.431396 -0.399902 0.840332 -0.838761 -0.777527 1.633851
0.132446 -0.513062 0.403809 0.257514 -0.997541 0.785122
0.595093 -0.626099 0.074707 1.157034 -1.217318 0.145252
0.705200 -0.427246 -0.181763 1.371115 -0.830691 -0.353400
0.374146 0.040771 -0.380005 0.727448 0.079272 -0.738840
0.092407 0.258911 -0.595581 0.179667 0.503399 -1.157983
-0.057129 0.260986 -0.933472 -0.111075 0.507434 -1.814941
-0.063232 0.079956 -1.345215 -0.122942 0.155458 -2.615490
0.213623 -0.097534 -1.559937 0.415345 -0.189635 -3.032971
0.384277 -0.118530 -1.672607 0.747147 -0.230457 -3.252037
0.348633 -0.001465 -1.602417 0.677844 -0.002848 -3.115566
0.439941 0.099854 -1.465454 0.855374 0.194144 -2.849270
0.453247 0.238037 -1.385376 0.881244 0.462814 -2.693575
0.371094 0.401978 -1.304077 0.721514 0.781562 -2.535506
0.216064 0.399414 -1.053711 0.420092 0.776577 -2.048721
0.133423 0.194336 -0.726563 0.259413 0.377846 -1.412649
0.065308 -0.008423 -0.456543 0.126977 -0.016376 -0.887653
-0.020020 -0.109619 -0.167603 -0.038924 -0.213132 -0.325868
-0.282471 -0.173950 0.104126 -0.549205 -0.338210 0.202451
-0.412720 -0.390869 0.468994 -0.802447 -0.759964 0.911861
-0.485352 -0.655273 0.835693 -0.943665 -1.274043 1.624832
-0.510986 -0.815796 1.215210 -0.993506 -1.586145 2.362723
-0.695801 -0.786133 1.436523 -1.352840 -1.528471 2.793020
-0.781616 -0.676758 1.390991 -1.519690 -1.315814 2.704493
-0.860474 -0.250610 1.045776 -1.673012 -0.487260 2.033294
-0.921631 0.079590 0.593628 -1.791919 0.154746 1.154186
-0.648926 0.240479 0.519775 -1.261701 0.467560 1.010595
-0.343872 0.401733 0.354858 -0.668588 0.781087 0.689948
-0.037720 0.336426 0.041016 -0.073338 0.654110 0.079746
0.173218 0.178955 -0.152100 0.336786 0.347941 -0.295726
0.214722 0.146240 -0.192871 0.417482 0.284334 -0.374998
0.130737 0.261963 -0.141357 0.254191 0.509332 -0.274840
0.001709 0.297241 -0.087036 0.003323 0.577924 -0.169224
-0.059570 0.196533 -0.114502 -0.115822 0.382118 -0.222625
-0.087524 0.107788 -0.163452 -0.170173 0.209571 -0.317799
-0.104492 0.068970 -0.199951 -0.203163 0.134097 -0.388763
-0.092163 -0.014404 -0.151611 -0.179192 -0.028006 -0.294777
-0.055054 -0.006836 -0.094727 -0.107040 -0.013291 -0.184176
-0.069824 0.061646 -0.124268 -0.135759 0.119857 -0.241612
-0.040161 0.078247 -0.154053 -0.078085 0.152135 -0.299523
-0.011108 0.096313 -0.134155 -0.021598 0.187261 -0.260837
0.000244 0.087280 -0.103882 0.000475 0.169698 -0.201977
0.004517 0.064575 -0.059937 0.008782 0.125553 -0.116534
0.043091 0.041626 -0.054077 0.083781 0.080933 -0.105142
0.055542 0.071289 -0.101929 0.107990 0.138607 -0.198179
-0.018799 0.134521 -0.128906 -0.036550 0.261549 -0.250631
-0.058960 0.180908 -0.130981 -0.114635 0.351738 -0.254666
-0.054932 0.196655 -0.146240 -0.106803 0.382355 -0.284334
-0.007813 0.130249 -0.142578 -0.015190 0.253242 -0.277213
0.027954 0.036621 -0.168213 0.054351 0.071202 -0.327055
0.030884 -0.074097 -0.221191 0.060047 -0.144066 -0.430061
0.068115 -0.096924 -0.158569 0.132436 -0.188448 -0.308305
0.087646 0.045288 -0.051758 0.170410 0.088053 -0.100632
0.028198 0.162231 0.024536 0.054826 0.315425 0.047705
-0.088745 0.189209 0.005005 -0.172546 0.367877 0.009731
-0.017334 0.149048 -0.064575 -0.033702 0.289792 -0.125553
0.080078 0.127197 -0.099121 0.155695 0.247309 -0.192720
0.143188 0.088135 -0.081421 0.278400 0.171360 -0.158306
0.145996 0.053345 -0.099976 0.283859 0.103718 -0.194382
0.073730 0.097168 -0.155640 0.143354 0.188923 -0.302609
-0.019043 0.066528 -0.181152 -0.037025 0.129350 -0.352213
-0.025269 0.030029 -0.133057 -0.049129 0.058386 -0.258701
-0.051880 0.047729 -0.128784 -0.100870 0.092800 -0.250394
0.002563 0.039673 -0.128174 0.004984 0.077136 -0.249207
-0.052734 0.040283 -0.142090 -0.102531 0.078322 -0.276264
-0.086426 0.069214 -0.143799 -0.168037 0.134572 -0.279587
-0.026123 0.051758 -0.090088 -0.050791 0.100632 -0.175157
