0.317505 0.168579 -0.176758 0.617322 0.327767 -0.343669
0.106201 -0.095581 -0.271484 0.206486 -0.185837 -0.527845
-0.014038 0.003540 -0.274170 -0.027294 0.006883 -0.533066
0.030640 0.113525 -0.329712 0.059572 0.220726 -0.641056
0.038818 0.019897 -0.387329 0.075474 0.038686 -0.753081
-0.027832 -0.398193 -0.381348 -0.054114 -0.774204 -0.741451
-0.102783 -0.949585 -0.536499 -0.199841 -1.846270 -1.043111
-0.157837 -0.734131 -0.960205 -0.306881 -1.427364 -1.866919
-0.368042 -0.030151 -0.601563 -0.715581 -0.058623 -1.169613
-0.490967 0.720459 -0.134277 -0.954583 1.400782 -0.261074
-0.871582 0.448364 0.250488 -1.694610 0.871751 0.487022
-0.722778 -0.060791 0.859741 -1.405292 -0.118195 1.671588
-0.663574 0.153687 1.389160 -1.290182 0.298811 2.700933
-0.757446 0.303345 1.593140 -1.472696 0.589791 3.097528
-0.868286 0.064819 1.473267 -1.688201 0.126028 2.864460
-0.669800 0.002808 1.174683 -1.302286 0.005459 2.283926
-0.242554 0.275024 0.958862 -0.471595 0.534728 1.864308
0.093872 0.476807 0.820557 0.182515 0.927051 1.595401
0.211182 0.191528 0.486694 0.410599 0.372387 0.946276
0.239624 0.054565 -0.094727 0.465899 0.106091 -0.184176
0.222412 0.048340 -0.717285 0.432434 0.093987 -1.394611
0.256226 -0.059448 -1.104004 0.498177 -0.115585 -2.146506
0.258423 -0.141602 -1.344604 0.502449 -0.275315 -2.614303
0.289795 -0.082642 -1.593140 0.563446 -0.160679 -3.097528
0.252197 -0.133911 -1.738892 0.490345 -0.260362 -3.380912
0.174927 -0.177734 -1.742188 0.340109 -0.345567 -3.387321
0.110229 0.067383 -1.717407 0.214318 0.131012 -3.339140
0.082764 0.402466 -1.529297 0.160917 0.782511 -2.973399
0.138794 0.346313 -1.266724 0.269856 0.673334 -2.462880
0.181396 0.108521 -1.147339 0.352688 0.210996 -2.230761
0.171753 0.010986 -1.021729 0.333938 0.021361 -1.986538
0.096680 0.139282 -0.874268 0.187973 0.270805 -1.699831
0.005615 0.366943 -0.678955 0.010918 0.713445 -1.320087
-0.044312 0.453735 -0.544556 -0.086155 0.882194 -1.058775
-0.122437 0.286133 -0.455200 -0.238052 0.556326 -0.885042
-0.265747 0.004395 -0.226929 -0.516690 0.008544 -0.441216
-0.457397 -0.070313 0.040649 -0.889314 -0.136708 0.079034
-0.725342 0.008301 0.371338 -1.410276 0.016139 0.721989
-1.008423 -0.043823 0.813477 -1.960668 -0.085205 1.581636
-1.235840 -0.192993 1.412842 -2.402833 -0.375235 2.746976
-1.343994 -0.314331 1.902832 -2.613117 -0.611151 3.699660
-1.310791 -0.049683 1.913208 -2.548560 -0.096597 3.719834
-1.050171 0.306885 1.335449 -2.041838 0.596673 2.596503
-0.757935 0.092773 0.780273 -1.473646 0.180379 1.517079
-0.410278 0.023682 0.322632 -0.797701 0.046044 0.627290
-0.149902 0.053101 0.071655 -0.291454 0.103243 0.139319
-0.070923 0.069946 0.004028 -0.137895 0.135996 0.007832
-0.051514 0.230713 -0.027466 -0.100158 0.448573 -0.053402
-0.032593 0.375488 -0.089722 -0.063370 0.730059 -0.174445
0.004395 0.316284 -0.136963 0.008544 0.614949 -0.266296
0.026123 0.158569 -0.150146 0.050791 0.308305 -0.291929
-0.036865 0.021851 -0.089844 -0.071677 0.042484 -0.174682
-0.070068 0.007935 -0.005493 -0.136233 0.015427 -0.010680
-0.090698 0.081055 0.011108 -0.176344 0.157594 0.021598
-0.114746 0.088257 0.002930 -0.223100 0.171597 0.005696
-0.078857 0.072998 0.019287 -0.153322 0.141929 0.037500
-0.043457 0.099121 0.000244 -0.084493 0.192720 0.000475
-0.032349 0.072754 -0.021729 -0.062895 0.141455 -0.042247
-0.042236 0.058960 -0.035034 -0.082120 0.114635 -0.068117
-0.044067 0.074585 -0.051147 -0.085680 0.145015 -0.099446
-0.033203 0.051025 -0.085815 -0.064557 0.099208 -0.166850
-0.026367 0.035767 -0.095337 -0.051266 0.069541 -0.185363
-0.034424 0.052979 -0.082397 -0.066930 0.103006 -0.160205
-0.027954 0.051147 -0.073486 -0.054351 0.099446 -0.142879
-0.014404 0.024536 -0.104980 -0.028006 0.047705 -0.204113
-0.019409 0.003540 -0.121948 -0.037737 0.006883 -0.237103
-0.024536 0.009399 -0.104980 -0.047705 0.018275 -0.204113
-0.031860 0.002930 -0.103516 -0.061946 0.005696 -0.201265
-0.035522 0.015625 -0.115356 -0.069066 0.030380 -0.224287
-0.026123 0.014160 -0.113281 -0.050791 0.027531 -0.220252
-0.034058 0.024536 -0.132690 -0.066218 0.047705 -0.257989
-0.048828 0.018433 -0.141357 -0.094936 0.035838 -0.274840
-0.057861 0.022827 -0.121216 -0.112499 0.044383 -0.235679
-0.050659 0.041870 -0.110596 -0.098496 0.081408 -0.215030
-0.041626 0.032104 -0.136597 -0.080933 0.062420 -0.265584
-0.035034 0.001831 -0.144043 -0.068117 0.003560 -0.280062
-0.040039 -0.016357 -0.134033 -0.077848 -0.031804 -0.260600
-0.059082 -0.001343 -0.120361 -0.114873 -0.002611 -0.234018
-0.058472 0.018921 -0.112793 -0.113686 0.036788 -0.219302
-0.039429 0.015869 -0.125122 -0.076661 0.030854 -0.243274
