-0.017578 0.565186 -0.338989 -0.034177 1.098886 -0.659094
-0.106201 0.624146 -0.334351 -0.206486 1.213521 -0.650075
-0.333130 0.359375 -0.054688 -0.647702 0.698730 -0.106328
-0.520630 0.076782 0.336670 -1.012256 0.149287 0.654585
-0.715454 -0.337280 0.757935 -1.391051 -0.655771 1.473646
-0.800171 -0.543457 1.030396 -1.555766 -1.056639 2.003389
-0.959839 -0.571777 1.363403 -1.866207 -1.111702 2.650854
-0.898438 -0.531250 1.434937 -1.746825 -1.032905 2.789935
-0.573364 -0.473145 1.154175 -1.114787 -0.919931 2.244052
-0.552246 -0.299194 1.112305 -1.073727 -0.581721 2.162645
-0.876221 -0.129517 1.063721 -1.703629 -0.251818 2.068183
-0.491577 -0.322876 0.525635 -0.955769 -0.627765 1.021987
-0.168823 -0.347900 0.169556 -0.328242 -0.676420 0.329666
-0.070435 -0.086914 -0.012451 -0.136945 -0.168986 -0.024209
0.134766 -0.093994 -0.243530 0.262024 -0.182752 -0.473494
0.371948 -0.085938 -0.536377 0.723176 -0.167088 -1.042873
0.387695 0.191528 -0.809570 0.753793 0.372387 -1.574041
0.350342 0.286865 -1.020386 0.681167 0.557750 -1.983927
0.317749 0.194214 -1.226685 0.617797 0.377608 -2.385032
0.297852 0.185425 -1.356567 0.579110 0.360520 -2.637563
0.329346 0.350342 -1.410156 0.640344 0.681167 -2.741755
0.242798 0.446777 -1.302612 0.472070 0.868665 -2.532658
0.071655 0.463623 -1.171997 0.139319 0.901418 -2.278704
0.170898 0.497559 -1.095825 0.332276 0.967399 -2.130604
0.376709 0.376587 -0.925659 0.732432 0.732195 -1.799751
0.156006 0.070679 -0.739746 0.303321 0.137420 -1.438282
0.064087 -0.285278 -0.465332 0.124604 -0.554664 -0.904741
-0.136353 -0.406372 -0.150024 -0.265109 -0.790106 -0.291691
-0.431641 -0.372314 0.222046 -0.839235 -0.723888 0.431722
-0.739624 -0.331787 0.641602 -1.438045 -0.645091 1.247460
-1.023071 -0.481445 1.265869 -1.989149 -0.936070 2.461219
-1.234863 -0.829834 1.720947 -2.400934 -1.613439 3.346023
-0.995972 -0.513672 1.663696 -1.936459 -0.998728 3.234711
-0.656250 0.044556 1.222900 -1.275941 0.086629 2.377675
-0.326172 0.124268 0.543457 -0.634173 0.241612 1.056639
0.028687 -0.209717 -0.047974 0.055775 -0.407751 -0.093275
0.158813 -0.142578 -0.211304 0.308780 -0.277213 -0.410836
0.026489 0.267700 -0.097290 0.051503 0.520487 -0.189160
-0.072021 0.448242 -0.091675 -0.140031 0.871514 -0.178243
-0.023193 0.294556 -0.126465 -0.045095 0.572702 -0.245885
0.006104 0.241821 -0.107788 0.011867 0.470171 -0.209571
-0.008667 0.267456 -0.110352 -0.016851 0.520013 -0.214556
0.059692 0.282471 0.139526 0.116059 0.549205 0.271280
-0.026978 0.169067 0.078979 -0.052452 0.328716 0.153559
-0.171387 0.161499 -0.195679 -0.333226 0.314001 -0.380456
-0.214478 0.272583 -0.207642 -0.417007 0.529981 -0.403716
-0.201172 0.302856 -0.191040 -0.391137 0.588841 -0.371438
-0.184326 0.228638 -0.115234 -0.358384 0.444538 -0.224049
0.314209 0.030029 -0.067993 0.610914 0.058386 -0.132199
0.332642 -0.047729 -0.135254 0.646752 -0.092800 -0.262973
0.169922 -0.014526 -0.206299 0.330378 -0.028243 -0.401105
0.053955 0.013550 -0.210327 0.104904 0.026345 -0.408937
-0.019287 0.076172 -0.169434 -0.037500 0.148100 -0.329428
-0.120850 0.154663 -0.124634 -0.234967 0.300710 -0.242324
0.003418 0.078003 -0.043335 0.006646 0.151660 -0.084256
0.127563 -0.015991 -0.069702 0.248021 -0.031092 -0.135521
0.091553 -0.001465 -0.106323 0.178005 -0.002848 -0.206723
-0.011108 0.068359 -0.117310 -0.021598 0.132911 -0.228084
-0.066772 0.048462 -0.132690 -0.129825 0.094224 -0.257989
-0.051392 0.013428 -0.128052 -0.099920 0.026107 -0.248970
-0.033691 0.018188 -0.100586 -0.065506 0.035364 -0.195568
-0.003296 0.015381 -0.111694 -0.006408 0.029905 -0.217166
0.001465 0.018677 -0.128418 0.002848 0.036313 -0.249682
0.005493 0.023193 -0.143311 0.010680 0.045095 -0.278637
0.011108 0.012329 -0.133789 0.021598 0.023971 -0.260125
-0.000122 0.027100 -0.102661 -0.000237 0.052690 -0.199603
0.002563 0.031860 -0.083740 0.004984 0.061946 -0.162815
-0.011230 0.013306 -0.092041 -0.021835 0.025870 -0.178955
-0.035522 0.005737 -0.118042 -0.069066 0.011155 -0.229508
-0.070313 0.008789 -0.135254 -0.136708 0.017089 -0.262973
-0.114624 0.033447 -0.092651 -0.222863 0.065031 -0.180141
-0.148926 0.036377 -0.049805 -0.289555 0.070727 -0.096835
-0.114502 0.000854 -0.061157 -0.222625 0.001661 -0.118907
-0.031006 -0.020020 -0.093018 -0.060284 -0.038924 -0.180853
0.011841 -0.014526 -0.103882 0.023022 -0.028243 -0.201977
0.003784 0.011353 -0.130005 0.007358 0.022073 -0.252767
-0.028687 0.029053 -0.130127 -0.055775 0.056487 -0.253005
-0.040527 0.015503 -0.115356 -0.078797 0.030142 -0.224287
-0.025757 -0.010132 -0.116577 -0.050079 -0.019699 -0.226660
-0.028687 0.000244 -0.111328 -0.055775 0.000475 -0.216454
