0.155762 -0.146606 -0.416138 0.302846 -0.285046 -0.809093
0.186890 -0.319336 -0.699951 0.363368 -0.620882 -1.360909
-0.135864 -0.444946 -0.898926 -0.264160 -0.865105 -1.747774
-0.498901 -0.364014 -0.558472 -0.970010 -0.707749 -1.085832
-0.482910 -0.250854 -0.171265 -0.938918 -0.487734 -0.332988
-0.037354 -0.187256 0.053711 -0.072626 -0.364080 0.104430
0.161255 -0.481567 0.069458 0.313527 -0.936307 0.135047
-0.243530 -0.927979 -0.118164 -0.473494 -1.804261 -0.229745
-0.368530 -0.625977 0.160400 -0.716530 -1.217081 0.311865
-0.386353 -0.423096 0.507935 -0.751182 -0.822621 0.987573
-0.277466 0.383301 0.853882 -0.539474 0.745248 1.660195
-0.350464 0.326904 0.962280 -0.681404 0.635597 1.870953
-0.639526 -0.571167 1.149536 -1.243426 -1.110515 2.235034
-0.560059 -0.389771 1.621582 -1.088917 -0.757828 3.152828
-0.452393 0.426147 1.727539 -0.879583 0.828555 3.358840
-0.416992 0.521362 1.456055 -0.810754 1.013680 2.830995
-0.409546 0.142456 0.723145 -0.796277 0.276976 1.406004
-0.178345 -0.118652 0.308350 -0.346754 -0.230695 0.599522
0.048706 -0.049683 -0.136230 0.094699 -0.096597 -0.264872
0.141968 0.160889 -0.532471 0.276027 0.312815 -1.035278
0.124634 0.218994 -0.757446 0.242324 0.425788 -1.472696
0.186035 0.241089 -0.921875 0.361707 0.468747 -1.792394
0.395508 0.256592 -1.065918 0.768983 0.498889 -2.072455
0.510864 0.200562 -1.242432 0.993269 0.389950 -2.415649
0.385498 0.168823 -1.436890 0.749521 0.328242 -2.793732
0.234497 0.136841 -1.584106 0.455931 0.266058 -3.079965
0.212646 0.040405 -1.679810 0.413447 0.078560 -3.266040
0.190063 -0.013184 -1.765625 0.369539 -0.025633 -3.432890
0.175537 -0.074951 -1.681641 0.341295 -0.145727 -3.269600
0.227661 -0.029907 -1.570923 0.442640 -0.058148 -3.054332
0.265015 0.188110 -1.446045 0.515266 0.365741 -2.811533
0.286865 0.177490 -1.108154 0.557750 0.345093 -2.154575
0.212280 -0.067993 -0.726196 0.412735 -0.132199 -1.411937
0.099976 -0.331543 -0.384888 0.194382 -0.644616 -0.748334
0.035034 -0.470825 0.018799 0.068117 -0.915421 0.036550
0.025391 -0.544800 0.387695 0.049367 -1.059250 0.753793
-0.068848 -0.583496 0.909180 -0.133860 -1.134487 1.767710
-0.292114 -1.039307 1.512695 -0.567955 -2.020715 2.941121
-0.452759 -1.705200 2.160645 -0.880295 -3.315406 4.200923
-0.360352 -1.289063 2.440674 -0.700629 -2.506313 4.745382
-0.502319 -0.299805 2.115723 -0.976655 -0.582908 4.113582
-0.574951 0.087158 0.938477 -1.117873 0.169461 1.824672
-0.211670 0.127563 0.164185 -0.411548 0.248021 0.319223
-0.096802 0.363525 0.050049 -0.188211 0.706799 0.097310
-0.121460 0.585205 -0.063721 -0.236154 1.137809 -0.123892
-0.065186 0.680176 -0.130737 -0.126740 1.322460 -0.254191
-0.033691 0.574707 -0.167480 -0.065506 1.117398 -0.325631
0.055786 0.293335 -0.188232 0.108465 0.570329 -0.365979
0.078979 0.092529 -0.245972 0.153559 0.179904 -0.478241
0.045288 0.063110 -0.244019 0.088053 0.122705 -0.474443
0.032593 0.049683 -0.158569 0.063370 0.096597 -0.308305
0.010254 0.056519 -0.100464 0.019937 0.109889 -0.195331
-0.015869 0.043457 -0.059570 -0.030854 0.084493 -0.115822
-0.030762 0.008667 -0.034790 -0.059810 0.016851 -0.067642
-0.022339 -0.033203 -0.054932 -0.043433 -0.064557 -0.106803
-0.005981 -0.008911 -0.091187 -0.011630 -0.017326 -0.177293
0.013550 0.018799 -0.065308 0.026345 0.036550 -0.126977
0.000732 0.035522 -0.061401 0.001424 0.069066 -0.119382
0.010376 0.072144 -0.070801 0.020174 0.140268 -0.137657
0.010498 0.024658 -0.060059 0.020411 0.047943 -0.116771
0.009155 0.001831 -0.076172 0.017801 0.003560 -0.148100
0.000366 0.023682 -0.099121 0.000712 0.046044 -0.192720
-0.013184 0.021606 -0.106201 -0.025633 0.042009 -0.206486
-0.007690 0.007935 -0.097900 -0.014952 0.015427 -0.190347
0.002808 0.000488 -0.090210 0.005459 0.000949 -0.175394
0.037964 -0.020508 -0.063477 0.073813 -0.039873 -0.123417
0.071655 0.002930 -0.066284 0.139319 0.005696 -0.128876
0.056763 0.016113 -0.114746 0.110363 0.031329 -0.223100
-0.001587 0.002808 -0.126953 -0.003085 0.005459 -0.246834
-0.054688 0.000488 -0.122559 -0.106328 0.000949 -0.238290
-0.048828 0.025757 -0.128784 -0.094936 0.050079 -0.250394
-0.024658 0.010254 -0.122437 -0.047943 0.019937 -0.238052
-0.024780 -0.021851 -0.104370 -0.048180 -0.042484 -0.202926
-0.019043 -0.008423 -0.100952 -0.037025 -0.016376 -0.196280
-0.015015 -0.008057 -0.101807 -0.029193 -0.015664 -0.197942
-0.024902 -0.005493 -0.115479 -0.048417 -0.010680 -0.224524
-0.018799 -0.000610 -0.118530 -0.036550 -0.001187 -0.230457
0.012207 -0.061523 -0.110352 0.023734 -0.119620 -0.214556
0.004150 -0.174683 -0.133545 0.008070 -0.339634 -0.259650
-0.026123 -0.199707 -0.167847 -0.050791 -0.388289 -0.326343
