0.005127 0.219116 -0.232178 0.009968 0.426026 -0.451421
0.039185 0.126709 -0.291992 0.076186 0.246359 -0.567718
-0.013062 0.022217 -0.334351 -0.025395 0.043196 -0.650075
0.033569 -0.173462 -0.410278 0.065269 -0.337261 -0.797701
-0.060425 -0.339722 -0.527954 -0.117483 -0.660518 -1.026497
-0.153198 -0.348145 -0.703003 -0.297862 -0.676894 -1.366843
-0.320190 -0.043945 -0.578613 -0.622544 -0.085443 -1.124993
-0.277344 0.470947 -0.187988 -0.539237 0.915659 -0.365504
-0.274658 0.223022 -0.221802 -0.534016 0.433621 -0.431247
-0.641479 0.101685 0.002930 -1.247223 0.197704 0.005696
-0.966064 -0.155640 0.284912 -1.878311 -0.302609 0.553952
-0.938477 -0.645508 0.530640 -1.824672 -1.255055 1.031718
-0.686035 -0.970459 0.895264 -1.333852 -1.886855 1.740654
-0.552124 -0.729004 1.304321 -1.073490 -1.417396 2.535981
-0.563599 -0.309204 1.449585 -1.095800 -0.601183 2.818416
-0.492920 -0.154053 1.070557 -0.958380 -0.299523 2.081474
-0.342163 -0.250610 0.634521 -0.665265 -0.487260 1.233695
-0.212280 -0.135376 0.331421 -0.412735 -0.263210 0.644379
-0.131836 -0.086792 0.059814 -0.256328 -0.168749 0.116297
-0.015503 -0.016724 -0.223022 -0.030142 -0.032516 -0.433621
0.128296 0.078491 -0.496582 0.249445 0.152610 -0.965500
0.215088 0.130249 -0.753662 0.418194 0.253242 -1.465339
0.227905 0.176514 -0.981445 0.443114 0.343194 -1.908216
0.229004 0.164795 -1.167236 0.445250 0.320409 -2.269448
0.221680 0.096069 -1.364502 0.431010 0.186787 -2.652990
0.232056 0.073486 -1.501465 0.451184 0.142879 -2.919286
0.288940 0.266479 -1.430176 0.561784 0.518114 -2.780679
0.300171 0.474243 -1.202026 0.583620 0.922067 -2.337090
0.222778 0.464844 -0.960449 0.433146 0.903792 -1.867393
0.158203 0.363892 -0.732300 0.307593 0.707511 -1.423804
0.136719 0.293945 -0.528320 0.265821 0.571515 -1.027209
0.154297 0.128906 -0.393677 0.299998 0.250631 -0.765422
0.134888 -0.022827 -0.317139 0.262261 -0.044383 -0.616610
-0.014404 -0.083618 -0.085327 -0.028006 -0.162578 -0.165901
-0.217285 -0.032715 0.221313 -0.422466 -0.063607 0.430298
-0.415527 0.095337 0.497314 -0.807906 0.185363 0.966924
-0.544800 0.151611 0.738037 -1.059250 0.294777 1.434959
-0.656250 -0.119507 0.916626 -1.275941 -0.232356 1.782188
-0.742554 -0.425293 1.090576 -1.443741 -0.826894 2.120398
-0.727295 -0.447510 1.169189 -1.414073 -0.870089 2.273245
-0.623047 -0.131470 1.083008 -1.211385 -0.255615 2.105683
-0.482910 0.035767 0.824707 -0.938918 0.069541 1.603471
-0.292725 0.014282 0.490601 -0.569142 0.027769 0.953871
-0.152588 -0.107056 0.203491 -0.296675 -0.208147 0.395646
-0.061401 -0.170532 0.022095 -0.119382 -0.331564 0.042959
-0.001709 -0.070435 -0.051270 -0.003323 -0.136945 -0.099683
-0.039795 0.144043 -0.158936 -0.077373 0.280062 -0.309017
-0.009766 0.109497 -0.233643 -0.018987 0.212894 -0.454269
0.103394 0.032837 -0.335693 0.201027 0.063845 -0.652686
0.187622 0.042725 -0.394165 0.364792 0.083069 -0.766372
0.183350 0.097290 -0.382813 0.356485 0.189160 -0.744299
0.057983 0.240356 -0.286499 0.112737 0.467323 -0.557038
-0.029907 0.411133 -0.134521 -0.058148 0.799362 -0.261549
0.002808 0.419189 -0.048828 0.005459 0.815027 -0.094936
0.047729 0.290283 -0.125610 0.092800 0.564395 -0.244223
0.016724 0.150879 -0.244263 0.032516 0.293353 -0.474918
0.016724 0.082642 -0.267700 0.032516 0.160679 -0.520487
-0.007080 0.099976 -0.193115 -0.013766 0.194382 -0.375472
-0.047729 0.154419 -0.117310 -0.092800 0.300235 -0.228084
-0.073730 0.185303 -0.115845 -0.143354 0.360283 -0.225236
-0.038086 0.117188 -0.140137 -0.074050 0.227847 -0.272467
-0.017822 0.102905 -0.173950 -0.034652 0.200078 -0.338210
-0.017212 0.106689 -0.134277 -0.033465 0.207435 -0.261074
0.012207 0.074829 -0.085571 0.023734 0.145490 -0.166376
0.037109 0.063354 -0.069946 0.072151 0.123180 -0.135996
0.040894 0.082397 -0.102905 0.079509 0.160205 -0.200078
0.045898 0.061646 -0.136963 0.089240 0.119857 -0.266296
0.043457 0.018555 -0.146240 0.084493 0.036076 -0.284334
0.016235 0.015381 -0.120850 0.031566 0.029905 -0.234967
-0.024414 0.051147 -0.121338 -0.047468 0.099446 -0.235916
-0.056519 0.063721 -0.122803 -0.109889 0.123892 -0.238764
-0.018921 0.033081 -0.123657 -0.036788 0.064319 -0.240426
-0.021851 0.036255 -0.119629 -0.042484 0.070490 -0.232593
-0.024536 0.030640 -0.117676 -0.047705 0.059572 -0.228796
-0.022583 0.002197 -0.120239 -0.043908 0.004272 -0.233780
-0.011719 -0.010010 -0.120239 -0.022785 -0.019462 -0.233780
-0.029053 0.016724 -0.124023 -0.056487 0.032516 -0.241138
-0.034302 0.016357 -0.109009 -0.066693 0.031804 -0.211945
-0.018555 0.007446 -0.095947 -0.036076 0.014478 -0.186549
-0.014404 0.030151 -0.110229 -0.028006 0.058623 -0.214318
