-0.008179 -0.016968 -0.140259 -0.015902 -0.032990 -0.272704
-0.069580 -0.098145 -0.154053 -0.135284 -0.190822 -0.299523
-0.099609 0.026245 -0.109375 -0.193670 0.051028 -0.212657
-0.101440 0.032837 -0.095093 -0.197230 0.063845 -0.184888
0.199097 -0.067627 -0.135986 0.387102 -0.131487 -0.264397
0.167358 -0.164429 -0.295776 0.325394 -0.319697 -0.575076
0.192261 -0.096802 -0.282837 0.373811 -0.188211 -0.549917
0.088135 -0.037354 -0.228516 0.171360 -0.072626 -0.444301
-0.043579 -0.050171 -0.180298 -0.084730 -0.097547 -0.350552
-0.082275 -0.121460 -0.018188 -0.159967 -0.236154 -0.035364
-0.061401 -0.231812 0.144409 -0.119382 -0.450709 0.280774
0.082153 -0.034790 0.120728 0.159730 -0.067642 0.234730
-0.036011 0.040039 -0.064453 -0.070015 0.077848 -0.125316
-0.077393 0.078369 -0.227539 -0.150474 0.152372 -0.442402
-0.124146 -0.022949 -0.189941 -0.241375 -0.044620 -0.369301
-0.139282 0.349976 -0.205566 -0.270805 0.680455 -0.399681
-0.177979 0.634888 -0.275635 -0.346042 1.234407 -0.535914
-0.114380 0.725464 -0.255371 -0.222388 1.410513 -0.496516
-0.240234 0.631592 -0.193848 -0.467086 1.227999 -0.376896
-0.291260 0.526245 0.161743 -0.566294 1.023174 0.314476
-0.426270 0.353882 0.526001 -0.828792 0.688049 1.022699
-0.601196 0.265259 0.885498 -1.168901 0.515740 1.721666
-0.654663 0.086182 1.222290 -1.272856 0.167562 2.376488
-0.640015 0.245972 1.309570 -1.244375 0.478241 2.546187
-0.379150 0.418213 1.133911 -0.737179 0.813128 2.204654
-0.189209 0.060303 0.849731 -0.367877 0.117246 1.652126
-0.200928 -0.073242 0.514160 -0.390662 -0.142404 0.999677
-0.117798 0.032471 0.224121 -0.229033 0.063133 0.435757
0.053711 0.012451 -0.069092 0.104430 0.024209 -0.134335
0.104614 0.043823 -0.407837 0.203401 0.085205 -0.792954
0.115723 0.063110 -0.749146 0.224999 0.122705 -1.456557
0.108521 0.073853 -1.079834 0.210996 0.143591 -2.099512
0.147339 -0.017212 -1.275635 0.286470 -0.033465 -2.480206
0.146851 0.035034 -1.371094 0.285520 0.068117 -2.665806
0.134644 0.158081 -1.445557 0.261786 0.307356 -2.810584
0.168457 0.162842 -1.523193 0.327530 0.316612 -2.961532
0.191772 0.111572 -1.532349 0.372862 0.216929 -2.979333
0.158203 0.119141 -1.454468 0.307593 0.231644 -2.827909
0.097900 0.197876 -1.219971 0.190347 0.384729 -2.371979
-0.045410 0.323853 -0.948120 -0.088291 0.629664 -1.843422
-0.174927 0.382324 -0.716553 -0.340109 0.743350 -1.393188
-0.322388 0.357666 -0.480713 -0.626816 0.695407 -0.934646
-0.500122 0.223633 -0.172485 -0.972383 0.434807 -0.335362
-0.580688 0.006592 0.392212 -1.129028 0.012816 0.762574
-0.592896 -0.170044 1.103516 -1.152762 -0.330615 2.145556
-0.708252 -0.169312 1.533203 -1.377048 -0.329191 2.980994
-0.696167 0.041626 1.701172 -1.353552 0.080933 3.307574
-0.566772 -0.035034 1.601074 -1.101971 -0.068117 3.112955
-0.374634 -0.095581 1.179199 -0.728397 -0.185837 2.292707
-0.192749 0.043091 0.641724 -0.374760 0.083781 1.247698
-0.087524 0.061035 0.318115 -0.170173 0.118670 0.618509
-0.070679 0.091431 0.253052 -0.137420 0.177768 0.492006
-0.147095 0.160400 0.125977 -0.285995 0.311865 0.244935
-0.110474 0.136597 0.004517 -0.214793 0.265584 0.008782
-0.117432 0.177979 -0.145630 -0.228321 0.346042 -0.283147
-0.116821 0.115723 -0.165405 -0.227135 0.224999 -0.321596
-0.093384 0.078491 -0.075684 -0.181565 0.152610 -0.147151
-0.071899 0.137573 -0.052979 -0.139793 0.267482 -0.103006
-0.043335 0.159180 -0.104126 -0.084256 0.309492 -0.202451
-0.032104 0.100464 -0.177856 -0.062420 0.195331 -0.345805
-0.001587 0.020142 -0.209717 -0.003085 0.039161 -0.407751
-0.019653 0.015991 -0.205444 -0.038212 0.031092 -0.399444
-0.037598 0.087891 -0.192749 -0.073101 0.170885 -0.374760
-0.056641 0.087769 -0.182861 -0.110126 0.170648 -0.355536
-0.050293 0.037598 -0.153320 -0.097784 0.073101 -0.298099
-0.067383 0.022583 -0.137207 -0.131012 0.043908 -0.266770
-0.051392 0.017944 -0.118652 -0.099920 0.034889 -0.230695
-0.053223 0.018555 -0.081543 -0.103480 0.036076 -0.158543
-0.071289 0.034180 -0.081421 -0.138607 0.066455 -0.158306
-0.064941 0.081421 -0.085815 -0.126265 0.158306 -0.166850
-0.048584 0.072632 -0.132568 -0.094461 0.141217 -0.257752
-0.012085 0.058105 -0.177612 -0.023497 0.112974 -0.345330
-0.010742 0.080566 -0.168457 -0.020886 0.156645 -0.327530
-0.044556 0.139771 -0.171997 -0.086629 0.271755 -0.334412
-0.062988 0.242798 -0.202515 -0.122468 0.472070 -0.393748
-0.069580 0.259644 -0.196655 -0.135284 0.504823 -0.382355
0.020142 0.106934 -0.155884 0.039161 0.207910 -0.303084
0.045288 0.037354 -0.149780 0.088053 0.072626 -0.291217
0.012085 0.035522 -0.184204 0.023497 0.069066 -0.358146
0.008179 0.033447 -0.189697 0.015902 0.065031 -0.368827
