-0.060181 -0.228271 -0.230713 -0.117009 -0.443826 -0.448573
-0.085815 -0.143066 -0.450317 -0.166850 -0.278163 -0.875548
-0.337769 -0.367798 -0.483887 -0.656721 -0.715106 -0.940817
-0.277466 -0.439575 -0.278198 -0.539474 -0.854662 -0.540899
-0.247314 -0.456787 -0.069580 -0.480851 -0.888127 -0.135284
-0.387573 -0.689697 0.061646 -0.753555 -1.340973 0.119857
-0.398071 -1.132813 0.033447 -0.773967 -2.202518 0.065031
-0.250977 -0.635620 0.377075 -0.487972 -1.235831 0.733144
-0.192749 0.940186 1.181763 -0.374760 1.827995 2.297691
-0.848633 1.212280 1.578247 -1.649990 2.357026 3.068573
-1.062134 -0.153564 1.417480 -2.065098 -0.298574 2.755995
-0.822388 -0.059937 1.603149 -1.598961 -0.116534 3.116990
-0.882568 0.518677 2.173462 -1.715970 1.008459 4.225844
-1.028442 0.132202 2.600586 -1.999592 0.257040 5.056297
-0.727051 -0.080078 2.015381 -1.413599 -0.155695 3.918488
-0.262939 -0.076294 0.779541 -0.511231 -0.148338 1.515655
0.168945 0.228882 0.083130 0.328479 0.445013 0.161629
0.304443 0.220093 -0.473145 0.591927 0.427925 -0.919931
0.278442 0.120850 -0.995239 0.541373 0.234967 -1.935035
0.188965 0.017212 -1.328735 0.367403 0.033465 -2.583449
0.189941 -0.065918 -1.508667 0.369301 -0.128164 -2.933289
0.307129 -0.049194 -1.591797 0.597148 -0.095648 -3.094917
0.354858 0.078003 -1.658569 0.689948 0.151660 -3.224742
0.249512 0.171875 -1.732666 0.485124 0.334175 -3.368808
0.177368 0.164673 -1.791382 0.344855 0.320172 -3.482969
0.173828 0.126221 -1.718018 0.337973 0.245410 -3.340327
0.148926 0.171265 -1.487671 0.289555 0.332988 -2.892466
0.041260 0.248779 -1.288208 0.080221 0.483700 -2.504652
-0.095825 0.219971 -1.212646 -0.186312 0.427687 -2.357738
-0.223267 0.248047 -1.072266 -0.434095 0.482275 -2.084797
-0.394653 0.260254 -0.774292 -0.767321 0.506009 -1.505449
-0.528320 0.080322 -0.338135 -1.027209 0.156170 -0.657433
-0.681519 -0.164429 0.055908 -1.325071 -0.319697 0.108702
-0.835083 -0.229248 0.315674 -1.623645 -0.445725 0.613762
-0.953491 -0.309692 0.584961 -1.853865 -0.602132 1.137335
-1.006470 -0.468628 0.950928 -1.956871 -0.911149 1.848881
-1.029785 -0.747925 1.343140 -2.002203 -1.454184 2.611455
-0.958374 -1.250244 1.608521 -1.863359 -2.430839 3.127433
-0.426758 -1.343872 1.625122 -0.829742 -2.612879 3.159711
-0.051758 -0.606934 1.596558 -0.100632 -1.180056 3.104174
-0.176880 0.084595 1.257324 -0.343906 0.164477 2.444605
-0.350586 0.315674 0.807251 -0.681641 0.613762 1.569531
-0.203979 0.278442 0.326050 -0.396596 0.541373 0.633936
-0.106445 0.167358 -0.025635 -0.206961 0.325394 -0.049841
-0.177490 0.100586 -0.235840 -0.345093 0.195568 -0.458541
-0.184448 0.220093 -0.205444 -0.358621 0.427925 -0.399444
-0.095947 0.352051 -0.074463 -0.186549 0.684489 -0.144778
-0.010132 0.345581 0.057007 -0.019699 0.671910 0.110838
0.028442 0.322754 0.106689 0.055300 0.627528 0.207435
0.056519 0.302002 0.083496 0.109889 0.587180 0.162341
-0.008545 0.160400 -0.002197 -0.016614 0.311865 -0.004272
-0.003662 0.112061 -0.038940 -0.007120 0.217878 -0.075712
0.000610 0.185547 -0.104248 0.001187 0.360757 -0.202689
-0.039551 0.259033 -0.188721 -0.076898 0.503636 -0.366928
-0.072510 0.198608 -0.249146 -0.140980 0.386153 -0.484412
-0.021484 0.098511 -0.216064 -0.041772 0.191534 -0.420092
0.021118 0.008423 -0.153442 0.041060 0.016376 -0.298337
0.007568 0.010132 -0.107910 0.014715 0.019699 -0.209809
0.005005 0.025513 -0.089478 0.009731 0.049604 -0.173970
0.011475 0.003174 -0.099365 0.022310 0.006171 -0.193195
0.004761 -0.005371 -0.098145 0.009256 -0.010443 -0.190822
0.010620 -0.005371 -0.088501 0.020649 -0.010443 -0.172072
0.014160 0.016968 -0.104492 0.027531 0.032990 -0.203163
0.003784 0.017700 -0.131592 0.007358 0.034414 -0.255853
-0.008057 0.015869 -0.140747 -0.015664 0.030854 -0.273653
-0.017456 0.001343 -0.128662 -0.033940 0.002611 -0.250157
-0.018555 0.006226 -0.111206 -0.036076 0.012104 -0.216217
-0.025513 0.019165 -0.107178 -0.049604 0.037262 -0.208385
-0.046875 0.004639 -0.095703 -0.091139 0.009019 -0.186075
-0.053955 -0.001343 -0.078491 -0.104904 -0.002611 -0.152610
-0.070923 -0.015015 -0.083618 -0.137895 -0.029193 -0.162578
-0.095947 -0.053589 -0.135864 -0.186549 -0.104192 -0.264160
-0.119629 -0.034546 -0.177368 -0.232593 -0.067167 -0.344855
-0.091431 0.010498 -0.197021 -0.177768 0.020411 -0.383067
-0.040771 0.024414 -0.185547 -0.079272 0.047468 -0.360757
-0.021484 0.025635 -0.179810 -0.041772 0.049841 -0.349602
-0.001953 -0.002441 -0.151123 -0.003797 -0.004747 -0.293827
0.003174 -0.002197 -0.128906 0.006171 -0.004272 -0.250631
-0.017700 0.031738 -0.146362 -0.034414 0.061708 -0.284571
-0.027100 0.010254 -0.136963 -0.052690 0.019937 -0.266296
