0.268188 0.069824 -0.841187 0.521437 0.135759 -1.635512
0.404541 0.150635 -0.634399 0.786546 0.292878 -1.233457
0.431763 0.282471 -0.655762 0.839473 0.549205 -1.274992
0.314819 0.274780 -0.871338 0.612101 0.534253 -1.694135
0.099976 -0.026367 -0.766235 0.194382 -0.051266 -1.489785
-0.244873 -0.390869 -0.701904 -0.476105 -0.759964 -1.364707
-0.361450 -1.297119 -0.817383 -0.702765 -2.521978 -1.589231
-0.394165 -2.295532 -0.848145 -0.766372 -4.463184 -1.649040
-0.424072 -1.731445 -0.466431 -0.824520 -3.366435 -0.906877
-0.257935 -0.320068 0.670410 -0.501500 -0.622306 1.303473
-0.246582 0.533081 1.801147 -0.479427 1.036465 3.501956
-0.441162 0.512939 2.191895 -0.857748 0.997304 4.261682
-0.671387 1.638306 2.817261 -1.305372 3.185344 5.477576
-1.168091 3.122437 2.676270 -2.271109 6.070927 5.203448
-1.059814 0.280396 1.909424 -2.060588 0.545171 3.712477
-0.480103 0.186890 1.325928 -0.933459 0.363368 2.577990
-0.484009 0.212769 0.800293 -0.941054 0.413684 1.556003
-0.195435 0.030151 0.305786 -0.379982 0.058623 0.594537
0.071167 -0.211914 -0.210938 0.138369 -0.412023 -0.410124
0.234375 -0.403076 -0.688599 0.455693 -0.783698 -1.338837
0.316040 -0.306152 -1.113159 0.614474 -0.595249 -2.164306
0.328735 -0.290649 -1.493530 0.639157 -0.565107 -2.903858
0.306885 -0.621582 -1.900513 0.596673 -1.208537 -3.695151
0.338623 -0.799927 -2.255127 0.658382 -1.555291 -4.384624
0.377686 -0.474243 -2.310913 0.734331 -0.922067 -4.493089
0.319092 -0.085449 -2.192993 0.620408 -0.166138 -4.263818
0.292114 0.160767 -2.031006 0.567955 0.312577 -3.948868
0.202148 0.475952 -1.933472 0.393036 0.925390 -3.759233
0.149658 0.625610 -1.747192 0.290979 1.216369 -3.397052
0.244995 0.279663 -1.393066 0.476342 0.543747 -2.708527
0.245239 0.011230 -1.042480 0.476817 0.021835 -2.026886
0.138184 0.203125 -0.775391 0.268669 0.394934 -1.507586
-0.075073 0.328735 -0.386230 -0.145964 0.639157 -0.750945
-0.404419 0.150024 0.090088 -0.786308 0.291691 0.175157
-0.750610 0.046753 0.645142 -1.459405 0.090901 1.254343
-1.039307 -0.092285 1.234985 -2.020715 -0.179429 2.401172
-1.281128 -0.346802 1.859497 -2.490886 -0.674284 3.615405
-1.313599 -0.212891 2.244873 -2.554019 -0.413921 4.364688
-1.083496 0.436768 2.078369 -2.106632 0.849204 4.040956
-0.691284 0.219604 1.278931 -1.344058 0.426975 2.486614
-0.128174 -0.364380 0.352173 -0.249207 -0.708461 0.684727
0.131470 -0.074829 0.011719 0.255615 -0.145490 0.022785
0.135864 0.351807 0.034912 0.264160 0.684015 0.067879
0.132813 0.407959 -0.037109 0.258226 0.793191 -0.072151
0.139160 0.275146 -0.178833 0.270568 0.534965 -0.347704
0.089111 0.100464 -0.161133 0.173258 0.195331 -0.313289
0.060669 0.051270 -0.080078 0.117958 0.099683 -0.155695
0.047852 0.083984 -0.052124 0.093037 0.163290 -0.101344
0.023682 0.095337 -0.105225 0.046044 0.185363 -0.204587
-0.002441 0.040649 -0.152832 -0.004747 0.079034 -0.297150
-0.016357 -0.001343 -0.170654 -0.031804 -0.002611 -0.331802
-0.029053 0.008057 -0.160034 -0.056487 0.015664 -0.311153
-0.033813 0.043823 -0.130493 -0.065743 0.085205 -0.253717
-0.037476 0.124756 -0.131470 -0.072863 0.242562 -0.255615
-0.026611 0.129395 -0.122925 -0.051740 0.251581 -0.239002
-0.007446 0.095703 -0.107422 -0.014478 0.186075 -0.208859
-0.024292 0.082642 -0.104858 -0.047231 0.160679 -0.203875
-0.044678 0.096436 -0.115112 -0.086867 0.187499 -0.223812
-0.062256 0.102783 -0.118652 -0.121044 0.199841 -0.230695
-0.069946 0.101318 -0.094727 -0.135996 0.196992 -0.184176
-0.060913 0.068726 -0.074829 -0.118433 0.133623 -0.145490
-0.036133 0.036133 -0.060791 -0.070253 0.070253 -0.118195
-0.010620 0.044434 -0.062622 -0.020649 0.086392 -0.121756
-0.004395 0.053833 -0.055054 -0.008544 0.104667 -0.107040
-0.009399 0.039429 -0.052124 -0.018275 0.076661 -0.101344
-0.020020 0.028198 -0.058105 -0.038924 0.054826 -0.112974
-0.049194 0.037354 -0.084961 -0.095648 0.072626 -0.165189
-0.048096 0.028809 -0.104370 -0.093512 0.056012 -0.202926
-0.033813 0.019531 -0.098267 -0.065743 0.037974 -0.191059
-0.036133 0.035889 -0.113403 -0.070253 0.069778 -0.220489
-0.037231 0.044800 -0.125366 -0.072389 0.087104 -0.243748
-0.021851 0.019653 -0.118164 -0.042484 0.038212 -0.229745
-0.019409 0.018433 -0.116089 -0.037737 0.035838 -0.225711
-0.021606 0.026367 -0.121948 -0.042009 0.051266 -0.237103
-0.013184 0.020874 -0.139404 -0.025633 0.040585 -0.271043
-0.009644 0.021851 -0.146240 -0.018750 0.042484 -0.284334
-0.000854 0.025391 -0.140625 -0.001661 0.049367 -0.273416
0.005981 0.030396 -0.143799 0.011630 0.059098 -0.279587
0.004150 0.023682 -0.143066 0.008070 0.046044 -0.278163
0.002075 0.022949 -0.140381 0.004035 0.044620 -0.272941
