0.040405 -0.487305 -0.366699 0.078560 -0.947462 -0.712970
0.034424 -0.270142 -0.415161 0.066930 -0.525234 -0.807194
0.063599 -0.128418 -0.520508 0.123654 -0.249682 -1.012019
0.081543 -0.351440 -0.514771 0.158543 -0.683303 -1.000864
0.165405 -0.752930 -0.539673 0.321596 -1.463915 -1.049281
0.060303 -0.965942 -0.676392 0.117246 -1.878074 -1.315103
-0.039429 -0.359253 -0.829712 -0.076661 -0.698492 -1.613202
-0.258545 0.943848 -0.801025 -0.502687 1.835115 -1.557427
-0.490479 1.267334 -0.828979 -0.953633 2.464067 -1.611778
-0.457275 0.292725 -0.734497 -0.889077 0.569142 -1.428077
-0.151001 -0.269287 -0.188232 -0.293590 -0.523573 -0.365979
-0.198364 -0.127319 0.605835 -0.385678 -0.247546 1.177920
-0.521484 0.161865 1.410522 -1.013918 0.314713 2.742467
-0.714478 -0.061646 1.791138 -1.389153 -0.119857 3.482494
-0.759521 -0.305420 1.867676 -1.476731 -0.593825 3.631306
-0.519897 -0.296875 1.883545 -1.010832 -0.577212 3.662161
-0.087524 0.211060 1.713745 -0.170173 0.410361 3.332020
0.234863 0.232300 1.195679 0.456643 0.451659 2.324748
0.274048 -0.039063 0.624390 0.532829 -0.075949 1.213996
0.143433 0.056274 0.261719 0.278875 0.109414 0.508858
-0.000977 0.229126 -0.047485 -0.001899 0.445488 -0.092325
-0.057617 0.282593 -0.359985 -0.112025 0.549443 -0.699916
-0.070313 0.207153 -0.715698 -0.136708 0.402766 -1.391526
-0.069458 0.114380 -1.015137 -0.135047 0.222388 -1.973722
-0.064575 0.164673 -1.207520 -0.125553 0.320172 -2.347770
-0.008057 0.242432 -1.271484 -0.015664 0.471358 -2.472136
0.098267 0.194336 -1.344604 0.191059 0.377846 -2.614303
0.168945 0.139893 -1.457520 0.328479 0.271992 -2.833843
0.245483 0.198486 -1.564941 0.477291 0.385915 -3.042702
0.273315 0.192139 -1.550903 0.531405 0.373574 -3.015408
0.323242 0.057007 -1.369995 0.628477 0.110838 -2.663670
0.364502 -0.025024 -1.200928 0.708698 -0.048655 -2.334954
0.285156 0.102539 -1.051025 0.554427 0.199366 -2.043500
0.201416 0.177734 -0.871704 0.391611 0.345567 -1.694847
0.155762 0.119751 -0.749878 0.302846 0.232831 -1.457981
0.078735 0.025146 -0.650391 0.153084 0.048892 -1.264549
0.014526 -0.039307 -0.545410 0.028243 -0.076424 -1.060436
-0.106201 0.020386 -0.417725 -0.206486 0.039636 -0.812178
-0.278076 0.100586 -0.195068 -0.540661 0.195568 -0.379270
-0.461792 0.100342 0.108765 -0.897858 0.195094 0.211470
-0.648682 0.025269 0.476440 -1.261226 0.049129 0.926339
-0.741577 -0.145630 0.808838 -1.441842 -0.283147 1.572617
-0.906982 -0.270142 1.204834 -1.763438 -0.525234 2.342549
-1.081665 -0.199463 1.702026 -2.103072 -0.387814 3.309236
-1.084595 -0.002197 1.874756 -2.108768 -0.004272 3.645072
-0.903809 0.141602 1.590698 -1.757267 0.275315 3.092781
-0.648560 0.265381 0.944946 -1.260989 0.515978 1.837251
-0.516968 0.183960 0.521606 -1.005136 0.357672 1.014155
-0.371948 0.118652 0.403198 -0.723176 0.230695 0.783935
-0.315430 0.293091 0.177612 -0.613287 0.569854 0.345330
-0.266357 0.345215 0.079956 -0.517877 0.671198 0.155458
-0.155273 0.314087 0.009766 -0.301897 0.610677 0.018987
-0.103638 0.295776 -0.058838 -0.201502 0.575076 -0.114398
-0.085693 0.195801 -0.089722 -0.166613 0.380694 -0.174445
-0.100464 0.145264 -0.108643 -0.195331 0.282435 -0.211233
-0.152466 0.196289 -0.118896 -0.296438 0.381643 -0.231169
-0.169189 0.208374 -0.109131 -0.328954 0.405140 -0.212182
-0.113892 0.177979 -0.098999 -0.221438 0.346042 -0.192483
-0.003784 0.149292 -0.076416 -0.007358 0.290267 -0.148575
0.064941 0.111694 -0.107788 0.126265 0.217166 -0.209571
0.068359 0.073242 -0.155762 0.132911 0.142404 -0.302846
0.037598 0.072388 -0.172363 0.073101 0.140743 -0.335124
0.024902 0.065186 -0.161377 0.048417 0.126740 -0.313764
0.020630 0.040771 -0.103149 0.040111 0.079272 -0.200553
0.025513 0.053345 -0.060913 0.049604 0.103718 -0.118433
0.018555 0.055908 -0.105957 0.036076 0.108702 -0.206011
0.013550 0.044922 -0.161621 0.026345 0.087341 -0.314239
0.005493 0.044312 -0.115234 0.010680 0.086155 -0.224049
-0.000610 0.055176 -0.080688 -0.001187 0.107278 -0.156882
-0.027466 0.048950 -0.089600 -0.053402 0.095173 -0.174208
-0.040405 0.045288 -0.085815 -0.078560 0.088053 -0.166850
-0.048096 0.042603 -0.083496 -0.093512 0.082832 -0.162341
-0.059570 0.050903 -0.060913 -0.115822 0.098971 -0.118433
-0.053833 0.056030 -0.045166 -0.104667 0.108939 -0.087816
-0.052002 0.069214 -0.054565 -0.101107 0.134572 -0.106091
-0.040527 0.071533 -0.068848 -0.078797 0.139081 -0.133860
-0.018433 0.049316 -0.084106 -0.035838 0.095885 -0.163527
-0.016602 0.060913 -0.100220 -0.032278 0.118433 -0.194856
-0.032837 0.067505 -0.114136 -0.063845 0.131249 -0.221913
-0.036377 0.064941 -0.107178 -0.070727 0.126265 -0.208385
