0.567505 0.243652 -0.218628 1.103395 0.473731 -0.425076
0.475098 0.357422 -0.208374 0.923728 0.694932 -0.405140
0.159668 0.239258 -0.299683 0.310441 0.465187 -0.582670
0.116821 0.292969 -0.423950 0.227135 0.569617 -0.824283
0.214355 0.270020 -0.522583 0.416770 0.524997 -1.016054
0.044189 -0.002197 -0.508179 0.085917 -0.004272 -0.988048
-0.349243 -0.240356 -0.172119 -0.679031 -0.467323 -0.334650
-0.893311 -0.654419 0.061279 -1.736856 -1.272381 0.119145
-1.179810 -0.212280 0.766357 -2.293894 -0.412735 1.490022
-1.283813 -0.224976 0.854492 -2.496108 -0.437418 1.661382
-1.137451 -0.410400 0.673096 -2.211537 -0.797938 1.308694
-0.809692 -0.487793 0.848511 -1.574278 -0.948412 1.649752
-0.458130 -0.508545 0.881714 -0.890738 -0.988760 1.714309
-0.325684 -0.503418 0.833252 -0.633224 -0.978791 1.620085
-0.404053 -0.340942 0.371094 -0.785596 -0.662891 0.721514
-0.417114 -0.116577 0.028442 -0.810992 -0.226660 0.055300
-0.141479 0.070557 -0.203247 -0.275077 0.137183 -0.395172
0.048340 0.188477 -0.436890 0.093987 0.366453 -0.849441
0.116333 0.239380 -0.567871 0.226185 0.465424 -1.104107
0.189453 0.216431 -0.829590 0.368352 0.420804 -1.612965
0.396118 0.241577 -1.088989 0.770169 0.469696 -2.117313
0.479614 0.348145 -1.226807 0.932510 0.676894 -2.385270
0.319824 0.402466 -1.482788 0.621832 0.782511 -2.882972
0.276245 0.371338 -1.540649 0.537101 0.721989 -2.995472
0.223145 0.437134 -1.414917 0.433858 0.849916 -2.751011
0.165161 0.296875 -1.121948 0.321121 0.577212 -2.181395
0.095581 0.186279 -0.813354 0.185837 0.362181 -1.581398
-0.032227 0.144409 -0.543335 -0.062658 0.280774 -1.056402
-0.193726 0.026855 -0.235718 -0.376659 0.052215 -0.458304
-0.146362 -0.113159 -0.052124 -0.284571 -0.220014 -0.101344
-0.068848 -0.241211 0.102051 -0.133860 -0.468984 0.198416
-0.128906 -0.303345 0.224609 -0.250631 -0.589791 0.436706
-0.361450 -0.260742 0.341309 -0.702765 -0.506959 0.663603
-0.630005 -0.056030 0.605713 -1.224913 -0.108939 1.177683
-0.786743 -0.046265 0.916992 -1.529658 -0.089952 1.782900
-0.707520 -0.222168 1.007690 -1.375624 -0.431959 1.959244
-0.523438 -0.411011 0.887451 -1.017715 -0.799125 1.725464
-0.405029 -0.350220 0.506226 -0.787495 -0.680929 0.984250
-0.354370 -0.144653 0.154419 -0.688999 -0.281248 0.300235
-0.226318 0.081055 -0.023804 -0.440029 0.157594 -0.046281
-0.121460 0.150269 -0.036011 -0.236154 0.292166 -0.070015
-0.036255 0.016846 -0.057129 -0.070490 0.032753 -0.111075
-0.013062 0.071289 -0.069336 -0.025395 0.138607 -0.134809
-0.058838 0.212158 -0.097412 -0.114398 0.412497 -0.189398
-0.052246 0.154541 -0.126709 -0.101582 0.300473 -0.246359
-0.017334 0.012939 -0.152832 -0.033702 0.025158 -0.297150
-0.020508 0.038818 -0.158203 -0.039873 0.075474 -0.307593
0.003052 0.121094 -0.100220 0.005934 0.235442 -0.194856
0.035156 0.085327 -0.071045 0.068354 0.165901 -0.138132
0.050415 0.056763 -0.094360 0.098022 0.110363 -0.183464
0.041748 0.108521 -0.122437 0.081170 0.210996 -0.238052
0.012207 0.125488 -0.114380 0.023734 0.243986 -0.222388
0.022705 0.119385 -0.130859 0.044145 0.232119 -0.254429
0.008179 0.151978 -0.155273 0.015902 0.295489 -0.301897
-0.036621 0.171631 -0.138062 -0.071202 0.333700 -0.268432
-0.037598 0.146729 -0.109253 -0.073101 0.285283 -0.212420
-0.053467 0.103760 -0.097656 -0.103955 0.201739 -0.189872
-0.072998 0.045898 -0.104248 -0.141929 0.089240 -0.202689
-0.083984 -0.023193 -0.133301 -0.163290 -0.045095 -0.259176
-0.067993 0.015991 -0.129761 -0.132199 0.031092 -0.252293
-0.032227 0.105225 -0.108643 -0.062658 0.204587 -0.211233
-0.011353 0.100952 -0.086792 -0.022073 0.196280 -0.168749
-0.000854 0.015259 -0.097900 -0.001661 0.029668 -0.190347
-0.012451 -0.003418 -0.103149 -0.024209 -0.006646 -0.200553
-0.007080 0.042725 -0.100342 -0.013766 0.083069 -0.195094
0.000610 0.036743 -0.118652 0.001187 0.071439 -0.230695
-0.027222 0.069702 -0.141846 -0.052927 0.135521 -0.275789
0.001587 0.087769 -0.109619 0.003085 0.170648 -0.213132
-0.042236 0.040039 -0.095215 -0.082120 0.077848 -0.185125
-0.046753 0.019409 -0.105591 -0.090901 0.037737 -0.205299
-0.018311 0.030029 -0.105469 -0.035601 0.058386 -0.205062
0.002930 0.032715 -0.109375 0.005696 0.063607 -0.212657
0.009644 0.037720 -0.134521 0.018750 0.073338 -0.261549
-0.007690 0.028809 -0.150024 -0.014952 0.056012 -0.291691
-0.012207 0.024902 -0.149658 -0.023734 0.048417 -0.290979
-0.022949 0.024048 -0.115479 -0.044620 0.046756 -0.224524
-0.020630 0.010620 -0.110596 -0.040111 0.020649 -0.215030
-0.006348 0.000854 -0.135620 -0.012342 0.001661 -0.263685
-0.023926 0.012817 -0.120728 -0.046519 0.024921 -0.234730
-0.021729 0.040527 -0.100708 -0.042247 0.078797 -0.195806
