-0.047974 0.256104 -0.599365 -0.093275 0.497940 -1.165341
-0.104736 0.160522 -0.583740 -0.203638 0.312102 -1.134961
-0.289429 0.331055 -0.520996 -0.562734 0.643667 -1.012968
-0.462402 0.308105 -0.385376 -0.899045 0.599047 -0.749283
-0.727661 0.187988 -0.102539 -1.414785 0.365504 -0.199366
-0.908203 -0.061035 0.341797 -1.765812 -0.118670 0.664553
-0.925781 -0.221558 0.848145 -1.799989 -0.430773 1.649040
-0.977905 -0.485474 1.289307 -1.901333 -0.943902 2.506788
-1.042358 -0.690796 1.538940 -2.026649 -1.343109 2.992149
-1.034180 -0.702026 1.549316 -2.010747 -1.364944 3.012323
-0.759277 -0.422729 1.398315 -1.476257 -0.821909 2.718733
-0.319092 -0.413818 1.084351 -0.620408 -0.804584 2.108294
-0.064575 -0.619751 0.679321 -0.125553 -1.204977 1.320799
0.068359 -0.520996 0.431519 0.132911 -1.012968 0.838998
0.040161 -0.152222 0.148804 0.078085 -0.295963 0.289318
-0.014771 0.145752 -0.198975 -0.028718 0.283384 -0.386865
0.034668 0.234619 -0.590088 0.067405 0.456168 -1.147303
0.177124 0.174927 -0.921631 0.344381 0.340109 -1.791919
0.232544 0.128174 -1.234009 0.452133 0.249207 -2.399273
0.139526 0.127563 -1.511719 0.271280 0.248021 -2.939222
0.093140 0.168091 -1.602295 0.181091 0.326818 -3.115329
0.202026 0.348999 -1.546143 0.392798 0.678556 -3.006152
0.372437 0.694702 -1.340088 0.724125 1.350704 -2.605522
0.323364 0.980835 -1.076904 0.628714 1.907029 -2.093816
0.157593 0.927734 -0.926636 0.306406 1.803786 -1.801650
0.125854 0.646606 -0.956055 0.244698 1.257192 -1.858849
0.176392 0.606934 -0.965576 0.342957 1.180056 -1.877362
0.113281 0.575439 -0.657349 0.220252 1.118822 -1.278077
-0.027832 0.321899 -0.234741 -0.054114 0.625866 -0.456405
-0.156982 0.118286 0.108765 -0.305220 0.229983 0.211470
-0.310547 -0.011597 0.484863 -0.603794 -0.022547 0.942716
-0.807007 -0.093018 0.905029 -1.569057 -0.180853 1.759641
-1.123291 -0.204834 1.317993 -2.184005 -0.398257 2.562563
-0.654663 -0.648071 1.543213 -1.272856 -1.260040 3.000456
-0.238037 -0.486450 1.520020 -0.462814 -0.945801 2.955361
-0.330200 0.179810 1.106812 -0.642005 0.349602 2.151964
-0.477661 0.343872 0.413208 -0.928713 0.668588 0.803397
-0.317993 0.297852 0.039551 -0.618271 0.579110 0.076898
-0.088501 0.355713 0.028564 -0.172072 0.691610 0.055538
-0.072876 0.199829 0.063721 -0.141692 0.388526 0.123892
-0.118042 0.061279 -0.018066 -0.229508 0.119145 -0.035126
-0.155518 0.164673 -0.029175 -0.302372 0.320172 -0.056724
-0.162720 0.202148 -0.047119 -0.316375 0.393036 -0.091613
-0.094482 0.065063 -0.055176 -0.183701 0.126502 -0.107278
0.005859 -0.066772 -0.121338 0.011392 -0.129825 -0.235916
0.022949 -0.107178 -0.207275 0.044620 -0.208385 -0.403004
-0.004028 -0.110840 -0.247925 -0.007832 -0.215505 -0.482038
-0.028076 -0.047241 -0.207031 -0.054588 -0.091851 -0.402529
-0.034546 0.082153 -0.143066 -0.067167 0.159730 -0.278163
-0.027954 0.126465 -0.106567 -0.054351 0.245885 -0.207198
-0.003174 0.090576 -0.127075 -0.006171 0.176106 -0.247071
0.013794 0.038330 -0.141846 0.026819 0.074525 -0.275789
0.004150 -0.015503 -0.115234 0.008070 -0.030142 -0.224049
-0.011841 0.011841 -0.101807 -0.023022 0.023022 -0.197942
-0.045044 0.045166 -0.123779 -0.087579 0.087816 -0.240663
-0.051758 0.053711 -0.173706 -0.100632 0.104430 -0.337735
-0.017578 0.074097 -0.174927 -0.034177 0.144066 -0.340109
-0.015259 0.066650 -0.143555 -0.029668 0.129588 -0.279112
-0.023071 0.029419 -0.120728 -0.044857 0.057199 -0.234730
-0.036255 0.033203 -0.127563 -0.070490 0.064557 -0.248021
-0.064453 0.067993 -0.133057 -0.125316 0.132199 -0.258701
-0.058105 0.074463 -0.129761 -0.112974 0.144778 -0.252293
-0.042358 0.064941 -0.140259 -0.082357 0.126265 -0.272704
-0.033203 0.043945 -0.146606 -0.064557 0.085443 -0.285046
-0.007568 0.008423 -0.149902 -0.014715 0.016376 -0.291454
-0.001343 -0.025635 -0.156738 -0.002611 -0.049841 -0.304745
-0.002197 -0.050903 -0.161621 -0.004272 -0.098971 -0.314239
0.006714 -0.033569 -0.145752 0.013054 -0.065269 -0.283384
-0.015747 0.024780 -0.126831 -0.030617 0.048180 -0.246597
-0.040283 0.076904 -0.124146 -0.078322 0.149524 -0.241375
-0.040527 0.078613 -0.133057 -0.078797 0.152847 -0.258701
-0.019897 0.029175 -0.142700 -0.038686 0.056724 -0.277451
0.001221 -0.030640 -0.150269 0.002373 -0.059572 -0.292166
0.019775 -0.078003 -0.144653 0.038449 -0.151660 -0.281248
0.007324 -0.077148 -0.140381 0.014240 -0.149999 -0.272941
0.007324 -0.064697 -0.155029 0.014240 -0.125790 -0.301422
-0.013428 -0.019897 -0.146851 -0.026107 -0.038686 -0.285520
-0.016846 0.009399 -0.150635 -0.032753 0.018275 -0.292878
-0.011963 0.043701 -0.141113 -0.023259 0.084968 -0.274365
-0.023438 0.064697 -0.111694 -0.045569 0.125790 -0.217166
