0.264526 -0.567871 -0.859131 0.514316 -1.104107 -1.670401
0.207031 -0.170532 -0.623901 0.402529 -0.331564 -1.213046
-0.007813 0.134399 -0.635498 -0.015190 0.261312 -1.235594
-0.061523 0.153931 -0.725220 -0.119620 0.299286 -1.410039
-0.086792 0.030273 -0.804443 -0.168749 0.058860 -1.564072
-0.224854 -0.477905 -1.164429 -0.437181 -0.929187 -2.263989
-0.290039 -1.289673 -1.352661 -0.563920 -2.507500 -2.629968
-0.172729 -1.030396 -0.618286 -0.335836 -2.003389 -1.202129
-0.140015 0.298706 0.393066 -0.272229 0.580772 0.764236
-0.313477 0.829102 0.856445 -0.609490 1.612015 1.665179
-0.485107 1.348267 1.382690 -0.943190 2.621423 2.688353
-0.452393 0.679565 1.539307 -0.879583 1.321273 2.992861
-0.633911 0.319702 1.734985 -1.232508 0.621594 3.373317
-1.061035 0.638794 2.463745 -2.062962 1.242002 4.790239
-1.628052 0.653076 2.969360 -3.165407 1.269771 5.773303
-1.234863 0.987671 2.267578 -2.400934 1.920320 4.408833
-0.695190 0.694702 1.167847 -1.351653 1.350704 2.270634
-0.537964 0.261719 0.343872 -1.045959 0.508858 0.668588
-0.206055 0.010010 -0.263062 -0.400630 0.019462 -0.511468
0.121948 -0.081787 -0.521729 0.237103 -0.159018 -1.014392
0.302124 -0.027832 -0.709473 0.587417 -0.054114 -1.379422
0.330933 0.039673 -0.962402 0.643430 0.077136 -1.871191
0.375854 0.013428 -1.185303 0.730771 0.026107 -2.304574
0.444580 -0.098633 -1.312866 0.864393 -0.191771 -2.552595
0.516602 -0.213623 -1.364624 1.004424 -0.415345 -2.653227
0.529785 -0.202148 -1.408936 1.030057 -0.393036 -2.739382
0.501587 -0.128784 -1.524292 0.975231 -0.250394 -2.963668
0.441895 -0.129272 -1.650635 0.859172 -0.251343 -3.209315
0.444824 -0.090942 -1.654175 0.864868 -0.176819 -3.216198
0.494141 -0.007446 -1.521606 0.960754 -0.014478 -2.958447
0.446045 0.115356 -1.323242 0.867241 0.224287 -2.572769
0.330566 0.147827 -1.119141 0.642717 0.287419 -2.175936
0.226196 0.076782 -0.864990 0.439792 0.149287 -1.681793
0.158081 -0.039307 -0.633789 0.307356 -0.076424 -1.232271
-0.003784 -0.005249 -0.494263 -0.007358 -0.010206 -0.960991
-0.244629 0.062988 -0.366211 -0.475630 0.122468 -0.712021
-0.472900 0.032837 -0.161011 -0.919456 0.063845 -0.313052
-0.645996 0.017212 0.096680 -1.256005 0.033465 0.187973
-0.833008 0.026245 0.377686 -1.619610 0.051028 0.734331
-1.014038 -0.057251 0.703491 -1.971586 -0.111313 1.367792
-1.186279 -0.188354 1.031982 -2.306473 -0.366216 2.006475
-1.347534 -0.306274 1.332764 -2.619999 -0.595487 2.591281
-1.269165 -0.181152 1.597656 -2.467627 -0.352213 3.106310
-1.093994 0.055054 1.615234 -2.127044 0.107040 3.140487
-0.911499 0.209717 1.277710 -1.772220 0.407751 2.484241
-0.704468 0.351318 0.758301 -1.369691 0.683065 1.474358
-0.486450 0.343140 0.114380 -0.945801 0.667164 0.222388
-0.280273 0.165771 -0.186035 -0.544933 0.322308 -0.361707
-0.181152 0.092651 -0.228271 -0.352213 0.180141 -0.443826
-0.075195 0.290894 -0.192139 -0.146202 0.565582 -0.373574
-0.004639 0.451416 -0.142944 -0.009019 0.877684 -0.277925
0.024048 0.398438 -0.100708 0.046756 0.774679 -0.195806
-0.033936 0.214844 -0.116211 -0.065981 0.417719 -0.225948
-0.078979 0.037598 -0.077393 -0.153559 0.073101 -0.150474
-0.062134 -0.061157 0.016968 -0.120806 -0.118907 0.032990
-0.076904 -0.076660 0.095337 -0.149524 -0.149050 0.185363
-0.074951 -0.032715 0.074219 -0.145727 -0.063607 0.144303
-0.051880 -0.016968 -0.013550 -0.100870 -0.032990 -0.026345
-0.004150 -0.026245 -0.106689 -0.008070 -0.051028 -0.207435
0.026733 -0.042114 -0.144653 0.051978 -0.081882 -0.281248
0.031982 -0.035767 -0.136841 0.062183 -0.069541 -0.266058
0.035645 -0.028931 -0.132813 0.069303 -0.056250 -0.258226
0.026123 -0.039429 -0.151733 0.050791 -0.076661 -0.295014
0.026001 -0.051514 -0.156860 0.050553 -0.100158 -0.304982
0.011841 -0.056885 -0.155762 0.023022 -0.110601 -0.302846
-0.013428 -0.047974 -0.164307 -0.026107 -0.093275 -0.319460
-0.024902 -0.056885 -0.165161 -0.048417 -0.110601 -0.321121
-0.026978 -0.054565 -0.167236 -0.052452 -0.106091 -0.325156
-0.021118 -0.040527 -0.165527 -0.041060 -0.078797 -0.321833
-0.016357 -0.048218 -0.156250 -0.031804 -0.093749 -0.303796
-0.016479 -0.070190 -0.155396 -0.032041 -0.136471 -0.302134
-0.017090 -0.051147 -0.166138 -0.033228 -0.099446 -0.323020
-0.019531 -0.055664 -0.166504 -0.037974 -0.108227 -0.323732
-0.024902 -0.073486 -0.149902 -0.048417 -0.142879 -0.291454
-0.019043 -0.077148 -0.124390 -0.037025 -0.149999 -0.241850
-0.019897 -0.054932 -0.135010 -0.038686 -0.106803 -0.262498
-0.020630 -0.055542 -0.145996 -0.040111 -0.107990 -0.283859
-0.029541 -0.036621 -0.149414 -0.057436 -0.071202 -0.290505
-0.022217 -0.014893 -0.129272 -0.043196 -0.028956 -0.251343
-0.027588 -0.017212 -0.110840 -0.053639 -0.033465 -0.215505
