0.190674 0.479858 -0.635498 0.370726 0.932985 -1.235594
0.141235 0.366089 -0.544189 0.274603 0.711784 -1.058063
-0.074951 0.160522 -0.376709 -0.145727 0.312102 -0.732432
-0.389404 -0.055054 -0.100098 -0.757115 -0.107040 -0.194619
-0.674561 -0.260620 0.343628 -1.311542 -0.506721 0.668113
-0.810913 -0.347656 0.754883 -1.576651 -0.675945 1.467712
-0.924683 -0.428345 1.185791 -1.797853 -0.832827 2.305524
-0.868652 -0.852173 1.275635 -1.688913 -1.656873 2.480206
-0.652222 -0.887085 1.327759 -1.268109 -1.724752 2.581550
-0.507690 -0.714233 1.253174 -0.987098 -1.388678 2.436535
-0.493896 -0.180908 1.230347 -0.960279 -0.351738 2.392153
-0.494385 0.086304 0.992188 -0.961228 0.167800 1.929102
-0.311035 0.001221 0.538086 -0.604743 0.002373 1.046196
-0.082275 -0.082642 0.077881 -0.159967 -0.160679 0.151423
0.113892 -0.025391 -0.359741 0.221438 -0.049367 -0.699442
0.211182 0.056152 -0.803589 0.410599 0.109177 -1.562411
0.198608 0.138550 -1.120605 0.386153 0.269381 -2.178784
0.224243 0.188110 -1.260254 0.435994 0.365741 -2.450301
0.343750 0.163086 -1.358276 0.668350 0.317087 -2.640885
0.423218 0.041016 -1.464233 0.822859 0.079746 -2.846897
0.462769 0.052490 -1.514404 0.899757 0.102056 -2.944443
0.437012 0.237183 -1.437866 0.849678 0.461152 -2.795631
0.375488 0.386108 -1.226318 0.730059 0.750707 -2.384320
0.265991 0.398560 -0.987305 0.517164 0.774916 -1.919608
0.153076 0.499878 -0.757935 0.297625 0.971908 -1.473646
0.038574 0.559692 -0.612061 0.075000 1.088205 -1.190024
-0.064941 0.375732 -0.471191 -0.126265 0.730533 -0.916134
-0.204590 0.224243 -0.198242 -0.397782 0.435994 -0.385441
-0.344482 0.186401 0.078491 -0.669774 0.362419 0.152610
-0.371704 0.095581 0.206787 -0.722701 0.185837 0.402054
-0.489014 -0.010498 0.392578 -0.950785 -0.020411 0.763286
-0.720581 -0.124512 0.561768 -1.401020 -0.242087 1.092240
-0.851196 -0.418579 0.660400 -1.654974 -0.813840 1.284011
-0.730713 -0.890747 0.739746 -1.420719 -1.731872 1.438282
-0.528564 -1.100586 0.921875 -1.027683 -2.139860 1.792394
-0.532959 -0.279419 1.195068 -1.036228 -0.543272 2.323561
-0.720825 0.735352 1.265015 -1.401494 1.429738 2.459557
-0.764282 0.847900 0.894043 -1.485988 1.648566 1.738280
-0.529419 0.444946 0.317993 -1.029345 0.865105 0.618271
-0.205322 -0.047119 -0.169922 -0.399206 -0.091613 -0.330378
0.014282 -0.367065 -0.349243 0.027769 -0.713682 -0.679031
0.174805 -0.402588 -0.311157 0.339871 -0.782748 -0.604980
0.675171 -0.435791 -0.484375 1.312729 -0.847305 -0.941766
0.099976 -0.482300 -0.437500 0.194382 -0.937731 -0.850628
-0.009155 -0.166748 -0.214722 -0.017801 -0.324207 -0.417482
-0.048340 0.125366 -0.014404 -0.093987 0.243748 -0.028006
-0.110352 0.141968 0.012695 -0.214556 0.276027 0.024683
-0.074707 -0.002563 -0.026733 -0.145252 -0.004984 -0.051978
0.019897 -0.033936 -0.026367 0.038686 -0.065981 -0.051266
0.046021 0.073486 -0.055176 0.089477 0.142879 -0.107278
0.023804 0.087891 -0.104004 0.046281 0.170885 -0.202214
0.022217 0.038330 -0.129272 0.043196 0.074525 -0.251343
0.006104 0.014893 -0.123047 0.011867 0.028956 -0.239239
-0.001953 -0.024292 -0.116943 -0.003797 -0.047231 -0.227372
-0.000732 -0.033813 -0.099854 -0.001424 -0.065743 -0.194144
-0.013550 -0.005127 -0.088379 -0.026345 -0.009968 -0.171834
-0.018921 0.014648 -0.098389 -0.036788 0.028481 -0.191296
-0.004150 -0.001343 -0.110596 -0.008070 -0.002611 -0.215030
-0.000366 -0.009277 -0.127197 -0.000712 -0.018038 -0.247309
-0.008789 0.021118 -0.143433 -0.017089 0.041060 -0.278875
-0.033569 0.066650 -0.139038 -0.065269 0.129588 -0.270331
-0.036499 0.065186 -0.145142 -0.070965 0.126740 -0.282198
-0.007080 0.019043 -0.135620 -0.013766 0.037025 -0.263685
-0.002075 0.017212 -0.120117 -0.004035 0.033465 -0.233543
-0.040161 0.060547 -0.107300 -0.078085 0.117721 -0.208622
-0.050781 0.077393 -0.129761 -0.098734 0.150474 -0.252293
-0.022827 0.045898 -0.140869 -0.044383 0.089240 -0.273891
0.012451 -0.007446 -0.131104 0.024209 -0.014478 -0.254903
0.011841 -0.000854 -0.134277 0.023022 -0.001661 -0.261074
-0.013550 0.018433 -0.116821 -0.026345 0.035838 -0.227135
-0.036255 0.012085 -0.113647 -0.070490 0.023497 -0.220964
-0.054688 0.019287 -0.140259 -0.106328 0.037500 -0.272704
-0.032349 0.027588 -0.156738 -0.062895 0.053639 -0.304745
-0.004272 0.046143 -0.137817 -0.008307 0.089715 -0.267957
0.004395 0.060425 -0.133301 0.008544 0.117483 -0.259176
-0.009644 0.056763 -0.142700 -0.018750 0.110363 -0.277451
-0.016846 0.009888 -0.132690 -0.032753 0.019225 -0.257989
-0.029907 -0.002930 -0.132813 -0.058148 -0.005696 -0.258226
-0.016724 -0.009766 -0.136719 -0.032516 -0.018987 -0.265821
0.008423 -0.008911 -0.140991 0.016376 -0.017326 -0.274128
