0.494995 -0.027466 -0.165771 0.962415 -0.053402 -0.322308
0.090698 -0.074463 -0.036133 0.176344 -0.144778 -0.070253
-0.045898 -0.038696 -0.063965 -0.089240 -0.075237 -0.124366
-0.039185 -0.056274 -0.034058 -0.076186 -0.109414 -0.066218
0.041016 -0.126099 0.003662 0.079746 -0.245173 0.007120
0.094971 0.100220 -0.079956 0.184651 0.194856 -0.155458
0.083008 0.375000 -0.390381 0.161391 0.729109 -0.759014
0.004883 0.620605 -0.584351 0.009494 1.206638 -1.136148
-0.174194 0.290283 -0.486206 -0.338685 0.564395 -0.945326
-0.077148 0.180542 -0.464966 -0.149999 0.351026 -0.904029
0.009399 0.209229 -0.586670 0.018275 0.406801 -1.140657
0.024048 -0.069092 -0.428223 0.046756 -0.134335 -0.832590
0.039429 0.000122 -0.573364 0.076661 0.000237 -1.114787
0.097168 -0.083008 -0.649170 0.188923 -0.161391 -1.262176
-0.101563 -0.041626 -0.464966 -0.197467 -0.080933 -0.904029
-0.208008 0.129150 -0.308838 -0.404428 0.251106 -0.600471
-0.274170 0.168945 -0.203247 -0.533066 0.328479 -0.395172
-0.343506 0.272949 -0.196899 -0.667876 0.530693 -0.382830
-0.262451 0.334839 -0.041260 -0.510282 0.651024 -0.080221
-0.331055 0.389282 0.194946 -0.643667 0.756878 0.379032
-0.570923 0.358643 0.557861 -1.110041 0.697306 1.084645
-0.726929 0.304932 0.948608 -1.413361 0.592876 1.844371
-0.692627 0.004517 1.192017 -1.346669 0.008782 2.317628
-0.575317 0.038086 1.185669 -1.118585 0.074050 2.305286
-0.513062 0.252319 1.137085 -0.997541 0.490582 2.210825
-0.600098 0.429321 1.185181 -1.166765 0.834726 2.304337
-0.711548 0.441162 1.045288 -1.383456 0.857748 2.032345
-0.562622 0.341064 0.701294 -1.093901 0.663129 1.363520
-0.210083 0.145752 0.338257 -0.408463 0.283384 0.657670
-0.012329 -0.021729 -0.102173 -0.023971 -0.042247 -0.198654
0.132568 -0.144775 -0.475342 0.257752 -0.281486 -0.924203
0.198120 -0.274048 -0.769775 0.385203 -0.532829 -1.496668
0.222168 -0.291260 -1.030640 0.431959 -0.566294 -2.003864
0.207886 -0.259521 -1.194946 0.404191 -0.504585 -2.323324
0.201416 -0.191895 -1.368896 0.391611 -0.373099 -2.661534
0.249878 -0.445068 -1.390869 0.485836 -0.865343 -2.704255
0.261841 -0.600098 -1.482544 0.509095 -1.166765 -2.882498
0.236084 -0.572998 -1.568115 0.459016 -1.114075 -3.048873
0.194458 -0.340210 -1.499512 0.378083 -0.661467 -2.915488
0.148193 -0.161743 -1.333496 0.288131 -0.314476 -2.592705
0.068726 0.000488 -1.125488 0.133623 0.000949 -2.188277
-0.014160 0.202881 -0.858032 -0.027531 0.394460 -1.668265
-0.088135 0.343384 -0.651733 -0.171360 0.667638 -1.267160
-0.069946 0.182251 -0.440552 -0.135996 0.354349 -0.856561
-0.157715 0.050293 -0.253052 -0.306644 0.097784 -0.492006
-0.348022 -0.036499 -0.056519 -0.676657 -0.070965 -0.109889
-0.420898 -0.169067 0.279907 -0.818349 -0.328716 0.544221
-0.703125 -0.062256 0.729858 -1.367080 -0.121044 1.419058
-1.043701 -0.028564 1.135376 -2.029259 -0.055538 2.207502
-1.334229 -0.025024 1.598877 -2.594129 -0.048655 3.108683
-1.384033 0.076172 1.890015 -2.690964 0.148100 3.674740
-1.173950 0.248169 1.719482 -2.282501 0.482513 3.343175
-0.878296 0.214478 1.192749 -1.707663 0.417007 2.319052
-0.482544 0.026855 0.593140 -0.938206 0.052215 1.153236
-0.280518 -0.042480 0.247803 -0.545408 -0.082594 0.481801
-0.193604 0.124512 0.048218 -0.376422 0.242087 0.093749
-0.177124 0.320923 -0.074219 -0.344381 0.623968 -0.144303
-0.139526 0.366943 -0.129883 -0.271280 0.713445 -0.252530
-0.105957 0.383911 -0.141113 -0.206011 0.746435 -0.274365
-0.022827 0.259644 -0.067993 -0.044383 0.504823 -0.132199
0.024292 0.112061 -0.060669 0.047231 0.217878 -0.117958
0.066895 0.036743 -0.074951 0.130062 0.071439 -0.145727
0.058960 0.038086 -0.066406 0.114635 0.074050 -0.129113
0.046143 0.084961 -0.037842 0.089715 0.165189 -0.073575
0.023560 0.083252 -0.018066 0.045807 0.161866 -0.035126
-0.013062 0.035889 0.017944 -0.025395 0.069778 0.034889
-0.021729 0.073608 0.041138 -0.042247 0.143116 0.079984
0.014282 0.060913 0.014771 0.027769 0.118433 0.028718
0.036133 0.035522 -0.050049 0.070253 0.069066 -0.097310
0.026245 0.000366 -0.090454 0.051028 0.000712 -0.175869
0.005981 -0.006714 -0.077881 0.011630 -0.013054 -0.151423
0.018677 0.022339 -0.048096 0.036313 0.043433 -0.093512
0.020630 0.052246 -0.054077 0.040111 0.101582 -0.105142
0.043579 0.048584 -0.094116 0.084730 0.094461 -0.182989
0.058960 0.046265 -0.118164 0.114635 0.089952 -0.229745
0.048218 0.068726 -0.111206 0.093749 0.133623 -0.216217
0.029175 0.084473 -0.096191 0.056724 0.164239 -0.187024
0.024414 0.071167 -0.097534 0.047468 0.138369 -0.189635
0.030273 0.045288 -0.118652 0.058860 0.088053 -0.230695
0.033203 0.049316 -0.129517 0.064557 0.095885 -0.251818
