0.277100 -0.261353 -0.355591 0.538762 -0.508146 -0.691372
0.222290 -0.026245 -0.286255 0.432197 -0.051028 -0.556563
0.073730 0.063477 -0.236572 0.143354 0.123417 -0.459965
0.014526 -0.079834 -0.277100 0.028243 -0.155221 -0.538762
-0.039551 -0.361938 -0.421265 -0.076898 -0.703714 -0.819061
0.063843 -0.328125 -0.634888 0.124129 -0.637971 -1.234407
0.153931 -0.192383 -1.071899 0.299286 -0.374048 -2.084085
-0.007080 -0.288574 -0.963257 -0.013766 -0.561072 -1.872852
-0.294678 0.123657 -0.436035 -0.572939 0.240426 -0.847780
-0.483521 -0.021729 -0.067261 -0.940105 -0.042247 -0.130774
-0.651489 -0.120972 0.321655 -1.266685 -0.235204 0.625392
-0.829468 0.103516 0.769531 -1.612727 0.201265 1.496193
-0.992188 0.319336 1.365967 -1.929102 0.620882 2.655838
-0.974365 0.536499 1.765015 -1.894450 1.043111 3.431703
-0.931641 0.552490 1.693604 -1.811381 1.074202 3.292859
-0.790405 0.375000 1.499634 -1.536778 0.729109 2.915725
-0.568848 0.190674 1.146118 -1.106006 0.370726 2.228388
-0.389526 0.387695 0.833374 -0.757353 0.753793 1.620322
-0.107178 0.599243 0.478516 -0.208385 1.165103 0.930374
0.118408 0.376343 0.043701 0.230220 0.731720 0.084968
0.211304 -0.022461 -0.510864 0.410836 -0.043671 -0.993269
0.356689 -0.335449 -0.928345 0.693508 -0.652211 -1.804973
0.508057 -0.408447 -1.273926 0.987810 -0.794141 -2.476883
0.529663 -0.439331 -1.585815 1.029819 -0.854188 -3.083288
0.529785 -0.466309 -1.774048 1.030057 -0.906640 -3.449266
0.506348 -0.206055 -1.896729 0.984487 -0.400630 -3.687793
0.406860 0.149902 -1.819946 0.791055 0.291454 -3.538506
0.395142 0.158447 -1.592041 0.768270 0.308068 -3.095392
0.444214 -0.006104 -1.451904 0.863681 -0.011867 -2.822925
0.447021 -0.029053 -1.305298 0.869140 -0.056487 -2.537880
0.448120 0.048950 -0.986206 0.871276 0.095173 -1.917472
0.348389 0.032593 -0.707642 0.677369 0.063370 -1.375862
0.193604 0.014282 -0.602783 0.376422 0.027769 -1.171986
0.008301 0.160156 -0.503662 0.016139 0.311390 -0.979266
-0.205566 0.211914 -0.288086 -0.399681 0.412023 -0.560123
-0.457275 0.238159 0.021851 -0.889077 0.463051 0.042484
-0.837280 0.457031 0.354248 -1.627917 0.888602 0.688762
-1.281006 0.573853 0.628540 -2.490649 1.115737 1.222065
-1.538940 0.353027 0.884521 -2.992149 0.686388 1.719768
-1.622681 -0.027588 1.147461 -3.154964 -0.053639 2.230999
-1.508301 -0.034668 1.320557 -2.932577 -0.067405 2.567547
-1.214966 0.167480 1.237061 -2.362248 0.325631 2.405206
-0.946045 0.105835 1.187500 -1.839387 0.205774 2.308846
-0.628296 0.002075 0.859985 -1.221590 0.004035 1.672062
-0.421875 -0.092529 0.638428 -0.820248 -0.179904 1.241290
-0.257935 -0.019287 0.522095 -0.501500 -0.037500 1.015104
-0.165039 0.177979 0.287476 -0.320884 0.346042 0.558936
-0.082520 0.090698 0.062988 -0.160442 0.176344 0.122468
-0.041504 -0.081299 -0.040527 -0.080696 -0.158069 -0.078797
-0.048340 -0.059204 -0.052368 -0.093987 -0.115110 -0.101819
-0.070435 0.006592 -0.021606 -0.136945 0.012816 -0.042009
-0.103516 0.061157 0.002319 -0.201265 0.118907 0.004509
-0.104492 0.053833 -0.022705 -0.203163 0.104667 -0.044145
-0.074341 0.022583 -0.083252 -0.144540 0.043908 -0.161866
-0.032837 0.038452 -0.120239 -0.063845 0.074762 -0.233780
-0.009277 0.088989 -0.149048 -0.018038 0.173021 -0.289792
-0.002686 0.127808 -0.169800 -0.005221 0.248495 -0.330140
-0.011841 0.105103 -0.173096 -0.023022 0.204350 -0.336549
-0.014648 0.122437 -0.192139 -0.028481 0.238052 -0.373574
-0.030762 0.140869 -0.202881 -0.059810 0.273891 -0.394460
-0.040649 0.144287 -0.195557 -0.079034 0.280536 -0.380219
-0.038208 0.135498 -0.164551 -0.074288 0.263448 -0.319935
-0.047119 0.127930 -0.174316 -0.091613 0.248733 -0.338922
-0.048096 0.133057 -0.175415 -0.093512 0.258701 -0.341058
-0.061157 0.129028 -0.155273 -0.118907 0.250869 -0.301897
-0.049194 0.123291 -0.145386 -0.095648 0.239714 -0.282672
-0.020386 0.075562 -0.153076 -0.039636 0.146914 -0.297625
0.029419 0.068970 -0.135498 0.057199 0.134097 -0.263448
0.037109 0.082275 -0.117554 0.072151 0.159967 -0.228559
0.020508 0.086792 -0.102661 0.039873 0.168749 -0.199603
0.013916 0.075073 -0.122192 0.027057 0.145964 -0.237578
-0.003662 0.026611 -0.133911 -0.007120 0.051740 -0.260362
-0.029175 -0.004272 -0.140015 -0.056724 -0.008307 -0.272229
-0.052856 -0.005493 -0.127441 -0.102768 -0.010680 -0.247783
-0.016113 0.008179 -0.087402 -0.031329 0.015902 -0.169936
0.004395 0.016846 -0.082764 0.008544 0.032753 -0.160917
0.000977 0.008423 -0.115601 0.001899 0.016376 -0.224761
-0.005371 -0.005493 -0.138916 -0.010443 -0.010680 -0.270093
-0.048096 0.023926 -0.166382 -0.093512 0.046519 -0.323495
-0.070801 0.064819 -0.159668 -0.137657 0.126028 -0.310441
