-0.101440 0.025757 -0.540405 -0.197230 0.050079 -1.050705
-0.139282 0.354736 -0.588867 -0.270805 0.689711 -1.144930
-0.175049 -0.406494 -0.105347 -0.340346 -0.790343 -0.204825
-0.271240 -0.116211 0.060547 -0.527370 -0.225948 0.117721
-0.280640 0.415771 0.283569 -0.545645 0.808381 0.551341
-0.070679 0.509155 0.302612 -0.137420 0.989946 0.588367
0.044678 0.463745 0.200195 0.086867 0.901656 0.389238
-0.056030 0.675171 0.255615 -0.108939 1.312729 0.496991
-0.514771 0.273804 0.445313 -1.000864 0.532354 0.865817
-1.041748 0.208130 0.592529 -2.025462 0.404665 1.152050
-1.052246 0.220459 0.556885 -2.045873 0.428637 1.082746
-0.750610 0.303223 0.765625 -1.459405 0.589553 1.488598
-0.838135 0.241943 1.423584 -1.629578 0.470408 2.767862
-1.191406 0.229248 1.870605 -2.316441 0.445725 3.637002
-1.543213 0.486084 1.790894 -3.000456 0.945089 3.482019
-1.455078 0.308838 1.399902 -2.829096 0.600471 2.721818
-0.750854 0.213867 0.947510 -1.459880 0.415820 1.842235
-0.005493 0.310425 0.362305 -0.010680 0.603556 0.704426
0.298706 -0.008301 -0.390747 0.580772 -0.016139 -0.759726
0.370117 -0.097168 -0.893799 0.719616 -0.188923 -1.737806
0.404541 -0.031616 -1.142456 0.786546 -0.061471 -2.221268
0.481323 -0.093628 -1.342896 0.935833 -0.182040 -2.610981
0.524658 -0.255493 -1.458008 1.020089 -0.496753 -2.834792
0.524658 -0.298950 -1.517944 1.020089 -0.581246 -2.951326
0.438354 -0.078491 -1.592285 0.852289 -0.152610 -3.095867
0.359863 0.015625 -1.557007 0.699679 0.030380 -3.027275
0.321777 -0.014526 -1.484497 0.625629 -0.028243 -2.886295
0.317383 0.004395 -1.391479 0.617085 0.008544 -2.705442
0.315186 0.116333 -1.243408 0.612813 0.226185 -2.417548
0.251343 0.313110 -1.022461 0.488684 0.608778 -1.987962
0.187622 0.355347 -0.806152 0.364792 0.690898 -1.567395
0.148315 0.240112 -0.637085 0.288368 0.466848 -1.238679
0.043213 0.133667 -0.500244 0.084018 0.259888 -0.972620
-0.021729 0.107056 -0.415283 -0.042247 0.208147 -0.807432
-0.083496 0.043335 -0.303345 -0.162341 0.084256 -0.589791
-0.186035 -0.018311 -0.147461 -0.361707 -0.035601 -0.286707
-0.346802 -0.079590 0.017456 -0.674284 -0.154746 0.033940
-0.639648 -0.130615 0.238525 -1.243663 -0.253954 0.463763
-0.899536 -0.080444 0.596802 -1.748961 -0.156407 1.160357
-1.222046 0.307617 0.974487 -2.376014 0.598098 1.894688
-1.672852 0.484375 1.489380 -3.252511 0.941766 2.895789
-1.855347 0.208496 1.563477 -3.607335 0.405377 3.039854
-1.374023 -0.056152 1.173584 -2.671502 -0.109177 2.281790
-0.610962 -0.210571 0.648438 -1.187888 -0.409412 1.260752
-0.329712 -0.298828 0.317749 -0.641056 -0.581009 0.617797
-0.324463 0.006104 0.294800 -0.630850 0.011867 0.573177
-0.332031 0.426392 0.114380 -0.645566 0.829030 0.222388
-0.260986 0.439575 -0.126465 -0.507434 0.854662 -0.245885
-0.039795 0.247925 -0.189575 -0.077373 0.482038 -0.368589
0.085327 0.172241 -0.115356 0.165901 0.334887 -0.224287
0.012085 0.242676 -0.057495 0.023497 0.471832 -0.111787
-0.105103 0.258667 -0.026245 -0.204350 0.502924 -0.051028
-0.133057 0.203125 0.009521 -0.258701 0.394934 0.018513
-0.103760 0.105591 0.026978 -0.201739 0.205299 0.052452
-0.073608 0.057129 -0.016846 -0.143116 0.111075 -0.032753
-0.055298 0.050903 -0.061768 -0.107515 0.098971 -0.120094
-0.069458 0.086182 -0.064819 -0.135047 0.167562 -0.126028
-0.057861 0.159668 -0.068359 -0.112499 0.310441 -0.132911
0.011230 0.143066 -0.085449 0.021835 0.278163 -0.166138
0.036987 0.062134 -0.093506 0.071914 0.120806 -0.181803
0.015747 0.040771 -0.085938 0.030617 0.079272 -0.167088
0.004639 0.050171 -0.071655 0.009019 0.097547 -0.139319
-0.006592 0.066772 -0.087524 -0.012816 0.129825 -0.170173
-0.011353 0.075806 -0.118896 -0.022073 0.147388 -0.231169
-0.030029 0.101685 -0.129395 -0.058386 0.197704 -0.251581
-0.038574 0.133179 -0.151367 -0.075000 0.258938 -0.294302
-0.046631 0.096436 -0.143311 -0.090664 0.187499 -0.278637
-0.055176 0.048950 -0.121094 -0.107278 0.095173 -0.235442
-0.055664 0.034302 -0.095825 -0.108227 0.066693 -0.186312
-0.067261 0.020874 -0.080811 -0.130774 0.040585 -0.157119
-0.083008 0.038696 -0.083984 -0.161391 0.075237 -0.163290
-0.089600 0.092163 -0.096313 -0.174208 0.179192 -0.187261
-0.057617 0.088135 -0.109863 -0.112025 0.171360 -0.213606
-0.039429 0.054688 -0.145630 -0.076661 0.106328 -0.283147
-0.035889 0.036621 -0.172119 -0.069778 0.071202 -0.334650
-0.040649 0.044067 -0.175049 -0.079034 0.085680 -0.340346
-0.037476 0.068115 -0.156250 -0.072863 0.132436 -0.303796
-0.013428 0.076782 -0.135132 -0.026107 0.149287 -0.262736
0.003174 0.051880 -0.128662 0.006171 0.100870 -0.250157
0.018921 0.019409 -0.135254 0.036788 0.037737 -0.262973
