-0.050659 0.238892 -0.724854 -0.098496 0.464475 -1.409327
0.035034 0.076172 -0.500488 0.068117 0.148100 -0.973095
0.054932 -0.011841 -0.490845 0.106803 -0.023022 -0.954345
0.111816 -0.113281 -0.536011 0.217404 -0.220252 -1.042161
0.262695 -0.265503 -0.543091 0.510756 -0.516215 -1.055927
0.178955 -0.234741 -0.463013 0.347941 -0.456405 -0.900232
-0.171631 -0.114380 -0.471436 -0.333700 -0.222388 -0.916608
-0.461304 -0.002808 -0.356567 -0.896909 -0.005459 -0.693271
-0.736694 0.026245 -0.002686 -1.432349 0.051028 -0.005221
-0.836792 -0.063232 0.409302 -1.626968 -0.122942 0.795802
-0.661133 0.050049 0.942993 -1.285435 0.097310 1.833454
-0.507813 0.153809 1.514771 -0.987336 0.299049 2.945156
-0.738892 -0.172974 1.818481 -1.436621 -0.336311 3.535658
-0.947510 -0.617188 1.651245 -1.842235 -1.199993 3.210502
-0.625366 -0.425659 1.306641 -1.215894 -0.827606 2.540490
0.002930 -0.054688 1.354614 0.005696 -0.106328 2.633765
0.391602 0.242554 1.311157 0.761388 0.471595 2.549272
0.326782 0.388062 0.894775 0.635360 0.754505 1.739704
0.030518 0.458740 0.395996 0.059335 0.891925 0.769932
-0.024780 0.355591 -0.062134 -0.048180 0.691372 -0.120806
0.092896 0.083008 -0.525269 0.180616 0.161391 -1.021275
-0.006470 -0.098633 -1.053101 -0.012579 -0.191771 -2.047535
-0.130493 -0.034668 -1.368774 -0.253717 -0.067405 -2.661297
-0.272827 0.148438 -1.446655 -0.530456 0.288606 -2.812720
-0.399170 0.308472 -1.524292 -0.776103 0.599759 -2.963668
-0.492310 0.364502 -1.699219 -0.957193 0.708698 -3.303777
-0.401245 0.446655 -1.832397 -0.780138 0.868428 -3.562715
-0.219971 0.510498 -1.848267 -0.427687 0.992557 -3.593569
-0.049316 0.421143 -1.685303 -0.095885 0.818824 -3.276720
0.032349 0.438599 -1.501831 0.062895 0.852764 -2.919997
0.111328 0.514648 -1.336182 0.216454 1.000627 -2.597927
0.215454 0.462158 -1.186035 0.418906 0.898570 -2.305998
0.260010 0.354126 -1.110718 0.505535 0.688524 -2.159559
0.248047 0.242310 -1.005981 0.482275 0.471120 -1.955921
0.196655 0.128296 -0.794189 0.382355 0.249445 -1.544136
0.108154 -0.033813 -0.602173 0.210283 -0.065743 -1.170800
-0.047485 -0.225952 -0.321167 -0.092325 -0.439317 -0.624442
-0.265137 -0.452026 0.044312 -0.515503 -0.878871 0.086155
-0.458984 -1.011719 0.444946 -0.892399 -1.967076 0.865105
-0.345703 -1.303345 0.703979 -0.672148 -2.534082 1.368741
-0.420166 -0.937988 1.187134 -0.816925 -1.823723 2.308134
-0.620972 -0.510620 1.618652 -1.207350 -0.992794 3.147132
-0.780518 -0.251709 1.743530 -1.517554 -0.489396 3.389931
-0.795288 0.064209 1.554932 -1.546272 0.124841 3.023241
-0.739258 0.313843 1.049805 -1.437333 0.610202 2.041126
-0.632813 0.346436 0.650757 -1.230372 0.673572 1.265261
-0.411743 0.235229 0.375977 -0.800549 0.457355 0.731008
-0.286499 0.220947 0.197998 -0.557038 0.429586 0.384966
-0.246826 0.245972 0.113281 -0.479902 0.478241 0.220252
-0.260376 0.195190 0.100952 -0.506247 0.379507 0.196280
-0.199463 0.107056 0.107300 -0.387814 0.208147 0.208622
-0.068481 0.058472 0.116211 -0.133148 0.113686 0.225948
-0.028198 0.048218 0.093872 -0.054826 0.093749 0.182515
-0.081421 0.088623 0.078735 -0.158306 0.172309 0.153084
-0.127197 0.092407 0.071899 -0.247309 0.179667 0.139793
-0.096680 0.069336 0.028564 -0.187973 0.134809 0.055538
-0.046143 0.052734 -0.000854 -0.089715 0.102531 -0.001661
-0.021484 0.090332 0.015503 -0.041772 0.175632 0.030142
-0.028931 0.189819 0.020874 -0.056250 0.369064 0.040585
-0.062988 0.131226 -0.043091 -0.122468 0.255141 -0.083781
-0.061157 0.107178 -0.082275 -0.118907 0.208385 -0.159967
-0.019531 0.060181 -0.114380 -0.037974 0.117009 -0.222388
0.033936 0.028076 -0.125732 0.065981 0.054588 -0.244460
0.042114 0.024292 -0.125244 0.081882 0.047231 -0.243511
0.026611 0.036865 -0.101563 0.051740 0.071677 -0.197467
-0.005371 0.041992 -0.115723 -0.010443 0.081645 -0.224999
-0.009766 0.030151 -0.146118 -0.018987 0.058623 -0.284096
-0.009033 0.026001 -0.143188 -0.017563 0.050553 -0.278400
-0.016724 0.044067 -0.121460 -0.032516 0.085680 -0.236154
-0.019043 0.041992 -0.130493 -0.037025 0.081645 -0.253717
-0.018677 0.030273 -0.153198 -0.036313 0.058860 -0.297862
-0.008911 0.025757 -0.131470 -0.017326 0.050079 -0.255615
-0.015381 0.035889 -0.122803 -0.029905 0.069778 -0.238764
-0.010132 0.016602 -0.145630 -0.019699 0.032278 -0.283147
-0.015869 0.002319 -0.168701 -0.030854 0.004509 -0.328004
-0.028320 0.010010 -0.157104 -0.055063 0.019462 -0.305457
-0.025879 0.032837 -0.129028 -0.050316 0.063845 -0.250869
0.000366 0.017944 -0.119507 0.000712 0.034889 -0.232356
0.015503 0.013550 -0.129028 0.030142 0.026345 -0.250869
0.010010 0.022095 -0.150146 0.019462 0.042959 -0.291929
