0.262573 0.103882 -0.391235 0.510519 0.201977 -0.760676
0.200806 0.372437 -0.328491 0.390425 0.724125 -0.638683
-0.014893 0.239990 -0.148560 -0.028956 0.466611 -0.288843
-0.106567 0.146362 -0.139526 -0.207198 0.284571 -0.271280
-0.114746 0.275757 -0.165405 -0.223100 0.536152 -0.321596
-0.439697 0.047729 0.099121 -0.854900 0.092800 0.192720
-0.720581 0.116089 0.703613 -1.401020 0.225711 1.368029
-1.032227 -0.040039 1.252441 -2.006949 -0.077848 2.435111
-0.942139 0.098999 1.391968 -1.831792 0.192483 2.706391
-0.571045 0.071167 1.356445 -1.110278 0.138369 2.637325
-0.612671 -0.089966 1.215332 -1.191211 -0.174920 2.362960
-0.626221 -0.162720 0.899170 -1.217556 -0.316375 1.748249
-0.305664 0.028320 0.640747 -0.594300 0.055063 1.245799
-0.112183 0.144653 0.287231 -0.218116 0.281248 0.558462
0.046021 0.130005 -0.145142 0.089477 0.252767 -0.282198
0.178345 0.074219 -0.578491 0.346754 0.144303 -1.124756
0.198486 -0.116821 -0.854980 0.385915 -0.227135 -1.662331
0.264282 -0.175537 -1.111084 0.513842 -0.341295 -2.160271
0.325562 -0.110352 -1.276123 0.632987 -0.214556 -2.481155
0.365479 -0.004395 -1.347778 0.710597 -0.008544 -2.620474
0.342529 0.159668 -1.343628 0.665977 0.310441 -2.612405
0.341919 0.315186 -1.378540 0.664790 0.612813 -2.680284
0.371704 0.363525 -1.436646 0.722701 0.706799 -2.793258
0.470215 0.248779 -1.513916 0.914235 0.483700 -2.943494
0.468628 0.153320 -1.596558 0.911149 0.298099 -3.104174
0.373535 0.354614 -1.414673 0.726261 0.689474 -2.750536
0.204468 0.444336 -0.988525 0.397545 0.863919 -1.921982
0.034790 0.302979 -0.744385 0.067642 0.589079 -1.447301
-0.048828 0.258301 -0.639771 -0.094936 0.502212 -1.243900
-0.137329 0.197388 -0.434570 -0.267008 0.383779 -0.844931
-0.264282 0.087524 -0.025269 -0.513842 0.170173 -0.049129
-0.568848 0.055664 0.490479 -1.106006 0.108227 0.953633
-0.981689 -0.022217 1.015991 -1.908691 -0.043196 1.975383
-1.338623 -0.150391 1.482178 -2.602674 -0.292403 2.881786
-1.693604 -0.360229 1.874634 -3.292859 -0.700391 3.644835
-1.623291 -0.132324 1.853882 -3.156151 -0.257277 3.604487
-1.146240 0.147949 1.398071 -2.228625 0.287656 2.718258
-0.628784 0.116333 0.618774 -1.222540 0.226185 1.203078
-0.297974 0.048340 0.110229 -0.579348 0.093987 0.214318
-0.129517 0.161987 0.002808 -0.251818 0.314951 0.005459
-0.079590 0.362061 -0.076538 -0.154746 0.703951 -0.148812
-0.020874 0.388672 -0.183960 -0.040585 0.755691 -0.357672
0.021240 0.264526 -0.241577 0.041297 0.514316 -0.469696
0.029663 0.131104 -0.202271 0.057674 0.254903 -0.393273
-0.042480 0.100464 -0.062012 -0.082594 0.195331 -0.120569
-0.101440 0.212402 0.044312 -0.197230 0.412972 0.086155
-0.053833 0.260132 -0.026123 -0.104667 0.505772 -0.050791
-0.019775 0.099487 -0.106323 -0.038449 0.193432 -0.206723
0.015137 0.014771 -0.167358 0.029430 0.028718 -0.325394
-0.033447 0.054077 -0.113525 -0.065031 0.105142 -0.220726
-0.076294 0.094604 0.010254 -0.148338 0.183939 0.019937
-0.063232 0.156372 0.055908 -0.122942 0.304033 0.108702
0.000732 0.128662 0.028931 0.001424 0.250157 0.056250
0.086304 0.032837 -0.085693 0.167800 0.063845 -0.166613
0.136353 -0.019287 -0.168213 0.265109 -0.037500 -0.327055
0.119141 -0.009155 -0.138550 0.231644 -0.017801 -0.269381
0.076416 0.075195 -0.069458 0.148575 0.146202 -0.135047
0.052490 0.111694 -0.050293 0.102056 0.217166 -0.097784
0.061157 0.112549 -0.091309 0.118907 0.218828 -0.177531
0.062378 0.082031 -0.145020 0.121281 0.159493 -0.281960
0.058105 0.084473 -0.156006 0.112974 0.164239 -0.303321
0.036255 0.104614 -0.176880 0.070490 0.203401 -0.343906
-0.003540 0.118164 -0.152588 -0.006883 0.229745 -0.296675
-0.040649 0.108521 -0.137207 -0.079034 0.210996 -0.266770
-0.038696 0.111694 -0.143433 -0.075237 0.217166 -0.278875
-0.048340 0.095581 -0.142822 -0.093987 0.185837 -0.277688
-0.033813 0.097900 -0.131714 -0.065743 0.190347 -0.256090
-0.029175 0.093994 -0.119263 -0.056724 0.182752 -0.231881
-0.030762 0.083984 -0.118774 -0.059810 0.163290 -0.230932
-0.043335 0.082886 -0.112427 -0.084256 0.161154 -0.218590
-0.043701 0.078979 -0.101440 -0.084968 0.153559 -0.197230
-0.025513 0.081787 -0.110474 -0.049604 0.159018 -0.214793
-0.019531 0.067017 -0.123413 -0.037974 0.130300 -0.239951
-0.004639 0.072388 -0.129395 -0.009019 0.140743 -0.251581
0.010376 0.093384 -0.134644 0.020174 0.181565 -0.261786
0.029297 0.084106 -0.144775 0.056962 0.163527 -0.281486
0.013550 0.062012 -0.126587 0.026345 0.120569 -0.246122
-0.010010 0.065674 -0.083618 -0.019462 0.127689 -0.162578
-0.017334 0.064819 -0.080200 -0.033702 0.126028 -0.155933
-0.000610 0.053711 -0.099487 -0.001187 0.104430 -0.193432
