-0.093750 0.247559 -0.260864 -0.182277 0.481326 -0.507196
-0.283447 0.131226 -0.065552 -0.551104 0.255141 -0.127452
-0.258057 0.033203 -0.140869 -0.501737 0.064557 -0.273891
-0.361572 -0.081909 -0.092529 -0.703002 -0.159255 -0.179904
-0.479858 -0.184448 0.118652 -0.932985 -0.358621 0.230695
-0.612793 -0.393799 0.356201 -1.191448 -0.765660 0.692559
-0.856934 -0.569824 0.807129 -1.666129 -1.107904 1.569294
-1.175415 -0.460205 1.038818 -2.285350 -0.894773 2.019766
-1.209839 -0.499756 0.899414 -2.352280 -0.971671 1.748723
-0.810791 -0.442749 0.664917 -1.576414 -0.860833 1.292793
-0.440063 -0.434570 0.544800 -0.855612 -0.844931 1.059250
-0.357178 -0.294189 0.390991 -0.694458 -0.571990 0.760201
-0.314087 -0.251587 0.301514 -0.610677 -0.489158 0.586231
-0.166992 -0.140869 0.109497 -0.324682 -0.273891 0.212894
0.024536 -0.044556 -0.192261 0.047705 -0.086629 -0.373811
0.148682 -0.028687 -0.391479 0.289080 -0.055775 -0.761150
0.124268 0.107910 -0.617554 0.241612 0.209809 -1.200704
0.084473 0.266479 -0.894165 0.164239 0.518114 -1.738518
0.113403 0.393433 -1.135010 0.220489 0.764948 -2.206790
0.150879 0.257202 -1.386719 0.293353 0.500076 -2.696186
0.256470 0.039063 -1.506592 0.498652 0.075949 -2.929254
0.339355 -0.044434 -1.502563 0.659806 -0.086392 -2.921422
0.265625 0.109863 -1.394653 0.516452 0.213606 -2.711613
0.148193 0.167480 -1.130737 0.288131 0.325631 -2.198483
0.046021 0.132568 -0.815186 0.089477 0.257752 -1.584958
-0.062256 -0.026367 -0.480957 -0.121044 -0.051266 -0.935121
-0.116089 -0.250977 -0.161743 -0.225711 -0.487972 -0.314476
-0.229248 -0.344727 0.069336 -0.445725 -0.670249 0.134809
-0.486572 -0.397583 0.298950 -0.946038 -0.773017 0.581246
-0.629272 -0.438110 0.563354 -1.223489 -0.851814 1.095325
-0.857544 -0.614136 1.017822 -1.667315 -1.194059 1.978943
-0.989258 -0.763916 1.288818 -1.923406 -1.485276 2.505839
-0.927856 -0.877686 1.171265 -1.804024 -1.706477 2.277280
-0.614868 -0.673584 0.772583 -1.195483 -1.309644 1.502127
-0.261963 -0.342163 0.261719 -0.509332 -0.665265 0.508858
0.037598 -0.051636 -0.055786 0.073101 -0.100395 -0.108465
0.168579 -0.021851 -0.280396 0.327767 -0.042484 -0.545171
0.167847 -0.047852 -0.409912 0.326343 -0.093037 -0.796989
0.062256 0.096558 -0.359253 0.121044 0.187736 -0.698492
-0.038452 0.290894 -0.130249 -0.074762 0.565582 -0.253242
-0.087280 0.242310 -0.023438 -0.169698 0.471120 -0.045569
-0.062622 0.147217 -0.079590 -0.121756 0.286232 -0.154746
-0.059692 0.093628 -0.141235 -0.116059 0.182040 -0.274603
-0.063965 0.080322 -0.119629 -0.124366 0.156170 -0.232593
-0.046997 0.107056 -0.087769 -0.091376 0.208147 -0.170648
-0.039063 0.124023 -0.114868 -0.075949 0.241138 -0.223337
-0.013916 0.176025 -0.169067 -0.027057 0.342245 -0.328716
-0.002075 0.148438 -0.177490 -0.004035 0.288606 -0.345093
0.015503 0.155273 -0.157837 0.030142 0.301897 -0.306881
-0.007202 0.154297 -0.110718 -0.014003 0.299998 -0.215268
-0.025146 0.133179 -0.083374 -0.048892 0.258938 -0.162103
-0.030396 0.092041 -0.125000 -0.059098 0.178955 -0.243036
-0.013550 0.073486 -0.164185 -0.026345 0.142879 -0.319223
-0.015015 0.075806 -0.164551 -0.029193 0.147388 -0.319935
-0.025269 0.086792 -0.131348 -0.049129 0.168749 -0.255378
-0.011841 0.051270 -0.134155 -0.023022 0.099683 -0.260837
0.000244 0.001831 -0.178101 0.000475 0.003560 -0.346279
-0.013672 -0.018799 -0.219116 -0.026582 -0.036550 -0.426026
-0.020874 0.014526 -0.229248 -0.040585 0.028243 -0.445725
-0.002563 0.018433 -0.154785 -0.004984 0.035838 -0.300947
-0.026245 0.019775 -0.066162 -0.051028 0.038449 -0.128638
-0.050781 0.054565 -0.053589 -0.098734 0.106091 -0.104192
-0.027832 0.051147 -0.125854 -0.054114 0.099446 -0.244698
-0.011841 0.003174 -0.142456 -0.023022 0.006171 -0.276976
-0.040283 0.020996 -0.091187 -0.078322 0.040823 -0.177293
-0.070435 0.025513 -0.048584 -0.136945 0.049604 -0.094461
-0.040283 0.011475 -0.066772 -0.078322 0.022310 -0.129825
0.006592 -0.011719 -0.130005 0.012816 -0.022785 -0.252767
0.017700 -0.044922 -0.149902 0.034414 -0.087341 -0.291454
0.029663 -0.046387 -0.146973 0.057674 -0.090189 -0.285758
0.031982 -0.030518 -0.124512 0.062183 -0.059335 -0.242087
-0.024292 -0.015381 -0.111084 -0.047231 -0.029905 -0.215980
-0.072388 0.007568 -0.087158 -0.140743 0.014715 -0.169461
-0.049194 0.006714 -0.080078 -0.095648 0.013054 -0.155695
-0.031128 -0.020020 -0.104492 -0.060522 -0.038924 -0.203163
-0.015381 -0.002686 -0.123657 -0.029905 -0.005221 -0.240426
-0.014526 0.023560 -0.120117 -0.028243 0.045807 -0.233543
-0.005249 0.013794 -0.120483 -0.010206 0.026819 -0.234255
-0.018799 0.007080 -0.110352 -0.036550 0.013766 -0.214556
-0.022095 0.026855 -0.091187 -0.042959 0.052215 -0.177293
