0.113770 -0.140625 -0.406006 0.221201 -0.273416 -0.789394
0.259399 0.087158 -0.388550 0.504348 0.169461 -0.755454
0.286621 0.344604 -0.382813 0.557275 0.670012 -0.744299
0.086914 0.315552 -0.266846 0.168986 0.613525 -0.518826
-0.088379 0.366821 -0.237427 -0.171834 0.713208 -0.461627
-0.343872 -0.231079 -0.183716 -0.668588 -0.449285 -0.357197
-0.528442 -0.573730 -0.059937 -1.027446 -1.115499 -0.116534
-0.556763 -0.060913 0.033447 -1.082509 -0.118433 0.065031
-0.662842 0.411011 0.557251 -1.288758 0.799125 1.083458
-0.887207 0.856445 1.166382 -1.724989 1.665179 2.267787
-1.358643 1.509399 1.354736 -2.641597 2.934713 2.634002
-1.313721 -0.032349 1.107910 -2.554256 -0.062895 2.154100
-0.821655 -0.338867 1.445435 -1.597537 -0.658857 2.810346
-0.707031 0.417480 1.878784 -1.374675 0.811704 3.652904
-0.704590 0.704834 1.771973 -1.369928 1.370403 3.445232
-0.500488 0.446899 1.198486 -0.973095 0.868903 2.330207
-0.096924 0.088379 0.209839 -0.188448 0.171834 0.407988
0.198730 -0.181274 -0.531982 0.386390 -0.352450 -1.034329
0.339722 -0.183228 -0.828979 0.660518 -0.356248 -1.611778
0.360962 -0.147583 -1.090454 0.701815 -0.286944 -2.120161
0.332275 -0.237061 -1.272583 0.646040 -0.460915 -2.474272
0.254395 -0.214722 -1.410767 0.494617 -0.417482 -2.742942
0.140381 -0.049194 -1.489746 0.272941 -0.095648 -2.896501
-0.035400 0.122314 -1.494507 -0.068829 0.237815 -2.905757
-0.162476 0.323730 -1.482544 -0.315900 0.629426 -2.882498
-0.040161 0.484497 -1.428833 -0.078085 0.942004 -2.778068
0.206177 0.596680 -1.275757 0.400868 1.160119 -2.480443
0.303467 0.652222 -1.058472 0.590028 1.268109 -2.057978
0.255005 0.561523 -0.897705 0.495804 1.091765 -1.745400
0.169922 0.465210 -0.814331 0.330378 0.904504 -1.583297
0.131348 0.298706 -0.629150 0.255378 0.580772 -1.223252
0.002319 0.052368 -0.335449 0.004509 0.101819 -0.652211
-0.206177 -0.112183 -0.118652 -0.400868 -0.218116 -0.230695
-0.428467 -0.191040 0.043091 -0.833064 -0.371438 0.083781
-0.679688 -0.339478 0.237183 -1.321511 -0.660043 0.461152
-0.769043 -0.742920 0.494629 -1.495244 -1.444453 0.961703
-0.723999 -1.080078 0.941040 -1.407665 -2.099987 1.829656
-0.971191 -1.234863 1.408691 -1.888279 -2.400934 2.738907
-1.224365 -0.645996 1.779785 -2.380523 -1.256005 3.460421
-1.277222 0.058350 1.908569 -2.483291 0.113449 3.710815
-1.038086 0.618164 1.346680 -2.018342 1.201891 2.618338
-0.703857 0.731201 0.572632 -1.368504 1.421668 1.113363
-0.565063 0.472412 0.125122 -1.098648 0.918507 0.243274
-0.333374 0.340088 -0.138672 -0.648176 0.661230 -0.269619
-0.155762 0.315186 -0.298218 -0.302846 0.612813 -0.579822
-0.030640 0.235596 -0.305664 -0.059572 0.458067 -0.594300
-0.022705 0.172363 -0.250610 -0.044145 0.335124 -0.487260
-0.057495 0.078613 -0.185425 -0.111787 0.152847 -0.360520
-0.067383 -0.097656 -0.127197 -0.131012 -0.189872 -0.247309
-0.062866 -0.141479 -0.070923 -0.122230 -0.275077 -0.137895
-0.051880 -0.074463 -0.030518 -0.100870 -0.144778 -0.059335
-0.043823 -0.015015 -0.032471 -0.085205 -0.029193 -0.063133
-0.010498 -0.018921 -0.064087 -0.020411 -0.036788 -0.124604
0.031616 0.029785 -0.085938 0.061471 0.057911 -0.167088
0.039673 0.049805 -0.096802 0.077136 0.096835 -0.188211
0.031860 0.075317 -0.110840 0.061946 0.146439 -0.215505
0.011597 0.104004 -0.086426 0.022547 0.202214 -0.168037
0.002686 0.095093 -0.062744 0.005221 0.184888 -0.121993
-0.009277 0.062012 -0.044189 -0.018038 0.120569 -0.085917
-0.006836 0.048096 -0.052734 -0.013291 0.093512 -0.102531
0.001099 0.051392 -0.089844 0.002136 0.099920 -0.174682
0.003174 0.048218 -0.114258 0.006171 0.093749 -0.222151
-0.000854 0.054688 -0.147705 -0.001661 0.106328 -0.287182
-0.019043 0.056396 -0.157471 -0.037025 0.109651 -0.306169
-0.003906 0.051025 -0.163330 -0.007595 0.099208 -0.317561
-0.009399 0.036865 -0.149780 -0.018275 0.071677 -0.291217
-0.014648 0.036499 -0.139893 -0.028481 0.070965 -0.271992
-0.018311 0.027832 -0.146851 -0.035601 0.054114 -0.285520
-0.026611 0.007080 -0.139526 -0.051740 0.013766 -0.271280
-0.017944 0.002686 -0.114502 -0.034889 0.005221 -0.222625
-0.016968 0.002686 -0.104492 -0.032990 0.005221 -0.203163
-0.010864 0.001221 -0.115967 -0.021123 0.002373 -0.225473
-0.001709 0.017700 -0.135986 -0.003323 0.034414 -0.264397
0.008667 0.026611 -0.155640 0.016851 0.051740 -0.302609
0.009277 0.022095 -0.166016 0.018038 0.042959 -0.322783
0.001587 0.018921 -0.169312 0.003085 0.036788 -0.329191
0.002563 0.019043 -0.161743 0.004984 0.037025 -0.314476
-0.000488 0.019531 -0.164063 -0.000949 0.037974 -0.318985
-0.013916 0.003174 -0.160278 -0.027057 0.006171 -0.311628
-0.023682 0.003662 -0.157471 -0.046044 0.007120 -0.306169
