-0.085083 0.363525 -1.044312 -0.165426 0.706799 -2.030446
-0.163208 0.423096 -0.862549 -0.317324 0.822621 -1.677046
-0.235840 0.100586 -0.792725 -0.458541 0.195568 -1.541288
-0.234619 0.042603 -0.605591 -0.456168 0.082832 -1.177445
-0.174805 -0.017212 -0.365356 -0.339871 -0.033465 -0.710359
-0.129517 0.013184 -0.097046 -0.251818 0.025633 -0.188686
-0.340942 -0.074951 0.160034 -0.662891 -0.145727 0.311153
-0.604736 -0.021851 0.483032 -1.175784 -0.042484 0.939156
-0.758301 -0.229858 0.759644 -1.474358 -0.446912 1.476969
-0.614380 -0.577148 1.147217 -1.194534 -1.122145 2.230524
-0.527832 -0.941650 1.521484 -1.026259 -1.830843 2.958209
-0.532715 -1.026733 1.571655 -1.035753 -1.996269 3.055756
-0.596680 -0.733276 1.627075 -1.160119 -1.425703 3.163509
-0.381104 -0.565918 1.350830 -0.740976 -1.100310 2.626408
0.020752 -0.407104 0.787476 0.040348 -0.791530 1.531082
0.049194 -0.206665 0.366455 0.095648 -0.401817 0.712496
-0.056763 0.084106 0.049194 -0.110363 0.163527 0.095648
-0.003296 0.157715 -0.216675 -0.006408 0.306644 -0.421279
0.003296 0.140625 -0.466553 0.006408 0.273416 -0.907115
0.224854 0.194946 -0.705200 0.437181 0.379032 -1.371115
0.451660 0.341431 -0.857910 0.878159 0.663841 -1.668028
0.547852 0.547485 -0.906128 1.065183 1.064471 -1.761777
0.541138 0.568726 -0.959961 1.052130 1.105768 -1.866444
0.657349 0.433350 -1.189331 1.278077 0.842558 -2.312406
0.916260 0.233643 -1.497437 1.781476 0.454269 -2.911453
0.924683 0.296753 -1.519653 1.797853 0.576974 -2.954649
0.575928 0.452271 -1.323120 1.119771 0.879346 -2.572531
0.128540 0.428101 -1.045776 0.249919 0.832352 -2.033294
-0.070435 0.346802 -0.792969 -0.136945 0.674284 -1.541762
-0.174561 0.084351 -0.517822 -0.339397 0.164002 -1.006797
-0.473022 0.005615 -0.063354 -0.919694 0.010918 -0.123180
-0.715942 0.018433 0.419678 -1.392001 0.035838 0.815976
-0.853027 -0.068848 0.793457 -1.658534 -0.133860 1.542712
-0.963867 -0.345581 0.970337 -1.874039 -0.671910 1.886618
-0.928345 -0.469604 0.994385 -1.804973 -0.913048 1.933374
-0.688232 -0.394043 0.892822 -1.338125 -0.766134 1.735907
-0.673584 -0.158447 0.664063 -1.309644 -0.308068 1.291131
-0.584961 -0.010620 0.427979 -1.137335 -0.020649 0.832115
-0.374023 -0.032715 0.271362 -0.727211 -0.063607 0.527607
-0.253540 -0.040405 0.190308 -0.492956 -0.078560 0.370014
-0.150269 0.016479 0.091064 -0.292166 0.032041 0.177056
0.002441 0.030151 0.036987 0.004747 0.058623 0.071914
0.040894 0.058594 -0.060547 0.079509 0.113923 -0.117721
0.061890 0.048706 -0.115967 0.120332 0.094699 -0.225473
0.167236 -0.017578 -0.121948 0.325156 -0.034177 -0.237103
0.124146 0.049072 -0.110229 0.241375 0.095411 -0.214318
0.022827 0.116699 -0.130249 0.044383 0.226897 -0.253242
-0.057251 0.123779 -0.226563 -0.111313 0.240663 -0.440504
-0.075317 0.123535 -0.266602 -0.146439 0.240188 -0.518351
-0.018921 0.115967 -0.230347 -0.036788 0.225473 -0.447861
0.001831 0.084229 -0.205688 0.003560 0.163765 -0.399918
0.007568 0.040894 -0.177002 0.014715 0.079509 -0.344143
-0.013550 0.065063 -0.104980 -0.026345 0.126502 -0.204113
-0.040771 0.080322 -0.082153 -0.079272 0.156170 -0.159730
-0.025513 0.042114 -0.102905 -0.049604 0.081882 -0.200078
-0.009521 0.042236 -0.108032 -0.018513 0.082120 -0.210046
-0.010986 0.021851 -0.124390 -0.021361 0.042484 -0.241850
-0.002441 0.024780 -0.133667 -0.004747 0.048180 -0.259888
-0.019531 0.048340 -0.123657 -0.037974 0.093987 -0.240426
-0.008057 0.051147 -0.120850 -0.015664 0.099446 -0.234967
-0.017090 0.048462 -0.119263 -0.033228 0.094224 -0.231881
-0.022339 0.031982 -0.108643 -0.043433 0.062183 -0.211233
-0.010254 0.026367 -0.097412 -0.019937 0.051266 -0.189398
0.013062 0.021851 -0.108521 0.025395 0.042484 -0.210996
0.010010 0.011841 -0.110474 0.019462 0.023022 -0.214793
-0.000610 0.030884 -0.101074 -0.001187 0.060047 -0.196518
-0.010864 0.014038 -0.099854 -0.021123 0.027294 -0.194144
-0.012085 0.050293 -0.096680 -0.023497 0.097784 -0.187973
0.017700 0.071045 -0.099609 0.034414 0.138132 -0.193670
0.009644 0.040649 -0.111572 0.018750 0.079034 -0.216929
0.005127 0.039429 -0.109863 0.009968 0.076661 -0.213606
-0.020020 0.005249 -0.126709 -0.038924 0.010206 -0.246359
-0.022217 0.001099 -0.137817 -0.043196 0.002136 -0.267957
-0.023804 0.003418 -0.133301 -0.046281 0.006646 -0.259176
-0.013794 0.006226 -0.134888 -0.026819 0.012104 -0.262261
-0.005615 0.013062 -0.138916 -0.010918 0.025395 -0.270093
-0.019897 0.034912 -0.130127 -0.038686 0.067879 -0.253005
-0.023193 0.038574 -0.125000 -0.045095 0.075000 -0.243036
-0.014771 0.003906 -0.129272 -0.028718 0.007595 -0.251343
-0.014282 0.008057 -0.130615 -0.027769 0.015664 -0.253954
