0.205566 -0.216675 -0.846313 0.399681 -0.421279 -1.645480
0.014893 -0.123901 -0.639404 0.028956 -0.240900 -1.243188
-0.208862 0.040894 -0.401367 -0.406089 0.079509 -0.780375
-0.177246 0.137329 -0.353027 -0.344618 0.267008 -0.686388
-0.089233 -0.186768 -0.317383 -0.173496 -0.363131 -0.617085
-0.059326 -0.387085 -0.172607 -0.115347 -0.752606 -0.335599
-0.358765 0.070313 -0.009888 -0.697543 0.136708 -0.019225
-0.443115 0.196045 0.272705 -0.861545 0.381168 0.530218
-0.508911 -0.262695 0.710083 -0.989472 -0.510756 1.380608
-0.443970 -0.238647 1.164917 -0.863207 -0.464000 2.264938
-0.397827 -0.249756 1.542114 -0.773492 -0.485598 2.998320
-0.439087 -0.094238 2.021973 -0.853713 -0.183227 3.931304
-0.603516 -0.041382 2.581909 -1.173410 -0.080458 5.019984
-0.767700 0.155884 2.632690 -1.492633 0.303084 5.118718
-0.681396 0.092651 1.843018 -1.324834 0.180141 3.583364
-0.383789 -0.210205 0.652710 -0.746198 -0.408700 1.269058
-0.171631 -0.186523 -0.076172 -0.333700 -0.362656 -0.148100
-0.095215 -0.065308 -0.502563 -0.185125 -0.126977 -0.977130
-0.130859 -0.021606 -0.886353 -0.254429 -0.042009 -1.723328
-0.223389 -0.142700 -1.377075 -0.434333 -0.277451 -2.677436
-0.296387 -0.286865 -1.977783 -0.576262 -0.557750 -3.845387
-0.225952 -0.187500 -2.472900 -0.439317 -0.364555 -4.808040
0.055054 0.058350 -2.519897 0.107040 0.113449 -4.899415
0.196167 0.289307 -2.332642 0.381406 0.562496 -4.535336
0.212646 0.466064 -2.187744 0.413447 0.906165 -4.253613
0.309814 0.575806 -1.852783 0.602370 1.119534 -3.602351
0.350708 0.449951 -1.515259 0.681879 0.874836 -2.946105
0.250488 0.287598 -1.356567 0.487022 0.559174 -2.637563
0.150635 0.354248 -1.181152 0.292878 0.688762 -2.296504
0.052490 0.401978 -0.882324 0.102056 0.781562 -1.715496
-0.061890 0.198730 -0.344727 -0.120332 0.386390 -0.670249
-0.249023 -0.008057 0.166504 -0.484174 -0.015664 0.323732
-0.356201 -0.138428 0.766479 -0.692559 -0.269144 1.490260
-0.498535 -0.241089 1.327026 -0.969298 -0.468747 2.580126
-0.677002 -0.508423 1.859741 -1.316289 -0.988522 3.615879
-0.949829 -0.451538 2.282593 -1.846745 -0.877922 4.438026
-1.151855 0.781860 1.992676 -2.239543 1.520164 3.874343
-1.026367 1.325195 1.226929 -1.995557 2.576566 2.385507
-0.623047 0.664063 0.581055 -1.211385 1.291131 1.129740
-0.311523 0.166626 0.174683 -0.605692 0.323969 0.339634
-0.129883 -0.084473 0.017822 -0.252530 -0.164239 0.034652
-0.073120 -0.214722 0.012573 -0.142167 -0.417482 0.024446
-0.105835 -0.195923 0.078125 -0.205774 -0.380931 0.151898
-0.185913 0.019531 0.152222 -0.361469 0.037974 0.295963
-0.182007 0.197876 0.171997 -0.353874 0.384729 0.334412
-0.098755 0.209229 0.079468 -0.192008 0.406801 0.154509
-0.031616 0.130615 -0.053101 -0.061471 0.253954 -0.103243
0.013672 -0.019409 -0.128296 0.026582 -0.037737 -0.249445
0.058105 -0.095581 -0.173096 0.112974 -0.185837 -0.336549
0.097168 -0.101196 -0.112793 0.188923 -0.196755 -0.219302
0.050415 -0.013916 -0.059204 0.098022 -0.027057 -0.115110
-0.026855 0.052002 -0.056152 -0.052215 0.101107 -0.109177
-0.013794 0.038818 -0.097046 -0.026819 0.075474 -0.188686
0.012573 0.005859 -0.145264 0.024446 0.011392 -0.282435
0.027588 -0.020386 -0.128296 0.053639 -0.039636 -0.249445
0.017212 0.013184 -0.096802 0.033465 0.025633 -0.188211
-0.016357 0.065308 -0.100952 -0.031804 0.126977 -0.196280
-0.020874 0.063232 -0.117676 -0.040585 0.122942 -0.228796
0.002441 0.009644 -0.122925 0.004747 0.018750 -0.239002
0.016357 -0.028809 -0.109253 0.031804 -0.056012 -0.212420
0.005737 -0.019287 -0.107300 0.011155 -0.037500 -0.208622
0.004395 -0.001831 -0.095825 0.008544 -0.003560 -0.186312
0.049316 0.017212 -0.101929 0.095885 0.033465 -0.198179
0.072754 -0.005859 -0.100830 0.141455 -0.011392 -0.196043
0.056030 -0.007813 -0.120972 0.108939 -0.015190 -0.235204
0.040405 0.016968 -0.135132 0.078560 0.032990 -0.262736
0.043335 0.029419 -0.117920 0.084256 0.057199 -0.229271
0.054565 0.080811 -0.110229 0.106091 0.157119 -0.214318
0.053955 0.096680 -0.111938 0.104904 0.187973 -0.217641
0.023560 0.064087 -0.121094 0.045807 0.124604 -0.235442
0.024414 0.038452 -0.106567 0.047468 0.074762 -0.207198
0.043579 0.030151 -0.080322 0.084730 0.058623 -0.156170
0.038208 0.031006 -0.073608 0.074288 0.060284 -0.143116
0.021240 0.006592 -0.081665 0.041297 0.012816 -0.158781
0.022705 0.004639 -0.108765 0.044145 0.009019 -0.211470
0.009766 0.009766 -0.123901 0.018987 0.018987 -0.240900
-0.004150 0.004761 -0.124756 -0.008070 0.009256 -0.242562
0.002441 0.016357 -0.115723 0.004747 0.031804 -0.224999
-0.000732 0.020264 -0.120850 -0.001424 0.039398 -0.234967
-0.004883 0.022095 -0.128662 -0.009494 0.042959 -0.250157
