0.238892 0.248291 -0.575195 0.464475 0.482750 -1.118347
0.180542 0.365967 -0.612305 0.351026 0.711546 -1.190499
0.070435 0.288574 -0.678467 0.136945 0.561072 -1.319137
-0.150635 0.090698 -0.459717 -0.292878 0.176344 -0.893824
-0.294678 0.109985 -0.144531 -0.572939 0.213844 -0.281011
-0.616089 0.089600 0.214111 -1.197856 0.174208 0.416295
-0.924072 0.222900 0.799316 -1.796666 0.433383 1.554104
-1.072021 0.224731 1.203857 -2.084322 0.436943 2.340650
-1.151978 -0.410278 1.061646 -2.239780 -0.797701 2.064148
-1.272583 -0.513428 1.204224 -2.474272 -0.998253 2.341362
-1.151245 -0.431396 1.160034 -2.238356 -0.838761 2.255445
-0.997559 -0.349976 1.135010 -1.939545 -0.680455 2.206790
-0.688721 -0.321411 0.921143 -1.339074 -0.624917 1.790970
-0.553223 -0.043213 0.704468 -1.075626 -0.084018 1.369691
-0.380615 0.198242 0.340454 -0.740027 0.385441 0.661942
0.013794 0.008301 -0.088013 0.026819 0.016139 -0.171122
0.246094 -0.082642 -0.456543 0.478478 -0.160679 -0.887653
0.250854 0.102417 -0.683716 0.487734 0.199128 -1.329343
0.132690 0.233521 -0.741333 0.257989 0.454032 -1.441368
0.107788 0.250366 -0.867432 0.209571 0.486785 -1.686540
0.217651 0.194580 -1.067749 0.423178 0.378320 -2.076015
0.442505 0.124634 -1.182251 0.860359 0.242324 -2.298641
0.689697 0.044312 -1.091431 1.340973 0.086155 -2.122060
0.807495 0.176025 -0.884155 1.570006 0.342245 -1.719056
0.410889 0.608765 -0.870483 0.798887 1.183616 -1.692474
-0.033936 0.722290 -1.100220 -0.065981 1.404342 -2.139148
0.006836 0.364868 -1.185669 0.013291 0.709410 -2.305286
0.072021 0.173096 -1.000122 0.140031 0.336549 -1.944529
0.021606 0.169067 -0.744995 0.042009 0.328716 -1.448488
-0.083496 0.068604 -0.432373 -0.162341 0.133385 -0.840659
-0.268433 -0.131226 -0.089966 -0.521911 -0.255141 -0.174920
-0.414673 -0.331055 0.348877 -0.806245 -0.643667 0.678319
-0.601929 -0.459106 0.773926 -1.170325 -0.892637 1.504737
-0.854248 -0.525635 1.075073 -1.660907 -1.021987 2.090256
-1.001953 -0.642944 1.222656 -1.948089 -1.250071 2.377200
-0.934814 -0.591309 1.263062 -1.817552 -1.149676 2.455760
-0.685181 -0.163452 1.059204 -1.332191 -0.317799 2.059402
-0.539551 0.142456 0.708740 -1.049044 0.276976 1.377998
-0.383423 0.075439 0.458740 -0.745486 0.146676 0.891925
-0.098877 -0.044556 0.262939 -0.192246 -0.086629 0.511231
0.113770 -0.081177 0.043213 0.221201 -0.157831 0.084018
0.162476 -0.053101 -0.078857 0.315900 -0.103243 -0.153322
0.009033 0.099365 -0.138916 0.017563 0.193195 -0.270093
-0.088013 0.164551 -0.131714 -0.171122 0.319935 -0.256090
-0.074829 0.093994 -0.100098 -0.145490 0.182752 -0.194619
-0.004517 0.040771 -0.084839 -0.008782 0.079272 -0.164952
0.034302 0.029175 -0.112183 0.066693 0.056724 -0.218116
0.017822 0.053955 -0.124390 0.034652 0.104904 -0.241850
-0.012939 0.082642 -0.116089 -0.025158 0.160679 -0.225711
-0.045044 0.080444 -0.182739 -0.087579 0.156407 -0.355298
-0.017700 0.046875 -0.184692 -0.034414 0.091139 -0.359096
0.010742 0.019653 -0.138672 0.020886 0.038212 -0.269619
-0.008057 0.048218 -0.120605 -0.015664 0.093749 -0.234492
-0.027344 0.074097 -0.124634 -0.053164 0.144066 -0.242324
-0.035645 0.078613 -0.137817 -0.069303 0.152847 -0.267957
-0.005005 0.084961 -0.118530 -0.009731 0.165189 -0.230457
0.018066 0.099121 -0.109985 0.035126 0.192720 -0.213844
0.014160 0.102661 -0.129761 0.027531 0.199603 -0.252293
0.005493 0.086548 -0.120850 0.010680 0.168274 -0.234967
-0.014038 0.067627 -0.102051 -0.027294 0.131487 -0.198416
-0.042725 0.043335 -0.117798 -0.083069 0.084256 -0.229033
-0.107910 0.007324 -0.142578 -0.209809 0.014240 -0.277213
-0.206177 0.010498 -0.181763 -0.400868 0.020411 -0.353400
-0.297363 0.059204 -0.222046 -0.578161 0.115110 -0.431722
-0.310669 0.083008 -0.252197 -0.604031 0.161391 -0.490345
0.092163 0.127930 -0.217041 0.179192 0.248733 -0.421991
0.243164 0.256836 -0.133911 0.472782 0.499364 -0.260362
0.038574 0.248657 -0.079590 0.075000 0.483462 -0.154746
-0.128296 0.120972 -0.139526 -0.249445 0.235204 -0.271280
-0.063965 0.062256 -0.148315 -0.124366 0.121044 -0.288368
0.060425 0.078003 -0.066284 0.117483 0.151660 -0.128876
0.046265 0.076050 -0.003174 0.089952 0.147863 -0.006171
-0.052979 0.060425 -0.038818 -0.103006 0.117483 -0.075474
-0.046631 0.019165 -0.103882 -0.090664 0.037262 -0.201977
-0.019287 -0.001587 -0.099121 -0.037500 -0.003085 -0.192720
-0.016968 0.011108 -0.077271 -0.032990 0.021598 -0.150236
-0.016479 -0.017700 -0.106567 -0.032041 -0.034414 -0.207198
-0.021729 -0.055298 -0.146729 -0.042247 -0.107515 -0.285283
-0.023071 -0.053711 -0.136841 -0.044857 -0.104430 -0.266058
-0.015991 -0.048096 -0.094116 -0.031092 -0.093512 -0.182989
