-0.073486 -0.001709 -0.422729 -0.142879 -0.003323 -0.821909
-0.063599 0.242188 -0.520142 -0.123654 0.470883 -1.011307
-0.172607 0.142212 -0.371460 -0.335599 0.276501 -0.722227
-0.248413 0.010376 -0.342041 -0.482987 0.020174 -0.665027
-0.241699 -0.310547 -0.341553 -0.469934 -0.603794 -0.664078
-0.159790 -0.512085 -0.158569 -0.310678 -0.995642 -0.308305
-0.246460 -0.344482 0.244263 -0.479190 -0.669774 0.474918
-0.489136 0.227051 0.309814 -0.951023 0.441453 0.602370
-0.676392 0.588013 0.450073 -1.315103 1.143268 0.875074
-0.773804 0.369751 0.700684 -1.504500 0.718904 1.362333
-0.810303 0.222168 1.324097 -1.575465 0.431959 2.574430
-0.978394 0.928223 2.072144 -1.902282 1.804736 4.028852
-1.559937 0.978760 1.955811 -3.032971 1.902994 3.802666
-1.061646 0.425903 1.433228 -2.064148 0.828080 2.786612
-0.518799 0.245728 1.117432 -1.008696 0.477766 2.172613
-0.432739 -0.023438 0.636108 -0.841371 -0.045569 1.236780
-0.216431 -0.175903 0.360718 -0.420804 -0.342007 0.701341
-0.044922 -0.174438 0.010742 -0.087341 -0.339159 0.020886
0.137939 -0.140137 -0.300903 0.268195 -0.272467 -0.585044
0.212036 -0.017090 -0.669556 0.412260 -0.033228 -1.301811
0.293091 0.004150 -0.980103 0.569854 0.008070 -1.905605
0.414307 -0.096558 -1.279419 0.805533 -0.187736 -2.487564
0.453491 -0.099854 -1.469604 0.881719 -0.194144 -2.857340
0.511230 -0.019897 -1.535278 0.993981 -0.038686 -2.985029
0.548950 -0.024292 -1.531006 1.067319 -0.047231 -2.976722
0.542358 0.066650 -1.595093 1.054503 0.129588 -3.101326
0.522339 0.233887 -1.555298 1.015579 0.454744 -3.023952
0.379272 0.286621 -1.385742 0.737416 0.557275 -2.694287
0.284668 0.272827 -1.228516 0.553478 0.530456 -2.388593
0.185303 0.393433 -1.031250 0.360283 0.764948 -2.005051
0.081177 0.369385 -0.758057 0.157831 0.718192 -1.473883
-0.033203 0.248657 -0.580688 -0.064557 0.483462 -1.129028
-0.214478 0.161743 -0.358398 -0.417007 0.314476 -0.696831
-0.476318 0.128662 -0.027832 -0.926102 0.250157 -0.054114
-0.672974 0.024048 0.324463 -1.308457 0.046756 0.630850
-0.873169 -0.218872 0.685303 -1.697695 -0.425551 1.332428
-1.143311 -0.661865 1.046997 -2.222929 -1.286859 2.035668
-1.343018 -0.830566 1.393921 -2.611218 -1.614863 2.710189
-1.130127 -0.385010 1.575806 -2.197296 -0.748571 3.063826
-0.720337 -0.172119 1.285278 -1.400545 -0.334650 2.498956
-0.414673 -0.342773 0.751953 -0.806245 -0.666452 1.462016
-0.163086 -0.208252 0.401489 -0.317087 -0.404903 0.780612
-0.022705 -0.093262 0.267944 -0.044145 -0.181328 0.520962
0.060913 -0.093750 0.143799 0.118433 -0.182277 0.279587
0.089233 -0.161987 0.023438 0.173496 -0.314951 0.045569
0.093262 -0.203125 -0.108887 0.181328 -0.394934 -0.211708
0.062256 -0.175781 -0.173096 0.121044 -0.341770 -0.336549
-0.002686 -0.080322 -0.152222 -0.005221 -0.156170 -0.295963
-0.057251 -0.038452 -0.084839 -0.111313 -0.074762 -0.164952
-0.088623 -0.024292 -0.040283 -0.172309 -0.047231 -0.078322
-0.069458 0.014771 -0.042114 -0.135047 0.028718 -0.081882
-0.062744 -0.001099 -0.073120 -0.121993 -0.002136 -0.142167
-0.077637 -0.010742 -0.124756 -0.150948 -0.020886 -0.242562
-0.073120 -0.006714 -0.126831 -0.142167 -0.013054 -0.246597
-0.055176 0.003662 -0.118652 -0.107278 0.007120 -0.230695
-0.023926 0.040283 -0.141724 -0.046519 0.078322 -0.275552
-0.009155 0.026489 -0.158447 -0.017801 0.051503 -0.308068
-0.006958 0.032104 -0.167603 -0.013528 0.062420 -0.325868
-0.012573 -0.008179 -0.145142 -0.024446 -0.015902 -0.282198
-0.017944 0.041992 -0.125977 -0.034889 0.081645 -0.244935
-0.034302 0.082764 -0.130859 -0.066693 0.160917 -0.254429
-0.009399 0.008789 -0.128296 -0.018275 0.017089 -0.249445
-0.016724 -0.004761 -0.139648 -0.032516 -0.009256 -0.271517
-0.008179 -0.004517 -0.140381 -0.015902 -0.008782 -0.272941
-0.016846 0.004028 -0.131470 -0.032753 0.007832 -0.255615
-0.036499 0.014038 -0.141724 -0.070965 0.027294 -0.275552
-0.061279 0.041626 -0.159180 -0.119145 0.080933 -0.309492
-0.059082 0.047852 -0.168457 -0.114873 0.093037 -0.327530
-0.047729 0.052246 -0.168457 -0.092800 0.101582 -0.327530
-0.034424 0.047119 -0.150757 -0.066930 0.091613 -0.293115
-0.026611 0.053101 -0.131714 -0.051740 0.103243 -0.256090
-0.011841 0.054565 -0.131104 -0.023022 0.106091 -0.254903
0.015137 0.001587 -0.166870 0.029430 0.003085 -0.324444
0.033081 -0.033081 -0.192993 0.064319 -0.064319 -0.375235
0.031128 -0.017700 -0.185181 0.060522 -0.034414 -0.360045
0.020508 0.011353 -0.175781 0.039873 0.022073 -0.341770
0.000854 0.008179 -0.160522 0.001661 0.015902 -0.312102
-0.019165 -0.004272 -0.147583 -0.037262 -0.008307 -0.286944
-0.014282 0.005981 -0.139282 -0.027769 0.011630 -0.270805
-0.027954 -0.007568 -0.132813 -0.054351 -0.014715 -0.258226
