-0.152222 0.583496 -0.564941 -0.295963 1.134487 -1.098411
-0.285278 0.504761 -0.504883 -0.554664 0.981402 -0.981639
-0.497681 0.380493 -0.255981 -0.967636 0.739790 -0.497703
-0.729980 0.402832 0.157349 -1.419295 0.783223 0.305932
-0.868652 0.177002 0.647583 -1.688913 0.344143 1.259090
-0.824951 -0.361938 0.869995 -1.603946 -0.703714 1.691524
-0.775879 -0.738403 1.156494 -1.508535 -1.435671 2.248562
-0.691895 -0.949341 1.286865 -1.345245 -1.845795 2.502041
-0.690186 -0.729248 1.356079 -1.341922 -1.417871 2.636613
-0.756958 -0.558594 1.298706 -1.471747 -1.086069 2.525063
-0.609009 -0.495361 0.982666 -1.184091 -0.963127 1.910589
-0.336914 -0.396362 0.574585 -0.655059 -0.770644 1.117161
-0.161621 -0.337891 0.166504 -0.314239 -0.656958 0.323732
-0.052856 -0.217651 -0.148315 -0.102768 -0.423178 -0.288368
0.024292 0.083984 -0.448975 0.047231 0.163290 -0.872938
0.050537 0.281372 -0.749634 0.098259 0.547069 -1.457507
0.078735 0.390015 -0.972900 0.153084 0.758302 -1.891602
0.139526 0.343018 -1.114624 0.271280 0.666926 -2.167154
0.251099 0.290039 -1.198242 0.488209 0.563920 -2.329732
0.330688 0.342896 -1.264404 0.642955 0.666689 -2.458371
0.343994 0.477051 -1.214111 0.668825 0.927526 -2.360586
0.332275 0.642822 -1.069092 0.646040 1.249834 -2.078626
0.297729 0.613403 -0.930664 0.578873 1.192635 -1.809482
0.281128 0.352295 -0.844116 0.546595 0.684964 -1.641208
0.314941 0.082520 -0.843628 0.612338 0.160442 -1.640259
0.317261 0.116333 -0.827393 0.616847 0.226185 -1.608692
0.173340 0.273193 -0.611572 0.337023 0.531168 -1.189075
-0.099854 0.172974 -0.300903 -0.194144 0.336311 -0.585044
-0.261353 0.031250 -0.088501 -0.508146 0.060759 -0.172072
-0.349731 0.031616 0.118042 -0.679980 0.061471 0.229508
-0.403564 -0.148682 0.341309 -0.784647 -0.289080 0.663603
-0.458984 -0.588379 0.561035 -0.892399 -1.143980 1.090816
-0.490723 -1.112671 0.763306 -0.954108 -2.163357 1.484089
-0.553467 -1.395752 1.021606 -1.076101 -2.713749 1.986301
-0.483643 -1.099731 1.153809 -0.940342 -2.138199 2.243340
-0.228027 0.197998 1.165894 -0.443352 0.384966 2.266837
-0.275024 0.976563 0.807983 -0.534728 1.898722 1.570955
-0.335938 0.767212 0.160767 -0.653160 1.491684 0.312577
-0.185425 0.266113 -0.377563 -0.360520 0.517402 -0.734093
0.052856 -0.195190 -0.568481 0.102768 -0.379507 -1.105294
0.138184 -0.345337 -0.465942 0.268669 -0.671436 -0.905928
0.014282 -0.227051 -0.263550 0.027769 -0.441453 -0.512418
-0.162598 0.057617 -0.086182 -0.316137 0.112025 -0.167562
-0.297729 0.244019 -0.011719 -0.578873 0.474443 -0.022785
-0.205322 0.200439 0.027100 -0.399206 0.389713 0.052690
-0.000732 0.078247 -0.019531 -0.001424 0.152135 -0.037974
0.052368 0.052124 -0.110474 0.101819 0.101344 -0.214793
0.032593 0.065796 -0.139771 0.063370 0.127926 -0.271755
-0.001465 0.092773 -0.120728 -0.002848 0.180379 -0.234730
-0.005127 0.093262 -0.103149 -0.009968 0.181328 -0.200553
0.024658 0.048950 -0.107910 0.047943 0.095173 -0.209809
0.024902 0.033936 -0.126831 0.048417 0.065981 -0.246597
0.003174 0.062500 -0.143311 0.006171 0.121518 -0.278637
-0.006104 0.073975 -0.127075 -0.011867 0.143828 -0.247071
-0.010620 0.075195 -0.115234 -0.020649 0.146202 -0.224049
-0.014771 0.072388 -0.085815 -0.028718 0.140743 -0.166850
-0.024658 0.063843 -0.071167 -0.047943 0.124129 -0.138369
-0.040894 0.098999 -0.070923 -0.079509 0.192483 -0.137895
-0.038574 0.095825 -0.079102 -0.075000 0.186312 -0.153797
-0.045532 0.078613 -0.098633 -0.088528 0.152847 -0.191771
-0.036621 0.056152 -0.100342 -0.071202 0.109177 -0.195094
-0.026733 0.042969 -0.110962 -0.051978 0.083544 -0.215742
-0.046875 0.041992 -0.136108 -0.091139 0.081645 -0.264634
-0.052612 0.035156 -0.142334 -0.102294 0.068354 -0.276739
-0.052368 0.014893 -0.114380 -0.101819 0.028956 -0.222388
-0.032227 0.020874 -0.092163 -0.062658 0.040585 -0.179192
-0.023315 0.033813 -0.100586 -0.045332 0.065743 -0.195568
-0.023193 0.006836 -0.121216 -0.045095 0.013291 -0.235679
-0.016113 -0.006226 -0.136963 -0.031329 -0.012104 -0.266296
-0.009399 -0.012207 -0.131104 -0.018275 -0.023734 -0.254903
-0.012695 0.001709 -0.129761 -0.024683 0.003323 -0.252293
-0.029541 0.022583 -0.135498 -0.057436 0.043908 -0.263448
-0.024414 0.014526 -0.132690 -0.047468 0.028243 -0.257989
-0.005859 0.005737 -0.123535 -0.011392 0.011155 -0.240188
-0.005737 0.004761 -0.111084 -0.011155 0.009256 -0.215980
0.003784 -0.009521 -0.100342 0.007358 -0.018513 -0.195094
0.014771 -0.016479 -0.120239 0.028718 -0.032041 -0.233780
0.014893 -0.018677 -0.130737 0.028956 -0.036313 -0.254191
-0.003296 0.020020 -0.137329 -0.006408 0.038924 -0.267008
-0.013550 0.039307 -0.145752 -0.026345 0.076424 -0.283384
