-0.156372 0.487427 -0.508545 -0.304033 0.947700 -0.988760
-0.380981 0.330322 -0.467651 -0.740739 0.642243 -0.909251
-0.598145 0.157471 -0.198730 -1.162967 0.306169 -0.386390
-0.891479 0.044434 0.253296 -1.733296 0.086392 0.492481
-1.058350 -0.218140 0.666870 -2.057740 -0.424127 1.296590
-0.967896 -0.653198 0.817261 -1.881871 -1.270008 1.588993
-0.746582 -0.567017 0.985840 -1.451573 -1.102446 1.916760
-0.558716 -0.581665 1.117065 -1.086306 -1.130926 2.171901
-0.347046 -0.622192 1.108643 -0.674758 -1.209723 2.155524
-0.342407 -0.452393 0.986816 -0.665739 -0.879583 1.918659
-0.429443 -0.154907 0.764038 -0.834963 -0.301185 1.485513
-0.400391 0.177612 0.485474 -0.778476 0.345330 0.943902
-0.297363 0.159180 0.093994 -0.578161 0.309492 0.182752
-0.132080 -0.038452 -0.200195 -0.256802 -0.074762 -0.389238
0.234985 -0.204224 -0.519897 0.456880 -0.397070 -1.010832
0.499268 -0.212646 -0.787231 0.970722 -0.413447 -1.530607
0.557861 -0.055542 -0.963013 1.084645 -0.107990 -1.872378
0.453857 0.092651 -1.085327 0.882431 0.180141 -2.110193
0.302856 0.179199 -1.164429 0.588841 0.348416 -2.263989
0.238525 0.302612 -1.140381 0.463763 0.588367 -2.217233
0.242432 0.410400 -1.179565 0.471358 0.797938 -2.293419
0.246338 0.318481 -1.232910 0.478953 0.619221 -2.397137
0.262695 0.307251 -1.206177 0.510756 0.597386 -2.345159
0.266846 0.324341 -1.077515 0.518826 0.630613 -2.095003
0.202515 0.223389 -0.819214 0.393748 0.434333 -1.592791
0.032227 0.004150 -0.570068 0.062658 0.008070 -1.108379
-0.189331 -0.125244 -0.253174 -0.368115 -0.243511 -0.492244
-0.446167 -0.191650 0.146973 -0.867479 -0.372624 0.285758
-0.686157 -0.177246 0.459595 -1.334090 -0.344618 0.893586
-0.925293 -0.252075 0.740112 -1.799039 -0.490108 1.438994
-1.050293 -0.768677 1.108154 -2.042076 -1.494532 2.154575
-0.887573 -1.307373 1.463257 -1.725701 -2.541914 2.844998
-0.723755 -1.460205 1.250366 -1.407191 -2.839065 2.431077
-0.612061 -0.557861 0.879395 -1.190024 -1.084645 1.709799
-0.495850 0.305420 0.690063 -0.964076 0.593825 1.341685
-0.269043 0.266479 0.276245 -0.523098 0.518114 0.537101
-0.034546 0.149780 -0.000366 -0.067167 0.291217 -0.000712
0.098145 0.102173 -0.080933 0.190822 0.198654 -0.157357
0.066650 0.055542 -0.088013 0.129588 0.107990 -0.171122
-0.056274 0.130371 -0.098022 -0.109414 0.253479 -0.190584
-0.108276 0.226440 -0.097412 -0.210521 0.440266 -0.189398
-0.063477 0.122803 -0.147095 -0.123417 0.238764 -0.285995
-0.030151 0.035400 -0.185913 -0.058623 0.068829 -0.361469
-0.037842 0.038452 -0.151733 -0.073575 0.074762 -0.295014
-0.064697 0.073364 -0.083740 -0.125790 0.142642 -0.162815
-0.073242 0.049438 -0.030518 -0.142404 0.096123 -0.059335
-0.006226 0.059814 -0.018921 -0.012104 0.116297 -0.036788
0.016968 0.038696 -0.108276 0.032990 0.075237 -0.210521
0.037598 0.025513 -0.165771 0.073101 0.049604 -0.322308
0.074219 0.001221 -0.157715 0.144303 0.002373 -0.306644
0.073853 0.011841 -0.112183 0.143591 0.023022 -0.218116
0.038452 0.052246 -0.083984 0.074762 0.101582 -0.163290
0.017578 0.051270 -0.086670 0.034177 0.099683 -0.168512
0.012451 0.004639 -0.075562 0.024209 0.009019 -0.146914
-0.012207 -0.000366 -0.065063 -0.023734 -0.000712 -0.126502
-0.030273 0.037964 -0.077515 -0.058860 0.073813 -0.150711
-0.018921 0.053223 -0.103027 -0.036788 0.103480 -0.200315
-0.023193 0.073486 -0.128784 -0.045095 0.142879 -0.250394
-0.022461 0.081909 -0.131592 -0.043671 0.159255 -0.255853
-0.001587 0.063721 -0.108643 -0.003085 0.123892 -0.211233
-0.024658 0.042603 -0.076660 -0.047943 0.082832 -0.149050
-0.040161 0.013550 -0.066040 -0.078085 0.026345 -0.128401
-0.004761 -0.004639 -0.066284 -0.009256 -0.009019 -0.128876
0.007202 0.001953 -0.074585 0.014003 0.003797 -0.145015
0.019043 -0.003906 -0.065430 0.037025 -0.007595 -0.127214
0.020508 -0.037720 -0.065796 0.039873 -0.073338 -0.127926
0.016846 -0.027466 -0.075806 0.032753 -0.053402 -0.147388
-0.009033 0.002808 -0.092407 -0.017563 0.005459 -0.179667
-0.026733 0.016602 -0.117554 -0.051978 0.032278 -0.228559
-0.025391 0.007935 -0.145752 -0.049367 0.015427 -0.283384
-0.024414 0.021484 -0.164551 -0.047468 0.041772 -0.319935
-0.017334 0.021606 -0.166992 -0.033702 0.042009 -0.324682
-0.007202 0.028076 -0.168457 -0.014003 0.054588 -0.327530
-0.016357 0.021484 -0.185791 -0.031804 0.041772 -0.361232
-0.015991 0.036987 -0.166504 -0.031092 0.071914 -0.323732
0.024658 0.034668 -0.107666 0.047943 0.067405 -0.209334
0.053589 0.059326 -0.076416 0.104192 0.115347 -0.148575
0.052490 0.078491 -0.103394 0.102056 0.152610 -0.201027
0.030640 0.070923 -0.125122 0.059572 0.137895 -0.243274
0.024170 0.051270 -0.100342 0.046993 0.099683 -0.195094
