0.227661 -0.304199 -0.226318 0.442640 -0.591452 -0.440029
0.253174 -0.438110 -0.096558 0.492244 -0.851814 -0.187736
0.040649 -0.220337 -0.144043 0.079034 -0.428399 -0.280062
0.031494 -0.068481 -0.136841 0.061234 -0.133148 -0.266058
-0.010498 0.019775 -0.077759 -0.020411 0.038449 -0.151186
-0.073120 -0.099243 -0.057495 -0.142167 -0.192958 -0.111787
-0.078003 -0.534058 -0.082153 -0.151660 -1.038364 -0.159730
-0.104736 -0.694336 -0.209106 -0.203638 -1.349992 -0.406564
-0.304321 -0.203247 -0.123535 -0.591689 -0.395172 -0.240188
-0.532471 0.102417 0.116821 -1.035278 0.199128 0.227135
-0.504395 0.158691 0.611084 -0.980690 0.308542 1.188125
-0.396240 0.208252 1.211914 -0.770407 0.404903 2.356314
-0.266724 0.259766 1.551758 -0.518589 0.505060 3.017070
-0.216309 0.302490 1.785889 -0.420567 0.588129 3.472288
-0.223022 0.261475 1.777466 -0.433621 0.508383 3.455912
-0.126099 0.182495 1.451294 -0.245173 0.354824 2.821739
0.084717 0.167847 1.175293 0.164714 0.326343 2.285112
0.083008 0.171387 0.692139 0.161391 0.333226 1.345719
-0.084717 0.268677 0.026123 -0.164714 0.522386 0.050791
-0.098877 0.076538 -0.429199 -0.192246 0.148812 -0.834488
-0.136108 0.030273 -0.768921 -0.264634 0.058860 -1.495006
-0.193237 0.081421 -1.002441 -0.375710 0.158306 -1.949038
-0.215698 0.052856 -1.143921 -0.419380 0.102768 -2.224116
-0.194824 0.020752 -1.250366 -0.378795 0.040348 -2.431077
-0.213623 -0.032959 -1.359497 -0.415345 -0.064082 -2.643259
-0.207886 -0.112427 -1.455688 -0.404191 -0.218590 -2.830283
-0.200073 -0.062500 -1.528809 -0.389001 -0.121518 -2.972450
-0.150635 0.154175 -1.491455 -0.292878 0.299761 -2.899824
-0.203369 0.111206 -1.363037 -0.395409 0.216217 -2.650142
-0.159424 0.224243 -1.123169 -0.309966 0.435994 -2.183768
-0.162476 0.247925 -0.912354 -0.315900 0.482038 -1.773881
-0.242432 0.166504 -0.660889 -0.471358 0.323732 -1.284960
-0.371948 0.071167 -0.405884 -0.723176 0.138369 -0.789156
-0.528442 0.091309 -0.153076 -1.027446 0.177531 -0.297625
-0.583374 -0.026733 0.186768 -1.134249 -0.051978 0.363131
-0.644897 -0.391846 0.589355 -1.253869 -0.761862 1.145879
-0.717773 -0.420410 1.046387 -1.395561 -0.817400 2.034481
-0.552734 -0.532959 1.417236 -1.074677 -1.036228 2.755521
-0.346313 -0.613647 1.967529 -0.673334 -1.193110 3.825451
-0.291260 -0.545410 2.230713 -0.566294 -1.060436 4.337156
-0.364746 -0.051392 1.783936 -0.709173 -0.099920 3.468491
-0.317261 0.346191 1.152344 -0.616847 0.673097 2.240492
-0.320801 0.369263 0.640747 -0.623730 0.717954 1.245799
-0.236816 0.407837 0.407104 -0.460440 0.792954 0.791530
-0.167847 0.510864 0.229370 -0.326343 0.993269 0.445962
-0.138794 0.536743 0.028564 -0.269856 1.043585 0.055538
-0.108643 0.545288 -0.111938 -0.211233 1.060199 -0.217641
-0.080566 0.604858 -0.154419 -0.156645 1.176021 -0.300235
-0.052490 1.516357 -0.056274 -0.102056 2.948241 -0.109414
-0.230103 1.841431 -0.180054 -0.447386 3.580278 -0.350077
-0.550415 0.531494 -0.334717 -1.070167 1.033380 -0.650787
-0.257813 0.155029 -0.228516 -0.501263 0.301422 -0.444301
0.044189 0.162720 -0.189575 0.085917 0.316375 -0.368589
-0.023560 0.034424 -0.201050 -0.045807 0.066930 -0.390899
-0.119263 0.104492 -0.281006 -0.231881 0.203163 -0.546357
-0.156006 0.113403 -0.357910 -0.303321 0.220489 -0.695882
-0.110107 0.072021 -0.359619 -0.214081 0.140031 -0.699205
-0.145630 0.085693 -0.160767 -0.283147 0.166613 -0.312577
-0.084473 0.241211 0.007324 -0.164239 0.468984 0.014240
0.036743 0.265503 -0.117920 0.071439 0.516215 -0.229271
0.028442 0.117920 -0.260986 0.055300 0.229271 -0.507434
0.013672 -0.035889 -0.233276 0.026582 -0.069778 -0.453557
-0.004150 0.017944 -0.150635 -0.008070 0.034889 -0.292878
-0.024658 0.059692 -0.120239 -0.047943 0.116059 -0.233780
-0.043335 -0.004517 -0.118286 -0.084256 -0.008782 -0.229983
0.023438 -0.059326 -0.115601 0.045569 -0.115347 -0.224761
0.071411 -0.074097 -0.101929 0.138844 -0.144066 -0.198179
0.060913 -0.089722 -0.091919 0.118433 -0.174445 -0.178717
0.031250 -0.097534 -0.061401 0.060759 -0.189635 -0.119382
0.021729 -0.087280 -0.032227 0.042247 -0.169698 -0.062658
0.011841 -0.072144 -0.090332 0.023022 -0.140268 -0.175632
-0.006348 -0.027100 -0.126831 -0.012342 -0.052690 -0.246597
-0.013794 -0.003540 -0.130493 -0.026819 -0.006883 -0.253717
-0.008911 -0.021973 -0.111328 -0.017326 -0.042721 -0.216454
-0.002197 0.011108 -0.102661 -0.004272 0.021598 -0.199603
0.008301 0.027466 -0.086914 0.016139 0.053402 -0.168986
0.010986 0.039185 -0.111328 0.021361 0.076186 -0.216454
0.026733 0.049316 -0.130981 0.051978 0.095885 -0.254666
0.026001 0.016235 -0.131836 0.050553 0.031566 -0.256328
-0.016235 0.026001 -0.124512 -0.031566 0.050553 -0.242087
