0.446533 -0.777710 -0.408691 0.868191 -1.512095 -0.794615
0.405762 -0.851563 -0.628662 0.788919 -1.655686 -1.222302
0.096436 -0.871704 -0.706299 0.187499 -1.694847 -1.373251
0.088745 -0.287598 -0.465332 0.172546 -0.559174 -0.904741
0.021484 -0.077515 -0.117920 0.041772 -0.150711 -0.229271
-0.035767 -0.503174 0.059570 -0.069541 -0.978317 0.115822
-0.139404 -0.895508 -0.155151 -0.271043 -1.741128 -0.301659
-0.038940 0.477783 -0.211792 -0.075712 0.928950 -0.411785
-0.325073 0.723022 -0.392456 -0.632037 1.405766 -0.763049
-0.208374 0.645264 -0.011230 -0.405140 1.254581 -0.021835
-0.317017 0.948120 0.261108 -0.616373 1.843422 0.507671
-0.460205 1.275879 0.364014 -0.894773 2.480681 0.707749
-0.464844 1.164795 0.588501 -0.903792 2.264701 1.144217
-0.569824 0.813965 0.975830 -1.107904 1.582585 1.897298
-0.688721 1.136597 1.243286 -1.339074 2.209875 2.417311
-0.868652 1.436035 1.450439 -1.688913 2.792071 2.820077
-0.986694 1.447266 1.533813 -1.918422 2.813906 2.982181
-0.759521 1.087891 1.516602 -1.476731 2.115177 2.948716
-0.667480 0.808960 1.268311 -1.297777 1.572854 2.465966
-0.475342 0.698853 0.602905 -0.924203 1.358773 1.172224
-0.301147 0.486938 0.149170 -0.585518 0.946750 0.290030
0.020386 0.183350 -0.505371 0.039636 0.356485 -0.982589
0.243164 -0.052856 -0.973022 0.472782 -0.102768 -1.891839
0.355469 -0.165161 -1.329590 0.691135 -0.321121 -2.585110
0.382813 -0.181641 -1.608398 0.744299 -0.353162 -3.127196
0.431641 -0.238770 -1.689941 0.839235 -0.464238 -3.285739
0.514160 -0.175049 -1.761475 0.999677 -0.340346 -3.424820
0.585815 -0.193726 -1.832642 1.138996 -0.376659 -3.563190
0.590088 -0.057983 -1.700928 1.147303 -0.112737 -3.307100
0.532593 0.021606 -1.425537 1.035516 0.042009 -2.771660
0.430176 -0.042236 -1.119629 0.836387 -0.082120 -2.176885
0.262085 -0.138916 -0.839844 0.509570 -0.270093 -1.632901
0.082153 -0.116821 -0.610474 0.159730 -0.227135 -1.186939
-0.106567 -0.009766 -0.350464 -0.207198 -0.018987 -0.681404
-0.354614 0.003784 0.014160 -0.689474 0.007358 0.027531
-0.577148 0.054321 0.432129 -1.122145 0.105616 0.840185
-0.726685 0.150757 0.826782 -1.412887 0.293115 1.607506
-0.908203 0.117676 1.183472 -1.765812 0.228796 2.301014
-1.103394 -0.053223 1.495972 -2.145319 -0.103480 2.908605
-1.082031 -0.111816 1.816406 -2.103784 -0.217404 3.531623
-0.612793 0.296631 1.665039 -1.191448 0.576737 3.237321
-0.299194 0.368896 1.110718 -0.581721 0.717242 2.159559
-0.207153 0.062134 0.595093 -0.402766 0.120806 1.157034
-0.096069 -0.013672 0.292847 -0.186787 -0.026582 0.569379
-0.004883 0.077148 0.076172 -0.009494 0.149999 0.148100
-0.011841 0.179199 -0.049683 -0.023022 0.348416 -0.096597
-0.083008 0.188721 -0.043091 -0.161391 0.366928 -0.083781
-0.151367 0.126465 0.044678 -0.294302 0.245885 0.086867
-0.087769 0.127197 0.052246 -0.170648 0.247309 0.101582
-0.057495 0.139893 -0.084473 -0.111787 0.271992 -0.164239
-0.019165 0.054443 -0.150024 -0.037262 0.105854 -0.291691
-0.001831 0.009033 -0.119751 -0.003560 0.017563 -0.232831
-0.014160 0.031616 -0.094604 -0.027531 0.061471 -0.183939
-0.021484 0.050659 -0.155273 -0.041772 0.098496 -0.301897
-0.027344 0.060547 -0.222046 -0.053164 0.117721 -0.431722
-0.048462 0.053345 -0.202148 -0.094224 0.103718 -0.393036
-0.061401 0.099731 -0.124146 -0.119382 0.193907 -0.241375
-0.106567 0.172363 -0.123413 -0.207198 0.335124 -0.239951
-0.114136 0.166626 -0.148438 -0.221913 0.323969 -0.288606
-0.047485 0.136475 -0.141235 -0.092325 0.265346 -0.274603
0.003418 0.042847 -0.113647 0.006646 0.083306 -0.220964
0.014404 0.011108 -0.125122 0.028006 0.021598 -0.243274
-0.003662 0.007080 -0.135864 -0.007120 0.013766 -0.264160
-0.025635 -0.009644 -0.102539 -0.049841 -0.018750 -0.199366
-0.054810 0.022705 -0.082031 -0.106566 0.044145 -0.159493
-0.058472 0.037109 -0.080200 -0.113686 0.072151 -0.155933
-0.030396 0.047119 -0.112061 -0.059098 0.091613 -0.217878
-0.002808 0.030640 -0.138794 -0.005459 0.059572 -0.269856
0.023438 0.006958 -0.148560 0.045569 0.013528 -0.288843
0.032715 0.008911 -0.169434 0.063607 0.017326 -0.329428
0.058350 -0.003174 -0.184448 0.113449 -0.006171 -0.358621
0.085449 -0.061768 -0.149292 0.166138 -0.120094 -0.290267
0.055542 -0.061523 -0.117188 0.107990 -0.119620 -0.227847
0.031372 -0.040039 -0.106567 0.060996 -0.077848 -0.207198
0.039551 -0.062988 -0.122192 0.076898 -0.122468 -0.237578
0.041992 -0.094360 -0.138062 0.081645 -0.183464 -0.268432
0.036133 -0.105713 -0.126587 0.070253 -0.205537 -0.246122
0.032349 -0.073975 -0.144409 0.062895 -0.143828 -0.280774
0.040283 -0.029419 -0.174072 0.078322 -0.057199 -0.338447
0.020996 0.002441 -0.179810 0.040823 0.004747 -0.349602
