0.015137 0.033569 -0.169800 0.029430 0.065269 -0.330140
0.100342 0.060547 -0.145142 0.195094 0.117721 -0.282198
0.075317 -0.043213 -0.207520 0.146439 -0.084018 -0.403478
-0.001709 -0.007080 -0.310547 -0.003323 -0.013766 -0.603794
-0.029297 -0.040527 -0.261841 -0.056962 -0.078797 -0.509095
-0.033447 -0.076416 -0.149170 -0.065031 -0.148575 -0.290030
-0.060669 -0.012695 -0.075562 -0.117958 -0.024683 -0.146914
-0.073975 -0.088257 -0.118408 -0.143828 -0.171597 -0.230220
0.018433 0.084595 -0.152588 0.035838 0.164477 -0.296675
-0.254150 0.190552 -0.228516 -0.494142 0.370488 -0.444301
-0.264038 0.193726 -0.059326 -0.513367 0.376659 -0.115347
-0.273438 0.351196 0.104492 -0.531642 0.682828 0.203163
-0.285156 0.308105 0.240845 -0.554427 0.599047 0.468272
-0.277954 0.182861 0.476318 -0.540424 0.355536 0.926102
-0.403198 0.143066 0.755615 -0.783935 0.278163 1.469136
-0.470581 0.195068 0.961914 -0.914947 0.379270 1.870241
-0.472290 0.301392 1.117310 -0.918270 0.585993 2.172376
-0.379883 0.265625 1.206543 -0.738603 0.516452 2.345871
-0.327515 0.155518 1.091431 -0.636784 0.302372 2.122060
-0.344971 -0.071411 0.912842 -0.670724 -0.138844 1.774831
-0.246948 -0.080200 0.708984 -0.480139 -0.155933 1.378472
-0.200195 0.080078 0.436646 -0.389238 0.155695 0.848966
-0.099121 0.164307 0.033081 -0.192720 0.319460 0.064319
-0.034302 0.141602 -0.416626 -0.066693 0.275315 -0.810042
0.017578 0.013916 -0.864014 0.034177 0.027057 -1.679895
0.002197 -0.104614 -1.167603 0.004272 -0.203401 -2.270160
-0.013550 -0.053345 -1.322754 -0.026345 -0.103718 -2.571819
-0.038330 0.196167 -1.420288 -0.074525 0.381406 -2.761454
-0.039551 0.306274 -1.452026 -0.076898 0.595487 -2.823163
0.079956 0.220703 -1.442627 0.155458 0.429111 -2.804888
0.161865 0.187500 -1.375488 0.314713 0.364555 -2.674350
0.193237 0.362549 -1.291382 0.375710 0.704901 -2.510823
0.181152 0.471313 -1.091553 0.352213 0.916371 -2.122297
0.156860 0.403442 -0.854370 0.304982 0.784410 -1.661145
0.075562 0.311157 -0.679443 0.146914 0.604980 -1.321036
0.002930 0.234253 -0.541260 0.005696 0.455456 -1.052367
-0.047119 0.196411 -0.377808 -0.091613 0.381881 -0.734568
-0.152710 0.253174 -0.184570 -0.296913 0.492244 -0.358858
-0.272949 0.349609 -0.075928 -0.530693 0.679743 -0.147626
-0.410400 0.305298 0.293945 -0.797938 0.593588 0.571515
-0.617432 0.020630 0.817871 -1.200467 0.040111 1.590180
-0.796143 -0.174927 1.310547 -1.547933 -0.340109 2.548085
-0.939575 -0.328125 1.728027 -1.826808 -0.637971 3.359789
-0.875488 -0.136230 1.830444 -1.702204 -0.264872 3.558918
-0.699219 0.260620 1.438354 -1.359485 0.506721 2.796581
-0.482544 0.407593 0.757813 -0.938206 0.792479 1.473408
-0.206177 0.200562 0.207520 -0.400868 0.389950 0.403478
-0.067017 -0.015381 -0.014038 -0.130300 -0.029905 -0.027294
-0.006592 -0.049805 -0.073364 -0.012816 -0.096835 -0.142642
0.019531 0.098877 -0.107300 0.037974 0.192246 -0.208622
0.014771 0.156006 -0.088013 0.028718 0.303321 -0.171122
-0.004517 0.075684 -0.070923 -0.008782 0.147151 -0.137895
-0.004517 0.015137 -0.056519 -0.008782 0.029430 -0.109889
-0.025269 0.011230 -0.078857 -0.049129 0.021835 -0.153322
-0.032715 -0.004395 -0.128906 -0.063607 -0.008544 -0.250631
-0.022217 0.014526 -0.149658 -0.043196 0.028243 -0.290979
-0.013062 0.028931 -0.149292 -0.025395 0.056250 -0.290267
-0.016968 0.038208 -0.152100 -0.032990 0.074288 -0.295726
-0.025146 0.052979 -0.169678 -0.048892 0.103006 -0.329903
-0.023071 0.050537 -0.164917 -0.044857 0.098259 -0.320647
-0.007202 0.044312 -0.130127 -0.014003 0.086155 -0.253005
-0.018921 0.061157 -0.113281 -0.036788 0.118907 -0.220252
-0.009399 0.057861 -0.117188 -0.018275 0.112499 -0.227847
-0.002808 0.052124 -0.134766 -0.005459 0.101344 -0.262024
-0.011353 0.059937 -0.135376 -0.022073 0.116534 -0.263210
0.003418 0.071655 -0.121460 0.006646 0.139319 -0.236154
0.011597 0.072021 -0.109375 0.022547 0.140031 -0.212657
0.003418 0.067017 -0.117310 0.006646 0.130300 -0.228084
-0.011353 0.045654 -0.115845 -0.022073 0.088765 -0.225236
-0.012451 0.025024 -0.112793 -0.024209 0.048655 -0.219302
-0.013794 0.018555 -0.116211 -0.026819 0.036076 -0.225948
-0.011475 0.032104 -0.128052 -0.022310 0.062420 -0.248970
-0.005005 0.043701 -0.139648 -0.009731 0.084968 -0.271517
0.005859 0.039673 -0.127319 0.011392 0.077136 -0.247546
0.011841 0.033936 -0.123169 0.023022 0.065981 -0.239476
0.006958 0.029297 -0.138428 0.013528 0.056962 -0.269144
0.001831 0.013916 -0.122192 0.003560 0.027057 -0.237578
-0.006836 0.003052 -0.103882 -0.013291 0.005934 -0.201977
-0.005615 0.015381 -0.101318 -0.010918 0.029905 -0.196992
0.012451 0.010742 -0.107666 0.024209 0.020886 -0.209334
