0.074463 0.080688 -1.018311 0.144778 0.156882 -1.979893
0.120850 0.124268 -1.009888 0.234967 0.241612 -1.963516
-0.028198 0.030640 -1.034302 -0.054826 0.059572 -2.010984
-0.273071 0.039307 -0.710083 -0.530930 0.076424 -1.380608
-0.411133 0.106934 -0.177124 -0.799362 0.207910 -0.344381
-0.598633 0.267822 0.421997 -1.163917 0.520725 0.820485
-0.837280 0.028076 0.999146 -1.627917 0.054588 1.942630
-1.240601 -0.112549 1.563477 -2.412089 -0.218828 3.039854
-1.639526 -0.219238 2.038940 -3.187717 -0.426263 3.964295
-1.767578 -0.655273 2.092407 -3.436687 -1.274043 4.068250
-1.318481 -0.803589 1.663086 -2.563512 -1.562411 3.233524
-0.632813 -0.521362 0.943848 -1.230372 -1.013680 1.835115
-0.271606 -0.380737 0.435913 -0.528082 -0.740264 0.847542
-0.204102 -0.222534 0.212158 -0.396833 -0.432671 0.412497
-0.091553 -0.165405 0.032227 -0.178005 -0.321596 0.062658
0.035278 0.010376 -0.183716 0.068591 0.020174 -0.357197
0.153687 0.107544 -0.403320 0.298811 0.209097 -0.784172
0.334717 0.188721 -0.680664 0.650787 0.366928 -1.323409
0.518188 0.226685 -0.905640 1.007509 0.440741 -1.760828
0.559082 0.299683 -1.067627 1.087018 0.582670 -2.075778
0.430054 0.388916 -1.350342 0.836150 0.756166 -2.625458
0.398438 0.388306 -1.658936 0.774679 0.754979 -3.225455
0.414917 0.238647 -1.879272 0.806720 0.464000 -3.653854
0.389160 0.098877 -1.798584 0.756641 0.192246 -3.496972
0.320923 -0.025879 -1.495972 0.623968 -0.050316 -2.908605
0.266602 -0.407104 -1.233276 0.518351 -0.791530 -2.397849
0.347168 -0.654785 -1.029541 0.674996 -1.273093 -2.001728
0.300293 -0.518555 -0.618042 0.583857 -1.008222 -1.201654
-0.054688 -0.355225 -0.068237 -0.106328 -0.690660 -0.132673
-0.364014 -0.290649 0.413086 -0.707749 -0.565107 0.803160
-0.469849 -0.278076 0.743774 -0.913523 -0.540661 1.446114
-0.586914 -0.273804 0.956543 -1.141132 -0.532354 1.859798
-0.670410 -0.173950 1.387207 -1.303473 -0.338210 2.697135
-0.830566 -0.145630 1.837646 -1.614863 -0.283147 3.572921
-0.790527 -0.311035 1.719116 -1.537016 -0.604743 3.342463
-0.501953 -0.382080 1.050537 -0.975943 -0.742875 2.042551
-0.270142 -0.274780 0.312378 -0.525234 -0.534253 0.607354
-0.074951 -0.020386 -0.019531 -0.145727 -0.039636 -0.037974
0.048706 0.225586 0.031860 0.094699 0.438605 0.061946
-0.107666 0.390137 -0.008301 -0.209334 0.758540 -0.016139
-0.070313 0.310303 -0.117188 -0.136708 0.603319 -0.227847
-0.032715 0.187866 -0.210815 -0.063607 0.365267 -0.409887
0.064087 0.200317 -0.238770 0.124604 0.389475 -0.464238
0.075806 0.271851 -0.212524 0.147388 0.528557 -0.413209
-0.007690 0.222168 -0.158569 -0.014952 0.431959 -0.308305
-0.119507 0.068237 -0.095459 -0.232356 0.132673 -0.185600
-0.107056 0.114014 -0.112427 -0.208147 0.221676 -0.218590
-0.026123 0.232544 -0.175415 -0.050791 0.452133 -0.341058
-0.033325 0.290649 -0.178467 -0.064794 0.565107 -0.346992
-0.025269 0.262695 -0.144043 -0.049129 0.510756 -0.280062
0.008301 0.275024 -0.128540 0.016139 0.534728 -0.249919
0.046143 0.284058 -0.115723 0.089715 0.552291 -0.224999
0.051636 0.269653 -0.115967 0.100395 0.524285 -0.225473
-0.022827 0.261475 -0.120728 -0.044383 0.508383 -0.234730
-0.102539 0.222046 -0.135132 -0.199366 0.431722 -0.262736
-0.086182 0.115234 -0.155273 -0.167562 0.224049 -0.301897
0.020874 -0.039673 -0.100342 0.040585 -0.077136 -0.195094
0.005493 -0.061279 -0.098389 0.010680 -0.119145 -0.191296
-0.013672 0.005737 -0.097656 -0.026582 0.011155 -0.189872
-0.032349 0.067627 -0.089355 -0.062895 0.131487 -0.173733
0.031860 0.078979 -0.069946 0.061946 0.153559 -0.135996
0.075195 0.043091 -0.074219 0.146202 0.083781 -0.144303
0.081177 0.101318 -0.098389 0.157831 0.196992 -0.191296
0.030518 0.099731 -0.108643 0.059335 0.193907 -0.211233
-0.018921 0.040894 -0.102783 -0.036788 0.079509 -0.199841
-0.041138 0.057373 -0.067871 -0.079984 0.111550 -0.131961
-0.054565 0.071655 -0.056152 -0.106091 0.139319 -0.109177
-0.041504 0.054321 -0.098633 -0.080696 0.105616 -0.191771
-0.031006 0.008301 -0.153198 -0.060284 0.016139 -0.297862
-0.025635 -0.016846 -0.135376 -0.049841 -0.032753 -0.263210
-0.026489 0.003906 -0.102295 -0.051503 0.007595 -0.198891
-0.017578 0.041504 -0.104858 -0.034177 0.080696 -0.203875
0.008179 0.029663 -0.102417 0.015902 0.057674 -0.199128
0.009399 0.017700 -0.093750 0.018275 0.034414 -0.182277
-0.002930 0.028442 -0.085327 -0.005696 0.055300 -0.165901
-0.021851 0.028809 -0.082642 -0.042484 0.056012 -0.160679
-0.028931 0.011108 -0.104004 -0.056250 0.021598 -0.202214
-0.008911 -0.018677 -0.109985 -0.017326 -0.036313 -0.213844
-0.022217 -0.010742 -0.101929 -0.043196 -0.020886 -0.198179
-0.027344 0.015015 -0.106079 -0.053164 0.029193 -0.206249
