0.070313 -0.440308 -0.335327 0.136708 -0.856086 -0.651974
0.159912 -0.447754 -0.261353 0.310916 -0.870564 -0.508146
0.069580 -0.402832 -0.507813 0.135284 -0.783223 -0.987336
0.008789 -0.323486 -0.547119 0.017089 -0.628952 -1.063759
-0.024170 -0.534912 -0.486450 -0.046993 -1.040025 -0.945801
0.047852 -0.883179 -0.536377 0.093037 -1.717157 -1.042873
0.230469 -1.609863 -0.633789 0.448098 -3.130044 -1.232271
0.410645 -1.439941 -0.389404 0.798413 -2.799666 -0.757115
-0.018433 -0.254639 0.122314 -0.035838 -0.495092 0.237815
-0.756226 1.148071 0.993164 -1.470323 2.232185 1.931001
-1.462769 0.594482 1.140015 -2.844049 1.155847 2.216521
-1.216797 0.431030 1.739136 -2.365808 0.838049 3.381387
-0.563721 0.832031 1.970703 -1.096037 1.617711 3.831622
-0.267334 0.570923 1.790649 -0.519775 1.110041 3.481545
-0.250244 0.230591 1.663452 -0.486548 0.448336 3.234236
-0.190796 0.404663 1.381836 -0.370963 0.786783 2.686692
-0.098145 0.619873 0.577026 -0.190822 1.205214 1.121907
-0.020874 0.415039 -0.015503 -0.040585 0.806957 -0.030142
0.058472 0.208130 -0.466431 0.113686 0.404665 -0.906877
0.035400 -0.056519 -0.886719 0.068829 -0.109889 -1.724040
-0.018188 -0.258423 -1.269287 -0.035364 -0.502449 -2.467864
0.022217 -0.252563 -1.427856 0.043196 -0.491057 -2.776169
0.032837 -0.174316 -1.421509 0.063845 -0.338922 -2.763828
0.003418 -0.166138 -1.427612 0.006646 -0.323020 -2.775695
-0.029663 -0.306030 -1.516113 -0.057674 -0.595012 -2.947766
-0.013306 -0.214722 -1.672241 -0.025870 -0.417482 -3.251325
-0.029175 0.149780 -1.737305 -0.056724 0.291217 -3.377827
-0.153809 0.424927 -1.617676 -0.299049 0.826182 -3.145233
-0.267456 0.421997 -1.348389 -0.520013 0.820485 -2.621661
-0.261597 0.315796 -1.053589 -0.508620 0.613999 -2.048484
-0.199707 0.293701 -0.831665 -0.388289 0.571041 -1.616999
-0.172729 0.327759 -0.728882 -0.335836 0.637259 -1.417159
-0.177856 0.237061 -0.615845 -0.345805 0.460915 -1.197382
-0.241943 0.097046 -0.312256 -0.470408 0.188686 -0.607116
-0.336426 -0.041870 -0.031738 -0.654110 -0.081408 -0.061708
-0.560059 -0.078369 0.218628 -1.088917 -0.152372 0.425076
-0.752686 -0.339844 0.508545 -1.463440 -0.660755 0.988760
-0.736572 -0.643433 0.804077 -1.432111 -1.251021 1.563360
-0.819824 -0.698853 1.180054 -1.593977 -1.358773 2.294369
-0.801025 -0.683716 1.598999 -1.557427 -1.329343 3.108920
-0.744141 -0.731079 2.022827 -1.446826 -1.421431 3.932966
-0.719971 -0.470215 1.968750 -1.399833 -0.914235 3.827824
-0.677246 0.153320 1.294067 -1.316764 0.298099 2.516044
-0.642212 0.353394 0.523926 -1.248647 0.687100 1.018664
-0.372437 0.303345 0.176392 -0.724125 0.589791 0.342957
-0.165161 0.458496 -0.043335 -0.321121 0.891450 -0.084256
-0.125122 0.484619 -0.260864 -0.243274 0.942241 -0.507196
-0.140747 0.358032 -0.381836 -0.273653 0.696119 -0.742400
-0.111084 0.316772 -0.392700 -0.215980 0.615898 -0.763524
-0.058350 0.269409 -0.250000 -0.113449 0.523810 -0.486073
-0.034546 0.160156 -0.045166 -0.067167 0.311390 -0.087816
-0.018311 0.094482 -0.036377 -0.035601 0.183701 -0.070727
-0.031616 0.074097 -0.065186 -0.061471 0.144066 -0.126740
-0.079224 0.053833 -0.032837 -0.154034 0.104667 -0.063845
-0.097656 0.141113 0.049194 -0.189872 0.274365 0.095648
-0.087524 0.233521 0.074829 -0.170173 0.454032 0.145490
-0.067749 0.230103 0.009766 -0.131724 0.447386 0.018987
-0.007935 0.143433 -0.081543 -0.015427 0.278875 -0.158543
0.025269 0.061035 -0.155273 0.049129 0.118670 -0.301897
0.028076 0.042480 -0.139404 0.054588 0.082594 -0.271043
0.006226 0.088989 -0.100830 0.012104 0.173021 -0.196043
-0.027954 0.118896 -0.089111 -0.054351 0.231169 -0.173258
-0.042969 0.087280 -0.082275 -0.083544 0.169698 -0.159967
-0.058838 0.031616 -0.053101 -0.114398 0.061471 -0.103243
-0.055542 -0.002075 -0.029663 -0.107990 -0.004035 -0.057674
-0.062744 -0.018066 -0.045044 -0.121993 -0.035126 -0.087579
-0.076294 -0.012451 -0.077393 -0.148338 -0.024209 -0.150474
-0.082886 0.006470 -0.098511 -0.161154 0.012579 -0.191534
-0.092285 0.032471 -0.104004 -0.179429 0.063133 -0.202214
-0.072266 0.048950 -0.086182 -0.140505 0.095173 -0.167562
-0.058960 0.053589 -0.104980 -0.114635 0.104192 -0.204113
-0.041992 0.049316 -0.126099 -0.081645 0.095885 -0.245173
-0.032227 0.037720 -0.136719 -0.062658 0.073338 -0.265821
-0.028320 0.036377 -0.132324 -0.055063 0.070727 -0.257277
-0.018188 0.029419 -0.129517 -0.035364 0.057199 -0.251818
-0.019287 0.018677 -0.129883 -0.037500 0.036313 -0.252530
-0.026245 0.016724 -0.123657 -0.051028 0.032516 -0.240426
-0.021606 0.021484 -0.115845 -0.042009 0.041772 -0.225236
-0.009277 0.021851 -0.110840 -0.018038 0.042484 -0.215505
-0.006348 0.007690 -0.113403 -0.012342 0.014952 -0.220489
