0.076660 -0.108154 -0.189941 0.149050 -0.210283 -0.369301
0.106689 -0.279663 -0.179932 0.207435 -0.543747 -0.349840
0.025757 -0.518921 -0.339478 0.050079 -1.008934 -0.660043
-0.017212 -0.491821 -0.438721 -0.033465 -0.956244 -0.853001
-0.124268 -0.291138 -0.298584 -0.241612 -0.566057 -0.580534
-0.275513 -0.268799 -0.052490 -0.535677 -0.522623 -0.102056
-0.463257 -0.524780 -0.134277 -0.900706 -1.020326 -0.261074
-0.733521 -0.764526 -0.180664 -1.426178 -1.486462 -0.351264
-0.797974 0.391724 0.387939 -1.551493 0.761625 0.754267
-0.838623 0.993530 1.023438 -1.630528 1.931713 1.989861
-0.798096 0.862183 1.488647 -1.551731 1.676334 2.894365
-0.770996 1.050903 1.525635 -1.499041 2.043262 2.966279
-0.723511 0.750488 1.125977 -1.406716 1.459168 2.189227
-0.461426 0.340088 0.910400 -0.897146 0.661230 1.770084
-0.202637 -0.031860 0.671509 -0.393985 -0.061946 1.305609
-0.115845 -0.050659 0.279419 -0.225236 -0.098496 0.543272
-0.021973 0.108032 -0.038086 -0.042721 0.210046 -0.074050
0.136963 0.056396 -0.285522 0.266296 0.109651 -0.555139
0.209839 -0.031006 -0.598022 0.407988 -0.060284 -1.162730
0.242554 -0.174316 -0.861206 0.471595 -0.338922 -1.674436
0.284546 -0.293457 -1.070801 0.553240 -0.570566 -2.081949
0.277222 -0.318359 -1.201050 0.539000 -0.618983 -2.335191
0.256104 -0.351074 -1.278076 0.497940 -0.682591 -2.484953
0.230103 -0.280884 -1.281006 0.447386 -0.546120 -2.490649
0.232300 -0.139160 -1.336304 0.451659 -0.270568 -2.598164
0.289551 -0.149048 -1.400879 0.562971 -0.289792 -2.723717
0.328613 -0.131836 -1.426880 0.638920 -0.256328 -2.774271
0.247070 -0.040649 -1.354614 0.480377 -0.079034 -2.633765
0.164063 0.010498 -1.169067 0.318985 0.020411 -2.273008
0.111328 0.027588 -0.958374 0.216454 0.053639 -1.863359
0.049805 0.178955 -0.813965 0.096835 0.347941 -1.582585
-0.000854 0.262817 -0.659668 -0.001661 0.510994 -1.282587
-0.037109 0.172729 -0.534668 -0.072151 0.335836 -1.039550
-0.182251 0.053833 -0.354858 -0.354349 0.104667 -0.689948
-0.327271 -0.018677 -0.128540 -0.636309 -0.036313 -0.249919
-0.438110 -0.079590 0.088623 -0.851814 -0.154746 0.172309
-0.610352 -0.113770 0.277222 -1.186701 -0.221201 0.539000
-0.774902 -0.131226 0.516113 -1.506636 -0.255141 1.003475
-0.917358 -0.099365 0.855713 -1.783612 -0.193195 1.663755
-1.103760 -0.123901 1.273926 -2.146031 -0.240900 2.476883
-1.246216 -0.246582 1.694580 -2.423007 -0.479427 3.294758
-1.141357 -0.141968 1.785278 -2.219132 -0.276027 3.471102
-0.970215 0.148193 1.433838 -1.886381 0.288131 2.787799
-0.692261 0.182983 0.991089 -1.345957 0.355773 1.926966
-0.406494 0.086304 0.482544 -0.790343 0.167800 0.938206
-0.283936 -0.010010 0.171631 -0.552054 -0.019462 0.333700
-0.182129 0.095337 0.098633 -0.354112 0.185363 0.191771
-0.109253 0.318970 0.006958 -0.212420 0.620170 0.013528
-0.017334 0.302734 -0.122559 -0.033702 0.588604 -0.238290
0.080933 0.117676 -0.207031 0.157357 0.228796 -0.402529
0.082275 0.071655 -0.193237 0.159967 0.139319 -0.375710
0.033325 0.120728 -0.065186 0.064794 0.234730 -0.126740
-0.012451 0.184448 -0.026367 -0.024209 0.358621 -0.051266
-0.027710 0.171631 -0.064453 -0.053876 0.333700 -0.125316
-0.025513 0.089233 -0.087646 -0.049604 0.173496 -0.170410
-0.000977 0.006348 -0.098877 -0.001899 0.012342 -0.192246
0.015503 -0.009521 -0.081665 0.030142 -0.018513 -0.158781
0.018799 0.009033 -0.072876 0.036550 0.017563 -0.141692
0.010010 0.037109 -0.084961 0.019462 0.072151 -0.165189
0.019165 0.042114 -0.108887 0.037262 0.081882 -0.211708
0.035400 0.029419 -0.157959 0.068829 0.057199 -0.307118
0.030884 0.026611 -0.168457 0.060047 0.051740 -0.327530
0.027100 0.037720 -0.136475 0.052690 0.073338 -0.265346
0.011963 0.044922 -0.117188 0.023259 0.087341 -0.227847
0.005127 0.027344 -0.131348 0.009968 0.053164 -0.255378
-0.021118 0.050415 -0.155029 -0.041060 0.098022 -0.301422
-0.030151 0.055786 -0.130493 -0.058623 0.108465 -0.253717
-0.018677 0.051514 -0.105957 -0.036313 0.100158 -0.206011
-0.020752 0.073608 -0.114380 -0.040348 0.143116 -0.222388
-0.016235 0.071777 -0.108521 -0.031566 0.139556 -0.210996
-0.007324 0.063477 -0.089844 -0.014240 0.123417 -0.174682
-0.012085 0.041504 -0.093018 -0.023497 0.080696 -0.180853
-0.008057 0.015625 -0.098877 -0.015664 0.030380 -0.192246
0.010376 0.008545 -0.105225 0.020174 0.016614 -0.204587
0.005615 0.013428 -0.116333 0.010918 0.026107 -0.226185
-0.003784 0.011108 -0.135376 -0.007358 0.021598 -0.263210
-0.012451 0.010254 -0.135254 -0.024209 0.019937 -0.262973
-0.016113 0.003052 -0.109497 -0.031329 0.005934 -0.212894
-0.036499 0.006470 -0.104370 -0.070965 0.012579 -0.202926
-0.047607 -0.005005 -0.102173 -0.092563 -0.009731 -0.198654
