0.218628 0.540894 -0.601440 0.425076 1.051655 -1.169376
0.094360 0.415161 -0.397461 0.183464 0.807194 -0.772780
-0.120117 0.252930 -0.207153 -0.233543 0.491769 -0.402766
-0.449585 0.194702 0.035400 -0.874124 0.378558 0.068829
-0.698853 0.151367 0.317627 -1.358773 0.294302 0.617559
-0.797119 0.125244 0.674683 -1.549832 0.243511 1.311780
-0.772461 -0.323486 0.905884 -1.501889 -0.628952 1.761302
-0.644653 -0.903931 0.957764 -1.253394 -1.757505 1.862172
-0.470459 -1.073975 1.107056 -0.914709 -2.088120 2.152439
-0.500244 -0.814941 1.329468 -0.972620 -1.584484 2.584873
-0.669434 -0.612183 1.367310 -1.301574 -1.190261 2.658448
-0.646851 -0.411377 1.346191 -1.257666 -0.799837 2.617389
-0.388794 -0.298218 1.006592 -0.755929 -0.579822 1.957108
-0.155518 -0.176025 0.446411 -0.302372 -0.342245 0.867953
-0.014038 0.026733 -0.112793 -0.027294 0.051978 -0.219302
0.088867 0.271606 -0.533569 0.172784 0.528082 -1.037414
0.145508 0.456665 -0.796387 0.282910 0.887890 -1.548408
0.203125 0.538940 -0.916382 0.394934 1.047857 -1.781713
0.269287 0.551514 -1.030518 0.523573 1.072303 -2.003627
0.287842 0.521973 -1.168701 0.559648 1.014867 -2.272296
0.339111 0.555542 -1.211914 0.659331 1.080136 -2.356314
0.370361 0.594482 -1.204956 0.720090 1.155847 -2.342786
0.344482 0.609863 -1.148682 0.669774 1.185752 -2.233372
0.323853 0.580811 -0.987671 0.629664 1.129265 -1.920320
0.307495 0.601196 -0.830322 0.597860 1.168901 -1.614389
0.255127 0.645752 -0.718384 0.496041 1.255530 -1.396748
0.137451 0.554810 -0.545532 0.267245 1.078712 -1.060674
-0.004272 0.319824 -0.278320 -0.008307 0.621832 -0.541136
-0.150513 0.028687 -0.146484 -0.292641 0.055775 -0.284808
-0.398682 -0.069702 0.114624 -0.775153 -0.135521 0.222863
-0.579102 -0.165161 0.406738 -1.125942 -0.321121 0.790818
-0.565552 -0.521973 0.566162 -1.099598 -1.014867 1.100784
-0.571655 -0.947632 0.663452 -1.111465 -1.842473 1.289944
-0.506226 -1.102417 0.855591 -0.984250 -2.143420 1.663518
-0.411499 -0.946777 0.943970 -0.800074 -1.840811 1.835352
-0.375244 -0.330933 0.905151 -0.729584 -0.643430 1.759878
-0.450806 0.151489 0.534546 -0.876498 0.294539 1.039313
-0.497681 0.081299 0.128418 -0.967636 0.158069 0.249682
-0.433716 -0.135132 -0.056763 -0.843270 -0.262736 -0.110363
-0.277710 -0.167236 -0.075195 -0.539949 -0.325156 -0.146202
-0.181396 -0.085938 -0.043823 -0.352688 -0.167088 -0.085205
-0.161011 0.011841 -0.028809 -0.313052 0.023022 -0.056012
-0.127686 0.097778 -0.069336 -0.248258 0.190110 -0.134809
-0.106812 0.151855 -0.155518 -0.207673 0.295251 -0.302372
-0.082764 0.111328 -0.222534 -0.160917 0.216454 -0.432671
-0.022339 0.060303 -0.208984 -0.043433 0.117246 -0.406327
0.027222 0.043701 -0.167358 0.052927 0.084968 -0.325394
0.047363 0.018066 -0.130859 0.092088 0.035126 -0.254429
0.030029 0.041016 -0.132690 0.058386 0.079746 -0.257989
0.002075 0.101929 -0.177124 0.004035 0.198179 -0.344381
-0.016479 0.108154 -0.214478 -0.032041 0.210283 -0.417007
-0.010376 0.094604 -0.192505 -0.020174 0.183939 -0.374286
-0.012817 0.095459 -0.181274 -0.024921 0.185600 -0.352450
-0.012573 0.073486 -0.175903 -0.024446 0.142879 -0.342007
-0.012451 0.043213 -0.169556 -0.024209 0.084018 -0.329666
-0.004150 0.022949 -0.146362 -0.008070 0.044620 -0.284571
-0.002808 0.015015 -0.121216 -0.005459 0.029193 -0.235679
-0.014282 0.012817 -0.103760 -0.027769 0.024921 -0.201739
-0.005493 -0.004028 -0.091553 -0.010680 -0.007832 -0.178005
-0.023804 -0.000854 -0.092773 -0.046281 -0.001661 -0.180379
-0.041382 -0.004639 -0.077026 -0.080458 -0.009019 -0.149762
-0.079346 -0.002319 -0.072510 -0.154271 -0.004509 -0.140980
-0.123779 0.008423 -0.089844 -0.240663 0.016376 -0.174682
-0.102661 -0.029297 -0.094360 -0.199603 -0.056962 -0.183464
-0.059937 -0.067139 -0.107178 -0.116534 -0.130537 -0.208385
-0.024292 -0.072388 -0.083252 -0.047231 -0.140743 -0.161866
-0.016846 -0.058350 -0.061768 -0.032753 -0.113449 -0.120094
-0.047729 -0.016357 -0.057373 -0.092800 -0.031804 -0.111550
-0.073853 0.004272 -0.068970 -0.143591 0.008307 -0.134097
-0.091553 0.015015 -0.095215 -0.178005 0.029193 -0.185125
-0.061768 -0.017334 -0.109009 -0.120094 -0.033702 -0.211945
-0.027100 -0.023315 -0.115601 -0.052690 -0.045332 -0.224761
0.010376 -0.026733 -0.112671 0.020174 -0.051978 -0.219065
0.016479 -0.001953 -0.124146 0.032041 -0.003797 -0.241375
-0.014282 0.013062 -0.140381 -0.027769 0.025395 -0.272941
-0.016235 0.005127 -0.129517 -0.031566 0.009968 -0.251818
-0.007080 0.007202 -0.101196 -0.013766 0.014003 -0.196755
-0.004883 0.007202 -0.090454 -0.009494 0.014003 -0.175869
-0.012451 -0.005859 -0.114502 -0.024209 -0.011392 -0.222625
-0.010864 -0.004028 -0.128174 -0.021123 -0.007832 -0.249207
