0.439453 -0.068970 -0.509644 0.854425 -0.134097 -0.990896
0.328857 -0.142944 -0.402222 0.639395 -0.277925 -0.782036
0.230957 -0.114014 -0.403687 0.449048 -0.221676 -0.784884
0.196777 -0.017456 -0.463867 0.382593 -0.033940 -0.901893
0.202393 0.090454 -0.507324 0.393510 0.175869 -0.986386
0.106567 -0.036499 -0.602661 0.207198 -0.070965 -1.171749
-0.122314 -0.970825 -0.892212 -0.237815 -1.887567 -1.734720
-0.047852 -0.826294 -0.842529 -0.093037 -1.606556 -1.638123
-0.047363 0.042358 -0.320068 -0.092088 0.082357 -0.622306
-0.260620 1.679932 0.365723 -0.506721 3.266277 0.711071
-0.371704 1.568726 1.515625 -0.722701 3.050060 2.946817
-0.503540 0.811523 2.264526 -0.979029 1.577838 4.402900
-0.597900 1.279907 3.068115 -1.162493 2.488513 5.965311
-0.657471 1.823486 3.629395 -1.278315 3.545389 7.056602
-0.558350 1.350220 2.363403 -1.085594 2.625221 4.595145
-0.405518 0.488525 1.222778 -0.788444 0.949836 2.377438
-0.315674 0.178589 0.762939 -0.613762 0.347229 1.483377
-0.226685 0.099609 0.230469 -0.440741 0.193670 0.448098
-0.065796 -0.002197 -0.484009 -0.127926 -0.004272 -0.941054
0.011597 -0.281250 -1.152344 0.022547 -0.546832 -2.240492
-0.161499 -0.511597 -1.612915 -0.314001 -0.994693 -3.135977
-0.136597 -0.625854 -1.974854 -0.265584 -1.216844 -3.839691
-0.069214 -0.515015 -2.111816 -0.134572 -1.001339 -4.105987
0.131714 -0.216919 -2.123169 0.256090 -0.421754 -4.128059
0.307129 0.005249 -2.018188 0.597148 0.010206 -3.923947
0.333618 0.293335 -1.901245 0.648651 0.570329 -3.696575
0.418091 0.637085 -1.748901 0.812890 1.238679 -3.400374
0.475220 0.629028 -1.520752 0.923966 1.223014 -2.956785
0.455444 0.394409 -1.363037 0.885517 0.766846 -2.650142
0.368408 0.280640 -1.198853 0.716293 0.545645 -2.330919
0.257935 0.296021 -0.933960 0.501500 0.575550 -1.815891
0.046387 0.213623 -0.644043 0.090189 0.415345 -1.252207
-0.205078 0.116943 -0.327881 -0.398732 0.227372 -0.637496
-0.490234 0.078491 0.093506 -0.953159 0.152610 0.181803
-0.745117 -0.107178 0.635620 -1.448725 -0.208385 1.235831
-0.908447 -0.029785 1.058838 -1.766286 -0.057911 2.058690
-1.203003 0.448853 1.755005 -2.338989 0.872700 3.412241
-1.463989 0.815308 2.904541 -2.846422 1.585196 5.647275
-1.663330 0.888062 3.213135 -3.233999 1.726651 6.247271
-1.200195 1.088135 1.957642 -2.333530 2.115651 3.806226
-0.549927 0.329712 0.648071 -1.069218 0.641056 1.260040
-0.266724 -0.128906 0.215576 -0.518589 -0.250631 0.419143
-0.061890 0.081299 0.161499 -0.120332 0.158069 0.314001
0.079102 0.189331 0.014648 0.153797 0.368115 0.028481
0.122192 0.092529 -0.158447 0.237578 0.179904 -0.308068
0.138916 -0.041016 -0.326660 0.270093 -0.079746 -0.635123
0.145508 -0.086548 -0.349731 0.282910 -0.168274 -0.679980
0.109131 -0.032837 -0.282593 0.212182 -0.063845 -0.549443
0.025269 0.020020 -0.195068 0.049129 0.038924 -0.379270
-0.016235 0.035889 -0.140503 -0.031566 0.069778 -0.273179
-0.038330 0.019409 -0.188721 -0.074525 0.037737 -0.366928
-0.034302 0.009033 -0.248169 -0.066693 0.017563 -0.482513
-0.025635 -0.012207 -0.222534 -0.049841 -0.023734 -0.432671
-0.051025 -0.020996 -0.149170 -0.099208 -0.040823 -0.290030
-0.074829 -0.015137 -0.106567 -0.145490 -0.029430 -0.207198
-0.061523 -0.016968 -0.145264 -0.119620 -0.032990 -0.282435
-0.058594 -0.025513 -0.177246 -0.113923 -0.049604 -0.344618
-0.058105 -0.002930 -0.167603 -0.112974 -0.005696 -0.325868
-0.054688 0.074707 -0.171143 -0.106328 0.145252 -0.332751
-0.042114 0.093750 -0.163452 -0.081882 0.182277 -0.317799
-0.031616 0.082764 -0.154419 -0.061471 0.160917 -0.300235
-0.007202 0.078247 -0.157715 -0.014003 0.152135 -0.306644
0.004517 0.082520 -0.178589 0.008782 0.160442 -0.347229
0.008423 0.078369 -0.196045 0.016376 0.152372 -0.381168
-0.005981 0.091187 -0.218140 -0.011630 0.177293 -0.424127
-0.008667 0.095825 -0.202393 -0.016851 0.186312 -0.393510
-0.022461 0.086304 -0.156738 -0.043671 0.167800 -0.304745
-0.056519 0.099731 -0.154175 -0.109889 0.193907 -0.299761
-0.053955 0.079468 -0.147461 -0.104904 0.154509 -0.286707
-0.037109 0.050049 -0.135742 -0.072151 0.097310 -0.263922
-0.037842 0.054443 -0.150269 -0.073575 0.105854 -0.292166
-0.038208 0.024292 -0.132446 -0.074288 0.047231 -0.257514
-0.047119 0.036865 -0.122803 -0.091613 0.071677 -0.238764
-0.033447 0.044922 -0.127197 -0.065031 0.087341 -0.247309
-0.028198 0.029175 -0.130005 -0.054826 0.056724 -0.252767
-0.015991 0.016235 -0.125122 -0.031092 0.031566 -0.243274
-0.007446 0.012207 -0.132080 -0.014478 0.023734 -0.256802
0.016357 0.010742 -0.147827 0.031804 0.020886 -0.287419
0.051636 -0.001587 -0.146973 0.100395 -0.003085 -0.285758
0.046997 -0.003174 -0.140625 0.091376 -0.006171 -0.273416
