0.284058 0.730225 0.040771 0.552291 1.419770 0.079272
0.167358 0.413330 -0.068481 0.325394 0.803634 -0.133148
0.085205 0.486938 -0.137939 0.165664 0.946750 -0.268195
0.099854 0.449341 -0.173096 0.194144 0.873650 -0.336549
-0.034912 0.064819 -0.317627 -0.067879 0.126028 -0.617559
-0.242188 -0.336060 -0.640747 -0.470883 -0.653398 -1.245799
-0.611206 -0.897827 -0.877563 -1.188363 -1.745638 -1.706239
-1.001831 -0.989502 -0.018799 -1.947852 -1.923880 -0.036550
-1.128906 -0.790894 0.624756 -2.194923 -1.537728 1.214708
-1.064453 0.071777 1.281982 -2.069607 0.139556 2.492548
-1.087646 0.836792 1.516968 -2.114702 1.626968 2.949428
-1.526367 0.379028 1.599243 -2.967703 0.736942 3.109395
-1.294922 0.300293 1.663208 -2.517706 0.583857 3.233761
-0.809204 0.489990 1.088501 -1.573329 0.952684 2.116363
-0.453003 0.329346 0.582397 -0.880770 0.640344 1.132350
-0.093750 -0.005981 0.144287 -0.182277 -0.011630 0.280536
0.329956 -0.287842 -0.411743 0.641531 -0.559648 -0.800549
0.609009 -0.337158 -0.901733 1.184091 -0.655534 -1.753233
0.570557 -0.206177 -1.224121 1.109329 -0.400868 -2.380048
0.446655 -0.087769 -1.469360 0.868428 -0.170648 -2.856865
0.469971 -0.046387 -1.762329 0.913760 -0.090189 -3.426482
0.370850 -0.011597 -1.862183 0.721040 -0.022547 -3.620626
0.351563 -0.173462 -1.836182 0.683540 -0.337261 -3.570073
0.363159 -0.007690 -1.809814 0.706087 -0.014952 -3.518807
0.259888 0.235962 -1.557129 0.505297 0.458779 -3.027513
0.178467 0.190552 -1.342773 0.346992 0.370488 -2.610743
0.155029 0.141235 -1.137085 0.301422 0.274603 -2.210825
0.107910 0.212402 -0.832397 0.209809 0.412972 -1.618423
-0.014648 0.166504 -0.495361 -0.028481 0.323732 -0.963127
-0.126587 0.024658 -0.223999 -0.246122 0.047943 -0.435519
-0.196045 -0.039795 0.084961 -0.381168 -0.077373 0.165189
-0.344849 0.051147 0.301514 -0.670486 0.099446 0.586231
-0.523682 -0.007202 0.619751 -1.018190 -0.014003 1.204977
-0.642822 -0.216675 1.170776 -1.249834 -0.421279 2.276331
-0.798828 -0.287354 1.565430 -1.553155 -0.558699 3.043652
-1.000000 -0.132080 1.713013 -1.944292 -0.256802 3.330596
-1.013062 -0.114380 1.689087 -1.969687 -0.222388 3.284077
-0.831909 -0.253906 1.448975 -1.617474 -0.493668 2.817229
-0.657104 -0.217163 1.214844 -1.277603 -0.422228 2.362010
-0.244507 -0.005371 0.819336 -0.475393 -0.010443 1.593028
-0.188843 0.224121 0.483154 -0.367165 0.435757 0.939393
-0.118164 0.223389 0.284058 -0.229745 0.434333 0.552291
-0.015503 0.132080 0.093018 -0.030142 0.256802 0.180853
-0.019531 0.111694 -0.108887 -0.037974 0.217166 -0.211708
-0.017944 0.239868 -0.244141 -0.034889 0.466374 -0.474681
-0.023560 0.284058 -0.234009 -0.045807 0.552291 -0.454981
-0.018311 0.141968 -0.194336 -0.035601 0.276027 -0.377846
-0.018555 0.021606 -0.155884 -0.036076 0.042009 -0.303084
-0.015869 0.058716 -0.124756 -0.030854 0.114161 -0.242562
-0.027954 0.063721 -0.120972 -0.054351 0.123892 -0.235204
-0.068481 0.070435 -0.147583 -0.133148 0.136945 -0.286944
-0.066650 0.059204 -0.132080 -0.129588 0.115110 -0.256802
-0.041138 0.032593 -0.101318 -0.079984 0.063370 -0.196992
-0.031982 0.041992 -0.122437 -0.062183 0.081645 -0.238052
-0.039917 0.058960 -0.140747 -0.077610 0.114635 -0.273653
-0.040649 0.066040 -0.135132 -0.079034 0.128401 -0.262736
-0.039429 0.068970 -0.129272 -0.076661 0.134097 -0.251343
-0.053223 0.066162 -0.124634 -0.103480 0.128638 -0.242324
-0.039551 0.059814 -0.121948 -0.076898 0.116297 -0.237103
-0.020874 0.043091 -0.132446 -0.040585 0.083781 -0.257514
-0.025513 0.046265 -0.129883 -0.049604 0.089952 -0.252530
-0.007080 0.015259 -0.107300 -0.013766 0.029668 -0.208622
-0.007324 -0.006470 -0.130737 -0.014240 -0.012579 -0.254191
-0.018921 0.008545 -0.162964 -0.036788 0.016614 -0.316849
-0.026489 0.039795 -0.148315 -0.051503 0.077373 -0.288368
-0.019409 0.036255 -0.110352 -0.037737 0.070490 -0.214556
-0.025513 0.028076 -0.090454 -0.049604 0.054588 -0.175869
-0.016113 0.019531 -0.082275 -0.031329 0.037974 -0.159967
-0.011597 0.010864 -0.101440 -0.022547 0.021123 -0.197230
0.002441 0.005493 -0.111450 0.004747 0.010680 -0.216692
0.001709 0.013916 -0.122314 0.003323 0.027057 -0.237815
-0.008667 0.015625 -0.152832 -0.016851 0.030380 -0.297150
-0.026245 0.031616 -0.162354 -0.051028 0.061471 -0.315663
-0.029541 0.039307 -0.144775 -0.057436 0.076424 -0.281486
-0.033691 0.034424 -0.145508 -0.065506 0.066930 -0.282910
-0.027832 0.019897 -0.133911 -0.054114 0.038686 -0.260362
-0.028320 0.032227 -0.114990 -0.055063 0.062658 -0.223575
-0.021484 0.036987 -0.108643 -0.041772 0.071914 -0.211233
0.003052 0.028931 -0.117432 0.005934 0.056250 -0.228321
0.014648 0.020264 -0.123413 0.028481 0.039398 -0.239951
