1.213867 -0.409058 -0.357788 2.360112 -0.795327 -0.695644
1.063599 -0.583984 -0.295410 2.067946 -1.135436 -0.574363
0.394287 -0.670898 -0.822998 0.766609 -1.304422 -1.600148
0.046997 -0.732666 -1.225342 0.091376 -1.424516 -2.382422
0.166382 -0.981567 -1.026001 0.323495 -1.908453 -1.994845
0.404541 -1.172119 -1.060791 0.786546 -2.278941 -2.062487
0.522095 -1.485718 -1.403198 1.015104 -2.888669 -2.728227
0.470947 -2.140137 -1.726807 0.915659 -4.161050 -3.357416
0.544434 -2.163452 -1.567383 1.058538 -4.206382 -3.047449
1.201782 -0.218628 -1.516235 2.336615 -0.425076 -2.948004
1.610474 0.985840 -1.539307 3.131230 1.916760 -2.992861
1.356689 0.220459 -1.438477 2.637800 0.428637 -2.796818
1.346436 -0.085693 -1.002686 2.617863 -0.166613 -1.949513
1.334106 -0.684937 -0.678345 2.593892 -1.331716 -1.318900
0.547729 -2.068970 -0.504272 1.064946 -4.022680 -0.980453
0.118042 -2.200439 -0.292236 0.229508 -4.278296 -0.568193
0.382202 -1.986694 -0.411133 0.743112 -3.862713 -0.799362
0.448975 -1.497803 -0.894287 0.872938 -2.912165 -1.738755
0.208862 -0.685303 -1.269653 0.406089 -1.332428 -2.468576
0.291748 0.345825 -1.516602 0.567243 0.672385 -2.948716
0.237915 -0.578369 -1.568848 0.462576 -1.124518 -3.050297
0.027222 -1.274536 -1.442383 0.052927 -2.478070 -2.804413
-0.007568 -1.095337 -1.326660 -0.014715 -2.129654 -2.579414
0.057373 -1.187134 -1.324463 0.111550 -2.308134 -2.575142
0.043091 -0.895874 -1.117188 0.083781 -1.741840 -2.172138
-0.103760 -0.021606 -0.735840 -0.201739 -0.042009 -1.430687
-0.118652 -0.022339 -0.519897 -0.230695 -0.043433 -1.010832
-0.100708 -0.101929 -0.380371 -0.195806 -0.198179 -0.739552
-0.082764 -0.095093 -0.315674 -0.160917 -0.184888 -0.613762
-0.086304 -0.056396 -0.318359 -0.167800 -0.109651 -0.618983
-0.117310 0.046265 -0.287598 -0.228084 0.089952 -0.559174
-0.122192 0.235474 -0.103638 -0.237578 0.457829 -0.201502
-0.143433 0.317505 0.149536 -0.278875 0.617322 0.290742
-0.195190 0.323608 0.256592 -0.379507 0.629189 0.498889
-0.252319 0.450928 0.233276 -0.490582 0.876735 0.453557
-0.265747 0.499878 0.177368 -0.516690 0.971908 0.344855
-0.221802 0.262329 0.086060 -0.431247 0.510044 0.167325
-0.187012 0.202637 0.015869 -0.363605 0.393985 0.030854
-0.197144 0.315308 -0.089355 -0.383305 0.613050 -0.173733
-0.215698 0.262329 -0.158203 -0.419380 0.510044 -0.307593
-0.211304 0.223755 -0.094849 -0.410836 0.435045 -0.184413
-0.204224 0.173096 -0.027222 -0.397070 0.336549 -0.052927
-0.201294 0.183716 -0.072144 -0.391374 0.357197 -0.140268
-0.191528 0.158569 -0.126587 -0.372387 0.308305 -0.246122
-0.158813 0.102173 -0.103516 -0.308780 0.198654 -0.201265
-0.106934 0.053101 -0.055908 -0.207910 0.103243 -0.108702
-0.063110 0.018188 -0.044678 -0.122705 0.035364 -0.086867
-0.068604 0.082520 -0.098633 -0.133385 0.160442 -0.191771
-0.091675 0.132324 -0.138428 -0.178243 0.257277 -0.269144
-0.081055 0.093872 -0.117310 -0.157594 0.182515 -0.228084
-0.041748 0.019531 -0.080444 -0.081170 0.037974 -0.156407
-0.010864 -0.033813 -0.075562 -0.021123 -0.065743 -0.146914
-0.012939 -0.004150 -0.104614 -0.025158 -0.008070 -0.203401
-0.028564 0.047241 -0.119995 -0.055538 0.091851 -0.233305
-0.019775 0.038452 -0.081055 -0.038449 0.074762 -0.157594
-0.001709 -0.004517 -0.061279 -0.003323 -0.008782 -0.119145
0.002808 -0.007935 -0.086304 0.005459 -0.015427 -0.167800
-0.005249 0.004395 -0.106689 -0.010206 0.008544 -0.207435
-0.017456 0.034546 -0.100342 -0.033940 0.067167 -0.195094
-0.020386 0.038208 -0.088623 -0.039636 0.074288 -0.172309
-0.017090 0.022095 -0.109375 -0.033228 0.042959 -0.212657
-0.000977 -0.000610 -0.120361 -0.001899 -0.001187 -0.234018
0.016235 -0.026123 -0.107300 0.031566 -0.050791 -0.208622
0.012939 -0.023315 -0.105713 0.025158 -0.045332 -0.205537
-0.022339 0.020630 -0.117920 -0.043433 0.040111 -0.229271
-0.023071 0.031372 -0.112671 -0.044857 0.060996 -0.219065
-0.008057 0.002686 -0.107300 -0.015664 0.005221 -0.208622
-0.009399 0.009399 -0.119385 -0.018275 0.018275 -0.232119
-0.011353 0.011353 -0.124512 -0.022073 0.022073 -0.242087
-0.000854 0.013428 -0.113892 -0.001661 0.026107 -0.221438
-0.000366 0.014526 -0.106323 -0.000712 0.028243 -0.206723
-0.005249 0.014893 -0.106812 -0.010206 0.028956 -0.207673
-0.000977 0.015869 -0.101807 -0.001899 0.030854 -0.197942
-0.001221 0.001587 -0.109619 -0.002373 0.003085 -0.213132
-0.012207 0.009888 -0.114380 -0.023734 0.019225 -0.222388
-0.021851 0.024902 -0.110352 -0.042484 0.048417 -0.214556
-0.029907 0.029663 -0.105591 -0.058148 0.057674 -0.205299
-0.040161 0.032715 -0.113647 -0.078085 0.063607 -0.220964
-0.050415 0.049561 -0.110840 -0.098022 0.096360 -0.215505
-0.048096 0.046875 -0.081055 -0.093512 0.091139 -0.157594
