0.023438 0.590210 -0.326416 0.045569 1.147540 -0.634648
-0.037842 0.934204 -0.456055 -0.073575 1.816365 -0.886703
-0.025146 1.175415 -0.583618 -0.048892 2.285350 -1.134724
0.011597 1.258057 -0.631348 0.022547 2.446029 -1.227524
0.026611 1.333130 -0.681274 0.051740 2.591993 -1.324596
0.011841 2.236572 -0.759644 0.023022 4.348549 -1.476969
-0.050659 2.914795 -0.656128 -0.098496 5.667212 -1.275704
-0.110229 2.481567 -0.478516 -0.214318 4.824891 -0.930374
-0.180054 1.761108 -0.558105 -0.350077 3.424108 -1.085120
-0.107544 1.558838 -0.609619 -0.209097 3.030835 -1.185277
-0.029419 1.716064 -0.562744 -0.057199 3.336530 -1.094139
0.088257 1.905884 -0.327515 0.171597 3.705594 -0.636784
0.168213 1.298706 -0.042725 0.327055 2.525063 -0.083069
0.198730 0.318848 0.175171 0.386390 0.619933 0.340583
0.184204 -0.923950 0.304321 0.358146 -1.796429 0.591689
0.125610 -2.071045 0.304688 0.244223 -4.026715 0.592401
0.105347 -2.912231 0.176880 0.204825 -5.662227 0.343906
0.063110 -3.534912 -0.006226 0.122705 -6.872900 -0.012104
0.034912 -4.000000 -0.143188 0.067879 -7.777166 -0.278400
-0.074219 -4.000000 -0.130737 -0.144303 -7.777166 -0.254191
-0.041626 -4.000000 -0.101196 -0.080933 -7.777166 -0.196755
0.203369 -3.460449 -0.052368 0.395409 -6.728122 -0.101819
0.326660 -2.126709 0.032349 0.635123 -4.134943 0.062895
0.224854 -0.797485 0.019897 0.437181 -1.550544 0.038686
0.119507 -0.195068 0.061768 0.232356 -0.379270 0.120094
-0.006348 -0.377686 0.068726 -0.012342 -0.734331 0.133623
-0.031250 -0.316162 0.044678 -0.060759 -0.614711 0.086867
-0.132568 0.343018 0.090210 -0.257752 0.666926 0.175394
-0.316284 1.447266 0.048828 -0.614949 2.813906 0.094936
-0.311401 3.002319 -0.041504 -0.605455 5.837384 -0.080696
-0.377686 3.947632 -0.014771 -0.734331 7.675347 -0.028718
-0.249878 3.809692 0.124756 -0.485836 7.407153 0.242562
0.009155 2.650513 0.093872 0.017801 5.153369 0.182515
0.067261 1.390137 -0.179443 0.130774 2.702831 -0.348890
0.050781 1.083984 -0.291382 0.098734 2.107582 -0.566531
-0.040161 0.665527 -0.276611 -0.078085 1.293979 -0.537813
-0.001465 -0.133057 -0.217285 -0.002848 -0.258701 -0.422466
0.023926 -1.379028 -0.158936 0.046519 -2.681233 -0.309017
0.139771 -2.874634 -0.139404 0.271755 -5.589127 -0.271043
0.221191 -3.707764 -0.140015 0.430061 -7.208974 -0.272229
0.222412 -3.045166 -0.182739 0.432434 -5.920691 -0.355298
0.132935 -0.432983 -0.205566 0.258464 -0.841846 -0.399681
-0.108032 2.398315 -0.177368 -0.210046 4.663024 -0.344855
-0.345215 3.625488 -0.015869 -0.671198 7.049006 -0.030854
-0.412964 3.579834 0.150757 -0.802922 6.960241 0.293115
-0.140747 2.988159 0.077026 -0.273653 5.809853 0.149762
0.055420 1.983398 -0.142456 0.107752 3.856305 -0.276976
0.121826 1.127930 -0.390381 0.236866 2.193024 -0.759014
0.087646 0.658569 -0.600464 0.170410 1.280451 -1.167477
-0.000488 0.296997 -0.744507 -0.000949 0.577449 -1.447538
-0.013794 -0.722290 -0.705444 -0.026819 -1.404342 -1.371590
0.052246 -1.936646 -0.612549 0.101582 -3.765404 -1.190974
0.098267 -2.145142 -0.568481 0.191059 -4.170781 -1.105294
0.227905 -2.193115 -0.353516 0.443114 -4.264056 -0.687337
0.335449 -1.615601 -0.080811 0.652211 -3.141199 -0.157119
0.090332 0.746460 0.059204 0.175632 1.451336 0.115110
-0.235229 2.796021 0.271118 -0.457355 5.436279 0.527133
-0.348999 1.947998 0.542603 -0.678556 3.787476 1.054978
-0.139526 -1.630005 0.416138 -0.271280 -3.169205 0.809093
0.325317 -4.000000 -0.077881 0.632512 -7.777166 -0.151423
0.562866 -4.000000 -0.309570 1.094376 -7.777166 -0.601895
0.382446 -3.717896 -0.144775 0.743587 -7.228673 -0.281486
0.110962 1.246704 -0.319946 0.215742 2.423956 -0.622069
-0.252808 3.999878 -0.025879 -0.491532 7.776929 -0.050316
-0.514771 3.999878 0.435913 -1.000864 7.776929 0.847542
-0.256836 2.695313 0.650024 -0.499364 5.240473 1.263837
0.257080 -0.181030 0.111084 0.499839 -0.351976 0.215980
0.145874 -2.219727 -0.364746 0.283622 -4.315796 -0.709173
0.076050 -2.583374 -0.385376 0.147863 -5.022832 -0.749283
-0.180664 -1.355835 -0.378418 -0.351264 -2.636138 -0.735755
-0.215576 0.482544 -0.326050 -0.419143 0.938206 -0.633936
-0.270874 2.597534 -0.265991 -0.526658 5.050364 -0.517164
-0.212524 3.142700 -0.055542 -0.413209 6.110326 -0.107990
-0.004395 1.664063 0.181030 -0.008544 3.235423 0.351976
0.116455 -0.882690 0.034546 0.226423 -1.716208 0.067167
0.044067 -3.200806 -0.212036 0.085680 -6.223300 -0.412260
0.024658 -3.631226 -0.303223 0.047943 -7.060162 -0.589553
-0.061035 -0.673950 -0.386230 -0.118670 -1.310356 -0.750945
-0.212280 2.684814 -0.270752 -0.412735 5.220062 -0.526421
-0.324219 3.215820 0.164429 -0.630376 6.252492 0.319697
