-0.821655 1.218628 1.259277 -1.597537 2.369368 2.448402
-0.753662 0.746460 0.810547 -1.465339 1.451336 1.575940
0.118896 0.439697 0.021240 0.231169 0.854900 0.041297
0.142090 0.111816 -0.328491 0.276264 0.217404 -0.638683
0.112671 -0.325684 -0.113770 0.219065 -0.633224 -0.221201
0.354370 -0.067383 -0.073242 0.688999 -0.131012 -0.142404
0.174683 0.107422 0.014526 0.339634 0.208859 0.028243
-0.362061 0.071899 0.292480 -0.703951 0.139793 0.568667
-0.649902 0.216064 0.307617 -1.263600 0.420092 0.598098
-0.531494 0.350098 0.050659 -1.033380 0.680692 0.098496
-0.339355 0.140259 0.002563 -0.659806 0.272704 0.004984
-0.120483 0.120728 0.051270 -0.234255 0.234730 0.099683
-0.057739 0.232666 -0.052246 -0.112262 0.452371 -0.101582
-0.108765 0.074829 -0.150269 -0.211470 0.145490 -0.292166
-0.154541 -0.057983 -0.195313 -0.300473 -0.112737 -0.379744
-0.123779 -0.081421 -0.181152 -0.240663 -0.158306 -0.352213
-0.053955 -0.132324 -0.124878 -0.104904 -0.257277 -0.242799
-0.023071 -0.079102 -0.074097 -0.044857 -0.153797 -0.144066
-0.005249 -0.091064 -0.096802 -0.010206 -0.177056 -0.188211
0.023315 -0.069336 -0.125000 0.045332 -0.134809 -0.243036
0.070435 -0.010376 -0.102661 0.136945 -0.020174 -0.199603
0.067139 -0.063232 -0.077393 0.130537 -0.122942 -0.150474
0.033081 -0.057739 -0.086792 0.064319 -0.112262 -0.168749
0.008545 -0.027710 -0.091919 0.016614 -0.053876 -0.178717
-0.005493 0.013306 -0.074219 -0.010680 0.025870 -0.144303
-0.064697 -0.015747 -0.052124 -0.125790 -0.030617 -0.101344
-0.101440 -0.036377 -0.026001 -0.197230 -0.070727 -0.050553
-0.068359 0.025391 0.002808 -0.132911 0.049367 0.005459
-0.044922 0.094849 0.093262 -0.087341 0.184413 0.181328
-0.029419 0.079224 0.068237 -0.057199 0.154034 0.132673
-0.014404 0.118774 0.026978 -0.028006 0.230932 0.052452
-0.015137 0.092285 -0.041992 -0.029430 0.179429 -0.081645
-0.037598 -0.012695 -0.079224 -0.073101 -0.024683 -0.154034
-0.013550 -0.004883 -0.094116 -0.026345 -0.009494 -0.182989
0.010498 0.031128 -0.093506 0.020411 0.060522 -0.181803
0.003052 0.010864 -0.075684 0.005934 0.021123 -0.147151
-0.032471 0.009644 -0.055786 -0.063133 0.018750 -0.108465
-0.049316 -0.005127 -0.044556 -0.095885 -0.009968 -0.086629
-0.030640 0.016235 -0.057739 -0.059572 0.031566 -0.112262
-0.010864 0.033936 -0.059082 -0.021123 0.065981 -0.114873
-0.005493 0.046631 -0.059326 -0.010680 0.090664 -0.115347
-0.009277 0.051636 -0.061646 -0.018038 0.100395 -0.119857
-0.023560 0.015259 -0.076050 -0.045807 0.029668 -0.147863
-0.029297 0.003418 -0.094971 -0.056962 0.006646 -0.184651
-0.032959 0.035645 -0.102295 -0.064082 0.069303 -0.198891
-0.017700 0.058960 -0.094727 -0.034414 0.114635 -0.184176
-0.012451 0.067993 -0.081665 -0.024209 0.132199 -0.158781
-0.039795 0.024048 -0.079346 -0.077373 0.046756 -0.154271
-0.058716 -0.006470 -0.081543 -0.114161 -0.012579 -0.158543
-0.041870 -0.000732 -0.096069 -0.081408 -0.001424 -0.186787
-0.002197 0.034668 -0.114502 -0.004272 0.067405 -0.222625
0.025269 0.072510 -0.107422 0.049129 0.140980 -0.208859
0.030884 0.077515 -0.098389 0.060047 0.150711 -0.191296
-0.005371 0.055176 -0.105835 -0.010443 0.107278 -0.205774
-0.052246 0.017944 -0.102295 -0.101582 0.034889 -0.198891
-0.058472 0.031128 -0.074097 -0.113686 0.060522 -0.144066
-0.058594 0.054199 -0.046143 -0.113923 0.105379 -0.089715
-0.056763 0.035522 -0.037720 -0.110363 0.069066 -0.073338
-0.060059 0.028076 -0.044434 -0.116771 0.054588 -0.086392
-0.052612 0.022339 -0.075562 -0.102294 0.043433 -0.146914
-0.023193 0.037231 -0.113281 -0.045095 0.072389 -0.220252
-0.004517 0.041138 -0.118042 -0.008782 0.079984 -0.229508
-0.005371 0.049805 -0.125977 -0.010443 0.096835 -0.244935
-0.015381 0.052856 -0.136963 -0.029905 0.102768 -0.266296
-0.006592 0.031128 -0.129761 -0.012816 0.060522 -0.252293
0.016357 0.016724 -0.112427 0.031804 0.032516 -0.218590
0.026245 0.015503 -0.104736 0.051028 0.030142 -0.203638
0.019531 0.013306 -0.116577 0.037974 0.025870 -0.226660
0.000488 0.022827 -0.116211 0.000949 0.044383 -0.225948
-0.023682 -0.011475 -0.096802 -0.046044 -0.022310 -0.188211
-0.021851 -0.071655 -0.057251 -0.042484 -0.139319 -0.111313
-0.017090 -0.072388 -0.048706 -0.033228 -0.140743 -0.094699
0.015869 -0.113403 -0.054688 0.030854 -0.220489 -0.106328
0.042358 -0.114380 -0.024414 0.082357 -0.222388 -0.047468
0.039185 -0.018921 -0.022583 0.076186 -0.036788 -0.043908
0.012817 0.087036 -0.078857 0.024921 0.169224 -0.153322
-0.050415 0.043335 -0.144409 -0.098022 0.084256 -0.280774
-0.078857 -0.048218 -0.152100 -0.153322 -0.093749 -0.295726
-0.053833 0.023438 -0.130981 -0.104667 0.045569 -0.254666
-0.061890 0.041626 -0.125244 -0.120332 0.080933 -0.243511
