0.098145 -0.000122 -0.198730 0.190822 -0.000237 -0.386390
0.084717 0.104858 -0.163574 0.164714 0.203875 -0.318036
0.050293 0.051758 -0.080078 0.097784 0.100632 -0.155695
-0.090088 0.046143 -0.089478 -0.175157 0.089715 -0.173970
-0.185791 -0.079102 -0.058105 -0.361232 -0.153797 -0.112974
-0.185425 -0.304688 0.015503 -0.360520 -0.592401 0.030142
-0.076416 -0.854614 0.072144 -0.148575 -1.661619 0.140268
-0.291870 -2.455688 -0.053467 -0.567481 -4.774574 -0.103955
-0.446289 -2.729614 -0.178345 -0.867716 -5.307166 -0.346754
-0.355591 -1.703247 -0.002563 -0.691372 -3.311609 -0.004984
-0.086548 -0.726074 0.047119 -0.168274 -1.411700 0.091613
-0.007568 -0.082275 0.043945 -0.014715 -0.159967 0.085443
-0.079956 -0.074829 -0.108398 -0.155458 -0.145490 -0.210758
0.005493 -0.046875 -0.189087 0.010680 -0.091139 -0.367640
0.092163 -0.136475 -0.198364 0.179192 -0.265346 -0.385678
0.159546 -0.087280 -0.198486 0.310204 -0.169698 -0.385915
0.206055 -0.199951 -0.206421 0.400630 -0.388763 -0.401342
0.103027 -0.578491 -0.271118 0.200315 -1.124756 -0.527133
0.101807 -0.664917 -0.262939 0.197942 -1.292793 -0.511231
0.100464 -0.427002 -0.198242 0.195331 -0.830216 -0.385441
0.169434 -0.411743 -0.210938 0.329428 -0.800549 -0.410124
0.254272 -0.603027 -0.297852 0.494380 -1.172461 -0.579110
0.313599 -0.733154 -0.301636 0.609727 -1.425466 -0.586468
0.346191 -0.750244 -0.274414 0.673097 -1.458693 -0.533541
0.358887 -0.525635 -0.255859 0.697780 -1.021987 -0.497465
0.298462 -0.296509 -0.284302 0.580297 -0.576500 -0.552766
0.197754 -0.232910 -0.350708 0.384491 -0.452845 -0.681879
0.113770 -0.381836 -0.432495 0.221201 -0.742400 -0.840897
0.223511 -0.371704 -0.468384 0.434570 -0.722701 -0.910675
0.302124 -0.190308 -0.351196 0.587417 -0.370014 -0.682828
0.184082 0.104614 -0.192505 0.357909 0.203401 -0.374286
0.018433 0.312866 -0.134399 0.035838 0.608303 -0.261312
-0.052124 0.521851 -0.158203 -0.101344 1.014630 -0.307593
-0.049072 0.582642 -0.171997 -0.095411 1.132825 -0.334412
-0.026611 0.461426 -0.139526 -0.051740 0.897146 -0.271280
-0.011230 0.356201 -0.099854 -0.021835 0.692559 -0.194144
-0.019043 0.342651 -0.082764 -0.037025 0.666214 -0.160917
-0.003540 0.428589 -0.078491 -0.006883 0.833302 -0.152610
0.013550 0.498047 -0.050171 0.026345 0.968348 -0.097547
0.002197 0.502319 -0.018311 0.004272 0.976655 -0.035601
-0.060913 0.374634 -0.004517 -0.118433 0.728397 -0.008782
-0.104004 0.214111 -0.031250 -0.202214 0.416295 -0.060759
-0.079224 0.162842 -0.053223 -0.154034 0.316612 -0.103480
-0.022583 0.201050 -0.063354 -0.043908 0.390899 -0.123180
-0.008545 0.201782 -0.085083 -0.016614 0.392323 -0.165426
-0.009033 0.226074 -0.098755 -0.017563 0.439554 -0.192008
-0.013550 0.216919 -0.106079 -0.026345 0.421754 -0.206249
-0.027344 0.158936 -0.112061 -0.053164 0.309017 -0.217878
-0.021240 0.097046 -0.108765 -0.041297 0.188686 -0.211470
-0.007324 0.104858 -0.105835 -0.014240 0.203875 -0.205774
-0.009521 0.150269 -0.086914 -0.018513 0.292166 -0.168986
-0.032349 0.235596 -0.055664 -0.062895 0.458067 -0.108227
-0.093994 0.402100 0.000244 -0.182752 0.781799 0.000475
-0.176147 0.620239 0.063477 -0.342482 1.205926 0.123417
-0.203125 0.550537 0.051147 -0.394934 1.070405 0.099446
-0.133179 0.359131 -0.009644 -0.258938 0.698255 -0.018750
-0.069458 0.194458 -0.085571 -0.135047 0.378083 -0.166376
-0.037598 0.077393 -0.133057 -0.073101 0.150474 -0.258701
-0.030151 0.041870 -0.129272 -0.058623 0.081408 -0.251343
-0.038696 0.013672 -0.106689 -0.075237 0.026582 -0.207435
-0.035400 0.034546 -0.102539 -0.068829 0.067167 -0.199366
-0.036987 0.073730 -0.109741 -0.071914 0.143354 -0.213369
-0.021729 0.118408 -0.113037 -0.042247 0.230220 -0.219777
-0.037476 0.094238 -0.117798 -0.072863 0.183227 -0.229033
-0.039429 0.068359 -0.111572 -0.076661 0.132911 -0.216929
-0.023926 0.071289 -0.112793 -0.046519 0.138607 -0.219302
-0.036743 0.060425 -0.108276 -0.071439 0.117483 -0.210521
-0.034546 0.052124 -0.092041 -0.067167 0.101344 -0.178955
-0.026611 0.036133 -0.087158 -0.051740 0.070253 -0.169461
-0.020508 0.041626 -0.077271 -0.039873 0.080933 -0.150236
-0.028198 0.016357 -0.064575 -0.054826 0.031804 -0.125553
-0.025269 0.008301 -0.085938 -0.049129 0.016139 -0.167088
-0.006958 0.040649 -0.112183 -0.013528 0.079034 -0.218116
0.005127 0.036499 -0.130615 0.009968 0.070965 -0.253954
-0.002808 0.034546 -0.136841 -0.005459 0.067167 -0.266058
-0.004028 0.051758 -0.139526 -0.007832 0.100632 -0.271280
-0.007080 0.051147 -0.144409 -0.013766 0.099446 -0.280774
0.002197 0.052612 -0.144531 0.004272 0.102294 -0.281011
0.002563 0.053345 -0.135742 0.004984 0.103718 -0.263922
-0.000366 0.054321 -0.125977 -0.000712 0.105616 -0.244935
