-0.016479 0.169312 0.002563 -0.032041 0.329191 0.004984
0.250244 0.159180 -0.102661 0.486548 0.309492 -0.199603
0.363159 0.270752 -0.304199 0.706087 0.526421 -0.591452
0.320435 0.160767 -0.381958 0.623018 0.312577 -0.742638
0.207886 -0.095459 -0.342773 0.404191 -0.185600 -0.666452
0.132935 -0.340698 -0.226196 0.258464 -0.662417 -0.439792
0.096558 -0.185791 -0.377686 0.187736 -0.361232 -0.734331
0.041504 -0.090454 -0.372437 0.080696 -0.175869 -0.724125
-0.031616 -0.073120 -0.214844 -0.061471 -0.142167 -0.417719
-0.206299 -0.142700 -0.189331 -0.401105 -0.277451 -0.368115
-0.207520 -0.021606 -0.233765 -0.403478 -0.042009 -0.454507
-0.145020 0.018555 -0.163818 -0.281960 0.036076 -0.318511
-0.115356 -0.010986 -0.098999 -0.224287 -0.021361 -0.192483
-0.040894 0.022949 -0.100464 -0.079509 0.044620 -0.195331
-0.015869 0.031250 -0.127319 -0.030854 0.060759 -0.247546
-0.039673 0.023804 -0.135742 -0.077136 0.046281 -0.263922
-0.042969 0.034302 -0.129028 -0.083544 0.066693 -0.250869
-0.054565 0.019043 -0.127808 -0.106091 0.037025 -0.248495
-0.041504 0.011230 -0.107544 -0.080696 0.021835 -0.209097
-0.037476 -0.008545 -0.102539 -0.072863 -0.016614 -0.199366
-0.032959 0.019409 -0.112793 -0.064082 0.037737 -0.219302
-0.019287 0.022217 -0.109619 -0.037500 0.043196 -0.213132
0.008911 0.018799 -0.111694 0.017326 0.036550 -0.217166
0.025879 0.042725 -0.115723 0.050316 0.083069 -0.224999
0.016724 0.051025 -0.125488 0.032516 0.099208 -0.243986
-0.018188 0.013916 -0.141479 -0.035364 0.027057 -0.275077
-0.000366 0.041870 -0.148804 -0.000712 0.081408 -0.289318
0.025146 0.060791 -0.109741 0.048892 0.118195 -0.213369
0.015991 0.073242 -0.100830 0.031092 0.142404 -0.196043
0.022949 0.129883 -0.141602 0.044620 0.252530 -0.275315
0.023315 0.312134 -0.241577 0.045332 0.606879 -0.469696
-0.036499 0.306396 -0.333252 -0.070965 0.595724 -0.647939
-0.073608 0.231812 -0.349609 -0.143116 0.450709 -0.679743
-0.013062 0.312134 -0.337402 -0.025395 0.606879 -0.656009
0.017212 0.444824 -0.382690 0.033465 0.864868 -0.744062
-0.043335 0.501465 -0.461060 -0.084256 0.974994 -0.896434
-0.089600 0.600830 -0.480713 -0.174208 1.168189 -0.934646
-0.116943 0.816162 -0.505859 -0.227372 1.586857 -0.983538
-0.096680 1.204224 -0.607544 -0.187973 2.341362 -1.181243
-0.088379 1.395142 -0.743042 -0.171834 2.712562 -1.444690
-0.149902 1.046875 -0.822266 -0.291454 2.035430 -1.598724
-0.087280 0.838867 -0.744263 -0.169698 1.631002 -1.447064
-0.073975 0.618652 -0.686646 -0.143828 1.202841 -1.335039
-0.139282 0.292847 -0.658325 -0.270805 0.569379 -1.279976
-0.191895 -0.141479 -0.516846 -0.373099 -0.275077 -1.004899
-0.218872 -0.502197 -0.431641 -0.425551 -0.976418 -0.839235
-0.100586 -0.197876 -0.494263 -0.195568 -0.384729 -0.960991
0.005737 -0.404419 -0.261475 0.011155 -0.786308 -0.508383
-0.302490 -1.537109 0.155151 -0.588129 -2.988589 0.301659
-0.439819 -2.222412 0.126953 -0.855137 -4.321017 0.246834
-0.052368 -1.897095 -0.088379 -0.101819 -3.688505 -0.171834
0.210815 -1.671875 -0.249756 0.409887 -3.250612 -0.485598
0.125000 -2.380249 -0.104126 0.243036 -4.627898 -0.202451
-0.164307 -2.560303 0.022583 -0.319460 -4.977975 0.043908
-0.230713 -2.440552 -0.040161 -0.448573 -4.745144 -0.078085
-0.116089 -1.999390 -0.292725 -0.225711 -3.887397 -0.569142
-0.049561 -1.676514 -0.536865 -0.096360 -3.259631 -1.043823
-0.056030 -1.577271 -0.472778 -0.108939 -3.066674 -0.919219
0.082153 -1.685303 -0.134766 0.159730 -3.276720 -0.262024
0.069824 -1.147827 -0.046997 0.135759 -2.231711 -0.091376
0.081177 -1.072266 0.049072 0.157831 -2.084797 0.095411
0.072021 -0.917725 0.102417 0.140031 -1.784324 0.199128
0.158325 -1.078857 0.232056 0.307830 -2.097613 0.451184
0.223022 -1.514160 0.306396 0.433621 -2.943969 0.595724
0.120850 -1.159302 0.156860 0.234967 -2.254021 0.304982
-0.048340 -0.911133 0.096680 -0.093987 -1.771508 0.187973
0.087280 -1.299561 0.193359 0.169698 -2.526725 0.375947
0.309204 -0.564087 0.032227 0.601183 -1.096749 0.062658
0.221802 -0.062256 0.058350 0.431247 -0.121044 0.113449
0.085693 -0.048828 0.177002 0.166613 -0.094936 0.344143
0.267090 0.041138 0.182007 0.519301 0.079984 0.353874
0.510498 -0.164307 0.382690 0.992557 -0.319460 0.744062
0.551025 -0.273315 0.294800 1.071354 -0.531405 0.573177
0.772217 -0.229492 0.355835 1.501415 -0.446200 0.691847
0.969116 -0.464966 0.577026 1.884245 -0.904029 1.121907
0.750122 -0.867065 0.352661 1.458456 -1.685828 0.685676
0.500977 -1.000244 0.305542 0.974045 -1.944766 0.594063
0.427734 -0.924561 0.376465 0.831640 -1.797615 0.731957
0.281860 -0.700073 0.515869 0.548019 -1.361147 1.003000
0.176025 -0.494629 0.406494 0.342245 -0.961703 0.790343
