0.002563 0.052002 0.077026 0.004984 0.101107 0.149762
-0.055298 -0.163208 -0.030273 -0.107515 -0.317324 -0.058860
0.035400 -0.314697 -0.022583 0.068829 -0.611863 -0.043908
0.240356 -0.515625 0.035645 0.467323 -1.002525 0.069303
0.578369 -0.874878 0.097046 1.124518 -1.701018 0.188686
0.877319 -1.538574 0.217896 1.705765 -2.991437 0.423652
1.466431 -1.647583 0.024902 2.851169 -3.203382 0.048417
1.273193 -0.596680 -0.265381 2.475459 -1.160119 -0.515978
0.637817 0.376953 -0.522217 1.240103 0.732907 -1.015342
0.233276 0.528564 -0.854980 0.453557 1.027683 -1.662331
0.007568 -0.193970 -0.927979 0.014715 -0.377134 -1.804261
-0.266724 -2.201416 -0.740112 -0.518589 -4.280195 -1.438994
-0.222900 -2.824829 -0.744751 -0.433383 -5.492291 -1.448013
0.343262 -2.338013 -1.139893 0.667401 -4.545778 -2.216284
0.599243 -3.138550 -1.537598 1.165103 -6.102256 -2.989538
0.665161 -3.223755 -1.286743 1.293267 -6.267920 -2.501804
0.278320 -1.136719 -1.048218 0.541136 -2.210113 -2.038041
-0.704590 0.247925 -0.802368 -1.369928 0.482038 -1.560038
-1.347412 1.430664 -0.568481 -2.619762 2.781628 -1.105294
-2.033081 2.918457 -0.095215 -3.952903 5.674332 -0.185125
-2.401855 3.999878 0.795532 -4.669908 7.776929 1.546747
-1.675415 3.999878 1.340088 -3.257495 7.776929 2.605522
-1.006958 2.217529 0.074951 -1.957820 4.311523 0.145727
-0.057251 -0.836060 -0.907349 -0.111313 -1.625544 -1.764150
0.710449 -2.214233 -1.042358 1.381320 -4.305115 -2.026649
0.869385 -1.415405 -0.683105 1.690338 -2.751961 -1.328156
0.555786 0.027344 -0.132813 1.080610 0.053164 -0.258226
-0.070435 1.245483 0.653809 -0.136945 2.421583 1.271195
-0.920166 2.833252 1.194824 -1.789071 5.508668 2.323087
-1.653320 3.999878 1.057617 -3.214537 7.776929 2.056316
-1.719604 3.999878 0.329834 -3.343413 7.776929 0.641293
-1.034424 3.275146 -0.614746 -2.011222 6.367840 -1.195246
0.080933 -0.590820 -0.555176 0.157357 -1.148727 -1.079424
0.552124 -4.000000 -0.170410 1.073490 -7.777166 -0.331327
0.538940 -4.000000 -0.314575 1.047857 -7.777166 -0.611626
0.794434 -3.231812 -0.001343 1.544611 -6.283584 -0.002611
-0.360596 2.840820 0.027832 -0.701103 5.523383 0.054114
-1.106323 3.999878 -0.143799 -2.151015 7.776929 -0.279587
-1.195557 3.999878 0.001343 -2.324511 7.776929 0.002611
-0.968872 3.999878 0.622681 -1.883770 7.776929 1.210673
-0.233154 2.942261 0.065674 -0.453320 5.720613 0.127689
0.164917 0.808838 -0.632202 0.320647 1.572617 -1.229185
0.113647 -0.485718 -0.625732 0.220964 -0.944377 -1.216606
0.031616 -2.750366 -0.169800 0.061471 -5.347514 -0.330140
0.305298 -4.000000 0.215332 0.593588 -7.777166 0.418668
0.645996 -4.000000 0.162231 1.256005 -7.777166 0.315425
0.567627 -4.000000 -0.280396 1.103632 -7.777166 -0.545171
0.470337 -1.023071 -0.631958 0.914472 -1.989149 -1.228711
-0.058838 3.020508 -0.529297 -0.114398 5.872748 -1.029107
-0.721924 3.999878 -0.343506 -1.403630 7.776929 -0.667876
-1.186035 3.999878 0.168335 -2.305998 7.776929 0.327292
-0.850586 3.218872 0.460449 -1.653787 6.258426 0.895248
-0.285645 1.485718 -0.104248 -0.555376 2.888669 -0.202689
-0.428467 1.183350 -1.196167 -0.833064 2.300777 -2.325697
-0.452393 1.149414 -1.512451 -0.879583 2.234796 -2.940646
-0.532104 0.575195 -1.168213 -1.034566 1.118347 -2.271347
-0.598145 -0.474609 -0.788452 -1.162967 -0.922779 -1.532981
-0.129028 -0.041382 -0.829468 -0.250869 -0.080458 -1.612727
-0.011353 0.851685 -0.740845 -0.022073 1.655923 -1.440418
-0.046753 0.326050 -0.567261 -0.090901 0.633936 -1.102920
-0.001343 -1.249268 -0.249390 -0.002611 -2.428941 -0.484886
0.374634 -1.573853 -0.121460 0.728397 -3.060028 -0.236154
0.247559 -0.767334 0.090332 0.481326 -1.491921 0.175632
-0.042480 -0.922852 0.335205 -0.082594 -1.794293 0.651736
0.301636 -1.958252 0.474487 0.586468 -3.807413 0.922542
0.680298 -2.892212 0.588745 1.322697 -5.623303 1.144692
0.901611 -3.447998 0.517944 1.752995 -6.703914 1.007035
0.871216 -3.830566 0.115845 1.693898 -7.447738 0.225236
0.899048 -3.435059 -0.079346 1.748011 -6.678756 -0.154271
0.829834 -2.383179 -0.117676 1.613439 -4.633595 -0.228796
0.746338 -1.010254 0.017334 1.451098 -1.964228 0.033702
0.490479 0.251953 0.263794 0.953633 0.489870 0.512892
0.060913 1.064331 0.358276 0.118433 2.069370 0.696594
-0.390381 2.316406 0.216309 -0.759014 4.503769 0.420567
-0.603027 3.064819 0.230347 -1.172461 5.958902 0.447861
-0.377319 2.442383 0.227539 -0.733619 4.748704 0.442402
-0.121582 1.492065 -0.118652 -0.236391 2.901010 -0.230695
-0.046631 0.399048 -0.356689 -0.090664 0.775865 -0.693508
-0.023682 -0.737183 -0.409790 -0.046044 -1.433298 -0.796751
0.026978 -1.575073 -0.346558 0.052452 -3.062402 -0.673809
