0.177734 -0.084961 0.082642 0.345567 -0.165189 0.160679
0.206055 -0.186646 -0.187256 0.400630 -0.362893 -0.364080
0.010864 -0.310059 -0.187012 0.021123 -0.602844 -0.363605
-0.117554 -0.097656 -0.166260 -0.228559 -0.189872 -0.323257
-0.154541 -0.147705 -0.078979 -0.300473 -0.287182 -0.153559
-0.182617 -0.416748 -0.046143 -0.355061 -0.810280 -0.089715
-0.173096 -0.505371 -0.300537 -0.336549 -0.982589 -0.584332
-0.131470 -0.571655 -0.511230 -0.255615 -1.111465 -0.993981
-0.104736 -0.401245 -0.467407 -0.203638 -0.780138 -0.908776
-0.175415 -0.331421 -0.272583 -0.341058 -0.644379 -0.529981
-0.250488 -0.263550 -0.216919 -0.487022 -0.512418 -0.421754
-0.302246 -0.361450 -0.061157 -0.587655 -0.702765 -0.118907
-0.175659 -0.096924 -0.012817 -0.341533 -0.188448 -0.024921
-0.184814 -0.018066 0.066406 -0.359333 -0.035126 0.129113
-0.170532 0.027466 0.069580 -0.331564 0.053402 0.135284
0.039673 0.076660 -0.029297 0.077136 0.149050 -0.056962
0.099976 -0.426880 0.040894 0.194382 -0.829979 0.079509
-0.042847 -1.063599 0.109741 -0.083306 -2.067946 0.213369
0.084229 -1.430664 0.176758 0.163765 -2.781628 0.343669
0.157471 -1.169800 0.294922 0.306169 -2.274432 0.573414
0.081543 -0.595337 0.102539 0.158543 -1.157509 0.199366
0.106812 -0.528442 -0.041016 0.207673 -1.027446 -0.079746
0.218140 -0.359741 -0.186768 0.424127 -0.699442 -0.363131
0.184814 -0.357910 -0.134399 0.359333 -0.695882 -0.261312
0.049561 -0.658691 0.050171 0.096360 -1.280688 0.097547
-0.136841 -1.026733 -0.003784 -0.266058 -1.996269 -0.007358
-0.139038 -0.496094 -0.120361 -0.270331 -0.964551 -0.234018
0.180054 1.018799 -0.235962 0.350077 1.980842 -0.458779
0.259888 0.918945 -0.166138 0.505297 1.786698 -0.323020
0.100098 0.202148 -0.059204 0.194619 0.393036 -0.115110
0.198853 0.327515 -0.103638 0.386627 0.636784 -0.201502
0.167358 0.411255 -0.178345 0.325394 0.799599 -0.346754
0.005493 0.291870 -0.176270 0.010680 0.567481 -0.342719
-0.013184 0.291504 -0.197510 -0.025633 0.566769 -0.384017
-0.009766 0.294067 -0.194946 -0.018987 0.571753 -0.379032
-0.014771 0.647827 -0.241211 -0.028718 1.259565 -0.468984
0.065308 1.088501 -0.365234 0.126977 2.116363 -0.710122
0.113159 1.023926 -0.389648 0.220014 1.990810 -0.757590
0.080566 0.637207 -0.253906 0.156645 1.238916 -0.493668
0.085815 0.511841 -0.161743 0.166850 0.995168 -0.314476
0.184204 0.979248 -0.123413 0.358146 1.903944 -0.239951
0.210205 1.159058 -0.078491 0.408700 2.253546 -0.152610
0.124756 0.702271 -0.071655 0.242562 1.365419 -0.139319
0.018799 0.269775 -0.052002 0.036550 0.524522 -0.101107
0.005615 0.120483 -0.081787 0.010918 0.234255 -0.159018
-0.004517 0.042236 -0.119385 -0.008782 0.082120 -0.232119
-0.011719 -0.020996 -0.095825 -0.022785 -0.040823 -0.186312
-0.068115 -0.068481 -0.054688 -0.132436 -0.133148 -0.106328
-0.182739 0.012207 -0.051880 -0.355298 0.023734 -0.100870
-0.133667 0.284668 -0.087524 -0.259888 0.553478 -0.170173
-0.105835 0.432495 -0.119141 -0.205774 0.840897 -0.231644
-0.101074 0.663452 -0.140869 -0.196518 1.289944 -0.273891
0.069824 0.614746 -0.354492 0.135759 1.195246 -0.689236
0.293701 0.344727 -0.554199 0.571041 0.670249 -1.077525
0.147827 0.047974 -0.445557 0.287419 0.093275 -0.866292
0.038086 0.079346 -0.290649 0.074050 0.154271 -0.565107
-0.033203 0.526001 -0.230469 -0.064557 1.022699 -0.448098
-0.042114 0.948242 -0.210083 -0.081882 1.843659 -0.408463
0.082275 1.209106 -0.201294 0.159967 2.350856 -0.391374
0.125000 1.111084 -0.121948 0.243036 2.160271 -0.237103
0.189941 0.755249 -0.097900 0.369301 1.468424 -0.190347
0.221558 0.203003 -0.032715 0.430773 0.394697 -0.063607
0.281616 -0.289917 -0.015259 0.547544 -0.563683 -0.029668
0.278198 -0.484375 -0.087524 0.540899 -0.941766 -0.170173
0.200439 -0.592285 -0.165771 0.389713 -1.151575 -0.322308
0.143188 -0.488037 -0.274414 0.278400 -0.948886 -0.533541
0.110596 -0.114746 -0.335083 0.215030 -0.223100 -0.651499
0.088989 0.133301 -0.278564 0.173021 0.259176 -0.541611
0.021973 0.240845 -0.120605 0.042721 0.468272 -0.234492
-0.089844 0.171875 0.013306 -0.174682 0.334175 0.025870
-0.176758 -0.012451 0.081177 -0.343669 -0.024209 0.157831
-0.200073 -0.204102 0.014893 -0.389001 -0.396833 0.028956
-0.095459 -0.199951 -0.028320 -0.185600 -0.388763 -0.055063
-0.017822 -0.093384 -0.054443 -0.034652 -0.181565 -0.105854
-0.014893 -0.054932 -0.095337 -0.028956 -0.106803 -0.185363
-0.043457 -0.020508 -0.122314 -0.084493 -0.039873 -0.237815
-0.063721 0.025391 -0.104370 -0.123892 0.049367 -0.202926
-0.088257 0.044678 -0.077759 -0.171597 0.086867 -0.151186
-0.081177 0.059448 -0.074463 -0.157831 0.115585 -0.144778
-0.073853 0.050537 -0.093750 -0.143591 0.098259 -0.182277
