0.083496 0.617676 0.028809 0.162341 1.200942 0.056012
0.005127 0.487793 0.142212 0.009968 0.948412 0.276501
-0.141602 0.382446 0.075684 -0.275315 0.743587 0.147151
-0.137329 0.362061 -0.025635 -0.267008 0.703951 -0.049841
-0.033936 0.378174 -0.045654 -0.065981 0.735280 -0.088765
0.020996 0.177246 -0.049683 0.040823 0.344618 -0.096597
0.054565 0.251099 -0.134155 0.106091 0.488209 -0.260837
-0.033325 0.272705 -0.223633 -0.064794 0.530218 -0.434807
-0.034180 -0.133667 -0.185913 -0.066455 -0.259888 -0.361469
-0.046021 -0.250854 -0.162109 -0.089477 -0.487734 -0.315188
-0.068604 -0.227417 -0.144897 -0.133385 -0.442165 -0.281723
-0.042725 0.032227 -0.114990 -0.083069 0.062658 -0.223575
-0.004517 0.138550 -0.078369 -0.008782 0.269381 -0.152372
-0.006836 0.096680 -0.084595 -0.013291 0.187973 -0.164477
-0.032715 0.113770 -0.144409 -0.063607 0.221201 -0.280774
-0.052856 0.427002 -0.202759 -0.102768 0.830216 -0.394222
-0.053711 0.672241 -0.205078 -0.104430 1.307033 -0.398732
-0.046143 0.541748 -0.170410 -0.089715 1.053316 -0.331327
-0.027466 0.638428 -0.249146 -0.053402 1.241290 -0.484412
-0.001343 0.661011 -0.335327 -0.002611 1.285198 -0.651974
-0.010864 0.641846 -0.290039 -0.021123 1.247935 -0.563920
-0.014648 0.528198 -0.206055 -0.028481 1.026971 -0.400630
0.004517 0.485229 -0.205078 0.008782 0.943428 -0.398732
-0.009644 0.371338 -0.194214 -0.018750 0.721989 -0.377608
-0.006592 0.355347 -0.155762 -0.012816 0.690898 -0.302846
-0.020020 0.349731 -0.099731 -0.038924 0.679980 -0.193907
-0.025757 0.312256 -0.046875 -0.050079 0.607116 -0.091139
-0.012939 0.236572 -0.028687 -0.025158 0.459965 -0.055775
0.013794 0.121948 -0.052246 0.026819 0.237103 -0.101582
0.017944 0.024292 -0.120728 0.034889 0.047231 -0.234730
0.006104 0.061401 -0.138306 0.011867 0.119382 -0.268907
0.012329 0.255005 -0.081909 0.023971 0.495804 -0.159255
-0.006470 0.321167 -0.039795 -0.012579 0.624442 -0.077373
-0.022339 0.216797 -0.065063 -0.043433 0.421516 -0.126502
-0.015015 0.191284 -0.135864 -0.029193 0.371912 -0.264160
-0.004639 0.316040 -0.107910 -0.009019 0.614474 -0.209809
-0.026123 0.361084 -0.083252 -0.050791 0.702053 -0.161866
-0.002319 0.317261 -0.085938 -0.004509 0.616847 -0.167088
0.030762 0.167969 -0.143799 0.059810 0.326580 -0.279587
0.061768 0.354370 -0.167480 0.120094 0.688999 -0.325631
-0.013916 0.457642 -0.075928 -0.027057 0.889789 -0.147626
-0.042603 0.260254 -0.057495 -0.082832 0.506009 -0.111787
-0.008545 -0.048584 -0.131592 -0.016614 -0.094461 -0.255853
0.011719 -0.463135 -0.234253 0.022785 -0.900469 -0.455456
0.081665 -0.650024 -0.341797 0.158781 -1.263837 -0.664553
0.131714 -0.337036 -0.310181 0.256090 -0.655297 -0.603082
0.071289 -0.441772 -0.195435 0.138607 -0.858934 -0.379982
0.063965 -1.006470 -0.275146 0.124366 -1.956871 -0.534965
0.132202 -1.432983 -0.398560 0.257040 -2.786138 -0.774916
0.156860 -1.303711 -0.358765 0.304982 -2.534794 -0.697543
0.086914 -1.184937 -0.302979 0.168986 -2.303862 -0.589079
0.100464 -1.091797 -0.241699 0.195331 -2.122772 -0.469934
0.100586 -0.773682 -0.140869 0.195568 -1.504263 -0.273891
0.046265 -0.363892 -0.049561 0.089952 -0.707511 -0.096360
0.031860 -0.229492 -0.027710 0.061946 -0.446200 -0.053876
0.054199 -0.378784 -0.066650 0.105379 -0.736467 -0.129588
0.063477 -0.599487 -0.152466 0.123417 -1.165578 -0.296438
0.056641 -0.514893 -0.227539 0.110126 -1.001101 -0.442402
0.019897 -0.124390 -0.173950 0.038686 -0.241850 -0.338210
-0.006836 0.079102 -0.063232 -0.013291 0.153797 -0.122942
-0.027466 -0.040161 -0.060303 -0.053402 -0.078085 -0.117246
-0.015625 -0.214722 -0.120483 -0.030380 -0.417482 -0.234255
-0.000977 -0.143188 -0.170898 -0.001899 -0.278400 -0.332276
-0.023193 -0.046631 -0.158691 -0.045095 -0.090664 -0.308542
-0.019531 -0.118286 -0.148682 -0.037974 -0.229983 -0.289080
0.006470 -0.294556 -0.169800 0.012579 -0.572702 -0.330140
0.017090 -0.403198 -0.213501 0.033228 -0.783935 -0.415108
-0.016724 -0.310425 -0.224365 -0.032516 -0.603556 -0.436231
-0.024048 -0.203735 -0.163940 -0.046756 -0.396121 -0.318748
-0.001831 -0.204956 -0.106445 -0.003560 -0.398494 -0.206961
0.019653 -0.234375 -0.106079 0.038212 -0.455693 -0.206249
0.021729 -0.291260 -0.136475 0.042247 -0.566294 -0.265346
0.007690 -0.342773 -0.168945 0.014952 -0.666452 -0.328479
0.009644 -0.368530 -0.174194 0.018750 -0.716530 -0.338685
0.011353 -0.286499 -0.180542 0.022073 -0.557038 -0.351026
-0.018677 -0.147217 -0.182251 -0.036313 -0.286232 -0.354349
-0.009888 -0.062744 -0.142334 -0.019225 -0.121993 -0.276739
0.003906 -0.007813 -0.093872 0.007595 -0.015190 -0.182515
-0.000122 0.049927 -0.084717 -0.000237 0.097072 -0.164714
-0.005005 0.122192 -0.103516 -0.009731 0.237578 -0.201265
