-0.314697 0.194824 0.379517 -0.611863 0.378795 0.737891
-0.335693 0.042480 0.203857 -0.652686 0.082594 0.396358
-0.987183 0.113281 0.132446 -1.919371 0.220252 0.257514
-0.962158 0.361572 0.386230 -1.870716 0.703002 0.750945
-0.590942 0.494263 0.571167 -1.148964 0.960991 1.110515
-0.469238 -0.431519 0.382080 -0.912336 -0.838998 0.742875
-0.093262 -1.548706 0.099243 -0.181328 -3.011136 0.192958
0.755371 -1.199341 0.302734 1.468662 -2.331868 0.588604
-0.345703 -0.508911 0.913940 -0.672148 -0.989472 1.776967
-1.011230 -0.165527 0.643921 -1.966127 -0.321833 1.251970
-0.048096 1.116821 -0.722168 -0.093512 2.171426 -1.404105
0.801270 2.171875 -0.971558 1.557902 4.222758 -1.888991
0.869873 3.480347 -0.808594 1.691287 6.766809 -1.572142
0.394531 2.646973 -0.708496 0.767084 5.146487 -1.377523
-0.276001 0.793335 -0.584229 -0.536626 1.542475 -1.135911
-0.460938 1.024536 -0.570313 -0.896197 1.991997 -1.108854
0.101807 0.395874 -0.420654 0.197942 0.769695 -0.817875
0.146606 -0.440674 0.112305 0.285046 -0.856798 0.218353
-0.106323 -0.798218 0.211548 -0.206723 -1.551968 0.411311
-0.221680 -0.569092 0.090088 -0.431010 -1.106480 0.175157
0.156250 -0.109131 0.161865 0.303796 -0.212182 0.314713
0.427856 -0.324341 0.320313 0.831878 -0.630613 0.622781
0.521484 -0.125610 0.580078 1.013918 -0.244223 1.127841
0.722534 0.261841 0.913330 1.404817 0.509095 1.775780
0.650635 -0.310547 0.923096 1.265024 -0.603794 1.794767
0.408691 -0.863281 0.699829 0.794615 -1.678470 1.360672
0.183105 -1.345703 0.267944 0.356010 -2.616439 0.520962
-0.357544 -2.057007 0.044800 -0.695170 -3.999421 0.087104
-1.093140 -2.525513 -0.089966 -2.125382 -4.910333 -0.174920
-1.688232 -2.296143 0.106323 -3.282416 -4.464371 0.206723
-0.807129 -1.769897 -0.298462 -1.569294 -3.441197 -0.580297
-0.120483 -2.151855 -0.498169 -0.234255 -4.183835 -0.968586
0.074829 -2.556763 -0.304565 0.145490 -4.971092 -0.592164
-0.012207 -2.573608 0.027710 -0.023734 -5.003845 0.053876
-0.000244 -2.933960 0.098022 -0.000475 -5.704474 0.190584
0.119263 -2.363281 0.071899 0.231881 -4.594908 0.139793
0.025513 -1.038574 0.007202 0.049604 -2.019291 0.014003
-0.022827 -0.062500 -0.220337 -0.044383 -0.121518 -0.428399
-0.067383 0.261597 -0.276855 -0.131012 0.508620 -0.538288
-0.197510 0.288086 -0.216919 -0.384017 0.560123 -0.421754
-0.251709 0.275513 -0.154175 -0.489396 0.535677 -0.299761
-0.197754 0.327637 -0.131470 -0.384491 0.637021 -0.255615
-0.114746 0.306396 -0.150879 -0.223100 0.595724 -0.293353
-0.075928 0.209717 -0.142944 -0.147626 0.407751 -0.277925
-0.049072 0.021729 -0.118530 -0.095411 0.042247 -0.230457
-0.034424 -0.113281 -0.107056 -0.066930 -0.220252 -0.208147
-0.010254 -0.141724 -0.104126 -0.019937 -0.275552 -0.202451
-0.002319 -0.082764 -0.122681 -0.004509 -0.160917 -0.238527
-0.020996 -0.021851 -0.138428 -0.040823 -0.042484 -0.269144
-0.023560 -0.002808 -0.119141 -0.045807 -0.005459 -0.231644
-0.023560 -0.000732 -0.109131 -0.045807 -0.001424 -0.212182
-0.022217 0.009277 -0.112549 -0.043196 0.018038 -0.218828
-0.013184 -0.061646 -0.119141 -0.025633 -0.119857 -0.231644
-0.052490 -0.127441 -0.107544 -0.102056 -0.247783 -0.209097
-0.049194 -0.083496 -0.101196 -0.095648 -0.162341 -0.196755
-0.021362 -0.046875 -0.111694 -0.041535 -0.091139 -0.217166
-0.014771 -0.032471 -0.111694 -0.028718 -0.063133 -0.217166
-0.017334 -0.014771 -0.110840 -0.033702 -0.028718 -0.215505
-0.020386 -0.043457 -0.110474 -0.039636 -0.084493 -0.214793
-0.031738 -0.032959 -0.112183 -0.061708 -0.064082 -0.218116
-0.025513 0.011963 -0.123413 -0.049604 0.023259 -0.239951
-0.010254 0.004272 -0.123535 -0.019937 0.008307 -0.240188
-0.003174 -0.026001 -0.109009 -0.006171 -0.050553 -0.211945
-0.005737 -0.026855 -0.108521 -0.011155 -0.052215 -0.210996
-0.008789 -0.014648 -0.113037 -0.017089 -0.028481 -0.219777
-0.011475 0.005859 -0.121460 -0.022310 0.011392 -0.236154
-0.023926 0.039551 -0.137085 -0.046519 0.076898 -0.266533
-0.021729 0.022949 -0.131714 -0.042247 0.044620 -0.256090
-0.015869 -0.001221 -0.118286 -0.030854 -0.002373 -0.229983
-0.012817 -0.005127 -0.119629 -0.024921 -0.009968 -0.232593
-0.013794 -0.003662 -0.121826 -0.026819 -0.007120 -0.236866
-0.014648 -0.008301 -0.119995 -0.028481 -0.016139 -0.233305
-0.020874 -0.006470 -0.123413 -0.040585 -0.012579 -0.239951
-0.020630 0.005493 -0.124512 -0.040111 0.010680 -0.242087
-0.018677 0.009155 -0.129150 -0.036313 0.017801 -0.251106
-0.017700 0.012207 -0.129028 -0.034414 0.023734 -0.250869
-0.017334 0.019409 -0.132935 -0.033702 0.037737 -0.258464
-0.020264 0.021240 -0.134033 -0.039398 0.041297 -0.260600
-0.015747 0.015137 -0.126953 -0.030617 0.029430 -0.246834
-0.012695 0.011353 -0.125488 -0.024683 0.022073 -0.243986
