0.391968 0.123047 -0.188477 0.762100 0.239239 -0.366453
0.434937 0.189331 -0.353149 0.845643 0.368115 -0.686625
0.319214 0.229248 -0.245117 0.620645 0.445725 -0.476579
0.128418 0.147217 -0.175781 0.249682 0.286232 -0.341770
-0.103882 0.009521 -0.132935 -0.201977 0.018513 -0.258464
-0.135498 -0.076782 -0.002563 -0.263448 -0.149287 -0.004984
-0.019287 -0.001343 -0.148926 -0.037500 -0.002611 -0.289555
-0.121460 -0.040161 -0.068970 -0.236154 -0.078085 -0.134097
-0.168823 -0.023682 -0.138428 -0.328242 -0.046044 -0.269144
-0.299683 -0.264404 -0.126465 -0.582670 -0.514079 -0.245885
-0.221069 -0.097778 -0.137817 -0.429823 -0.190110 -0.267957
-0.221069 -0.061401 -0.122314 -0.429823 -0.119382 -0.237815
-0.166138 -0.095459 -0.114746 -0.323020 -0.185600 -0.223100
-0.007568 -0.006714 -0.167480 -0.014715 -0.013054 -0.325631
0.036255 0.020996 -0.191162 0.070490 0.040823 -0.371675
-0.016846 0.014771 -0.155640 -0.032753 0.028718 -0.302609
-0.092407 -0.022583 -0.114380 -0.179667 -0.043908 -0.222388
-0.113525 -0.004883 -0.131226 -0.220726 -0.009494 -0.255141
-0.093994 0.012573 -0.156372 -0.182752 0.024446 -0.304033
-0.076904 0.026245 -0.169800 -0.149524 0.051028 -0.330140
-0.072021 0.044800 -0.161133 -0.140031 0.087104 -0.313289
-0.067261 0.021240 -0.141235 -0.130774 0.041297 -0.274603
-0.041870 0.039673 -0.153198 -0.081408 0.077136 -0.297862
-0.013916 0.067383 -0.160889 -0.027057 0.131012 -0.312815
-0.024170 0.059326 -0.166992 -0.046993 0.115347 -0.324682
-0.035400 0.062500 -0.173706 -0.068829 0.121518 -0.337735
-0.008789 0.071167 -0.158203 -0.017089 0.138369 -0.307593
0.003540 0.087402 -0.140625 0.006883 0.169936 -0.273416
-0.012695 0.087891 -0.157715 -0.024683 0.170885 -0.306644
-0.035034 0.078735 -0.191284 -0.068117 0.153084 -0.371912
-0.027954 0.071045 -0.188599 -0.054351 0.138132 -0.366691
-0.028442 0.075073 -0.191406 -0.055300 0.145964 -0.372150
-0.024536 0.085327 -0.194946 -0.047705 0.165901 -0.379032
-0.020630 0.083130 -0.172485 -0.040111 0.161629 -0.335362
-0.035034 0.057495 -0.157715 -0.068117 0.111787 -0.306644
-0.032837 0.055908 -0.156128 -0.063845 0.108702 -0.303558
-0.039795 0.061890 -0.170288 -0.077373 0.120332 -0.331090
-0.051514 0.056641 -0.172607 -0.100158 0.110126 -0.335599
-0.044434 0.068359 -0.175659 -0.086392 0.132911 -0.341533
-0.050537 0.063477 -0.184570 -0.098259 0.123417 -0.358858
-0.070801 0.004761 -0.150146 -0.137657 0.009256 -0.291929
-0.042603 -0.001709 -0.088745 -0.082832 -0.003323 -0.172546
-0.029053 -0.025269 -0.047974 -0.056487 -0.049129 -0.093275
-0.040527 -0.049805 -0.021484 -0.078797 -0.096835 -0.041772
-0.046509 -0.062988 -0.033203 -0.090427 -0.122468 -0.064557
-0.050903 -0.061279 -0.052979 -0.098971 -0.119145 -0.103006
-0.031494 -0.032227 -0.081421 -0.061234 -0.062658 -0.158306
-0.005981 0.013184 -0.126099 -0.011630 0.025633 -0.245173
-0.012817 0.042236 -0.169067 -0.024921 0.082120 -0.328716
-0.048584 0.047974 -0.199097 -0.094461 0.093275 -0.387102
-0.063965 0.053711 -0.205078 -0.124366 0.104430 -0.398732
-0.055176 0.053345 -0.191406 -0.107278 0.103718 -0.372150
-0.047974 0.027710 -0.154907 -0.093275 0.053876 -0.301185
-0.044312 0.015015 -0.112671 -0.086155 0.029193 -0.219065
-0.045166 -0.007324 -0.084717 -0.087816 -0.014240 -0.164714
-0.040039 -0.012451 -0.065796 -0.077848 -0.024209 -0.127926
-0.035645 -0.014526 -0.058594 -0.069303 -0.028243 -0.113923
-0.036621 -0.014038 -0.077271 -0.071202 -0.027294 -0.150236
-0.041748 0.000000 -0.114868 -0.081170 0.000000 -0.223337
-0.044189 0.013550 -0.144043 -0.085917 0.026345 -0.280062
-0.038086 0.027588 -0.168091 -0.074050 0.053639 -0.326818
-0.017334 0.039917 -0.177246 -0.033702 0.077610 -0.344618
-0.004395 0.042847 -0.185547 -0.008544 0.083306 -0.360757
-0.008423 0.035645 -0.171753 -0.016376 0.069303 -0.333938
-0.009766 0.016602 -0.154053 -0.018987 0.032278 -0.299523
-0.015503 0.017212 -0.136353 -0.030142 0.033465 -0.265109
-0.038452 0.002563 -0.122681 -0.074762 0.004984 -0.238527
-0.037964 0.000977 -0.115112 -0.073813 0.001899 -0.223812
-0.019531 0.013916 -0.109497 -0.037974 0.027057 -0.212894
-0.011230 0.020508 -0.107300 -0.021835 0.039873 -0.208622
-0.017578 0.026001 -0.111328 -0.034177 0.050553 -0.216454
-0.030762 0.024536 -0.121460 -0.059810 0.047705 -0.236154
-0.031616 0.026001 -0.143433 -0.061471 0.050553 -0.278875
-0.027954 0.042480 -0.161987 -0.054351 0.082594 -0.314951
-0.049438 0.031982 -0.157715 -0.096123 0.062183 -0.306644
-0.052979 0.036499 -0.147583 -0.103006 0.070965 -0.286944
-0.045166 0.034546 -0.135986 -0.087816 0.067167 -0.264397
-0.022583 0.033203 -0.123657 -0.043908 0.064557 -0.240426
-0.001587 0.031616 -0.104492 -0.003085 0.061471 -0.203163
-0.002686 0.014282 -0.109863 -0.005221 0.027769 -0.213606
