-0.264893 0.078613 -0.100220 -0.515028 0.152847 -0.194856
-0.230347 -0.170166 0.021240 -0.447861 -0.330852 0.041297
-0.158813 -0.509888 0.029297 -0.308780 -0.991370 0.056962
-0.201172 -0.071411 -0.067871 -0.391137 -0.138844 -0.131961
-0.125488 0.098511 -0.168091 -0.243986 0.191534 -0.326818
-0.080078 0.035034 -0.291748 -0.155695 0.068117 -0.567243
-0.147461 0.112915 -0.453125 -0.286707 0.219540 -0.881007
0.135254 -0.457520 -0.251343 0.262973 -0.889551 -0.488684
-0.054199 -1.234863 -0.144043 -0.105379 -2.400934 -0.280062
-0.117798 -1.355469 -0.168823 -0.229033 -2.635427 -0.328242
-0.009277 -0.492920 -0.274780 -0.018038 -0.958380 -0.534253
-0.177368 0.213135 -0.407959 -0.344855 0.414396 -0.793191
-0.185913 0.067139 -0.516479 -0.361469 0.130537 -1.004187
-0.047119 0.055908 -0.370605 -0.091613 0.108702 -0.720565
0.057739 0.083496 -0.167725 0.112262 0.162341 -0.326106
0.032837 0.094971 -0.093872 0.063845 0.184651 -0.182515
-0.009766 0.073364 -0.105347 -0.018987 0.142642 -0.204825
-0.011841 -0.049316 -0.123047 -0.023022 -0.095885 -0.239239
-0.048706 -0.060059 -0.137695 -0.094699 -0.116771 -0.267720
-0.045410 -0.060425 -0.130859 -0.088291 -0.117483 -0.254429
-0.019897 -0.050293 -0.097656 -0.038686 -0.097784 -0.189872
0.012329 0.010010 -0.094116 0.023971 0.019462 -0.182989
0.035767 0.002441 -0.106323 0.069541 0.004747 -0.206723
0.023560 0.028076 -0.114868 0.045807 0.054588 -0.223337
0.010986 0.006836 -0.127319 0.021361 0.013291 -0.247546
0.019653 -0.004639 -0.133545 0.038212 -0.009019 -0.259650
-0.007690 0.075684 -0.167480 -0.014952 0.147151 -0.325631
-0.020630 0.031250 -0.163574 -0.040111 0.060759 -0.318036
-0.027344 0.086792 -0.175903 -0.053164 0.168749 -0.342007
-0.019043 0.192505 -0.216675 -0.037025 0.374286 -0.421279
0.000977 0.189087 -0.254761 0.001899 0.367640 -0.495329
-0.039429 0.126831 -0.222046 -0.076661 0.246597 -0.431722
-0.128052 0.187012 -0.214478 -0.248970 0.363605 -0.417007
-0.246460 0.200684 -0.261597 -0.479190 0.390187 -0.508620
-0.287476 0.201050 -0.254639 -0.558936 0.390899 -0.495092
-0.231201 0.267456 -0.160645 -0.449522 0.520013 -0.312340
-0.173584 0.270142 -0.084106 -0.337498 0.525234 -0.163527
-0.159424 0.191284 -0.079102 -0.309966 0.371912 -0.153797
-0.211060 0.072876 -0.148315 -0.410361 0.141692 -0.288368
-0.239746 0.052734 -0.184937 -0.466136 0.102531 -0.359571
-0.228516 0.109619 -0.187622 -0.444301 0.213132 -0.364792
-0.208740 0.145508 -0.182739 -0.405852 0.282910 -0.355298
-0.230591 0.137207 -0.183228 -0.448336 0.266770 -0.356248
-0.297974 0.170654 -0.168213 -0.579348 0.331802 -0.327055
-0.337891 0.123779 -0.197510 -0.656958 0.240663 -0.384017
-0.325806 0.011841 -0.224365 -0.633461 0.023022 -0.436231
-0.216309 0.003174 -0.220581 -0.420567 0.006171 -0.428874
-0.099243 0.046875 -0.202148 -0.192958 0.091139 -0.393036
-0.032715 0.029907 -0.172852 -0.063607 0.058148 -0.336074
-0.028564 0.032104 -0.133423 -0.055538 0.062420 -0.259413
-0.030762 0.005737 -0.113037 -0.059810 0.011155 -0.219777
-0.024170 -0.006714 -0.122314 -0.046993 -0.013054 -0.237815
-0.010864 0.026855 -0.140747 -0.021123 0.052215 -0.273653
-0.032349 0.012085 -0.145752 -0.062895 0.023497 -0.283384
-0.046387 0.010254 -0.143921 -0.090189 0.019937 -0.279824
-0.047119 -0.016479 -0.154785 -0.091613 -0.032041 -0.300947
-0.036377 -0.019897 -0.153564 -0.070727 -0.038686 -0.298574
-0.015503 -0.020142 -0.137817 -0.030142 -0.039161 -0.267957
-0.002930 -0.002563 -0.128052 -0.005696 -0.004984 -0.248970
0.010132 -0.004272 -0.131836 0.019699 -0.008307 -0.256328
0.011597 0.003418 -0.117065 0.022547 0.006646 -0.227609
0.009766 -0.008545 -0.118774 0.018987 -0.016614 -0.230932
0.001221 -0.010498 -0.135254 0.002373 -0.020411 -0.262973
0.010864 -0.013916 -0.145142 0.021123 -0.027057 -0.282198
0.023193 0.002930 -0.133301 0.045095 0.005696 -0.259176
0.009033 0.008179 -0.130005 0.017563 0.015902 -0.252767
-0.005493 0.029541 -0.128540 -0.010680 0.057436 -0.249919
-0.029297 0.036133 -0.131104 -0.056962 0.070253 -0.254903
-0.040894 0.057007 -0.150391 -0.079509 0.110838 -0.292403
-0.032593 0.043091 -0.147217 -0.063370 0.083781 -0.286232
-0.028442 0.050903 -0.137085 -0.055300 0.098971 -0.266533
-0.035522 0.060913 -0.139648 -0.069066 0.118433 -0.271517
-0.026001 0.069092 -0.139160 -0.050553 0.134335 -0.270568
-0.018555 0.037354 -0.126953 -0.036076 0.072626 -0.246834
-0.016479 0.027832 -0.120483 -0.032041 0.054114 -0.234255
-0.018921 0.016602 -0.116821 -0.036788 0.032278 -0.227135
-0.034424 -0.012817 -0.117310 -0.066930 -0.024921 -0.228084
-0.038574 -0.021851 -0.127075 -0.075000 -0.042484 -0.247071
-0.042114 -0.021484 -0.141235 -0.081882 -0.041772 -0.274603
-0.036011 -0.036499 -0.146240 -0.070015 -0.070965 -0.284334
