-0.137817 -0.129517 -0.281250 -0.267957 -0.251818 -0.546832
-0.188843 0.082764 -0.293701 -0.367165 0.160917 -0.571041
-0.038330 0.402710 -0.254272 -0.074525 0.782986 -0.494380
0.152954 0.711060 -0.145630 0.297387 1.382507 -0.283147
0.245361 1.094727 -0.065796 0.477054 2.128468 -0.127926
0.394775 1.702271 -0.164795 0.767558 3.309710 -0.320409
0.287720 1.890869 -0.268799 0.559411 3.676401 -0.522623
-0.190796 1.879395 -0.410156 -0.370963 3.654091 -0.797463
-0.317993 1.674438 -0.562256 -0.618271 3.255597 -1.093189
-0.124878 1.444458 -0.558716 -0.242799 2.808448 -1.086306
-0.121338 0.957886 -0.539307 -0.235916 1.862409 -1.048569
-0.181152 0.347778 -0.704590 -0.352213 0.676182 -1.369928
-0.120483 0.208618 -0.738525 -0.234255 0.405615 -1.435909
-0.085449 -0.020020 -0.611694 -0.166138 -0.038924 -1.189312
-0.154419 -0.420288 -0.427490 -0.300235 -0.817163 -0.831166
-0.417725 -0.753784 -0.250122 -0.812178 -1.465576 -0.486310
-0.436523 -0.332153 -0.437134 -0.848729 -0.645803 -0.849916
-0.263794 0.104492 -0.523560 -0.512892 0.203163 -1.017952
-0.072998 0.032471 -0.375488 -0.141929 0.063133 -0.730059
0.054932 -0.184204 -0.246338 0.106803 -0.358146 -0.478953
0.135986 -0.188843 -0.175781 0.264397 -0.367165 -0.341770
0.213745 -0.097778 -0.196411 0.415583 -0.190110 -0.381881
0.218872 -0.020874 -0.219116 0.425551 -0.040585 -0.426026
0.142090 0.072144 -0.281128 0.276264 0.140268 -0.546595
0.018555 0.117676 -0.293457 0.036076 0.228796 -0.570566
-0.080811 0.145874 -0.303101 -0.157119 0.283622 -0.589316
-0.050049 0.300659 -0.259521 -0.097310 0.584569 -0.504585
-0.048462 0.375000 -0.201782 -0.094224 0.729109 -0.392323
-0.032959 0.220825 -0.139282 -0.064082 0.429349 -0.270805
0.007690 -0.006470 -0.062012 0.014952 -0.012579 -0.120569
0.027344 -0.109741 -0.053223 0.053164 -0.213369 -0.103480
0.076416 0.022583 -0.124756 0.148575 0.043908 -0.242562
0.066650 0.154175 -0.191284 0.129588 0.299761 -0.371912
0.029907 0.140747 -0.213745 0.058148 0.273653 -0.415583
0.006348 0.098755 -0.201904 0.012342 0.192008 -0.392561
-0.029907 0.012085 -0.147705 -0.058148 0.023497 -0.287182
-0.055420 -0.002808 -0.111816 -0.107752 -0.005459 -0.217404
-0.040283 0.080933 -0.107666 -0.078322 0.157357 -0.209334
0.023438 0.149048 -0.115234 0.045569 0.289792 -0.224049
0.076416 0.115356 -0.101929 0.148575 0.224287 -0.198179
0.098999 0.081787 -0.112915 0.192483 0.159018 -0.219540
0.101318 0.061401 -0.128174 0.196992 0.119382 -0.249207
0.096313 0.062988 -0.129883 0.187261 0.122468 -0.252530
0.072876 0.086548 -0.125977 0.141692 0.168274 -0.244935
0.018921 0.078247 -0.137695 0.036788 0.152135 -0.267720
-0.039185 0.100708 -0.149536 -0.076186 0.195806 -0.290742
-0.078491 0.137695 -0.133423 -0.152610 0.267720 -0.259413
-0.100464 0.138062 -0.138306 -0.195331 0.268432 -0.268907
-0.109009 0.109375 -0.139160 -0.211945 0.212657 -0.270568
-0.104248 0.110352 -0.125732 -0.202689 0.214556 -0.244460
-0.106934 0.091675 -0.107300 -0.207910 0.178243 -0.208622
-0.114868 0.085449 -0.096558 -0.223337 0.166138 -0.187736
-0.113525 0.092163 -0.106812 -0.220726 0.179192 -0.207673
-0.078613 0.076294 -0.110718 -0.152847 0.148338 -0.215268
-0.043091 0.062744 -0.095459 -0.083781 0.121993 -0.185600
-0.014038 0.078369 -0.102173 -0.027294 0.152372 -0.198654
-0.004883 0.068726 -0.136841 -0.009494 0.133623 -0.266058
0.003296 0.069824 -0.154541 0.006408 0.135759 -0.300473
0.009521 0.068848 -0.169312 0.018513 0.133860 -0.329191
-0.007446 0.049072 -0.196777 -0.014478 0.095411 -0.382593
-0.033691 0.089844 -0.205566 -0.065506 0.174682 -0.399681
-0.053711 0.100830 -0.178467 -0.104430 0.196043 -0.346992
-0.044922 0.075562 -0.138550 -0.087341 0.146914 -0.269381
-0.023193 0.035645 -0.126709 -0.045095 0.069303 -0.246359
-0.007324 0.010620 -0.133179 -0.014240 0.020649 -0.258938
-0.011475 0.020264 -0.126343 -0.022310 0.039398 -0.245647
-0.018555 0.032837 -0.117920 -0.036076 0.063845 -0.229271
-0.010986 0.017944 -0.098633 -0.021361 0.034889 -0.191771
0.014038 0.000854 -0.083008 0.027294 0.001661 -0.161391
0.026855 0.011108 -0.079956 0.052215 0.021598 -0.155458
0.009644 0.034668 -0.085205 0.018750 0.067405 -0.165664
-0.008911 0.057495 -0.101929 -0.017326 0.111787 -0.198179
0.005249 0.071167 -0.120361 0.010206 0.138369 -0.234018
0.012573 0.071167 -0.127075 0.024446 0.138369 -0.247071
-0.000610 0.084106 -0.128052 -0.001187 0.163527 -0.248970
-0.014648 0.068848 -0.108276 -0.028481 0.133860 -0.210521
-0.016235 0.057617 -0.115845 -0.031566 0.112025 -0.225236
-0.009277 0.055054 -0.136841 -0.018038 0.107040 -0.266058
-0.024902 0.045410 -0.135742 -0.048417 0.088291 -0.263922
-0.049683 0.000366 -0.120972 -0.096597 0.000712 -0.235204
