-0.091553 -0.105347 -0.318237 -0.178005 -0.204825 -0.618746
-0.075806 -0.383911 -0.216431 -0.147388 -0.746435 -0.420804
-0.092285 0.041504 -0.269165 -0.179429 0.080696 -0.523335
-0.168457 0.190308 -0.249878 -0.327530 0.370014 -0.485836
-0.116699 0.226196 -0.183228 -0.226897 0.439792 -0.356248
-0.103149 0.077881 -0.153809 -0.200553 0.151423 -0.299049
-0.028931 -0.082031 -0.117065 -0.056250 -0.159493 -0.227609
0.079712 -0.360840 -0.069092 0.154983 -0.701578 -0.134335
-0.104004 -1.259888 -0.132935 -0.202214 -2.449589 -0.258464
-0.307983 -1.154175 -0.107666 -0.598810 -2.244052 -0.209334
-0.186523 -0.070801 -0.023193 -0.362656 -0.137657 -0.045095
0.035278 0.113647 0.100952 0.068591 0.220964 0.196280
-0.011353 -0.040161 0.008667 -0.022073 -0.078085 0.016851
-0.097656 -0.847900 -0.097656 -0.189872 -1.648566 -0.189872
-0.165527 -1.505981 -0.040283 -0.321833 -2.928067 -0.078322
-0.033081 -1.043213 0.395142 -0.064319 -2.028310 0.768270
-0.187622 -1.536743 0.076538 -0.364792 -2.987877 0.148812
-0.208130 -0.894409 0.145752 -0.404665 -1.738992 0.283384
-0.311768 -0.656128 0.349487 -0.606167 -1.275704 0.679505
-0.350342 -0.852905 0.489746 -0.681167 -1.658297 0.952209
-0.274414 -1.036865 0.371216 -0.533541 -2.015968 0.721752
-0.295654 -0.662109 0.355347 -0.574838 -1.287334 0.690898
-0.180786 -0.104980 0.265503 -0.351501 -0.204113 0.516215
-0.038818 1.080444 -0.030151 -0.075474 2.100699 -0.058623
0.269409 2.034424 -0.169067 0.523810 3.955513 -0.328716
0.613892 1.179443 0.012817 1.193584 2.293182 0.024921
0.349365 0.444946 0.203613 0.679268 0.865105 0.395884
0.002930 0.175293 -0.280029 0.005696 0.340821 -0.544459
-0.263184 0.078979 -0.495728 -0.511706 0.153559 -0.963839
-0.399536 0.160034 -0.513428 -0.776815 0.311153 -0.998253
-0.577881 0.669556 -0.390503 -1.123569 1.301811 -0.759252
-0.025879 0.676758 0.087891 -0.050316 1.315814 0.170885
0.272949 0.389893 0.221680 0.530693 0.758065 0.431010
0.205688 0.479126 0.088989 0.399918 0.931561 0.173021
0.153198 0.629272 0.153076 0.297862 1.223489 0.297625
0.155029 0.768188 0.112671 0.301422 1.493582 0.219065
0.200439 0.891724 -0.027710 0.389713 1.733771 -0.053876
0.262817 0.867676 -0.243530 0.510994 1.687015 -0.473494
0.374268 0.722778 -0.262085 0.727685 1.405292 -0.509570
0.439209 0.746948 -0.481079 0.853950 1.452285 -0.935358
0.328247 0.830688 -0.477783 0.638208 1.615101 -0.928950
0.210205 1.011841 -0.452637 0.408700 1.967314 -0.880058
0.180908 0.952637 -0.420776 0.351738 1.852204 -0.818112
0.141846 0.706665 -0.314453 0.275789 1.373963 -0.611389
0.180176 0.460083 -0.058594 0.350314 0.894536 -0.113923
0.166504 0.318970 0.075439 0.323732 0.620170 0.146676
0.076782 0.292480 -0.061279 0.149287 0.568667 -0.119145
0.120117 0.276001 -0.187256 0.233543 0.536626 -0.364080
0.229370 -0.020264 -0.173218 0.445962 -0.039398 -0.336786
0.254150 0.156860 -0.202881 0.494142 0.304982 -0.394460
0.226074 1.016602 -0.240845 0.439554 1.976570 -0.468272
0.072266 0.355591 0.023682 0.140505 0.691372 0.046044
0.111450 0.040894 0.210449 0.216692 0.079509 0.409175
0.266602 0.009644 0.243774 0.518351 0.018750 0.473969
0.365234 -0.017578 0.199097 0.710122 -0.034177 0.387102
0.256592 -0.058228 0.097656 0.498889 -0.113211 0.189872
0.037842 -0.072876 -0.111938 0.073575 -0.141692 -0.217641
-0.190186 -0.033691 -0.166138 -0.369776 -0.065506 -0.323020
-0.276367 0.096802 -0.271729 -0.537338 0.188211 -0.528319
-0.179932 0.200562 -0.270630 -0.349840 0.389950 -0.526183
-0.064087 0.266602 -0.205078 -0.124604 0.518351 -0.398732
0.044067 0.272705 -0.150635 0.085680 0.530218 -0.292878
0.073486 0.423340 -0.184570 0.142879 0.823096 -0.358858
0.061768 0.427368 -0.261230 0.120094 0.830928 -0.507908
-0.005005 0.367188 -0.242432 -0.009731 0.713920 -0.471358
-0.004028 0.448364 -0.189819 -0.007832 0.871751 -0.369064
0.016357 0.509888 -0.129395 0.031804 0.991370 -0.251581
0.002197 0.411499 -0.073975 0.004272 0.800074 -0.143828
-0.015747 0.363159 -0.102295 -0.030617 0.706087 -0.198891
-0.069336 0.312744 -0.109497 -0.134809 0.608066 -0.212894
-0.021240 0.286377 -0.174927 -0.041297 0.556800 -0.340109
0.046265 0.255859 -0.216431 0.089952 0.497465 -0.420804
0.052124 0.051147 -0.202881 0.101344 0.099446 -0.394460
0.018433 -0.195679 -0.167114 0.035838 -0.380456 -0.324919
-0.024048 -0.239990 -0.173950 -0.046756 -0.466611 -0.338210
-0.039429 -0.131836 -0.172363 -0.076661 -0.256328 -0.335124
-0.032104 -0.088135 -0.127197 -0.062420 -0.171360 -0.247309
-0.006592 -0.091553 -0.072021 -0.012816 -0.178005 -0.140031
0.011230 -0.115112 -0.069580 0.021835 -0.223812 -0.135284
0.007568 -0.102173 -0.101318 0.014715 -0.198654 -0.196992
