0.168213 0.036621 -0.193848 0.327055 0.071202 -0.376896
0.168335 0.036865 -0.194458 0.327292 0.071677 -0.378083
0.168335 0.037231 -0.194092 0.327292 0.072389 -0.377371
0.168335 0.038330 -0.194458 0.327292 0.074525 -0.378083
0.168579 0.038818 -0.194458 0.327767 0.075474 -0.378083
0.168457 0.039185 -0.194336 0.327530 0.076186 -0.377846
0.168213 0.038696 -0.193970 0.327055 0.075237 -0.377134
0.168213 0.034668 -0.193726 0.327055 0.067405 -0.376659
0.168335 0.033691 -0.193970 0.327292 0.065506 -0.377134
0.168335 0.034180 -0.193848 0.327292 0.066455 -0.376896
0.168213 0.033569 -0.193970 0.327055 0.065269 -0.377134
0.168213 0.033691 -0.193726 0.327055 0.065506 -0.376659
0.168213 0.033691 -0.193726 0.327055 0.065506 -0.376659
0.168457 0.033813 -0.193726 0.327530 0.065743 -0.376659
0.168579 0.033936 -0.193726 0.327767 0.065981 -0.376659
0.168579 0.034302 -0.194092 0.327767 0.066693 -0.377371
0.168457 0.033936 -0.194336 0.327530 0.065981 -0.377846
0.168823 0.033936 -0.193359 0.328242 0.065981 -0.375947
0.168091 0.033569 -0.192505 0.326818 0.065269 -0.374286
0.168701 0.033691 -0.191528 0.328004 0.065506 -0.372387
0.168091 0.033936 -0.190918 0.326818 0.065981 -0.371200
0.168457 0.033325 -0.192261 0.327530 0.064794 -0.373811
0.168213 0.033447 -0.199219 0.327055 0.065031 -0.387339
0.168213 0.033691 -0.200317 0.327055 0.065506 -0.389475
0.167969 0.033081 -0.199951 0.326580 0.064319 -0.388763
0.167969 0.033081 -0.199951 0.326580 0.064319 -0.388763
0.167969 0.033203 -0.200439 0.326580 0.064557 -0.389713
0.168457 0.033691 -0.200317 0.327530 0.065506 -0.389475
0.168579 0.033569 -0.200439 0.327767 0.065269 -0.389713
0.168335 0.033936 -0.199707 0.327292 0.065981 -0.388289
0.168213 0.034180 -0.200317 0.327055 0.066455 -0.389475
0.168091 0.035278 -0.200439 0.326818 0.068591 -0.389713
0.168091 0.037720 -0.200317 0.326818 0.073338 -0.389475
0.168579 0.041382 -0.199951 0.327767 0.080458 -0.388763
0.168457 0.045044 -0.200073 0.327530 0.087579 -0.389001
0.168335 0.049561 -0.200195 0.327292 0.096360 -0.389238
0.168213 0.054321 -0.200073 0.327055 0.105616 -0.389001
0.167847 0.058105 -0.199951 0.326343 0.112974 -0.388763
0.167480 0.059448 -0.200317 0.325631 0.115585 -0.389475
0.166870 0.059814 -0.200562 0.324444 0.116297 -0.389950
0.166504 0.057129 -0.199951 0.323732 0.111075 -0.388763
0.166016 0.051758 -0.199707 0.322783 0.100632 -0.388289
0.166016 0.047852 -0.199829 0.322783 0.093037 -0.388526
0.169312 0.043701 -0.200073 0.329191 0.084968 -0.389001
0.171387 0.039185 -0.199951 0.333226 0.076186 -0.388763
0.171631 0.036133 -0.200073 0.333700 0.070253 -0.389001
0.171997 0.034180 -0.199707 0.334412 0.066455 -0.388289
0.171753 0.032471 -0.199707 0.333938 0.063133 -0.388289
0.171875 0.031128 -0.199829 0.334175 0.060522 -0.388526
0.171509 0.029785 -0.199951 0.333463 0.057911 -0.388763
0.171631 0.029297 -0.200562 0.333700 0.056962 -0.389950
0.171753 0.030396 -0.200439 0.333938 0.059098 -0.389713
0.171753 0.030273 -0.201294 0.333938 0.058860 -0.391374
0.171753 0.030273 -0.202271 0.333938 0.058860 -0.393273
0.171631 0.033447 -0.204102 0.333700 0.065031 -0.396833
0.171387 0.042603 -0.205444 0.333226 0.082832 -0.399444
0.171509 0.035522 -0.206543 0.333463 0.069066 -0.401580
0.171753 0.034058 -0.207764 0.333938 0.066218 -0.403953
0.171997 0.034058 -0.208740 0.334412 0.066218 -0.405852
0.171997 0.033813 -0.208862 0.334412 0.065743 -0.406089
0.171753 0.033936 -0.207886 0.333938 0.065981 -0.404191
0.171753 0.033691 -0.207275 0.333938 0.065506 -0.403004
0.172241 0.033569 -0.207275 0.334887 0.065269 -0.403004
0.171509 0.034058 -0.206421 0.333463 0.066218 -0.401342
0.171997 0.033936 -0.205688 0.334412 0.065981 -0.399918
0.171997 0.033813 -0.204590 0.334412 0.065743 -0.397782
0.171631 0.033447 -0.203369 0.333700 0.065031 -0.395409
0.171631 0.033691 -0.203491 0.333700 0.065506 -0.395646
0.171875 0.033813 -0.202515 0.334175 0.065743 -0.393748
0.172119 0.033813 -0.201782 0.334650 0.065743 -0.392323
0.172363 0.034302 -0.201782 0.335124 0.066693 -0.392323
0.171997 0.033936 -0.201172 0.334412 0.065981 -0.391137
0.171997 0.033569 -0.200562 0.334412 0.065269 -0.389950
0.171631 0.033203 -0.200195 0.333700 0.064557 -0.389238
0.171997 0.033691 -0.198853 0.334412 0.065506 -0.386627
0.171631 0.033447 -0.199097 0.333700 0.065031 -0.387102
0.171387 0.034058 -0.199707 0.333226 0.066218 -0.388289
0.170654 0.033813 -0.200317 0.331802 0.065743 -0.389475
0.169922 0.033813 -0.201538 0.330378 0.065743 -0.391849
0.168823 0.033569 -0.203491 0.328242 0.065269 -0.395646
