-0.066284 -0.877319 -0.437866 -0.128876 -1.705765 -0.851340
-0.375122 -0.916748 -0.514893 -0.729347 -1.782426 -1.001101
-0.256836 -0.120850 -0.104248 -0.499364 -0.234967 -0.202689
-0.130615 0.157227 0.065918 -0.253954 0.305694 0.128164
-0.189087 -0.028564 0.027344 -0.367640 -0.055538 0.053164
-0.285034 -0.316284 0.231689 -0.554190 -0.614949 0.450472
-0.436890 -0.244995 0.445190 -0.849441 -0.476342 0.865580
-0.110596 0.719849 0.550781 -0.215030 1.399596 1.070879
0.724121 1.443359 0.684814 1.407903 2.806312 1.331479
1.046997 0.482178 0.272095 2.035668 0.937494 0.529032
0.976318 -0.330444 -0.107544 1.898248 -0.642480 -0.209097
1.025391 -0.287964 -0.029663 1.993658 -0.559886 -0.057674
1.053711 -0.236450 0.277832 2.048721 -0.459728 0.540186
0.935303 -0.796265 0.545166 1.818501 -1.548171 1.059962
0.800049 -1.364380 0.840454 1.555528 -2.652752 1.634088
0.592896 -1.839966 1.118774 1.152762 -3.577430 2.175224
0.336060 -2.004761 1.336426 0.653398 -3.897840 2.598402
0.007813 -2.038940 1.517334 0.015190 -3.964295 2.950140
-0.190674 -2.054443 1.607788 -0.370726 -3.994437 3.126009
-0.297974 -2.529907 1.614502 -0.579348 -4.918878 3.139063
-0.526489 -3.161743 1.289063 -1.023649 -6.147351 2.506313
-0.565063 -2.309204 1.072144 -1.098648 -4.489766 2.084560
-0.610474 -0.635986 1.231567 -1.186939 -1.236543 2.394526
-0.806152 1.361694 0.766968 -1.567395 2.647531 1.491209
-0.914551 1.657715 -0.247925 -1.778153 3.223081 -0.482038
-0.330200 1.277222 -0.487549 -0.642005 2.483291 -0.947937
-0.027588 1.501099 -0.796753 -0.053639 2.918573 -1.549120
-0.045654 2.274536 -1.275146 -0.088765 4.422361 -2.479257
0.051636 3.140747 -1.569824 0.100395 6.106528 -3.052196
0.374268 3.610962 -1.601685 0.727685 7.020763 -3.114142
0.697021 3.532227 -1.555664 1.355213 6.867679 -3.024665
0.781250 2.822266 -1.495728 1.518978 5.487308 -2.908130
0.260742 2.089600 -1.651733 0.506959 4.062791 -3.211451
0.060425 0.557617 -0.922363 0.117483 1.084170 -1.793343
0.980835 0.211670 0.083862 1.907029 0.411548 0.163053
1.068726 0.006104 0.239136 2.077914 0.011867 0.464950
0.424805 -0.096436 -0.217041 0.825944 -0.187499 -0.421991
-0.328125 -0.006714 -0.383057 -0.637971 -0.013054 -0.744774
-0.529419 -0.002686 -0.315308 -1.029345 -0.005221 -0.613050
-0.059692 -0.129883 -0.155029 -0.116059 -0.252530 -0.301422
0.200562 -0.212036 0.095947 0.389950 -0.412260 0.186549
0.179932 -0.137085 0.119751 0.349840 -0.266533 0.232831
0.031128 0.015259 0.009766 0.060522 0.029668 0.018987
-0.086548 0.028687 -0.124878 -0.168274 0.055775 -0.242799
-0.050781 -0.132202 -0.082031 -0.098734 -0.257040 -0.159493
0.026978 -0.133301 0.017090 0.052452 -0.259176 0.033228
0.024414 -0.031250 0.042236 0.047468 -0.060759 0.082120
0.019287 0.045532 0.030029 0.037500 0.088528 0.058386
0.035889 0.058350 -0.007813 0.069778 0.113449 -0.015190
0.039307 0.056641 -0.059692 0.076424 0.110126 -0.116059
0.037231 0.082886 -0.123779 0.072389 0.161154 -0.240663
0.044312 0.113037 -0.152588 0.086155 0.219777 -0.296675
0.017822 0.102295 -0.129517 0.034652 0.198891 -0.251818
-0.012207 0.103516 -0.126099 -0.023734 0.201265 -0.245173
-0.030273 0.060425 -0.130981 -0.058860 0.117483 -0.254666
-0.035400 0.032349 -0.131958 -0.068829 0.062895 -0.256565
-0.026123 0.057373 -0.128662 -0.050791 0.111550 -0.250157
-0.018555 0.063721 -0.117798 -0.036076 0.123892 -0.229033
-0.005615 0.052124 -0.115723 -0.010918 0.101344 -0.224999
0.012939 0.048462 -0.127686 0.025158 0.094224 -0.248258
0.018555 0.042236 -0.126709 0.036076 0.082120 -0.246359
0.001221 0.023926 -0.116333 0.002373 0.046519 -0.226185
-0.020508 0.016357 -0.121582 -0.039873 0.031804 -0.236391
-0.027466 0.024536 -0.133911 -0.053402 0.047705 -0.260362
-0.022705 0.024902 -0.125610 -0.044145 0.048417 -0.244223
-0.028198 0.015381 -0.120239 -0.054826 0.029905 -0.233780
-0.032227 0.018921 -0.110962 -0.062658 0.036788 -0.215742
-0.018311 0.026733 -0.115967 -0.035601 0.051978 -0.225473
-0.016479 0.025024 -0.120483 -0.032041 0.048655 -0.234255
-0.017456 0.022217 -0.126709 -0.033940 0.043196 -0.246359
-0.016846 0.019165 -0.130371 -0.032753 0.037262 -0.253479
-0.011475 0.000732 -0.119629 -0.022310 0.001424 -0.232593
-0.010498 0.004883 -0.123169 -0.020411 0.009494 -0.239476
-0.014404 0.019531 -0.119507 -0.028006 0.037974 -0.232356
-0.016602 0.021973 -0.132568 -0.032278 0.042721 -0.257752
-0.021851 0.014160 -0.131714 -0.042484 0.027531 -0.256090
-0.020508 0.022949 -0.133667 -0.039873 0.044620 -0.259888
-0.023804 0.032471 -0.148315 -0.046281 0.063133 -0.288368
-0.015015 0.024536 -0.144897 -0.029193 0.047705 -0.281723
-0.011108 0.015137 -0.151611 -0.021598 0.029430 -0.294777
