0.312012 0.320557 -0.052979 0.606642 0.623256 -0.103006
0.395142 0.184692 -0.154785 0.768270 0.359096 -0.300947
0.236206 0.077026 -0.164063 0.459253 0.149762 -0.318985
0.104980 -0.072998 -0.191895 0.204113 -0.141929 -0.373099
0.090332 -0.202881 -0.155518 0.175632 -0.394460 -0.302372
0.089722 -0.092651 -0.278687 0.174445 -0.180141 -0.541848
0.101685 0.028442 -0.311035 0.197704 0.055300 -0.604743
0.098633 0.249146 -0.307617 0.191771 0.484412 -0.598098
0.063477 0.150024 -0.306274 0.123417 0.291691 -0.595487
-0.096191 0.055176 -0.301270 -0.187024 0.107278 -0.585756
-0.194946 -0.061035 -0.200684 -0.379032 -0.118670 -0.390187
-0.177856 -0.175537 -0.132080 -0.345805 -0.341295 -0.256802
-0.103271 -0.133057 -0.138550 -0.200790 -0.258701 -0.269381
-0.022827 -0.022827 -0.142944 -0.044383 -0.044383 -0.277925
0.044800 0.035278 -0.124268 0.087104 0.068591 -0.241612
0.022949 0.012085 -0.141968 0.044620 0.023497 -0.276027
-0.034058 -0.026001 -0.118774 -0.066218 -0.050553 -0.230932
-0.055176 -0.026367 -0.110718 -0.107278 -0.051266 -0.215268
-0.059204 -0.051025 -0.106079 -0.115110 -0.099208 -0.206249
-0.061768 -0.055298 -0.101074 -0.120094 -0.107515 -0.196518
-0.052612 0.000610 -0.103271 -0.102294 0.001187 -0.200790
-0.029053 0.018799 -0.114136 -0.056487 0.036550 -0.221913
-0.006348 0.028809 -0.132813 -0.012342 0.056012 -0.258226
-0.004639 0.021362 -0.149170 -0.009019 0.041535 -0.290030
-0.015625 -0.001953 -0.146362 -0.030380 -0.003797 -0.284571
-0.028564 -0.024780 -0.122070 -0.055538 -0.048180 -0.237340
-0.038818 -0.048218 -0.106567 -0.075474 -0.093749 -0.207198
-0.031982 -0.007202 -0.101929 -0.062183 -0.014003 -0.198179
-0.030029 0.022583 -0.106934 -0.058386 0.043908 -0.207910
-0.030640 0.008789 -0.114624 -0.059572 0.017089 -0.222863
-0.036011 0.020874 -0.134888 -0.070015 0.040585 -0.262261
-0.042725 0.020386 -0.144043 -0.083069 0.039636 -0.280062
-0.044312 0.012207 -0.134033 -0.086155 0.023734 -0.260600
-0.041626 -0.003296 -0.111206 -0.080933 -0.006408 -0.216217
-0.040161 -0.024658 -0.099487 -0.078085 -0.047943 -0.193432
-0.040649 -0.012573 -0.106079 -0.079034 -0.024446 -0.206249
-0.047363 -0.011719 -0.107056 -0.092088 -0.022785 -0.208147
-0.057129 -0.018921 -0.113525 -0.111075 -0.036788 -0.220726
-0.059326 -0.039673 -0.112549 -0.115347 -0.077136 -0.218828
-0.051880 -0.025635 -0.114990 -0.100870 -0.049841 -0.223575
-0.047729 -0.005249 -0.107300 -0.092800 -0.010206 -0.208622
-0.057495 -0.001465 -0.111328 -0.111787 -0.002848 -0.216454
-0.052856 -0.004761 -0.110107 -0.102768 -0.009256 -0.214081
-0.036133 -0.009888 -0.107788 -0.070253 -0.019225 -0.209571
-0.031616 -0.019775 -0.106689 -0.061471 -0.038449 -0.207435
-0.035156 -0.024292 -0.097168 -0.068354 -0.047231 -0.188923
-0.044556 -0.036499 -0.086914 -0.086629 -0.070965 -0.168986
-0.050903 -0.043091 -0.068970 -0.098971 -0.083781 -0.134097
-0.052734 -0.030640 -0.053223 -0.102531 -0.059572 -0.103480
-0.051147 0.005005 -0.050659 -0.099446 0.009731 -0.098496
-0.041748 0.017090 -0.079346 -0.081170 0.033228 -0.154271
-0.028320 -0.000122 -0.104980 -0.055063 -0.000237 -0.204113
-0.029419 -0.022583 -0.119263 -0.057199 -0.043908 -0.231881
-0.041992 -0.045288 -0.123413 -0.081645 -0.088053 -0.239951
-0.041138 -0.040771 -0.118164 -0.079984 -0.079272 -0.229745
-0.028320 0.054321 -0.130737 -0.055063 0.105616 -0.254191
-0.058472 0.207397 -0.219482 -0.113686 0.403241 -0.426738
-0.201538 0.284790 -0.261719 -0.391849 0.553715 -0.508858
-0.390747 0.194092 0.067749 -0.759726 0.377371 0.131724
-0.317139 0.130981 0.422729 -0.616610 0.254666 0.821909
-0.262207 0.001953 0.248901 -0.509807 0.003797 0.483937
-0.152100 0.004883 0.078735 -0.295726 0.009494 0.153084
-0.046021 0.060303 0.064209 -0.089477 0.117246 0.124841
0.051147 0.078247 -0.007324 0.099446 0.152135 -0.014240
0.056885 0.025391 -0.124268 0.110601 0.049367 -0.241612
0.018799 0.012817 -0.156738 0.036550 0.024921 -0.304745
-0.035645 0.022583 -0.150757 -0.069303 0.043908 -0.293115
-0.095581 0.034546 -0.192139 -0.185837 0.067167 -0.373574
-0.059814 0.012085 -0.187622 -0.116297 0.023497 -0.364792
-0.044189 0.003296 -0.182251 -0.085917 0.006408 -0.354349
-0.034668 0.043945 -0.196899 -0.067405 0.085443 -0.382830
-0.031616 0.082764 -0.193359 -0.061471 0.160917 -0.375947
-0.032227 0.105347 -0.202026 -0.062658 0.204825 -0.392798
-0.016724 0.079102 -0.216797 -0.032516 0.153797 -0.421516
-0.032104 0.049561 -0.198975 -0.062420 0.096360 -0.386865
-0.056641 0.006226 -0.155640 -0.110126 0.012104 -0.302609
-0.083130 -0.011108 -0.153809 -0.161629 -0.021598 -0.299049
-0.037476 -0.016724 -0.134644 -0.072863 -0.032516 -0.261786
0.007202 -0.023804 -0.105225 0.014003 -0.046281 -0.204587
-0.027954 -0.015625 -0.113159 -0.054351 -0.030380 -0.220014
