0.094604 0.358032 -0.247314 0.183939 0.696119 -0.480851
0.079712 0.326538 -0.348999 0.154983 0.634885 -0.678556
0.024780 0.041992 -0.295044 0.048180 0.081645 -0.573651
0.036377 -0.347534 -0.188965 0.070727 -0.675708 -0.367403
-0.001953 -1.003662 -0.093140 -0.003797 -1.951412 -0.181091
0.036987 -1.248901 -0.038574 0.071914 -2.428228 -0.075000
0.109985 -1.220337 -0.031494 0.213844 -2.372691 -0.061234
-0.013062 -1.357666 -0.073975 -0.025395 -2.639699 -0.143828
-0.072876 -1.385742 -0.152832 -0.141692 -2.694287 -0.297150
-0.103271 -1.695557 -0.223145 -0.200790 -3.296657 -0.433858
-0.065552 -1.864502 -0.174194 -0.127452 -3.625135 -0.338685
0.059082 -1.702515 -0.075684 0.114873 -3.310185 -0.147151
0.197388 -1.209229 -0.011108 0.383779 -2.351093 -0.021598
0.407349 -0.287964 -0.109985 0.792005 -0.559886 -0.213844
0.436523 -0.107178 -0.187744 0.848729 -0.208385 -0.365029
-0.194946 -0.804565 0.126953 -0.379032 -1.564310 0.246834
-0.655762 -0.982056 0.463257 -1.274992 -1.909403 0.900706
-0.195190 -1.286743 0.200684 -0.379507 -2.501804 0.390187
0.054565 -1.350708 -0.526611 0.106091 -2.626170 -1.023886
-0.113647 -1.012695 -0.546997 -0.220964 -1.968975 -1.063522
-0.205444 -0.808105 -0.291748 -0.399444 -1.571193 -0.567243
-0.256592 -0.576050 -0.184204 -0.498889 -1.120009 -0.358146
-0.190430 -0.364014 -0.262939 -0.370251 -0.707749 -0.511231
-0.051270 -0.257690 -0.307739 -0.099683 -0.501025 -0.598335
0.081543 -0.158813 -0.232788 0.158543 -0.308780 -0.452608
0.043091 -0.008789 -0.139038 0.083781 -0.017089 -0.270331
-0.047485 0.040894 -0.015015 -0.092325 0.079509 -0.029193
-0.049072 0.176514 -0.107544 -0.095411 0.343194 -0.209097
-0.063965 0.314941 -0.183960 -0.124366 0.612338 -0.357672
-0.074829 0.258545 -0.066528 -0.145490 0.502687 -0.129350
-0.028564 0.064941 -0.035400 -0.055538 0.126265 -0.068829
0.060791 0.141968 -0.253540 0.118195 0.276027 -0.492956
0.083130 0.452637 -0.556763 0.161629 0.880058 -1.082509
-0.071533 0.395264 -0.355103 -0.139081 0.768508 -0.690423
-0.237549 -0.090576 0.238647 -0.461864 -0.176106 0.464000
-0.168579 -0.184204 0.420532 -0.327767 -0.358146 0.817637
0.196655 0.448853 -0.227661 0.382355 0.872700 -0.442640
0.103638 0.641357 -0.627686 0.201502 1.246986 -1.220404
-0.072021 0.096802 -0.181519 -0.140031 0.188211 -0.352925
-0.203369 -0.252075 0.248047 -0.395409 -0.490108 0.482275
-0.057251 0.075439 0.014648 -0.111313 0.146676 0.028481
0.035400 0.341675 -0.385132 0.068829 0.664315 -0.748809
0.014893 0.238525 -0.348267 0.028956 0.463763 -0.677132
-0.026489 0.070923 -0.162109 -0.051503 0.137895 -0.315188
-0.048462 -0.119507 0.085571 -0.094224 -0.232356 0.166376
0.003174 0.104858 -0.161865 0.006171 0.203875 -0.314713
0.091309 0.557739 -0.488892 0.177531 1.084408 -0.950548
0.007080 0.460327 -0.265259 0.013766 0.895010 -0.515740
-0.317261 -0.307861 0.451538 -0.616847 -0.598572 0.877922
-0.292725 -0.465332 0.547119 -0.569142 -0.904741 1.063759
0.086792 0.100098 -0.058716 0.168749 0.194619 -0.114161
0.178223 0.577271 -0.597046 0.346517 1.122382 -1.160831
0.050537 0.322510 -0.516846 0.098259 0.627053 -1.004899
-0.172974 -0.040039 -0.038818 -0.336311 -0.077848 -0.075474
-0.280396 -0.157715 0.351929 -0.545171 -0.306644 0.684252
-0.100098 0.051270 0.166992 -0.194619 0.099683 0.324682
0.074707 0.309204 -0.233887 0.145252 0.601183 -0.454744
0.111572 0.309814 -0.388428 0.216929 0.602370 -0.755217
-0.039673 0.127441 -0.090576 -0.077136 0.247783 -0.176106
-0.128784 0.209351 0.032104 -0.250394 0.407039 0.062420
-0.048706 0.147705 -0.092163 -0.094699 0.287182 -0.179192
0.059692 0.213867 -0.289185 0.116059 0.415820 -0.562259
0.044556 0.505249 -0.339844 0.086629 0.982351 -0.660755
-0.095703 0.632690 -0.222900 -0.186075 1.230135 -0.433383
-0.215576 0.023071 -0.010620 -0.419143 0.044857 -0.020649
-0.201416 -0.491699 -0.020508 -0.391611 -0.956007 -0.039873
0.148560 0.335449 -0.310303 0.288843 0.652211 -0.603319
0.183228 0.527344 -0.255859 0.356248 1.025310 -0.497465
-0.192383 -0.152588 0.047485 -0.374048 -0.296675 0.092325
-0.217773 -0.246582 -0.021606 -0.423415 -0.479427 -0.042009
0.043579 0.171875 -0.221924 0.084730 0.334175 -0.431485
0.101196 0.335327 -0.256348 0.196755 0.651974 -0.498415
-0.018921 0.144409 -0.164429 -0.036788 0.280774 -0.319697
-0.107422 -0.100464 -0.043701 -0.208859 -0.195331 -0.084968
-0.071777 -0.049072 0.004517 -0.139556 -0.095411 0.008782
0.025513 0.294067 -0.148315 0.049604 0.571753 -0.288368
0.049561 0.285156 -0.153809 0.096360 0.554427 -0.299049
-0.107910 -0.190430 0.048706 -0.209809 -0.370251 0.094699
-0.090576 -0.221069 0.059082 -0.176106 -0.429823 0.114873
0.058350 0.143433 -0.086548 0.113449 0.278875 -0.168274
