1.502441 0.442749 -1.203369 2.921184 0.860833 -2.339700
1.357910 0.443726 -0.648560 2.640173 0.862732 -1.260989
0.651611 0.101685 -0.464233 1.266922 0.197704 -0.902605
0.135376 0.075317 -0.347656 0.263210 0.146439 -0.675945
-0.113403 -0.083374 -0.326050 -0.220489 -0.162103 -0.633936
-0.004761 -0.106689 -0.313232 -0.009256 -0.207435 -0.609015
0.403320 -0.162720 -0.273926 0.784172 -0.316375 -0.532592
0.562012 0.695801 -0.244751 1.092715 1.352840 -0.475867
0.476929 1.130249 -0.181885 0.927288 2.197534 -0.353637
0.549683 0.815186 -0.084961 1.068743 1.584958 -0.165189
0.478394 0.678467 0.106079 0.930137 1.319137 0.206249
0.536987 0.701904 0.254883 1.044060 1.364707 0.495567
0.551880 0.598145 0.172729 1.073015 1.162967 0.335836
0.504639 0.243652 0.070435 0.981165 0.473731 0.136945
0.379395 0.011108 -0.105591 0.737654 0.021598 -0.205299
0.194824 -0.104614 -0.236816 0.378795 -0.203401 -0.460440
0.157959 0.082520 -0.322754 0.307118 0.160442 -0.627528
0.134521 0.063843 -0.315430 0.261549 0.124129 -0.613287
0.042114 0.087280 -0.309937 0.081882 0.169698 -0.602607
0.086670 0.326172 -0.320679 0.168512 0.634173 -0.623493
0.233887 0.463013 -0.289429 0.454744 0.900232 -0.562734
0.243408 0.344849 -0.265747 0.473257 0.670486 -0.516690
0.270508 0.254272 -0.198853 0.525946 0.494380 -0.386627
0.355347 0.422974 -0.157959 0.690898 0.822384 -0.307118
0.428467 0.601196 -0.109985 0.833064 1.168901 -0.213844
0.530518 0.647949 -0.108276 1.031481 1.259802 -0.210521
0.563965 0.791382 -0.117065 1.096512 1.538677 -0.227609
0.579712 1.071411 -0.275635 1.127129 2.083136 -0.535914
0.841309 1.414185 -0.723999 1.635749 2.749587 -1.407665
1.115967 1.316162 -1.416504 2.169765 2.559003 -2.754097
0.794434 0.482544 -2.517944 1.544611 0.938206 -4.895618
1.140015 -1.067261 3.850098 2.216521 -2.075066 7.485713
0.539795 -3.556030 3.850098 1.049519 -6.913960 7.485713
0.308716 -0.137817 0.545776 0.600234 -0.267957 1.061148
0.695801 1.433350 2.818237 1.352840 2.786850 5.479475
0.383179 1.203125 1.716553 0.745011 2.339226 3.337479
0.391602 -0.105347 -0.141357 0.761388 -0.204825 -0.274840
0.294067 -0.489502 -0.909790 0.571753 -0.951735 -1.768897
0.003052 -0.434448 -0.058960 0.005934 -0.844694 -0.114635
-0.271973 -0.534668 0.468384 -0.528794 -1.039550 0.910675
-0.356079 -0.413086 0.221680 -0.692322 -0.803160 0.431010
-0.230225 -0.298584 -0.116699 -0.447624 -0.580534 -0.226897
-0.148560 -0.098633 -0.338379 -0.288843 -0.191771 -0.657907
-0.167969 -0.127563 -0.235107 -0.326580 -0.248021 -0.457117
-0.131592 -0.169067 -0.040771 -0.255853 -0.328716 -0.079272
0.006348 0.003662 -0.021973 0.012342 0.007120 -0.042721
0.040405 0.050537 -0.056641 0.078560 0.098259 -0.110126
0.021484 0.049194 -0.030518 0.041772 0.095648 -0.059335
-0.059448 0.041138 0.018188 -0.115585 0.079984 0.035364
-0.104248 -0.035278 0.041382 -0.202689 -0.068591 0.080458
-0.127441 -0.108032 -0.005127 -0.247783 -0.210046 -0.009968
-0.094971 -0.084717 -0.075928 -0.184651 -0.164714 -0.147626
-0.072510 -0.019775 -0.116455 -0.140980 -0.038449 -0.226423
-0.044678 -0.018311 -0.133423 -0.086867 -0.035601 -0.259413
-0.026001 -0.027222 -0.169678 -0.050553 -0.052927 -0.329903
-0.005127 -0.026611 -0.177612 -0.009968 -0.051740 -0.345330
-0.004150 0.005249 -0.155273 -0.008070 0.010206 -0.301897
-0.025513 0.038330 -0.123169 -0.049604 0.074525 -0.239476
-0.028931 0.005981 -0.094849 -0.056250 0.011630 -0.184413
-0.040039 -0.001587 -0.090088 -0.077848 -0.003085 -0.175157
-0.079712 -0.008667 -0.113525 -0.154983 -0.016851 -0.220726
-0.110474 -0.004028 -0.145142 -0.214793 -0.007832 -0.282198
-0.072632 0.000732 -0.152710 -0.141217 0.001424 -0.296913
-0.019043 0.008667 -0.158691 -0.037025 0.016851 -0.308542
0.014404 0.020752 -0.153076 0.028006 0.040348 -0.297625
-0.036865 0.025024 -0.132935 -0.071677 0.048655 -0.258464
-0.049683 0.033447 -0.088501 -0.096597 0.065031 -0.172072
-0.042114 0.016846 -0.060547 -0.081882 0.032753 -0.117721
-0.025391 0.022095 -0.080444 -0.049367 0.042959 -0.156407
0.001953 0.036499 -0.118652 0.003797 0.070965 -0.230695
0.009644 0.038330 -0.126953 0.018750 0.074525 -0.246834
-0.011230 0.043701 -0.124512 -0.021835 0.084968 -0.242087
-0.029541 0.035889 -0.113525 -0.057436 0.069778 -0.220726
-0.040771 0.001343 -0.115479 -0.079272 0.002611 -0.224524
-0.046265 -0.017578 -0.122681 -0.089952 -0.034177 -0.238527
-0.046387 0.008057 -0.134644 -0.090189 0.015664 -0.261786
-0.075195 0.056152 -0.121704 -0.146202 0.109177 -0.236628
-0.056030 0.044800 -0.106079 -0.108939 0.087104 -0.206249
-0.034546 0.021362 -0.094604 -0.067167 0.041535 -0.183939
-0.041870 -0.010498 -0.104004 -0.081408 -0.020411 -0.202214
