0.159546 -0.033447 0.123169 0.310204 -0.065031 0.239476
0.117065 -0.092163 0.047241 0.227609 -0.179192 0.091851
0.085449 -0.162720 -0.049561 0.166138 -0.316375 -0.096360
0.016602 0.031372 -0.128174 0.032278 0.060996 -0.249207
-0.050415 0.067139 -0.168579 -0.098022 0.130537 -0.327767
-0.220093 -0.093018 -0.013794 -0.427925 -0.180853 -0.026819
-0.255493 0.036377 -0.081543 -0.496753 0.070727 -0.158543
-0.216675 0.005615 -0.170044 -0.421279 0.010918 -0.330615
-0.057495 -0.520264 -0.358032 -0.111787 -1.011544 -0.696119
-0.168457 -0.402832 -0.232910 -0.327530 -0.783223 -0.452845
-0.042358 0.109619 -0.078613 -0.082357 0.213132 -0.152847
0.030273 0.160278 -0.063721 0.058860 0.311628 -0.123892
-0.066528 0.071899 -0.166016 -0.129350 0.139793 -0.322783
-0.082275 -0.167603 -0.212280 -0.159967 -0.325868 -0.412735
-0.026367 -0.203979 -0.211548 -0.051266 -0.396596 -0.411311
-0.023071 -0.034424 -0.175903 -0.044857 -0.066930 -0.342007
-0.027100 0.036743 -0.114380 -0.052690 0.071439 -0.222388
-0.028931 -0.018311 -0.098267 -0.056250 -0.035601 -0.191059
0.020630 0.040771 -0.157349 0.040111 0.079272 -0.305932
0.042969 0.044556 -0.157104 0.083544 0.086629 -0.305457
0.025146 -0.009399 -0.132446 0.048892 -0.018275 -0.257514
0.041626 -0.029663 -0.125610 0.080933 -0.057674 -0.244223
0.036011 0.016479 -0.131104 0.070015 0.032041 -0.254903
0.033936 -0.010620 -0.102661 0.065981 -0.020649 -0.199603
0.025635 0.000610 -0.109985 0.049841 0.001187 -0.213844
0.020508 -0.018677 -0.126343 0.039873 -0.036313 -0.245647
-0.006104 -0.055664 -0.128296 -0.011867 -0.108227 -0.249445
-0.021729 -0.029541 -0.127563 -0.042247 -0.057436 -0.248021
0.003784 0.015747 -0.109253 0.007358 0.030617 -0.212420
0.028687 0.024902 -0.108032 0.055775 0.048417 -0.210046
0.017700 0.027222 -0.126831 0.034414 0.052927 -0.246597
-0.013916 -0.014282 -0.122437 -0.027057 -0.027769 -0.238052
-0.022705 -0.014160 -0.116699 -0.044145 -0.027531 -0.226897
-0.015137 0.026611 -0.118774 -0.029430 0.051740 -0.230932
0.014160 0.051514 -0.116821 0.027531 0.100158 -0.227135
0.019165 0.024658 -0.125244 0.037262 0.047943 -0.243511
0.014648 0.021240 -0.122559 0.028481 0.041297 -0.238290
-0.014160 -0.001343 -0.111084 -0.027531 -0.002611 -0.215980
-0.025635 0.000854 -0.106323 -0.049841 0.001661 -0.206723
-0.026489 0.030151 -0.112427 -0.051503 0.058623 -0.218590
-0.023315 0.023926 -0.105713 -0.045332 0.046519 -0.205537
-0.027344 0.030396 -0.127197 -0.053164 0.059098 -0.247309
-0.028076 0.017578 -0.127563 -0.054588 0.034177 -0.248021
-0.022827 0.008545 -0.115601 -0.044383 0.016614 -0.224761
-0.026123 -0.011230 -0.089233 -0.050791 -0.021835 -0.173496
-0.033936 -0.018799 -0.063843 -0.065981 -0.036550 -0.124129
-0.026245 0.047729 -0.072998 -0.051028 0.092800 -0.141929
-0.037476 0.040771 -0.089478 -0.072863 0.079272 -0.173970
-0.047363 0.000000 -0.097656 -0.092088 0.000000 -0.189872
-0.046021 -0.004395 -0.082764 -0.089477 -0.008544 -0.160917
-0.032227 0.007324 -0.053955 -0.062658 0.014240 -0.104904
-0.034790 0.015015 -0.049072 -0.067642 0.029193 -0.095411
-0.015869 0.034790 -0.066162 -0.030854 0.067642 -0.128638
-0.016968 0.021240 -0.067139 -0.032990 0.041297 -0.130537
-0.021240 0.000488 -0.068604 -0.041297 0.000949 -0.133385
-0.029053 0.002563 -0.087402 -0.056487 0.004984 -0.169936
-0.034912 0.017700 -0.102295 -0.067879 0.034414 -0.198891
-0.029175 0.014648 -0.084473 -0.056724 0.028481 -0.164239
-0.045166 -0.001465 -0.068237 -0.087816 -0.002848 -0.132673
-0.045288 -0.021729 -0.067749 -0.088053 -0.042247 -0.131724
-0.034302 -0.015747 -0.055786 -0.066693 -0.030617 -0.108465
-0.025146 0.012817 -0.049683 -0.048892 0.024921 -0.096597
-0.041382 0.002075 -0.092651 -0.080458 0.004035 -0.180141
-0.031250 -0.000366 -0.121948 -0.060759 -0.000712 -0.237103
-0.023071 0.015747 -0.141724 -0.044857 0.030617 -0.275552
-0.013916 0.024048 -0.132813 -0.027057 0.046756 -0.258226
-0.008423 0.028320 -0.125610 -0.016376 0.055063 -0.244223
-0.029785 -0.004517 -0.127808 -0.057911 -0.008782 -0.248495
-0.028931 0.002319 -0.124756 -0.056250 0.004509 -0.242562
-0.029053 0.023438 -0.135010 -0.056487 0.045569 -0.262498
-0.023193 0.028076 -0.136963 -0.045095 0.054588 -0.266296
-0.002197 0.030396 -0.138672 -0.004272 0.059098 -0.269619
-0.001953 0.019653 -0.135742 -0.003797 0.038212 -0.263922
-0.011108 0.006592 -0.131714 -0.021598 0.012816 -0.256090
-0.016846 0.021606 -0.125488 -0.032753 0.042009 -0.243986
-0.015991 0.022461 -0.123657 -0.031092 0.043671 -0.240426
-0.020874 0.007202 -0.129883 -0.040585 0.014003 -0.252530
-0.012085 0.018799 -0.133789 -0.023497 0.036550 -0.260125
-0.007690 0.017334 -0.128296 -0.014952 0.033702 -0.249445
-0.022461 0.003662 -0.118164 -0.043671 0.007120 -0.229745
