-0.088745 0.205078 0.023926 -0.172546 0.398732 0.046519
-0.057739 0.411255 0.124756 -0.112262 0.799599 0.242562
0.059814 0.312256 0.068481 0.116297 0.607116 0.133148
0.158447 0.237061 -0.086792 0.308068 0.460915 -0.168749
-0.003174 -0.126953 -0.081421 -0.006171 -0.246834 -0.158306
-0.062622 -0.482178 0.024414 -0.121756 -0.937494 0.047468
-0.041260 -0.672974 0.084351 -0.080221 -1.308457 0.164002
0.067383 -0.856201 0.018188 0.131012 -1.664705 0.035364
0.090210 -0.748291 -0.035889 0.175394 -1.454896 -0.069778
0.035889 -0.299194 -0.066040 0.069778 -0.581721 -0.128401
0.026855 -0.240967 -0.206787 0.052215 -0.468510 -0.402054
-0.040649 -0.201294 -0.141602 -0.079034 -0.391374 -0.275315
-0.041504 -0.349243 -0.037598 -0.080696 -0.679031 -0.073101
-0.042847 -0.315918 0.003662 -0.083306 -0.614237 0.007120
0.009277 -0.061768 -0.026611 0.018038 -0.120094 -0.051740
0.159668 0.012695 -0.058594 0.310441 0.024683 -0.113923
0.045288 -0.226440 0.025879 0.088053 -0.440266 0.050316
-0.115845 -0.581421 0.125122 -0.225236 -1.130452 0.243274
-0.094604 -0.846191 0.236572 -0.183939 -1.645243 0.459965
0.024658 -0.740112 0.267090 0.047943 -1.438994 0.519301
-0.020996 -0.659790 0.245850 -0.040823 -1.282824 0.478003
-0.339600 -1.115967 0.226929 -0.660281 -2.169765 0.441216
-0.560425 -1.301636 0.126343 -1.089629 -2.530760 0.245647
-0.490356 -1.080688 0.033447 -0.953396 -2.101174 0.065031
-0.424072 -0.832642 -0.015747 -0.824520 -1.618898 -0.030617
-0.299805 -0.607666 -0.036499 -0.582908 -1.181480 -0.070965
-0.349243 -0.722900 -0.082153 -0.679031 -1.405529 -0.159730
-0.147705 -0.482300 -0.047852 -0.287182 -0.937731 -0.093037
-0.019287 -0.194946 -0.021240 -0.037500 -0.379032 -0.041297
0.059937 -0.026733 -0.037476 0.116534 -0.051978 -0.072863
0.052612 -0.038574 -0.064453 0.102294 -0.075000 -0.125316
-0.075195 -0.252686 -0.095947 -0.146202 -0.491294 -0.186549
-0.128418 -0.284546 -0.083374 -0.249682 -0.553240 -0.162103
-0.156250 -0.301758 -0.070190 -0.303796 -0.586705 -0.136471
-0.089844 -0.174805 -0.071411 -0.174682 -0.339871 -0.138844
-0.062622 -0.061646 -0.093750 -0.121756 -0.119857 -0.182277
-0.031738 -0.009277 -0.119263 -0.061708 -0.018038 -0.231881
-0.012451 -0.010986 -0.109375 -0.024209 -0.021361 -0.212657
-0.010254 -0.025635 -0.094727 -0.019937 -0.049841 -0.184176
-0.033569 -0.066895 -0.084717 -0.065269 -0.130062 -0.164714
-0.042114 0.048950 -0.105347 -0.081882 0.095173 -0.204825
-0.041748 0.083252 -0.132202 -0.081170 0.161866 -0.257040
-0.034546 0.003418 -0.124268 -0.067167 0.006646 -0.241612
-0.014771 -0.002563 -0.118408 -0.028718 -0.004984 -0.230220
0.001831 0.018066 -0.113281 0.003560 0.035126 -0.220252
-0.002075 0.029663 -0.118530 -0.004035 0.057674 -0.230457
-0.019653 0.012695 -0.121826 -0.038212 0.024683 -0.236866
0.174316 0.472168 -0.181274 0.338922 0.918032 -0.352450
0.240845 0.715332 -0.152588 0.468272 1.390814 -0.296675
0.051514 0.687256 -0.045898 0.100158 1.336226 -0.089240
0.043457 0.394775 -0.089722 0.084493 0.767558 -0.174445
-0.059448 -0.023438 -0.062500 -0.115585 -0.045569 -0.121518
-0.164795 -0.472534 -0.066772 -0.320409 -0.918744 -0.129825
-0.098755 -0.252930 -0.078003 -0.192008 -0.491769 -0.151660
-0.075439 -0.101196 -0.087891 -0.146676 -0.196755 -0.170885
-0.036133 0.012817 -0.098145 -0.070253 0.024921 -0.190822
-0.000977 0.186768 -0.130249 -0.001899 0.363131 -0.253242
0.062500 0.491333 -0.151001 0.121518 0.955295 -0.293590
0.018066 0.372070 -0.110229 0.035126 0.723413 -0.214318
-0.027466 0.486694 -0.081055 -0.053402 0.946276 -0.157594
0.011719 0.926880 -0.124268 0.022785 1.802125 -0.241612
0.021973 1.214722 -0.115234 0.042721 2.361773 -0.224049
0.080078 1.448975 -0.101563 0.155695 2.817229 -0.197467
0.059937 0.776367 -0.109863 0.116534 1.509484 -0.213606
0.085693 0.548706 -0.116821 0.166613 1.066845 -0.227135
0.223877 0.973267 -0.178223 0.435282 1.892314 -0.346517
0.187134 1.088867 -0.169922 0.363843 2.117075 -0.330378
0.075684 0.748047 -0.163452 0.147151 1.454421 -0.317799
-0.110107 0.147461 -0.165527 -0.214081 0.286707 -0.321833
-0.286743 -0.500732 -0.151367 -0.557512 -0.973570 -0.294302
-0.411743 -1.442139 -0.090088 -0.800549 -2.803938 -0.175157
-0.638306 -2.290039 0.051636 -1.241052 -4.452504 0.100395
-0.320435 -0.760864 -0.060181 -0.623018 -1.479342 -0.117009
0.338501 0.838013 -0.229370 0.658145 1.629341 -0.445962
0.109009 0.216187 -0.268188 0.211945 0.420330 -0.521437
-0.139526 -0.366333 -0.169922 -0.271280 -0.712258 -0.330378
-0.053223 -0.062378 -0.139771 -0.103480 -0.121281 -0.271755
-0.034912 0.005615 -0.157593 -0.067879 0.010918 -0.306406
-0.112915 -0.032349 -0.107544 -0.219540 -0.062895 -0.209097
0.073730 0.664917 -0.221436 0.143354 1.292793 -0.430535
