0.026367 -0.620972 -0.434937 0.051266 -1.207350 -0.845643
-0.084961 -0.072754 -0.224854 -0.165189 -0.141455 -0.437181
-0.127075 0.157715 -0.049927 -0.247071 0.306644 -0.097072
-0.007935 -0.095703 -0.030762 -0.015427 -0.186075 -0.059810
0.224854 -0.675537 -0.078735 0.437181 -1.313441 -0.153084
0.224121 -0.916870 -0.126831 0.435757 -1.782663 -0.246597
0.159058 0.034058 -0.013062 0.309254 0.066218 -0.025395
-0.106689 0.234253 -0.113159 -0.207435 0.455456 -0.220014
0.000732 0.140259 0.000854 0.001424 0.272704 0.001661
0.051270 0.411011 0.129150 0.099683 0.799125 0.251106
0.026245 0.371704 0.117188 0.051028 0.722701 0.227847
-0.041016 -0.064575 -0.114380 -0.079746 -0.125553 -0.222388
-0.098145 0.111084 -0.184448 -0.190822 0.215980 -0.358621
-0.102539 0.274536 -0.208984 -0.199366 0.533778 -0.406327
-0.074951 0.173340 -0.241211 -0.145727 0.337023 -0.468984
-0.024536 0.107300 -0.214844 -0.047705 0.208622 -0.417719
-0.010620 0.030151 -0.155151 -0.020649 0.058623 -0.301659
0.028687 0.073730 -0.135132 0.055775 0.143354 -0.262736
0.027100 0.094971 -0.153320 0.052690 0.184651 -0.298099
0.025269 0.143677 -0.162476 0.049129 0.279350 -0.315900
0.029053 0.060547 -0.134521 0.056487 0.117721 -0.261549
0.009766 -0.060303 -0.101196 0.018987 -0.117246 -0.196755
0.005249 -0.040771 -0.093750 0.010206 -0.079272 -0.182277
0.018799 0.033936 -0.100586 0.036550 0.065981 -0.195568
0.028076 0.092896 -0.099976 0.054588 0.180616 -0.194382
0.035522 0.170288 -0.107788 0.069066 0.331090 -0.209571
0.058594 0.173462 -0.115845 0.113923 0.337261 -0.225236
0.036621 0.022827 -0.085327 0.071202 0.044383 -0.165901
-0.011597 -0.082642 -0.100342 -0.022547 -0.160679 -0.195094
0.022217 0.017944 -0.128418 0.043196 0.034889 -0.249682
-0.015625 0.159912 -0.129639 -0.030380 0.310916 -0.252055
0.018311 0.301636 -0.127441 0.035601 0.586468 -0.247783
0.017822 0.160156 -0.129272 0.034652 0.311390 -0.251343
0.007202 -0.030518 -0.111938 0.014003 -0.059335 -0.217641
-0.012939 0.006958 -0.111084 -0.025158 0.013528 -0.215980
-0.015137 0.110352 -0.111328 -0.029430 0.214556 -0.216454
0.016968 0.105225 -0.088745 0.032990 0.204587 -0.172546
0.023560 0.033813 -0.071533 0.045807 0.065743 -0.139081
0.055908 0.045898 -0.073853 0.108702 0.089240 -0.143591
0.033203 0.047729 -0.086792 0.064557 0.092800 -0.168749
0.019287 0.057983 -0.104492 0.037500 0.112737 -0.203163
0.009766 0.064087 -0.104126 0.018987 0.124604 -0.202451
0.021851 0.098633 -0.105591 0.042484 0.191771 -0.205299
0.039917 0.090820 -0.059814 0.077610 0.176581 -0.116297
0.019653 0.079590 0.015259 0.038212 0.154746 0.029668
0.067383 0.161133 0.058105 0.131012 0.313289 0.112974
0.109863 0.213867 -0.086426 0.213606 0.415820 -0.168037
0.145630 0.176270 -0.191772 0.283147 0.342719 -0.372862
0.021484 0.020142 -0.176270 0.041772 0.039161 -0.342719
-0.029907 0.050415 -0.286621 -0.058148 0.098022 -0.557275
0.049316 0.261108 -0.415405 0.095885 0.507671 -0.807669
0.038208 0.383911 -0.399780 0.074288 0.746435 -0.777289
0.004272 0.263916 -0.323730 0.008307 0.513130 -0.629426
-0.009644 0.173218 -0.279419 -0.018750 0.336786 -0.543272
-0.069458 0.048462 -0.216431 -0.135047 0.094224 -0.420804
-0.169678 -0.142090 -0.098755 -0.329903 -0.276264 -0.192008
-0.168335 -0.106567 -0.083130 -0.327292 -0.207198 -0.161629
-0.045776 0.062256 -0.106689 -0.089003 0.121044 -0.207435
0.010864 0.109741 -0.082642 0.021123 0.213369 -0.160679
-0.008179 -0.018188 -0.044800 -0.015902 -0.035364 -0.087104
-0.032959 -0.114136 -0.090332 -0.064082 -0.221913 -0.175632
-0.008423 0.006592 -0.207642 -0.016376 0.012816 -0.403716
0.038452 0.170288 -0.255005 0.074762 0.331090 -0.495804
0.068359 0.101807 -0.238281 0.132911 0.197942 -0.463288
0.086426 0.040161 -0.230225 0.168037 0.078085 -0.447624
0.106812 0.087646 -0.230835 0.207673 0.170410 -0.448810
0.120605 0.089966 -0.206787 0.234492 0.174920 -0.402054
0.072266 0.038330 -0.125488 0.140505 0.074525 -0.243986
0.023926 0.055298 -0.092773 0.046519 0.107515 -0.180379
0.033813 0.145508 -0.089600 0.065743 0.282910 -0.174208
0.048096 0.148804 -0.120239 0.093512 0.289318 -0.233780
0.099121 0.121216 -0.142822 0.192720 0.235679 -0.277688
0.119751 0.096558 -0.149658 0.232831 0.187736 -0.290979
0.118774 0.130005 -0.152954 0.230932 0.252767 -0.297387
0.109863 0.132080 -0.123535 0.213606 0.256802 -0.240188
0.129517 0.080322 -0.084717 0.251818 0.156170 -0.164714
0.146729 0.044556 -0.070435 0.285283 0.086629 -0.136945
0.113159 -0.005615 -0.055786 0.220014 -0.010918 -0.108465
0.076904 -0.060791 -0.064819 0.149524 -0.118195 -0.126028
0.044067 -0.043213 -0.096924 0.085680 -0.084018 -0.188448
