-0.100342 0.660645 0.053223 -0.195094 1.284486 0.103480
0.031982 0.361084 0.016724 0.062183 0.702053 0.032516
0.099365 0.314575 0.070068 0.193195 0.611626 0.136233
0.047729 0.360474 -0.007324 0.092800 0.700866 -0.014240
0.034546 0.129761 -0.076416 0.067167 0.252293 -0.148575
0.141113 -0.025146 0.043213 0.274365 -0.048892 0.084018
0.215698 -0.619873 0.384155 0.419380 -1.205214 0.746910
0.241821 -0.489014 -0.068848 0.470171 -0.950785 -0.133860
0.081909 1.558716 -0.245483 0.159255 3.030598 -0.477291
-0.016235 2.353394 -0.177002 -0.031566 4.575683 -0.344143
0.359253 2.545410 -0.205200 0.698492 4.949019 -0.398969
0.335815 1.408081 -0.311768 0.652923 2.737720 -0.606167
-0.594360 1.440552 0.197266 -1.155610 2.800853 0.383542
-0.812134 0.480591 0.055176 -1.579025 0.934409 0.107278
-0.393188 0.138916 0.042358 -0.764473 0.270093 0.082357
-0.371826 -0.163330 0.048706 -0.722938 -0.317561 0.094699
-0.254517 -0.730591 0.272949 -0.494854 -1.420482 0.530693
-0.086182 -1.680176 0.426392 -0.167562 -3.266752 0.829030
0.094604 -2.675537 0.425415 0.183939 -5.202024 0.827131
0.587769 -1.967896 0.089355 1.142793 -3.826163 0.173733
0.933960 -1.514404 -0.050049 1.815891 -2.944443 -0.097310
1.283813 -1.123047 0.407471 2.496108 -2.183531 0.792242
0.677490 -1.312378 0.426025 1.317239 -2.551646 0.828318
0.358643 -1.697632 0.085571 0.697306 -3.300691 0.166376
0.205566 -1.890625 -0.025391 0.399681 -3.675926 -0.049367
-0.280151 -2.080566 -0.159668 -0.544696 -4.045228 -0.310441
-0.571289 -1.891479 -0.514404 -1.110753 -3.677588 -1.000152
-0.718750 -1.499146 -0.950439 -1.397460 -2.914776 -1.847932
-0.571289 -0.971680 -0.977173 -1.110753 -1.889229 -1.899909
-0.442993 -1.080322 -0.999756 -0.861308 -2.100461 -1.943817
0.199463 -0.038086 -0.909424 0.387814 -0.074050 -1.768185
0.383545 2.030762 -0.352295 0.745723 3.948393 -0.684964
-0.081299 3.637085 0.775513 -0.158069 7.071554 1.507823
0.250366 2.697998 0.234253 0.486785 5.245695 0.455456
-0.442627 -0.411743 -0.406006 -0.860596 -0.800549 -0.789394
-0.698486 -0.084473 0.324951 -1.358061 -0.164239 0.631800
-0.680176 0.163086 0.666016 -1.322460 0.317087 1.294929
-0.587036 -0.089600 0.587402 -1.141369 -0.174208 1.142081
-0.768921 1.067261 0.181396 -1.495006 2.075066 0.352688
-0.499756 1.307739 0.051514 -0.971671 2.542626 0.100158
0.032837 0.607910 0.099121 0.063845 1.181955 0.192720
-0.186646 0.392578 0.222900 -0.362893 0.763286 0.433383
-0.204956 1.620605 0.024536 -0.398494 3.150930 0.047705
0.101318 3.111572 -0.881592 0.196992 6.049804 -1.714072
0.677002 3.496338 -0.457031 1.316289 6.797900 -0.888602
0.122559 1.828247 -0.042969 0.238290 3.554646 -0.083544
-0.350708 1.247314 0.563477 -0.681879 2.425143 1.095563
-0.064941 2.603760 0.542603 -0.126265 5.062468 1.054978
0.233887 3.901123 -0.285400 0.454744 7.584921 -0.554902
0.036255 3.999878 -0.309204 0.070490 7.776929 -0.601183
-0.255249 2.260986 -0.252808 -0.496279 4.396017 -0.491532
-0.277954 1.093872 0.193970 -0.540424 2.126806 0.377134
-0.064575 1.454224 0.324951 -0.125553 2.827435 0.631800
-0.106323 1.786743 0.092163 -0.206723 3.473950 0.179192
-0.479370 1.442627 -0.100952 -0.932035 2.804888 -0.196280
-0.780640 0.521362 -0.151611 -1.517791 1.013680 -0.294777
-0.688843 -1.670288 0.094482 -1.339311 -3.247527 0.183701
-0.714355 -2.822266 0.043335 -1.388915 -5.487308 0.084256
-0.826782 -1.663330 -0.395630 -1.607506 -3.233999 -0.769220
-0.192749 -1.479614 -0.143188 -0.374760 -2.876801 -0.278400
0.845825 0.081177 -0.163940 1.644531 0.157831 -0.318748
0.175537 0.009155 -0.227539 0.341295 0.017801 -0.442402
-0.139282 -2.223511 -0.089844 -0.270805 -4.323153 -0.174682
-0.006348 -2.449097 -0.443848 -0.012342 -4.761758 -0.862969
-0.707275 -1.879272 -1.478271 -1.375150 -3.653854 -2.874191
-0.708740 -1.155640 -1.618896 -1.377998 -2.246901 -3.147607
-0.899292 -4.000000 -0.645874 -1.748486 -7.777166 -1.255767
-1.530273 -4.000000 0.902100 -2.975298 -7.777166 1.753945
-1.867432 0.314819 2.512451 -3.630832 0.612101 4.884938
-0.451416 0.851196 1.373291 -0.877684 1.654974 2.670078
0.920288 1.919434 -0.036011 1.789308 3.731939 -0.070015
0.498169 1.406006 -0.258545 0.968586 2.733685 -0.502687
-0.258301 -0.542236 -0.347534 -0.502212 -1.054265 -0.675708
-0.016968 -0.700928 -0.312256 -0.032990 -1.362808 -0.607116
0.016357 -0.880981 -0.488892 0.031804 -1.712885 -0.950548
0.045166 -0.371338 -0.247437 0.087816 -0.721989 -0.481089
0.767334 1.457153 -0.225464 1.491921 2.833131 -0.438368
0.171509 0.104370 -0.412354 0.333463 0.202926 -0.801735
-0.237915 0.144775 -0.313232 -0.462576 0.281486 -0.609015
0.153809 0.636475 -0.380371 0.299049 1.237492 -0.739552
