0.175903 0.373657 0.335449 0.342007 0.726499 0.652211
0.119751 0.680420 0.043945 0.232831 1.322935 0.085443
0.153442 0.344604 -0.533813 0.298337 0.670012 -1.037889
0.071289 -0.041260 -0.604736 0.138607 -0.080221 -1.175784
-0.203125 -0.276245 -0.667236 -0.394934 -0.537101 -1.297302
-0.656250 -0.347046 -0.711304 -1.275941 -0.674758 -1.382982
-0.975464 -0.503906 -0.932129 -1.896586 -0.979741 -1.812330
-0.830688 -1.066772 -0.828369 -1.615101 -2.074117 -1.610591
-0.115112 -0.692871 -0.347412 -0.223812 -1.347143 -0.675470
0.227295 0.579712 0.004639 0.441928 1.127129 0.009019
0.314697 0.429321 0.043213 0.611863 0.834726 0.084018
0.251709 -0.262939 -0.171143 0.489396 -0.511231 -0.332751
0.266968 -0.528442 -0.247437 0.519063 -1.027446 -0.481089
0.241943 -0.597778 -0.143555 0.470408 -1.162255 -0.279112
0.204468 -0.581421 -0.025146 0.397545 -1.130452 -0.048892
0.171997 0.034424 -0.100830 0.334412 0.066930 -0.196043
0.130859 0.021240 -0.121460 0.254429 0.041297 -0.236154
0.082275 -0.102783 0.008789 0.159967 -0.199841 0.017089
0.015259 0.064087 0.078979 0.029668 0.124604 0.153559
-0.030029 -0.125366 -0.004150 -0.058386 -0.243748 -0.008070
0.057373 -0.292358 -0.088867 0.111550 -0.568430 -0.172784
0.080444 0.065552 -0.109619 0.156407 0.127452 -0.213132
-0.006714 0.311035 -0.062378 -0.013054 0.604743 -0.121281
-0.057007 0.119263 -0.121216 -0.110838 0.231881 -0.235679
-0.069824 -0.089478 -0.156982 -0.135759 -0.173970 -0.305220
0.024658 -0.255859 -0.116211 0.047943 -0.497465 -0.225948
0.267578 -0.071411 -0.133667 0.520250 -0.138844 -0.259888
0.342896 0.176880 -0.122925 0.666689 0.343906 -0.239002
0.166382 0.206909 -0.297241 0.323495 0.402292 -0.577924
0.221558 0.455566 -0.253784 0.430773 0.885754 -0.493430
0.367798 0.708008 -0.205811 0.715106 1.376574 -0.400156
0.456421 0.994751 -0.416626 0.887415 1.934086 -0.810042
0.575195 1.068481 -0.519653 1.118347 2.077440 -1.010358
0.578735 0.781250 -0.386963 1.125230 1.518978 -0.752369
0.153442 0.164063 -0.274658 0.298337 0.318985 -0.534016
-0.139771 0.209595 -0.095825 -0.271755 0.407513 -0.186312
-0.357422 0.247192 -0.310791 -0.694932 0.480614 -0.604268
-0.557495 0.651611 -0.644165 -1.083933 1.266922 -1.252445
-0.335693 0.406128 -0.285889 -0.652686 0.789631 -0.555851
0.079346 -0.011841 0.141479 0.154271 -0.023022 0.275077
0.202148 0.309814 0.109985 0.393036 0.602370 0.213844
0.271484 0.534668 0.063110 0.527845 1.039550 0.122705
0.163574 0.412231 -0.215820 0.318036 0.801498 -0.419618
0.375000 0.447021 -0.244629 0.729109 0.869140 -0.475630
0.450806 0.430908 -0.173828 0.876498 0.837811 -0.337973
0.300293 0.639526 -0.153198 0.583857 1.243426 -0.297862
0.020752 0.541626 -0.088623 0.040348 1.053079 -0.172309
-0.016479 0.335205 -0.094238 -0.032041 0.651736 -0.183227
0.001953 0.129272 -0.126953 0.003797 0.251343 -0.246834
0.109375 -0.043091 -0.212769 0.212657 -0.083781 -0.413684
0.152832 -0.164917 -0.150391 0.297150 -0.320647 -0.292403
0.087524 -0.117676 -0.108521 0.170173 -0.228796 -0.210996
0.073975 0.048218 -0.148193 0.143828 0.093749 -0.288131
0.007813 -0.056763 -0.155518 0.015190 -0.110363 -0.302372
-0.043823 -0.114380 -0.135742 -0.085205 -0.222388 -0.263922
-0.036377 -0.082886 -0.126099 -0.070727 -0.161154 -0.245173
-0.008545 -0.004395 -0.116089 -0.016614 -0.008544 -0.225711
-0.021484 0.065552 -0.116333 -0.041772 0.127452 -0.226185
-0.051025 0.044922 -0.126099 -0.099208 0.087341 -0.245173
-0.068970 0.006958 -0.105347 -0.134097 0.013528 -0.204825
-0.019287 0.029175 -0.103271 -0.037500 0.056724 -0.200790
0.016724 0.045532 -0.162720 0.032516 0.088528 -0.316375
0.074829 0.011353 -0.203613 0.145490 0.022073 -0.395884
0.164429 0.047241 -0.226440 0.319697 0.091851 -0.440266
0.193726 0.133179 -0.201172 0.376659 0.258938 -0.391137
0.179810 0.204834 -0.166504 0.349602 0.398257 -0.323732
0.176880 0.227539 -0.142334 0.343906 0.442402 -0.276739
0.141113 0.151855 -0.110107 0.274365 0.295251 -0.214081
0.018188 0.052246 -0.173950 0.035364 0.101582 -0.338210
0.017944 -0.160767 0.023804 0.034889 -0.312577 0.046281
-0.000122 0.031738 -0.052734 -0.000237 0.061708 -0.102531
-0.058228 0.101440 -0.026001 -0.113211 0.197230 -0.050553
-0.016113 0.106934 -0.080444 -0.031329 0.207910 -0.156407
-0.009155 0.125366 -0.058228 -0.017801 0.243748 -0.113211
-0.022949 0.134521 -0.079346 -0.044620 0.261549 -0.154271
-0.083618 0.122314 -0.193359 -0.162578 0.237815 -0.375947
-0.148804 0.418579 -0.367188 -0.289318 0.813840 -0.713920
-0.137573 0.605469 -0.246338 -0.267482 1.177208 -0.478953
-0.087158 0.193604 -0.109375 -0.169461 0.376422 -0.212657
-0.037354 0.154175 -0.091919 -0.072626 0.299761 -0.178717
