0.296021 0.578735 -0.442871 0.575550 1.125230 -0.861071
0.437134 -0.164673 -0.555542 0.849916 -0.320172 -1.080136
0.452393 -0.594604 -0.583862 0.879583 -1.156085 -1.135199
0.264404 -0.583130 -0.429321 0.514079 -1.133775 -0.834726
0.492554 -0.419312 -0.265381 0.957668 -0.815264 -0.515978
0.899536 -0.663818 -0.483154 1.748961 -1.290656 -0.939393
1.098389 0.020386 -1.260498 2.135588 0.039636 -2.450776
0.905884 -0.118896 -0.741821 1.761302 -0.231169 -1.442317
0.480103 0.017822 -1.457886 0.933459 0.034652 -2.834555
0.723022 0.403076 -1.260986 1.405766 0.783698 -2.451725
0.774536 0.123169 -0.451172 1.505924 0.239476 -0.877210
0.703247 0.147461 0.393677 1.367317 0.286707 0.765422
0.578003 0.676880 0.739624 1.123806 1.316052 1.438045
0.448975 1.368408 1.108765 0.872938 2.660585 2.155762
0.346558 0.721069 1.089355 0.673809 1.401969 2.118025
-0.078735 0.417969 0.774170 -0.153084 0.812653 1.505212
-0.497803 -0.021240 0.864990 -0.967874 -0.041297 1.681793
-0.490845 0.499634 0.746338 -0.954345 0.971434 1.451098
0.128174 2.069824 0.104858 0.249207 4.024342 0.203875
0.422729 3.562012 0.019287 0.821909 6.925590 0.037500
0.393799 3.999878 0.132324 0.765660 7.776929 0.257277
0.469360 3.026367 -0.138184 0.912573 5.884140 -0.268669
0.357422 2.031372 -0.072510 0.694932 3.949580 -0.140980
0.229126 1.378052 0.001221 0.445488 2.679334 0.002373
0.158569 1.317017 -0.082886 0.308305 2.560664 -0.161154
0.178345 1.458740 -0.146606 0.346754 2.836216 -0.285046
0.196533 0.830444 -0.294678 0.382118 1.614626 -0.572939
-0.037476 -0.469727 -0.267090 -0.072863 -0.913285 -0.519301
-0.339966 -1.953491 -0.189819 -0.660993 -3.798156 -0.369064
-0.661987 -3.808716 0.054688 -1.287096 -7.405254 0.106328
-0.846924 -4.000000 0.223511 -1.646667 -7.777166 0.434570
-0.659058 -3.346313 -0.018677 -1.281400 -6.506209 -0.036313
-0.257690 -1.243774 -0.198364 -0.501025 -2.418260 -0.385678
0.165283 0.089722 -0.307861 0.321359 0.174445 -0.598572
0.652466 1.273193 -0.255981 1.268584 2.475459 -0.497703
0.023315 0.092285 0.014282 0.045332 0.179429 0.027769
-0.085815 0.218628 0.048340 -0.166850 0.425076 0.093987
-0.185425 -0.019653 -0.018799 -0.360520 -0.038212 -0.036550
-0.149414 -0.033325 -0.121582 -0.290505 -0.064794 -0.236391
-0.176270 -0.133545 -0.081909 -0.342719 -0.259650 -0.159255
-0.183228 -0.321899 -0.024170 -0.356248 -0.625866 -0.046993
-0.102417 -0.313110 -0.048950 -0.199128 -0.608778 -0.095173
-0.099976 -0.408447 -0.157471 -0.194382 -0.794141 -0.306169
-0.225098 -0.291382 -0.269775 -0.437655 -0.566531 -0.524522
-0.352905 -0.166382 -0.328247 -0.686151 -0.323495 -0.638208
-0.489380 -0.097778 -0.277466 -0.951497 -0.190110 -0.539474
-0.606079 -0.109863 -0.156006 -1.178395 -0.213606 -0.303321
-0.584473 -0.238037 -0.001465 -1.136385 -0.462814 -0.002848
-0.479614 -0.351440 -0.020630 -0.932510 -0.683303 -0.040111
-0.420654 -0.402222 -0.056885 -0.817875 -0.782036 -0.110601
-0.329468 -0.248413 -0.108521 -0.640581 -0.482987 -0.210996
-0.214600 -0.027344 -0.136963 -0.417244 -0.053164 -0.266296
-0.405884 -0.975098 -0.194824 -0.789156 -1.895874 -0.378795
-0.409302 -0.986450 -0.181519 -0.795802 -1.917947 -0.352925
-0.197144 -0.428223 -0.195923 -0.383305 -0.832590 -0.380931
-0.144531 -0.632202 -0.383911 -0.281011 -1.229185 -0.746435
-0.195190 -0.864990 -0.407593 -0.379507 -1.681793 -0.792479
0.096558 -0.716064 -0.339478 0.187736 -1.392238 -0.660043
0.328247 -0.345337 -0.108032 0.638208 -0.671436 -0.210046
-0.157349 0.391602 0.557373 -0.305932 0.761388 1.083696
-0.747314 0.981934 1.238037 -1.452997 1.909165 2.407105
-0.990967 1.162598 0.605469 -1.926728 2.260429 1.177208
-0.779053 0.411133 0.094116 -1.514706 0.799362 0.182989
-0.385864 -0.421753 -0.113281 -0.750233 -0.820011 -0.220252
-0.585327 -0.952271 0.039185 -1.138047 -1.851492 0.076186
-0.525635 -0.928467 0.204224 -1.021987 -1.805210 0.397070
-0.367065 -0.598877 0.121338 -0.713682 -1.164391 0.235916
-0.208252 -0.378662 -0.043213 -0.404903 -0.736230 -0.084018
-0.010986 -0.300903 -0.225464 -0.021361 -0.585044 -0.438368
0.121460 -0.494263 -0.462891 0.236154 -0.960991 -0.899994
0.307617 -0.692627 -0.520630 0.598098 -1.346669 -1.012256
0.391724 -0.962280 -0.522095 0.761625 -1.870953 -1.015104
0.349243 -0.917969 -0.446777 0.679031 -1.784799 -0.868665
0.492065 -0.876343 -0.071777 0.956719 -1.703866 -0.139556
0.648560 -0.798462 0.358643 1.260989 -1.552443 0.697306
0.609009 -1.346191 0.235474 1.184091 -2.617389 0.457829
0.194824 -1.983521 0.024414 0.378795 -3.856542 0.047468
0.013550 -1.635986 -0.049316 0.026345 -3.180835 -0.095885
0.372559 -0.516235 -0.139404 0.724363 -1.003712 -0.271043
0.824341 0.747559 -0.381226 1.602759 1.453472 -0.741214
