0.076660 1.482178 0.713623 0.149050 2.881786 1.387491
-0.502441 0.006836 0.706299 -0.976893 0.013291 1.373251
-0.151733 0.271606 0.001953 -0.295014 0.528082 0.003797
0.098877 0.257935 -0.367798 0.192246 0.501500 -0.715106
0.314331 0.637695 -0.476563 0.611151 1.239866 -0.926576
0.148193 0.405151 -0.004883 0.288131 0.787732 -0.009494
-0.205811 0.030396 0.103027 -0.400156 0.059098 0.200315
-0.440063 -0.091797 0.009033 -0.855612 -0.178480 0.017563
-0.378418 -0.132813 -0.059937 -0.735755 -0.258226 -0.116534
-0.078735 0.316406 -0.194458 -0.153084 0.615186 -0.378083
0.114502 0.745850 -0.296753 0.222625 1.450149 -0.576974
0.192627 0.517090 -0.297485 0.374523 1.005373 -0.578398
-0.015381 0.472778 -0.340454 -0.029905 0.919219 -0.661942
-0.033081 1.010498 -0.540405 -0.064319 1.964703 -1.050705
0.032227 0.093994 -0.303345 0.062658 0.182752 -0.589791
-0.011353 -0.282227 -0.178345 -0.022073 -0.548731 -0.346754
-0.075073 -0.283081 -0.214966 -0.145964 -0.550392 -0.417956
-0.017822 -0.263794 -0.187866 -0.034652 -0.512892 -0.365267
-0.010620 -0.245239 -0.133911 -0.020649 -0.476817 -0.260362
-0.064087 -0.289063 -0.092163 -0.124604 -0.562022 -0.179192
-0.052124 -0.259277 -0.052856 -0.101344 -0.504111 -0.102768
-0.077881 -0.395630 -0.049561 -0.151423 -0.769220 -0.096360
-0.057007 -0.477417 -0.037231 -0.110838 -0.928238 -0.072389
-0.006592 -0.339600 -0.066162 -0.012816 -0.660281 -0.128638
0.034302 -0.261719 -0.058350 0.066693 -0.508858 -0.113449
0.030884 -0.178833 -0.057007 0.060047 -0.347704 -0.110838
0.020386 -0.013428 -0.063721 0.039636 -0.026107 -0.123892
-0.022339 0.028564 -0.078857 -0.043433 0.055538 -0.153322
-0.004028 0.136108 -0.148560 -0.007832 0.264634 -0.288843
-0.026367 0.058716 -0.147095 -0.051266 0.114161 -0.285995
-0.010986 0.050659 -0.123047 -0.021361 0.098496 -0.239239
-0.020142 -0.007568 -0.094727 -0.039161 -0.014715 -0.184176
-0.006226 0.011719 -0.086060 -0.012104 0.022785 -0.167325
-0.030762 -0.029053 -0.094116 -0.059810 -0.056487 -0.182989
-0.016357 -0.004272 -0.112915 -0.031804 -0.008307 -0.219540
-0.014160 0.009277 -0.137695 -0.027531 0.018038 -0.267720
-0.028076 -0.044189 -0.129517 -0.054588 -0.085917 -0.251818
-0.013062 0.021973 -0.114868 -0.025395 0.042721 -0.223337
-0.075439 -0.106689 -0.076782 -0.146676 -0.207435 -0.149287
-0.035156 -0.025879 -0.094238 -0.068354 -0.050316 -0.183227
-0.026611 -0.027710 -0.121216 -0.051740 -0.053876 -0.235679
-0.018677 0.015747 -0.150391 -0.036313 0.030617 -0.292403
0.009033 0.085327 -0.143921 0.017563 0.165901 -0.279824
-0.014160 0.059326 -0.113281 -0.027531 0.115347 -0.220252
-0.021240 0.059082 -0.098389 -0.041297 0.114873 -0.191296
-0.043213 -0.005859 -0.082764 -0.084018 -0.011392 -0.160917
-0.050781 -0.015747 -0.102295 -0.098734 -0.030617 -0.198891
-0.023315 0.056274 -0.134277 -0.045332 0.109414 -0.261074
-0.005493 0.097046 -0.142578 -0.010680 0.188686 -0.277213
-0.018311 0.064209 -0.121826 -0.035601 0.124841 -0.236866
-0.017334 0.015869 -0.101440 -0.033702 0.030854 -0.197230
-0.029053 -0.002075 -0.093384 -0.056487 -0.004035 -0.181565
-0.032471 0.040283 -0.107666 -0.063133 0.078322 -0.209334
-0.023560 0.072388 -0.115845 -0.045807 0.140743 -0.225236
-0.013184 0.079834 -0.119507 -0.025633 0.155221 -0.232356
-0.015869 0.062134 -0.108765 -0.030854 0.120806 -0.211470
-0.030640 0.019043 -0.090332 -0.059572 0.037025 -0.175632
-0.053467 -0.041138 -0.075806 -0.103955 -0.079984 -0.147388
-0.048462 -0.028687 -0.097656 -0.094224 -0.055775 -0.189872
-0.022217 0.007324 -0.119751 -0.043196 0.014240 -0.232831
-0.013794 0.035400 -0.130981 -0.026819 0.068829 -0.254666
-0.025024 0.019165 -0.123169 -0.048655 0.037262 -0.239476
-0.019409 0.020630 -0.127930 -0.037737 0.040111 -0.248733
-0.007324 0.011475 -0.140137 -0.014240 0.022310 -0.272467
-0.004517 0.000488 -0.143433 -0.008782 0.000949 -0.278875
0.005493 0.026611 -0.137817 0.010680 0.051740 -0.267957
-0.003906 0.033447 -0.126099 -0.007595 0.065031 -0.245173
-0.027710 0.030762 -0.117920 -0.053876 0.059810 -0.229271
-0.036499 0.016113 -0.117065 -0.070965 0.031329 -0.227609
-0.033813 -0.003296 -0.125854 -0.065743 -0.006408 -0.244698
-0.019287 -0.014526 -0.135376 -0.037500 -0.028243 -0.263210
-0.003784 0.020630 -0.132935 -0.007358 0.040111 -0.258464
-0.027832 0.006226 -0.115723 -0.054114 0.012104 -0.224999
-0.034668 0.015625 -0.112305 -0.067405 0.030380 -0.218353
-0.030884 0.019165 -0.118652 -0.060047 0.037262 -0.230695
-0.020142 0.003662 -0.121216 -0.039161 0.007120 -0.235679
-0.023682 -0.015381 -0.112427 -0.046044 -0.029905 -0.218590
-0.024658 -0.009888 -0.103760 -0.047943 -0.019225 -0.201739
-0.028931 0.015503 -0.103760 -0.056250 0.030142 -0.201739
-0.020752 0.034912 -0.103027 -0.040348 0.067879 -0.200315
