0.273193 0.294922 -0.496216 0.531168 0.573414 -0.964788
0.114258 0.228760 -0.427856 0.222151 0.444776 -0.831878
0.184082 0.372925 -0.415039 0.357909 0.725075 -0.806957
0.273315 0.222168 -0.413940 0.531405 0.431959 -0.804821
0.441895 0.207886 -0.328613 0.859172 0.404191 -0.638920
0.517578 0.341797 -0.201904 1.006323 0.664553 -0.392561
0.523438 0.748413 -0.114990 1.017715 1.455133 -0.223575
0.174683 0.447876 0.065918 0.339634 0.870802 0.128164
0.120605 0.135132 0.071777 0.234492 0.262736 0.139556
0.144043 0.010620 -0.010376 0.280062 0.020649 -0.020174
0.027710 -0.248047 -0.036499 0.053876 -0.482275 -0.070965
-0.073730 -0.189819 -0.120972 -0.143354 -0.369064 -0.235204
0.030762 0.060669 -0.152222 0.059810 0.117958 -0.295963
0.070923 0.052612 -0.141968 0.137895 0.102294 -0.276027
0.093018 -0.095703 -0.109131 0.180853 -0.186075 -0.212182
0.059448 -0.167114 -0.088745 0.115585 -0.324919 -0.172546
0.108521 -0.030518 -0.181152 0.210996 -0.059335 -0.352213
0.119995 0.018066 -0.250000 0.233305 0.035126 -0.486073
0.100342 -0.057007 -0.279907 0.195094 -0.110838 -0.544221
0.065308 -0.091797 -0.308594 0.126977 -0.178480 -0.599996
0.020752 -0.088257 -0.348877 0.040348 -0.171597 -0.678319
0.064209 0.007935 -0.365234 0.124841 0.015427 -0.710122
0.074951 -0.041504 -0.304688 0.145727 -0.080696 -0.592401
0.046387 -0.115356 -0.273071 0.090189 -0.224287 -0.530930
0.054199 -0.055664 -0.322998 0.105379 -0.108227 -0.628002
0.050903 -0.017822 -0.426514 0.098971 -0.034652 -0.829267
0.031006 -0.039673 -0.420044 0.060284 -0.077136 -0.816688
0.019653 -0.065918 -0.339966 0.038212 -0.128164 -0.660993
0.012573 -0.047607 -0.251831 0.024446 -0.092563 -0.489633
0.022461 -0.088867 -0.225098 0.043671 -0.172784 -0.437655
0.054932 -0.095093 -0.289307 0.106803 -0.184888 -0.562496
0.058838 -0.042358 -0.327759 0.114398 -0.082357 -0.637259
0.031982 -0.017212 -0.269531 0.062183 -0.033465 -0.524047
0.013794 -0.020264 -0.160034 0.026819 -0.039398 -0.311153
0.024536 -0.009277 -0.120117 0.047705 -0.018038 -0.233543
0.019409 0.001221 -0.154541 0.037737 0.002373 -0.300473
0.028564 0.021729 -0.166748 0.055538 0.042247 -0.324207
0.018066 -0.000977 -0.130615 0.035126 -0.001899 -0.253954
0.012573 0.002319 -0.101196 0.024446 0.004509 -0.196755
0.001953 -0.020142 -0.096191 0.003797 -0.039161 -0.187024
0.004761 -0.040161 -0.102661 0.009256 -0.078085 -0.199603
0.017456 -0.007568 -0.119507 0.033940 -0.014715 -0.232356
0.002075 0.014648 -0.127197 0.004035 0.028481 -0.247309
0.013916 0.009766 -0.127930 0.027057 0.018987 -0.248733
-0.001099 -0.054077 -0.121094 -0.002136 -0.105142 -0.235442
-0.003906 -0.060669 -0.119019 -0.007595 -0.117958 -0.231407
-0.021362 -0.045654 -0.139404 -0.041535 -0.088765 -0.271043
-0.038696 -0.038574 -0.132568 -0.075237 -0.075000 -0.257752
-0.035278 -0.019653 -0.107666 -0.068591 -0.038212 -0.209334
-0.024170 -0.024902 -0.106201 -0.046993 -0.048417 -0.206486
-0.019287 -0.045288 -0.114746 -0.037500 -0.088053 -0.223100
-0.021729 -0.019897 -0.125366 -0.042247 -0.038686 -0.243748
-0.014404 0.008179 -0.148682 -0.028006 0.015902 -0.289080
-0.007202 0.009521 -0.157593 -0.014003 0.018513 -0.306406
0.002808 0.009277 -0.147095 0.005459 0.018038 -0.285995
-0.004761 0.027344 -0.129272 -0.009256 0.053164 -0.251343
0.000122 0.041382 -0.126221 0.000237 0.080458 -0.245410
0.000732 0.034668 -0.118042 0.001424 0.067405 -0.229508
-0.004395 0.037231 -0.123291 -0.008544 0.072389 -0.239714
-0.009155 0.023315 -0.133179 -0.017801 0.045332 -0.258938
-0.018677 0.021606 -0.153320 -0.036313 0.042009 -0.298099
-0.022095 0.012695 -0.145386 -0.042959 0.024683 -0.282672
-0.010864 0.011719 -0.126221 -0.021123 0.022785 -0.245410
-0.005615 0.012085 -0.134033 -0.010918 0.023497 -0.260600
-0.001221 0.016357 -0.149780 -0.002373 0.031804 -0.291217
-0.004883 0.009644 -0.148560 -0.009494 0.018750 -0.288843
-0.012939 0.017822 -0.153076 -0.025158 0.034652 -0.297625
-0.022827 0.027588 -0.156616 -0.044383 0.053639 -0.304508
-0.012207 0.027222 -0.137329 -0.023734 0.052927 -0.267008
-0.006592 0.034058 -0.101929 -0.012816 0.066218 -0.198179
-0.015381 0.031250 -0.091919 -0.029905 0.060759 -0.178717
-0.009155 0.017090 -0.099976 -0.017801 0.033228 -0.194382
-0.004639 -0.004639 -0.104858 -0.009019 -0.009019 -0.203875
0.006348 0.027710 -0.124268 0.012342 0.053876 -0.241612
0.005615 0.042114 -0.134033 0.010918 0.081882 -0.260600
0.007080 0.020020 -0.130371 0.013766 0.038924 -0.253479
0.010132 -0.022339 -0.126343 0.019699 -0.043433 -0.245647
0.013184 -0.041870 -0.135864 0.025633 -0.081408 -0.264160
-0.004639 0.003662 -0.143066 -0.009019 0.007120 -0.278163
-0.025024 0.020752 -0.134888 -0.048655 0.040348 -0.262261
