0.124878 0.184692 -0.043823 0.242799 0.359096 -0.085205
0.272705 0.267822 -0.209473 0.530218 0.520725 -0.407276
0.140259 0.076904 -0.182251 0.272704 0.149524 -0.354349
-0.014893 -0.166626 -0.116089 -0.028956 -0.323969 -0.225711
-0.045410 -0.426880 -0.054077 -0.088291 -0.829979 -0.105142
0.067261 -0.150146 -0.191406 0.130774 -0.291929 -0.372150
0.047974 -0.085449 -0.184448 0.093275 -0.166138 -0.358621
0.015259 -0.020264 -0.141357 0.029668 -0.039398 -0.274840
-0.092163 0.014526 -0.118652 -0.179192 0.028243 -0.230695
-0.165405 -0.065552 -0.104980 -0.321596 -0.127452 -0.204113
-0.130737 -0.086792 -0.088745 -0.254191 -0.168749 -0.172546
-0.056885 -0.050415 -0.070190 -0.110601 -0.098022 -0.136471
-0.037964 -0.030396 -0.086792 -0.073813 -0.059098 -0.168749
-0.049561 -0.036743 -0.104858 -0.096360 -0.071439 -0.203875
-0.055786 -0.019287 -0.151245 -0.108465 -0.037500 -0.294065
-0.066040 -0.045288 -0.172119 -0.128401 -0.088053 -0.334650
-0.051392 -0.026855 -0.158569 -0.099920 -0.052215 -0.308305
-0.041870 0.000000 -0.142334 -0.081408 0.000000 -0.276739
-0.050293 0.013672 -0.125854 -0.097784 0.026582 -0.244698
-0.061768 0.014282 -0.104736 -0.120094 0.027769 -0.203638
-0.069946 -0.005859 -0.090088 -0.135996 -0.011392 -0.175157
-0.061035 0.001343 -0.083984 -0.118670 0.002611 -0.163290
-0.053345 0.009277 -0.085449 -0.103718 0.018038 -0.166138
-0.056519 0.016235 -0.085327 -0.109889 0.031566 -0.165901
-0.060547 0.011475 -0.074951 -0.117721 0.022310 -0.145727
-0.060181 -0.003662 -0.091553 -0.117009 -0.007120 -0.178005
-0.035767 0.019165 -0.107422 -0.069541 0.037262 -0.208859
-0.022583 0.026245 -0.117554 -0.043908 0.051028 -0.228559
-0.025879 0.027222 -0.155884 -0.050316 0.052927 -0.303084
-0.025757 0.043457 -0.164673 -0.050079 0.084493 -0.320172
-0.033325 0.016235 -0.137817 -0.064794 0.031566 -0.267957
-0.028076 0.007935 -0.126831 -0.054588 0.015427 -0.246597
-0.013428 0.012573 -0.111084 -0.026107 0.024446 -0.215980
-0.008545 0.018799 -0.102783 -0.016614 0.036550 -0.199841
-0.020996 0.033325 -0.101807 -0.040823 0.064794 -0.197942
-0.038086 0.027222 -0.107178 -0.074050 0.052927 -0.208385
-0.036865 0.020630 -0.121826 -0.071677 0.040111 -0.236866
-0.024292 0.020996 -0.125854 -0.047231 0.040823 -0.244698
-0.005127 0.027466 -0.122437 -0.009968 0.053402 -0.238052
-0.009277 0.029297 -0.123657 -0.018038 0.056962 -0.240426
-0.038086 0.010376 -0.133911 -0.074050 0.020174 -0.260362
-0.038818 0.006958 -0.148315 -0.075474 0.013528 -0.288368
-0.023438 0.013550 -0.137817 -0.045569 0.026345 -0.267957
-0.019409 0.020996 -0.118896 -0.037737 0.040823 -0.231169
-0.035767 -0.004150 -0.105225 -0.069541 -0.008070 -0.204587
-0.037720 -0.005005 -0.105347 -0.073338 -0.009731 -0.204825
-0.035645 0.002441 -0.103027 -0.069303 0.004747 -0.200315
-0.033569 -0.011108 -0.121826 -0.065269 -0.021598 -0.236866
0.003784 0.021729 -0.118164 0.007358 0.042247 -0.229745
-0.007446 0.008423 -0.092041 -0.014478 0.016376 -0.178955
-0.056641 -0.004761 -0.093018 -0.110126 -0.009256 -0.180853
-0.065308 0.005981 -0.112793 -0.126977 0.011630 -0.219302
-0.045288 -0.001831 -0.117065 -0.088053 -0.003560 -0.227609
-0.053223 -0.006226 -0.128906 -0.103480 -0.012104 -0.250631
-0.071655 -0.027710 -0.127197 -0.139319 -0.053876 -0.247309
-0.057617 -0.026367 -0.103516 -0.112025 -0.051266 -0.201265
-0.044067 -0.009033 -0.092041 -0.085680 -0.017563 -0.178955
-0.054565 -0.008911 -0.085083 -0.106091 -0.017326 -0.165426
-0.068115 -0.002319 -0.088501 -0.132436 -0.004509 -0.172072
-0.063110 0.010254 -0.102783 -0.122705 0.019937 -0.199841
-0.036377 0.030029 -0.128906 -0.070727 0.058386 -0.250631
0.009888 0.031860 -0.139404 0.019225 0.061946 -0.271043
0.036621 0.064941 -0.139648 0.071202 0.126265 -0.271517
-0.003296 0.044189 -0.129395 -0.006408 0.085917 -0.251581
-0.039063 0.027466 -0.123657 -0.075949 0.053402 -0.240426
-0.045776 0.038940 -0.110840 -0.089003 0.075712 -0.215505
-0.049927 0.025513 -0.097656 -0.097072 0.049604 -0.189872
-0.056519 -0.002075 -0.125854 -0.109889 -0.004035 -0.244698
-0.030884 0.024902 -0.139160 -0.060047 0.048417 -0.270568
-0.024902 0.018188 -0.145508 -0.048417 0.035364 -0.282910
-0.013794 0.021240 -0.143066 -0.026819 0.041297 -0.278163
-0.000977 0.020752 -0.136963 -0.001899 0.040348 -0.266296
0.001465 0.022949 -0.143188 0.002848 0.044620 -0.278400
0.007202 0.034302 -0.143921 0.014003 0.066693 -0.279824
-0.003174 0.021484 -0.137573 -0.006171 0.041772 -0.267482
-0.003174 0.023926 -0.137695 -0.006171 0.046519 -0.267720
0.000244 0.028931 -0.136230 0.000475 0.056250 -0.264872
-0.003296 0.031372 -0.141235 -0.006408 0.060996 -0.274603
-0.001221 0.034424 -0.139038 -0.002373 0.066930 -0.270331
-0.012207 0.025879 -0.129639 -0.023734 0.050316 -0.252055
