0.196655 0.485229 -0.134644 0.382355 0.943428 -0.261786
0.245605 0.504883 -0.271606 0.477529 0.981639 -0.528082
0.043945 0.734497 -0.402954 0.085443 1.428077 -0.783460
0.082642 0.880249 -0.208496 0.160679 1.711461 -0.405377
0.094727 0.880249 -0.227417 0.184176 1.711461 -0.442165
0.354126 0.928223 -0.231689 0.688524 1.804736 -0.450472
0.384888 0.904297 -0.304199 0.748334 1.758217 -0.591452
0.170288 1.093018 -0.204468 0.331090 2.125145 -0.397545
0.269043 1.087769 -0.139771 0.523098 2.114939 -0.271755
0.186523 0.842163 -0.214233 0.362656 1.637411 -0.416532
-0.080200 0.551758 -0.316650 -0.155933 1.072778 -0.615661
-0.002930 0.349365 -0.004517 -0.005696 0.679268 -0.008782
0.040161 0.282227 0.109619 0.078085 0.548731 0.213132
-0.172607 -0.015991 -0.034302 -0.335599 -0.031092 -0.066693
-0.042603 -0.618652 -0.111450 -0.082832 -1.202841 -0.216692
-0.163330 -1.558960 -0.255371 -0.317561 -3.031073 -0.496516
-0.055542 -0.878174 -0.078979 -0.107990 -1.707426 -0.153559
0.047852 -1.059204 -0.117554 0.093037 -2.059402 -0.228559
0.024414 -0.495239 -0.279053 0.047468 -0.962890 -0.542560
0.097900 -0.196167 -0.427246 0.190347 -0.381406 -0.830691
0.091553 -0.315308 -0.407227 0.178005 -0.613050 -0.791767
0.049927 0.076416 -0.248047 0.097072 0.148575 -0.482275
-0.011963 0.579224 -0.125610 -0.023259 1.126180 -0.244223
-0.031860 0.305176 -0.113647 -0.061946 0.593351 -0.220964
0.031006 0.325684 -0.098999 0.060284 0.633224 -0.192483
-0.015015 0.282959 0.077515 -0.029193 0.550155 0.150711
-0.063843 0.154663 0.150757 -0.124129 0.300710 0.293115
-0.104370 -0.252319 0.029785 -0.202926 -0.490582 0.057911
-0.077393 -0.370728 -0.063843 -0.150474 -0.720802 -0.124129
-0.006836 -0.025269 0.014771 -0.013291 -0.049129 0.028718
-0.079834 0.170776 0.040161 -0.155221 0.332039 0.078085
-0.100220 0.308228 -0.073242 -0.194856 0.599284 -0.142404
-0.076782 0.176147 -0.058716 -0.149287 0.342482 -0.114161
-0.135254 0.200562 0.011597 -0.262973 0.389950 0.022547
-0.221436 0.031128 -0.010498 -0.430535 0.060522 -0.020411
-0.374634 -0.083252 -0.048340 -0.728397 -0.161866 -0.093987
-0.424683 0.036865 -0.257202 -0.825707 0.071677 -0.500076
-0.186279 0.480957 -0.098389 -0.362181 0.935121 -0.191296
-0.048340 0.165039 -0.093872 -0.093987 0.320884 -0.182515
-0.057007 -0.202393 -0.248535 -0.110838 -0.393510 -0.483225
-0.158569 -0.175659 -0.387939 -0.308305 -0.341533 -0.754267
-0.202515 0.196411 -0.328735 -0.393748 0.381881 -0.639157
-0.181396 0.575439 -0.312744 -0.352688 1.118822 -0.608066
-0.156128 0.646973 -0.308716 -0.303558 1.257903 -0.600234
-0.051270 0.668213 -0.266479 -0.099683 1.299201 -0.518114
-0.075195 0.846802 -0.370972 -0.146202 1.646430 -0.721277
0.059204 0.683838 -0.100220 0.115110 1.329580 -0.194856
0.164063 0.523682 -0.034058 0.318985 1.018190 -0.066218
0.065674 0.597534 -0.004028 0.127689 1.161781 -0.007832
0.439331 -0.144409 0.660645 0.854188 -0.280774 1.284486
0.874756 -0.561768 0.971191 1.700781 -1.092240 1.888279
0.767822 0.699097 0.814575 1.492870 1.359248 1.583772
0.604492 2.440063 0.426270 1.175309 4.744195 0.828792
0.230347 1.712036 0.144531 0.447861 3.328697 0.281011
-0.225952 0.556152 -0.091553 -0.439317 1.081322 -0.178005
-0.216919 0.093262 -0.198730 -0.421754 0.181328 -0.386390
0.108643 0.880737 -0.044922 0.211233 1.712410 -0.087341
0.178345 0.177612 0.230347 0.346754 0.345330 0.447861
0.053101 0.234253 -0.028320 0.103243 0.455456 -0.055063
0.084473 0.544922 -0.250122 0.164239 1.059487 -0.486310
0.017944 -0.032104 -0.260986 0.034889 -0.062420 -0.507434
-0.297974 -1.074707 -0.315430 -0.579348 -2.089544 -0.613287
-0.019043 0.313232 -0.556519 -0.037025 0.609015 -1.082034
-0.248657 -0.089844 0.407715 -0.483462 -0.174682 0.792717
-0.466553 -0.885254 0.870117 -0.907115 -1.721192 1.691761
-0.556641 -0.767944 0.478882 -1.082272 -1.493108 0.931086
-0.473022 -0.602417 0.036499 -0.919694 -1.171274 0.070965
-0.282227 -0.077393 -0.513916 -0.548731 -0.150474 -0.999203
-0.088623 -1.040405 -0.362549 -0.172309 -2.022851 -0.704901
-0.069458 -1.315308 0.059204 -0.135047 -2.557342 0.115110
0.500977 -0.039063 -0.023071 0.974045 -0.075949 -0.044857
0.215454 -0.888306 -0.023682 0.418906 -1.727125 -0.046044
-0.033447 -0.250366 0.065674 -0.065031 -0.486785 0.127689
-0.089722 -0.221558 0.174438 -0.174445 -0.430773 0.339159
-0.512573 -1.110474 0.129395 -0.996592 -2.159085 0.251581
-0.656128 -0.958374 0.033447 -1.275704 -1.863359 0.065031
-0.118896 0.138184 0.137207 -0.231169 0.268669 0.266770
0.186646 1.085083 -0.032471 0.362893 2.109718 -0.063133
0.182373 0.836792 -0.125732 0.354586 1.626968 -0.244460
-0.140381 -0.125732 -0.267822 -0.272941 -0.244460 -0.520725
