0.333618 0.868896 -0.159180 0.648651 1.689388 -0.309492
0.428223 0.833008 -0.165771 0.832590 1.619610 -0.322308
0.497925 0.766968 -0.276489 0.968111 1.491209 -0.537576
0.328979 0.599731 -0.100586 0.639632 1.166053 -0.195568
0.123535 0.378418 -0.032227 0.240188 0.735755 -0.062658
-0.089355 0.078979 -0.058472 -0.173733 0.153559 -0.113686
-0.193237 -0.210449 -0.171875 -0.375710 -0.409175 -0.334175
-0.110718 -0.482422 -0.107056 -0.215268 -0.937969 -0.208147
-0.054932 -0.155273 -0.259155 -0.106803 -0.301897 -0.503873
-0.118164 -0.042603 -0.328857 -0.229745 -0.082832 -0.639395
-0.048340 -0.192993 -0.269287 -0.093987 -0.375235 -0.523573
-0.046753 -0.112061 -0.209473 -0.090901 -0.217878 -0.407276
-0.073730 0.024414 -0.180664 -0.143354 0.047468 -0.351264
-0.109253 0.048706 -0.149414 -0.212420 0.094699 -0.290505
-0.077881 -0.001099 -0.165283 -0.151423 -0.002136 -0.321359
-0.027466 -0.161377 -0.173096 -0.053402 -0.313764 -0.336549
0.055054 -0.230957 -0.123169 0.107040 -0.449048 -0.239476
0.027466 -0.100098 -0.139160 0.053402 -0.194619 -0.270568
0.014282 -0.053101 -0.145752 0.027769 -0.103243 -0.283384
0.006714 -0.062134 -0.128052 0.013054 -0.120806 -0.248970
-0.026489 -0.113647 -0.124756 -0.051503 -0.220964 -0.242562
-0.028442 -0.095093 -0.109009 -0.055300 -0.184888 -0.211945
-0.020996 -0.024658 -0.087036 -0.040823 -0.047943 -0.169224
-0.024902 -0.014526 -0.078491 -0.048417 -0.028243 -0.152610
-0.019043 -0.025635 -0.093750 -0.037025 -0.049841 -0.182277
-0.006836 -0.023926 -0.124146 -0.013291 -0.046519 -0.241375
-0.013672 -0.038208 -0.128540 -0.026582 -0.074288 -0.249919
-0.024536 -0.035278 -0.113892 -0.047705 -0.068591 -0.221438
-0.035522 -0.014771 -0.083862 -0.069066 -0.028718 -0.163053
-0.042725 -0.002319 -0.066772 -0.083069 -0.004509 -0.129825
-0.048706 -0.021118 -0.066650 -0.094699 -0.041060 -0.129588
-0.039429 -0.006104 -0.078125 -0.076661 -0.011867 -0.151898
-0.026245 0.021729 -0.095825 -0.051028 0.042247 -0.186312
-0.016235 0.028687 -0.108398 -0.031566 0.055775 -0.210758
-0.020508 0.023926 -0.117065 -0.039873 0.046519 -0.227609
-0.029053 -0.008667 -0.102539 -0.056487 -0.016851 -0.199366
-0.026733 -0.041382 -0.074219 -0.051978 -0.080458 -0.144303
-0.031250 -0.053101 -0.059326 -0.060759 -0.103243 -0.115347
-0.040771 -0.039795 -0.050781 -0.079272 -0.077373 -0.098734
-0.053101 -0.018799 -0.059448 -0.103243 -0.036550 -0.115585
-0.042847 0.000610 -0.076904 -0.083306 0.001187 -0.149524
-0.029297 -0.006104 -0.104492 -0.056962 -0.011867 -0.203163
-0.023438 -0.016235 -0.125854 -0.045569 -0.031566 -0.244698
-0.025391 -0.007568 -0.130127 -0.049367 -0.014715 -0.253005
-0.027100 -0.009521 -0.128784 -0.052690 -0.018513 -0.250394
-0.020142 -0.005737 -0.135376 -0.039161 -0.011155 -0.263210
-0.008423 0.007080 -0.136597 -0.016376 0.013766 -0.265584
-0.019165 -0.000488 -0.137817 -0.037262 -0.000949 -0.267957
-0.021484 -0.007568 -0.123657 -0.041772 -0.014715 -0.240426
-0.020142 -0.008545 -0.114380 -0.039161 -0.016614 -0.222388
-0.018188 -0.005737 -0.109985 -0.035364 -0.011155 -0.213844
-0.021973 0.004517 -0.116455 -0.042721 0.008782 -0.226423
-0.017456 0.008789 -0.125488 -0.033940 0.017089 -0.243986
-0.003906 0.024902 -0.139282 -0.007595 0.048417 -0.270805
-0.000366 0.033813 -0.149536 -0.000712 0.065743 -0.290742
-0.001587 0.037354 -0.138062 -0.003085 0.072626 -0.268432
-0.015625 0.007690 -0.118774 -0.030380 0.014952 -0.230932
-0.024780 -0.020264 -0.100708 -0.048180 -0.039398 -0.195806
-0.022949 -0.017578 -0.088989 -0.044620 -0.034177 -0.173021
-0.022705 -0.003784 -0.105103 -0.044145 -0.007358 -0.204350
-0.021362 0.006592 -0.113647 -0.041535 0.012816 -0.220964
-0.027954 0.007202 -0.125000 -0.054351 0.014003 -0.243036
-0.025879 0.001465 -0.132324 -0.050316 0.002848 -0.257277
-0.014282 -0.010376 -0.128784 -0.027769 -0.020174 -0.250394
-0.015747 -0.019287 -0.115723 -0.030617 -0.037500 -0.224999
-0.027344 -0.021240 -0.101318 -0.053164 -0.041297 -0.196992
-0.040039 -0.021240 -0.095093 -0.077848 -0.041297 -0.184888
-0.031738 0.009888 -0.106689 -0.061708 0.019225 -0.207435
-0.017578 0.012451 -0.124390 -0.034177 0.024209 -0.241850
-0.013916 0.001099 -0.139526 -0.027057 0.002136 -0.271280
-0.024292 -0.008667 -0.125000 -0.047231 -0.016851 -0.243036
-0.042603 -0.021851 -0.110107 -0.082832 -0.042484 -0.214081
-0.058350 -0.060181 -0.111694 -0.113449 -0.117009 -0.217166
-0.050659 -0.059204 -0.124146 -0.098496 -0.115110 -0.241375
-0.026123 -0.002441 -0.129028 -0.050791 -0.004747 -0.250869
-0.007446 0.037354 -0.141602 -0.014478 0.072626 -0.275315
0.009644 0.049805 -0.145142 0.018750 0.096835 -0.282198
-0.000244 0.031128 -0.144897 -0.000475 0.060522 -0.281723
-0.021118 0.009766 -0.130127 -0.041060 0.018987 -0.253005
-0.035645 -0.007813 -0.113281 -0.069303 -0.015190 -0.220252
