0.135986 0.198364 -0.205078 0.264397 0.385678 -0.398732
0.248901 0.368286 -0.212891 0.483937 0.716056 -0.413921
0.148315 0.222534 -0.109497 0.288368 0.432671 -0.212894
0.105469 0.125732 -0.088013 0.205062 0.244460 -0.171122
0.006226 -0.120239 -0.026978 0.012104 -0.233780 -0.052452
0.025269 -0.114136 0.105957 0.049129 -0.221913 0.206011
0.163330 -0.004639 -0.043579 0.317561 -0.009019 -0.084730
0.168213 -0.136108 -0.062378 0.327055 -0.264634 -0.121281
-0.075195 -0.133423 -0.185669 -0.146202 -0.259413 -0.360995
-0.329224 -0.199829 -0.198608 -0.640107 -0.388526 -0.386153
-0.375488 -0.242432 -0.176880 -0.730059 -0.471358 -0.343906
-0.134399 -0.106689 -0.191528 -0.261312 -0.207435 -0.372387
0.070435 0.052002 -0.163696 0.136945 0.101107 -0.318273
-0.051758 -0.029785 -0.173462 -0.100632 -0.057911 -0.337261
-0.109009 -0.015015 -0.164429 -0.211945 -0.029193 -0.319697
-0.094604 -0.013916 -0.134644 -0.183939 -0.027057 -0.261786
-0.073364 -0.035278 -0.140625 -0.142642 -0.068591 -0.273416
-0.011108 -0.018921 -0.158325 -0.021598 -0.036788 -0.307830
0.055664 0.049316 -0.160400 0.108227 0.095885 -0.311865
0.006348 0.005981 -0.165771 0.012342 0.011630 -0.322308
-0.048950 -0.029175 -0.200195 -0.095173 -0.056724 -0.389238
-0.024170 0.017944 -0.187256 -0.046993 0.034889 -0.364080
-0.037598 0.008301 -0.196167 -0.073101 0.016139 -0.381406
-0.034668 0.016846 -0.180420 -0.067405 0.032753 -0.350789
-0.007080 0.024170 -0.149902 -0.013766 0.046993 -0.291454
0.021973 0.025146 -0.136230 0.042721 0.048892 -0.264872
0.023560 0.030273 -0.143311 0.045807 0.058860 -0.278637
-0.010864 0.025146 -0.138428 -0.021123 0.048892 -0.269144
-0.049805 -0.003296 -0.126831 -0.096835 -0.006408 -0.246597
-0.046387 -0.000244 -0.115234 -0.090189 -0.000475 -0.224049
-0.024902 0.010620 -0.099365 -0.048417 0.020649 -0.193195
-0.022583 -0.003540 -0.094849 -0.043908 -0.006883 -0.184413
-0.010986 0.005859 -0.101685 -0.021361 0.011392 -0.197704
-0.012939 0.008301 -0.101563 -0.025158 0.016139 -0.197467
-0.038574 -0.006958 -0.128784 -0.075000 -0.013528 -0.250394
-0.039429 0.010986 -0.141113 -0.076661 0.021361 -0.274365
-0.033813 0.017700 -0.125854 -0.065743 0.034414 -0.244698
-0.048706 0.003174 -0.117920 -0.094699 0.006171 -0.229271
-0.050171 -0.001465 -0.109497 -0.097547 -0.002848 -0.212894
-0.052856 -0.010254 -0.108398 -0.102768 -0.019937 -0.210758
-0.047241 -0.027222 -0.117432 -0.091851 -0.052927 -0.228321
-0.035156 0.008789 -0.116089 -0.068354 0.017089 -0.225711
-0.049316 -0.006592 -0.109863 -0.095885 -0.012816 -0.213606
-0.046021 0.004883 -0.117432 -0.089477 0.009494 -0.228321
-0.043701 0.016968 -0.106689 -0.084968 0.032990 -0.207435
-0.050293 0.002930 -0.085327 -0.097784 0.005696 -0.165901
-0.070190 -0.012695 -0.084717 -0.136471 -0.024683 -0.164714
-0.074829 -0.017090 -0.105469 -0.145490 -0.033228 -0.205062
-0.041504 -0.000366 -0.121216 -0.080696 -0.000712 -0.235679
-0.016602 0.018921 -0.127686 -0.032278 0.036788 -0.248258
-0.019409 0.018311 -0.130737 -0.037737 0.035601 -0.254191
-0.034790 0.010620 -0.145264 -0.067642 0.020649 -0.282435
-0.024048 0.020020 -0.150513 -0.046756 0.038924 -0.292641
-0.007568 0.011353 -0.134766 -0.014715 0.022073 -0.262024
-0.000854 0.021240 -0.135742 -0.001661 0.041297 -0.263922
-0.000732 0.027832 -0.127808 -0.001424 0.054114 -0.248495
-0.025879 0.003052 -0.103516 -0.050316 0.005934 -0.201265
-0.037476 -0.000610 -0.115967 -0.072863 -0.001187 -0.225473
-0.011475 0.041260 -0.122925 -0.022310 0.080221 -0.239002
-0.022461 0.033569 -0.134033 -0.043671 0.065269 -0.260600
-0.032959 0.030151 -0.145630 -0.064082 0.058623 -0.283147
-0.021729 0.028564 -0.141846 -0.042247 0.055538 -0.275789
0.000000 0.023438 -0.128296 0.000000 0.045569 -0.249445
0.005615 0.041992 -0.138184 0.010918 0.081645 -0.268669
-0.019653 0.020752 -0.124634 -0.038212 0.040348 -0.242324
-0.041138 0.013184 -0.121948 -0.079984 0.025633 -0.237103
-0.040283 0.020386 -0.147461 -0.078322 0.039636 -0.286707
-0.019653 0.025513 -0.128296 -0.038212 0.049604 -0.249445
-0.018188 0.022339 -0.117920 -0.035364 0.043433 -0.229271
-0.030884 0.010742 -0.119873 -0.060047 0.020886 -0.233068
-0.042725 -0.003418 -0.115723 -0.083069 -0.006646 -0.224999
-0.046997 -0.012085 -0.104858 -0.091376 -0.023497 -0.203875
-0.044922 -0.015869 -0.093628 -0.087341 -0.030854 -0.182040
-0.031982 -0.003906 -0.095215 -0.062183 -0.007595 -0.185125
-0.041504 -0.007202 -0.096069 -0.080696 -0.014003 -0.186787
-0.049072 -0.016357 -0.107544 -0.095411 -0.031804 -0.209097
-0.027954 -0.001831 -0.119263 -0.054351 -0.003560 -0.231881
-0.026978 0.009766 -0.116455 -0.052452 0.018987 -0.226423
-0.040283 -0.000366 -0.112549 -0.078322 -0.000712 -0.218828
-0.038574 -0.005127 -0.106934 -0.075000 -0.009968 -0.207910
