-0.078613 0.615967 -0.082031 -0.152847 1.197619 -0.159493
-0.058960 0.548584 -0.081299 -0.114635 1.066607 -0.158069
-0.036255 0.434937 -0.157349 -0.070490 0.845643 -0.305932
-0.085938 0.198853 -0.074341 -0.167088 0.386627 -0.144540
-0.104126 -0.108398 0.021973 -0.202451 -0.210758 0.042721
-0.041992 -0.594238 0.128540 -0.081645 -1.155373 0.249919
0.104858 -0.919067 -0.046753 0.203875 -1.786935 -0.090901
0.163086 -1.141724 -0.171753 0.317087 -2.219844 -0.333938
-0.041504 -1.130005 -0.267822 -0.080696 -2.197059 -0.520725
-0.401245 -1.219849 -0.312134 -0.780138 -2.371742 -0.606879
-0.431519 -0.748291 -0.253662 -0.838998 -1.454896 -0.493193
-0.391602 -0.569702 -0.314209 -0.761388 -1.107667 -0.610914
-0.341431 -0.572266 -0.315674 -0.663841 -1.112651 -0.613762
-0.268066 -0.570557 -0.212036 -0.521199 -1.109329 -0.412260
-0.172241 -0.329590 -0.140259 -0.334887 -0.640819 -0.272704
-0.122803 -0.154053 -0.150513 -0.238764 -0.299523 -0.292641
-0.125977 -0.179199 -0.195190 -0.244935 -0.348416 -0.379507
-0.106445 -0.201904 -0.213867 -0.206961 -0.392561 -0.415820
-0.107544 -0.215454 -0.223389 -0.209097 -0.418906 -0.434333
-0.130249 -0.237793 -0.261475 -0.253242 -0.462339 -0.508383
-0.116577 -0.299561 -0.258301 -0.226660 -0.582433 -0.502212
-0.112671 -0.291138 -0.218384 -0.219065 -0.566057 -0.424602
-0.045532 -0.083862 -0.180664 -0.088528 -0.163053 -0.351264
0.004761 0.050781 -0.154541 0.009256 0.098734 -0.300473
0.017334 0.026001 -0.193604 0.033702 0.050553 -0.376422
-0.010254 -0.117310 -0.255249 -0.019937 -0.228084 -0.496279
-0.015991 -0.065186 -0.295654 -0.031092 -0.126740 -0.574838
0.043091 0.155151 -0.279785 0.083781 0.301659 -0.543984
0.100830 0.176514 -0.209595 0.196043 0.343194 -0.407513
0.177246 0.202881 -0.208496 0.344618 0.394460 -0.405377
0.219971 0.131958 -0.229858 0.427687 0.256565 -0.446912
0.203735 -0.012573 -0.196411 0.396121 -0.024446 -0.381881
0.203125 0.084351 -0.159790 0.394934 0.164002 -0.310678
0.139893 0.146729 -0.110962 0.271992 0.285283 -0.215742
0.017700 -0.071533 -0.097046 0.034414 -0.139081 -0.188686
-0.103638 -0.270508 -0.111572 -0.201502 -0.525946 -0.216929
-0.124878 -0.259766 -0.105713 -0.242799 -0.505060 -0.205537
-0.077271 -0.074951 -0.104126 -0.150236 -0.145727 -0.202451
-0.043945 0.027954 -0.098145 -0.085443 0.054351 -0.190822
-0.015991 0.137085 -0.115479 -0.031092 0.266533 -0.224524
-0.035889 0.067749 -0.161255 -0.069778 0.131724 -0.313527
-0.072632 0.029541 -0.188110 -0.141217 0.057436 -0.365741
-0.038330 -0.007324 -0.171631 -0.074525 -0.014240 -0.333700
-0.033447 -0.028564 -0.136108 -0.065031 -0.055538 -0.264634
-0.036865 -0.011475 -0.113159 -0.071677 -0.022310 -0.220014
-0.044556 -0.068848 -0.119995 -0.086629 -0.133860 -0.233305
-0.032959 -0.122803 -0.126465 -0.064082 -0.238764 -0.245885
0.006470 -0.072876 -0.149414 0.012579 -0.141692 -0.290505
0.026123 0.076416 -0.137329 0.050791 0.148575 -0.267008
-0.033813 -0.000122 -0.090454 -0.065743 -0.000237 -0.175869
-0.063232 -0.160156 -0.106567 -0.122942 -0.311390 -0.207198
0.020386 -0.035278 -0.166382 0.039636 -0.068591 -0.323495
0.059692 0.143555 -0.196167 0.116059 0.279112 -0.381406
0.020508 0.087402 -0.177734 0.039873 0.169936 -0.345567
0.015015 -0.006470 -0.170532 0.029193 -0.012579 -0.331564
0.018066 -0.003296 -0.162109 0.035126 -0.006408 -0.315188
-0.036865 0.013794 -0.155151 -0.071677 0.026819 -0.301659
-0.072021 -0.025757 -0.172485 -0.140031 -0.050079 -0.335362
-0.086548 -0.071533 -0.174194 -0.168274 -0.139081 -0.338685
-0.078857 0.018555 -0.173950 -0.153322 0.036076 -0.338210
-0.032837 0.133057 -0.191650 -0.063845 0.258701 -0.372624
-0.014648 0.133667 -0.180786 -0.028481 0.259888 -0.351501
0.023804 0.124512 -0.164917 0.046281 0.242087 -0.320647
0.027222 0.086670 -0.145142 0.052927 0.168512 -0.282198
0.017822 0.030029 -0.142944 0.034652 0.058386 -0.277925
-0.004639 -0.009521 -0.130005 -0.009019 -0.018513 -0.252767
-0.032837 -0.014404 -0.107544 -0.063845 -0.028006 -0.209097
-0.105103 -0.077881 -0.085571 -0.204350 -0.151423 -0.166376
-0.055176 -0.070679 -0.069336 -0.107278 -0.137420 -0.134809
0.008057 0.040894 -0.094971 0.015664 0.079509 -0.184651
0.063477 0.118042 -0.106567 0.123417 0.229508 -0.207198
0.043213 0.097290 -0.102661 0.084018 0.189160 -0.199603
0.002319 0.027588 -0.087891 0.004509 0.053639 -0.170885
-0.002563 0.012695 -0.072021 -0.004984 0.024683 -0.140031
0.025879 0.070923 -0.078613 0.050316 0.137895 -0.152847
0.051636 0.101807 -0.092041 0.100395 0.197942 -0.178955
0.059814 0.074951 -0.098389 0.116297 0.145727 -0.191296
0.076050 0.036499 -0.095581 0.147863 0.070965 -0.185837
0.065918 0.007690 -0.078857 0.128164 0.014952 -0.153322
0.044922 -0.019409 -0.064087 0.087341 -0.037737 -0.124604
