0.007690 0.132690 -0.130737 0.014952 0.257989 -0.254191
0.027222 0.222656 -0.147095 0.052927 0.432909 -0.285995
0.072754 0.177612 -0.232910 0.141455 0.345330 -0.452845
0.082886 0.119263 -0.256348 0.161154 0.231881 -0.498415
0.131958 0.084839 -0.207764 0.256565 0.164952 -0.403953
0.108032 0.009399 -0.098267 0.210046 0.018275 -0.191059
0.027100 -0.049561 -0.064819 0.052690 -0.096360 -0.126028
-0.035034 -0.027588 -0.011108 -0.068117 -0.053639 -0.021598
-0.040405 -0.202148 0.351318 -0.078560 -0.393036 0.683065
-0.005493 -0.054932 0.635254 -0.010680 -0.106803 1.235119
-0.103027 0.205444 0.602661 -0.200315 0.399444 1.171749
-0.282959 0.021729 0.449219 -0.550155 0.042247 0.873412
-0.145020 0.039185 0.216064 -0.281960 0.076186 0.420092
-0.123413 -0.493530 0.152832 -0.239951 -0.959567 0.297150
-0.220459 -0.784668 0.241211 -0.428637 -1.525623 0.468984
-0.119263 -0.402222 0.318848 -0.231881 -0.782036 0.619933
-0.007446 -0.004395 0.399048 -0.014478 -0.008544 0.775865
0.032349 0.288208 0.455322 0.062895 0.560360 0.885279
-0.089844 0.130005 0.399292 -0.174682 0.252767 0.776340
-0.151489 0.157715 0.370117 -0.294539 0.306644 0.719616
-0.252686 0.169067 0.465942 -0.491294 0.328716 0.905928
-0.037842 0.774170 0.251099 -0.073575 1.505212 0.488209
0.960938 2.527954 0.095337 1.868343 4.915080 0.185363
1.010986 1.895386 -0.185547 1.965652 3.685183 -0.360757
0.646118 1.497681 -0.239380 1.256242 2.911928 -0.465424
0.354370 0.760620 -0.339355 0.688999 1.478867 -0.659806
-0.004639 0.298096 -0.176270 -0.009019 0.579585 -0.342719
-0.242676 -0.213867 -0.022705 -0.471832 -0.415820 -0.044145
-0.186157 -0.140747 -0.009888 -0.361944 -0.273653 -0.019225
-0.020142 0.059937 -0.055542 -0.039161 0.116534 -0.107990
0.121826 0.322998 -0.138794 0.236866 0.628002 -0.269856
0.200317 0.481567 -0.165649 0.389475 0.936307 -0.322071
0.221680 0.361938 -0.138550 0.431010 0.703714 -0.269381
0.245361 0.417236 -0.175659 0.477054 0.811229 -0.341533
0.298706 0.418213 -0.218018 0.580772 0.813128 -0.423890
0.363525 0.482178 -0.248413 0.706799 0.937494 -0.482987
0.405273 0.855835 -0.261230 0.787970 1.663993 -0.507908
0.344482 0.744751 -0.204712 0.669774 1.448013 -0.398020
0.158203 0.348389 -0.114502 0.307593 0.677369 -0.222625
0.059937 0.084717 -0.064331 0.116534 0.164714 -0.125078
0.097046 0.011719 -0.053223 0.188686 0.022785 -0.103480
0.176025 -0.153564 -0.131470 0.342245 -0.298574 -0.255615
0.181641 -0.136841 -0.181030 0.353162 -0.266058 -0.351976
0.062256 -0.174194 -0.191772 0.121044 -0.338685 -0.372862
-0.053101 -0.529785 -0.151733 -0.103243 -1.030057 -0.295014
-0.172607 -0.129272 -0.048096 -0.335599 -0.251343 -0.093512
-0.242798 0.416138 0.085083 -0.472070 0.809093 0.165426
-0.046509 0.305786 0.177368 -0.090427 0.594537 0.344855
0.015259 0.241455 0.110107 0.029668 0.469459 0.214081
-0.024536 0.404785 -0.000122 -0.047705 0.787020 -0.000237
-0.016602 0.488281 0.099365 -0.032278 0.949361 0.193195
0.011353 0.161621 0.072510 0.022073 0.314239 0.140980
0.015381 -0.080322 -0.065063 0.029905 -0.156170 -0.126502
-0.030273 0.072266 -0.115967 -0.058860 0.140505 -0.225473
-0.034180 0.149292 -0.172241 -0.066455 0.290267 -0.334887
0.014282 0.224365 -0.163086 0.027769 0.436231 -0.317087
0.139160 0.537964 -0.152100 0.270568 1.045959 -0.295726
0.310791 0.993774 -0.222534 0.604268 1.932187 -0.432671
0.411255 1.208252 -0.086060 0.799599 2.349194 -0.167325
0.223633 0.305542 0.116699 0.434807 0.594063 0.226897
-0.120483 -0.025879 -0.022705 -0.234255 -0.050316 -0.044145
-0.113159 0.135010 -0.110229 -0.220014 0.262498 -0.214318
0.084229 0.324097 -0.084351 0.163765 0.630138 -0.164002
0.094482 0.175049 -0.067017 0.183701 0.340346 -0.130300
0.052490 0.138184 -0.071655 0.102056 0.268669 -0.139319
0.112549 0.252441 -0.060547 0.218828 0.490820 -0.117721
0.184082 0.333984 -0.089722 0.357909 0.649363 -0.174445
0.190796 0.149048 -0.169800 0.370963 0.289792 -0.330140
0.225708 0.189819 -0.348877 0.438842 0.369064 -0.678319
0.342041 0.027954 -0.409790 0.665027 0.054351 -0.796751
0.319702 -0.280884 -0.362793 0.621594 -0.546120 -0.705375
0.156494 -0.297119 -0.287476 0.304270 -0.577686 -0.558936
0.132690 -0.115967 -0.139893 0.257989 -0.225473 -0.271992
0.092041 0.019409 -0.098389 0.178955 0.037737 -0.191296
0.011230 0.165405 -0.151245 0.021835 0.321596 -0.294065
-0.000732 0.289063 -0.156128 -0.001424 0.562022 -0.303558
-0.041870 0.213745 -0.161621 -0.081408 0.415583 -0.314239
-0.091431 0.139404 -0.185059 -0.177768 0.271043 -0.359808
-0.095703 -0.027466 -0.185913 -0.186075 -0.053402 -0.361469
-0.043335 -0.106567 -0.179688 -0.084256 -0.207198 -0.349365
