0.567505 -0.124756 0.107544 1.103395 -0.242562 0.209097
0.160889 0.156982 -0.116333 0.312815 0.305220 -0.226185
0.129395 0.103271 -0.254150 0.251581 0.200790 -0.494142
0.151123 0.033325 -0.295044 0.293827 0.064794 -0.573651
0.162842 0.363770 -0.328735 0.316612 0.707274 -0.639157
0.062012 0.571167 -0.319946 0.120569 1.110515 -0.622069
0.066162 0.690430 -0.238159 0.128638 1.342397 -0.463051
0.175049 0.548218 -0.274902 0.340346 1.065895 -0.534490
0.374878 0.126953 -0.253662 0.728872 0.246834 -0.493193
0.305664 0.210571 -0.312744 0.594300 0.409412 -0.608066
0.420654 0.397827 -0.280029 0.817875 0.773492 -0.544459
0.305054 0.438354 -0.287476 0.593113 0.852289 -0.558936
0.147461 0.453979 -0.178589 0.286707 0.882668 -0.347229
-0.016602 0.592896 -0.092651 -0.032278 1.152762 -0.180141
-0.237061 0.450562 -0.014893 -0.460915 0.876023 -0.028956
-0.339478 0.121704 -0.153687 -0.660043 0.236628 -0.298811
-0.164307 -0.144409 -0.423462 -0.319460 -0.280774 -0.823333
-0.263184 0.571289 -0.424194 -0.511706 1.110753 -0.824758
-0.353638 0.692139 -0.364746 -0.687575 1.345719 -0.709173
-0.271240 0.621460 -0.371704 -0.527370 1.208299 -0.722701
-0.164917 0.561890 -0.394409 -0.320647 1.092477 -0.766846
-0.161377 0.749146 -0.492310 -0.313764 1.456557 -0.957193
-0.176392 0.840698 -0.416626 -0.342957 1.634562 -0.810042
-0.185181 0.571655 -0.292847 -0.360045 1.111465 -0.569379
-0.110229 0.148193 -0.249023 -0.214318 0.288131 -0.484174
-0.039673 0.043701 -0.282104 -0.077136 0.084968 -0.548493
-0.066650 0.119995 -0.289429 -0.129588 0.233305 -0.562734
-0.095947 0.219604 -0.255737 -0.186549 0.426975 -0.497228
-0.034668 0.035522 -0.154541 -0.067405 0.069066 -0.300473
-0.033081 0.005981 -0.171265 -0.064319 0.011630 -0.332988
-0.062500 -0.005737 -0.200928 -0.121518 -0.011155 -0.390662
-0.088745 -0.004639 -0.156860 -0.172546 -0.009019 -0.304982
-0.086182 -0.017456 -0.073730 -0.167562 -0.033940 -0.143354
-0.041992 -0.012939 -0.036499 -0.081645 -0.025158 -0.070965
-0.028442 0.030396 -0.077026 -0.055300 0.059098 -0.149762
-0.049683 0.070557 -0.136963 -0.096597 0.137183 -0.266296
-0.066406 0.107544 -0.128662 -0.129113 0.209097 -0.250157
-0.118530 0.191284 -0.124634 -0.230457 0.371912 -0.242324
-0.083862 0.218262 -0.133911 -0.163053 0.424364 -0.260362
-0.039185 0.084595 -0.125977 -0.076186 0.164477 -0.244935
-0.048950 -0.056519 -0.103394 -0.095173 -0.109889 -0.201027
-0.044312 -0.018799 -0.132202 -0.086155 -0.036550 -0.257040
-0.030029 0.082520 -0.160522 -0.058386 0.160442 -0.312102
-0.025024 0.087524 -0.144653 -0.048655 0.170173 -0.281248
-0.020386 0.000977 -0.132690 -0.039636 0.001899 -0.257989
-0.037598 -0.051636 -0.121460 -0.073101 -0.100395 -0.236154
-0.052612 -0.011108 -0.119629 -0.102294 -0.021598 -0.232593
-0.024414 0.018188 -0.138062 -0.047468 0.035364 -0.268432
-0.033203 0.019653 -0.130249 -0.064557 0.038212 -0.253242
-0.064941 -0.010498 -0.119629 -0.126265 -0.020411 -0.232593
-0.092773 -0.062012 -0.108643 -0.180379 -0.120569 -0.211233
-0.095947 -0.080688 -0.102539 -0.186549 -0.156882 -0.199366
-0.089722 -0.021851 -0.099976 -0.174445 -0.042484 -0.194382
-0.069092 -0.017944 -0.096191 -0.134335 -0.034889 -0.187024
-0.047363 -0.065186 -0.091431 -0.092088 -0.126740 -0.177768
-0.028442 -0.079102 -0.102417 -0.055300 -0.153797 -0.199128
-0.008911 -0.062012 -0.109497 -0.017326 -0.120569 -0.212894
-0.001709 -0.009888 -0.113403 -0.003323 -0.019225 -0.220489
-0.001221 -0.024170 -0.126221 -0.002373 -0.046993 -0.245410
-0.012451 -0.046875 -0.147095 -0.024209 -0.091139 -0.285995
-0.038208 -0.065674 -0.155884 -0.074288 -0.127689 -0.303084
-0.062866 -0.034546 -0.151367 -0.122230 -0.067167 -0.294302
-0.101440 -0.037476 -0.132568 -0.197230 -0.072863 -0.257752
-0.109497 -0.038818 -0.113159 -0.212894 -0.075474 -0.220014
-0.099487 -0.053955 -0.112793 -0.193432 -0.104904 -0.219302
-0.069458 -0.045532 -0.101563 -0.135047 -0.088528 -0.197467
-0.054565 0.034058 -0.087646 -0.106091 0.066218 -0.170410
-0.043945 0.056030 -0.077271 -0.085443 0.108939 -0.150236
-0.024780 0.086304 -0.118774 -0.048180 0.167800 -0.230932
-0.046509 0.129761 -0.170898 -0.090427 0.252293 -0.332276
-0.038452 0.056030 -0.172974 -0.074762 0.108939 -0.336311
-0.038452 -0.041748 -0.143066 -0.074762 -0.081170 -0.278163
-0.038574 -0.022339 -0.137695 -0.075000 -0.043433 -0.267720
-0.036499 0.026489 -0.161987 -0.070965 0.051503 -0.314951
-0.042969 0.035156 -0.177734 -0.083544 0.068354 -0.345567
-0.044922 0.039673 -0.181030 -0.087341 0.077136 -0.351976
-0.014404 0.046021 -0.176147 -0.028006 0.089477 -0.342482
0.007568 0.024292 -0.164429 0.014715 0.047231 -0.319697
0.029907 0.011353 -0.107788 0.058148 0.022073 -0.209571
0.019409 0.017578 -0.079712 0.037737 0.034177 -0.154983
