0.291992 -1.638550 -0.545410 0.567718 -3.185819 -1.060436
0.657227 -1.928833 -0.462402 1.277840 -3.750214 -0.899045
1.235596 -1.114014 -0.312500 2.402358 -2.165967 -0.607591
1.259888 -1.730957 -0.177612 2.449589 -3.365485 -0.345330
1.198120 -2.050781 -0.156616 2.329495 -3.987317 -0.304508
0.872437 -1.869873 0.038330 1.696271 -3.635578 0.074525
0.667847 -2.295288 0.192627 1.298489 -4.462709 0.374523
0.397339 -2.226929 -0.180786 0.772543 -4.329799 -0.351501
0.125244 -2.581299 -0.033325 0.243511 -5.018798 -0.064794
-0.797241 -2.768433 -0.102295 -1.550069 -5.382640 -0.198891
-1.038452 -2.567139 -0.150024 -2.019054 -4.991266 -0.291691
-0.722778 -1.976685 -0.224365 -1.405292 -3.843251 -0.436231
0.044678 -1.757935 -0.108032 0.086867 -3.417938 -0.210046
0.701416 -2.732910 -0.423340 1.363757 -5.313574 -0.823096
0.999268 -3.366699 -0.792725 1.942868 -6.545845 -1.541288
0.640503 -2.288574 -0.507446 1.245324 -4.449656 -0.986624
0.086060 -0.551636 0.232666 0.167325 -1.072541 0.452371
-0.162354 -0.016235 0.285889 -0.315663 -0.031566 0.555851
-0.099976 -0.764771 -0.079468 -0.194382 -1.486937 -0.154509
0.014771 -1.203491 -0.235229 0.028718 -2.339938 -0.457355
0.010376 -0.753906 -0.215576 0.020174 -1.465814 -0.419143
-0.034546 -0.378662 0.052246 -0.067167 -0.736230 0.101582
0.015137 -0.510620 0.070801 0.029430 -0.992794 0.137657
0.075928 -0.650879 -0.060425 0.147626 -1.265498 -0.117483
0.148071 -0.730835 0.040894 0.287894 -1.420956 0.079509
0.153198 -0.502441 0.029907 0.297862 -0.976893 0.058148
0.063477 -0.322998 0.002808 0.123417 -0.628002 0.005459
-0.033447 -0.314209 -0.015747 -0.065031 -0.610914 -0.030617
-0.013428 -0.213867 -0.124268 -0.026107 -0.415820 -0.241612
0.021606 0.110229 -0.061768 0.042009 0.214318 -0.120094
0.089111 0.239502 0.045654 0.173258 0.465662 0.088765
0.129761 0.213745 0.153320 0.252293 0.415583 0.298099
0.116699 0.314331 0.241699 0.226897 0.611151 0.469934
0.154541 0.283569 0.173096 0.300473 0.551341 0.336549
0.196777 0.305420 0.081177 0.382593 0.593825 0.157831
0.200806 0.591553 0.144043 0.390425 1.150151 0.280062
0.161987 0.431274 0.122681 0.314951 0.838523 0.238527
0.183350 0.236572 0.115356 0.356485 0.459965 0.224287
0.245728 0.401001 0.109619 0.477766 0.779663 0.213132
0.185547 0.387695 -0.001709 0.360757 0.753793 -0.003323
0.081909 0.238647 -0.080566 0.159255 0.464000 -0.156645
0.029297 0.000977 -0.125854 0.056962 0.001899 -0.244698
0.077026 0.053101 -0.086060 0.149762 0.103243 -0.167325
0.174683 0.181152 0.008179 0.339634 0.352213 0.015902
0.212646 0.206665 0.023926 0.413447 0.401817 0.046519
0.158203 0.215454 0.014771 0.307593 0.418906 0.028718
0.090332 0.162109 -0.036133 0.175632 0.315188 -0.070253
0.026611 0.054321 -0.140625 0.051740 0.105616 -0.273416
0.033813 0.085205 -0.135742 0.065743 0.165664 -0.263922
0.076416 0.158325 -0.076660 0.148575 0.307830 -0.149050
0.078735 0.318726 -0.010864 0.153084 0.619695 -0.021123
0.073364 0.490845 0.027588 0.142642 0.954345 0.053639
0.020996 0.457275 -0.040161 0.040823 0.889077 -0.078085
-0.046631 0.291382 -0.120361 -0.090664 0.566531 -0.234018
-0.012451 0.217896 -0.112061 -0.024209 0.423652 -0.217878
0.040771 0.236694 -0.056641 0.079272 0.460203 -0.110126
0.028687 0.302612 -0.040771 0.055775 0.588367 -0.079272
-0.049561 0.286255 -0.088867 -0.096360 0.556563 -0.172784
-0.073364 0.219360 -0.105835 -0.142642 0.426500 -0.205774
-0.026001 0.222290 -0.091309 -0.050553 0.432197 -0.177531
0.003296 0.237915 -0.089355 0.006408 0.462576 -0.173733
-0.001099 0.286621 -0.084961 -0.002136 0.557275 -0.165189
-0.008301 0.363647 -0.090088 -0.016139 0.707037 -0.175157
-0.011719 0.458374 -0.095947 -0.022785 0.891213 -0.186549
-0.034546 0.569336 -0.119629 -0.067167 1.106955 -0.232593
-0.065308 0.686157 -0.145386 -0.126977 1.334090 -0.282672
-0.052124 0.760986 -0.127319 -0.101344 1.479579 -0.247546
-0.041260 0.799683 -0.091431 -0.080221 1.554816 -0.177768
-0.048340 0.761353 -0.058960 -0.093987 1.480291 -0.114635
-0.040649 0.614136 -0.057373 -0.079034 1.194059 -0.111550
-0.008545 0.369019 -0.093872 -0.016614 0.717480 -0.182515
0.041260 0.237427 -0.103394 0.080221 0.461627 -0.201027
0.031128 0.237793 -0.091431 0.060522 0.462339 -0.177768
-0.009766 0.259644 -0.093262 -0.018987 0.504823 -0.181328
-0.011719 0.192383 -0.107788 -0.022785 0.374048 -0.209571
0.011597 0.057007 -0.102173 0.022547 0.110838 -0.198654
0.027222 -0.019531 -0.099609 0.052927 -0.037974 -0.193670
0.015259 -0.000977 -0.117920 0.029668 -0.001899 -0.229271
0.004517 0.043457 -0.125122 0.008782 0.084493 -0.243274
0.009033 0.046631 -0.120728 0.017563 0.090664 -0.234730
