-0.037476 -0.031738 -0.342529 -0.072863 -0.061708 -0.665977
-0.036499 0.064697 -0.289917 -0.070965 0.125790 -0.563683
-0.125244 0.046997 -0.161743 -0.243511 0.091376 -0.314476
-0.182007 -0.053467 -0.089600 -0.353874 -0.103955 -0.174208
-0.047607 -0.251099 -0.032593 -0.092563 -0.488209 -0.063370
0.146118 -0.400269 -0.171997 0.284096 -0.778239 -0.334412
0.185425 -0.531250 -0.342285 0.360520 -1.032905 -0.665502
0.061157 -0.268188 -0.356689 0.118907 -0.521437 -0.693508
-0.118652 -0.063599 -0.252075 -0.230695 -0.123654 -0.490108
-0.113770 -0.077026 -0.303711 -0.221201 -0.149762 -0.590503
-0.035767 -0.258057 -0.302246 -0.069541 -0.501737 -0.587655
0.001831 -0.536865 -0.296875 0.003560 -1.043823 -0.577212
0.020020 -0.558472 -0.269043 0.038924 -1.085832 -0.523098
-0.050781 -0.475342 -0.348511 -0.098734 -0.924203 -0.677607
-0.086792 -0.418213 -0.269165 -0.168749 -0.813128 -0.523335
-0.165161 -0.432007 -0.150146 -0.321121 -0.839947 -0.291929
-0.176025 -0.473389 -0.029541 -0.342245 -0.920406 -0.057436
-0.132324 -0.501099 0.028687 -0.257277 -0.974282 0.055775
-0.024170 -0.351074 0.005127 -0.046993 -0.682591 0.009968
-0.036133 -0.347290 -0.040283 -0.070253 -0.675233 -0.078322
-0.024536 -0.219849 -0.095581 -0.047705 -0.427450 -0.185837
-0.033691 -0.241455 -0.147461 -0.065506 -0.469459 -0.286707
-0.016113 -0.268188 -0.139648 -0.031329 -0.521437 -0.271517
-0.009766 -0.247559 -0.100342 -0.018987 -0.481326 -0.195094
-0.027832 -0.242676 -0.060425 -0.054114 -0.471832 -0.117483
-0.009766 -0.296753 -0.075073 -0.018987 -0.576974 -0.145964
0.039551 -0.439087 -0.090576 0.076898 -0.853713 -0.176106
0.049072 -0.439087 -0.080322 0.095411 -0.853713 -0.156170
0.020996 -0.301147 -0.063354 0.040823 -0.585518 -0.123180
-0.017212 -0.182251 -0.077637 -0.033465 -0.354349 -0.150948
-0.027466 -0.061157 -0.107056 -0.053402 -0.118907 -0.208147
-0.039673 0.008911 -0.113159 -0.077136 0.017326 -0.220014
-0.046387 0.052734 -0.104126 -0.090189 0.102531 -0.202451
-0.040039 0.056641 -0.109497 -0.077848 0.110126 -0.212894
-0.021484 0.094116 -0.129883 -0.041772 0.182989 -0.252530
-0.002197 0.117432 -0.134521 -0.004272 0.228321 -0.261549
0.002197 0.144287 -0.138916 0.004272 0.280536 -0.270093
-0.010864 0.121948 -0.133545 -0.021123 0.237103 -0.259650
-0.020264 0.063843 -0.115356 -0.039398 0.124129 -0.224287
-0.006348 0.011963 -0.102173 -0.012342 0.023259 -0.198654
-0.004883 -0.024536 -0.102905 -0.009494 -0.047705 -0.200078
-0.014282 -0.046143 -0.110474 -0.027769 -0.089715 -0.214793
-0.003540 -0.055054 -0.112793 -0.006883 -0.107040 -0.219302
0.014771 -0.066772 -0.112061 0.028718 -0.129825 -0.217878
0.023193 -0.098267 -0.109863 0.045095 -0.191059 -0.213606
-0.012451 -0.214478 -0.044312 -0.024209 -0.417007 -0.086155
-0.027222 -0.302124 0.025879 -0.052927 -0.587417 0.050316
-0.020630 -0.383301 0.036377 -0.040111 -0.745248 0.070727
-0.020874 -0.448975 0.024536 -0.040585 -0.872938 0.047705
-0.028687 -0.481812 0.041870 -0.055775 -0.936782 0.081408
-0.040527 -0.490601 0.058716 -0.078797 -0.953871 0.114161
-0.040283 -0.449707 0.034180 -0.078322 -0.874362 0.066455
-0.031738 -0.304565 -0.001587 -0.061708 -0.592164 -0.003085
-0.017822 -0.110718 -0.058716 -0.034652 -0.215268 -0.114161
-0.018677 0.001465 -0.082764 -0.036313 0.002848 -0.160917
-0.028320 0.063965 -0.101318 -0.055063 0.124366 -0.196992
-0.036499 0.059448 -0.124146 -0.070965 0.115585 -0.241375
-0.033203 0.085205 -0.107666 -0.064557 0.165664 -0.209334
-0.028564 0.083130 -0.097412 -0.055538 0.161629 -0.189398
-0.039063 0.037720 -0.085449 -0.075949 0.073338 -0.166138
-0.046021 0.024170 -0.076172 -0.089477 0.046993 -0.148100
-0.031616 0.041260 -0.098755 -0.061471 0.080221 -0.192008
-0.018066 0.109375 -0.146118 -0.035126 0.212657 -0.284096
-0.032593 0.156616 -0.161987 -0.063370 0.304508 -0.314951
-0.031250 0.170654 -0.165405 -0.060759 0.331802 -0.321596
-0.019409 0.130249 -0.158081 -0.037737 0.253242 -0.307356
-0.010498 0.079102 -0.147949 -0.020411 0.153797 -0.287656
-0.013794 0.035278 -0.129639 -0.026819 0.068591 -0.252055
-0.016846 0.041504 -0.121216 -0.032753 0.080696 -0.235679
-0.017212 0.074951 -0.120361 -0.033465 0.145727 -0.234018
-0.020386 0.099731 -0.117554 -0.039636 0.193907 -0.228559
-0.032471 0.082886 -0.112183 -0.063133 0.161154 -0.218116
-0.034546 0.064331 -0.119873 -0.067167 0.125078 -0.233068
-0.025757 0.053711 -0.130371 -0.050079 0.104430 -0.253479
-0.013428 0.063232 -0.139038 -0.026107 0.122942 -0.270331
-0.011841 0.092407 -0.143677 -0.023022 0.179667 -0.279350
-0.009888 0.144775 -0.151001 -0.019225 0.281486 -0.293590
-0.004517 0.175049 -0.140747 -0.008782 0.340346 -0.273653
-0.010254 0.118042 -0.105957 -0.019937 0.229508 -0.206011
-0.006592 0.023193 -0.089355 -0.012816 0.045095 -0.173733
