1.113403 0.147705 -0.491821 2.164781 0.287182 -0.956244
0.819946 0.453613 -0.062012 1.594215 0.881957 -0.120569
0.564087 0.229248 -0.165039 1.096749 0.445725 -0.320884
0.515991 -0.081421 -0.400635 1.003237 -0.158306 -0.778951
0.548340 -0.133423 -0.357178 1.066133 -0.259413 -0.694458
0.647461 -0.057373 -0.246094 1.258853 -0.111550 -0.478478
0.630737 0.077515 -0.399414 1.226337 0.150711 -0.776577
0.676392 0.056152 -0.419312 1.315103 0.109177 -0.815264
0.590942 0.149414 -0.469238 1.148964 0.290505 -0.912336
0.386719 0.045410 -0.406250 0.751894 0.088291 -0.789868
-0.045288 -0.258667 -0.317261 -0.088053 -0.502924 -0.616847
-0.239624 -0.275146 -0.383301 -0.465899 -0.534965 -0.745248
-0.025635 -0.098022 -0.448364 -0.049841 -0.190584 -0.871751
-0.063232 -0.218994 -0.365234 -0.122942 -0.425788 -0.710122
-0.184326 -0.318359 -0.329468 -0.358384 -0.618983 -0.640581
-0.098755 -0.240723 -0.299927 -0.192008 -0.468035 -0.583145
0.015381 -0.170288 -0.317749 0.029905 -0.331090 -0.617797
-0.033203 -0.299927 -0.407837 -0.064557 -0.583145 -0.792954
-0.058228 -0.352539 -0.502075 -0.113211 -0.685439 -0.976181
0.089355 -0.216797 -0.501099 0.173733 -0.421516 -0.974282
0.086548 -0.188721 -0.377563 0.168274 -0.366928 -0.734093
0.011841 -0.112915 -0.255249 0.023022 -0.219540 -0.496279
-0.024902 -0.010254 -0.209595 -0.048417 -0.019937 -0.407513
-0.017090 0.037964 -0.205444 -0.033228 0.073813 -0.399444
-0.017578 0.061157 -0.190918 -0.034177 0.118907 -0.371200
0.002075 0.061890 -0.173218 0.004035 0.120332 -0.336786
0.021606 0.104614 -0.155884 0.042009 0.203401 -0.303084
0.021362 0.144043 -0.149048 0.041535 0.280062 -0.289792
0.040649 0.167725 -0.144897 0.079034 0.326106 -0.281723
0.062988 0.141357 -0.143555 0.122468 0.274840 -0.279112
0.060913 0.156128 -0.164917 0.118433 0.303558 -0.320647
0.057129 0.161499 -0.198486 0.111075 0.314001 -0.385915
0.070190 0.137939 -0.212524 0.136471 0.268195 -0.413209
0.046143 0.057007 -0.209595 0.089715 0.110838 -0.407513
0.022461 0.072266 -0.255859 0.043671 0.140505 -0.497465
0.006470 0.037598 -0.324951 0.012579 0.073101 -0.631800
0.027466 -0.026611 -0.334473 0.053402 -0.051740 -0.650312
0.050171 -0.046997 -0.312866 0.097547 -0.091376 -0.608303
0.065063 -0.023926 -0.286499 0.126502 -0.046519 -0.557038
0.059570 -0.019897 -0.255249 0.115822 -0.038686 -0.496279
0.041748 0.001343 -0.228516 0.081170 0.002611 -0.444301
0.031616 0.011475 -0.223511 0.061471 0.022310 -0.434570
0.011963 -0.028809 -0.224365 0.023259 -0.056012 -0.436231
-0.009033 -0.021606 -0.232910 -0.017563 -0.042009 -0.452845
-0.011719 -0.015137 -0.255127 -0.022785 -0.029430 -0.496041
0.004517 -0.002441 -0.263062 0.008782 -0.004747 -0.511468
0.005005 0.002930 -0.239136 0.009731 0.005696 -0.464950
-0.005249 0.025757 -0.232666 -0.010206 0.050079 -0.452371
0.011353 0.029663 -0.237183 0.022073 0.057674 -0.461152
-0.005859 -0.018188 -0.216064 -0.011392 -0.035364 -0.420092
-0.011597 -0.039917 -0.214233 -0.022547 -0.077610 -0.416532
-0.001465 -0.020264 -0.171875 -0.002848 -0.039398 -0.334175
-0.000854 0.037476 -0.148804 -0.001661 0.072863 -0.289318
-0.001953 0.033325 -0.132446 -0.003797 0.064794 -0.257514
-0.000977 0.045532 -0.165039 -0.001899 0.088528 -0.320884
0.016235 0.029907 -0.204224 0.031566 0.058148 -0.397070
0.012939 -0.001953 -0.214966 0.025158 -0.003797 -0.417956
0.028320 -0.003540 -0.205322 0.055063 -0.006883 -0.399206
0.041504 -0.036133 -0.187500 0.080696 -0.070253 -0.364555
0.041992 -0.029053 -0.185669 0.081645 -0.056487 -0.360995
0.024170 0.011353 -0.161621 0.046993 0.022073 -0.314239
-0.023926 0.011353 -0.151978 -0.046519 0.022073 -0.295489
-0.054199 -0.028931 -0.154053 -0.105379 -0.056250 -0.299523
-0.075439 -0.077515 -0.172119 -0.146676 -0.150711 -0.334650
-0.068726 -0.066284 -0.192261 -0.133623 -0.128876 -0.373811
-0.058228 -0.038086 -0.191772 -0.113211 -0.074050 -0.372862
-0.066528 -0.030273 -0.181396 -0.129350 -0.058860 -0.352688
-0.054932 -0.017700 -0.162964 -0.106803 -0.034414 -0.316849
-0.027344 -0.001221 -0.159790 -0.053164 -0.002373 -0.310678
-0.008789 -0.004517 -0.168213 -0.017089 -0.008782 -0.327055
0.004639 0.014893 -0.174561 0.009019 0.028956 -0.339397
-0.002808 0.019775 -0.163208 -0.005459 0.038449 -0.317324
-0.005371 0.012817 -0.142212 -0.010443 0.024921 -0.276501
0.005371 0.033936 -0.126221 0.010443 0.065981 -0.245410
-0.009766 -0.011963 -0.107178 -0.018987 -0.023259 -0.208385
-0.014526 -0.022095 -0.130493 -0.028243 -0.042959 -0.253717
-0.000610 -0.016724 -0.152100 -0.001187 -0.032516 -0.295726
-0.005493 -0.032104 -0.142456 -0.010680 -0.062420 -0.276976
-0.006226 -0.023438 -0.133057 -0.012104 -0.045569 -0.258701
-0.008667 0.002563 -0.123413 -0.016851 0.004984 -0.239951
