0.272827 0.833984 -1.006714 0.530456 1.621509 -1.957345
0.151855 -0.005127 -0.656738 0.295251 -0.009968 -1.276891
-0.031372 -0.286743 -0.325073 -0.060996 -0.557512 -0.632037
0.426514 0.254272 -0.726440 0.829267 0.494380 -1.412412
0.948608 0.186523 -1.662109 1.844371 0.362656 -3.231625
1.526489 -0.949097 -1.894653 2.967940 -1.845321 -3.683758
1.931763 -1.507813 -1.374146 3.755910 -2.931627 -2.671740
1.157715 -0.934692 -0.370972 2.250935 -1.817315 -0.721277
0.447266 0.093506 0.376465 0.869615 0.181803 0.731957
0.035034 1.120117 1.166382 0.068117 2.177835 2.267787
-0.705200 1.302002 1.226196 -1.371115 2.531471 2.384083
-1.790894 0.243042 0.856567 -3.482019 0.472545 1.665417
-2.285767 -0.358521 0.313599 -4.444197 -0.697068 0.609727
-1.092896 0.833130 -0.228027 -2.124907 1.619847 -0.443352
0.720825 1.659790 -0.276001 1.401494 3.227116 -0.536626
1.543091 1.845581 -0.320313 3.000219 3.588348 -0.622781
0.920288 1.087646 -0.478760 1.789308 2.114702 -0.930849
-0.327271 -0.344482 -0.801270 -0.636309 -0.669774 -1.557902
-1.231079 -1.620972 -0.583374 -2.393577 -3.151642 -1.134249
-0.840820 -1.355225 -0.127075 -1.634800 -2.634952 -0.247071
0.175903 0.358032 0.023926 0.342007 0.696119 0.046519
0.919067 1.395996 0.069458 1.786935 2.714223 0.135047
1.119263 1.576904 -0.050781 2.176173 3.065962 -0.098734
0.128540 0.467163 0.104492 0.249919 0.908301 0.203163
-1.502197 -2.316040 -0.117798 -2.920710 -4.503057 -0.229033
-1.161865 -2.010498 -0.403564 -2.259005 -3.908994 -0.784647
0.312012 -0.189453 -0.420166 0.606642 -0.368352 -0.816925
1.170410 0.647705 -0.325684 2.275619 1.259328 -0.633224
1.146973 0.741699 -0.689087 2.230049 1.442080 -1.339786
0.542358 0.403564 -0.949829 1.054503 0.784647 -1.846745
0.119507 -0.091919 -0.637817 0.232356 -0.178717 -1.240103
-0.016479 0.951782 -0.187866 -0.032041 1.850542 -0.365267
-0.289429 1.130981 -0.112671 -0.562734 2.198958 -0.219065
-0.365845 0.575195 -0.277832 -0.711309 1.118347 -0.540186
-0.148193 0.264038 -0.380493 -0.288131 0.513367 -0.739790
0.233887 0.263306 -0.674683 0.454744 0.511943 -1.311780
0.372803 0.146729 -0.797607 0.724837 0.285283 -1.550781
0.148438 0.189331 -0.565796 0.288606 0.368115 -1.100072
0.057739 0.461304 -0.177979 0.112262 0.896909 -0.346042
0.249268 0.342529 0.086548 0.484649 0.665977 0.168274
0.365845 0.127319 -0.061035 0.711309 0.247546 -0.118670
0.348022 0.052246 -0.437012 0.676657 0.101582 -0.849678
0.483887 0.049072 -0.760376 0.940817 0.095411 -1.478393
0.428467 -0.093872 -0.713135 0.833064 -0.182515 -1.386542
0.266724 -0.093018 -0.359131 0.518589 -0.180853 -0.698255
0.210571 -0.007202 -0.171143 0.409412 -0.014003 -0.332751
0.368652 0.016235 -0.105469 0.716768 0.031566 -0.205062
0.369385 0.158081 -0.218628 0.718192 0.307356 -0.425076
0.244629 0.216675 -0.331055 0.475630 0.421279 -0.643667
0.341064 0.067871 -0.361450 0.663129 0.131961 -0.702765
0.702148 -0.247314 -0.531494 1.365181 -0.480851 -1.033380
0.868164 -0.377441 -0.574951 1.687964 -0.733856 -1.117873
0.650513 -0.222656 -0.408203 1.264786 -0.432909 -0.793666
0.308716 -0.246826 -0.580933 0.600234 -0.479902 -1.129502
0.098999 -0.157471 -0.774780 0.192483 -0.306169 -1.506399
0.170410 -0.006592 -0.571045 0.331327 -0.012816 -1.110278
0.133545 -0.003784 -0.575928 0.259650 -0.007358 -1.119771
-0.098511 0.053833 -0.854980 -0.191534 0.104667 -1.662331
-0.352417 -0.188110 -0.838867 -0.685201 -0.365741 -1.631002
-0.493652 0.072754 -0.687744 -0.959804 0.141455 -1.337175
-0.489624 0.611328 -0.357422 -0.951972 1.188600 -0.694932
-0.609009 0.497070 -0.025635 -1.184091 0.966450 -0.049841
-0.208008 0.219604 0.229248 -0.404428 0.426975 0.445725
-0.032837 0.760742 0.377930 -0.063845 1.479105 0.734806
-0.247559 1.790161 0.894043 -0.481326 3.480595 1.738280
-0.897217 2.226563 0.957275 -1.744451 4.329087 1.861223
-1.210815 1.901489 0.549927 -2.354178 3.697050 1.069218
-0.596069 1.219971 0.206299 -1.158933 2.371979 0.401105
0.277100 1.207275 -0.051880 0.538762 2.347296 -0.100870
0.654053 1.632446 -0.645508 1.271669 3.173952 -1.255055
0.671387 2.077393 -0.710327 1.305372 4.039057 -1.381083
0.310669 1.575684 -0.269043 0.604031 3.063588 -0.523098
0.127319 1.058960 -0.427002 0.247546 2.058927 -0.830216
0.140259 0.528687 0.072388 0.272704 1.027921 0.140743
-0.145996 0.031372 0.728882 -0.283859 0.060996 1.417159
-0.253052 -0.975952 0.526001 -0.492006 -1.897536 1.022699
-0.300903 -1.978760 0.269775 -0.585044 -3.847286 0.524522
0.219360 -2.112671 -0.466064 0.426500 -4.107648 -0.906165
0.710693 -0.296265 -0.432129 1.381795 -0.576025 -0.840185
0.084961 0.046387 -0.244385 0.165189 0.090189 -0.475155
