-0.062988 0.242798 0.126465 -0.122468 0.472070 0.245885
-0.024536 0.235474 0.013794 -0.047705 0.457829 0.026819
0.005005 0.095459 -0.072876 0.009731 0.185600 -0.141692
-0.052002 0.028564 -0.093018 -0.101107 0.055538 -0.180853
-0.133179 -0.096924 0.017578 -0.258938 -0.188448 0.034177
-0.091064 -0.015625 0.032227 -0.177056 -0.030380 0.062658
0.014038 -0.053711 -0.167480 0.027294 -0.104430 -0.325631
0.127197 -0.404907 -0.289795 0.247309 -0.787258 -0.563446
0.049561 -0.540894 -0.207886 0.096360 -1.051655 -0.404191
-0.176758 -0.295898 -0.048828 -0.343669 -0.575313 -0.094936
-0.182129 -0.004395 -0.036743 -0.354112 -0.008544 -0.071439
-0.114990 -0.015259 -0.126221 -0.223575 -0.029668 -0.245410
-0.064819 0.030518 -0.281982 -0.126028 0.059335 -0.548256
-0.044312 0.060181 -0.346924 -0.086155 0.117009 -0.674521
-0.016357 0.126587 -0.247681 -0.031804 0.246122 -0.481563
-0.029419 0.149536 -0.211426 -0.057199 0.290742 -0.411073
-0.088989 0.045410 -0.032715 -0.173021 0.088291 -0.063607
-0.078613 0.013306 -0.037231 -0.152847 0.025870 -0.072389
-0.008179 -0.004639 -0.141968 -0.015902 -0.009019 -0.276027
-0.003540 -0.042725 -0.070068 -0.006883 -0.083069 -0.136233
-0.035889 -0.050903 -0.057983 -0.069778 -0.098971 -0.112737
-0.081909 -0.027222 -0.121826 -0.159255 -0.052927 -0.236866
-0.111328 0.004517 -0.126587 -0.216454 0.008782 -0.246122
-0.073730 0.027954 -0.105713 -0.143354 0.054351 -0.205537
-0.054688 0.028809 -0.151489 -0.106328 0.056012 -0.294539
-0.097168 0.002319 -0.196533 -0.188923 0.004509 -0.382118
-0.102539 0.009888 -0.172607 -0.199366 0.019225 -0.335599
-0.008423 -0.002319 -0.139282 -0.016376 -0.004509 -0.270805
0.011108 -0.011841 -0.109863 0.021598 -0.023022 -0.213606
-0.006104 0.000977 -0.111084 -0.011867 0.001899 -0.215980
-0.016357 0.005859 -0.126099 -0.031804 0.011392 -0.245173
-0.036255 0.028198 -0.145630 -0.070490 0.054826 -0.283147
-0.046143 0.035400 -0.150879 -0.089715 0.068829 -0.293353
-0.046997 0.019897 -0.169189 -0.091376 0.038686 -0.328954
-0.039673 0.010254 -0.168579 -0.077136 0.019937 -0.327767
-0.020630 -0.014893 -0.121826 -0.040111 -0.028956 -0.236866
-0.006348 -0.006470 -0.089478 -0.012342 -0.012579 -0.173970
-0.012451 0.014038 -0.096436 -0.024209 0.027294 -0.187499
-0.019409 -0.004150 -0.103638 -0.037737 -0.008070 -0.201502
-0.030029 -0.004272 -0.106812 -0.058386 -0.008307 -0.207673
-0.034912 -0.004761 -0.093750 -0.067879 -0.009256 -0.182277
-0.037842 -0.014648 -0.100220 -0.073575 -0.028481 -0.194856
-0.033691 -0.004272 -0.107056 -0.065506 -0.008307 -0.208147
-0.021851 0.017090 -0.127075 -0.042484 0.033228 -0.247071
-0.013550 0.011597 -0.147217 -0.026345 0.022547 -0.286232
-0.020996 -0.003784 -0.151123 -0.040823 -0.007358 -0.293827
-0.044434 -0.023560 -0.128052 -0.086392 -0.045807 -0.248970
-0.057983 -0.032959 -0.103027 -0.112737 -0.064082 -0.200315
-0.053345 -0.045044 -0.102783 -0.103718 -0.087579 -0.199841
-0.039551 -0.029297 -0.121460 -0.076898 -0.056962 -0.236154
-0.022461 -0.031494 -0.117065 -0.043671 -0.061234 -0.227609
-0.016113 -0.010620 -0.122803 -0.031329 -0.020649 -0.238764
-0.027954 0.003296 -0.136597 -0.054351 0.006408 -0.265584
-0.037231 -0.007324 -0.138428 -0.072389 -0.014240 -0.269144
-0.036377 -0.014160 -0.129639 -0.070727 -0.027531 -0.252055
-0.030518 -0.009399 -0.122803 -0.059335 -0.018275 -0.238764
-0.040405 -0.031372 -0.129028 -0.078560 -0.060996 -0.250869
-0.030884 -0.010010 -0.133301 -0.060047 -0.019462 -0.259176
-0.011719 0.007202 -0.110352 -0.022785 0.014003 -0.214556
-0.012451 0.022583 -0.125000 -0.024209 0.043908 -0.243036
-0.017822 0.006104 -0.133301 -0.034652 0.011867 -0.259176
-0.034912 -0.026123 -0.139282 -0.067879 -0.050791 -0.270805
-0.039795 -0.020752 -0.131958 -0.077373 -0.040348 -0.256565
-0.013794 0.015625 -0.122803 -0.026819 0.030380 -0.238764
0.001709 0.025635 -0.114868 0.003323 0.049841 -0.223337
0.000854 0.029297 -0.123657 0.001661 0.056962 -0.240426
-0.016113 -0.000488 -0.121460 -0.031329 -0.000949 -0.236154
-0.037231 -0.005737 -0.117920 -0.072389 -0.011155 -0.229271
-0.042358 0.000854 -0.109497 -0.082357 0.001661 -0.212894
-0.015869 0.007935 -0.116577 -0.030854 0.015427 -0.226660
0.013794 0.023926 -0.114868 0.026819 0.046519 -0.223337
0.015747 0.024048 -0.110107 0.030617 0.046756 -0.214081
-0.001343 0.016479 -0.107056 -0.002611 0.032041 -0.208147
-0.015259 0.030273 -0.101807 -0.029668 0.058860 -0.197942
-0.019897 0.022461 -0.107788 -0.038686 0.043671 -0.209571
-0.011597 0.032349 -0.130249 -0.022547 0.062895 -0.253242
0.005615 0.036133 -0.128052 0.010918 0.070253 -0.248970
0.013550 0.028931 -0.113403 0.026345 0.056250 -0.220489
0.006470 0.024902 -0.121582 0.012579 0.048417 -0.236391
-0.005127 0.015991 -0.137939 -0.009968 0.031092 -0.268195
