-0.360718 0.145264 -0.282593 -0.701341 0.282435 -0.549443
-0.211670 -0.032349 -0.164551 -0.411548 -0.062895 -0.319935
-0.186401 0.114990 0.030273 -0.362419 0.223575 0.058860
-0.187378 0.067383 -0.016357 -0.364317 0.131012 -0.031804
-0.164551 -0.218994 -0.037109 -0.319935 -0.425788 -0.072151
-0.064331 -0.387817 -0.039673 -0.125078 -0.754030 -0.077136
-0.055054 -0.330933 -0.103516 -0.107040 -0.643430 -0.201265
-0.255493 -0.447510 0.015625 -0.496753 -0.870089 0.030380
-0.087158 -0.239868 0.088623 -0.169461 -0.466374 0.172309
-0.010742 -0.134521 0.028198 -0.020886 -0.261549 0.054826
-0.007568 -0.135498 0.025269 -0.014715 -0.263448 0.049129
0.028198 -0.010498 -0.081421 0.054826 -0.020411 -0.158306
0.105469 0.156738 -0.163696 0.205062 0.304745 -0.318273
0.029541 0.026123 -0.198120 0.057436 0.050791 -0.385203
0.007080 -0.059204 -0.271851 0.013766 -0.115110 -0.528557
0.009521 -0.098022 -0.257446 0.018513 -0.190584 -0.500551
0.005859 -0.085571 -0.164795 0.011392 -0.166376 -0.320409
0.101196 -0.031982 -0.129028 0.196755 -0.062183 -0.250869
0.166992 -0.070313 -0.110352 0.324682 -0.136708 -0.214556
0.175537 -0.123535 -0.109375 0.341295 -0.240188 -0.212657
0.063843 -0.202148 -0.078125 0.124129 -0.393036 -0.151898
-0.032471 -0.395508 -0.065430 -0.063133 -0.768983 -0.127214
-0.122559 -0.696167 -0.067017 -0.238290 -1.353552 -0.130300
-0.123535 -0.667847 -0.090332 -0.240188 -1.298489 -0.175632
-0.047485 -0.209961 -0.172363 -0.092325 -0.408225 -0.335124
-0.021973 -0.075317 -0.190186 -0.042721 -0.146439 -0.369776
-0.026245 -0.068726 -0.240112 -0.051028 -0.133623 -0.466848
-0.053345 -0.157104 -0.332886 -0.103718 -0.305457 -0.647227
-0.078979 -0.171143 -0.329468 -0.153559 -0.332751 -0.640581
-0.119507 -0.196533 -0.241577 -0.232356 -0.382118 -0.469696
-0.158447 -0.074097 -0.263672 -0.308068 -0.144066 -0.512655
-0.189941 0.078979 -0.352051 -0.369301 0.153559 -0.684489
-0.190796 0.170410 -0.392456 -0.370963 0.331327 -0.763049
-0.190063 0.238281 -0.376221 -0.369539 0.463288 -0.731483
-0.165283 0.333130 -0.456299 -0.321359 0.647702 -0.887178
-0.123779 0.343018 -0.582397 -0.240663 0.666926 -1.132350
-0.152588 0.337158 -0.570557 -0.296675 0.655534 -1.109329
-0.179077 0.185791 -0.491943 -0.348178 0.361232 -0.956481
-0.162720 0.180420 -0.537964 -0.316375 0.350789 -1.045959
-0.176880 0.224365 -0.461426 -0.343906 0.436231 -0.897146
-0.165405 0.125977 -0.341187 -0.321596 0.244935 -0.663366
-0.060913 0.093140 -0.453491 -0.118433 0.181091 -0.881719
0.004883 0.045166 -0.550415 0.009494 0.087816 -1.070167
0.002441 0.016724 -0.522339 0.004747 0.032516 -1.015579
-0.121216 0.060913 -0.387573 -0.235679 0.118433 -0.753555
-0.259399 0.162109 -0.231323 -0.504348 0.315188 -0.449760
-0.357422 0.346680 -0.192993 -0.694932 0.674046 -0.375235
-0.415894 0.445190 -0.177368 -0.808618 0.865580 -0.344855
-0.399780 0.432495 -0.188354 -0.777289 0.840897 -0.366216
-0.379272 0.337158 -0.258789 -0.737416 0.655534 -0.503161
-0.319824 0.297485 -0.299927 -0.621832 0.578398 -0.583145
-0.218262 0.402344 -0.307861 -0.424364 0.782274 -0.598572
-0.147461 0.578369 -0.279297 -0.286707 1.124518 -0.543035
-0.090332 0.707153 -0.233643 -0.175632 1.374912 -0.454269
-0.083374 0.742554 -0.216187 -0.162103 1.443741 -0.420330
-0.115356 0.762573 -0.217407 -0.224287 1.482665 -0.422703
-0.161743 0.711060 -0.186401 -0.314476 1.382507 -0.362419
-0.186890 0.626343 -0.135620 -0.363368 1.217793 -0.263685
-0.120972 0.636353 -0.084229 -0.235204 1.237255 -0.163765
-0.071289 0.694824 -0.041992 -0.138607 1.350941 -0.081645
-0.021484 0.617554 -0.006592 -0.041772 1.200704 -0.012816
-0.055908 0.462769 0.005859 -0.108702 0.899757 0.011392
-0.086548 0.352173 -0.001099 -0.168274 0.684727 -0.002136
-0.063965 0.324829 -0.022705 -0.124366 0.631562 -0.044145
-0.031982 0.278442 -0.034302 -0.062183 0.541373 -0.066693
0.003540 0.177124 -0.051025 0.006883 0.344381 -0.099208
-0.022949 0.091675 -0.097168 -0.044620 0.178243 -0.188923
0.005005 0.082764 -0.086914 0.009731 0.160917 -0.168986
-0.004639 0.064453 -0.095215 -0.009019 0.125316 -0.185125
-0.014771 0.029175 -0.107056 -0.028718 0.056724 -0.208147
-0.013428 0.024536 -0.088379 -0.026107 0.047705 -0.171834
-0.001465 0.070923 -0.049316 -0.002848 0.137895 -0.095885
-0.006104 0.151123 -0.016235 -0.011867 0.293827 -0.031566
-0.021973 0.156006 -0.023804 -0.042721 0.303321 -0.046281
-0.031006 0.138428 -0.042603 -0.060284 0.269144 -0.082832
-0.012695 0.124512 -0.046509 -0.024683 0.242087 -0.090427
0.004028 0.152466 -0.036011 0.007832 0.296438 -0.070015
-0.012207 0.253296 -0.060547 -0.023734 0.492481 -0.117721
-0.061890 0.346924 -0.102417 -0.120332 0.674521 -0.199128
-0.102051 0.380249 -0.132935 -0.198416 0.739315 -0.258464
