-0.038818 -0.418701 -0.174927 -0.075474 -0.814077 -0.340109
-0.023315 -0.148682 -0.164673 -0.045332 -0.289080 -0.320172
-0.074951 -0.160889 -0.062744 -0.145727 -0.312815 -0.121993
-0.123169 -0.273926 0.046143 -0.239476 -0.532592 0.089715
-0.249023 -0.341187 0.125854 -0.484174 -0.663366 0.244698
-0.287354 -0.367676 0.124634 -0.558699 -0.714869 0.242324
-0.340942 -0.255493 -0.150879 -0.662891 -0.496753 -0.293353
-0.224365 -0.665405 -0.275391 -0.436231 -1.293742 -0.535440
-0.194336 -1.050781 -0.170044 -0.377846 -2.043025 -0.330615
-0.205078 -0.917969 -0.209961 -0.398732 -1.784799 -0.408225
-0.101440 -0.536499 -0.133545 -0.197230 -1.043111 -0.259650
-0.180542 -0.528809 -0.132690 -0.351026 -1.028158 -0.257989
-0.247559 -0.651978 -0.172852 -0.481326 -1.267635 -0.336074
-0.184937 -0.659668 -0.217163 -0.359571 -1.282587 -0.422228
-0.062134 -0.475708 -0.239990 -0.120806 -0.924915 -0.466611
-0.008789 -0.470337 -0.214233 -0.017089 -0.914472 -0.416532
0.003418 -0.416382 -0.197998 0.006646 -0.809568 -0.384966
-0.009644 -0.282104 -0.158447 -0.018750 -0.548493 -0.308068
-0.025391 -0.203369 -0.134644 -0.049367 -0.395409 -0.261786
-0.047119 -0.159424 -0.088989 -0.091613 -0.309966 -0.173021
-0.045654 -0.040527 -0.050171 -0.088765 -0.078797 -0.097547
-0.019775 0.038208 -0.032471 -0.038449 0.074288 -0.063133
-0.002319 0.029907 -0.048706 -0.004509 0.058148 -0.094699
-0.001221 0.039917 -0.070313 -0.002373 0.077610 -0.136708
-0.028564 0.046387 -0.051025 -0.055538 0.090189 -0.099208
-0.051147 0.050537 -0.014526 -0.099446 0.098259 -0.028243
-0.043579 0.086914 -0.011353 -0.084730 0.168986 -0.022073
-0.053955 0.101563 -0.038940 -0.104904 0.197467 -0.075712
-0.031372 0.156006 -0.048584 -0.060996 0.303321 -0.094461
-0.025513 0.146606 -0.041016 -0.049604 0.285046 -0.079746
-0.018921 0.129883 -0.032104 -0.036788 0.252530 -0.062420
0.003784 0.123657 -0.038818 0.007358 0.240426 -0.075474
0.020020 0.100586 -0.070313 0.038924 0.195568 -0.136708
0.000244 0.072876 -0.107788 0.000475 0.141692 -0.209571
-0.010986 0.075684 -0.134033 -0.021361 0.147151 -0.260600
-0.015015 0.108887 -0.124390 -0.029193 0.211708 -0.241850
-0.021606 0.115112 -0.103394 -0.042009 0.223812 -0.201027
-0.021851 0.088013 -0.095093 -0.042484 0.171122 -0.184888
-0.047852 -0.002319 -0.081909 -0.093037 -0.004509 -0.159255
-0.044067 0.026123 -0.093750 -0.085680 0.050791 -0.182277
-0.050781 0.043823 -0.070557 -0.098734 0.085205 -0.137183
-0.036255 0.079956 -0.058472 -0.070490 0.155458 -0.113686
-0.036499 0.046387 -0.069702 -0.070965 0.090189 -0.135521
-0.044800 0.006348 -0.084595 -0.087104 0.012342 -0.164477
-0.064087 -0.031738 -0.077881 -0.124604 -0.061708 -0.151423
-0.065063 -0.000854 -0.090454 -0.126502 -0.001661 -0.175869
-0.032837 0.044922 -0.120361 -0.063845 0.087341 -0.234018
-0.054077 0.017334 -0.145630 -0.105142 0.033702 -0.283147
-0.049927 -0.004639 -0.167236 -0.097072 -0.009019 -0.325156
-0.038696 0.015381 -0.186157 -0.075237 0.029905 -0.361944
-0.017700 0.031982 -0.179932 -0.034414 0.062183 -0.349840
0.002441 0.055786 -0.158936 0.004747 0.108465 -0.309017
0.015625 0.068359 -0.120605 0.030380 0.132911 -0.234492
-0.005859 0.047729 -0.108276 -0.011392 0.092800 -0.210521
-0.028442 0.040527 -0.106567 -0.055300 0.078797 -0.207198
-0.027710 0.051636 -0.112305 -0.053876 0.100395 -0.218353
-0.017700 0.063843 -0.121826 -0.034414 0.124129 -0.236866
-0.001831 0.067139 -0.123779 -0.003560 0.130537 -0.240663
-0.003052 0.066650 -0.111572 -0.005934 0.129588 -0.216929
-0.013062 0.043213 -0.105713 -0.025395 0.084018 -0.205537
-0.019775 0.022705 -0.104858 -0.038449 0.044145 -0.203875
-0.017212 0.026367 -0.118652 -0.033465 0.051266 -0.230695
-0.006104 0.025146 -0.142334 -0.011867 0.048892 -0.276739
0.001099 -0.003174 -0.152344 0.002136 -0.006171 -0.296201
-0.005859 -0.038696 -0.160889 -0.011392 -0.075237 -0.312815
-0.023438 -0.082031 -0.146240 -0.045569 -0.159493 -0.284334
-0.049072 -0.126465 -0.150269 -0.095411 -0.245885 -0.292166
-0.055420 -0.108887 -0.135986 -0.107752 -0.211708 -0.264397
-0.078857 -0.095093 -0.144409 -0.153322 -0.184888 -0.280774
-0.017212 -0.047607 -0.182251 -0.033465 -0.092563 -0.354349
-0.017822 -0.082886 -0.189819 -0.034652 -0.161154 -0.369064
-0.019531 -0.120605 -0.173950 -0.037974 -0.234492 -0.338210
0.002930 -0.140015 -0.157349 0.005696 -0.272229 -0.305932
-0.006470 -0.087524 -0.135498 -0.012579 -0.170173 -0.263448
-0.006470 -0.041138 -0.099243 -0.012579 -0.079984 -0.192958
-0.018066 -0.032593 -0.073853 -0.035126 -0.063370 -0.143591
-0.037476 -0.050415 -0.052612 -0.072863 -0.098022 -0.102294
-0.055786 -0.050903 -0.038818 -0.108465 -0.098971 -0.075474
-0.058350 -0.043213 -0.071045 -0.113449 -0.084018 -0.138132
-0.033691 -0.038330 -0.120728 -0.065506 -0.074525 -0.234730
