-0.053955 0.241577 -0.039673 -0.104904 0.469696 -0.077136
-0.080078 0.199219 -0.142822 -0.155695 0.387339 -0.277688
0.093872 0.181885 -0.229370 0.182515 0.353637 -0.445962
0.115723 0.057007 -0.288818 0.224999 0.110838 -0.561547
0.071289 -0.224731 -0.241455 0.138607 -0.436943 -0.469459
0.141724 -0.298462 -0.180542 0.275552 -0.580297 -0.351026
0.091553 -0.374512 -0.164429 0.178005 -0.728160 -0.319697
-0.065308 -0.135376 -0.050781 -0.126977 -0.263210 -0.098734
-0.187988 0.081665 -0.048706 -0.365504 0.158781 -0.094699
-0.137451 -0.013428 -0.116089 -0.267245 -0.026107 -0.225711
-0.019409 -0.074829 -0.193970 -0.037737 -0.145490 -0.377134
-0.002563 -0.028076 -0.147705 -0.004984 -0.054588 -0.287182
-0.106812 0.007568 -0.113037 -0.207673 0.014715 -0.219777
-0.124512 0.045898 -0.077881 -0.242087 0.089240 -0.151423
-0.116333 0.054565 -0.063110 -0.226185 0.106091 -0.122705
-0.086304 0.019409 -0.073608 -0.167800 0.037737 -0.143116
-0.064819 -0.019653 -0.087402 -0.126028 -0.038212 -0.169936
-0.055786 -0.009277 -0.117310 -0.108465 -0.018038 -0.228084
-0.045776 0.019897 -0.121948 -0.089003 0.038686 -0.237103
-0.068237 0.039551 -0.097900 -0.132673 0.076898 -0.190347
-0.078979 0.016357 -0.075073 -0.153559 0.031804 -0.145964
-0.045166 0.018677 -0.109619 -0.087816 0.036313 -0.213132
-0.001587 -0.016235 -0.122681 -0.003085 -0.031566 -0.238527
-0.006836 -0.051514 -0.096680 -0.013291 -0.100158 -0.187973
-0.001953 -0.004272 -0.072021 -0.003797 -0.008307 -0.140031
-0.016602 -0.021362 -0.073120 -0.032278 -0.041535 -0.142167
-0.027954 -0.026978 -0.092773 -0.054351 -0.052452 -0.180379
-0.007935 -0.018066 -0.088623 -0.015427 -0.035126 -0.172309
-0.000977 -0.009155 -0.075073 -0.001899 -0.017801 -0.145964
-0.017334 -0.001831 -0.084595 -0.033702 -0.003560 -0.164477
-0.019531 -0.020630 -0.089355 -0.037974 -0.040111 -0.173733
-0.031372 -0.010620 -0.087036 -0.060996 -0.020649 -0.169224
-0.008057 0.032471 -0.117798 -0.015664 0.063133 -0.229033
0.008789 0.030151 -0.145874 0.017089 0.058623 -0.283622
-0.010742 0.012451 -0.160156 -0.020886 0.024209 -0.311390
0.000122 0.012939 -0.159546 0.000237 0.025158 -0.310204
0.006958 0.015259 -0.143066 0.013528 0.029668 -0.278163
0.007935 0.017456 -0.125854 0.015427 0.033940 -0.244698
-0.007080 -0.002808 -0.117065 -0.013766 -0.005459 -0.227609
-0.031494 -0.014282 -0.122437 -0.061234 -0.027769 -0.238052
-0.000854 0.007324 -0.116333 -0.001661 0.014240 -0.226185
-0.001831 0.018066 -0.112549 -0.003560 0.035126 -0.218828
-0.015625 0.013550 -0.108276 -0.030380 0.026345 -0.210521
-0.038452 -0.001221 -0.101196 -0.074762 -0.002373 -0.196755
-0.019043 0.013062 -0.096802 -0.037025 0.025395 -0.188211
-0.012939 0.035522 -0.107056 -0.025158 0.069066 -0.208147
-0.016113 0.013672 -0.124390 -0.031329 0.026582 -0.241850
-0.014160 -0.010986 -0.128540 -0.027531 -0.021361 -0.249919
-0.024414 -0.004639 -0.117310 -0.047468 -0.009019 -0.228084
-0.019531 -0.001953 -0.111572 -0.037974 -0.003797 -0.216929
0.002563 0.004150 -0.115845 0.004984 0.008070 -0.225236
-0.000610 0.014771 -0.110596 -0.001187 0.028718 -0.215030
-0.003540 0.003052 -0.105835 -0.006883 0.005934 -0.205774
-0.000854 0.001831 -0.107544 -0.001661 0.003560 -0.209097
-0.002197 0.014648 -0.093140 -0.004272 0.028481 -0.181091
-0.018921 0.019897 -0.077393 -0.036788 0.038686 -0.150474
-0.052246 -0.002319 -0.085083 -0.101582 -0.004509 -0.165426
-0.040161 0.001953 -0.102173 -0.078085 0.003797 -0.198654
-0.015625 0.023926 -0.110229 -0.030380 0.046519 -0.214318
-0.021484 0.034790 -0.126709 -0.041772 0.067642 -0.246359
-0.019653 0.025879 -0.130249 -0.038212 0.050316 -0.253242
-0.001221 0.026733 -0.126587 -0.002373 0.051978 -0.246122
0.003784 0.036621 -0.125854 0.007358 0.071202 -0.244698
0.005249 0.062500 -0.123291 0.010206 0.121518 -0.239714
-0.020142 0.039429 -0.125366 -0.039161 0.076661 -0.243748
-0.034912 0.051758 -0.120850 -0.067879 0.100632 -0.234967
-0.034424 0.041992 -0.117554 -0.066930 0.081645 -0.228559
-0.017578 0.038574 -0.107300 -0.034177 0.075000 -0.208622
-0.012207 0.020996 -0.110840 -0.023734 0.040823 -0.215505
-0.015625 0.000977 -0.127441 -0.030380 0.001899 -0.247783
-0.002075 0.017822 -0.157715 -0.004035 0.034652 -0.306644
0.013306 0.027466 -0.180298 0.025870 0.053402 -0.350552
0.019165 0.049438 -0.189941 0.037262 0.096123 -0.369301
-0.000122 0.059204 -0.197876 -0.000237 0.115110 -0.384729
-0.008179 0.046875 -0.190186 -0.015902 0.091139 -0.369776
0.014282 0.067017 -0.176514 0.027769 0.130300 -0.343194
0.035400 0.071655 -0.167114 0.068829 0.139319 -0.324919
0.020020 0.061523 -0.168091 0.038924 0.119620 -0.326818
0.009399 0.060181 -0.158203 0.018275 0.117009 -0.307593
-0.001709 0.042236 -0.146484 -0.003323 0.082120 -0.284808
