-0.378174 0.729614 0.223267 -0.735280 1.418583 0.434095
-0.068848 0.642334 0.228149 -0.133860 1.248885 0.443589
0.126343 0.408325 0.154297 0.245647 0.793903 0.299998
0.059570 -0.106445 0.033936 0.115822 -0.206961 0.065981
-0.039185 -0.527100 0.051392 -0.076186 -1.024835 0.099920
0.077881 -0.794800 0.014038 0.151423 -1.545323 0.027294
0.081421 -0.989990 -0.166504 0.158306 -1.924830 -0.323732
-0.132324 -0.506836 -0.039673 -0.257277 -0.985437 -0.077136
-0.046143 -0.073486 -0.082397 -0.089715 -0.142879 -0.160205
-0.101440 -0.106567 -0.206177 -0.197230 -0.207198 -0.400868
-0.231323 -0.039673 -0.315063 -0.449760 -0.077136 -0.612575
-0.284180 -0.131714 -0.385742 -0.552528 -0.256090 -0.749995
-0.120728 -0.545898 -0.333374 -0.234730 -1.061386 -0.648176
0.014648 -1.101074 -0.287476 0.028481 -2.140809 -0.558936
-0.050415 -0.648926 -0.384888 -0.098022 -1.261701 -0.748334
-0.140869 -0.366943 -0.360229 -0.273891 -0.713445 -0.700391
-0.177734 -0.525879 -0.269775 -0.345567 -1.022462 -0.524522
-0.149292 -0.400635 -0.102417 -0.290267 -0.778951 -0.199128
-0.055298 -0.177979 0.248535 -0.107515 -0.346042 0.483225
-0.039429 -0.109985 0.279663 -0.076661 -0.213844 0.543747
-0.151367 -0.113892 0.004150 -0.294302 -0.221438 0.008070
0.036133 0.159180 -0.019409 0.070253 0.309492 -0.037737
0.393677 0.649414 -0.045776 0.765422 1.262650 -0.089003
0.095581 0.165039 -0.191772 0.185837 0.320884 -0.372862
0.021362 -0.307495 -0.158813 0.041535 -0.597860 -0.308780
0.060547 -0.113647 -0.060181 0.117721 -0.220964 -0.117009
0.025757 0.190674 -0.006714 0.050079 0.370726 -0.013054
0.018799 0.089844 -0.021973 0.036550 0.174682 -0.042721
0.043579 0.087158 -0.047852 0.084730 0.169461 -0.093037
0.001831 0.153564 -0.098267 0.003560 0.298574 -0.191059
-0.075073 0.134766 -0.140503 -0.145964 0.262024 -0.273179
-0.019409 0.250122 -0.154907 -0.037737 0.486310 -0.301185
0.021606 0.355835 -0.144043 0.042009 0.691847 -0.280062
-0.082153 0.172607 -0.079834 -0.159730 0.335599 -0.155221
-0.090576 0.098755 0.021729 -0.176106 0.192008 0.042247
-0.028809 0.210083 0.077271 -0.056012 0.408463 0.150236
0.013184 0.170898 0.083008 0.025633 0.332276 0.161391
0.040161 0.122925 -0.010254 0.078085 0.239002 -0.019937
0.005493 -0.012329 -0.073608 0.010680 -0.023971 -0.143116
0.035156 0.009766 -0.091919 0.068354 0.018987 -0.178717
0.110229 0.139526 -0.083008 0.214318 0.271280 -0.161391
0.108398 0.188477 -0.055664 0.210758 0.366453 -0.108227
0.078735 0.181885 -0.008911 0.153084 0.353637 -0.017326
0.042725 0.109131 -0.011353 0.083069 0.212182 -0.022073
0.006104 0.006104 -0.054443 0.011867 0.011867 -0.105854
-0.027954 -0.015259 -0.088013 -0.054351 -0.029668 -0.171122
-0.022461 0.015869 -0.076416 -0.043671 0.030854 -0.148575
0.001465 0.021118 -0.046753 0.002848 0.041060 -0.090901
-0.028198 -0.024902 -0.049438 -0.054826 -0.048417 -0.096123
-0.002441 -0.012451 -0.054443 -0.004747 -0.024209 -0.105854
0.047852 0.073120 -0.061279 0.093037 0.142167 -0.119145
0.049316 0.099487 -0.078369 0.095885 0.193432 -0.152372
0.038574 0.081909 -0.052368 0.075000 0.159255 -0.101819
0.022217 0.039063 -0.013550 0.043196 0.075949 -0.026345
0.019409 0.032227 -0.011719 0.037737 0.062658 -0.022785
0.031372 0.043945 -0.061890 0.060996 0.085443 -0.120332
0.003174 -0.012451 -0.095825 0.006171 -0.024209 -0.186312
-0.039307 -0.062744 -0.120850 -0.076424 -0.121993 -0.234967
-0.030884 -0.033691 -0.116089 -0.060047 -0.065506 -0.225711
0.019653 0.031006 -0.104858 0.038212 0.060284 -0.203875
0.054321 0.086426 -0.102417 0.105616 0.168037 -0.199128
0.032593 0.074585 -0.126221 0.063370 0.145015 -0.245410
-0.006226 -0.007813 -0.141846 -0.012104 -0.015190 -0.275789
-0.013794 0.031128 -0.139282 -0.026819 0.060522 -0.270805
-0.006714 0.067505 -0.135620 -0.013054 0.131249 -0.263685
-0.016357 0.052612 -0.114624 -0.031804 0.102294 -0.222863
-0.040527 0.037598 -0.094360 -0.078797 0.073101 -0.183464
-0.057373 -0.003296 -0.078003 -0.111550 -0.006408 -0.151660
-0.050415 -0.045532 -0.067871 -0.098022 -0.088528 -0.131961
-0.029053 -0.052368 -0.081177 -0.056487 -0.101819 -0.157831
-0.073853 -0.174561 -0.092041 -0.143591 -0.339397 -0.178955
-0.093262 -0.154053 -0.116333 -0.181328 -0.299523 -0.226185
-0.018921 -0.016968 -0.120239 -0.036788 -0.032990 -0.233780
0.001465 0.026245 -0.106201 0.002848 0.051028 -0.206486
-0.030151 0.019897 -0.104980 -0.058623 0.038686 -0.204113
-0.056396 -0.022217 -0.105103 -0.109651 -0.043196 -0.204350
-0.058594 -0.012329 -0.120361 -0.113923 -0.023971 -0.234018
-0.018677 0.048950 -0.145020 -0.036313 0.095173 -0.281960
-0.009521 0.049805 -0.152466 -0.018513 0.096835 -0.296438
-0.006470 0.048828 -0.140991 -0.012579 0.094936 -0.274128
