-0.537109 0.014893 -0.209473 -1.044297 0.028956 -0.407276
-0.606934 0.188843 -0.053223 -1.180056 0.367165 -0.103480
-0.508179 0.211426 0.025269 -0.988048 0.411073 0.049129
-0.346436 0.155273 -0.082275 -0.673572 0.301897 -0.159967
-0.333618 -0.049683 0.017822 -0.648651 -0.096597 0.034652
-0.520020 -0.273926 0.232056 -1.011070 -0.532592 0.451184
-0.670898 -0.785522 0.236206 -1.304422 -1.527285 0.459253
0.093628 -1.182861 0.015137 0.182040 -2.299827 0.029430
1.657349 -0.120117 0.037231 3.222369 -0.233543 0.072389
2.829102 0.706665 0.018066 5.500598 1.373963 0.035126
3.375366 0.640137 0.059082 6.562696 1.244612 0.114873
3.424561 0.207153 0.171387 6.658344 0.402766 0.333226
3.113159 -0.552734 0.035889 6.052889 -1.074677 0.069778
2.281250 -1.234131 0.142822 4.435415 -2.399510 0.277688
1.628784 -1.581299 0.573730 3.166831 -3.074506 1.115499
1.266113 -2.102783 0.839966 2.461694 -4.088424 1.633139
0.959595 -2.279053 1.071411 1.865732 -4.431143 2.083136
0.473145 -2.157837 1.569092 0.919931 -4.195464 3.050772
0.557007 -2.833496 2.458374 1.082984 -5.509143 4.779796
0.943848 -4.000000 2.999023 1.835115 -7.777166 5.830976
1.811646 -4.000000 2.729858 3.522367 -7.777166 5.307641
2.627075 -3.591309 1.842773 5.107800 -6.982551 3.582889
2.172974 -3.242798 1.105957 4.224895 -6.304945 2.150303
1.991577 -2.906494 0.711060 3.872207 -5.651072 1.382507
1.726318 -2.075928 0.487427 3.356466 -4.036209 0.947700
1.534790 -1.049561 0.206909 2.984079 -2.040652 0.402292
1.330811 -0.570313 0.005249 2.587484 -1.108854 0.010206
1.035889 0.009277 -0.190186 2.014070 0.018038 -0.369776
0.656982 1.190552 -0.375000 1.277365 2.314780 -0.729109
0.332031 2.926392 -0.622192 0.645566 5.689759 -1.209723
-0.715942 3.999878 -0.979004 -1.392001 7.776929 -1.903469
-1.963257 3.999878 -1.499146 -3.817144 7.776929 -2.914776
-2.219604 3.999878 -2.231079 -4.315558 7.776929 -4.337868
-2.292969 3.999878 -2.441528 -4.458200 7.776929 -4.747043
-1.719971 3.999878 -3.099243 -3.344125 7.776929 -6.025833
-0.594482 3.999878 -3.386963 -1.155847 7.776929 -6.585244
-0.370239 3.999878 -3.541992 -0.719853 7.776929 -6.886666
-0.761230 3.999878 -3.526001 -1.480054 7.776929 -6.855574
-0.845337 3.410400 -2.815918 -1.643582 6.630813 -5.474966
-0.347046 2.122070 -1.665283 -0.674758 4.125924 -3.237796
0.349731 1.194214 -0.943604 0.679980 2.321900 -1.834640
1.026245 1.593872 -0.820435 1.995320 3.098952 -1.595164
1.059326 1.332397 -0.753418 2.059639 2.590569 -1.464864
0.335938 0.465576 -0.875854 0.653160 0.905216 -1.702917
0.214355 0.186768 -0.861694 0.416770 0.363131 -1.675385
0.225830 0.238037 -0.920288 0.439080 0.462814 -1.789308
-0.074951 0.094971 -0.575928 -0.145727 0.184651 -1.119771
-0.187256 -0.086670 0.104614 -0.364080 -0.168512 0.203401
-0.219116 -0.157837 0.125122 -0.426026 -0.306881 0.243274
-0.246704 -0.137573 -0.114502 -0.479665 -0.267482 -0.222625
-0.264526 -0.244995 -0.119751 -0.514316 -0.476342 -0.232831
-0.233398 -0.281616 -0.034302 -0.453795 -0.547544 -0.066693
-0.215088 -0.242188 0.030151 -0.418194 -0.470883 0.058623
-0.183838 -0.132324 0.002197 -0.357434 -0.257277 0.004272
-0.119873 -0.026367 -0.048584 -0.233068 -0.051266 -0.094461
-0.064697 -0.023926 -0.051147 -0.125790 -0.046519 -0.099446
-0.011841 -0.071289 -0.034546 -0.023022 -0.138607 -0.067167
0.001587 -0.081421 -0.004883 0.003085 -0.158306 -0.009494
-0.011108 -0.009888 0.000122 -0.021598 -0.019225 0.000237
-0.032349 0.011475 -0.011475 -0.062895 0.022310 -0.022310
-0.048462 -0.010742 -0.023438 -0.094224 -0.020886 -0.045569
-0.077271 -0.021729 -0.027710 -0.150236 -0.042247 -0.053876
-0.076660 -0.035034 -0.036865 -0.149050 -0.068117 -0.071677
-0.067017 -0.013916 -0.083862 -0.130300 -0.027057 -0.163053
-0.041626 0.020142 -0.142456 -0.080933 0.039161 -0.276976
-0.013062 0.036621 -0.167969 -0.025395 0.071202 -0.326580
-0.005005 0.046143 -0.171143 -0.009731 0.089715 -0.332751
-0.023560 0.054321 -0.170898 -0.045807 0.105616 -0.332276
-0.032593 0.039185 -0.160645 -0.063370 0.076186 -0.312340
-0.050049 -0.000732 -0.116333 -0.097310 -0.001424 -0.226185
-0.067871 -0.027588 -0.067993 -0.131961 -0.053639 -0.132199
-0.074219 -0.045044 -0.030640 -0.144303 -0.087579 -0.059572
-0.062134 -0.052002 -0.014648 -0.120806 -0.101107 -0.028481
-0.045166 -0.039307 -0.042603 -0.087816 -0.076424 -0.082832
-0.040649 -0.004028 -0.104004 -0.079034 -0.007832 -0.202214
-0.046997 0.019897 -0.164795 -0.091376 0.038686 -0.320409
-0.045654 0.028442 -0.189453 -0.088765 0.055300 -0.368352
-0.018799 0.007935 -0.164429 -0.036550 0.015427 -0.319697
0.006226 0.002686 -0.125122 0.012104 0.005221 -0.243274
0.001953 0.029419 -0.110962 0.003797 0.057199 -0.215742
