0.020142 0.268799 0.042236 0.039161 0.522623 0.082120
0.067749 0.260132 0.064331 0.131724 0.505772 0.125078
0.126465 0.137451 0.026123 0.245885 0.267245 0.050791
0.060181 0.095337 -0.033569 0.117009 0.185363 -0.065269
0.068726 -0.002075 -0.100586 0.133623 -0.004035 -0.195568
0.055054 0.034424 -0.075317 0.107040 0.066930 -0.146439
-0.021484 0.191772 0.023193 -0.041772 0.372862 0.045095
-0.022949 0.357788 0.035034 -0.044620 0.695644 0.068117
0.071411 0.100220 -0.079224 0.138844 0.194856 -0.154034
-0.018921 -0.114136 -0.127197 -0.036788 -0.221913 -0.247309
-0.081909 -0.176880 -0.120728 -0.159255 -0.343906 -0.234730
-0.084717 -0.098755 -0.123413 -0.164714 -0.192008 -0.239951
-0.101807 -0.119629 -0.131958 -0.197942 -0.232593 -0.256565
-0.115845 -0.057739 -0.155518 -0.225236 -0.112262 -0.302372
-0.219849 -0.034790 -0.203857 -0.427450 -0.067642 -0.396358
-0.354370 -0.072388 -0.190430 -0.688999 -0.140743 -0.370251
-0.392456 -0.125610 -0.106323 -0.763049 -0.244223 -0.206723
-0.332764 -0.084351 -0.065308 -0.646990 -0.164002 -0.126977
-0.245239 0.053345 -0.110840 -0.476817 0.103718 -0.215505
-0.191528 0.143799 -0.154541 -0.372387 0.279587 -0.300473
-0.152954 0.128296 -0.202271 -0.297387 0.249445 -0.393273
-0.135132 0.083008 -0.268921 -0.262736 0.161391 -0.522861
-0.122314 0.035278 -0.296143 -0.237815 0.068591 -0.575788
-0.088501 -0.019775 -0.303345 -0.172072 -0.038449 -0.589791
-0.046753 -0.020874 -0.361938 -0.090901 -0.040585 -0.703714
-0.027588 -0.074219 -0.361572 -0.053639 -0.144303 -0.703002
-0.038818 -0.110474 -0.326050 -0.075474 -0.214793 -0.633936
-0.046021 -0.121460 -0.313110 -0.089477 -0.236154 -0.608778
-0.065796 -0.131104 -0.291870 -0.127926 -0.254903 -0.567481
-0.078613 -0.074341 -0.302368 -0.152847 -0.144540 -0.587892
-0.063843 -0.052246 -0.303955 -0.124129 -0.101582 -0.590977
-0.070190 -0.092773 -0.269409 -0.136471 -0.180379 -0.523810
-0.042969 -0.123291 -0.270142 -0.083544 -0.239714 -0.525234
-0.044312 -0.108887 -0.311279 -0.086155 -0.211708 -0.605218
-0.077637 -0.085693 -0.363037 -0.150948 -0.166613 -0.705850
-0.053955 -0.062012 -0.451782 -0.104904 -0.120569 -0.878396
-0.071655 -0.059692 -0.499146 -0.139319 -0.116059 -0.970484
-0.052246 -0.041382 -0.567139 -0.101582 -0.080458 -1.102683
0.011108 0.046753 -0.701782 0.021598 0.090901 -1.364469
0.035156 0.080688 -0.759766 0.068354 0.156882 -1.477206
0.002319 0.023071 -0.720337 0.004509 0.044857 -1.400545
-0.021362 -0.060791 -0.633667 -0.041535 -0.118195 -1.232033
0.000854 -0.133911 -0.543335 0.001661 -0.260362 -1.056402
-0.025879 -0.168701 -0.426514 -0.050316 -0.328004 -0.829267
-0.030273 -0.124512 -0.384399 -0.058860 -0.242087 -0.747385
-0.003662 -0.078857 -0.402710 -0.007120 -0.153322 -0.782986
-0.031372 -0.086182 -0.380005 -0.060996 -0.167562 -0.738840
-0.039429 -0.067993 -0.316284 -0.076661 -0.132199 -0.614949
-0.050903 -0.035645 -0.249512 -0.098971 -0.069303 -0.485124
-0.066772 -0.031982 -0.192627 -0.129825 -0.062183 -0.374523
-0.077393 -0.028564 -0.161743 -0.150474 -0.055538 -0.314476
-0.084106 -0.005127 -0.138062 -0.163527 -0.009968 -0.268432
-0.067017 0.003662 -0.120239 -0.130300 0.007120 -0.233780
-0.033447 0.015015 -0.126343 -0.065031 0.029193 -0.245647
-0.024292 0.014282 -0.131348 -0.047231 0.027769 -0.255378
-0.030029 0.001343 -0.132568 -0.058386 0.002611 -0.257752
-0.038818 -0.011963 -0.124023 -0.075474 -0.023259 -0.241138
-0.034790 0.011108 -0.144409 -0.067642 0.021598 -0.280774
-0.036865 0.031982 -0.175903 -0.071677 0.062183 -0.342007
-0.036377 0.024414 -0.178711 -0.070727 0.047468 -0.347466
-0.055664 -0.007568 -0.163452 -0.108227 -0.014715 -0.317799
-0.037598 -0.049316 -0.160767 -0.073101 -0.095885 -0.312577
-0.004272 -0.050415 -0.196167 -0.008307 -0.098022 -0.381406
-0.008911 -0.037720 -0.222168 -0.017326 -0.073338 -0.431959
-0.030884 -0.035645 -0.221313 -0.060047 -0.069303 -0.430298
-0.040894 -0.017700 -0.229004 -0.079509 -0.034414 -0.445250
-0.033569 -0.037842 -0.222656 -0.065269 -0.073575 -0.432909
-0.022217 -0.073853 -0.218384 -0.043196 -0.143591 -0.424602
-0.026611 -0.094604 -0.234985 -0.051740 -0.183939 -0.456880
-0.058594 -0.166626 -0.219482 -0.113923 -0.323969 -0.426738
-0.086304 -0.242798 -0.215942 -0.167800 -0.472070 -0.419855
-0.080811 -0.305908 -0.218872 -0.157119 -0.594775 -0.425551
-0.067139 -0.312866 -0.204224 -0.130537 -0.608303 -0.397070
-0.052124 -0.267090 -0.180420 -0.101344 -0.519301 -0.350789
-0.035645 -0.224609 -0.167725 -0.069303 -0.436706 -0.326106
-0.036499 -0.162109 -0.188843 -0.070965 -0.315188 -0.367165
-0.044067 -0.108521 -0.213501 -0.085680 -0.210996 -0.415108
-0.057251 -0.062378 -0.214233 -0.111313 -0.121281 -0.416532
-0.055298 -0.026733 -0.187744 -0.107515 -0.051978 -0.365029
-0.075439 -0.003662 -0.146240 -0.146676 -0.007120 -0.284334
