0.304199 0.108276 -0.175903 0.591452 0.210521 -0.342007
0.297607 0.189087 -0.226440 0.578636 0.367640 -0.440266
0.129150 0.173584 -0.267822 0.251106 0.337498 -0.520725
0.072144 0.177246 -0.286743 0.140268 0.344618 -0.557512
0.083130 0.088135 -0.188232 0.161629 0.171360 -0.365979
0.103149 -0.043335 -0.082275 0.200553 -0.084256 -0.159967
0.142944 -0.020996 -0.138428 0.277925 -0.040823 -0.269144
0.077271 -0.031006 -0.221802 0.150236 -0.060284 -0.431247
-0.135742 -0.076416 -0.151611 -0.263922 -0.148575 -0.294777
-0.205566 0.143066 -0.176270 -0.399681 0.278163 -0.342719
-0.273926 0.054199 -0.204590 -0.532592 0.105379 -0.397782
-0.332764 -0.044678 -0.159668 -0.646990 -0.086867 -0.310441
-0.234985 0.003418 -0.155029 -0.456880 0.006646 -0.301422
-0.123047 0.051758 -0.137329 -0.239239 0.100632 -0.267008
-0.086548 0.029297 -0.132935 -0.168274 0.056962 -0.258464
-0.080322 0.030396 -0.175293 -0.156170 0.059098 -0.340821
-0.093018 0.020630 -0.198120 -0.180853 0.040111 -0.385203
-0.106079 -0.092651 -0.204468 -0.206249 -0.180141 -0.397545
-0.136475 -0.183472 -0.186646 -0.265346 -0.356722 -0.362893
-0.070435 -0.037598 -0.114868 -0.136945 -0.073101 -0.223337
-0.040527 -0.021729 -0.065308 -0.078797 -0.042247 -0.126977
-0.027832 -0.003418 -0.066650 -0.054114 -0.006646 -0.129588
-0.005859 0.014771 -0.078735 -0.011392 0.028718 -0.153084
-0.008789 0.028076 -0.115845 -0.017089 0.054588 -0.225236
-0.011841 0.043213 -0.146484 -0.023022 0.084018 -0.284808
-0.014160 0.042480 -0.175537 -0.027531 0.082594 -0.341295
-0.032349 0.029175 -0.188232 -0.062895 0.056724 -0.365979
-0.040649 0.029175 -0.189453 -0.079034 0.056724 -0.368352
-0.036255 0.061646 -0.169800 -0.070490 0.119857 -0.330140
-0.066772 0.028076 -0.133423 -0.129825 0.054588 -0.259413
-0.075684 0.027222 -0.107300 -0.147151 0.052927 -0.208622
-0.064087 0.005127 -0.093872 -0.124604 0.009968 -0.182515
-0.044678 -0.007568 -0.089478 -0.086867 -0.014715 -0.173970
-0.018433 0.017212 -0.088013 -0.035838 0.033465 -0.171122
-0.027466 0.021729 -0.100952 -0.053402 0.042247 -0.196280
-0.063477 0.003784 -0.130859 -0.123417 0.007358 -0.254429
-0.068604 0.013672 -0.163574 -0.133385 0.026582 -0.318036
-0.053589 0.021118 -0.154419 -0.104192 0.041060 -0.300235
-0.047729 0.003906 -0.145386 -0.092800 0.007595 -0.282672
-0.035156 0.009033 -0.128540 -0.068354 0.017563 -0.249919
-0.034668 -0.001465 -0.120728 -0.067405 -0.002848 -0.234730
-0.024536 0.011841 -0.125610 -0.047705 0.023022 -0.244223
-0.013550 0.024536 -0.130615 -0.026345 0.047705 -0.253954
-0.023560 0.000977 -0.136597 -0.045807 0.001899 -0.265584
-0.024048 0.002808 -0.137817 -0.046756 0.005459 -0.267957
-0.033569 0.002319 -0.126099 -0.065269 0.004509 -0.245173
-0.033936 0.000244 -0.113281 -0.065981 0.000475 -0.220252
-0.022705 0.007324 -0.123901 -0.044145 0.014240 -0.240900
-0.029663 0.000610 -0.126709 -0.057674 0.001187 -0.246359
-0.026123 0.001709 -0.130005 -0.050791 0.003323 -0.252767
-0.017212 0.004639 -0.136719 -0.033465 0.009019 -0.265821
-0.006958 0.011841 -0.141724 -0.013528 0.023022 -0.275552
-0.009521 0.013550 -0.152710 -0.018513 0.026345 -0.296913
-0.011597 0.017822 -0.162109 -0.022547 0.034652 -0.315188
-0.006348 0.025513 -0.153809 -0.012342 0.049604 -0.299049
-0.013672 0.008789 -0.135742 -0.026582 0.017089 -0.263922
-0.008911 0.025146 -0.121460 -0.017326 0.048892 -0.236154
-0.024414 0.008179 -0.122681 -0.047468 0.015902 -0.238527
-0.026245 0.008911 -0.123901 -0.051028 0.017326 -0.240900
-0.032715 0.015015 -0.138184 -0.063607 0.029193 -0.268669
-0.036255 0.023926 -0.149170 -0.070490 0.046519 -0.290030
-0.042358 0.036743 -0.152344 -0.082357 0.071439 -0.296201
-0.060425 0.026733 -0.148926 -0.117483 0.051978 -0.289555
-0.068359 0.027222 -0.137573 -0.132911 0.052927 -0.267482
-0.065552 0.012085 -0.133179 -0.127452 0.023497 -0.258938
-0.042847 0.006836 -0.141357 -0.083306 0.013291 -0.274840
-0.022949 0.021729 -0.146240 -0.044620 0.042247 -0.284334
-0.027710 0.001953 -0.134155 -0.053876 0.003797 -0.260837
-0.034058 0.015381 -0.137085 -0.066218 0.029905 -0.266533
-0.039673 0.012085 -0.127075 -0.077136 0.023497 -0.247071
-0.049561 0.001587 -0.126221 -0.096360 0.003085 -0.245410
-0.038696 0.007202 -0.128540 -0.075237 0.014003 -0.249919
-0.024292 0.009888 -0.129517 -0.047231 0.019225 -0.251818
-0.027954 0.006348 -0.135010 -0.054351 0.012342 -0.262498
-0.025146 0.018677 -0.129395 -0.048892 0.036313 -0.251581
-0.031738 0.008423 -0.125732 -0.061708 0.016376 -0.244460
-0.024414 0.001221 -0.146118 -0.047468 0.002373 -0.284096
0.001343 0.026123 -0.141479 0.002611 0.050791 -0.275077
-0.022339 -0.004883 -0.143188 -0.043433 -0.009494 -0.278400
-0.034546 0.008789 -0.144043 -0.067167 0.017089 -0.280062
