0.345581 0.319458 -0.580444 0.671910 0.621119 -1.128553
0.142578 0.330200 -0.474731 0.277213 0.642005 -0.923016
0.223755 0.337158 -0.477661 0.435045 0.655534 -0.928713
0.012329 0.062622 -0.262939 0.023971 0.121756 -0.511231
-0.249512 0.157227 -0.175049 -0.485124 0.305694 -0.340346
-0.308228 0.485107 -0.135010 -0.599284 0.943190 -0.262498
0.078003 0.499512 -0.443481 0.151660 0.971196 -0.862257
0.312622 -0.020020 -0.477051 0.607828 -0.038924 -0.927526
0.025024 -0.065796 -0.380127 0.048655 -0.127926 -0.739078
-0.086670 0.376709 -0.266724 -0.168512 0.732432 -0.518589
-0.107422 0.427856 -0.134521 -0.208859 0.831878 -0.261549
-0.156982 0.074707 -0.165649 -0.305220 0.145252 -0.322071
-0.028931 -0.123901 -0.160645 -0.056250 -0.240900 -0.312340
0.067749 -0.104126 -0.171997 0.131724 -0.202451 -0.334412
0.072754 0.234619 -0.222046 0.141455 0.456168 -0.431722
0.003540 0.378052 -0.125732 0.006883 0.735043 -0.244460
-0.057251 0.180420 -0.016235 -0.111313 0.350789 -0.031566
0.019897 -0.049438 -0.050415 0.038686 -0.096123 -0.098022
0.029541 -0.218872 -0.092407 0.057436 -0.425551 -0.179667
0.088501 -0.038208 -0.108398 0.172072 -0.074288 -0.210758
0.072266 0.169067 -0.055420 0.140505 0.328716 -0.107752
-0.008057 0.148926 -0.022461 -0.015664 0.289555 -0.043671
-0.037842 0.031860 -0.042603 -0.073575 0.061946 -0.082832
-0.034424 0.072510 -0.040405 -0.066930 0.140980 -0.078560
-0.090454 0.110474 -0.045776 -0.175869 0.214793 -0.089003
-0.045532 0.199951 -0.033325 -0.088528 0.388763 -0.064794
-0.016968 0.111450 0.024658 -0.032990 0.216692 0.047943
-0.004883 -0.003296 -0.007324 -0.009494 -0.006408 -0.014240
-0.023804 -0.018188 -0.030029 -0.046281 -0.035364 -0.058386
-0.151611 -0.140015 -0.060059 -0.294777 -0.272229 -0.116771
-0.158081 -0.173462 -0.113159 -0.307356 -0.337261 -0.220014
-0.132935 -0.211182 -0.107178 -0.258464 -0.410599 -0.208385
-0.053101 -0.185059 -0.122314 -0.103243 -0.359808 -0.237815
-0.033203 -0.125122 -0.094238 -0.064557 -0.243274 -0.183227
-0.040894 -0.075928 -0.042114 -0.079509 -0.147626 -0.081882
-0.058960 -0.075195 -0.007080 -0.114635 -0.146202 -0.013766
-0.052612 -0.093506 -0.016968 -0.102294 -0.181803 -0.032990
-0.027832 -0.114990 -0.040771 -0.054114 -0.223575 -0.079272
-0.013794 -0.110229 -0.049805 -0.026819 -0.214318 -0.096835
-0.019409 -0.049805 -0.022339 -0.037737 -0.096835 -0.043433
-0.056152 -0.012817 -0.002075 -0.109177 -0.024921 -0.004035
-0.084229 -0.019287 -0.016968 -0.163765 -0.037500 -0.032990
-0.022095 0.012939 -0.055542 -0.042959 0.025158 -0.107990
0.010742 -0.006958 -0.113403 0.020886 -0.013528 -0.220489
0.004883 -0.073853 -0.126221 0.009494 -0.143591 -0.245410
-0.032959 -0.125732 -0.105591 -0.064082 -0.244460 -0.205299
-0.060791 -0.054688 -0.063354 -0.118195 -0.106328 -0.123180
-0.007202 0.143677 -0.092407 -0.014003 0.279350 -0.179667
0.038574 0.197632 -0.162598 0.075000 0.384254 -0.316137
0.032837 0.050171 -0.197021 0.063845 0.097547 -0.383067
-0.032593 -0.030273 -0.161987 -0.063370 -0.058860 -0.314951
-0.077515 0.030518 -0.114502 -0.150711 0.059335 -0.222625
-0.053955 0.062256 -0.118652 -0.104904 0.121044 -0.230695
-0.010620 0.037598 -0.164795 -0.020649 0.073101 -0.320409
-0.023682 -0.046021 -0.162964 -0.046044 -0.089477 -0.316849
-0.051270 -0.060547 -0.133667 -0.099683 -0.117721 -0.259888
-0.058716 0.022095 -0.111328 -0.114161 0.042959 -0.216454
-0.046143 0.104370 -0.102661 -0.089715 0.202926 -0.199603
-0.016846 0.121704 -0.130005 -0.032753 0.236628 -0.252767
-0.007202 0.079224 -0.150879 -0.014003 0.154034 -0.293353
-0.025024 0.015259 -0.142456 -0.048655 0.029668 -0.276976
-0.045166 0.020264 -0.096191 -0.087816 0.039398 -0.187024
-0.040161 0.058350 -0.068970 -0.078085 0.113449 -0.134097
-0.010742 0.079956 -0.096313 -0.020886 0.155458 -0.187261
-0.009277 0.054077 -0.127563 -0.018038 0.105142 -0.248021
-0.040649 0.016113 -0.145142 -0.079034 0.031329 -0.282198
-0.060669 0.012695 -0.143311 -0.117958 0.024683 -0.278637
-0.047119 0.052979 -0.133911 -0.091613 0.103006 -0.260362
0.009277 0.081421 -0.143921 0.018038 0.158306 -0.279824
0.018066 0.015625 -0.166016 0.035126 0.030380 -0.322783
-0.014404 -0.033936 -0.142090 -0.028006 -0.065981 -0.276264
-0.045288 -0.024536 -0.095581 -0.088053 -0.047705 -0.185837
-0.042236 -0.010010 -0.100098 -0.082120 -0.019462 -0.194619
-0.025757 -0.017334 -0.123413 -0.050079 -0.033702 -0.239951
-0.027222 0.001221 -0.143555 -0.052927 0.002373 -0.279112
-0.037476 0.025391 -0.140503 -0.072863 0.049367 -0.273179
-0.031738 0.039307 -0.146118 -0.061708 0.076424 -0.284096
-0.031372 0.022949 -0.150024 -0.060996 0.044620 -0.291691
-0.054321 -0.014771 -0.148438 -0.105616 -0.028718 -0.288606
-0.067383 -0.025024 -0.135986 -0.131012 -0.048655 -0.264397
