-0.117432 -0.192383 0.031372 -0.228321 -0.374048 0.060996
-0.267700 -0.079224 -0.055420 -0.520487 -0.154034 -0.107752
-0.057251 0.077881 -0.063232 -0.111313 0.151423 -0.122942
-0.170044 -0.208862 -0.087280 -0.330615 -0.406089 -0.169698
-0.195557 -0.200806 -0.068970 -0.380219 -0.390425 -0.134097
-0.225220 -0.030640 -0.161621 -0.437893 -0.059572 -0.314239
-0.335693 0.167725 -0.441528 -0.652686 0.326106 -0.858460
-0.261719 -0.566895 -0.540894 -0.508858 -1.102208 -1.051655
-0.076538 -0.681152 -0.189575 -0.148812 -1.324359 -0.368589
0.324341 -0.861816 0.132080 0.630613 -1.675622 0.256802
0.408447 0.555786 0.000000 0.794141 1.080610 0.000000
0.256348 0.221191 -0.098267 0.498415 0.430061 -0.191059
0.454834 -0.546143 -0.136597 0.884330 -1.061860 -0.265584
0.550903 -0.517334 -0.227173 1.071117 -1.005848 -0.441690
0.177002 -0.239624 -0.220581 0.344143 -0.465899 -0.428874
0.136597 0.084595 -0.149170 0.265584 0.164477 -0.290030
0.032349 0.022095 -0.128052 0.062895 0.042959 -0.248970
-0.036621 -0.003662 -0.141968 -0.071202 -0.007120 -0.276027
0.024536 -0.032837 -0.185791 0.047705 -0.063845 -0.361232
0.063843 0.016357 -0.237671 0.124129 0.031804 -0.462102
0.192505 -0.202759 -0.396484 0.374286 -0.394222 -0.770881
0.042847 -0.090210 -0.305908 0.083306 -0.175394 -0.594775
-0.107300 0.042725 -0.252563 -0.208622 0.083069 -0.491057
-0.137939 -0.037109 -0.246948 -0.268195 -0.072151 -0.480139
-0.072510 -0.041870 -0.207520 -0.140980 -0.081408 -0.403478
-0.003418 -0.019287 -0.176392 -0.006646 -0.037500 -0.342957
-0.024902 -0.047119 -0.166992 -0.048417 -0.091613 -0.324682
-0.080811 -0.144531 -0.173828 -0.157119 -0.281011 -0.337973
-0.077637 -0.237915 -0.182983 -0.150948 -0.462576 -0.355773
-0.042847 -0.136963 -0.176025 -0.083306 -0.266296 -0.342245
-0.053711 -0.050049 -0.154175 -0.104430 -0.097310 -0.299761
-0.067017 -0.053589 -0.154419 -0.130300 -0.104192 -0.300235
-0.059082 -0.031738 -0.133423 -0.114873 -0.061708 -0.259413
-0.029419 -0.065186 -0.097656 -0.057199 -0.126740 -0.189872
-0.019531 -0.033325 -0.099121 -0.037974 -0.064794 -0.192720
-0.044067 -0.063965 -0.124634 -0.085680 -0.124366 -0.242324
-0.066040 -0.031860 -0.130493 -0.128401 -0.061946 -0.253717
-0.065918 -0.057129 -0.139648 -0.128164 -0.111075 -0.271517
-0.057007 -0.061768 -0.126343 -0.110838 -0.120094 -0.245647
-0.021362 -0.042114 -0.111328 -0.041535 -0.081882 -0.216454
0.012817 -0.059570 -0.088501 0.024921 -0.115822 -0.172072
0.024414 -0.071411 -0.072632 0.047468 -0.138844 -0.141217
0.007446 -0.065308 -0.096191 0.014478 -0.126977 -0.187024
-0.025879 -0.010498 -0.136353 -0.050316 -0.020411 -0.265109
-0.057007 -0.005005 -0.149658 -0.110838 -0.009731 -0.290979
-0.019531 0.026855 -0.122559 -0.037974 0.052215 -0.238290
0.036255 0.043457 -0.106567 0.070490 0.084493 -0.207198
0.038696 0.078247 -0.114502 0.075237 0.152135 -0.222625
0.034424 0.190308 -0.138550 0.066930 0.370014 -0.269381
0.012085 0.146606 -0.135986 0.023497 0.285046 -0.264397
0.003540 0.079712 -0.136475 0.006883 0.154983 -0.265346
0.040527 0.150269 -0.143066 0.078797 0.292166 -0.278163
0.017822 0.070923 -0.124146 0.034652 0.137895 -0.241375
-0.030029 -0.038086 -0.107544 -0.058386 -0.074050 -0.209097
-0.053711 -0.076538 -0.117310 -0.104430 -0.148812 -0.228084
-0.064209 -0.057495 -0.127930 -0.124841 -0.111787 -0.248733
-0.062988 -0.058472 -0.130981 -0.122468 -0.113686 -0.254666
-0.041870 -0.036865 -0.126587 -0.081408 -0.071677 -0.246122
-0.038696 -0.015747 -0.123535 -0.075237 -0.030617 -0.240188
-0.057007 -0.013306 -0.134033 -0.110838 -0.025870 -0.260600
-0.057251 -0.012451 -0.131470 -0.111313 -0.024209 -0.255615
-0.023926 0.028198 -0.127686 -0.046519 0.054826 -0.248258
0.001465 0.032715 -0.122681 0.002848 0.063607 -0.238527
-0.007568 0.026123 -0.119629 -0.014715 0.050791 -0.232593
-0.023804 -0.011963 -0.113647 -0.046281 -0.023259 -0.220964
-0.031738 0.009033 -0.107422 -0.061708 0.017563 -0.208859
-0.035400 0.031128 -0.115723 -0.068829 0.060522 -0.224999
-0.020630 0.036255 -0.111328 -0.040111 0.070490 -0.216454
0.004272 0.042969 -0.095093 0.008307 0.083544 -0.184888
-0.002808 -0.002197 -0.088013 -0.005459 -0.004272 -0.171122
-0.039307 -0.019409 -0.111572 -0.076424 -0.037737 -0.216929
-0.040283 0.018921 -0.145752 -0.078322 0.036788 -0.283384
-0.026855 0.038086 -0.143677 -0.052215 0.074050 -0.279350
-0.013550 0.037842 -0.117920 -0.026345 0.073575 -0.229271
-0.004395 0.029785 -0.102417 -0.008544 0.057911 -0.199128
-0.002075 0.049438 -0.109497 -0.004035 0.096123 -0.212894
-0.005981 0.024292 -0.102295 -0.011630 0.047231 -0.198891
-0.019165 -0.005005 -0.117188 -0.037262 -0.009731 -0.227847
-0.006592 0.041748 -0.142822 -0.012816 0.081170 -0.277688
-0.011963 0.043823 -0.136475 -0.023259 0.085205 -0.265346
