-0.850342 0.962158 0.430908 -1.653312 1.870716 0.837811
-0.991943 1.184937 0.369873 -1.928627 2.303862 0.719141
-0.940430 1.116577 0.379639 -1.828470 2.170952 0.738128
-0.762817 0.887939 0.380615 -1.483139 1.726413 0.740027
-0.658081 0.649902 0.336792 -1.279501 1.263600 0.654822
-0.727173 0.090698 0.276245 -1.413836 0.176344 0.537101
-0.687988 -0.093262 0.271362 -1.337650 -0.181328 0.527607
-0.810059 0.074707 0.248169 -1.574990 0.145252 0.482513
-0.741943 0.385132 0.325439 -1.442554 0.748809 0.632749
-0.556152 0.351563 0.268433 -1.081322 0.683540 0.521911
-0.450562 0.102905 0.068970 -0.876023 0.200078 0.134097
-0.560059 0.046021 -0.029541 -1.088917 0.089477 -0.057436
-0.530151 -0.152344 -0.107910 -1.030769 -0.296201 -0.209809
-0.363525 -0.322266 -0.150146 -0.706799 -0.626578 -0.291929
-0.208008 -0.346436 -0.136353 -0.404428 -0.673572 -0.265109
-0.149048 -0.334839 -0.140747 -0.289792 -0.651024 -0.273653
-0.211792 -0.273804 -0.154907 -0.411785 -0.532354 -0.301185
-0.178345 -0.114380 -0.130127 -0.346754 -0.222388 -0.253005
-0.068726 -0.041992 -0.125000 -0.133623 -0.081645 -0.243036
0.057007 -0.030518 -0.115112 0.110838 -0.059335 -0.223812
0.180908 -0.130859 -0.097656 0.351738 -0.254429 -0.189872
0.331543 -0.139648 -0.096680 0.644616 -0.271517 -0.187973
0.281738 -0.087891 -0.138184 0.547781 -0.170885 -0.268669
0.218750 0.124634 -0.130981 0.425314 0.242324 -0.254666
0.057861 0.015381 -0.133911 0.112499 0.029905 -0.260362
-0.026611 0.072021 -0.139038 -0.051740 0.140031 -0.270331
-0.053955 0.114624 -0.130249 -0.104904 0.222863 -0.253242
-0.049561 0.092407 -0.101196 -0.096360 0.179667 -0.196755
-0.046509 0.103638 -0.071411 -0.090427 0.201502 -0.138844
-0.046509 0.133667 -0.064087 -0.090427 0.259888 -0.124604
-0.039917 0.138428 -0.089233 -0.077610 0.269144 -0.173496
-0.021606 0.145264 -0.115967 -0.042009 0.282435 -0.225473
0.010376 0.165161 -0.114136 0.020174 0.321121 -0.221913
0.017822 0.133057 -0.105103 0.034652 0.258701 -0.204350
0.005737 0.127686 -0.106323 0.011155 0.248258 -0.206723
0.003906 0.092896 -0.120117 0.007595 0.180616 -0.233543
-0.001831 0.067871 -0.124878 -0.003560 0.131961 -0.242799
-0.007568 0.067749 -0.111572 -0.014715 0.131724 -0.216929
-0.030396 0.051514 -0.090454 -0.059098 0.100158 -0.175869
-0.048096 -0.005615 -0.103638 -0.093512 -0.010918 -0.201502
-0.008789 -0.025269 -0.124023 -0.017089 -0.049129 -0.241138
0.029907 -0.016968 -0.120728 0.058148 -0.032990 -0.234730
0.025513 -0.036621 -0.109619 0.049604 -0.071202 -0.213132
-0.009888 -0.033569 -0.108032 -0.019225 -0.065269 -0.210046
-0.023438 -0.010376 -0.101563 -0.045569 -0.020174 -0.197467
-0.034546 0.041504 -0.087402 -0.067167 0.080696 -0.169936
-0.047363 0.092529 -0.071899 -0.092088 0.179904 -0.139793
-0.041748 0.139771 -0.071533 -0.081170 0.271755 -0.139081
-0.014648 0.161255 -0.080444 -0.028481 0.313527 -0.156407
0.010620 0.138428 -0.087036 0.020649 0.269144 -0.169224
0.001221 0.089722 -0.093018 0.002373 0.174445 -0.180853
0.000610 0.071411 -0.099487 0.001187 0.138844 -0.193432
0.000244 0.053589 -0.108643 0.000475 0.104192 -0.211233
-0.007568 0.033203 -0.131592 -0.014715 0.064557 -0.255853
-0.023315 -0.023804 -0.134277 -0.045332 -0.046281 -0.261074
0.010254 -0.028564 -0.109863 0.019937 -0.055538 -0.213606
0.026001 -0.026245 -0.091309 0.050553 -0.051028 -0.177531
0.030151 -0.019165 -0.084839 0.058623 -0.037262 -0.164952
0.035522 -0.002075 -0.085815 0.069066 -0.004035 -0.166850
0.033936 0.043579 -0.086182 0.065981 0.084730 -0.167562
0.053955 0.021118 -0.097290 0.104904 0.041060 -0.189160
-0.025391 -0.129028 -0.133667 -0.049367 -0.250869 -0.259888
-0.021362 -0.166382 -0.128052 -0.041535 -0.323495 -0.248970
0.028931 -0.143066 -0.101074 0.056250 -0.278163 -0.196518
0.040649 -0.108643 -0.102417 0.079034 -0.211233 -0.199128
-0.002563 -0.095947 -0.112915 -0.004984 -0.186549 -0.219540
-0.041748 -0.054199 -0.100586 -0.081170 -0.105379 -0.195568
-0.069580 -0.102173 -0.078369 -0.135284 -0.198654 -0.152372
-0.032837 -0.208252 -0.098267 -0.063845 -0.404903 -0.191059
0.024780 -0.303589 -0.105957 0.048180 -0.590265 -0.206011
0.044800 -0.316772 -0.117065 0.087104 -0.615898 -0.227609
0.058594 -0.268799 -0.121704 0.113923 -0.522623 -0.236628
0.096924 -0.203125 -0.114990 0.188448 -0.394934 -0.223575
0.092407 -0.164307 -0.102295 0.179667 -0.319460 -0.198891
0.004395 -0.100464 -0.123657 0.008544 -0.195331 -0.240426
-0.004517 -0.073975 -0.129395 -0.008782 -0.143828 -0.251581
0.021606 -0.020142 -0.130493 0.042009 -0.039161 -0.253717
0.001587 -0.039063 -0.118896 0.003085 -0.075949 -0.231169
-0.005127 -0.076782 -0.120972 -0.009968 -0.149287 -0.235204
-0.002686 -0.080322 -0.118652 -0.005221 -0.156170 -0.230695
