0.007813 0.101929 0.041138 0.015190 0.198179 0.079984
-0.061157 0.154297 -0.002441 -0.118907 0.299998 -0.004747
-0.111816 0.099243 -0.088623 -0.217404 0.192958 -0.172309
-0.195435 -0.068237 -0.060425 -0.379982 -0.132673 -0.117483
-0.285400 -0.162476 -0.006226 -0.554902 -0.315900 -0.012104
-0.146118 -0.202515 -0.204956 -0.284096 -0.393748 -0.398494
0.253418 -0.281616 -0.540771 0.492718 -0.547544 -1.051417
0.109253 -0.348999 -0.370117 0.212420 -0.678556 -0.719616
-0.144653 -0.113647 -0.109985 -0.281248 -0.220964 -0.213844
-0.127563 -0.082642 0.022461 -0.248021 -0.160679 0.043671
-0.035522 -0.183472 -0.060425 -0.069066 -0.356722 -0.117483
0.140747 -0.219971 -0.116821 0.273653 -0.427687 -0.227135
0.056641 -0.226563 -0.018433 0.110126 -0.440504 -0.035838
0.032715 -0.079590 -0.090576 0.063607 -0.154746 -0.176106
0.050171 0.039429 -0.169922 0.097547 0.076661 -0.330378
0.040894 0.057373 -0.181641 0.079509 0.111550 -0.353162
0.076050 0.023438 -0.153320 0.147863 0.045569 -0.298099
0.068359 -0.016724 -0.104248 0.132911 -0.032516 -0.202689
0.037476 -0.027710 -0.046387 0.072863 -0.053876 -0.090189
-0.012085 -0.010254 -0.018433 -0.023497 -0.019937 -0.035838
-0.041504 0.047363 -0.080444 -0.080696 0.092088 -0.156407
-0.011230 0.069580 -0.131348 -0.021835 0.135284 -0.255378
0.013428 0.069092 -0.127563 0.026107 0.134335 -0.248021
-0.003906 0.031982 -0.093506 -0.007595 0.062183 -0.181803
-0.045532 -0.028198 -0.033813 -0.088528 -0.054826 -0.065743
-0.057129 -0.030640 -0.037109 -0.111075 -0.059572 -0.072151
0.000000 0.038330 -0.097534 0.000000 0.074525 -0.189635
0.042969 0.067505 -0.138672 0.083544 0.131249 -0.269619
0.029907 0.075806 -0.165771 0.058148 0.147388 -0.322308
-0.008911 0.037720 -0.137573 -0.017326 0.073338 -0.267482
-0.040283 0.006958 -0.105957 -0.078322 0.013528 -0.206011
-0.017944 0.024902 -0.120850 -0.034889 0.048417 -0.234967
0.012573 0.020752 -0.127563 0.024446 0.040348 -0.248021
0.001343 0.024658 -0.150513 0.002611 0.047943 -0.292641
-0.037720 0.023315 -0.135498 -0.073338 0.045332 -0.263448
-0.059448 0.006470 -0.092529 -0.115585 0.012579 -0.179904
-0.032104 0.005127 -0.103516 -0.062420 0.009968 -0.201265
-0.018921 0.002563 -0.129883 -0.036788 0.004984 -0.252530
-0.020508 0.006348 -0.116821 -0.039873 0.012342 -0.227135
-0.035278 0.007568 -0.087646 -0.068591 0.014715 -0.170410
-0.066895 0.015869 -0.087280 -0.130062 0.030854 -0.169698
-0.050659 0.012451 -0.091309 -0.098496 0.024209 -0.177531
0.000854 0.036743 -0.126953 0.001661 0.071439 -0.246834
0.000732 0.028931 -0.145386 0.001424 0.056250 -0.282672
-0.024536 -0.006226 -0.122070 -0.047705 -0.012104 -0.237340
-0.055420 -0.013184 -0.102905 -0.107752 -0.025633 -0.200078
-0.069824 -0.000366 -0.084839 -0.135759 -0.000712 -0.164952
-0.015991 0.034424 -0.095093 -0.031092 0.066930 -0.184888
0.016724 0.053223 -0.143066 0.032516 0.103480 -0.278163
-0.010376 -0.013794 -0.143677 -0.020174 -0.026819 -0.279350
-0.051514 -0.049438 -0.117188 -0.100158 -0.096123 -0.227847
-0.070313 -0.041992 -0.087280 -0.136708 -0.081645 -0.169698
-0.035522 -0.013550 -0.087402 -0.069066 -0.026345 -0.169936
-0.006348 0.006958 -0.116821 -0.012342 0.013528 -0.227135
-0.007935 0.007324 -0.119385 -0.015427 0.014240 -0.232119
-0.027710 0.022217 -0.109985 -0.053876 0.043196 -0.213844
-0.048340 0.021729 -0.097534 -0.093987 0.042247 -0.189635
-0.031372 0.024658 -0.113159 -0.060996 0.047943 -0.220014
-0.015015 0.011597 -0.137207 -0.029193 0.022547 -0.266770
-0.015259 0.011353 -0.129272 -0.029668 0.022073 -0.251343
-0.019775 0.017578 -0.105957 -0.038449 0.034177 -0.206011
-0.049927 0.010986 -0.100708 -0.097072 0.021361 -0.195806
-0.050659 0.035400 -0.093018 -0.098496 0.068829 -0.180853
-0.033691 0.052490 -0.130127 -0.065506 0.102056 -0.253005
-0.029053 0.016357 -0.151367 -0.056487 0.031804 -0.294302
-0.044067 -0.019897 -0.125244 -0.085680 -0.038686 -0.243511
-0.053223 -0.019653 -0.080444 -0.103480 -0.038212 -0.156407
-0.043213 -0.010010 -0.072754 -0.084018 -0.019462 -0.141455
0.014771 0.017212 -0.100952 0.028718 0.033465 -0.196280
0.011108 0.011108 -0.146240 0.021598 0.021598 -0.284334
-0.019043 -0.013550 -0.135742 -0.037025 -0.026345 -0.263922
-0.050537 -0.023926 -0.135742 -0.098259 -0.046519 -0.263922
-0.059570 -0.005981 -0.129517 -0.115822 -0.011630 -0.251818
-0.036499 0.030884 -0.132813 -0.070965 0.060047 -0.258226
0.026855 0.066040 -0.157593 0.052215 0.128401 -0.306406
0.026489 0.018677 -0.155640 0.051503 0.036313 -0.302609
-0.009277 -0.017334 -0.120605 -0.018038 -0.033702 -0.234492
-0.041260 -0.024536 -0.092041 -0.080221 -0.047705 -0.178955
-0.070313 -0.011475 -0.098633 -0.136708 -0.022310 -0.191771
-0.056030 0.022705 -0.138062 -0.108939 0.044145 -0.268432
