0.052979 0.297974 -0.014893 0.103006 0.579348 -0.028956
-0.006714 -0.046143 -0.117798 -0.013054 -0.089715 -0.229033
0.052246 0.165161 -0.166748 0.101582 0.321121 -0.324207
0.044189 0.252563 -0.191772 0.085917 0.491057 -0.372862
-0.063354 0.086182 -0.283447 -0.123180 0.167562 -0.551104
-0.132935 0.075317 -0.286621 -0.258464 0.146439 -0.557275
-0.176392 -0.030273 -0.190063 -0.342957 -0.058860 -0.369539
-0.073853 -0.351196 -0.083008 -0.143591 -0.682828 -0.161391
0.011475 -0.481812 -0.038086 0.022310 -0.936782 -0.074050
-0.024048 -0.605469 0.008179 -0.046756 -1.177208 0.015902
-0.052856 -0.437988 -0.006348 -0.102768 -0.851577 -0.012342
-0.051270 -0.111816 -0.122314 -0.099683 -0.217404 -0.237815
-0.008545 -0.064697 -0.149902 -0.016614 -0.125790 -0.291454
0.080811 -0.273071 -0.114990 0.157119 -0.530930 -0.223575
0.075806 -0.281006 -0.071899 0.147388 -0.546357 -0.139793
-0.028442 -0.121582 -0.067017 -0.055300 -0.236391 -0.130300
-0.108154 0.027222 -0.099487 -0.210283 0.052927 -0.193432
-0.142456 0.084717 -0.150391 -0.276976 0.164714 -0.292403
-0.128662 0.030884 -0.225342 -0.250157 0.060047 -0.438130
-0.061768 0.031738 -0.191406 -0.120094 0.061708 -0.372150
-0.047241 -0.030518 -0.190063 -0.091851 -0.059335 -0.369539
-0.055786 -0.000854 -0.161987 -0.108465 -0.001661 -0.314951
-0.068237 0.006348 -0.139893 -0.132673 0.012342 -0.271992
-0.088623 -0.015625 -0.151855 -0.172309 -0.030380 -0.295251
-0.104492 -0.009399 -0.175293 -0.203163 -0.018275 -0.340821
-0.098999 0.027832 -0.177368 -0.192483 0.054114 -0.344855
-0.068604 0.053101 -0.165283 -0.133385 0.103243 -0.321359
-0.021484 0.058594 -0.148926 -0.041772 0.113923 -0.289555
0.006348 0.074463 -0.136108 0.012342 0.144778 -0.264634
0.007813 0.085815 -0.124756 0.015190 0.166850 -0.242562
-0.003662 0.050049 -0.121094 -0.007120 0.097310 -0.235442
-0.022095 0.062744 -0.130371 -0.042959 0.121993 -0.253479
-0.021484 0.078247 -0.141602 -0.041772 0.152135 -0.275315
-0.008911 0.041504 -0.147339 -0.017326 0.080696 -0.286470
-0.010620 0.046997 -0.144531 -0.020649 0.091376 -0.281011
-0.020630 0.046997 -0.154053 -0.040111 0.091376 -0.299523
-0.029053 0.010376 -0.166138 -0.056487 0.020174 -0.323020
-0.019897 0.001831 -0.162231 -0.038686 0.003560 -0.315425
-0.007935 0.013672 -0.156128 -0.015427 0.026582 -0.303558
0.005737 0.013916 -0.155884 0.011155 0.027057 -0.303084
0.010254 0.026367 -0.143799 0.019937 0.051266 -0.279587
0.010620 0.029663 -0.143799 0.020649 0.057674 -0.279587
-0.002563 0.012329 -0.150269 -0.004984 0.023971 -0.292166
0.002441 0.036621 -0.150513 0.004747 0.071202 -0.292641
0.019531 0.048096 -0.139282 0.037974 0.093512 -0.270805
0.014282 0.022461 -0.150269 0.027769 0.043671 -0.292166
-0.003906 -0.016479 -0.157593 -0.007595 -0.032041 -0.306406
-0.006226 -0.021606 -0.143799 -0.012104 -0.042009 -0.279587
-0.012329 0.011597 -0.135132 -0.023971 0.022547 -0.262736
-0.014771 0.021240 -0.133179 -0.028718 0.041297 -0.258938
-0.021973 0.021851 -0.146118 -0.042721 0.042484 -0.284096
-0.033813 0.003296 -0.150635 -0.065743 0.006408 -0.292878
-0.029419 -0.014038 -0.148926 -0.057199 -0.027294 -0.289555
-0.025635 -0.033447 -0.144531 -0.049841 -0.065031 -0.281011
-0.020142 0.004272 -0.140259 -0.039161 0.008307 -0.272704
-0.010254 -0.004395 -0.134644 -0.019937 -0.008544 -0.261786
-0.007202 -0.020020 -0.129639 -0.014003 -0.038924 -0.252055
-0.013672 -0.012695 -0.138550 -0.026582 -0.024683 -0.269381
-0.015503 0.011108 -0.144165 -0.030142 0.021598 -0.280299
-0.019897 0.002075 -0.144287 -0.038686 0.004035 -0.280536
-0.019043 0.020996 -0.136719 -0.037025 0.040823 -0.265821
-0.013794 0.038330 -0.135254 -0.026819 0.074525 -0.262973
-0.012329 0.026855 -0.136230 -0.023971 0.052215 -0.264872
-0.011108 0.014038 -0.139526 -0.021598 0.027294 -0.271280
-0.014038 -0.003174 -0.140137 -0.027294 -0.006171 -0.272467
-0.013550 0.020508 -0.140503 -0.026345 0.039873 -0.273179
-0.008423 0.001709 -0.136841 -0.016376 0.003323 -0.266058
-0.007690 0.002075 -0.134888 -0.014952 0.004035 -0.262261
-0.011230 0.018066 -0.134766 -0.021835 0.035126 -0.262024
-0.004639 0.015015 -0.130981 -0.009019 0.029193 -0.254666
-0.008057 0.009033 -0.130981 -0.015664 0.017563 -0.254666
-0.015503 -0.016357 -0.138184 -0.030142 -0.031804 -0.268669
-0.028687 -0.029053 -0.132568 -0.055775 -0.056487 -0.257752
-0.028564 -0.014526 -0.128906 -0.055538 -0.028243 -0.250631
-0.007935 -0.011230 -0.123413 -0.015427 -0.021835 -0.239951
-0.003296 0.013306 -0.127563 -0.006408 0.025870 -0.248021
-0.014038 0.017944 -0.149536 -0.027294 0.034889 -0.290742
-0.019531 0.017334 -0.151978 -0.037974 0.033702 -0.295489
-0.019531 0.022217 -0.152954 -0.037974 0.043196 -0.297387
-0.028564 0.000732 -0.153442 -0.055538 0.001424 -0.298337
