0.163208 0.354248 -0.207397 0.317324 0.688762 -0.403241
0.225220 0.287964 -0.287231 0.437893 0.559886 -0.558462
0.292236 0.355347 -0.160767 0.568193 0.690898 -0.312577
0.088867 0.050537 -0.028198 0.172784 0.098259 -0.054826
-0.081787 -0.124390 0.050537 -0.159018 -0.241850 0.098259
-0.206787 -0.229736 0.058716 -0.402054 -0.446674 0.114161
-0.221558 -0.288818 -0.095337 -0.430773 -0.561547 -0.185363
-0.140503 -0.347046 -0.126831 -0.273179 -0.674758 -0.246597
-0.065063 -0.319824 -0.192871 -0.126502 -0.621832 -0.374998
-0.070313 -0.124756 -0.239136 -0.136708 -0.242562 -0.464950
-0.093872 -0.028931 -0.201050 -0.182515 -0.056250 -0.390899
-0.055420 -0.116089 -0.130127 -0.107752 -0.225711 -0.253005
0.080444 -0.040283 -0.112305 0.156407 -0.078322 -0.218353
0.119629 -0.088013 -0.177002 0.232593 -0.171122 -0.344143
0.074097 -0.034668 -0.183960 0.144066 -0.067405 -0.357672
0.050171 0.028931 -0.149658 0.097547 0.056250 -0.290979
0.057251 0.035278 -0.170532 0.111313 0.068591 -0.331564
0.032959 0.029175 -0.180176 0.064082 0.056724 -0.350314
-0.017822 -0.109985 -0.150879 -0.034652 -0.213844 -0.293353
0.022583 0.026245 -0.142212 0.043908 0.051028 -0.276501
0.149658 0.153687 -0.075928 0.290979 0.298811 -0.147626
0.075317 0.024536 -0.071777 0.146439 0.047705 -0.139556
0.073364 0.045654 -0.054321 0.142642 0.088765 -0.105616
0.036011 -0.062134 -0.060913 0.070015 -0.120806 -0.118433
0.033203 -0.033203 -0.032593 0.064557 -0.064557 -0.063370
0.021851 -0.011108 -0.067749 0.042484 -0.021598 -0.131724
-0.001709 -0.008423 -0.093262 -0.003323 -0.016376 -0.181328
0.065186 0.018311 -0.096313 0.126740 0.035601 -0.187261
0.094482 0.060913 -0.114014 0.183701 0.118433 -0.221676
0.072266 0.058594 -0.143799 0.140505 0.113923 -0.279587
0.056885 0.072266 -0.150146 0.110601 0.140505 -0.291929
0.025024 0.048462 -0.120483 0.048655 0.094224 -0.234255
-0.017944 0.050903 -0.113892 -0.034889 0.098971 -0.221438
-0.051270 0.044922 -0.131470 -0.099683 0.087341 -0.255615
0.002197 0.074951 -0.139648 0.004272 0.145727 -0.271517
0.018311 0.077271 -0.150269 0.035601 0.150236 -0.292166
-0.026978 0.020874 -0.157349 -0.052452 0.040585 -0.305932
-0.072754 0.040649 -0.140137 -0.141455 0.079034 -0.272467
-0.039063 0.087158 -0.120850 -0.075949 0.169461 -0.234967
-0.018433 0.073120 -0.092163 -0.035838 0.142167 -0.179192
0.017944 0.154175 -0.104004 0.034889 0.299761 -0.202214
0.056030 0.267212 -0.139038 0.108939 0.519538 -0.270331
0.053711 0.309692 -0.187988 0.104430 0.602132 -0.365504
-0.027710 0.114624 -0.171875 -0.053876 0.222863 -0.334175
-0.086182 0.009033 -0.148438 -0.167562 0.017563 -0.288606
-0.060425 0.080933 -0.135498 -0.117483 0.157357 -0.263448
-0.043579 0.056885 -0.111450 -0.084730 0.110601 -0.216692
-0.037842 0.033203 -0.107300 -0.073575 0.064557 -0.208622
-0.031860 0.011475 -0.111084 -0.061946 0.022310 -0.215980
-0.023926 0.058472 -0.142212 -0.046519 0.113686 -0.276501
0.002441 0.121338 -0.156860 0.004747 0.235916 -0.304982
0.004272 0.094849 -0.154785 0.008307 0.184413 -0.300947
-0.009521 0.040771 -0.146362 -0.018513 0.079272 -0.284571
-0.018555 0.037598 -0.154175 -0.036076 0.073101 -0.299761
-0.025879 0.032227 -0.143066 -0.050316 0.062658 -0.278163
-0.019897 0.095093 -0.151978 -0.038686 0.184888 -0.295489
0.007202 0.141113 -0.165649 0.014003 0.274365 -0.322071
-0.006226 0.083740 -0.172119 -0.012104 0.162815 -0.334650
-0.027222 0.044312 -0.170410 -0.052927 0.086155 -0.331327
-0.046509 0.005493 -0.149414 -0.090427 0.010680 -0.290505
-0.026123 0.012329 -0.132202 -0.050791 0.023971 -0.257040
-0.017090 0.010864 -0.110840 -0.033228 0.021123 -0.215505
-0.014282 0.046387 -0.130249 -0.027769 0.090189 -0.253242
-0.029785 0.037476 -0.147827 -0.057911 0.072863 -0.287419
-0.048218 0.046387 -0.171021 -0.093749 0.090189 -0.332514
-0.047852 0.066040 -0.170288 -0.093037 0.128401 -0.331090
-0.055420 0.038940 -0.144653 -0.107752 0.075712 -0.281248
-0.053589 0.061157 -0.122803 -0.104192 0.118907 -0.238764
-0.036743 0.064087 -0.114502 -0.071439 0.124604 -0.222625
-0.038208 0.054688 -0.115479 -0.074288 0.106328 -0.224524
-0.047119 0.045410 -0.117920 -0.091613 0.088291 -0.229271
-0.036255 0.043457 -0.135620 -0.070490 0.084493 -0.263685
-0.026123 0.047485 -0.150146 -0.050791 0.092325 -0.291929
-0.031616 0.013672 -0.144653 -0.061471 0.026582 -0.281248
-0.035889 0.023193 -0.140991 -0.069778 0.045095 -0.274128
-0.035522 0.024658 -0.134155 -0.069066 0.047943 -0.260837
-0.038696 0.012573 -0.125244 -0.075237 0.024446 -0.243511
-0.037598 -0.013428 -0.125977 -0.073101 -0.026107 -0.244935
-0.030884 0.004883 -0.126587 -0.060047 0.009494 -0.246122
-0.036743 0.010010 -0.129639 -0.071439 0.019462 -0.252055
