0.099121 0.172363 -0.109619 0.192720 0.335124 -0.213132
0.140869 0.167725 -0.218018 0.273891 0.326106 -0.423890
0.126099 0.162964 -0.240967 0.245173 0.316849 -0.468510
0.033081 0.026001 -0.092896 0.064319 0.050553 -0.180616
-0.029053 -0.095703 -0.028931 -0.056487 -0.186075 -0.056250
-0.029785 -0.251587 -0.163452 -0.057911 -0.489158 -0.317799
0.123657 -0.337646 -0.284424 0.240426 -0.656483 -0.553003
0.177856 -0.339722 -0.329102 0.345805 -0.660518 -0.639869
0.068359 -0.133057 -0.196167 0.132911 -0.258701 -0.381406
-0.073608 -0.031616 -0.175415 -0.143116 -0.061471 -0.341058
0.026733 -0.012939 -0.191650 0.051978 -0.025158 -0.372624
0.091919 -0.059937 -0.136108 0.178717 -0.116534 -0.264634
0.072876 -0.069458 -0.092041 0.141692 -0.135047 -0.178955
0.043335 -0.022095 -0.059082 0.084256 -0.042959 -0.114873
0.051514 0.035645 -0.079468 0.100158 0.069303 -0.154509
0.075439 0.062256 -0.129883 0.146676 0.121044 -0.252530
0.021606 -0.003784 -0.126465 0.042009 -0.007358 -0.245885
-0.032227 -0.026489 -0.094238 -0.062658 -0.051503 -0.183227
-0.058716 -0.034546 -0.077026 -0.114161 -0.067167 -0.149762
-0.057739 0.007690 -0.059692 -0.112262 0.014952 -0.116059
-0.032715 0.066895 -0.068115 -0.063607 0.130062 -0.132436
0.006348 0.084106 -0.107788 0.012342 0.163527 -0.209571
0.000977 0.013184 -0.111450 0.001899 0.025633 -0.216692
-0.019897 -0.040161 -0.084839 -0.038686 -0.078085 -0.164952
-0.041504 -0.043457 -0.048706 -0.080696 -0.084493 -0.094699
-0.036499 -0.007813 -0.014404 -0.070965 -0.015190 -0.028006
0.016968 0.046631 -0.058960 0.032990 0.090664 -0.114635
0.019287 0.015625 -0.126099 0.037500 0.030380 -0.245173
-0.028320 -0.026855 -0.115723 -0.055063 -0.052215 -0.224999
-0.063354 -0.032837 -0.098511 -0.123180 -0.063845 -0.191534
-0.075806 0.007690 -0.069702 -0.147388 0.014952 -0.135521
-0.048340 0.043335 -0.049805 -0.093987 0.084256 -0.096835
-0.004517 0.063721 -0.113525 -0.008782 0.123892 -0.220726
0.000977 0.013916 -0.147827 0.001899 0.027057 -0.287419
-0.035034 -0.014282 -0.111572 -0.068117 -0.027769 -0.216929
-0.024048 -0.018311 -0.076660 -0.046756 -0.035601 -0.149050
-0.039917 -0.014526 -0.077759 -0.077610 -0.028243 -0.151186
-0.053833 0.019043 -0.106323 -0.104667 0.037025 -0.206723
0.008789 0.075439 -0.153809 0.017089 0.146676 -0.299049
0.032471 0.043213 -0.153320 0.063133 0.084018 -0.298099
0.004272 -0.033936 -0.102905 0.008307 -0.065981 -0.200078
-0.023682 -0.030762 -0.091675 -0.046044 -0.059810 -0.178243
-0.045898 -0.000854 -0.089233 -0.089240 -0.001661 -0.173496
0.009888 0.065796 -0.129028 0.019225 0.127926 -0.250869
0.060913 0.095703 -0.178589 0.118433 0.186075 -0.347229
0.020142 0.048096 -0.164917 0.039161 0.093512 -0.320647
-0.040161 -0.025757 -0.109863 -0.078085 -0.050079 -0.213606
-0.071411 -0.031738 -0.106812 -0.138844 -0.061708 -0.207673
-0.071045 0.005737 -0.101807 -0.138132 0.011155 -0.197942
-0.007813 0.067383 -0.125488 -0.015190 0.131012 -0.243986
0.035156 0.073120 -0.149658 0.068354 0.142167 -0.290979
-0.010498 0.012573 -0.123901 -0.020411 0.024446 -0.240900
-0.049072 -0.023438 -0.097168 -0.095411 -0.045569 -0.188923
-0.056396 -0.015381 -0.094360 -0.109651 -0.029905 -0.183464
-0.044067 0.007690 -0.108643 -0.085680 0.014952 -0.211233
0.016602 0.059692 -0.157837 0.032278 0.116059 -0.306881
0.029541 0.054077 -0.169434 0.057436 0.105142 -0.329428
-0.016846 -0.005493 -0.106812 -0.032753 -0.010680 -0.207673
-0.032349 -0.011597 -0.080566 -0.062895 -0.022547 -0.156645
-0.055420 -0.008057 -0.112549 -0.107752 -0.015664 -0.218828
-0.049805 0.021606 -0.137817 -0.096835 0.042009 -0.267957
0.014893 0.057495 -0.141846 0.028956 0.111787 -0.275789
0.017212 0.032959 -0.126343 0.033465 0.064082 -0.245647
-0.015015 -0.008179 -0.075684 -0.029193 -0.015902 -0.147151
-0.027100 -0.010498 -0.082153 -0.052690 -0.020411 -0.159730
-0.042480 -0.002686 -0.110962 -0.082594 -0.005221 -0.215742
-0.036499 0.046265 -0.147827 -0.070965 0.089952 -0.287419
0.009033 0.061401 -0.165527 0.017563 0.119382 -0.321833
0.008423 0.020752 -0.145874 0.016376 0.040348 -0.283622
-0.019897 -0.016113 -0.075195 -0.038686 -0.031329 -0.146202
-0.035889 -0.015625 -0.088379 -0.069778 -0.030380 -0.171834
-0.065430 -0.006836 -0.126465 -0.127214 -0.013291 -0.245885
-0.062012 0.033203 -0.138672 -0.120569 0.064557 -0.269619
0.018677 0.076538 -0.155518 0.036313 0.148812 -0.302372
0.040894 0.042969 -0.144775 0.079509 0.083544 -0.281486
-0.006470 -0.014771 -0.101440 -0.012579 -0.028718 -0.197230
-0.045288 -0.023193 -0.081543 -0.088053 -0.045095 -0.158543
-0.065430 -0.016724 -0.078735 -0.127214 -0.032516 -0.153084
-0.030273 0.023071 -0.130005 -0.058860 0.044857 -0.252767
0.015747 0.052612 -0.173096 0.030617 0.102294 -0.336549
