0.876099 -0.392578 -0.083496 1.703391 -0.763286 -0.162341
0.710083 -0.030151 -0.079712 1.380608 -0.058623 -0.154983
0.525391 -0.124512 -0.131348 1.021513 -0.242087 -0.255378
1.101563 0.721924 0.011597 2.141759 1.403630 0.022547
1.385986 -0.048706 0.132202 2.694762 -0.094699 0.257040
1.119263 -0.905762 0.254639 2.176173 -1.761065 0.495092
0.750244 -1.274780 0.144409 1.458693 -2.478545 0.280774
1.028198 -1.037598 -0.037842 1.999117 -2.017392 -0.073575
1.187500 -1.043579 0.050171 2.308846 -2.029022 0.097547
1.136841 -0.904907 0.170166 2.210350 -1.759404 0.330852
0.691650 -1.464844 0.365723 1.344770 -2.848083 0.711071
1.078613 -1.192505 0.357056 2.097139 -2.318577 0.694220
1.430176 -0.750977 0.384644 2.780679 -1.460117 0.747859
1.358154 -0.273560 0.127686 2.640648 -0.531880 0.248258
1.384888 0.071045 -0.040039 2.692626 0.138132 -0.077848
1.148560 0.031250 -0.008545 2.233135 0.060759 -0.016614
0.961914 -0.421265 0.212524 1.870241 -0.819061 0.413209
0.139893 -0.999634 0.741333 0.271992 -1.943580 1.441368
-0.486938 -0.759155 1.242798 -0.946750 -1.476019 2.416361
-0.664795 -0.024048 1.366455 -1.292555 -0.046756 2.656787
-0.678955 0.657837 1.220093 -1.320087 1.279027 2.372216
-0.364136 0.672119 0.392334 -0.707986 1.306796 0.762812
-0.557129 0.655640 -0.238892 -1.083221 1.274755 -0.464475
-1.009155 1.312256 -0.476074 -1.962092 2.551408 -0.925627
-1.413696 2.154175 -0.157959 -2.748638 4.188344 -0.307118
-2.669922 2.922852 0.319336 -5.191107 5.682876 0.620882
-4.000000 0.170532 1.537476 -7.777166 0.331564 2.989301
0.585938 -1.784058 0.294678 1.139233 -3.468728 0.572939
3.554688 1.231323 -0.515015 6.911349 2.394052 -1.001339
3.502930 2.640381 -1.161377 6.810717 5.133670 -2.258055
3.037476 3.999878 -1.309448 5.905738 7.776929 -2.545949
2.328247 2.997559 -0.703979 4.526791 5.828128 -1.368741
-0.623535 -1.964722 -0.903076 -1.212334 -3.819992 -1.755843
-2.628540 -1.870728 -1.044434 -5.110648 -3.637240 -2.030684
-4.000000 -1.771118 -1.343506 -7.777166 -3.443570 -2.612167
-2.827271 -1.707886 -0.525146 -5.497038 -3.320628 -1.021038
0.729248 -0.133545 0.264526 1.417871 -0.259650 0.514316
0.854736 0.020630 0.294800 1.661857 0.040111 0.573177
-0.005615 -0.280273 0.080566 -0.010918 -0.544933 0.156645
-0.741577 -0.446289 -0.067383 -1.441842 -0.867716 -0.131012
-0.708984 -0.389160 -0.000977 -1.378472 -0.756641 -0.001899
-0.173462 0.063477 -0.038696 -0.337261 0.123417 -0.075237
-0.029297 0.364258 -0.239746 -0.056962 0.708223 -0.466136
0.098145 0.459595 -0.261353 0.190822 0.893586 -0.508146
0.174316 0.399292 -0.147705 0.338922 0.776340 -0.287182
0.136230 0.226074 -0.057495 0.264872 0.439554 -0.111787
0.013184 0.047974 -0.051880 0.025633 0.093275 -0.100870
-0.100098 -0.155518 -0.065674 -0.194619 -0.302372 -0.127689
-0.111328 -0.220581 -0.082520 -0.216454 -0.428874 -0.160442
-0.060669 -0.078491 -0.083130 -0.117958 -0.152610 -0.161629
-0.030273 0.054443 -0.095947 -0.058860 0.105854 -0.186549
-0.041626 0.098755 -0.115601 -0.080933 0.192008 -0.224761
-0.070679 0.110229 -0.114624 -0.137420 0.214318 -0.222863
-0.094971 0.106934 -0.098877 -0.184651 0.207910 -0.192246
-0.105591 0.024048 -0.094604 -0.205299 0.046756 -0.183939
-0.070190 -0.034424 -0.105469 -0.136471 -0.066930 -0.205062
0.008057 -0.044189 -0.073486 0.015664 -0.085917 -0.142879
0.053467 -0.045166 -0.040649 0.103955 -0.087816 -0.079034
0.020020 -0.063232 -0.057617 0.038924 -0.122942 -0.112025
-0.034302 -0.065796 -0.080200 -0.066693 -0.127926 -0.155933
-0.064575 -0.058594 -0.093506 -0.125553 -0.113923 -0.181803
-0.066528 -0.026489 -0.108154 -0.129350 -0.051503 -0.210283
-0.057617 -0.006470 -0.107544 -0.112025 -0.012579 -0.209097
-0.038086 -0.008789 -0.091187 -0.074050 -0.017089 -0.177293
-0.036865 -0.022827 -0.083984 -0.071677 -0.044383 -0.163290
-0.048462 -0.026855 -0.097046 -0.094224 -0.052215 -0.188686
-0.033691 -0.030640 -0.116821 -0.065506 -0.059572 -0.227135
0.004639 -0.010864 -0.138672 0.009019 -0.021123 -0.269619
0.020752 0.019531 -0.146729 0.040348 0.037974 -0.285283
-0.008789 0.020264 -0.129395 -0.017089 0.039398 -0.251581
-0.044189 0.020630 -0.121826 -0.085917 0.040111 -0.236866
-0.048706 0.007446 -0.116333 -0.094699 0.014478 -0.226185
-0.020630 -0.006104 -0.110840 -0.040111 -0.011867 -0.215505
-0.000977 -0.004272 -0.119141 -0.001899 -0.008307 -0.231644
-0.006104 0.012573 -0.139038 -0.011867 0.024446 -0.270331
-0.007935 0.014771 -0.142456 -0.015427 0.028718 -0.276976
-0.009888 0.026001 -0.154053 -0.019225 0.050553 -0.299523
-0.008423 0.044678 -0.167480 -0.016376 0.086867 -0.325631
0.001343 0.033325 -0.155151 0.002611 0.064794 -0.301659
0.003906 0.032227 -0.142090 0.007595 0.062658 -0.276264
