-0.126709 0.289063 -0.111694 -0.246359 0.562022 -0.217166
0.101074 0.319336 -0.270630 0.196518 0.620882 -0.526183
0.115234 0.291748 -0.255859 0.224049 0.567243 -0.497465
0.012451 0.141602 -0.107788 0.024209 0.275315 -0.209571
-0.027100 -0.124268 0.072021 -0.052690 -0.241612 0.140031
-0.043335 -0.288330 0.016235 -0.084256 -0.560598 0.031566
-0.019653 -0.295288 -0.054565 -0.038212 -0.574126 -0.106091
-0.036621 -0.160767 -0.087646 -0.071202 -0.312577 -0.170410
0.016357 -0.075562 -0.177612 0.031804 -0.146914 -0.345330
-0.025757 -0.102539 -0.186157 -0.050079 -0.199366 -0.361944
-0.035522 -0.122803 -0.170410 -0.069066 -0.238764 -0.331327
-0.086670 -0.128174 -0.111206 -0.168512 -0.249207 -0.216217
-0.102539 -0.117310 -0.060059 -0.199366 -0.228084 -0.116771
-0.079590 -0.046143 -0.066895 -0.154746 -0.089715 -0.130062
-0.036133 -0.005493 -0.105103 -0.070253 -0.010680 -0.204350
-0.004395 0.011230 -0.132080 -0.008544 0.021835 -0.256802
0.015015 0.004761 -0.136719 0.029193 0.009256 -0.265821
-0.006348 0.009888 -0.119873 -0.012342 0.019225 -0.233068
-0.021606 0.003784 -0.110718 -0.042009 0.007358 -0.215268
-0.020996 0.005615 -0.118774 -0.040823 0.010918 -0.230932
-0.022949 0.010742 -0.118530 -0.044620 0.020886 -0.230457
-0.009155 0.017578 -0.117065 -0.017801 0.034177 -0.227609
-0.008545 0.008789 -0.114136 -0.016614 0.017089 -0.221913
-0.004761 0.014160 -0.112915 -0.009256 0.027531 -0.219540
-0.009766 0.020508 -0.111328 -0.018987 0.039873 -0.216454
-0.019531 0.017700 -0.106079 -0.037974 0.034414 -0.206249
-0.034302 0.007568 -0.097656 -0.066693 0.014715 -0.189872
-0.047607 -0.000244 -0.102173 -0.092563 -0.000475 -0.198654
-0.034790 0.011963 -0.107666 -0.067642 0.023259 -0.209334
-0.011597 0.042114 -0.126953 -0.022547 0.081882 -0.246834
0.003418 0.037720 -0.128906 0.006646 0.073338 -0.250631
-0.004639 0.021606 -0.124756 -0.009019 0.042009 -0.242562
-0.016724 0.017944 -0.116943 -0.032516 0.034889 -0.227372
-0.023071 0.008301 -0.110229 -0.044857 0.016139 -0.214318
-0.020386 0.016846 -0.108765 -0.039636 0.032753 -0.211470
-0.020142 0.029053 -0.112427 -0.039161 0.056487 -0.218590
-0.020508 0.018066 -0.114136 -0.039873 0.035126 -0.221913
-0.028442 0.009399 -0.118896 -0.055300 0.018275 -0.231169
-0.041260 0.008667 -0.134399 -0.080221 0.016851 -0.261312
-0.044556 0.000366 -0.137573 -0.086629 0.000712 -0.267482
-0.040039 0.006958 -0.125488 -0.077848 0.013528 -0.243986
-0.026733 0.011963 -0.110107 -0.051978 0.023259 -0.214081
-0.018066 0.010986 -0.109253 -0.035126 0.021361 -0.212420
-0.007080 0.009033 -0.105957 -0.013766 0.017563 -0.206011
-0.011597 0.011719 -0.105469 -0.022547 0.022785 -0.205062
-0.026855 0.002319 -0.116455 -0.052215 0.004509 -0.226423
-0.029907 0.003052 -0.123779 -0.058148 0.005934 -0.240663
-0.022217 0.028198 -0.129517 -0.043196 0.054826 -0.251818
-0.022095 0.029907 -0.127441 -0.042959 0.058148 -0.247783
-0.030273 0.020630 -0.127686 -0.058860 0.040111 -0.248258
-0.029053 0.000977 -0.121216 -0.056487 0.001899 -0.235679
-0.027466 -0.004028 -0.119507 -0.053402 -0.007832 -0.232356
-0.019287 0.015015 -0.128174 -0.037500 0.029193 -0.249207
-0.010132 0.026123 -0.147095 -0.019699 0.050791 -0.285995
0.011841 0.026611 -0.137939 0.023022 0.051740 -0.268195
0.004150 0.013916 -0.106323 0.008070 0.027057 -0.206723
-0.027954 0.003418 -0.085693 -0.054351 0.006646 -0.166613
-0.048828 0.014771 -0.103882 -0.094936 0.028718 -0.201977
-0.042603 0.017700 -0.134033 -0.082832 0.034414 -0.260600
-0.018433 0.045410 -0.160522 -0.035838 0.088291 -0.312102
0.005249 0.048340 -0.162964 0.010206 0.093987 -0.316849
-0.007568 0.017090 -0.139893 -0.014715 0.033228 -0.271992
-0.025391 -0.005371 -0.112305 -0.049367 -0.010443 -0.218353
-0.034302 -0.001709 -0.093384 -0.066693 -0.003323 -0.181565
-0.034424 -0.011108 -0.098022 -0.066930 -0.021598 -0.190584
-0.009888 0.022461 -0.106934 -0.019225 0.043671 -0.207910
-0.003296 0.035522 -0.120728 -0.006408 0.069066 -0.234730
-0.022583 0.016235 -0.123169 -0.043908 0.031566 -0.239476
-0.035156 0.014771 -0.117798 -0.068354 0.028718 -0.229033
-0.038208 0.010498 -0.118652 -0.074288 0.020411 -0.230695
-0.033081 0.028320 -0.123413 -0.064319 0.055063 -0.239951
-0.020508 0.040894 -0.124268 -0.039873 0.079509 -0.241612
-0.022583 0.050415 -0.141846 -0.043908 0.098022 -0.275789
-0.022339 0.042358 -0.150146 -0.043433 0.082357 -0.291929
-0.016846 0.037354 -0.149536 -0.032753 0.072626 -0.290742
-0.009033 0.023438 -0.149048 -0.017563 0.045569 -0.289792
-0.008545 0.004272 -0.139526 -0.016614 0.008307 -0.271280
-0.015503 -0.010376 -0.118896 -0.030142 -0.020174 -0.231169
-0.012207 -0.015869 -0.095337 -0.023734 -0.030854 -0.185363
-0.001831 0.006836 -0.088745 -0.003560 0.013291 -0.172546
