-0.094116 0.262695 -0.152466 -0.182989 0.510756 -0.296438
-0.020264 0.230225 -0.260742 -0.039398 0.447624 -0.506959
0.046997 0.209839 -0.245728 0.091376 0.407988 -0.477766
0.093750 0.176880 -0.275513 0.182277 0.343906 -0.535677
0.094116 -0.004883 -0.244629 0.182989 -0.009494 -0.475630
0.128540 -0.157715 -0.238892 0.249919 -0.306644 -0.464475
0.215576 -0.333496 -0.328613 0.419143 -0.648414 -0.638920
0.216431 -0.410156 -0.428467 0.420804 -0.797463 -0.833064
0.082764 -0.170410 -0.345215 0.160917 -0.331327 -0.671198
-0.105347 -0.161011 -0.087280 -0.204825 -0.313052 -0.169698
-0.078491 -0.077271 -0.080688 -0.152610 -0.150236 -0.156882
-0.063354 -0.065063 -0.072021 -0.123180 -0.126502 -0.140031
-0.022583 -0.084717 -0.099854 -0.043908 -0.164714 -0.194144
0.041992 -0.064941 -0.120483 0.081645 -0.126265 -0.234255
0.063843 -0.077271 -0.078613 0.124129 -0.150236 -0.152847
0.034790 -0.074463 -0.081177 0.067642 -0.144778 -0.157831
0.050293 -0.059937 -0.080933 0.097784 -0.116534 -0.157357
0.039063 -0.076538 -0.082397 0.075949 -0.148812 -0.160205
0.039185 -0.074951 -0.091309 0.076186 -0.145727 -0.177531
0.014526 -0.049683 -0.083740 0.028243 -0.096597 -0.162815
-0.012085 0.027466 -0.099609 -0.023497 0.053402 -0.193670
-0.015625 0.013916 -0.109009 -0.030380 0.027057 -0.211945
0.001465 0.015015 -0.132568 0.002848 0.029193 -0.257752
0.006958 0.044434 -0.139771 0.013528 0.086392 -0.271755
-0.011963 0.066895 -0.163086 -0.023259 0.130062 -0.317087
-0.031738 0.149414 -0.227173 -0.061708 0.290505 -0.441690
-0.066284 0.136108 -0.276978 -0.128876 0.264634 -0.538525
-0.058838 0.077148 -0.213013 -0.114398 0.149999 -0.414159
-0.017090 0.041504 -0.160645 -0.033228 0.080696 -0.312340
-0.019897 0.032104 -0.171509 -0.038686 0.062420 -0.333463
-0.000122 0.010498 -0.144043 -0.000237 0.020411 -0.280062
-0.018311 0.018677 -0.140747 -0.035601 0.036313 -0.273653
-0.039063 -0.012817 -0.124023 -0.075949 -0.024921 -0.241138
-0.054565 -0.008301 -0.157349 -0.106091 -0.016139 -0.305932
-0.040771 0.004883 -0.180542 -0.079272 0.009494 -0.351026
0.000732 -0.001709 -0.161011 0.001424 -0.003323 -0.313052
-0.004517 0.018066 -0.151611 -0.008782 0.035126 -0.294777
-0.030029 0.037964 -0.131958 -0.058386 0.073813 -0.256565
-0.066040 -0.013916 -0.120117 -0.128401 -0.027057 -0.233543
-0.087036 -0.014893 -0.137207 -0.169224 -0.028956 -0.266770
-0.068481 -0.029175 -0.130005 -0.133148 -0.056724 -0.252767
-0.020874 -0.064453 -0.088623 -0.040585 -0.125316 -0.172309
-0.010254 -0.077393 -0.076050 -0.019937 -0.150474 -0.147863
-0.052124 -0.046021 -0.112671 -0.101344 -0.089477 -0.219065
-0.057983 0.006714 -0.129272 -0.112737 0.013054 -0.251343
-0.026001 0.033325 -0.130981 -0.050553 0.064794 -0.254666
0.013916 0.056763 -0.123413 0.027057 0.110363 -0.239951
0.017334 0.031982 -0.108643 0.033702 0.062183 -0.211233
-0.018433 -0.007690 -0.115112 -0.035838 -0.014952 -0.223812
-0.039673 -0.015015 -0.106934 -0.077136 -0.029193 -0.207910
-0.021973 0.000854 -0.098511 -0.042721 0.001661 -0.191534
0.002441 0.030884 -0.095947 0.004747 0.060047 -0.186549
0.022583 0.080322 -0.121460 0.043908 0.156170 -0.236154
0.021606 0.058838 -0.128296 0.042009 0.114398 -0.249445
0.008789 0.037598 -0.116211 0.017089 0.073101 -0.225948
-0.019775 0.012939 -0.095703 -0.038449 0.025158 -0.186075
-0.025757 0.007935 -0.086548 -0.050079 0.015427 -0.168274
-0.028564 0.007935 -0.100098 -0.055538 0.015427 -0.194619
-0.017822 -0.007813 -0.121460 -0.034652 -0.015190 -0.236154
0.001709 0.031128 -0.140991 0.003323 0.060522 -0.274128
0.013306 0.036255 -0.132568 0.025870 0.070490 -0.257752
0.022949 0.038330 -0.086548 0.044620 0.074525 -0.168274
0.002441 0.052856 -0.062256 0.004747 0.102768 -0.121044
-0.015869 0.028198 -0.059692 -0.030854 0.054826 -0.116059
-0.034424 -0.002441 -0.097290 -0.066930 -0.004747 -0.189160
-0.052612 -0.010498 -0.150269 -0.102294 -0.020411 -0.292166
-0.037720 0.004517 -0.173340 -0.073338 0.008782 -0.337023
-0.030640 0.016724 -0.177490 -0.059572 0.032516 -0.345093
-0.018066 0.005859 -0.147095 -0.035126 0.011392 -0.285995
-0.003296 -0.005859 -0.116455 -0.006408 -0.011392 -0.226423
-0.010132 -0.015869 -0.112183 -0.019699 -0.030854 -0.218116
-0.013672 -0.021973 -0.114624 -0.026582 -0.042721 -0.222863
-0.025391 0.002563 -0.121582 -0.049367 0.004984 -0.236391
-0.041138 0.024292 -0.148193 -0.079984 0.047231 -0.288131
-0.029419 0.030029 -0.155273 -0.057199 0.058386 -0.301897
-0.003662 0.021240 -0.139282 -0.007120 0.041297 -0.270805
-0.000732 0.012939 -0.138672 -0.001424 0.025158 -0.269619
-0.002319 -0.006714 -0.119751 -0.004509 -0.013054 -0.232831
-0.013550 -0.024536 -0.110474 -0.026345 -0.047705 -0.214793
-0.014160 0.007080 -0.112549 -0.027531 0.013766 -0.218828
