-0.057861 1.848999 -0.175903 -0.112499 3.594993 -0.342007
0.057495 1.590332 -0.229370 0.111787 3.092069 -0.445962
0.057739 1.081543 -0.160645 0.112262 2.102835 -0.312340
0.073364 1.026733 -0.088135 0.142642 1.996269 -0.171360
-0.020752 0.859497 0.014282 -0.040348 1.671113 0.027769
-0.073608 0.706787 0.058105 -0.143116 1.374200 0.112974
-0.090576 0.684814 0.064575 -0.176106 1.331479 0.125553
-0.154541 0.686768 0.091553 -0.300473 1.335276 0.178005
-0.219727 0.397217 0.050659 -0.427213 0.772305 0.098496
-0.123779 0.274658 -0.013672 -0.240663 0.534016 -0.026582
-0.070801 0.183960 -0.116943 -0.137657 0.357672 -0.227372
-0.082642 0.021362 -0.173584 -0.160679 0.041535 -0.337498
-0.067383 0.209839 -0.191040 -0.131012 0.407988 -0.371438
-0.040527 0.490723 -0.166870 -0.078797 0.954108 -0.324444
-0.046631 0.671753 -0.131470 -0.090664 1.306084 -0.255615
0.007935 0.468140 -0.021851 0.015427 0.910200 -0.042484
-0.020020 0.335571 -0.105103 -0.038924 0.652448 -0.204350
-0.007935 0.441650 -0.217041 -0.015427 0.858697 -0.421991
0.027100 0.450562 -0.222046 0.052690 0.876023 -0.431722
0.053223 0.454346 -0.221802 0.103480 0.883381 -0.431247
0.060791 0.433350 -0.245972 0.118195 0.842558 -0.478241
0.077271 0.408447 -0.252197 0.150236 0.794141 -0.490345
0.109375 0.408813 -0.263062 0.212657 0.794853 -0.511468
0.104248 0.414795 -0.241821 0.202689 0.806482 -0.470171
0.091919 0.346680 -0.179077 0.178717 0.674046 -0.348178
0.066895 0.294922 -0.154907 0.130062 0.573414 -0.301185
0.078491 0.280884 -0.173096 0.152610 0.546120 -0.336549
0.056641 0.196167 -0.175049 0.110126 0.381406 -0.340346
0.040649 0.121948 -0.151489 0.079034 0.237103 -0.294539
0.014282 0.061401 -0.136475 0.027769 0.119382 -0.265346
0.014648 0.052490 -0.146118 0.028481 0.102056 -0.284096
0.026001 0.084595 -0.152710 0.050553 0.164477 -0.296913
0.031494 0.076294 -0.154907 0.061234 0.148338 -0.301185
0.035645 0.027832 -0.172729 0.069303 0.054114 -0.335836
0.026733 0.003296 -0.180908 0.051978 0.006408 -0.351738
0.025269 0.012817 -0.176392 0.049129 0.024921 -0.342957
0.015625 0.031982 -0.160645 0.030380 0.062183 -0.312340
0.014526 0.019897 -0.136597 0.028243 0.038686 -0.265584
0.027588 0.034790 -0.109985 0.053639 0.067642 -0.213844
0.012207 -0.016235 -0.081421 0.023734 -0.031566 -0.158306
0.007935 -0.012817 -0.093872 0.015427 -0.024921 -0.182515
0.018433 0.006226 -0.109497 0.035838 0.012104 -0.212894
0.012817 0.018188 -0.112671 0.024921 0.035364 -0.219065
0.017212 0.016235 -0.116821 0.033465 0.031566 -0.227135
0.020508 0.080688 -0.125610 0.039873 0.156882 -0.244223
0.014893 0.052734 -0.106079 0.028956 0.102531 -0.206249
0.024658 0.029541 -0.113647 0.047943 0.057436 -0.220964
0.022461 0.020630 -0.118774 0.043671 0.040111 -0.230932
0.017456 0.013428 -0.098999 0.033940 0.026107 -0.192483
0.006470 0.048584 -0.093750 0.012579 0.094461 -0.182277
-0.010010 0.063354 -0.090454 -0.019462 0.123180 -0.175869
-0.011841 0.036987 -0.099976 -0.023022 0.071914 -0.194382
-0.013306 0.011108 -0.119263 -0.025870 0.021598 -0.231881
-0.010864 0.009399 -0.127075 -0.021123 0.018275 -0.247071
-0.017822 0.005371 -0.116699 -0.034652 0.010443 -0.226897
-0.022461 0.016724 -0.112549 -0.043671 0.032516 -0.218828
-0.020996 0.019775 -0.125000 -0.040823 0.038449 -0.243036
-0.014893 0.010620 -0.118164 -0.028956 0.020649 -0.229745
-0.016357 -0.002808 -0.127686 -0.031804 -0.005459 -0.248258
-0.008667 -0.000854 -0.152588 -0.016851 -0.001661 -0.296675
-0.018677 0.002197 -0.155518 -0.036313 0.004272 -0.302372
-0.021362 -0.005127 -0.143799 -0.041535 -0.009968 -0.279587
-0.018311 -0.012817 -0.125488 -0.035601 -0.024921 -0.243986
-0.010010 -0.035034 -0.109375 -0.019462 -0.068117 -0.212657
-0.010742 -0.049683 -0.101563 -0.020886 -0.096597 -0.197467
-0.021606 -0.025269 -0.094604 -0.042009 -0.049129 -0.183939
-0.023682 0.004272 -0.102539 -0.046044 0.008307 -0.199366
-0.003784 -0.011719 -0.103882 -0.007358 -0.022785 -0.201977
0.010620 -0.034058 -0.107666 0.020649 -0.066218 -0.209334
0.040039 -0.052246 -0.133789 0.077848 -0.101582 -0.260125
0.049194 -0.095825 -0.148071 0.095648 -0.186312 -0.287894
0.031494 -0.115356 -0.138672 0.061234 -0.224287 -0.269619
0.002319 -0.087036 -0.142456 0.004509 -0.169224 -0.276976
-0.021851 -0.060303 -0.170532 -0.042484 -0.117246 -0.331564
-0.025391 -0.055298 -0.201660 -0.049367 -0.107515 -0.392086
-0.034546 -0.078857 -0.223267 -0.067167 -0.153322 -0.434095
-0.059570 -0.075684 -0.221802 -0.115822 -0.147151 -0.431247
-0.059937 -0.047363 -0.188477 -0.116534 -0.092088 -0.366453
-0.039917 -0.056519 -0.149414 -0.077610 -0.109889 -0.290505
-0.006714 -0.057129 -0.125122 -0.013054 -0.111075 -0.243274
