0.128784 0.125244 0.075806 0.250394 0.243511 0.147388
0.108032 -0.309937 0.215088 0.210046 -0.602607 0.418194
0.063354 -0.099487 0.278076 0.123180 -0.193432 0.540661
-0.008423 -0.001465 0.286255 -0.016376 -0.002848 0.556563
-0.093018 -0.096069 0.202515 -0.180853 -0.186787 0.393748
-0.218140 -0.092896 -0.056152 -0.424127 -0.180616 -0.109177
-0.383911 -0.104248 -0.338013 -0.746435 -0.202689 -0.657195
-0.355713 -0.539185 -0.300415 -0.691610 -1.048332 -0.584094
-0.099731 -0.477783 -0.106934 -0.193907 -0.928950 -0.207910
-0.016724 -0.292603 -0.064697 -0.032516 -0.568905 -0.125790
-0.000122 -0.064697 -0.123657 -0.000237 -0.125790 -0.240426
-0.028931 0.154053 -0.216675 -0.056250 0.299523 -0.421279
-0.098022 0.332031 -0.281006 -0.190584 0.645566 -0.546357
-0.109741 0.240234 -0.316528 -0.213369 0.467086 -0.615423
-0.078857 0.120850 -0.284546 -0.153322 0.234967 -0.553240
-0.067505 0.127686 -0.210938 -0.131249 0.248258 -0.410124
-0.100220 0.140991 -0.163208 -0.194856 0.274128 -0.317324
-0.152344 0.179565 -0.171753 -0.296201 0.349128 -0.333938
-0.181763 0.187500 -0.223633 -0.353400 0.364555 -0.434807
-0.172241 0.150513 -0.259521 -0.334887 0.292641 -0.504585
-0.140503 0.059937 -0.255859 -0.273179 0.116534 -0.497465
-0.107788 -0.027222 -0.217896 -0.209571 -0.052927 -0.423652
-0.093872 -0.006226 -0.171997 -0.182515 -0.012104 -0.334412
-0.092896 0.014648 -0.169556 -0.180616 0.028481 -0.329666
-0.086426 0.022705 -0.173584 -0.168037 0.044145 -0.337498
-0.068726 0.051636 -0.174561 -0.133623 0.100395 -0.339397
-0.045288 0.033203 -0.164551 -0.088053 0.064557 -0.319935
-0.031372 0.039795 -0.145386 -0.060996 0.077373 -0.282672
-0.038330 0.083862 -0.130737 -0.074525 0.163053 -0.254191
-0.047363 0.077759 -0.131470 -0.092088 0.151186 -0.255615
-0.047974 0.035889 -0.143311 -0.093275 0.069778 -0.278637
-0.037109 0.014160 -0.148804 -0.072151 0.027531 -0.289318
-0.006104 0.040771 -0.142944 -0.011867 0.079272 -0.277925
-0.007202 0.080078 -0.115234 -0.014003 0.155695 -0.224049
-0.021118 0.057373 -0.121948 -0.041060 0.111550 -0.237103
-0.031616 0.039063 -0.141724 -0.061471 0.075949 -0.275552
-0.029541 0.071533 -0.144531 -0.057436 0.139081 -0.281011
-0.013062 0.054077 -0.128174 -0.025395 0.105142 -0.249207
-0.004761 0.033813 -0.113647 -0.009256 0.065743 -0.220964
-0.005981 0.036011 -0.122681 -0.011630 0.070015 -0.238527
-0.029907 0.020752 -0.134521 -0.058148 0.040348 -0.261549
-0.038452 0.013184 -0.141235 -0.074762 0.025633 -0.274603
-0.032959 -0.008057 -0.131592 -0.064082 -0.015664 -0.255853
-0.030518 0.011230 -0.119019 -0.059335 0.021835 -0.231407
-0.042603 -0.003540 -0.129272 -0.082832 -0.006883 -0.251343
-0.035400 -0.000488 -0.136230 -0.068829 -0.000949 -0.264872
-0.021362 0.006104 -0.146240 -0.041535 0.011867 -0.284334
-0.009888 -0.002197 -0.146484 -0.019225 -0.004272 -0.284808
-0.019775 0.020752 -0.131226 -0.038449 0.040348 -0.255141
-0.023682 0.017822 -0.139038 -0.046044 0.034652 -0.270331
-0.018677 0.000122 -0.154663 -0.036313 0.000237 -0.300710
-0.018677 -0.009644 -0.151489 -0.036313 -0.018750 -0.294539
0.003784 -0.007690 -0.142822 0.007358 -0.014952 -0.277688
0.029053 -0.022095 -0.157227 0.056487 -0.042959 -0.305694
0.037109 -0.003540 -0.158325 0.072151 -0.006883 -0.307830
0.011719 0.006470 -0.146973 0.022785 0.012579 -0.285758
-0.000854 0.014160 -0.142578 -0.001661 0.027531 -0.277213
0.004883 0.020508 -0.140991 0.009494 0.039873 -0.274128
0.012451 0.036255 -0.129150 0.024209 0.070490 -0.251106
0.015625 0.065063 -0.114502 0.030380 0.126502 -0.222625
0.000732 0.051636 -0.126587 0.001424 0.100395 -0.246122
-0.034180 0.049683 -0.149780 -0.066455 0.096597 -0.291217
-0.058594 0.047485 -0.167236 -0.113923 0.092325 -0.325156
-0.063354 0.047852 -0.164429 -0.123180 0.093037 -0.319697
-0.068359 0.064941 -0.159668 -0.132911 0.126265 -0.310441
-0.076416 0.051514 -0.162720 -0.148575 0.100158 -0.316375
-0.063599 0.020142 -0.167358 -0.123654 0.039161 -0.325394
-0.036011 0.009521 -0.162354 -0.070015 0.018513 -0.315663
-0.015137 0.023926 -0.136230 -0.029430 0.046519 -0.264872
-0.017700 0.038208 -0.120239 -0.034414 0.074288 -0.233780
-0.024414 0.058716 -0.110840 -0.047468 0.114161 -0.215505
-0.021729 0.041260 -0.114136 -0.042247 0.080221 -0.221913
-0.014771 0.031616 -0.123413 -0.028718 0.061471 -0.239951
-0.008789 0.029541 -0.131104 -0.017089 0.057436 -0.254903
-0.015869 0.038452 -0.129395 -0.030854 0.074762 -0.251581
-0.023193 0.034180 -0.126343 -0.045095 0.066455 -0.245647
-0.033569 0.057495 -0.129517 -0.065269 0.111787 -0.251818
-0.048950 0.046631 -0.141357 -0.095173 0.090664 -0.274840
-0.060059 0.041992 -0.137573 -0.116771 0.081645 -0.267482
-0.057617 0.045532 -0.125122 -0.112025 0.088528 -0.243274
