-0.001709 0.297852 -0.168457 -0.003323 0.579110 -0.327530
-0.191895 0.513672 -0.096069 -0.373099 0.998728 -0.186787
-0.213135 0.181641 -0.005615 -0.414396 0.353162 -0.010918
-0.089966 0.001221 -0.058350 -0.174920 0.002373 -0.113449
0.157227 -0.326538 0.018921 0.305694 -0.634885 0.036788
0.171509 -0.211914 0.020630 0.333463 -0.412023 0.040111
0.127319 -0.177490 0.014648 0.247546 -0.345093 0.028481
0.207886 -0.382935 0.105469 0.404191 -0.744536 0.205062
0.023926 -0.574341 -0.004150 0.046519 -1.116686 -0.008070
-0.089844 -0.567993 -0.261597 -0.174682 -1.104344 -0.508620
-0.041382 -0.522217 -0.406250 -0.080458 -1.015342 -0.789868
-0.172607 -0.262085 -0.685181 -0.335599 -0.509570 -1.332191
-0.060547 -0.377808 -0.806396 -0.117721 -0.734568 -1.567870
-0.064331 -0.191406 -1.039307 -0.125078 -0.372150 -2.020715
-0.100708 0.021118 -1.218140 -0.195806 0.041060 -2.368419
-0.148193 0.302734 -1.309814 -0.288131 0.588604 -2.546661
-0.147217 0.429810 -1.291870 -0.286232 0.835675 -2.511772
-0.053955 0.408203 -1.174072 -0.104904 0.793666 -2.282739
0.055664 0.293579 -0.982910 0.108227 0.570803 -1.911064
0.127441 0.073120 -0.704224 0.247783 0.142167 -1.369216
0.184692 -0.057129 -0.468262 0.359096 -0.111075 -0.910437
0.156128 -0.112305 -0.369995 0.303558 -0.218353 -0.719378
0.122437 -0.147461 -0.298706 0.238052 -0.286707 -0.580772
0.070435 -0.111572 -0.282227 0.136945 -0.216929 -0.548731
-0.043335 -0.044678 -0.299438 -0.084256 -0.086867 -0.582196
-0.162598 0.007080 -0.324463 -0.316137 0.013766 -0.630850
-0.338379 0.125000 -0.361694 -0.657907 0.243036 -0.703239
-0.555908 0.139038 -0.351196 -1.080848 0.270331 -0.682828
-0.710083 0.070557 -0.349976 -1.380608 0.137183 -0.680455
-0.933594 0.254150 -0.375000 -1.815179 0.494142 -0.729109
-1.390869 0.588989 -0.302246 -2.704255 1.145167 -0.587655
-1.662964 0.564331 -0.459839 -3.233287 1.097224 -0.894061
-0.773315 0.138916 -0.312622 -1.503551 0.270093 -0.607828
0.022339 -0.269897 -0.157227 0.043433 -0.524759 -0.305694
0.407593 -0.455688 -0.111572 0.792479 -0.885991 -0.216929
0.395630 -0.432251 -0.133179 0.769220 -0.840422 -0.258938
0.157715 -0.297974 -0.163696 0.306644 -0.579348 -0.318273
0.101074 -0.136475 -0.135132 0.196518 -0.265346 -0.262736
0.102539 -0.089233 -0.078247 0.199366 -0.173496 -0.152135
0.069702 -0.044434 -0.024414 0.135521 -0.086392 -0.047468
-0.048584 0.043213 -0.028931 -0.094461 0.084018 -0.056250
-0.122559 0.217041 -0.110352 -0.238290 0.421991 -0.214556
-0.101440 0.288086 -0.114380 -0.197230 0.560123 -0.222388
-0.083130 0.244995 -0.115112 -0.161629 0.476342 -0.223812
-0.065918 0.175903 -0.139771 -0.128164 0.342007 -0.271755
-0.075439 0.143921 -0.151367 -0.146676 0.279824 -0.294302
-0.061768 0.130371 -0.140625 -0.120094 0.253479 -0.273416
-0.067871 0.110596 -0.118530 -0.131961 0.215030 -0.230457
-0.074097 0.094604 -0.079712 -0.144066 0.183939 -0.154983
-0.073242 0.115723 -0.061157 -0.142404 0.224999 -0.118907
-0.071777 0.104980 -0.082520 -0.139556 0.204113 -0.160442
-0.070190 0.057495 -0.116333 -0.136471 0.111787 -0.226185
-0.070068 0.024536 -0.134766 -0.136233 0.047705 -0.262024
-0.078369 0.003662 -0.148193 -0.152372 0.007120 -0.288131
-0.066772 -0.007813 -0.139526 -0.129825 -0.015190 -0.271280
-0.041504 -0.004395 -0.118286 -0.080696 -0.008544 -0.229983
-0.023071 -0.008423 -0.123047 -0.044857 -0.016376 -0.239239
-0.006104 -0.018921 -0.127319 -0.011867 -0.036788 -0.247546
-0.001099 -0.015869 -0.119629 -0.002136 -0.030854 -0.232593
0.002441 0.009766 -0.120483 0.004747 0.018987 -0.234255
-0.005737 0.014771 -0.131470 -0.011155 0.028718 -0.255615
-0.010864 0.036377 -0.146973 -0.021123 0.070727 -0.285758
-0.016113 0.043457 -0.154053 -0.031329 0.084493 -0.299523
-0.017578 0.031616 -0.147705 -0.034177 0.061471 -0.287182
-0.021606 0.018799 -0.130859 -0.042009 0.036550 -0.254429
-0.024902 0.027710 -0.115234 -0.048417 0.053876 -0.224049
-0.032715 0.039673 -0.117676 -0.063607 0.077136 -0.228796
-0.027344 0.033203 -0.127930 -0.053164 0.064557 -0.248733
-0.026733 0.021118 -0.136230 -0.051978 0.041060 -0.264872
-0.025391 0.011841 -0.135010 -0.049367 0.023022 -0.262498
-0.039551 0.012939 -0.128418 -0.076898 0.025158 -0.249682
-0.037354 0.031738 -0.120850 -0.072626 0.061708 -0.234967
-0.026733 0.026245 -0.119751 -0.051978 0.051028 -0.232831
-0.010376 0.021118 -0.126099 -0.020174 0.041060 -0.245173
0.004639 0.029541 -0.133301 0.009019 0.057436 -0.259176
0.000244 0.027344 -0.130249 0.000475 0.053164 -0.253242
-0.014648 0.025146 -0.128296 -0.028481 0.048892 -0.249445
-0.023071 0.023560 -0.123657 -0.044857 0.045807 -0.240426
-0.021484 0.029541 -0.129761 -0.041772 0.057436 -0.252293
-0.020020 0.027466 -0.138184 -0.038924 0.053402 -0.268669
