-0.179199 0.235596 -0.344727 -0.348416 0.458067 -0.670249
-0.122925 0.204834 -0.352783 -0.239002 0.398257 -0.685913
-0.270020 0.184448 -0.365967 -0.524997 0.358621 -0.711546
-0.107300 0.041382 -0.260620 -0.208622 0.080458 -0.506721
-0.025513 -0.042969 -0.078613 -0.049604 -0.083544 -0.152847
-0.040283 -0.110107 0.105469 -0.078322 -0.214081 0.205062
0.017700 -0.267334 0.278320 0.034414 -0.519775 0.541136
-0.042603 -0.361328 0.313477 -0.082832 -0.702527 0.609490
-0.086670 -0.448120 0.117554 -0.168512 -0.871276 0.228559
-0.084106 -0.426636 -0.095337 -0.163527 -0.829504 -0.185363
-0.144653 -0.376343 -0.373901 -0.281248 -0.731720 -0.726973
-0.208374 -0.192993 -0.680298 -0.405140 -0.375235 -1.322697
-0.273071 -0.017822 -0.899536 -0.530930 -0.034652 -1.748961
-0.310181 0.114868 -1.145142 -0.603082 0.223337 -2.226489
-0.349243 0.258057 -1.409302 -0.679031 0.501737 -2.740093
-0.365479 0.350098 -1.585815 -0.710597 0.680692 -3.083288
-0.283325 0.357910 -1.668701 -0.550867 0.695882 -3.244442
-0.117676 0.307617 -1.576294 -0.228796 0.598098 -3.064775
0.009521 0.160767 -1.302856 0.018513 0.312577 -2.533133
0.086548 0.011353 -0.987671 0.168274 0.022073 -1.920320
0.139893 -0.096680 -0.670898 0.271992 -0.187973 -1.304422
0.081055 -0.146362 -0.468994 0.157594 -0.284571 -0.911861
0.027710 -0.222168 -0.322632 0.053876 -0.431959 -0.627290
-0.013306 -0.293701 -0.209839 -0.025870 -0.571041 -0.407988
-0.072754 -0.379272 -0.126709 -0.141455 -0.737416 -0.246359
-0.194946 -0.505737 -0.106445 -0.379032 -0.983301 -0.206961
-0.356689 -0.596313 -0.193970 -0.693508 -1.159407 -0.377134
-0.555542 -0.414063 -0.234741 -1.080136 -0.805058 -0.456405
-0.723755 -0.168579 -0.006836 -1.407191 -0.327767 -0.013291
-0.945435 -0.086426 0.243408 -1.838200 -0.168037 0.473257
-1.225708 -0.013916 0.427856 -2.383134 -0.027057 0.831878
-1.460083 0.172852 0.539917 -2.838827 0.336074 1.049756
-1.395264 0.420776 0.441284 -2.712800 0.818112 0.857985
-1.021729 0.531128 0.283203 -1.986538 1.032668 0.550629
-0.630371 0.411255 0.133301 -1.225625 0.799599 0.259176
-0.389038 0.239990 -0.021362 -0.756404 0.466611 -0.041535
-0.238159 0.201782 -0.118774 -0.463051 0.392323 -0.230932
-0.166138 0.207520 -0.148438 -0.323020 0.403478 -0.288606
-0.137207 0.156982 -0.146606 -0.266770 0.305220 -0.285046
-0.106445 0.082397 -0.123413 -0.206961 0.160205 -0.239951
-0.060791 0.032349 -0.094849 -0.118195 0.062895 -0.184413
-0.006836 0.000366 -0.076294 -0.013291 0.000712 -0.148338
0.031616 -0.019043 -0.080933 0.061471 -0.037025 -0.157357
0.059570 -0.028687 -0.085327 0.115822 -0.055775 -0.165901
0.079468 -0.049316 -0.066040 0.154509 -0.095885 -0.128401
0.082397 -0.057739 -0.047119 0.160205 -0.112262 -0.091613
0.069092 -0.047363 -0.034424 0.134335 -0.092088 -0.066930
0.056641 -0.021606 -0.027710 0.110126 -0.042009 -0.053876
0.046753 -0.006226 -0.042236 0.090901 -0.012104 -0.082120
0.041016 -0.012695 -0.040039 0.079746 -0.024683 -0.077848
0.038330 -0.002930 -0.016479 0.074525 -0.005696 -0.032041
0.033813 0.011719 -0.011475 0.065743 0.022785 -0.022310
0.025146 0.001709 -0.004639 0.048892 0.003323 -0.009019
0.026855 0.006958 -0.011108 0.052215 0.013528 -0.021598
0.014526 0.008423 -0.052002 0.028243 0.016376 -0.101107
-0.005127 0.007446 -0.092896 -0.009968 0.014478 -0.180616
-0.011597 0.021484 -0.121826 -0.022547 0.041772 -0.236866
-0.033813 0.038208 -0.170288 -0.065743 0.074288 -0.331090
-0.054688 0.036499 -0.198608 -0.106328 0.070965 -0.386153
-0.050049 0.016602 -0.177246 -0.097310 0.032278 -0.344618
-0.054077 0.012207 -0.138550 -0.105142 0.023734 -0.269381
-0.065186 0.010376 -0.136230 -0.126740 0.020174 -0.264872
-0.063110 -0.001221 -0.139282 -0.122705 -0.002373 -0.270805
-0.047485 0.015137 -0.149780 -0.092325 0.029430 -0.291217
-0.032471 0.016846 -0.158081 -0.063133 0.032753 -0.307356
-0.038940 0.021362 -0.165527 -0.075712 0.041535 -0.321833
-0.034546 0.026611 -0.146851 -0.067167 0.051740 -0.285520
-0.024414 0.025391 -0.129150 -0.047468 0.049367 -0.251106
-0.015503 0.016235 -0.120117 -0.030142 0.031566 -0.233543
-0.012939 0.012451 -0.110718 -0.025158 0.024209 -0.215268
-0.005615 0.014893 -0.105103 -0.010918 0.028956 -0.204350
0.000000 0.008423 -0.104492 0.000000 0.016376 -0.203163
-0.011719 0.009155 -0.119751 -0.022785 0.017801 -0.232831
-0.021729 0.005981 -0.125122 -0.042247 0.011630 -0.243274
-0.013062 0.005981 -0.114502 -0.025395 0.011630 -0.222625
-0.005127 -0.002075 -0.114868 -0.009968 -0.004035 -0.223337
0.001465 -0.010986 -0.129761 0.002848 -0.021361 -0.252293
0.010132 -0.020264 -0.137573 0.019699 -0.039398 -0.267482
0.007813 -0.012573 -0.141479 0.015190 -0.024446 -0.275077
0.002197 0.002930 -0.148071 0.004272 0.005696 -0.287894
