-0.208862 0.294189 -0.132324 -0.406089 0.571990 -0.257277
-0.147461 0.160767 -0.169312 -0.286707 0.312577 -0.329191
-0.150513 -0.213013 -0.151001 -0.292641 -0.414159 -0.293590
-0.115112 -0.228149 -0.091553 -0.223812 -0.443589 -0.178005
-0.175171 -0.138550 -0.111206 -0.340583 -0.269381 -0.216217
-0.013184 -0.124023 -0.148438 -0.025633 -0.241138 -0.288606
0.144775 -0.177979 -0.285278 0.281486 -0.346042 -0.554664
0.179565 -0.302734 -0.657715 0.349128 -0.588604 -1.278789
0.170410 -0.275269 -1.212646 0.331327 -0.535202 -2.357738
0.043091 -0.109619 -1.573242 0.083781 -0.213132 -3.058842
0.015137 0.012695 -1.716797 0.029430 0.024683 -3.337954
0.007935 0.169678 -1.845337 0.015427 0.329903 -3.587873
0.013428 0.204834 -1.719727 0.026107 0.398257 -3.343650
0.135254 0.010986 -1.291992 0.262973 0.021361 -2.512010
0.177734 -0.119995 -0.875122 0.345567 -0.233305 -1.701493
0.168701 -0.228516 -0.560913 0.328004 -0.444301 -1.090579
0.148804 -0.315063 -0.348999 0.289318 -0.612575 -0.678556
0.149414 -0.401245 -0.201294 0.290505 -0.780138 -0.391374
0.104614 -0.447388 -0.071411 0.203401 -0.869852 -0.138844
-0.083618 -0.384033 0.017700 -0.162578 -0.746673 0.034414
-0.370972 -0.279175 0.026123 -0.721277 -0.542797 0.050791
-0.728760 -0.166626 -0.104614 -1.416921 -0.323969 -0.203401
-1.066528 -0.075439 -0.193726 -2.073642 -0.146676 -0.376659
-1.360107 -0.047363 -0.191895 -2.644445 -0.092088 -0.373099
-1.574829 0.058472 -0.169922 -3.061927 0.113686 -0.330378
-1.492188 0.351929 -0.100098 -2.901248 0.684252 -0.194619
-1.041260 0.473877 -0.020996 -2.024513 0.921355 -0.040823
-0.614502 0.292603 0.009155 -1.194771 0.568905 0.017801
-0.377075 0.164307 -0.070801 -0.733144 0.319460 -0.137657
-0.239502 0.170898 -0.110718 -0.465662 0.332276 -0.215268
-0.131348 0.178589 -0.069336 -0.255378 0.347229 -0.134809
-0.062866 0.149536 -0.043335 -0.122230 0.290742 -0.084256
-0.028198 0.104736 -0.066284 -0.054826 0.203638 -0.128876
-0.005127 0.049438 -0.085327 -0.009968 0.096123 -0.165901
0.042847 0.017212 -0.055542 0.083306 0.033465 -0.107990
0.096191 -0.000854 -0.019775 0.187024 -0.001661 -0.038449
0.131226 -0.007935 -0.016357 0.255141 -0.015427 -0.031804
0.162598 -0.019531 -0.026367 0.316137 -0.037974 -0.051266
0.165283 -0.020996 -0.044067 0.321359 -0.040823 -0.085680
0.129395 -0.005005 -0.064697 0.251581 -0.009731 -0.125790
0.100952 0.010864 -0.063965 0.196280 0.021123 -0.124366
0.072510 0.027588 -0.042358 0.140980 0.053639 -0.082357
0.054565 0.036255 -0.032349 0.106091 0.070490 -0.062895
0.041260 0.032715 -0.043213 0.080221 0.063607 -0.084018
0.034058 0.039429 -0.057739 0.066218 0.076661 -0.112262
0.027832 0.058105 -0.058228 0.054114 0.112974 -0.113211
0.031860 0.055908 -0.058350 0.061946 0.108702 -0.113449
0.033081 0.041504 -0.070435 0.064319 0.080696 -0.136945
0.026611 0.042725 -0.087646 0.051740 0.083069 -0.170410
0.015137 0.030518 -0.097534 0.029430 0.059335 -0.189635
0.007690 0.026001 -0.092651 0.014952 0.050553 -0.180141
-0.001099 0.024414 -0.086182 -0.002136 0.047468 -0.167562
-0.008179 0.015869 -0.098755 -0.015902 0.030854 -0.192008
-0.008789 0.019531 -0.116089 -0.017089 0.037974 -0.225711
-0.006104 0.003418 -0.106079 -0.011867 0.006646 -0.206249
-0.008301 0.006470 -0.085571 -0.016139 0.012579 -0.166376
-0.003052 0.021484 -0.059570 -0.005934 0.041772 -0.115822
0.003906 0.020508 -0.054077 0.007595 0.039873 -0.105142
0.004883 0.018677 -0.063477 0.009494 0.036313 -0.123417
0.021484 0.025391 -0.053223 0.041772 0.049367 -0.103480
0.033691 0.039673 -0.045044 0.065506 0.077136 -0.087579
0.032715 0.043823 -0.051880 0.063607 0.085205 -0.100870
0.025024 0.041870 -0.052246 0.048655 0.081408 -0.101582
0.020386 0.045044 -0.045532 0.039636 0.087579 -0.088528
0.026245 0.057861 -0.046997 0.051028 0.112499 -0.091376
0.015991 0.060059 -0.061279 0.031092 0.116771 -0.119145
-0.008789 0.044922 -0.063477 -0.017089 0.087341 -0.123417
-0.025757 0.045410 -0.057983 -0.050079 0.088291 -0.112737
-0.017578 0.047363 -0.039917 -0.034177 0.092088 -0.077610
-0.006714 0.059814 -0.039063 -0.013054 0.116297 -0.075949
0.003906 0.063354 -0.074707 0.007595 0.123180 -0.145252
-0.009155 0.071045 -0.124756 -0.017801 0.138132 -0.242562
0.003540 0.068726 -0.132690 0.006883 0.133623 -0.257989
0.007080 0.057617 -0.116699 0.013766 0.112025 -0.226897
0.000244 0.033325 -0.101929 0.000475 0.064794 -0.198179
-0.008179 0.010132 -0.074463 -0.015902 0.019699 -0.144778
0.005371 0.010376 -0.049927 0.010443 0.020174 -0.097072
0.014893 0.001709 -0.046631 0.028956 0.003323 -0.090664
0.025146 0.005981 -0.067871 0.048892 0.011630 -0.131961
0.033691 0.018311 -0.081665 0.065506 0.035601 -0.158781
