-0.230957 0.084839 -0.133911 -0.449048 0.164952 -0.260362
-0.348145 0.178833 -0.132080 -0.676894 0.347704 -0.256802
-0.225464 0.091675 -0.175049 -0.438368 0.178243 -0.340346
-0.115967 0.003906 -0.286377 -0.225473 0.007595 -0.556800
-0.045044 -0.122925 -0.402466 -0.087579 -0.239002 -0.782511
0.031372 -0.277466 -0.485107 0.060996 -0.539474 -0.943190
-0.032471 -0.230347 -0.478394 -0.063133 -0.447861 -0.930137
-0.161743 -0.138672 -0.410400 -0.314476 -0.269619 -0.797938
-0.091187 -0.011353 -0.544067 -0.177293 -0.022073 -1.057826
-0.126099 -0.003418 -0.807007 -0.245173 -0.006646 -1.569057
-0.112549 0.085815 -1.107178 -0.218828 0.166850 -2.152676
-0.013550 0.177979 -1.358276 -0.026345 0.346042 -2.640885
0.073120 0.173828 -1.567261 0.142167 0.337973 -3.047212
0.140869 0.191406 -1.565674 0.273891 0.372150 -3.044127
0.171143 0.210205 -1.419312 0.332751 0.408700 -2.759556
0.255493 0.309448 -1.185547 0.496753 0.601658 -2.305049
0.345215 0.264771 -0.864624 0.671198 0.514791 -1.681081
0.295776 0.181396 -0.578735 0.575076 0.352688 -1.125230
0.231934 0.124146 -0.391113 0.450947 0.241375 -0.760438
0.112793 -0.003174 -0.286865 0.219302 -0.006171 -0.557750
-0.030762 -0.064819 -0.224731 -0.059810 -0.126028 -0.436943
-0.146240 -0.035889 -0.177979 -0.284334 -0.069778 -0.346042
-0.246948 -0.020630 -0.142578 -0.480139 -0.040111 -0.277213
-0.320923 -0.117065 -0.147583 -0.623968 -0.227609 -0.286944
-0.444946 -0.199951 -0.159912 -0.865105 -0.388763 -0.310916
-0.682617 -0.176758 -0.201538 -1.327207 -0.343669 -0.391849
-0.890137 -0.224854 -0.218262 -1.730685 -0.437181 -0.424364
-1.162231 -0.336182 -0.232910 -2.259717 -0.653635 -0.452845
-1.403442 -0.329102 -0.294189 -2.728701 -0.639869 -0.571990
-1.677856 -0.356812 -0.219604 -3.262242 -0.693746 -0.426975
-1.817871 -0.298462 -0.065308 -3.534472 -0.580297 -0.126977
-1.542480 -0.011963 -0.107056 -2.999032 -0.023259 -0.208147
-1.007080 0.092163 -0.225830 -1.958057 0.179192 -0.439080
-0.664429 -0.089111 -0.375000 -1.291843 -0.173258 -0.729109
-0.573608 -0.108032 -0.480347 -1.115262 -0.210046 -0.933934
-0.380005 0.029175 -0.373169 -0.738840 0.056724 -0.725549
-0.183472 0.083740 -0.225952 -0.356722 0.162815 -0.439317
-0.100464 0.010864 -0.232666 -0.195331 0.021123 -0.452371
-0.061035 -0.047852 -0.303589 -0.118670 -0.093037 -0.590265
-0.017578 -0.021484 -0.255737 -0.034177 -0.041772 -0.497228
0.019653 0.074951 -0.111206 0.038212 0.145727 -0.216217
0.044556 0.089844 -0.008301 0.086629 0.174682 -0.016139
0.004150 0.038208 -0.048462 0.008070 0.074288 -0.094224
-0.065796 -0.009399 -0.140869 -0.127926 -0.018275 -0.273891
-0.094604 -0.000244 -0.180542 -0.183939 -0.000475 -0.351026
-0.051636 0.035278 -0.146118 -0.100395 0.068591 -0.284096
-0.038574 0.030518 -0.119141 -0.075000 0.059335 -0.231644
-0.076172 0.013184 -0.136719 -0.148100 0.025633 -0.265821
-0.104858 -0.001099 -0.156616 -0.203875 -0.002136 -0.304508
-0.118896 0.062256 -0.171021 -0.231169 0.121044 -0.332514
-0.053101 0.068359 -0.135620 -0.103243 0.132911 -0.263685
0.023804 0.049683 -0.117676 0.046281 0.096597 -0.228796
0.050415 0.038696 -0.104492 0.098022 0.075237 -0.203163
0.047485 0.029175 -0.083252 0.092325 0.056724 -0.161866
0.017944 0.037109 -0.086182 0.034889 0.072151 -0.167562
-0.005859 0.023560 -0.097412 -0.011392 0.045807 -0.189398
0.002686 -0.000732 -0.098267 0.005221 -0.001424 -0.191059
-0.002075 -0.007202 -0.100098 -0.004035 -0.014003 -0.194619
-0.005005 0.007935 -0.104492 -0.009731 0.015427 -0.203163
-0.007568 0.010498 -0.093872 -0.014715 0.020411 -0.182515
-0.012573 0.011719 -0.100464 -0.024446 0.022785 -0.195331
0.000000 -0.005127 -0.103882 0.000000 -0.009968 -0.201977
0.006104 -0.014282 -0.106445 0.011867 -0.027769 -0.206961
-0.020386 0.004272 -0.113525 -0.039636 0.008307 -0.220726
-0.034302 0.025024 -0.117310 -0.066693 0.048655 -0.228084
-0.027222 0.024536 -0.122925 -0.052927 0.047705 -0.239002
-0.004883 0.017578 -0.132935 -0.009494 0.034177 -0.258464
0.011841 0.010254 -0.134033 0.023022 0.019937 -0.260600
0.007690 -0.004761 -0.128662 0.014952 -0.009256 -0.250157
0.008423 -0.011841 -0.124268 0.016376 -0.023022 -0.241612
0.004272 -0.015381 -0.119141 0.008307 -0.029905 -0.231644
0.017822 -0.012451 -0.103149 0.034652 -0.024209 -0.200553
0.002808 -0.014038 -0.096436 0.005459 -0.027294 -0.187499
-0.024658 -0.005371 -0.113892 -0.047943 -0.010443 -0.221438
-0.018921 -0.014404 -0.119141 -0.036788 -0.028006 -0.231644
-0.010498 0.007324 -0.115234 -0.020411 0.014240 -0.224049
0.011230 0.006836 -0.107666 0.021835 0.013291 -0.209334
0.000854 0.000000 -0.113892 0.001661 0.000000 -0.221438
-0.015381 0.014282 -0.127808 -0.029905 0.027769 -0.248495
-0.028809 0.026611 -0.139404 -0.056012 0.051740 -0.271043
