-0.209717 0.119629 -0.127686 -0.407751 0.232593 -0.248258
-0.167847 -0.030273 -0.189819 -0.326343 -0.058860 -0.369064
-0.031982 -0.123535 -0.201904 -0.062183 -0.240188 -0.392561
0.125366 -0.173462 -0.140503 0.243748 -0.337261 -0.273179
0.249756 -0.261719 -0.112183 0.485598 -0.508858 -0.218116
0.185547 -0.289307 -0.263062 0.360757 -0.562496 -0.511468
0.207031 -0.296509 -0.483154 0.402529 -0.576500 -0.939393
0.125000 -0.215942 -0.769653 0.243036 -0.419855 -1.496431
0.079956 -0.199585 -0.969849 0.155458 -0.388051 -1.885669
-0.013916 -0.023682 -1.151611 -0.027057 -0.046044 -2.239068
-0.063965 0.137207 -1.292358 -0.124366 0.266770 -2.512722
-0.100708 0.272949 -1.335327 -0.195806 0.530693 -2.596265
-0.124390 0.343384 -1.263672 -0.241850 0.667638 -2.456947
-0.109375 0.362427 -1.085693 -0.212657 0.704663 -2.110904
-0.078247 0.301758 -0.816650 -0.152135 0.586705 -1.587806
-0.001465 0.154175 -0.535889 -0.002848 0.299761 -1.041924
0.073486 -0.020996 -0.404541 0.142879 -0.040823 -0.786546
0.103882 -0.173584 -0.361328 0.201977 -0.337498 -0.702527
0.096680 -0.278687 -0.290771 0.187973 -0.541848 -0.565345
0.044312 -0.270020 -0.172485 0.086155 -0.524997 -0.335362
-0.029175 -0.270264 -0.062866 -0.056724 -0.525471 -0.122230
-0.146606 -0.238403 -0.054810 -0.285046 -0.463526 -0.106566
-0.363525 -0.092651 -0.160767 -0.706799 -0.180141 -0.312577
-0.624512 -0.059326 -0.202148 -1.214233 -0.115347 -0.393036
-0.879150 -0.028809 -0.114868 -1.709325 -0.056012 -0.223337
-1.024658 0.011108 -0.002319 -1.992234 0.021598 -0.004509
-0.865723 0.127197 0.076782 -1.683217 0.247309 0.149287
-0.588623 0.224365 0.094849 -1.144455 0.436231 0.184413
-0.346436 0.218872 0.009521 -0.673572 0.425551 0.018513
-0.099731 0.230469 -0.087280 -0.193907 0.448098 -0.169698
0.030762 0.209595 -0.132446 0.059810 0.407513 -0.257514
0.062256 0.205078 -0.164795 0.121044 0.398732 -0.320409
0.041870 0.178467 -0.145874 0.081408 0.346992 -0.283622
0.041870 0.109375 -0.110474 0.081408 0.212657 -0.214793
0.051758 0.068359 -0.091919 0.100632 0.132911 -0.178717
0.061646 0.026245 -0.070679 0.119857 0.051028 -0.137420
0.074829 -0.011963 -0.055054 0.145490 -0.023259 -0.107040
0.078369 -0.033325 -0.041260 0.152372 -0.064794 -0.080221
0.077393 -0.041260 -0.021118 0.150474 -0.080221 -0.041060
0.074951 -0.035645 -0.017700 0.145727 -0.069303 -0.034414
0.051880 0.012329 -0.045654 0.100870 0.023971 -0.088765
0.041870 0.026978 -0.050415 0.081408 0.052452 -0.098022
0.035278 -0.003174 -0.046143 0.068591 -0.006171 -0.089715
0.034790 -0.000122 -0.052246 0.067642 -0.000237 -0.101582
0.040649 0.006226 -0.047974 0.079034 0.012104 -0.093275
0.033203 0.028931 -0.054077 0.064557 0.056250 -0.105142
0.023926 0.062012 -0.060791 0.046519 0.120569 -0.118195
0.017212 0.069702 -0.065552 0.033465 0.135521 -0.127452
0.005615 0.046631 -0.081299 0.010918 0.090664 -0.158069
-0.015991 0.049805 -0.087280 -0.031092 0.096835 -0.169698
-0.033203 0.085693 -0.079224 -0.064557 0.166613 -0.154034
-0.061768 0.097046 -0.075562 -0.120094 0.188686 -0.146914
-0.076538 0.085938 -0.068481 -0.148812 0.167088 -0.133148
-0.070557 0.052124 -0.062378 -0.137183 0.101344 -0.121281
-0.070435 0.005493 -0.061035 -0.136945 0.010680 -0.118670
-0.081421 0.005249 -0.066650 -0.158306 0.010206 -0.129588
-0.103149 0.028076 -0.066040 -0.200553 0.054588 -0.128401
-0.131958 0.060547 -0.077026 -0.256565 0.117721 -0.149762
-0.135986 0.081543 -0.087402 -0.264397 0.158543 -0.169936
-0.131226 0.080078 -0.094727 -0.255141 0.155695 -0.184176
-0.098755 0.073120 -0.103760 -0.192008 0.142167 -0.201739
-0.063721 0.048706 -0.107056 -0.123892 0.094699 -0.208147
-0.039673 0.022827 -0.114746 -0.077136 0.044383 -0.223100
-0.030273 -0.009155 -0.106812 -0.058860 -0.017801 -0.207673
-0.017944 -0.023193 -0.098877 -0.034889 -0.045095 -0.192246
-0.017090 -0.023804 -0.103516 -0.033228 -0.046281 -0.201265
-0.015015 -0.015137 -0.120728 -0.029193 -0.029430 -0.234730
-0.016602 -0.019165 -0.125854 -0.032278 -0.037262 -0.244698
-0.019531 -0.024048 -0.122925 -0.037974 -0.046756 -0.239002
-0.012451 -0.011108 -0.114380 -0.024209 -0.021598 -0.222388
0.001221 -0.000977 -0.100586 0.002373 -0.001899 -0.195568
0.009277 -0.011230 -0.104004 0.018038 -0.021835 -0.202214
0.005127 -0.015503 -0.115845 0.009968 -0.030142 -0.225236
0.001587 -0.001709 -0.114380 0.003085 -0.003323 -0.222388
-0.007446 0.004517 -0.110718 -0.014478 0.008782 -0.215268
-0.005249 0.015869 -0.112915 -0.010206 0.030854 -0.219540
0.005493 0.004761 -0.102295 0.010680 0.009256 -0.198891
0.011963 -0.001831 -0.092407 0.023259 -0.003560 -0.179667
0.014282 0.004517 -0.087280 0.027769 0.008782 -0.169698
0.014038 0.003906 -0.082764 0.027294 0.007595 -0.160917
