0.273193 -0.128296 0.254761 0.531168 -0.249445 0.495329
0.111572 -0.051147 0.162598 0.216929 -0.099446 0.316137
-0.076050 -0.086548 0.068726 -0.147863 -0.168274 0.133623
-0.103760 -0.174194 0.012451 -0.201739 -0.338685 0.024209
-0.209717 -0.298828 -0.061768 -0.407751 -0.581009 -0.120094
-0.382813 -0.647949 -0.134766 -0.744299 -1.259802 -0.262024
-0.688232 -1.038940 -0.250244 -1.338125 -2.020003 -0.486548
-0.595703 -0.957397 -0.560059 -1.158221 -1.861460 -1.088917
-0.349121 0.266968 -1.397827 -0.678793 0.519063 -2.717784
-0.375854 0.854004 -2.057373 -0.730771 1.660433 -4.000133
-0.483765 1.674805 -2.433105 -0.940580 3.256309 -4.730667
-0.486450 2.639038 -2.704590 -0.945801 5.131060 -5.258512
-0.133057 0.754150 -1.696289 -0.258701 1.466288 -3.298081
0.076782 0.240601 -0.788452 0.149287 0.467798 -1.532981
0.033569 0.169800 -0.264160 0.065269 0.330140 -0.513604
0.234253 0.064697 -0.016357 0.455456 0.125790 -0.031804
0.428955 -0.328125 0.115601 0.834014 -0.637971 0.224761
0.300537 -0.971313 0.276978 0.584332 -1.888517 0.538525
-0.153320 -0.998901 0.396484 -0.298099 -1.942156 0.770881
-0.456787 -0.044556 0.314697 -0.888127 -0.086629 0.611863
-0.904419 0.748657 0.296143 -1.758454 1.455608 0.575788
-2.479370 0.507935 0.057495 -4.820619 0.987573 0.111787
-2.853638 0.690674 0.053345 -5.548304 1.342871 0.103718
-0.991089 0.276001 0.149536 -1.926966 0.536626 0.290742
-0.098511 -0.140869 -0.108154 -0.191534 -0.273891 -0.210283
0.146362 -0.047974 -0.382202 0.284571 -0.093275 -0.743112
0.322144 0.199707 -0.291992 0.626341 0.388289 -0.567718
0.341797 0.319580 -0.098511 0.664553 0.621357 -0.191534
0.301880 0.158203 0.002075 0.586943 0.307593 0.004035
0.127563 -0.015137 0.009155 0.248021 -0.029430 0.017801
0.088623 0.079468 -0.032959 0.172309 0.154509 -0.064082
0.131714 0.154785 0.000366 0.256090 0.300947 0.000712
0.130493 0.132568 0.005371 0.253717 0.257752 0.010443
0.100342 0.065918 -0.069580 0.195094 0.128164 -0.135284
0.052124 0.011597 -0.147095 0.101344 0.022547 -0.285995
0.054810 0.066650 -0.105957 0.106566 0.129588 -0.206011
0.028687 0.124268 -0.018555 0.055775 0.241612 -0.036076
-0.044678 0.093872 -0.054688 -0.086867 0.182515 -0.106328
-0.016724 0.039795 -0.102417 -0.032516 0.077373 -0.199128
0.035889 -0.016724 -0.083618 0.069778 -0.032516 -0.162578
0.033447 -0.021118 -0.042847 0.065031 -0.041060 -0.083306
0.003784 0.040527 -0.035034 0.007358 0.078797 -0.068117
0.012939 0.030151 -0.072876 0.025158 0.058623 -0.141692
0.086792 -0.053833 -0.119019 0.168749 -0.104667 -0.231407
0.042480 -0.106689 -0.156616 0.082594 -0.207435 -0.304508
-0.015015 -0.043823 -0.148315 -0.029193 -0.085205 -0.288368
0.014038 -0.010498 -0.107056 0.027294 -0.020411 -0.208147
0.087524 0.016113 -0.109741 0.170173 0.031329 -0.213369
0.130981 0.003784 -0.111084 0.254666 0.007358 -0.215980
0.078003 -0.003662 -0.116943 0.151660 -0.007120 -0.227372
0.023438 0.052734 -0.137207 0.045569 0.102531 -0.266770
-0.007690 0.005493 -0.147705 -0.014952 0.010680 -0.287182
0.032104 -0.106934 -0.156494 0.062420 -0.207910 -0.304270
0.056519 -0.199707 -0.185791 0.109889 -0.388289 -0.361232
0.062744 -0.156860 -0.177246 0.121993 -0.304982 -0.344618
0.008301 0.026245 -0.105835 0.016139 0.051028 -0.205774
-0.056396 0.002686 -0.091797 -0.109651 0.005221 -0.178480
-0.062500 -0.054688 -0.125977 -0.121518 -0.106328 -0.244935
-0.021729 -0.013306 -0.147705 -0.042247 -0.025870 -0.287182
0.009277 0.035767 -0.134033 0.018038 0.069541 -0.260600
-0.016357 0.040161 -0.111816 -0.031804 0.078085 -0.217404
-0.044556 0.041260 -0.111816 -0.086629 0.080221 -0.217404
-0.074463 0.054321 -0.122925 -0.144778 0.105616 -0.239002
-0.088013 0.025513 -0.126587 -0.171122 0.049604 -0.246122
-0.036621 0.036011 -0.114624 -0.071202 0.070015 -0.222863
-0.007935 0.046021 -0.124756 -0.015427 0.089477 -0.242562
0.023560 0.023560 -0.136963 0.045807 0.045807 -0.266296
0.006348 0.033691 -0.126831 0.012342 0.065506 -0.246597
0.004272 -0.002563 -0.107666 0.008307 -0.004984 -0.209334
-0.019409 -0.017700 -0.120239 -0.037737 -0.034414 -0.233780
-0.034668 0.008789 -0.123413 -0.067405 0.017089 -0.239951
0.000244 0.014648 -0.115356 0.000475 0.028481 -0.224287
0.024780 0.035400 -0.112427 0.048180 0.068829 -0.218590
0.001831 0.038452 -0.119873 0.003560 0.074762 -0.233068
-0.031738 -0.003784 -0.136841 -0.061708 -0.007358 -0.266058
-0.022705 0.008423 -0.137695 -0.044145 0.016376 -0.267720
0.000977 0.024414 -0.130981 0.001899 0.047468 -0.254666
-0.001953 0.020386 -0.127441 -0.003797 0.039636 -0.247783
-0.023560 0.005127 -0.135986 -0.045807 0.009968 -0.264397
-0.039307 0.007690 -0.135254 -0.076424 0.014952 -0.262973
