-0.075439 0.049316 -0.213013 -0.146676 0.095885 -0.414159
-0.087402 0.111694 -0.323730 -0.169936 0.217166 -0.629426
-0.087280 0.123169 -0.396606 -0.169698 0.239476 -0.771119
-0.046143 0.110718 -0.342529 -0.089715 0.215268 -0.665977
-0.011841 -0.027222 -0.187744 -0.023022 -0.052927 -0.365029
-0.029053 -0.149292 -0.006592 -0.056487 -0.290267 -0.012816
-0.081909 -0.213867 0.092407 -0.159255 -0.415820 0.179667
-0.098511 -0.230347 0.077026 -0.191534 -0.447861 0.149762
-0.112427 -0.307129 0.002930 -0.218590 -0.597148 0.005696
-0.036865 -0.256714 -0.032349 -0.071677 -0.499127 -0.062895
0.000854 -0.246948 -0.254150 0.001661 -0.480139 -0.494142
0.048218 -0.210571 -0.520142 0.093749 -0.409412 -1.011307
0.055542 -0.128174 -0.822021 0.107990 -0.249207 -1.598249
0.048584 -0.014893 -1.046875 0.094461 -0.028956 -2.035430
0.130859 0.115112 -1.217285 0.254429 0.223812 -2.366757
0.262329 0.118774 -1.313965 0.510044 0.230932 -2.554731
0.241699 0.050903 -1.320190 0.469934 0.098971 -2.566835
0.301880 0.026733 -1.250732 0.586943 0.051978 -2.431788
0.391479 -0.000488 -1.137573 0.761150 -0.000949 -2.211774
0.466919 -0.042480 -1.008301 0.907827 -0.082594 -1.960431
0.540039 -0.018188 -0.836182 1.049993 -0.035364 -1.625781
0.534180 0.033203 -0.677979 1.038601 0.064557 -1.318188
0.467041 0.030640 -0.553711 0.908064 0.059572 -1.076576
0.382080 -0.002319 -0.411255 0.742875 -0.004509 -0.799599
0.259644 0.031860 -0.300049 0.504823 0.061946 -0.583382
0.126709 0.053223 -0.213135 0.246359 0.103480 -0.414396
0.007080 0.017212 -0.151245 0.013766 0.033465 -0.294065
-0.229614 -0.002441 -0.176270 -0.446437 -0.004747 -0.342719
-0.672363 -0.126343 -0.208374 -1.307270 -0.245647 -0.405140
-1.155762 -0.105225 -0.236206 -2.247138 -0.204587 -0.459253
-1.519531 0.083984 -0.133179 -2.954412 0.163290 -0.258938
-1.732666 0.112549 -0.069336 -3.368808 0.218828 -0.134809
-1.313721 0.032959 -0.129272 -2.554256 0.064082 -0.251343
-0.574097 -0.032349 -0.240479 -1.116211 -0.062895 -0.467560
-0.229736 -0.131226 -0.318237 -0.446674 -0.255141 -0.618746
-0.031250 -0.117676 -0.265137 -0.060759 -0.228796 -0.515503
0.004639 -0.101196 -0.152222 0.009019 -0.196755 -0.295963
-0.015381 -0.067017 -0.033813 -0.029905 -0.130300 -0.065743
0.016357 -0.024048 0.063599 0.031804 -0.046756 0.123654
0.027100 -0.032837 0.068848 0.052690 -0.063845 0.133860
0.016968 -0.007690 -0.005371 0.032990 -0.014952 -0.010443
-0.008911 0.042236 -0.092163 -0.017326 0.082120 -0.179192
-0.009644 0.080322 -0.139893 -0.018750 0.156170 -0.271992
-0.026123 0.066895 -0.127808 -0.050791 0.130062 -0.248495
-0.059692 0.091797 -0.118408 -0.116059 0.178480 -0.230220
-0.073975 0.122314 -0.107422 -0.143828 0.237815 -0.208859
-0.064453 0.131958 -0.111328 -0.125316 0.256565 -0.216454
-0.014038 0.126465 -0.113281 -0.027294 0.245885 -0.220252
0.032837 0.133301 -0.120850 0.063845 0.259176 -0.234967
0.058105 0.126587 -0.128784 0.112974 0.246122 -0.250394
0.068726 0.106445 -0.137451 0.133623 0.206961 -0.267245
0.056763 0.085327 -0.146973 0.110363 0.165901 -0.285758
0.039551 0.055420 -0.141357 0.076898 0.107752 -0.274840
0.028198 0.025146 -0.114502 0.054826 0.048892 -0.222625
0.016235 0.003906 -0.081299 0.031566 0.007595 -0.158069
-0.012695 -0.007202 -0.068604 -0.024683 -0.014003 -0.133385
-0.026001 -0.013672 -0.058228 -0.050553 -0.026582 -0.113211
-0.024780 -0.000732 -0.061401 -0.048180 -0.001424 -0.119382
-0.003540 0.025024 -0.087158 -0.006883 0.048655 -0.169461
0.010864 0.022461 -0.101563 0.021123 0.043671 -0.197467
0.003662 0.033325 -0.075562 0.007120 0.064794 -0.146914
-0.020142 0.060913 -0.078857 -0.039161 0.118433 -0.153322
-0.039917 0.049316 -0.105713 -0.077610 0.095885 -0.205537
-0.045776 0.049316 -0.114502 -0.089003 0.095885 -0.222625
-0.033813 0.034180 -0.087891 -0.065743 0.066455 -0.170885
-0.020020 0.006470 -0.065063 -0.038924 0.012579 -0.126502
-0.018677 -0.000977 -0.072021 -0.036313 -0.001899 -0.140031
-0.019775 0.008179 -0.099854 -0.038449 0.015902 -0.194144
-0.012451 0.020996 -0.130981 -0.024209 0.040823 -0.254666
0.002319 0.029541 -0.136719 0.004509 0.057436 -0.265821
0.004028 0.030640 -0.122314 0.007832 0.059572 -0.237815
-0.004883 0.032349 -0.115112 -0.009494 0.062895 -0.223812
-0.012451 0.037720 -0.105591 -0.024209 0.073338 -0.205299
-0.018311 0.032349 -0.087036 -0.035601 0.062895 -0.169224
-0.012817 0.017822 -0.062866 -0.024921 0.034652 -0.122230
-0.012817 -0.000244 -0.034546 -0.024921 -0.000475 -0.067167
-0.013184 -0.012695 -0.023804 -0.025633 -0.024683 -0.046281
-0.014282 -0.008423 -0.024048 -0.027769 -0.016376 -0.046756
-0.008789 0.005981 -0.038940 -0.017089 0.011630 -0.075712
0.019653 0.015869 -0.073853 0.038212 0.030854 -0.143591
