-0.123413 -0.338135 0.044800 -0.239951 -0.657433 0.087104
-0.229614 -0.034912 -0.072388 -0.446437 -0.067879 -0.140743
-0.083740 0.037720 -0.038452 -0.162815 0.073338 -0.074762
-0.152710 0.060181 -0.046387 -0.296913 0.117009 -0.090189
-0.265381 0.039917 -0.058105 -0.515978 0.077610 -0.112974
-0.296997 -0.199951 0.084351 -0.577449 -0.388763 0.164002
-0.037476 -0.833618 -0.309448 -0.072863 -1.620797 -0.601658
0.145996 -1.321777 -0.788330 0.283859 -2.569921 -1.532744
0.218628 -0.830688 -1.353394 0.425076 -1.615101 -2.631392
0.038452 -0.435059 -1.751953 0.074762 -0.845881 -3.406308
-0.291382 0.344727 -2.229004 -0.566531 0.670249 -4.333834
-0.407227 1.538330 -2.794800 -0.791767 2.990962 -5.433906
-0.285767 2.659912 -3.230103 -0.555614 5.171645 -6.280261
0.175049 0.912598 -2.246582 0.340346 1.774356 -4.368011
0.401123 0.314941 -1.223633 0.779900 0.612338 -2.379099
0.244873 0.163940 -0.535645 0.476105 0.318748 -1.041449
0.066040 -0.095947 -0.024902 0.128401 -0.186549 -0.048417
-0.047974 -0.390015 0.306274 -0.093275 -0.758302 0.595487
-0.033081 -0.444580 0.514404 -0.064319 -0.864393 1.000152
-0.106567 -0.236572 0.660889 -0.207198 -0.459965 1.284960
-0.485596 -0.237427 0.859741 -0.944140 -0.461627 1.671588
-1.073608 -0.457642 0.820068 -2.087408 -0.889789 1.594452
-1.608276 -0.472290 0.394287 -3.126958 -0.918270 0.766609
-1.751953 0.007568 -0.161865 -3.406308 0.014715 -0.314713
-1.635986 0.100586 -0.410400 -3.180835 0.195568 -0.797938
-1.165771 -0.085449 -0.443115 -2.266600 -0.166138 -0.861545
-0.600830 -0.167969 -0.248291 -1.168189 -0.326580 -0.482750
-0.241699 -0.222412 -0.056519 -0.469934 -0.432434 -0.109889
-0.046753 -0.064453 -0.009644 -0.090901 -0.125316 -0.018750
0.095093 0.166504 -0.023682 0.184888 0.323732 -0.046044
0.163696 0.162598 -0.008301 0.318273 0.316137 -0.016139
0.189941 0.022217 -0.027222 0.369301 0.043196 -0.052927
0.236694 -0.096191 -0.106689 0.460203 -0.187024 -0.207435
0.288940 -0.049805 -0.134277 0.561784 -0.096835 -0.261074
0.192139 0.005493 -0.079346 0.373574 0.010680 -0.154271
0.040161 0.073975 -0.019897 0.078085 0.143828 -0.038686
0.003906 0.087646 -0.018555 0.007595 0.170410 -0.036076
0.036743 0.048096 -0.037109 0.071439 0.093512 -0.072151
0.017456 0.072021 -0.039551 0.033940 0.140031 -0.076898
-0.025513 0.079102 -0.031616 -0.049604 0.153797 -0.061471
-0.057251 0.042358 -0.041748 -0.111313 0.082357 -0.081170
-0.077026 -0.056396 -0.063477 -0.149762 -0.109651 -0.123417
-0.084473 -0.145142 -0.104736 -0.164239 -0.282198 -0.203638
-0.072021 -0.229858 -0.139648 -0.140031 -0.446912 -0.271517
-0.058594 -0.167480 -0.112671 -0.113923 -0.325631 -0.219065
0.003540 -0.074829 -0.065674 0.006883 -0.145490 -0.127689
0.039551 -0.094360 -0.049683 0.076898 -0.183464 -0.096597
0.038208 -0.088013 -0.062622 0.074288 -0.171122 -0.121756
-0.015991 -0.028320 -0.074707 -0.031092 -0.055063 -0.145252
-0.057373 0.034302 -0.080566 -0.111550 0.066693 -0.156645
-0.033203 0.049194 -0.099609 -0.064557 0.095648 -0.193670
0.010742 0.041870 -0.145142 0.020886 0.081408 -0.282198
0.018555 0.008057 -0.144287 0.036076 0.015664 -0.280536
-0.006836 0.017334 -0.102905 -0.013291 0.033702 -0.200078
-0.042725 0.010254 -0.085205 -0.083069 0.019937 -0.165664
-0.043579 0.005371 -0.099854 -0.084730 0.010443 -0.194144
-0.019653 0.010010 -0.134766 -0.038212 0.019462 -0.262024
-0.010376 0.014282 -0.144043 -0.020174 0.027769 -0.280062
-0.017578 0.030884 -0.136475 -0.034177 0.060047 -0.265346
-0.017700 0.020630 -0.130249 -0.034414 0.040111 -0.253242
-0.001953 0.021729 -0.135376 -0.003797 0.042247 -0.263210
-0.000977 0.019897 -0.133667 -0.001899 0.038686 -0.259888
-0.016968 0.028687 -0.130249 -0.032990 0.055775 -0.253242
-0.017700 0.033936 -0.128540 -0.034414 0.065981 -0.249919
-0.001221 0.031860 -0.129517 -0.002373 0.061946 -0.251818
0.008545 0.037598 -0.133789 0.016614 0.073101 -0.260125
-0.004272 0.040283 -0.125244 -0.008307 0.078322 -0.243511
-0.011475 0.019897 -0.130127 -0.022310 0.038686 -0.253005
-0.009766 0.016968 -0.140015 -0.018987 0.032990 -0.272229
-0.005615 0.024658 -0.135010 -0.010918 0.047943 -0.262498
-0.001465 0.032593 -0.138794 -0.002848 0.063370 -0.269856
0.005005 0.028320 -0.145386 0.009731 0.055063 -0.282672
-0.011353 0.014160 -0.136597 -0.022073 0.027531 -0.265584
-0.035522 -0.000854 -0.123901 -0.069066 -0.001661 -0.240900
-0.027954 0.000854 -0.126587 -0.054351 0.001661 -0.246122
-0.016602 -0.031128 -0.128540 -0.032278 -0.060522 -0.249919
-0.016602 -0.019653 -0.132324 -0.032278 -0.038212 -0.257277
-0.023560 0.004883 -0.140625 -0.045807 0.009494 -0.273416
0.003052 0.032715 -0.159058 0.005934 0.063607 -0.309254
0.008423 0.025879 -0.141235 0.016376 0.050316 -0.274603
