-0.120728 0.050537 -0.027710 -0.234730 0.098259 -0.053876
-0.022583 0.091187 -0.153809 -0.043908 0.177293 -0.299049
0.047363 0.021606 -0.081055 0.092088 0.042009 -0.157594
-0.056396 -0.234497 0.005737 -0.109651 -0.455931 0.011155
-0.009399 -0.111084 -0.001831 -0.018275 -0.215980 -0.003560
0.061768 0.237793 -0.010620 0.120094 0.462339 -0.020649
-0.026367 0.207764 -0.006226 -0.051266 0.403953 -0.012104
0.038940 0.097778 -0.253906 0.075712 0.190110 -0.493668
0.130737 -0.129883 -0.644043 0.254191 -0.252530 -1.252207
0.070190 -0.075806 -1.076294 0.136471 -0.147388 -2.092629
-0.067139 -0.046265 -1.405762 -0.130537 -0.089952 -2.733211
-0.046265 0.023682 -1.712280 -0.089952 0.046044 -3.329172
0.096802 0.379150 -1.907471 0.188211 0.737179 -3.708679
0.248901 1.026123 -1.628662 0.483937 1.995082 -3.166594
0.258667 0.834473 -0.743774 0.502924 1.622458 -1.446114
0.504761 0.497803 -0.180908 0.981402 0.967874 -0.351738
0.557739 0.328369 -0.101685 1.084408 0.638445 -0.197704
0.743896 0.134766 0.102539 1.446352 0.262024 0.199366
0.720703 -0.215698 0.174683 1.401257 -0.419380 0.339634
0.035278 -0.648193 0.107178 0.068591 -1.260277 0.208385
-0.317749 -0.425903 -0.035400 -0.617797 -0.828080 -0.068829
-0.659180 -0.435425 -0.157593 -1.281638 -0.846593 -0.306406
-1.383057 -0.736450 -0.373657 -2.689065 -1.431874 -0.726499
-1.717651 -0.678101 -0.277222 -3.339615 -1.318425 -0.539000
-1.099731 0.140259 -0.095215 -2.138199 0.272704 -0.185125
-0.357788 0.404663 -0.076904 -0.695644 0.786783 -0.149524
0.104736 0.201294 -0.258789 0.203638 0.391374 -0.503161
0.321655 0.164307 -0.437256 0.625392 0.319460 -0.850153
0.349243 0.217285 -0.324951 0.679031 0.422466 -0.631800
0.152344 0.208496 -0.114014 0.296201 0.405377 -0.221676
0.040405 0.116333 0.059570 0.078560 0.226185 0.115822
0.002808 0.026489 0.013672 0.005459 0.051503 0.026582
0.076538 0.020752 -0.098633 0.148812 0.040348 -0.191771
0.075684 0.068848 -0.102173 0.147151 0.133860 -0.198654
0.054932 0.057739 -0.018311 0.106803 0.112262 -0.035601
0.022095 0.020996 -0.001099 0.042959 0.040823 -0.002136
-0.014282 -0.044434 -0.052246 -0.027769 -0.086392 -0.101582
-0.011230 -0.047119 -0.092651 -0.021835 -0.091613 -0.180141
-0.005005 0.023804 -0.077881 -0.009731 0.046281 -0.151423
-0.001709 0.035400 -0.053223 -0.003323 0.068829 -0.103480
-0.002930 0.059570 -0.057251 -0.005696 0.115822 -0.111313
-0.012329 0.050049 -0.061646 -0.023971 0.097310 -0.119857
-0.005859 0.000366 -0.093506 -0.011392 0.000712 -0.181803
-0.005127 -0.015503 -0.085693 -0.009968 -0.030142 -0.166613
-0.028809 0.038940 -0.056519 -0.056012 0.075712 -0.109889
-0.049438 0.047241 -0.044434 -0.096123 0.091851 -0.086392
-0.033447 0.052612 -0.041870 -0.065031 0.102294 -0.081408
0.012817 0.012329 -0.098999 0.024921 0.023971 -0.192483
0.041138 -0.029297 -0.171631 0.079984 -0.056962 -0.333700
0.042236 -0.011230 -0.178101 0.082120 -0.021835 -0.346279
-0.011230 0.049194 -0.119629 -0.021835 0.095648 -0.232593
-0.058960 0.061646 -0.063477 -0.114635 0.119857 -0.123417
-0.040039 0.025024 -0.080688 -0.077848 0.048655 -0.156882
0.008545 -0.033203 -0.043945 0.016614 -0.064557 -0.085443
0.056274 0.031860 0.046997 0.109414 0.061946 0.091376
0.004639 0.079956 0.034790 0.009019 0.155458 0.067642
-0.072266 0.062622 -0.026489 -0.140505 0.121756 -0.051503
-0.079102 0.057373 -0.107666 -0.153797 0.111550 -0.209334
-0.043335 0.020630 -0.165405 -0.084256 0.040111 -0.321596
0.005005 -0.023804 -0.171875 0.009731 -0.046281 -0.334175
-0.006470 0.040894 -0.207397 -0.012579 0.079509 -0.403241
-0.022339 0.063110 -0.196045 -0.043433 0.122705 -0.381168
-0.025513 -0.010132 -0.108398 -0.049604 -0.019699 -0.210758
0.050903 -0.031372 -0.096558 0.098971 -0.060996 -0.187736
0.148438 0.030151 -0.132813 0.288606 0.058623 -0.258226
0.095215 0.049438 -0.123779 0.185125 0.096123 -0.240663
0.018188 -0.050415 -0.149658 0.035364 -0.098022 -0.290979
-0.036255 -0.051270 -0.161621 -0.070490 -0.099683 -0.314239
0.050903 0.032959 -0.182861 0.098971 0.064082 -0.355536
0.065674 -0.044189 -0.225708 0.127689 -0.085917 -0.438842
0.060425 -0.130981 -0.224121 0.117483 -0.254666 -0.435757
0.041138 -0.181519 -0.171143 0.079984 -0.352925 -0.332751
0.109253 -0.252686 -0.084351 0.212420 -0.491294 -0.164002
0.071045 -0.076172 -0.256836 0.138132 -0.148100 -0.499364
-0.034180 -0.088379 -0.155029 -0.066455 -0.171834 -0.301422
0.054321 -0.046509 -0.062622 0.105616 -0.090427 -0.121756
0.034180 0.004639 -0.150024 0.066455 0.009019 -0.291691
0.024292 -0.134155 -0.219849 0.047231 -0.260837 -0.427450
0.035156 -0.166748 -0.069458 0.068354 -0.324207 -0.135047
-0.074951 -0.029297 -0.039185 -0.145727 -0.056962 -0.076186
