-0.069458 0.281982 -0.125000 -0.135047 0.548256 -0.243036
-0.081299 0.252808 -0.188110 -0.158069 0.491532 -0.365741
-0.035156 0.065674 -0.081421 -0.068354 0.127689 -0.158306
0.064941 -0.050781 0.063843 0.126265 -0.098734 0.124129
0.069092 -0.236572 0.175415 0.134335 -0.459965 0.341058
0.058350 -0.468018 0.189087 0.113449 -0.909963 0.367640
-0.051147 -0.538940 -0.044556 -0.099446 -1.047857 -0.086629
0.142334 -0.419678 -0.297729 0.276739 -0.815976 -0.578873
0.065552 -0.272583 -0.748291 0.127452 -0.529981 -1.454896
-0.027100 -0.110840 -1.166138 -0.052690 -0.215505 -2.267312
-0.096802 0.029175 -1.393311 -0.188211 0.056724 -2.709002
-0.173218 0.148438 -1.462158 -0.336786 0.288606 -2.842862
-0.233887 0.202637 -1.420776 -0.454744 0.393985 -2.762403
-0.173584 0.204834 -1.278687 -0.337498 0.398257 -2.486140
-0.079102 0.068726 -1.042236 -0.153797 0.133623 -2.026411
0.033203 -0.110352 -0.753906 0.064557 -0.214556 -1.465814
0.110596 -0.239502 -0.521118 0.215030 -0.465662 -1.013206
0.082397 -0.354126 -0.421631 0.160205 -0.688524 -0.819773
0.051025 -0.402466 -0.344238 0.099208 -0.782511 -0.669300
-0.029419 -0.311401 -0.244873 -0.057199 -0.605455 -0.476105
-0.134399 -0.218994 -0.137085 -0.261312 -0.425788 -0.266533
-0.262817 -0.225952 -0.050293 -0.510994 -0.439317 -0.097784
-0.430298 -0.230713 -0.007568 -0.836625 -0.448573 -0.014715
-0.689331 -0.204956 0.062256 -1.340261 -0.398494 0.121044
-1.020142 -0.076050 0.214355 -1.983453 -0.147863 0.416770
-1.278320 0.144409 0.420410 -2.485427 0.280774 0.817400
-1.468628 0.401611 0.465454 -2.855441 0.780850 0.904979
-1.325684 0.552246 0.361450 -2.577516 1.073727 0.702765
-0.892212 0.444336 0.114258 -1.734720 0.863919 0.222151
-0.454956 0.151855 -0.061523 -0.884567 0.295251 -0.119620
-0.206299 0.050293 -0.119263 -0.401105 0.097784 -0.231881
-0.057373 0.056519 -0.130005 -0.111550 0.109889 -0.252767
0.017578 0.032959 -0.129761 0.034177 0.064082 -0.252293
0.080933 -0.013550 -0.115479 0.157357 -0.026345 -0.224524
0.095337 -0.071655 -0.119873 0.185363 -0.139319 -0.233068
0.065552 -0.076904 -0.124390 0.127452 -0.149524 -0.241850
0.025146 -0.008545 -0.117676 0.048892 -0.016614 -0.228796
0.029541 0.003662 -0.119385 0.057436 0.007120 -0.232119
0.061523 -0.032837 -0.119385 0.119620 -0.063845 -0.232119
0.090820 -0.033447 -0.104248 0.176581 -0.065031 -0.202689
0.100708 -0.031006 -0.080322 0.195806 -0.060284 -0.156170
0.084106 -0.024414 -0.069580 0.163527 -0.047468 -0.135284
0.058716 -0.022949 -0.069214 0.114161 -0.044620 -0.134572
0.041138 -0.021484 -0.088745 0.079984 -0.041772 -0.172546
0.028076 -0.028687 -0.090698 0.054588 -0.055775 -0.176344
0.026978 -0.020142 -0.065430 0.052452 -0.039161 -0.127214
0.012695 0.003174 -0.068115 0.024683 0.006171 -0.132436
0.007568 0.005249 -0.094727 0.014715 0.010206 -0.184176
0.012085 0.017212 -0.127319 0.023497 0.033465 -0.247546
0.015137 0.025269 -0.138428 0.029430 0.049129 -0.269144
-0.006958 0.036499 -0.143799 -0.013528 0.070965 -0.279587
-0.016235 0.037109 -0.139893 -0.031566 0.072151 -0.271992
-0.014771 0.035767 -0.130615 -0.028718 0.069541 -0.253954
-0.019531 0.029663 -0.128540 -0.037974 0.057674 -0.249919
-0.014771 0.028198 -0.134644 -0.028718 0.054826 -0.261786
0.007202 0.013672 -0.108765 0.014003 0.026582 -0.211470
0.016357 0.008789 -0.086060 0.031804 0.017089 -0.167325
0.013916 0.014893 -0.080688 0.027057 0.028956 -0.156882
0.016724 0.024048 -0.104736 0.032516 0.046756 -0.203638
0.017090 0.034912 -0.138428 0.033228 0.067879 -0.269144
0.017212 0.049561 -0.153320 0.033465 0.096360 -0.298099
-0.000122 0.058228 -0.170044 -0.000237 0.113211 -0.330615
-0.005493 0.056763 -0.170776 -0.010680 0.110363 -0.332039
0.007813 0.051514 -0.155640 0.015190 0.100158 -0.302609
0.029419 0.016968 -0.137451 0.057199 0.032990 -0.267245
0.040283 0.001587 -0.131958 0.078322 0.003085 -0.256565
0.027954 0.008423 -0.134644 0.054351 0.016376 -0.261786
-0.000977 0.012573 -0.161011 -0.001899 0.024446 -0.313052
-0.013062 -0.003540 -0.161011 -0.025395 -0.006883 -0.313052
-0.003784 0.002441 -0.138428 -0.007358 0.004747 -0.269144
0.002930 -0.001709 -0.126953 0.005696 -0.003323 -0.246834
-0.016846 -0.000366 -0.130737 -0.032753 -0.000712 -0.254191
-0.015991 0.031616 -0.115723 -0.031092 0.061471 -0.224999
-0.000488 0.067627 -0.107544 -0.000949 0.131487 -0.209097
-0.013550 0.070313 -0.130005 -0.026345 0.136708 -0.252767
-0.013062 0.068481 -0.145020 -0.025395 0.133148 -0.281960
-0.001587 0.062988 -0.134521 -0.003085 0.122468 -0.261549
0.003784 0.061646 -0.125244 0.007358 0.119857 -0.243511
0.016968 0.036743 -0.120850 0.032990 0.071439 -0.234967
0.002075 0.023682 -0.136475 0.004035 0.046044 -0.265346
