0.031982 -0.175659 -0.089111 0.062183 -0.341533 -0.173258
0.001221 -0.104980 -0.160889 0.002373 -0.204113 -0.312815
0.058594 -0.014404 -0.146240 0.113923 -0.028006 -0.284334
0.087280 -0.076416 -0.088867 0.169698 -0.148575 -0.172784
0.050781 -0.236694 0.033569 0.098734 -0.460203 0.065269
-0.080811 -0.320313 0.205566 -0.157119 -0.622781 0.399681
-0.168213 -0.362061 0.260376 -0.327055 -0.703951 0.506247
-0.131470 -0.285278 0.131348 -0.255615 -0.554664 0.255378
-0.038208 -0.223145 -0.140259 -0.074288 -0.433858 -0.272704
0.046631 -0.264648 -0.416626 0.090664 -0.514554 -0.810042
0.047241 -0.286011 -0.699341 0.091851 -0.556088 -1.359722
0.109741 -0.160889 -1.030273 0.213369 -0.312815 -2.003152
0.180664 -0.059204 -1.290283 0.351264 -0.115110 -2.508687
0.225342 0.023438 -1.452148 0.438130 0.045569 -2.823400
0.325073 0.076172 -1.483765 0.632037 0.148100 -2.884871
0.419312 0.030151 -1.361084 0.815264 0.058623 -2.646344
0.572144 0.296143 -1.284668 1.112414 0.575788 -2.497769
0.464844 -0.170654 -0.935547 0.903792 -0.331802 -1.818976
0.421997 -0.173950 -0.707642 0.820485 -0.338210 -1.375862
0.354736 -0.145508 -0.488892 0.689711 -0.282910 -0.950548
0.225830 -0.106567 -0.329834 0.439080 -0.207198 -0.641293
0.119995 -0.074951 -0.223389 0.233305 -0.145727 -0.434333
0.042358 -0.054321 -0.161011 0.082357 -0.105616 -0.313052
-0.036133 -0.062866 -0.103027 -0.070253 -0.122230 -0.200315
-0.174072 -0.059814 -0.071289 -0.338447 -0.116297 -0.138607
-0.346069 -0.052979 -0.066406 -0.672860 -0.103006 -0.129113
-0.591675 -0.015747 -0.106567 -1.150388 -0.030617 -0.207198
-0.891724 0.059448 -0.112427 -1.733771 0.115585 -0.218590
-1.145874 0.151367 -0.057129 -2.227913 0.294302 -0.111075
-1.323608 0.233765 -0.032471 -2.573481 0.454507 -0.063133
-1.266113 0.313721 -0.033936 -2.461694 0.609965 -0.065981
-0.995361 0.297852 0.046387 -1.935273 0.579110 0.090189
-0.588623 0.272217 0.052734 -1.144455 0.529269 0.102531
-0.204468 0.182495 -0.117432 -0.397545 0.354824 -0.228321
-0.020386 0.110596 -0.259888 -0.039636 0.215030 -0.505297
0.076294 0.139771 -0.279419 0.148338 0.271755 -0.543272
0.082397 0.137939 -0.212280 0.160205 0.268195 -0.412735
0.070313 0.088501 -0.106812 0.136708 0.172072 -0.207673
0.098633 0.064209 -0.053101 0.191771 0.124841 -0.103243
0.108887 0.051758 -0.053955 0.211708 0.100632 -0.104904
0.111328 0.067993 -0.089478 0.216454 0.132199 -0.173970
0.114136 0.074463 -0.110474 0.221913 0.144778 -0.214793
0.080200 0.065552 -0.099365 0.155933 0.127452 -0.193195
0.052979 0.063354 -0.075195 0.103006 0.123180 -0.146202
0.028076 0.066528 -0.068115 0.054588 0.129350 -0.132436
0.007813 0.077881 -0.086426 0.015190 0.151423 -0.168037
0.018799 0.092285 -0.108643 0.036550 0.179429 -0.211233
0.026001 0.100220 -0.114990 0.050553 0.194856 -0.223575
0.029175 0.083252 -0.108765 0.056724 0.161866 -0.211470
0.025879 0.046509 -0.111938 0.050316 0.090427 -0.217641
0.042236 0.026001 -0.109131 0.082120 0.050553 -0.212182
0.035767 0.026611 -0.101318 0.069541 0.051740 -0.196992
0.024658 0.019775 -0.085083 0.047943 0.038449 -0.165426
0.010620 0.013672 -0.077271 0.020649 0.026582 -0.150236
0.010132 0.001465 -0.076538 0.019699 0.002848 -0.148812
-0.000854 -0.000244 -0.090332 -0.001661 -0.000475 -0.175632
-0.007813 0.012207 -0.102783 -0.015190 0.023734 -0.199841
-0.011353 0.020386 -0.108887 -0.022073 0.039636 -0.211708
-0.017090 0.006104 -0.107910 -0.033228 0.011867 -0.209809
-0.014893 0.009155 -0.103516 -0.028956 0.017801 -0.201265
-0.021973 0.016479 -0.104492 -0.042721 0.032041 -0.203163
-0.025635 0.018188 -0.111084 -0.049841 0.035364 -0.215980
-0.023193 0.020996 -0.125732 -0.045095 0.040823 -0.244460
-0.019043 0.020508 -0.140259 -0.037025 0.039873 -0.272704
-0.013428 0.021484 -0.145874 -0.026107 0.041772 -0.283622
-0.010498 0.014282 -0.142334 -0.020411 0.027769 -0.276739
-0.004395 0.014893 -0.134033 -0.008544 0.028956 -0.260600
-0.004883 0.022095 -0.135986 -0.009494 0.042959 -0.264397
-0.009033 0.019775 -0.144409 -0.017563 0.038449 -0.280774
-0.012451 0.019653 -0.137817 -0.024209 0.038212 -0.267957
-0.020142 0.019897 -0.125610 -0.039161 0.038686 -0.244223
-0.022583 0.016724 -0.131348 -0.043908 0.032516 -0.255378
-0.025391 0.014526 -0.138184 -0.049367 0.028243 -0.268669
-0.023560 0.025024 -0.138184 -0.045807 0.048655 -0.268669
-0.024414 0.020508 -0.133545 -0.047468 0.039873 -0.259650
-0.025269 0.017456 -0.131226 -0.049129 0.033940 -0.255141
-0.022217 0.017700 -0.117554 -0.043196 0.034414 -0.228559
-0.014038 0.022949 -0.113647 -0.027294 0.044620 -0.220964
-0.008179 0.022949 -0.122681 -0.015902 0.044620 -0.238527
-0.018311 0.019531 -0.123535 -0.035601 0.037974 -0.240188
