-0.019775 0.651489 1.025879 -0.038449 1.266685 1.994608
-0.298828 0.208496 1.157959 -0.581009 0.405377 2.251410
-0.282471 0.260254 0.907593 -0.549205 0.506009 1.764625
-0.180420 0.293335 0.587524 -0.350789 0.570329 1.142319
-0.163330 0.199219 0.362427 -0.317561 0.387339 0.704663
-0.015869 0.058105 0.333252 -0.030854 0.112974 0.647939
0.095581 0.157837 0.244995 0.185837 0.306881 0.476342
-0.032837 -0.020874 0.007080 -0.063845 -0.040585 0.013766
0.065430 0.611084 -0.346069 0.127214 1.188125 -0.672860
-0.128174 0.590942 -0.900513 -0.249207 1.148964 -1.750859
-0.251709 0.341919 -1.317139 -0.489396 0.664790 -2.560902
0.092896 0.171997 -1.854248 0.180616 0.334412 -3.605199
0.213989 -0.212769 -2.391235 0.416058 -0.413684 -4.649259
0.238403 -0.328247 -2.864868 0.463526 -0.638208 -5.570139
0.287231 -0.431152 -2.835205 0.558462 -0.838286 -5.512465
0.410522 -0.302124 -1.904419 0.798175 -0.587417 -3.702746
0.625366 0.099365 -0.875732 1.215894 0.193195 -1.702679
0.581299 0.192871 -0.502808 1.130214 0.374998 -0.977605
0.447144 0.476929 -0.624512 0.869377 0.927288 -1.214233
0.302612 0.769775 -0.553589 0.588367 1.496668 -1.076338
-0.173218 0.463989 -0.327759 -0.336786 0.902130 -0.637259
-0.843872 -0.001099 -0.085449 -1.640733 -0.002136 -0.166138
-1.573975 -0.297607 -0.097290 -3.060266 -0.578636 -0.189160
-2.223999 -0.241821 -0.264526 -4.324103 -0.470171 -0.514316
-2.430542 0.115845 -0.376709 -4.725682 0.225236 -0.732432
-1.993530 0.178955 -0.540283 -3.876004 0.347941 -1.050468
-1.293579 0.192505 -0.715332 -2.515095 0.374286 -1.390814
-0.662720 0.081909 -0.636963 -1.288520 0.159255 -1.238442
-0.202515 -0.046875 -0.360962 -0.393748 -0.091139 -0.701815
0.087158 0.175171 -0.200806 0.169461 0.340583 -0.390425
0.204224 0.320679 -0.120850 0.397070 0.623493 -0.234967
0.163208 0.171143 -0.172119 0.317324 0.332751 -0.334650
0.141602 0.011963 -0.220703 0.275315 0.023259 -0.429111
0.089355 -0.016602 -0.183472 0.173733 -0.032278 -0.356722
0.053589 0.002075 -0.100830 0.104192 0.004035 -0.196043
0.022583 0.029785 -0.052612 0.043908 0.057911 -0.102294
0.031494 -0.005981 -0.069336 0.061234 -0.011630 -0.134809
0.021118 -0.060791 -0.107910 0.041060 -0.118195 -0.209809
0.048584 -0.055542 -0.102783 0.094461 -0.107990 -0.199841
0.067261 -0.017090 -0.099487 0.130774 -0.033228 -0.193432
0.061890 -0.036743 -0.100708 0.120332 -0.071439 -0.195806
0.055908 -0.057617 -0.110718 0.108702 -0.112025 -0.215268
0.035522 -0.026978 -0.123169 0.069066 -0.052452 -0.239476
0.010376 0.020752 -0.107788 0.020174 0.040348 -0.209571
0.000610 0.030518 -0.060913 0.001187 0.059335 -0.118433
0.010986 0.003296 -0.040283 0.021361 0.006408 -0.078322
0.027710 -0.033936 -0.055542 0.053876 -0.065981 -0.107990
0.020508 -0.058716 -0.085327 0.039873 -0.114161 -0.165901
0.018066 -0.098511 -0.113159 0.035126 -0.191534 -0.220014
0.000732 -0.150146 -0.134766 0.001424 -0.291929 -0.262024
-0.006958 -0.104736 -0.145752 -0.013528 -0.203638 -0.283384
0.001831 0.022095 -0.124756 0.003560 0.042959 -0.242562
-0.029419 0.037109 -0.114502 -0.057199 0.072151 -0.222625
-0.048340 -0.013062 -0.148682 -0.093987 -0.025395 -0.289080
-0.062256 -0.045654 -0.182861 -0.121044 -0.088765 -0.355536
-0.108765 -0.047119 -0.184326 -0.211470 -0.091613 -0.358384
-0.106079 -0.022095 -0.152832 -0.206249 -0.042959 -0.297150
-0.067017 0.005737 -0.146606 -0.130300 0.011155 -0.285046
-0.054810 -0.028320 -0.125488 -0.106566 -0.055063 -0.243986
-0.062256 -0.095215 -0.066772 -0.121044 -0.185125 -0.129825
-0.031128 -0.049805 -0.040649 -0.060522 -0.096835 -0.079034
-0.017822 -0.017090 -0.069458 -0.034652 -0.033228 -0.135047
-0.018188 -0.031006 -0.081665 -0.035364 -0.060284 -0.158781
-0.009766 0.003418 -0.111694 -0.018987 0.006646 -0.217166
-0.006714 0.043823 -0.131104 -0.013054 0.085205 -0.254903
-0.002319 0.064087 -0.111938 -0.004509 0.124604 -0.217641
-0.031250 0.026855 -0.072388 -0.060759 0.052215 -0.140743
-0.025879 0.047729 -0.060791 -0.050316 0.092800 -0.118195
-0.007935 0.050415 -0.069824 -0.015427 0.098022 -0.135759
-0.011353 -0.001343 -0.079346 -0.022073 -0.002611 -0.154271
-0.032227 -0.003174 -0.090820 -0.062658 -0.006171 -0.176581
-0.021362 0.026367 -0.081543 -0.041535 0.051266 -0.158543
-0.034546 -0.004761 -0.079590 -0.067167 -0.009256 -0.154746
-0.046997 -0.021484 -0.068481 -0.091376 -0.041772 -0.133148
-0.020386 -0.000122 -0.063843 -0.039636 -0.000237 -0.124129
0.008179 0.026611 -0.094238 0.015902 0.051740 -0.183227
0.014526 -0.000732 -0.115967 0.028243 -0.001424 -0.225473
0.034668 -0.019531 -0.100952 0.067405 -0.037974 -0.196280
0.054932 -0.003418 -0.075073 0.106803 -0.006646 -0.145964
0.032471 -0.026489 -0.076172 0.063133 -0.051503 -0.148100
