-0.211670 0.056519 -0.123413 -0.411548 0.109889 -0.239951
-0.233276 0.160278 -0.197876 -0.453557 0.311628 -0.384729
-0.073975 0.060303 -0.056152 -0.143828 0.117246 -0.109177
-0.018311 -0.049683 0.122192 -0.035601 -0.096597 0.237578
0.074219 -0.199097 0.211670 0.144303 -0.387102 0.411548
0.078979 -0.304810 0.218750 0.153559 -0.592639 0.425314
-0.004883 -0.322021 0.159302 -0.009494 -0.626104 0.309729
0.004272 -0.211670 0.091919 0.008307 -0.411548 0.178717
-0.066772 -0.082886 -0.157593 -0.129825 -0.161154 -0.306406
-0.029297 -0.027466 -0.445557 -0.056962 -0.053402 -0.866292
0.031128 -0.129395 -0.755371 0.060522 -0.251581 -1.468662
0.002197 -0.225098 -1.067505 0.004272 -0.437655 -2.075541
-0.071411 -0.297485 -1.452026 -0.138844 -0.578398 -2.823163
-0.081665 -0.368774 -1.794434 -0.158781 -0.717005 -3.488902
-0.070068 -0.516846 -1.953857 -0.136233 -1.004899 -3.798869
-0.099976 -0.869507 -1.904785 -0.194382 -1.690575 -3.703458
-0.025146 -0.469849 -1.775879 -0.048892 -0.913523 -3.452826
-0.093262 0.225098 -1.348511 -0.181328 0.437655 -2.621898
-0.151733 0.335083 -0.706421 -0.295014 0.651499 -1.373488
-0.043701 0.311157 -0.271729 -0.084968 0.604980 -0.528319
-0.035156 0.217896 -0.089844 -0.068354 0.423652 -0.174682
-0.125610 0.142700 -0.093628 -0.244223 0.277451 -0.182040
-0.174438 0.108398 -0.060181 -0.339159 0.210758 -0.117009
-0.203735 0.128418 0.050171 -0.396121 0.249682 0.097547
-0.273315 0.087402 0.140503 -0.531405 0.169936 0.273179
-0.472290 -0.101929 0.174438 -0.918270 -0.198179 0.339159
-0.687622 -0.302734 0.181396 -1.336938 -0.588604 0.352688
-0.971436 -0.355469 0.208252 -1.888754 -0.691135 0.404903
-1.245850 -0.508423 0.235352 -2.422295 -0.988522 0.457592
-1.507690 -0.874878 0.305176 -2.931390 -1.701018 0.593351
-1.467163 -1.001343 0.389282 -2.852593 -1.946902 0.756878
-1.347656 -0.828247 0.461304 -2.620237 -1.610354 0.896909
-1.080688 -0.322632 0.361816 -2.101174 -0.627290 0.703477
-0.622803 0.117065 0.006348 -1.210910 0.227609 0.012342
-0.205811 0.233887 -0.368042 -0.400156 0.454744 -0.715581
0.003296 0.106445 -0.466431 0.006408 0.206961 -0.906877
0.031860 0.132568 -0.363281 0.061946 0.257752 -0.706325
0.046875 0.206909 -0.179199 0.091139 0.402292 -0.348416
0.119629 0.148193 -0.057739 0.232593 0.288131 -0.112262
0.098999 -0.002808 -0.058350 0.192483 -0.005459 -0.113449
0.037231 -0.129761 -0.102783 0.072389 -0.252293 -0.199841
-0.065430 -0.146606 -0.130615 -0.127214 -0.285046 -0.253954
-0.115967 -0.083252 -0.109131 -0.225473 -0.161866 -0.212182
-0.085571 -0.010498 -0.084961 -0.166376 -0.020411 -0.165189
-0.004883 0.009644 -0.083130 -0.009494 0.018750 -0.161629
0.079346 -0.015747 -0.093994 0.154271 -0.030617 -0.182752
0.132446 -0.059326 -0.099121 0.257514 -0.115347 -0.192720
0.149048 -0.087280 -0.080444 0.289792 -0.169698 -0.156407
0.066895 -0.084839 -0.078125 0.130062 -0.164952 -0.151898
-0.039307 -0.001343 -0.117432 -0.076424 -0.002611 -0.228321
-0.075806 0.047119 -0.165405 -0.147388 0.091613 -0.321596
-0.070679 0.044678 -0.194214 -0.137420 0.086867 -0.377608
-0.045288 0.041138 -0.183838 -0.088053 0.079984 -0.357434
-0.038330 0.002319 -0.151367 -0.074525 0.004509 -0.294302
-0.022461 -0.001221 -0.124634 -0.043671 -0.002373 -0.242324
-0.012817 -0.018555 -0.103394 -0.024921 -0.036076 -0.201027
0.004395 -0.052734 -0.088501 0.008544 -0.102531 -0.172072
0.003296 -0.057007 -0.091064 0.006408 -0.110838 -0.177056
0.000122 -0.050537 -0.098511 0.000237 -0.098259 -0.191534
0.013794 -0.034180 -0.094482 0.026819 -0.066455 -0.183701
0.032349 -0.024902 -0.089966 0.062895 -0.048417 -0.174920
0.017944 -0.016724 -0.102661 0.034889 -0.032516 -0.199603
0.004028 -0.014648 -0.124023 0.007832 -0.028481 -0.241138
-0.025879 0.000366 -0.144653 -0.050316 0.000712 -0.281248
-0.032837 0.021362 -0.155762 -0.063845 0.041535 -0.302846
-0.026123 0.020508 -0.140503 -0.050791 0.039873 -0.273179
-0.027466 0.014526 -0.124390 -0.053402 0.028243 -0.241850
-0.007446 0.009399 -0.120361 -0.014478 0.018275 -0.234018
0.012573 0.006226 -0.126099 0.024446 0.012104 -0.245173
0.023804 0.002075 -0.122559 0.046281 0.004035 -0.238290
0.030640 0.001221 -0.112793 0.059572 0.002373 -0.219302
0.014404 0.010376 -0.097046 0.028006 0.020174 -0.188686
0.014160 0.006714 -0.086914 0.027531 0.013054 -0.168986
0.021240 -0.014038 -0.091553 0.041297 -0.027294 -0.178005
-0.000122 -0.032837 -0.103760 -0.000237 -0.063845 -0.201739
-0.006714 -0.022583 -0.107666 -0.013054 -0.043908 -0.209334
-0.006714 -0.007935 -0.101685 -0.013054 -0.015427 -0.197704
-0.002686 -0.007446 -0.101074 -0.005221 -0.014478 -0.196518
0.000854 -0.004028 -0.099854 0.001661 -0.007832 -0.194144
0.010620 0.003906 -0.098022 0.020649 0.007595 -0.190584
