-0.128540 -0.178833 0.253052 -0.249919 -0.347704 0.492006
-0.036255 -0.277710 0.068604 -0.070490 -0.539949 0.133385
-0.101318 -0.429321 0.096191 -0.196992 -0.834726 0.187024
-0.356812 -0.406372 0.319824 -0.693746 -0.790106 0.621832
-0.574585 -0.368530 0.532227 -1.117161 -0.716530 1.034804
-0.427612 -0.799561 0.407349 -0.831403 -1.554579 0.792005
0.258545 -0.745117 -0.062012 0.502687 -1.448725 -0.120569
0.084473 -0.527222 -1.027954 0.164239 -1.025073 -1.998643
-0.100220 0.211304 -1.909546 -0.194856 0.410836 -3.712714
-0.045654 1.348633 -2.424683 -0.088765 2.622135 -4.714290
0.179199 2.072754 -2.342773 0.348416 4.030038 -4.555035
0.557251 0.501221 -1.388550 1.083458 0.974519 -2.699746
0.667480 0.302124 -0.724609 1.297777 0.587417 -1.408852
0.540161 0.057373 -0.314087 1.050231 0.111550 -0.610677
0.606689 -0.172241 -0.104614 1.179581 -0.334887 -0.203401
0.492554 -0.445801 -0.100098 0.957668 -0.866767 -0.194619
0.361450 -0.276611 0.042236 0.702765 -0.537813 0.082120
0.223755 0.333252 0.327393 0.435045 0.647939 0.636547
0.260010 1.074097 0.383423 0.505535 2.088357 0.745486
0.068481 1.358765 -0.004395 0.133148 2.641835 -0.008544
-1.637817 0.100952 -0.999634 -3.184395 0.196280 -1.943580
-3.598267 -1.363037 -1.316284 -6.996079 -2.650142 -2.559240
-4.000000 -1.139160 -1.021606 -7.777166 -2.214859 -1.986301
-2.526978 0.288086 -0.332275 -4.913181 0.560123 -0.646040
-0.342163 0.052856 -0.304199 -0.665265 0.102768 -0.591452
0.343018 -0.048706 -0.211792 0.666926 -0.094699 -0.411785
0.382324 0.296509 -0.122681 0.743350 0.576500 -0.238527
0.270996 0.290283 -0.142578 0.526895 0.564395 -0.277213
0.179321 0.071411 -0.272705 0.348653 0.138844 -0.530218
0.203857 0.027588 -0.279663 0.396358 0.053639 -0.543747
0.139771 0.050537 -0.254272 0.271755 0.098259 -0.494380
0.031738 0.152832 -0.238403 0.061708 0.297150 -0.463526
0.030884 0.251099 -0.154907 0.060047 0.488209 -0.301185
0.023926 0.176392 -0.044922 0.046519 0.342957 -0.087341
-0.002075 0.058960 -0.019043 -0.004035 0.114635 -0.037025
-0.039551 -0.011841 -0.093140 -0.076898 -0.023022 -0.181091
-0.113037 -0.049683 -0.157227 -0.219777 -0.096597 -0.305694
-0.093994 0.051147 -0.122925 -0.182752 0.099446 -0.239002
-0.077148 0.072876 -0.081909 -0.149999 0.141692 -0.159255
-0.070068 -0.017334 -0.088623 -0.136233 -0.033702 -0.172309
-0.027832 -0.066650 -0.095825 -0.054114 -0.129588 -0.186312
0.029419 -0.030151 -0.104492 0.057199 -0.058623 -0.203163
0.020996 -0.037842 -0.099121 0.040823 -0.073575 -0.192720
0.012329 -0.077759 -0.018188 0.023971 -0.151186 -0.035364
0.029175 -0.165039 0.107178 0.056724 -0.320884 0.208385
0.088623 -0.213135 0.096313 0.172309 -0.414396 0.187261
0.117798 -0.116821 -0.006714 0.229033 -0.227135 -0.013054
0.104614 -0.139404 -0.086670 0.203401 -0.271043 -0.168512
0.112671 -0.076294 -0.049805 0.219065 -0.148338 -0.096835
0.057495 -0.057251 -0.058838 0.111787 -0.111313 -0.114398
0.045288 0.000366 -0.040283 0.088053 0.000712 -0.078322
0.062378 0.109497 -0.098389 0.121281 0.212894 -0.191296
0.011841 0.127319 -0.211914 0.023022 0.247546 -0.412023
-0.050415 0.048340 -0.247070 -0.098022 0.093987 -0.480377
-0.066284 -0.009888 -0.171021 -0.128876 -0.019225 -0.332514
-0.029663 0.005005 -0.127808 -0.057674 0.009731 -0.248495
-0.027344 0.106079 -0.153076 -0.053164 0.206249 -0.297625
-0.039063 0.206665 -0.181274 -0.075949 0.401817 -0.352450
-0.063110 0.246948 -0.209351 -0.122705 0.480139 -0.407039
-0.054932 0.169434 -0.179443 -0.106803 0.329428 -0.348890
-0.057495 0.203979 -0.144287 -0.111787 0.396596 -0.280536
-0.051392 0.244263 -0.160522 -0.099920 0.474918 -0.312102
-0.028809 0.252441 -0.159424 -0.056012 0.490820 -0.309966
-0.006104 0.184570 -0.169678 -0.011867 0.358858 -0.329903
0.037476 0.171265 -0.182129 0.072863 0.332988 -0.354112
0.022827 0.227173 -0.176147 0.044383 0.441690 -0.342482
-0.013916 0.189697 -0.136108 -0.027057 0.368827 -0.264634
0.007202 0.084351 -0.094116 0.014003 0.164002 -0.182989
0.031372 0.006348 -0.091309 0.060996 0.012342 -0.177531
0.042847 -0.000854 -0.129028 0.083306 -0.001661 -0.250869
0.003540 0.003540 -0.157104 0.006883 0.006883 -0.305457
-0.056152 -0.007446 -0.174438 -0.109177 -0.014478 -0.339159
-0.102173 -0.016846 -0.163208 -0.198654 -0.032753 -0.317324
-0.112915 0.010132 -0.159912 -0.219540 0.019699 -0.310916
-0.082886 0.065674 -0.176147 -0.161154 0.127689 -0.342482
-0.053223 0.067627 -0.171997 -0.103480 0.131487 -0.334412
-0.015259 0.105103 -0.159302 -0.029668 0.204350 -0.309729
-0.020264 0.101318 -0.150146 -0.039398 0.196992 -0.291929
0.005249 0.068970 -0.118164 0.010206 0.134097 -0.229745
0.017578 0.036133 -0.100342 0.034177 0.070253 -0.195094
