0.324097 0.826050 0.937256 0.630138 1.606082 1.822299
0.259277 0.644531 0.750488 0.504111 1.253157 1.459168
0.050415 0.427612 0.353394 0.098022 0.831403 0.687100
-0.080811 0.539917 0.143433 -0.157119 1.049756 0.278875
-0.048340 0.507935 0.054932 -0.093987 0.987573 0.106803
-0.170776 0.265747 -0.036987 -0.332039 0.516690 -0.071914
-0.413818 0.030029 -0.247314 -0.804584 0.058386 -0.480851
-0.397461 0.165405 -0.529785 -0.772780 0.321596 -1.030057
-0.202515 0.477173 -0.893311 -0.393748 0.927763 -1.736856
0.075439 0.593506 -1.433472 0.146676 1.153948 -2.787087
0.230957 0.232544 -2.043579 0.449048 0.452133 -3.973314
0.477783 -0.255127 -2.744873 0.928950 -0.496041 -5.336833
0.783081 -0.387451 -2.828613 1.522538 -0.753318 -5.499649
0.813354 -0.013916 -2.145508 1.581398 -0.027057 -4.171493
0.563599 -0.047974 -1.209351 1.095800 -0.093275 -2.351330
0.474121 -0.174683 -0.769653 0.921830 -0.339634 -1.496431
0.353638 0.011353 -0.504272 0.687575 0.022073 -0.980453
0.211060 -0.016113 -0.152710 0.410361 -0.031329 -0.296913
0.040405 -0.222900 0.011963 0.078560 -0.433383 0.023259
-0.274292 -0.411255 0.173096 -0.533304 -0.799599 0.336549
-0.889038 -0.552002 0.135620 -1.728549 -1.073253 0.263685
-1.499023 -0.142700 -0.129639 -2.914539 -0.277451 -0.252055
-1.733276 0.255859 -0.367432 -3.369995 0.497465 -0.714394
-2.066650 0.184937 -0.435547 -4.018171 0.359571 -0.846830
-1.976929 -0.032593 -0.323853 -3.843726 -0.063370 -0.629664
-1.145630 0.190552 -0.127563 -2.227439 0.370488 -0.248021
-0.472412 0.427368 -0.061523 -0.918507 0.830928 -0.119620
-0.234863 0.218750 -0.239136 -0.456643 0.425314 -0.464950
-0.030396 0.126099 -0.278687 -0.059098 0.245173 -0.541848
0.147339 0.138794 -0.207764 0.286470 0.269856 -0.403953
0.130249 0.073486 -0.122559 0.253242 0.142879 -0.238290
0.014160 -0.006836 -0.110229 0.027531 -0.013291 -0.214318
-0.056885 -0.051514 -0.108521 -0.110601 -0.100158 -0.210996
-0.044189 -0.009888 -0.078247 -0.085917 -0.019225 -0.152135
0.008667 0.079834 -0.022217 0.016851 0.155221 -0.043196
0.060303 0.069946 -0.013184 0.117246 0.135996 -0.025633
0.097778 0.022705 -0.017578 0.190110 0.044145 -0.034177
0.107544 -0.014648 0.016846 0.209097 -0.028481 0.032753
0.061035 -0.021729 0.032593 0.118670 -0.042247 0.063370
0.038696 0.064575 0.020386 0.075237 0.125553 0.039636
0.027588 0.108276 -0.013184 0.053639 0.210521 -0.025633
-0.004272 0.036621 -0.041138 -0.008307 0.071202 -0.079984
-0.026733 -0.035767 -0.043701 -0.051978 -0.069541 -0.084968
-0.010254 -0.014160 -0.045166 -0.019937 -0.027531 -0.087816
0.017822 0.008179 -0.047119 0.034652 0.015902 -0.091613
0.007080 -0.021118 -0.099365 0.013766 -0.041060 -0.193195
0.008789 -0.030762 -0.141357 0.017089 -0.059810 -0.274840
0.024292 -0.019897 -0.160767 0.047231 -0.038686 -0.312577
0.035034 0.039307 -0.149048 0.068117 0.076424 -0.289792
0.049927 0.106567 -0.131714 0.097072 0.207198 -0.256090
0.012207 0.088501 -0.148682 0.023734 0.172072 -0.289080
-0.024658 0.026367 -0.152100 -0.047943 0.051266 -0.295726
-0.017944 -0.014771 -0.131714 -0.034889 -0.028718 -0.256090
-0.009888 0.005249 -0.115479 -0.019225 0.010206 -0.224524
0.017212 0.034790 -0.111084 0.033465 0.067642 -0.215980
0.011353 0.027954 -0.130737 0.022073 0.054351 -0.254191
0.005005 0.009399 -0.130127 0.009731 0.018275 -0.253005
-0.004395 -0.030884 -0.116333 -0.008544 -0.060047 -0.226185
0.024048 -0.029175 -0.062134 0.046756 -0.056724 -0.120806
0.030273 -0.051880 -0.046509 0.058860 -0.100870 -0.090427
0.055176 -0.029297 -0.040161 0.107278 -0.056962 -0.078085
0.054443 0.006714 -0.052856 0.105854 0.013054 -0.102768
0.009399 0.018555 -0.090332 0.018275 0.036076 -0.175632
-0.030518 0.019165 -0.118896 -0.059335 0.037262 -0.231169
-0.032104 0.015503 -0.135132 -0.062420 0.030142 -0.262736
-0.030151 0.020264 -0.136841 -0.058623 0.039398 -0.266058
0.001953 0.076416 -0.140381 0.003797 0.148575 -0.272941
0.010864 0.085938 -0.128296 0.021123 0.167088 -0.249445
0.011230 0.046265 -0.129028 0.021835 0.089952 -0.250869
-0.006592 0.024292 -0.132080 -0.012816 0.047231 -0.256802
-0.008545 0.056396 -0.102417 -0.016614 0.109651 -0.199128
-0.027954 0.025757 -0.103394 -0.054351 0.050079 -0.201027
-0.011475 0.034424 -0.125610 -0.022310 0.066930 -0.244223
-0.000732 0.043335 -0.136108 -0.001424 0.084256 -0.264634
0.000610 0.026733 -0.132568 0.001187 0.051978 -0.257752
-0.012207 -0.008179 -0.129639 -0.023734 -0.015902 -0.252055
-0.015381 -0.013062 -0.117676 -0.029905 -0.025395 -0.228796
-0.020508 -0.025024 -0.113892 -0.039873 -0.048655 -0.221438
-0.009399 -0.004761 -0.117554 -0.018275 -0.009256 -0.228559
0.002319 -0.008057 -0.115601 0.004509 -0.015664 -0.224761
