0.005371 0.147827 0.592529 0.010443 0.287419 1.152050
-0.220459 -0.173096 0.806030 -0.428637 -0.336549 1.567158
-0.574951 -0.325317 0.923584 -1.117873 -0.632512 1.795717
-0.590820 -0.415771 0.582642 -1.148727 -0.808381 1.132825
-0.389404 -0.495117 0.536499 -0.757115 -0.962652 1.043111
-0.275269 -0.907227 0.315063 -0.535202 -1.763913 0.612575
-0.220337 -1.026245 0.278076 -0.428399 -1.995320 0.540661
-0.151489 -0.887817 0.190308 -0.294539 -1.726176 0.370014
-0.381470 -0.442261 -0.327026 -0.741688 -0.859884 -0.635835
-0.626709 0.392334 -0.920532 -1.218505 0.762812 -1.789783
-0.325562 1.690430 -1.437622 -0.632987 3.286688 -2.795156
0.188110 1.775513 -2.164063 0.365741 3.452114 -4.207569
0.350586 -0.432373 -2.631592 0.681641 -0.840659 -5.116582
0.846069 -0.478882 -2.348633 1.645005 -0.931086 -4.566427
1.192017 -0.316895 -1.904785 2.317628 -0.616135 -3.703458
1.276001 -0.448364 -1.515503 2.480918 -0.871751 -2.946580
1.097412 -0.505127 -1.075562 2.133689 -0.982114 -2.091205
0.835327 -0.356812 -0.626587 1.624120 -0.693746 -1.218268
0.548706 -0.141724 -0.238647 1.066845 -0.275552 -0.464000
0.424438 0.124878 0.102539 0.825232 0.242799 0.199366
0.262451 0.278442 0.325317 0.510282 0.541373 0.632512
-0.486816 0.163452 0.134033 -0.946513 0.317799 0.260600
-1.836914 -0.391846 -0.097412 -3.571496 -0.761862 -0.189398
-2.935181 -0.787109 -0.261108 -5.706847 -1.530370 -0.507671
-3.696655 0.180908 -0.379395 -7.187376 0.351738 -0.737654
-3.424561 1.029175 -0.061768 -6.658344 2.001016 -0.120094
-1.795288 1.130249 0.540649 -3.490564 2.197534 1.051180
-0.707886 0.542603 0.070435 -1.376336 1.054978 0.136945
-0.371460 0.017700 -0.514648 -0.722227 0.034414 -1.000627
-0.125366 -0.080933 -0.622192 -0.243748 -0.157357 -1.209723
0.231323 0.072021 -0.423584 0.449760 0.140031 -0.823571
0.267822 0.137817 -0.141724 0.520725 0.267957 -0.275552
0.161621 0.066528 0.002686 0.314239 0.129350 0.005221
0.043457 0.050293 -0.051147 0.084493 0.097784 -0.099446
0.059937 0.013428 -0.026733 0.116534 0.026107 -0.051978
0.104126 -0.050903 -0.005127 0.202451 -0.098971 -0.009968
0.090576 -0.087769 -0.001953 0.176106 -0.170648 -0.003797
0.056519 -0.103882 -0.014526 0.109889 -0.201977 -0.028243
0.043945 -0.071045 -0.073853 0.085443 -0.138132 -0.143591
0.026123 -0.029053 -0.061035 0.050791 -0.056487 -0.118670
-0.009521 -0.040283 0.027100 -0.018513 -0.078322 0.052690
-0.064697 0.003662 0.071533 -0.125790 0.007120 0.139081
-0.057373 0.061768 0.030518 -0.111550 0.120094 0.059335
-0.029663 0.067871 -0.010132 -0.057674 0.131961 -0.019699
-0.001953 0.028931 -0.074219 -0.003797 0.056250 -0.144303
-0.026855 0.021118 -0.098267 -0.052215 0.041060 -0.191059
-0.039185 0.022705 -0.056763 -0.076186 0.044145 -0.110363
-0.005859 -0.000244 -0.041138 -0.011392 -0.000475 -0.079984
-0.009766 0.014282 -0.139160 -0.018987 0.027769 -0.270568
0.052734 0.044922 -0.147339 0.102531 0.087341 -0.286470
0.125977 0.015991 -0.203247 0.244935 0.031092 -0.395172
0.090454 -0.039917 -0.245117 0.175869 -0.077610 -0.476579
0.088623 -0.091187 -0.250977 0.172309 -0.177293 -0.487972
0.091309 -0.016724 -0.245850 0.177531 -0.032516 -0.478003
0.076294 -0.056274 -0.170288 0.148338 -0.109414 -0.331090
0.004150 -0.051758 -0.109863 0.008070 -0.100632 -0.213606
0.008667 -0.167236 -0.044556 0.016851 -0.325156 -0.086629
-0.020264 -0.242310 -0.122192 -0.039398 -0.471120 -0.237578
-0.005737 -0.225220 -0.201172 -0.011155 -0.437893 -0.391137
0.051392 -0.223389 -0.151611 0.099920 -0.434333 -0.294777
0.037720 -0.161011 -0.157593 0.073338 -0.313052 -0.306406
-0.052002 -0.079102 -0.184204 -0.101107 -0.153797 -0.358146
-0.041992 -0.013550 -0.208252 -0.081645 -0.026345 -0.404903
-0.035889 -0.026123 -0.238525 -0.069778 -0.050791 -0.463763
-0.067139 -0.078491 -0.242920 -0.130537 -0.152610 -0.472307
-0.038452 0.031494 -0.224609 -0.074762 0.061234 -0.436706
-0.028809 0.096924 -0.101074 -0.056012 0.188448 -0.196518
-0.046021 0.105591 -0.063354 -0.089477 0.205299 -0.123180
-0.110352 0.133301 -0.039307 -0.214556 0.259176 -0.076424
-0.120605 0.134766 -0.091553 -0.234492 0.262024 -0.178005
-0.093384 0.096436 -0.141846 -0.181565 0.187499 -0.275789
-0.080811 0.097778 -0.135376 -0.157119 0.190110 -0.263210
-0.044556 0.125366 -0.075317 -0.086629 0.243748 -0.146439
-0.043091 0.140991 -0.071289 -0.083781 0.274128 -0.138607
-0.002197 0.123657 -0.091919 -0.004272 0.240426 -0.178717
0.040405 0.102905 -0.094604 0.078560 0.200078 -0.183939
0.057373 0.058105 -0.085083 0.111550 0.112974 -0.165426
0.078857 -0.008545 -0.072021 0.153322 -0.016614 -0.140031
0.070435 0.030518 -0.088379 0.136945 0.059335 -0.171834
0.053711 0.057739 -0.086792 0.104430 0.112262 -0.168749
