0.759033 1.007935 1.268188 1.475782 1.959719 2.465728
0.760010 0.510132 1.331909 1.477681 0.991845 2.589620
0.096436 -0.154663 0.878174 0.187499 -0.300710 1.707426
-0.335693 -0.256958 0.694092 -0.652686 -0.499601 1.349517
-0.388794 -0.339844 0.744141 -0.755929 -0.660755 1.446826
-0.352173 -0.190430 0.765137 -0.684727 -0.370251 1.487649
-0.415039 0.080200 0.722168 -0.806957 0.155933 1.404105
-0.312622 0.708496 0.412598 -0.607828 1.377523 0.802210
-0.022095 0.452637 -0.419800 -0.042959 0.880058 -0.816213
0.187866 0.220703 -1.118164 0.365267 0.429111 -2.174037
0.240112 0.138306 -1.504883 0.466848 0.268907 -2.925931
0.301270 -0.001343 -1.989258 0.585756 -0.002611 -3.867697
0.399048 -0.146729 -2.534424 0.775865 -0.285283 -4.927659
0.516113 -0.178467 -2.892334 1.003475 -0.346992 -5.623541
0.738525 -0.466553 -2.706543 1.435909 -0.907115 -5.262309
1.018188 -0.667603 -2.013428 1.979655 -1.298014 -3.914691
1.178223 -0.479980 -1.363647 2.290808 -0.933222 -2.651328
1.041748 -0.072266 -0.922852 2.025462 -0.140505 -1.794293
0.723755 0.150024 -0.544312 1.407191 0.291691 -1.058300
0.397827 0.088745 -0.305054 0.773492 0.172546 -0.593113
0.122192 -0.073242 -0.091553 0.237578 -0.142404 -0.178005
-0.142212 -0.119019 0.018555 -0.276501 -0.231407 0.036076
-0.444824 -0.067627 -0.022583 -0.864868 -0.131487 -0.043908
-0.717896 -0.055908 -0.206421 -1.395798 -0.108702 -0.401342
-1.038574 -0.345215 -0.413574 -2.019291 -0.671198 -0.804109
-1.411499 -0.891602 -0.640503 -2.744366 -1.733533 -1.245324
-1.966064 -1.173218 -0.917236 -3.822603 -2.281077 -1.783375
-2.346313 -0.767822 -0.946655 -4.561918 -1.492870 -1.840574
-1.543701 0.189209 -0.239136 -3.001405 0.367877 -0.464950
-0.650879 0.482422 0.001099 -1.265498 0.937969 0.002136
-0.426392 -0.095337 -0.543579 -0.829030 -0.185363 -1.056876
-0.168701 -0.125122 -0.481201 -0.328004 -0.243274 -0.935595
0.109253 -0.033081 -0.299561 0.212420 -0.064319 -0.582433
0.186646 -0.041626 -0.166870 0.362893 -0.080933 -0.324444
0.211426 0.068970 -0.112549 0.411073 0.134097 -0.218828
0.255493 0.049561 -0.199829 0.496753 0.096360 -0.388526
0.242920 -0.034424 -0.298096 0.472307 -0.066930 -0.579585
0.185669 0.069458 -0.255615 0.360995 0.135047 -0.496991
0.093018 0.124756 -0.112915 0.180853 0.242562 -0.219540
-0.049194 0.040283 -0.065674 -0.095648 0.078322 -0.127689
-0.101929 0.005249 -0.092163 -0.198179 0.010206 -0.179192
-0.036133 0.059937 -0.110107 -0.070253 0.116534 -0.214081
0.000610 0.051025 -0.119019 0.001187 0.099208 -0.231407
-0.012451 0.062744 -0.083374 -0.024209 0.121993 -0.162103
-0.066895 0.056519 -0.072510 -0.130062 0.109889 -0.140980
-0.099731 0.030518 -0.065552 -0.193907 0.059335 -0.127452
-0.111328 -0.044189 -0.083740 -0.216454 -0.085917 -0.162815
-0.047974 -0.072144 -0.114502 -0.093275 -0.140268 -0.222625
-0.005005 0.012695 -0.099976 -0.009731 0.024683 -0.194382
-0.024536 0.072021 -0.075073 -0.047705 0.140031 -0.145964
-0.051880 0.131714 -0.046387 -0.100870 0.256090 -0.090189
-0.077515 0.191528 -0.038452 -0.150711 0.372387 -0.074762
-0.070068 0.155151 -0.022217 -0.136233 0.301659 -0.043196
-0.029175 0.056396 -0.062256 -0.056724 0.109651 -0.121044
-0.004272 -0.027588 -0.151245 -0.008307 -0.053639 -0.294065
0.041016 0.037842 -0.165649 0.079746 0.073575 -0.322071
0.044189 0.081909 -0.139404 0.085917 0.159255 -0.271043
0.059937 0.179810 -0.110596 0.116534 0.349602 -0.215030
0.127686 0.291626 -0.093872 0.248258 0.567006 -0.182515
0.132446 0.193848 -0.104736 0.257514 0.376896 -0.203638
0.073486 0.046875 -0.125366 0.142879 0.091139 -0.243748
0.018188 -0.015381 -0.106812 0.035364 -0.029905 -0.207673
-0.039307 -0.001221 -0.098877 -0.076424 -0.002373 -0.192246
-0.082642 -0.026611 -0.088867 -0.160679 -0.051740 -0.172784
-0.071655 -0.024536 -0.073120 -0.139319 -0.047705 -0.142167
-0.037964 0.029297 -0.107666 -0.073813 0.056962 -0.209334
-0.013306 -0.004272 -0.160400 -0.025870 -0.008307 -0.311865
-0.013672 -0.047485 -0.181641 -0.026582 -0.092325 -0.353162
-0.014893 -0.021362 -0.141235 -0.028956 -0.041535 -0.274603
-0.012939 0.020142 -0.092041 -0.025158 0.039161 -0.178955
0.013550 0.049072 -0.083984 0.026345 0.095411 -0.163290
0.015381 0.033813 -0.101440 0.029905 0.065743 -0.197230
0.016235 0.020630 -0.096802 0.031566 0.040111 -0.188211
0.026733 -0.013550 -0.086060 0.051978 -0.026345 -0.167325
0.009155 -0.033203 -0.092041 0.017801 -0.064557 -0.178955
-0.014526 -0.032837 -0.100952 -0.028243 -0.063845 -0.196280
-0.025513 -0.008423 -0.087036 -0.049604 -0.016376 -0.169224
-0.036011 0.022827 -0.073975 -0.070015 0.044383 -0.143828
-0.013916 0.044189 -0.064575 -0.027057 0.085917 -0.125553
-0.005005 0.050537 -0.077148 -0.009731 0.098259 -0.149999
