0.000244 0.216553 -0.316406 0.000475 0.421042 -0.615186
0.039673 0.363281 -0.182617 0.077136 0.706325 -0.355061
-0.090942 0.454590 0.021851 -0.176819 0.883855 0.042484
-0.115845 0.387573 0.192627 -0.225236 0.753555 0.374523
-0.052368 0.062866 0.342896 -0.101819 0.122230 0.666689
0.063110 -0.118896 0.373535 0.122705 -0.231169 0.726261
0.122192 -0.165771 0.400635 0.237578 -0.322308 0.778951
0.015747 -0.132202 0.482422 0.030617 -0.257040 0.937969
-0.024658 -0.141235 0.492065 -0.047943 -0.274603 0.956719
-0.115356 -0.152710 0.225708 -0.224287 -0.296913 0.438842
-0.090210 -0.164795 -0.286011 -0.175394 -0.320409 -0.556088
-0.084717 -0.251099 -0.823486 -0.164714 -0.488209 -1.601098
-0.144165 -0.187012 -1.319336 -0.280299 -0.363605 -2.565174
-0.200928 -0.016113 -1.680786 -0.390662 -0.031329 -3.267938
-0.244019 0.126221 -1.898682 -0.474443 0.245410 -3.691591
-0.179321 0.113770 -1.888672 -0.348653 0.221201 -3.672129
-0.031372 0.029175 -1.699463 -0.060996 0.056724 -3.304251
0.102539 -0.029785 -1.410889 0.199366 -0.057911 -2.743179
0.148682 -0.138916 -0.987549 0.289080 -0.270093 -1.920083
0.123535 -0.148926 -0.633911 0.240188 -0.289555 -1.232508
0.076904 -0.083374 -0.420166 0.149524 -0.162103 -0.816925
0.017944 -0.040039 -0.257446 0.034889 -0.077848 -0.500551
-0.031616 -0.073730 -0.065308 -0.061471 -0.143354 -0.126977
-0.103149 -0.158936 0.131104 -0.200553 -0.309017 0.254903
-0.158936 -0.272949 0.231323 -0.309017 -0.530693 0.449760
-0.310669 -0.363403 0.203003 -0.604031 -0.706562 0.394697
-0.570435 -0.340820 0.100952 -1.109091 -0.662654 0.196280
-0.896851 -0.201660 0.099609 -1.743739 -0.392086 0.193670
-1.251343 -0.003418 0.257446 -2.432975 -0.006646 0.500551
-1.531982 0.177734 0.389282 -2.978621 0.345567 0.756878
-1.360107 0.337280 0.360474 -2.644445 0.655771 0.700866
-0.679199 0.346558 0.171753 -1.320561 0.673809 0.333938
-0.269287 0.091675 0.034790 -0.523573 0.178243 0.067642
-0.135132 0.047729 -0.076050 -0.262736 0.092800 -0.147863
-0.035767 0.079468 -0.141602 -0.069541 0.154509 -0.275315
0.011230 0.118774 -0.171753 0.021835 0.230932 -0.333938
0.029541 0.116089 -0.163818 0.057436 0.225711 -0.318511
0.067261 0.081299 -0.144165 0.130774 0.158069 -0.280299
0.085449 0.061890 -0.133545 0.166138 0.120332 -0.259650
0.069946 0.078003 -0.129639 0.135996 0.151660 -0.252055
0.051025 0.080444 -0.112061 0.099208 0.156407 -0.217878
0.054199 0.100220 -0.084351 0.105379 0.194856 -0.164002
0.061768 0.100708 -0.064819 0.120094 0.195806 -0.126028
0.057861 0.046997 -0.041382 0.112499 0.091376 -0.080458
0.067017 0.005249 -0.032715 0.130300 0.010206 -0.063607
0.049561 -0.004150 -0.037109 0.096360 -0.008070 -0.072151
0.011353 -0.003906 -0.042603 0.022073 -0.007595 -0.082832
-0.004761 -0.014160 -0.061890 -0.009256 -0.027531 -0.120332
-0.004761 -0.035278 -0.075195 -0.009256 -0.068591 -0.146202
-0.000854 -0.037842 -0.070190 -0.001661 -0.073575 -0.136471
0.016113 -0.023438 -0.056763 0.031329 -0.045569 -0.110363
0.026611 -0.025879 -0.081055 0.051740 -0.050316 -0.157594
0.003662 -0.020874 -0.126709 0.007120 -0.040585 -0.246359
0.013916 -0.001587 -0.139404 0.027057 -0.003085 -0.271043
0.016113 0.023682 -0.152954 0.031329 0.046044 -0.297387
0.005371 0.042969 -0.161377 0.010443 0.083544 -0.313764
-0.000244 0.063721 -0.158203 -0.000475 0.123892 -0.307593
-0.000488 0.071289 -0.149902 -0.000949 0.138607 -0.291454
0.006470 0.049438 -0.124634 0.012579 0.096123 -0.242324
0.008911 0.029785 -0.092529 0.017326 0.057911 -0.179904
0.012085 0.041748 -0.065918 0.023497 0.081170 -0.128164
0.031250 0.050293 -0.056519 0.060759 0.097784 -0.109889
0.025269 0.038940 -0.069336 0.049129 0.075712 -0.134809
0.003052 0.034546 -0.102539 0.005934 0.067167 -0.199366
-0.015259 0.036499 -0.115234 -0.029668 0.070965 -0.224049
0.002075 0.028931 -0.105469 0.004035 0.056250 -0.205062
0.011230 0.009399 -0.112549 0.021835 0.018275 -0.218828
0.001831 -0.004272 -0.117798 0.003560 -0.008307 -0.229033
0.012451 -0.000854 -0.103760 0.024209 -0.001661 -0.201739
0.008057 0.011108 -0.094727 0.015664 0.021598 -0.184176
0.007202 0.008545 -0.092896 0.014003 0.016614 -0.180616
0.007690 0.007690 -0.102173 0.014952 0.014952 -0.198654
-0.003784 0.026001 -0.131592 -0.007358 0.050553 -0.255853
-0.020386 0.034546 -0.145752 -0.039636 0.067167 -0.283384
-0.025757 0.044800 -0.144531 -0.050079 0.087104 -0.281011
-0.031982 0.044800 -0.145630 -0.062183 0.087104 -0.283147
-0.029419 0.042358 -0.138550 -0.057199 0.082357 -0.269381
-0.036377 0.045532 -0.149170 -0.070727 0.088528 -0.290030
-0.029297 0.023560 -0.150391 -0.056962 0.045807 -0.292403
-0.003296 0.019775 -0.138916 -0.006408 0.038449 -0.270093
