0.333252 0.514771 0.700806 0.647939 1.000864 1.362571
0.165405 0.545166 1.053589 0.321596 1.059962 2.048484
-0.187134 -0.119385 0.740845 -0.363843 -0.232119 1.440418
-0.270386 -0.520874 0.654663 -0.525709 -1.012731 1.272856
-0.401245 -1.041504 0.648315 -0.780138 -2.024987 1.260514
-0.603027 -1.436035 0.531006 -1.172461 -2.792071 1.032430
-0.524780 -0.814087 0.242310 -1.020326 -1.582822 0.471120
-0.342651 -0.011353 0.198242 -0.666214 -0.022073 0.385441
-0.148926 0.028320 -0.222534 -0.289555 0.055063 -0.432671
0.015259 -0.295654 -0.947510 0.029668 -0.574838 -1.842235
0.118530 -0.536865 -1.507080 0.230457 -1.043823 -2.930203
0.312988 -0.206665 -2.071045 0.608540 -0.401817 -4.026715
0.541626 -0.212036 -2.656250 1.053079 -0.412260 -5.164525
0.834595 -0.345825 -2.813232 1.622696 -0.672385 -5.469744
1.159668 -0.201904 -2.139160 2.254733 -0.392561 -4.159151
1.243286 -0.162598 -1.259521 2.417311 -0.316137 -2.448877
1.062622 -0.120605 -0.715698 2.066047 -0.234492 -1.391526
0.861328 -0.164185 -0.386841 1.674673 -0.319223 -0.752131
0.594482 -0.205811 -0.073364 1.155847 -0.400156 -0.142642
0.267822 -0.253906 0.197021 0.520725 -0.493668 0.383067
-0.154785 -0.594971 0.287354 -0.300947 -1.156797 0.558699
-0.601440 -0.695801 0.177856 -1.169376 -1.352840 0.345805
-1.015625 -0.434082 -0.017700 -1.974671 -0.843982 -0.034414
-1.459595 -0.207153 -0.169800 -2.837878 -0.402766 -0.330140
-1.911133 -0.413086 -0.054321 -3.715800 -0.803160 -0.105616
-2.535400 -0.593140 -0.133789 -4.929558 -1.153236 -0.260125
-2.652588 0.019897 -0.112793 -5.157404 0.038686 -0.219302
-2.012939 0.928223 0.080811 -3.913741 1.804736 0.157119
-1.009155 0.893677 -0.024780 -1.962092 1.737568 -0.048180
-0.379761 0.354370 -0.375977 -0.738366 0.688999 -0.731008
-0.108032 0.232910 -0.436890 -0.210046 0.452845 -0.849441
0.163086 0.137695 -0.289795 0.317087 0.267720 -0.563446
0.385376 0.181885 -0.198364 0.749283 0.353637 -0.385678
0.270386 0.252686 -0.122681 0.525709 0.491294 -0.238527
0.074707 0.156128 -0.159668 0.145252 0.303558 -0.310441
0.042480 0.207764 -0.086792 0.082594 0.403953 -0.168749
0.127075 0.119751 -0.083252 0.247071 0.232831 -0.161866
0.175903 0.053467 -0.064819 0.342007 0.103955 -0.126028
0.142578 0.004517 -0.107544 0.277213 0.008782 -0.209097
0.060059 -0.036011 -0.092285 0.116771 -0.070015 -0.179429
0.041260 0.063599 -0.071899 0.080221 0.123654 -0.139793
0.000366 0.083862 -0.104980 0.000712 0.163053 -0.204113
-0.021118 0.073242 -0.110718 -0.041060 0.142404 -0.215268
0.066406 0.158081 -0.114990 0.129113 0.307356 -0.223575
0.114014 0.102051 -0.125610 0.221676 0.198416 -0.244223
0.020264 -0.082520 -0.091553 0.039398 -0.160442 -0.178005
0.011108 -0.072754 -0.061157 0.021598 -0.141455 -0.118907
0.009521 -0.004639 -0.055908 0.018513 -0.009019 -0.108702
-0.090820 0.114868 -0.057861 -0.176581 0.223337 -0.112499
-0.137817 0.203979 -0.047607 -0.267957 0.396596 -0.092563
-0.084351 0.143799 -0.018311 -0.164002 0.279587 -0.035601
0.041138 0.166138 -0.045166 0.079984 0.323020 -0.087816
0.120239 0.151978 -0.112183 0.233780 0.295489 -0.218116
0.115723 0.132324 -0.186157 0.224999 0.257277 -0.361944
0.119385 0.186157 -0.208252 0.232119 0.361944 -0.404903
0.158569 0.207153 -0.188965 0.308305 0.402766 -0.367403
0.107544 0.046875 -0.149170 0.209097 0.091139 -0.290030
0.016968 -0.023315 -0.077026 0.032990 -0.045332 -0.149762
0.001831 0.089966 -0.063965 0.003560 0.174920 -0.124366
0.025146 0.144897 -0.100342 0.048892 0.281723 -0.195094
0.016724 0.094360 -0.132568 0.032516 0.183464 -0.257752
-0.028442 0.071899 -0.131836 -0.055300 0.139793 -0.256328
-0.063721 0.026733 -0.102539 -0.123892 0.051978 -0.199366
-0.044434 0.073608 -0.098022 -0.086392 0.143116 -0.190584
-0.061523 0.045410 -0.101074 -0.119620 0.088291 -0.196518
-0.061035 0.022217 -0.116943 -0.118670 0.043196 -0.227372
-0.036743 0.024170 -0.106934 -0.071439 0.046993 -0.207910
-0.015625 0.033813 -0.081787 -0.030380 0.065743 -0.159018
-0.018188 0.030762 -0.052124 -0.035364 0.059810 -0.101344
-0.039429 -0.014160 -0.049194 -0.076661 -0.027531 -0.095648
-0.055054 -0.033203 -0.083496 -0.107040 -0.064557 -0.162341
-0.050049 0.015625 -0.121338 -0.097310 0.030380 -0.235916
0.001465 0.087891 -0.131104 0.002848 0.170885 -0.254903
0.039551 0.077026 -0.127686 0.076898 0.149762 -0.248258
0.034180 0.038086 -0.140747 0.066455 0.074050 -0.273653
0.024780 0.037842 -0.138062 0.048180 0.073575 -0.268432
0.049316 0.090210 -0.127441 0.095885 0.175394 -0.247783
0.064453 0.101685 -0.147339 0.125316 0.197704 -0.286470
0.050781 0.069946 -0.151489 0.098734 0.135996 -0.294539
0.043945 0.036987 -0.129639 0.085443 0.071914 -0.252055
