-0.055298 0.180054 -0.215332 -0.107515 0.350077 -0.418668
-0.052002 0.188721 -0.131104 -0.101107 0.366928 -0.254903
-0.082397 0.126709 -0.130859 -0.160205 0.246359 -0.254429
-0.052002 0.045776 -0.032715 -0.101107 0.089003 -0.063607
0.031006 -0.111816 0.086792 0.060284 -0.217404 0.168749
0.160767 -0.349854 0.155151 0.312577 -0.680217 0.301659
0.148071 -0.369141 0.137451 0.287894 -0.717717 0.267245
0.091187 -0.353760 0.073242 0.177293 -0.687812 0.142404
0.081665 -0.319336 0.010254 0.158781 -0.620882 0.019937
0.033325 -0.278931 -0.101563 0.064794 -0.542323 -0.197467
0.046387 -0.263184 -0.188110 0.090189 -0.511706 -0.365741
0.120239 -0.279175 -0.314941 0.233780 -0.542797 -0.612338
0.177368 -0.305420 -0.494995 0.344855 -0.593825 -0.962415
0.069702 -0.216675 -0.777344 0.135521 -0.421279 -1.511383
-0.067261 -0.066162 -1.062866 -0.130774 -0.128638 -2.066522
-0.134766 0.058228 -1.244263 -0.262024 0.113211 -2.419209
-0.127563 0.142090 -1.296875 -0.248021 0.276264 -2.521503
-0.093506 0.112915 -1.134277 -0.181803 0.219540 -2.205366
0.044678 0.004883 -0.873047 0.086867 0.009494 -1.697458
0.147461 -0.157349 -0.656006 0.286707 -0.305932 -1.275467
0.209229 -0.281006 -0.500122 0.406801 -0.546357 -0.972383
0.228638 -0.375488 -0.418457 0.444538 -0.730059 -0.813603
0.207031 -0.468628 -0.352905 0.402529 -0.911149 -0.686151
0.143921 -0.495728 -0.235474 0.279824 -0.963839 -0.457829
0.021729 -0.496826 -0.077148 0.042247 -0.965975 -0.149999
-0.175171 -0.446899 0.066284 -0.340583 -0.868903 0.128876
-0.446289 -0.275757 0.229858 -0.867716 -0.536152 0.446912
-0.689697 -0.138916 0.453125 -1.340973 -0.270093 0.881007
-0.901001 -0.004395 0.498169 -1.751809 -0.008544 0.968586
-1.081055 0.190063 0.321899 -2.101886 0.369539 0.625866
-1.038818 0.338013 0.147705 -2.019766 0.657195 0.287182
-0.952148 0.311646 0.031128 -1.851254 0.605930 0.060522
-0.875000 0.214844 0.065796 -1.701255 0.417719 0.127926
-0.655884 0.169922 0.115845 -1.275229 0.330378 0.225236
-0.457520 0.121094 0.054810 -0.889551 0.235442 0.106566
-0.349243 0.030151 -0.022217 -0.679031 0.058623 -0.043196
-0.247314 0.004028 -0.119141 -0.480851 0.007832 -0.231644
-0.145874 0.033569 -0.173340 -0.283622 0.065269 -0.337023
-0.098022 0.066528 -0.171387 -0.190584 0.129350 -0.333226
-0.117432 0.103638 -0.128662 -0.228321 0.201502 -0.250157
-0.090942 0.125732 -0.094604 -0.176819 0.244460 -0.183939
-0.028931 0.097534 -0.088135 -0.056250 0.189635 -0.171360
0.005615 0.076416 -0.084595 0.010918 0.148575 -0.164477
0.043701 0.064575 -0.059570 0.084968 0.125553 -0.115822
0.062378 0.028198 -0.037598 0.121281 0.054826 -0.073101
0.028809 -0.000610 -0.028564 0.056012 -0.001187 -0.055538
-0.015991 -0.018921 -0.015625 -0.031092 -0.036788 -0.030380
-0.029297 -0.029419 -0.007935 -0.056962 -0.057199 -0.015427
-0.046021 -0.035645 -0.011963 -0.089477 -0.069303 -0.023259
-0.053467 -0.012329 -0.019409 -0.103955 -0.023971 -0.037737
-0.041260 0.017944 -0.044067 -0.080221 0.034889 -0.085680
-0.039307 0.018433 -0.077393 -0.076424 0.035838 -0.150474
-0.038696 0.029785 -0.098145 -0.075237 0.057911 -0.190822
-0.018311 0.038208 -0.091553 -0.035601 0.074288 -0.178005
0.002075 0.030396 -0.081909 0.004035 0.059098 -0.159255
0.002563 0.031006 -0.069458 0.004984 0.060284 -0.135047
0.001221 0.037720 -0.060547 0.002373 0.073338 -0.117721
0.001099 0.035889 -0.068115 0.002136 0.069778 -0.132436
0.012085 0.025269 -0.081787 0.023497 0.049129 -0.159018
0.023071 0.019287 -0.082397 0.044857 0.037500 -0.160205
0.025024 0.025024 -0.077148 0.048655 0.048655 -0.149999
0.017578 0.017700 -0.085938 0.034177 0.034414 -0.167088
0.002319 0.011475 -0.105957 0.004509 0.022310 -0.206011
-0.013550 0.012329 -0.104614 -0.026345 0.023971 -0.203401
-0.021362 0.008301 -0.092407 -0.041535 0.016139 -0.179667
-0.033447 0.012451 -0.086426 -0.065031 0.024209 -0.168037
-0.027832 0.015869 -0.081543 -0.054114 0.030854 -0.158543
-0.008911 -0.000244 -0.083130 -0.017326 -0.000475 -0.161629
0.005249 0.008789 -0.087280 0.010206 0.017089 -0.169698
0.027100 0.017212 -0.089966 0.052690 0.033465 -0.174920
0.031250 0.010010 -0.104980 0.060759 0.019462 -0.204113
0.042847 -0.001587 -0.093628 0.083306 -0.003085 -0.182040
0.040527 0.007568 -0.071167 0.078797 0.014715 -0.138369
0.032959 0.003784 -0.058716 0.064082 0.007358 -0.114161
0.015991 0.005127 -0.074219 0.031092 0.009968 -0.144303
0.000610 0.014893 -0.089233 0.001187 0.028956 -0.173496
-0.002930 0.028076 -0.090820 -0.005696 0.054588 -0.176581
-0.006592 0.034180 -0.094849 -0.012816 0.066455 -0.184413
-0.015991 0.036499 -0.102051 -0.031092 0.070965 -0.198416
-0.030396 0.046265 -0.110962 -0.059098 0.089952 -0.215742
