-0.039185 -0.179565 -0.179199 -0.076186 -0.349128 -0.348416
-0.081299 -0.199829 -0.117065 -0.158069 -0.388526 -0.227609
-0.063843 -0.145996 -0.085693 -0.124129 -0.283859 -0.166613
0.004517 -0.054688 -0.077881 0.008782 -0.106328 -0.151423
0.067383 0.045288 -0.025879 0.131012 0.088053 -0.050316
0.114624 0.177856 0.142944 0.222863 0.345805 0.277925
0.071655 0.305786 0.157104 0.139319 0.594537 0.305457
0.067627 0.176514 0.051147 0.131487 0.343194 0.099446
0.068115 0.004883 0.006470 0.132436 0.009494 0.012579
0.076294 0.042969 0.030884 0.148338 0.083544 0.060047
0.023926 0.090576 0.092163 0.046519 0.176106 0.179192
-0.005615 0.072144 0.068604 -0.010918 0.140268 0.133385
-0.005005 -0.024170 0.016235 -0.009731 -0.046993 0.031566
0.018433 -0.058960 -0.030396 0.035838 -0.114635 -0.059098
0.026978 -0.014893 -0.035278 0.052452 -0.028956 -0.068591
-0.003052 0.021606 -0.028564 -0.005934 0.042009 -0.055538
-0.036499 0.013184 -0.068848 -0.070965 0.025633 -0.133860
-0.060425 -0.010620 -0.124023 -0.117483 -0.020649 -0.241138
-0.077026 -0.033813 -0.174561 -0.149762 -0.065743 -0.339397
-0.057983 -0.009155 -0.235962 -0.112737 -0.017801 -0.458779
-0.052979 0.028564 -0.344971 -0.103006 0.055538 -0.670724
-0.042236 0.047485 -0.520264 -0.082120 0.092325 -1.011544
-0.003418 0.036255 -0.693726 -0.006646 0.070490 -1.348805
0.018066 0.061890 -0.854126 0.035126 0.120332 -1.660670
0.049316 0.132446 -0.979492 0.095885 0.257514 -1.904418
0.078857 0.179443 -1.049683 0.153322 0.348890 -2.040889
0.123779 0.132446 -1.067017 0.240663 0.257514 -2.074591
0.160400 0.048584 -0.982178 0.311865 0.094461 -1.909640
0.186157 0.057739 -0.882690 0.361944 0.112262 -1.716208
0.202393 0.021973 -0.754517 0.393510 0.042721 -1.467000
0.175049 0.014526 -0.601929 0.340346 0.028243 -1.170325
0.106689 0.015381 -0.478882 0.207435 0.029905 -0.931086
0.036255 0.025391 -0.388428 0.070490 0.049367 -0.755217
-0.011597 0.032227 -0.317871 -0.022547 0.062658 -0.618034
-0.080200 -0.040283 -0.249268 -0.155933 -0.078322 -0.484649
-0.181519 -0.111328 -0.210571 -0.352925 -0.216454 -0.409412
-0.311646 -0.072876 -0.206787 -0.605930 -0.141692 -0.402054
-0.464844 -0.007568 -0.264893 -0.903792 -0.014715 -0.515028
-0.691528 -0.050293 -0.276978 -1.344533 -0.097784 -0.538525
-0.970581 -0.020020 -0.197998 -1.887093 -0.038924 -0.384966
-1.176636 0.099121 -0.076904 -2.287723 0.192720 -0.149524
-1.127441 0.258545 -0.068726 -2.192075 0.502687 -0.133623
-0.907715 0.223389 -0.124878 -1.764862 0.434333 -0.242799
-0.617920 0.085449 -0.148682 -1.201416 0.166138 -0.289080
-0.312744 0.037720 -0.134766 -0.608066 0.073338 -0.262024
-0.143555 0.088989 -0.128540 -0.279112 0.173021 -0.249919
-0.135986 0.107422 -0.101563 -0.264397 0.208859 -0.197467
-0.117554 0.114380 -0.074951 -0.228559 0.222388 -0.145727
-0.050049 0.091553 -0.078857 -0.097310 0.178005 -0.153322
0.024414 0.063721 -0.120605 0.047468 0.123892 -0.234492
0.057007 0.088623 -0.152100 0.110838 0.172309 -0.295726
0.075684 0.085205 -0.152466 0.147151 0.165664 -0.296438
0.067749 0.096802 -0.182861 0.131724 0.188211 -0.355536
0.087158 0.070068 -0.172119 0.169461 0.136233 -0.334650
0.086548 0.065674 -0.145752 0.168274 0.127689 -0.283384
0.052002 0.054932 -0.116211 0.101107 0.106803 -0.225948
0.052490 0.054443 -0.097412 0.102056 0.105854 -0.189398
0.082764 0.056519 -0.082764 0.160917 0.109889 -0.160917
0.078979 0.041626 -0.063354 0.153559 0.080933 -0.123180
0.045654 0.055176 -0.067871 0.088765 0.107278 -0.131961
0.002686 0.063110 -0.087036 0.005221 0.122705 -0.169224
-0.005005 0.068970 -0.088623 -0.009731 0.134097 -0.172309
-0.014648 0.053589 -0.095825 -0.028481 0.104192 -0.186312
-0.019165 0.044800 -0.114624 -0.037262 0.087104 -0.222863
0.006958 0.057007 -0.117676 0.013528 0.110838 -0.228796
0.013550 0.057983 -0.105225 0.026345 0.112737 -0.204587
0.004272 0.034180 -0.093262 0.008307 0.066455 -0.181328
-0.001709 0.035767 -0.105469 -0.003323 0.069541 -0.205062
-0.003052 0.017700 -0.105957 -0.005934 0.034414 -0.206011
-0.004761 0.029175 -0.098389 -0.009256 0.056724 -0.191296
0.007690 0.037476 -0.091797 0.014952 0.072863 -0.178480
0.004883 0.035767 -0.089478 0.009494 0.069541 -0.173970
-0.006348 0.027832 -0.083618 -0.012342 0.054114 -0.162578
-0.013428 0.028320 -0.072632 -0.026107 0.055063 -0.141217
-0.017456 0.027222 -0.083618 -0.033940 0.052927 -0.162578
-0.022705 0.032837 -0.107178 -0.044145 0.063845 -0.208385
-0.030396 0.048340 -0.141479 -0.059098 0.093987 -0.275077
-0.027710 0.041992 -0.124512 -0.053876 0.081645 -0.242087
-0.040283 0.048218 -0.080688 -0.078322 0.093749 -0.156882
-0.049805 0.056152 -0.053101 -0.096835 0.109177 -0.103243
