-0.273071 0.187378 -0.037354 -0.530930 0.364317 -0.072626
-0.364624 0.358154 -0.067383 -0.708935 0.696356 -0.131012
-0.080322 0.189575 -0.113525 -0.156170 0.368589 -0.220726
0.114502 0.014648 -0.136353 0.222625 0.028481 -0.265109
0.316772 -0.072266 -0.040649 0.615898 -0.140505 -0.079034
0.349731 -0.061646 0.184570 0.679980 -0.119857 0.358858
0.250122 -0.183472 0.338501 0.486310 -0.356722 0.658145
0.164307 -0.136841 0.259521 0.319460 -0.266058 0.504585
0.125244 -0.134766 0.062866 0.243511 -0.262024 0.122230
0.066895 -0.063965 -0.157959 0.130062 -0.124366 -0.307118
0.017822 0.074219 -0.333496 0.034652 0.144303 -0.648414
0.055786 0.119751 -0.526855 0.108465 0.232831 -1.024361
0.132080 0.086914 -0.805908 0.256802 0.168986 -1.566921
0.140869 0.003174 -1.127319 0.273891 0.006171 -2.191838
0.123901 -0.075439 -1.398560 0.240900 -0.146676 -2.719208
0.142212 -0.286499 -1.546387 0.276501 -0.557038 -3.006627
0.184692 -0.424927 -1.602417 0.359096 -0.826182 -3.115566
0.215454 -0.201172 -1.566650 0.418906 -0.391137 -3.046025
0.218994 0.185425 -1.303467 0.425788 0.360520 -2.534320
0.162354 0.387695 -0.905273 0.315663 0.753793 -1.760116
0.061157 0.359375 -0.544800 0.118907 0.698730 -1.059250
-0.006958 0.228760 -0.372192 -0.013528 0.444776 -0.723651
-0.070801 0.095581 -0.329102 -0.137657 0.185837 -0.639869
-0.227661 0.056274 -0.319214 -0.442640 0.109414 -0.620645
-0.361084 0.151978 -0.261841 -0.702053 0.295489 -0.509095
-0.476074 0.065308 -0.112671 -0.925627 0.126977 -0.219065
-0.805420 -0.212036 -0.049683 -1.565971 -0.412260 -0.096597
-1.130615 -0.278809 -0.262451 -2.198246 -0.542085 -0.510282
-1.179565 -0.218994 -0.421021 -2.293419 -0.425788 -0.818587
-1.275757 -0.483032 -0.312500 -2.480443 -0.939156 -0.607591
-1.348755 -0.515625 -0.188721 -2.622373 -1.002525 -0.366928
-1.240112 -0.189819 -0.195068 -2.411140 -0.369064 -0.379270
-0.870117 -0.044434 -0.247070 -1.691761 -0.086392 -0.480377
-0.382324 -0.078491 -0.320679 -0.743350 -0.152610 -0.623493
-0.125977 -0.103638 -0.380981 -0.244935 -0.201502 -0.740739
-0.037598 -0.124878 -0.287231 -0.073101 -0.242799 -0.558462
-0.073975 -0.025513 -0.154419 -0.143828 -0.049604 -0.300235
-0.054199 0.076416 -0.074585 -0.105379 0.148575 -0.145015
0.009399 0.051758 -0.053345 0.018275 0.100632 -0.103718
0.072021 -0.051392 -0.049683 0.140031 -0.099920 -0.096597
0.052490 -0.104736 -0.042847 0.102056 -0.203638 -0.083306
0.017090 -0.052612 -0.024780 0.033228 -0.102294 -0.048180
0.008423 -0.022339 -0.004517 0.016376 -0.043433 -0.008782
0.018066 -0.020264 -0.025513 0.035126 -0.039398 -0.049604
0.038574 -0.039063 -0.055664 0.075000 -0.075949 -0.108227
0.028198 -0.054688 -0.071167 0.054826 -0.106328 -0.138369
-0.024780 -0.005859 -0.067017 -0.048180 -0.011392 -0.130300
-0.035522 0.010376 -0.060669 -0.069066 0.020174 -0.117958
-0.023438 -0.011230 -0.081177 -0.045569 -0.021835 -0.157831
-0.021118 -0.023315 -0.114258 -0.041060 -0.045332 -0.222151
-0.002808 -0.004395 -0.128052 -0.005459 -0.008544 -0.248970
-0.003784 0.010498 -0.118164 -0.007358 0.020411 -0.229745
-0.004150 -0.005127 -0.115723 -0.008070 -0.009968 -0.224999
-0.010620 -0.019897 -0.134155 -0.020649 -0.038686 -0.260837
-0.003662 -0.043457 -0.146118 -0.007120 -0.084493 -0.284096
-0.031494 -0.090576 -0.163696 -0.061234 -0.176106 -0.318273
-0.045044 -0.104736 -0.197021 -0.087579 -0.203638 -0.383067
-0.013550 -0.110107 -0.181885 -0.026345 -0.214081 -0.353637
0.042358 -0.065796 -0.129517 0.082357 -0.127926 -0.251818
0.048096 -0.065186 -0.073486 0.093512 -0.126740 -0.142879
0.053589 -0.043457 -0.032837 0.104192 -0.084493 -0.063845
0.069092 -0.018066 -0.014160 0.134335 -0.035126 -0.027531
0.035034 -0.011475 -0.041870 0.068117 -0.022310 -0.081408
0.011719 -0.030151 -0.094360 0.022785 -0.058623 -0.183464
0.013550 -0.022949 -0.127808 0.026345 -0.044620 -0.248495
0.012085 0.025635 -0.138062 0.023497 0.049841 -0.268432
0.007324 0.044800 -0.135376 0.014240 0.087104 -0.263210
0.004517 0.041016 -0.134888 0.008782 0.079746 -0.262261
0.003906 0.043213 -0.135986 0.007595 0.084018 -0.264397
-0.022583 0.023560 -0.133789 -0.043908 0.045807 -0.260125
-0.038940 -0.014038 -0.110840 -0.075712 -0.027294 -0.215505
-0.030640 -0.046753 -0.092407 -0.059572 -0.090901 -0.179667
-0.001221 -0.085449 -0.107300 -0.002373 -0.166138 -0.208622
0.011597 -0.073120 -0.123657 0.022547 -0.142167 -0.240426
0.001465 -0.010620 -0.127563 0.002848 -0.020649 -0.248021
-0.014526 0.032715 -0.129517 -0.028243 0.063607 -0.251818
0.011230 0.039551 -0.133179 0.021835 0.076898 -0.258938
0.013184 0.036011 -0.125000 0.025633 0.070015 -0.243036
-0.017700 0.024536 -0.100220 -0.034414 0.047705 -0.194856
-0.043457 -0.013794 -0.079712 -0.084493 -0.026819 -0.154983
