-0.043701 0.002197 -0.256714 -0.084968 0.004272 -0.499127
-0.062256 0.035400 -0.268433 -0.121044 0.068829 -0.521911
-0.001343 -0.005737 -0.260254 -0.002611 -0.011155 -0.506009
0.038696 -0.093018 -0.224854 0.075237 -0.180853 -0.437181
0.104614 -0.257690 -0.161133 0.203401 -0.501025 -0.313289
0.059204 -0.265015 -0.150635 0.115110 -0.515266 -0.292878
0.024414 -0.342163 -0.268555 0.047468 -0.665265 -0.522149
0.054199 -0.303711 -0.472534 0.105379 -0.590503 -0.918744
0.065918 -0.135742 -0.690430 0.128164 -0.263922 -1.342397
0.077271 0.067139 -0.895264 0.150236 0.130537 -1.740654
0.019775 0.169312 -1.055542 0.038449 0.329191 -2.052281
-0.066406 0.291992 -1.185913 -0.129113 0.567718 -2.305761
-0.137207 0.574707 -1.253052 -0.266770 1.117398 -2.436298
-0.019287 0.661255 -1.175293 -0.037500 1.285672 -2.285112
0.136597 0.428467 -1.068359 0.265584 0.833064 -2.077202
0.266235 0.136108 -0.910034 0.517639 0.264634 -1.769372
0.326782 -0.076294 -0.664185 0.635360 -0.148338 -1.291368
0.282593 -0.214233 -0.436523 0.549443 -0.416532 -0.848729
0.193237 -0.257690 -0.286011 0.375710 -0.501025 -0.556088
0.081787 -0.255737 -0.177368 0.159018 -0.497228 -0.344855
-0.024658 -0.239258 -0.094482 -0.047943 -0.465187 -0.183701
-0.093872 -0.317017 -0.029297 -0.182515 -0.616373 -0.056962
-0.170044 -0.397339 -0.041382 -0.330615 -0.772543 -0.080458
-0.243408 -0.367188 -0.102417 -0.473257 -0.713920 -0.199128
-0.369507 -0.228882 -0.091797 -0.718429 -0.445013 -0.178480
-0.569946 -0.088623 -0.010742 -1.108142 -0.172309 -0.020886
-0.827148 0.107422 0.035156 -1.608218 0.208859 0.068354
-1.063110 0.300659 0.093994 -2.066997 0.584569 0.182752
-1.116211 0.451050 0.111572 -2.170239 0.876972 0.216929
-0.957886 0.473511 0.082275 -1.862409 0.920643 0.159967
-0.667236 0.415527 0.017090 -1.297302 0.807906 0.033228
-0.389648 0.256592 -0.069580 -0.757590 0.498889 -0.135284
-0.238892 0.101074 -0.142578 -0.464475 0.196518 -0.277213
-0.154297 0.083130 -0.170410 -0.299998 0.161629 -0.331327
-0.107300 0.097412 -0.136719 -0.208622 0.189398 -0.265821
-0.054932 0.055542 -0.108032 -0.106803 0.107990 -0.210046
-0.009766 0.000977 -0.103516 -0.018987 0.001899 -0.201265
0.036743 -0.018311 -0.088745 0.071439 -0.035601 -0.172546
0.083984 -0.023560 -0.076050 0.163290 -0.045807 -0.147863
0.103149 -0.037354 -0.091675 0.200553 -0.072626 -0.178243
0.097900 -0.057739 -0.111694 0.190347 -0.112262 -0.217166
0.090942 -0.070313 -0.099487 0.176819 -0.136708 -0.193432
0.072754 -0.057617 -0.076416 0.141455 -0.112025 -0.148575
0.040527 -0.017578 -0.059204 0.078797 -0.034177 -0.115110
0.017212 0.002075 -0.056152 0.033465 0.004035 -0.109177
-0.000122 0.003296 -0.072754 -0.000237 0.006408 -0.141455
-0.018799 -0.001221 -0.083374 -0.036550 -0.002373 -0.162103
-0.031860 0.011841 -0.088257 -0.061946 0.023022 -0.171597
-0.038208 0.011475 -0.086792 -0.074288 0.022310 -0.168749
-0.041382 0.019409 -0.088623 -0.080458 0.037737 -0.172309
-0.038696 0.041626 -0.106689 -0.075237 0.080933 -0.207435
-0.037231 0.040039 -0.113159 -0.072389 0.077848 -0.220014
-0.038086 0.031006 -0.111938 -0.074050 0.060284 -0.217641
-0.029053 0.011963 -0.101318 -0.056487 0.023259 -0.196992
-0.021484 0.014160 -0.092896 -0.041772 0.027531 -0.180616
-0.007202 0.007324 -0.091797 -0.014003 0.014240 -0.178480
0.001587 0.001831 -0.093872 0.003085 0.003560 -0.182515
0.005371 0.005249 -0.088379 0.010443 0.010206 -0.171834
0.010742 0.011963 -0.086060 0.020886 0.023259 -0.167325
0.006348 0.010986 -0.091919 0.012342 0.021361 -0.178717
-0.002197 0.008911 -0.085693 -0.004272 0.017326 -0.166613
-0.008423 0.002197 -0.086914 -0.016376 0.004272 -0.168986
-0.008789 0.000977 -0.097168 -0.017089 0.001899 -0.188923
-0.012817 0.007935 -0.104248 -0.024921 0.015427 -0.202689
-0.009521 0.019531 -0.108643 -0.018513 0.037974 -0.211233
0.002930 0.023315 -0.115356 0.005696 0.045332 -0.224287
0.006226 0.015747 -0.114136 0.012104 0.030617 -0.221913
0.001221 0.019409 -0.115967 0.002373 0.037737 -0.225473
-0.012207 0.034790 -0.117065 -0.023734 0.067642 -0.227609
-0.017334 0.047363 -0.112549 -0.033702 0.092088 -0.218828
-0.013672 0.042603 -0.105713 -0.026582 0.082832 -0.205537
-0.015869 0.031982 -0.101440 -0.030854 0.062183 -0.197230
-0.009521 0.069214 -0.090820 -0.018513 0.134572 -0.176581
-0.015381 0.145630 -0.074219 -0.029905 0.283147 -0.144303
-0.035156 0.167358 -0.067383 -0.068354 0.325394 -0.131012
-0.043701 0.113159 -0.082764 -0.084968 0.220014 -0.160917
-0.032104 0.021973 -0.108765 -0.062420 0.042721 -0.211470
-0.021484 -0.009399 -0.135254 -0.041772 -0.018275 -0.262973
-0.013550 0.019775 -0.123657 -0.026345 0.038449 -0.240426
-0.016113 0.031616 -0.105957 -0.031329 0.061471 -0.206011
