0.114258 -0.358643 -0.255127 0.222151 -0.697306 -0.496041
0.260864 -0.550781 -0.145142 0.507196 -1.070879 -0.282198
0.059937 -0.286377 -0.112671 0.116534 -0.556800 -0.219065
-0.058960 -0.154663 -0.134155 -0.114635 -0.300710 -0.260837
-0.000977 -0.223022 -0.090210 -0.001899 -0.433621 -0.175394
0.047607 -0.239746 -0.030640 0.092563 -0.466136 -0.059572
0.071777 -0.246216 0.138062 0.139556 -0.478715 0.268432
0.107544 -0.339600 0.174805 0.209097 -0.660281 0.339871
0.017700 -0.426880 0.126099 0.034414 -0.829979 0.245173
0.045532 -0.356445 0.087402 0.088528 -0.693034 0.169936
-0.017456 -0.212158 0.029907 -0.033940 -0.412497 0.058148
-0.043701 -0.075928 -0.022949 -0.084968 -0.147626 -0.044620
-0.029541 -0.034790 -0.149048 -0.057436 -0.067642 -0.289792
-0.045776 -0.096558 -0.377686 -0.089003 -0.187736 -0.734331
-0.050171 -0.148682 -0.679932 -0.097547 -0.289080 -1.321985
-0.014526 -0.202759 -0.902710 -0.028243 -0.394222 -1.755131
0.091431 -0.204102 -1.025391 0.177768 -0.396833 -1.993658
0.119263 -0.038452 -1.136719 0.231881 -0.074762 -2.210113
0.050659 0.242798 -1.147217 0.098496 0.472070 -2.230524
0.021118 0.383057 -1.041748 0.041060 0.744774 -2.025462
0.097046 0.298218 -0.849487 0.188686 0.579822 -1.651651
0.199341 0.064575 -0.618042 0.387577 0.125553 -1.201654
0.242676 -0.066040 -0.464722 0.471832 -0.128401 -0.903554
0.250977 -0.079102 -0.366089 0.487972 -0.153797 -0.711784
0.233276 -0.088745 -0.285889 0.453557 -0.172546 -0.555851
0.179565 -0.082520 -0.225098 0.349128 -0.160442 -0.437655
0.096558 -0.106445 -0.138916 0.187736 -0.206961 -0.270093
-0.037720 -0.187012 -0.074707 -0.073338 -0.363605 -0.145252
-0.153564 -0.286255 -0.026733 -0.298574 -0.556563 -0.051978
-0.296631 -0.364990 0.031250 -0.576737 -0.709647 0.060759
-0.568359 -0.416626 0.197998 -1.105056 -0.810042 0.384966
-0.937134 -0.262085 0.412598 -1.822061 -0.509570 0.802210
-1.236694 0.097534 0.451904 -2.404495 0.189635 0.878634
-1.183105 0.539307 0.197388 -2.300302 1.048569 0.383779
-0.940552 0.538452 -0.113403 -1.828707 1.046908 -0.220489
-0.624146 0.172119 -0.177612 -1.213521 0.334650 -0.345330
-0.301514 0.015381 -0.173950 -0.586231 0.029905 -0.338210
-0.106689 0.054321 -0.151611 -0.207435 0.105616 -0.294777
-0.026611 0.095337 -0.159180 -0.051740 0.185363 -0.309492
-0.025146 0.102539 -0.197632 -0.048892 0.199366 -0.384254
-0.068115 0.077026 -0.204102 -0.132436 0.149762 -0.396833
-0.104492 0.049683 -0.143799 -0.203163 0.096597 -0.279587
-0.099365 0.043213 -0.064941 -0.193195 0.084018 -0.126265
-0.086060 0.027100 -0.009521 -0.167325 0.052690 -0.018513
-0.057861 -0.012329 0.033569 -0.112499 -0.023971 0.065269
-0.024780 -0.052856 0.046753 -0.048180 -0.102768 0.090901
0.020020 -0.048096 0.023804 0.038924 -0.093512 0.046281
0.068237 -0.032227 -0.004395 0.132673 -0.062658 -0.008544
0.070679 -0.020508 -0.013672 0.137420 -0.039873 -0.026582
0.049805 0.019165 -0.025024 0.096835 0.037262 -0.048655
0.024292 0.033203 -0.044800 0.047231 0.064557 -0.087104
-0.007324 0.027710 -0.072144 -0.014240 0.053876 -0.140268
-0.032227 0.013550 -0.069458 -0.062658 0.026345 -0.135047
-0.033081 0.002686 -0.047485 -0.064319 0.005221 -0.092325
-0.041504 -0.009399 -0.037231 -0.080696 -0.018275 -0.072389
-0.025757 -0.026855 -0.031494 -0.050079 -0.052215 -0.061234
0.005005 -0.036255 -0.030151 0.009731 -0.070490 -0.058623
0.028076 -0.033325 -0.040161 0.054588 -0.064794 -0.078085
0.035034 -0.046631 -0.051758 0.068117 -0.090664 -0.100632
0.026855 -0.057251 -0.051392 0.052215 -0.111313 -0.099920
0.023560 -0.045654 -0.041260 0.045807 -0.088765 -0.080221
0.031494 -0.037598 -0.044067 0.061234 -0.073101 -0.085680
0.037109 -0.032104 -0.052979 0.072151 -0.062420 -0.103006
0.050659 -0.018921 -0.063110 0.098496 -0.036788 -0.122705
0.041748 -0.014526 -0.082886 0.081170 -0.028243 -0.161154
-0.001831 -0.005005 -0.103760 -0.003560 -0.009731 -0.201739
-0.031128 0.015503 -0.114746 -0.060522 0.030142 -0.223100
-0.033813 0.026001 -0.125000 -0.065743 0.050553 -0.243036
-0.032715 0.015259 -0.110474 -0.063607 0.029668 -0.214793
-0.049561 0.015625 -0.097290 -0.096360 0.030380 -0.189160
-0.060303 0.021484 -0.089111 -0.117246 0.041772 -0.173258
-0.068115 0.012329 -0.096069 -0.132436 0.023971 -0.186787
-0.070557 0.010376 -0.105835 -0.137183 0.020174 -0.205774
-0.066284 0.028809 -0.108521 -0.128876 0.056012 -0.210996
-0.045410 0.021484 -0.094849 -0.088291 0.041772 -0.184413
-0.022339 0.013672 -0.099609 -0.043433 0.026582 -0.193670
0.005005 0.017944 -0.108398 0.009731 0.034889 -0.210758
0.011719 0.004761 -0.108521 0.022785 0.009256 -0.210996
0.007568 -0.000122 -0.109497 0.014715 -0.000237 -0.212894
-0.001831 0.013306 -0.126343 -0.003560 0.025870 -0.245647
