-0.330200 0.061157 -0.154297 -0.642005 0.118907 -0.299998
-0.216064 -0.067993 -0.160645 -0.420092 -0.132199 -0.312340
-0.119629 -0.164307 -0.093750 -0.232593 -0.319460 -0.182277
-0.016479 -0.142212 0.057861 -0.032041 -0.276501 0.112499
0.104004 -0.066284 0.160522 0.202214 -0.128876 0.312102
0.231689 -0.090088 0.179565 0.450472 -0.175157 0.349128
0.211426 -0.158813 0.235229 0.411073 -0.308780 0.457355
0.124634 -0.282837 0.191650 0.242324 -0.549917 0.372624
0.033325 -0.268555 0.070190 0.064794 -0.522149 0.136471
-0.056274 -0.127686 -0.003296 -0.109414 -0.248258 -0.006408
-0.074463 0.098511 -0.099121 -0.144778 0.191534 -0.192720
-0.012207 0.131714 -0.336182 -0.023734 0.256090 -0.653635
-0.046875 0.098389 -0.586182 -0.091139 0.191296 -1.139708
-0.041382 0.192871 -0.814697 -0.080458 0.374998 -1.584009
0.027832 0.197021 -0.976563 0.054114 0.383067 -1.898722
0.094971 -0.030762 -1.152100 0.184651 -0.059810 -2.240018
0.160645 -0.311523 -1.379517 0.312340 -0.605692 -2.682183
0.191284 -0.288818 -1.547241 0.371912 -0.561547 -3.008288
0.214233 -0.021362 -1.489868 0.416532 -0.041535 -2.896738
0.216431 0.028564 -1.192139 0.420804 0.055538 -2.317865
0.217407 0.007690 -1.005615 0.422703 0.014952 -1.955209
0.260254 -0.071289 -0.893921 0.506009 -0.138607 -1.738043
0.266602 0.026123 -0.776855 0.518351 0.050791 -1.510434
0.163574 0.197144 -0.600342 0.318036 0.383305 -1.167240
0.026367 0.204224 -0.390259 0.051266 0.397070 -0.758777
-0.063477 0.153687 -0.244019 -0.123417 0.298811 -0.474443
-0.121948 0.085327 -0.163330 -0.237103 0.165901 -0.317561
-0.265015 0.010742 -0.158081 -0.515266 0.020886 -0.307356
-0.424316 -0.035889 -0.119995 -0.824995 -0.069778 -0.233305
-0.560181 -0.078613 -0.052734 -1.089155 -0.152847 -0.102531
-0.742310 -0.197754 0.027832 -1.443266 -0.384491 0.054114
-0.989258 -0.407104 0.081177 -1.923406 -0.791530 0.157831
-1.198486 -0.455933 0.083618 -2.330207 -0.886466 0.162578
-1.400146 -0.474487 0.129028 -2.722293 -0.922542 0.250869
-1.371582 -0.480957 0.181030 -2.666755 -0.935121 0.351976
-1.068359 -0.449341 0.264526 -2.077202 -0.873650 0.514316
-0.749146 -0.266113 0.187256 -1.456557 -0.517402 0.364080
-0.519165 -0.085449 -0.106812 -1.009408 -0.166138 -0.207673
-0.337891 -0.071777 -0.351196 -0.656958 -0.139556 -0.682828
-0.206909 -0.056396 -0.396362 -0.402292 -0.109651 -0.770644
-0.114502 0.030762 -0.283081 -0.222625 0.059810 -0.550392
-0.023560 0.044067 -0.124756 -0.045807 0.085680 -0.242562
0.029053 0.030518 -0.042969 0.056487 0.059335 -0.083544
0.044189 -0.014160 -0.050171 0.085917 -0.027531 -0.097547
0.095947 -0.078613 -0.082031 0.186549 -0.152847 -0.159493
0.094360 -0.114624 -0.106323 0.183464 -0.222863 -0.206723
0.019531 -0.062256 -0.107422 0.037974 -0.121044 -0.208859
-0.033203 0.020996 -0.114258 -0.064557 0.040823 -0.222151
-0.010864 0.032349 -0.115112 -0.021123 0.062895 -0.223812
0.031250 0.013672 -0.119995 0.060759 0.026582 -0.233305
0.020752 -0.031982 -0.108765 0.040348 -0.062183 -0.211470
-0.029175 -0.025513 -0.116211 -0.056724 -0.049604 -0.225948
-0.049194 -0.014404 -0.127686 -0.095648 -0.028006 -0.248258
-0.057983 -0.003296 -0.136963 -0.112737 -0.006408 -0.266296
-0.047119 0.037720 -0.130615 -0.091613 0.073338 -0.253954
-0.019775 0.027710 -0.124146 -0.038449 0.053876 -0.241375
-0.014771 -0.008423 -0.135376 -0.028718 -0.016376 -0.263210
-0.022949 -0.013794 -0.159790 -0.044620 -0.026819 -0.310678
-0.006836 0.007080 -0.139648 -0.013291 0.013766 -0.271517
-0.012451 0.014893 -0.104614 -0.024209 0.028956 -0.203401
-0.013794 -0.002686 -0.096436 -0.026819 -0.005221 -0.187499
-0.006348 -0.019775 -0.116821 -0.012342 -0.038449 -0.227135
0.004028 0.000488 -0.132935 0.007832 0.000949 -0.258464
0.005981 0.006226 -0.125122 0.011630 0.012104 -0.243274
-0.028564 0.008667 -0.124512 -0.055538 0.016851 -0.242087
-0.048828 0.018799 -0.129028 -0.094936 0.036550 -0.250869
-0.029785 0.016479 -0.127319 -0.057911 0.032041 -0.247546
-0.023804 0.005981 -0.133179 -0.046281 0.011630 -0.258938
-0.035156 0.002686 -0.126587 -0.068354 0.005221 -0.246122
-0.041260 0.000122 -0.118652 -0.080221 0.000237 -0.230695
-0.025757 0.006958 -0.118042 -0.050079 0.013528 -0.229508
0.004639 0.013428 -0.120605 0.009019 0.026107 -0.234492
-0.005005 0.018433 -0.131958 -0.009731 0.035838 -0.256565
-0.017212 0.016602 -0.132324 -0.033465 0.032278 -0.257277
-0.019775 0.012817 -0.125854 -0.038449 0.024921 -0.244698
-0.019775 0.010620 -0.119385 -0.038449 0.020649 -0.232119
-0.027832 0.004639 -0.127197 -0.054114 0.009019 -0.247309
-0.002930 -0.011597 -0.124268 -0.005696 -0.022547 -0.241612
0.003296 -0.007690 -0.118652 0.006408 -0.014952 -0.230695
-0.015869 0.002197 -0.119141 -0.030854 0.004272 -0.231644
