-0.125122 0.041382 0.130249 -0.243274 0.080458 0.253242
-0.134277 -0.037476 0.013794 -0.261074 -0.072863 0.026819
-0.022095 -0.038940 -0.073242 -0.042959 -0.075712 -0.142404
0.094482 -0.023926 -0.036255 0.183701 -0.046519 -0.070490
0.188599 0.004883 -0.010254 0.366691 0.009494 -0.019937
0.246338 -0.036255 0.098755 0.478953 -0.070490 0.192008
0.075073 -0.164673 0.096191 0.145964 -0.320172 0.187024
-0.078369 -0.359741 -0.120483 -0.152372 -0.699442 -0.234255
0.011719 -0.235840 -0.257568 0.022785 -0.458541 -0.500788
-0.031738 -0.039917 -0.364136 -0.061708 -0.077610 -0.707986
-0.046997 0.186523 -0.536255 -0.091376 0.362656 -1.042636
-0.011475 0.357056 -0.818359 -0.022310 0.694220 -1.591129
0.049805 0.376587 -1.175537 0.096835 0.732195 -2.285587
0.083496 0.290283 -1.484985 0.162341 0.564395 -2.887244
0.161987 0.234863 -1.573486 0.314951 0.456643 -3.059316
0.296265 0.088867 -1.336060 0.576025 0.172784 -2.597689
0.368286 -0.046631 -0.885376 0.716056 -0.090664 -1.721429
0.201538 -0.003052 -0.446533 0.391849 -0.005934 -0.868191
0.032227 0.126587 -0.120117 0.062658 0.246122 -0.233543
0.028931 0.147461 -0.053467 0.056250 0.286707 -0.103955
0.081787 0.055298 -0.108643 0.159018 0.107515 -0.211233
0.092407 0.000732 -0.099487 0.179667 0.001424 -0.193432
0.048340 -0.037598 -0.020874 0.093987 -0.073101 -0.040585
-0.162109 -0.202881 0.012939 -0.315188 -0.394460 0.025158
-0.576416 -0.298706 -0.120972 -1.120721 -0.580772 -0.235204
-0.967407 -0.368042 -0.226196 -1.880922 -0.715581 -0.439792
-1.239136 -0.183350 -0.268311 -2.409241 -0.356485 -0.521674
-1.611450 0.301880 -0.318970 -3.133129 0.586943 -0.620170
-1.697998 0.526978 -0.303101 -3.301403 1.024598 -0.589316
-1.138184 0.348145 -0.190918 -2.212961 0.676894 -0.371200
-0.402466 -0.074585 -0.165771 -0.782511 -0.145015 -0.322308
-0.151733 -0.156616 -0.255859 -0.295014 -0.304508 -0.497465
-0.232910 0.164551 -0.245117 -0.452845 0.319935 -0.476579
-0.219971 0.335571 -0.053833 -0.427687 0.652448 -0.104667
0.091797 0.152466 0.084839 0.178480 0.296438 0.164952
0.307617 -0.015869 0.057373 0.598098 -0.030854 0.111550
0.362793 -0.024536 -0.013306 0.705375 -0.047705 -0.025870
0.321655 0.034668 -0.060669 0.625392 0.067405 -0.117958
0.252197 0.083984 -0.061401 0.490345 0.163290 -0.119382
0.172241 0.103516 -0.000366 0.334887 0.201265 -0.000712
0.098877 0.151733 0.058472 0.192246 0.295014 0.113686
0.061035 0.168823 0.073608 0.118670 0.328242 0.143116
0.018311 0.139404 0.032349 0.035601 0.271043 0.062895
-0.010620 0.102905 -0.006592 -0.020649 0.200078 -0.012816
0.001831 0.081299 -0.025635 0.003560 0.158069 -0.049841
0.001343 0.072632 -0.055908 0.002611 0.141217 -0.108702
-0.012207 0.064087 -0.097778 -0.023734 0.124604 -0.190110
-0.005737 0.038940 -0.116333 -0.011155 0.075712 -0.226185
-0.000244 0.015015 -0.090210 -0.000475 0.029193 -0.175394
0.014404 0.006226 -0.065308 0.028006 0.012104 -0.126977
0.031860 -0.026367 -0.041870 0.061946 -0.051266 -0.081408
0.055786 0.000610 -0.034058 0.108465 0.001187 -0.066218
0.062988 0.026489 -0.033203 0.122468 0.051503 -0.064557
0.052002 0.000122 -0.026733 0.101107 0.000237 -0.051978
0.030762 -0.031372 -0.028809 0.059810 -0.060996 -0.056012
-0.005615 -0.039673 -0.042725 -0.010918 -0.077136 -0.083069
-0.021729 -0.032104 -0.062744 -0.042247 -0.062420 -0.121993
-0.012451 -0.018188 -0.070679 -0.024209 -0.035364 -0.137420
-0.004028 -0.058472 -0.065552 -0.007832 -0.113686 -0.127452
-0.008301 -0.105225 -0.068359 -0.016139 -0.204587 -0.132911
-0.000854 -0.105347 -0.081543 -0.001661 -0.204825 -0.158543
0.003540 -0.107544 -0.100586 0.006883 -0.209097 -0.195568
-0.001831 -0.146606 -0.098999 -0.003560 -0.285046 -0.192483
-0.000854 -0.170288 -0.094482 -0.001661 -0.331090 -0.183701
-0.011108 -0.143066 -0.098999 -0.021598 -0.278163 -0.192483
-0.033936 -0.109741 -0.090576 -0.065981 -0.213369 -0.176106
-0.035645 -0.072388 -0.074219 -0.069303 -0.140743 -0.144303
-0.017578 -0.029053 -0.076416 -0.034177 -0.056487 -0.148575
-0.015015 -0.008057 -0.108643 -0.029193 -0.015664 -0.211233
-0.037354 -0.022339 -0.137817 -0.072626 -0.043433 -0.267957
-0.074341 -0.028687 -0.139160 -0.144540 -0.055775 -0.270568
-0.078125 0.002563 -0.098267 -0.151898 0.004984 -0.191059
-0.055420 0.036377 -0.080933 -0.107752 0.070727 -0.157357
-0.037964 0.023926 -0.092407 -0.073813 0.046519 -0.179667
-0.021729 0.014404 -0.116455 -0.042247 0.028006 -0.226423
-0.000122 0.007935 -0.131592 -0.000237 0.015427 -0.255853
0.018188 -0.015137 -0.141846 0.035364 -0.029430 -0.275789
0.016602 -0.023438 -0.150513 0.032278 -0.045569 -0.292641
0.014771 -0.011963 -0.139038 0.028718 -0.023259 -0.270331
0.014893 -0.006470 -0.128784 0.028956 -0.012579 -0.250394
