-0.056763 0.250610 0.749634 -0.110363 0.487260 1.457507
-0.050781 0.261475 0.831543 -0.098734 0.508383 1.616762
-0.342773 0.184692 0.725586 -0.666452 0.359096 1.410751
-0.476929 -0.020508 0.490601 -0.927288 -0.039873 0.953871
-0.524536 -0.299316 0.265137 -1.019851 -0.581958 0.515503
-0.850586 -0.228271 0.312988 -1.653787 -0.443826 0.608540
-0.720459 0.567993 -0.326904 -1.400782 1.104344 -0.635597
0.208618 0.797974 -1.309692 0.405615 1.551493 -2.546424
0.682007 0.571167 -1.961426 1.326020 1.110515 -3.813584
0.806152 0.147461 -2.167969 1.567395 0.286707 -4.215163
0.667603 -0.347534 -1.867554 1.298014 -0.675708 -3.631069
0.649902 -0.330688 -1.473389 1.263600 -0.642955 -2.864697
0.630249 -0.114624 -1.096924 1.225388 -0.222863 -2.132740
0.538940 -0.047852 -0.621460 1.047857 -0.093037 -1.208299
0.398071 -0.087280 -0.319214 0.773967 -0.169698 -0.620645
0.273193 -0.039917 -0.193970 0.531168 -0.077610 -0.377134
0.070679 0.022705 -0.084961 0.137420 0.044145 -0.165189
-0.037109 -0.067261 -0.059326 -0.072151 -0.130774 -0.115347
-0.177124 -0.067627 0.077881 -0.344381 -0.131487 0.151423
-0.585205 0.589478 0.124756 -1.137809 1.146116 0.242562
-1.280029 0.795898 0.130615 -2.488750 1.547459 0.253954
-1.986450 -0.017944 0.279541 -3.862238 -0.034889 0.543509
-2.030396 0.285645 0.101196 -3.947681 0.555376 0.196755
-1.236938 0.791870 -0.188354 -2.404969 1.539626 -0.366216
-0.698608 0.699463 -0.374023 -1.358298 1.359960 -0.727211
-0.400024 0.509521 -0.436035 -0.777764 0.990658 -0.847780
-0.075684 0.447144 -0.287231 -0.147151 0.869377 -0.558462
0.277344 0.511108 -0.113403 0.539237 0.993744 -0.220489
0.340088 0.475464 -0.002441 0.661230 0.924440 -0.004747
0.296875 0.386475 0.027954 0.577212 0.751419 0.054351
0.334595 0.281006 -0.061523 0.650550 0.546357 -0.119620
0.320435 0.119507 -0.288086 0.623018 0.232356 -0.560123
0.405396 0.201782 -0.343018 0.788207 0.392323 -0.666926
0.348145 0.207886 -0.196289 0.676894 0.404191 -0.381643
0.227539 0.149902 -0.072632 0.442402 0.291454 -0.141217
0.094849 0.020508 -0.115967 0.184413 0.039873 -0.225473
0.112305 -0.036499 -0.208496 0.218353 -0.070965 -0.405377
0.152710 -0.054321 -0.217773 0.296913 -0.105616 -0.423415
0.093628 -0.089478 -0.188721 0.182040 -0.173970 -0.366928
0.051514 -0.072266 -0.156250 0.100158 -0.140505 -0.303796
0.004028 -0.048462 -0.130493 0.007832 -0.094224 -0.253717
-0.034790 -0.085693 -0.140503 -0.067642 -0.166613 -0.273179
-0.024292 -0.121094 -0.173096 -0.047231 -0.235442 -0.336549
-0.009766 -0.085205 -0.169067 -0.018987 -0.165664 -0.328716
-0.020386 -0.059692 -0.136230 -0.039636 -0.116059 -0.264872
-0.020508 -0.078613 -0.122192 -0.039873 -0.152847 -0.237578
-0.017212 -0.101807 -0.131104 -0.033465 -0.197942 -0.254903
-0.010986 -0.097534 -0.121094 -0.021361 -0.189635 -0.235442
-0.025269 -0.080444 -0.096313 -0.049129 -0.156407 -0.187261
-0.017212 -0.063354 -0.104980 -0.033465 -0.123180 -0.204113
0.019653 -0.046753 -0.117676 0.038212 -0.090901 -0.228796
0.021606 -0.005127 -0.113281 0.042009 -0.009968 -0.220252
0.009155 0.006226 -0.114136 0.017801 0.012104 -0.221913
0.000122 0.028687 -0.149170 0.000237 0.055775 -0.290030
0.021240 0.030029 -0.181152 0.041297 0.058386 -0.352213
0.044922 0.018555 -0.174194 0.087341 0.036076 -0.338685
0.046631 0.024658 -0.148438 0.090664 0.047943 -0.288606
0.059570 0.010132 -0.106567 0.115822 0.019699 -0.207198
0.059692 0.016968 -0.110474 0.116059 0.032990 -0.214793
0.075806 0.046997 -0.130981 0.147388 0.091376 -0.254666
0.068848 0.045166 -0.152344 0.133860 0.087816 -0.296201
0.045288 0.046631 -0.163574 0.088053 0.090664 -0.318036
0.011108 0.055908 -0.153320 0.021598 0.108702 -0.298099
-0.028931 0.064453 -0.156982 -0.056250 0.125316 -0.305220
-0.074707 0.036865 -0.175537 -0.145252 0.071677 -0.341295
-0.056763 0.012939 -0.164185 -0.110363 0.025158 -0.319223
-0.047607 0.007324 -0.134033 -0.092563 0.014240 -0.260600
-0.017822 0.014648 -0.121826 -0.034652 0.028481 -0.236866
0.012329 0.044922 -0.118896 0.023971 0.087341 -0.231169
-0.008423 0.053955 -0.153564 -0.016376 0.104904 -0.298574
-0.005615 0.036377 -0.176636 -0.010918 0.070727 -0.343431
0.007568 0.055664 -0.180908 0.014715 0.108227 -0.351738
0.005859 0.056396 -0.178101 0.011392 0.109651 -0.346279
0.006958 0.027466 -0.154419 0.013528 0.053402 -0.300235
-0.028198 -0.009521 -0.124878 -0.054826 -0.018513 -0.242799
-0.052246 -0.065186 -0.122070 -0.101582 -0.126740 -0.237340
-0.026611 -0.064087 -0.150146 -0.051740 -0.124604 -0.291929
-0.004883 -0.051392 -0.181763 -0.009494 -0.099920 -0.353400
0.017334 -0.028320 -0.184692 0.033702 -0.055063 -0.359096
0.032837 0.024048 -0.162964 0.063845 0.046756 -0.316849
