-0.310913 0.174438 0.750854 -0.604506 0.339159 1.459880
-0.406372 0.170166 0.540527 -0.790106 0.330852 1.050943
-0.284912 0.443359 0.408325 -0.553952 0.862020 0.793903
-0.195435 0.423706 0.279541 -0.379982 0.823808 0.543509
-0.318359 0.082886 0.251831 -0.618983 0.161154 0.489633
-0.135498 0.208862 0.088745 -0.263448 0.406089 0.172546
-0.180298 0.164307 0.041504 -0.350552 0.319460 0.080696
-0.135742 0.118164 0.057373 -0.263922 0.229745 0.111550
-0.026855 -0.334595 -0.318970 -0.052215 -0.650550 -0.620170
-0.190063 -0.646851 -1.041626 -0.369539 -1.257666 -2.025225
-0.301392 -0.232666 -1.916504 -0.585993 -0.452371 -3.726243
-0.278931 -0.065674 -2.652954 -0.542323 -0.127689 -5.158116
-0.408691 0.251465 -3.315674 -0.794615 0.488921 -6.446637
-0.218872 1.762695 3.864868 -0.425551 3.427194 7.514431
0.041870 0.910889 3.850098 0.081408 1.771033 7.485713
0.518677 0.333618 -2.878418 1.008459 0.648651 -5.596484
0.540405 -0.517822 -1.506958 1.050705 -1.006797 -2.929966
0.445557 -0.504883 -0.469238 0.866292 -0.981639 -0.912336
0.070435 -0.262939 0.199097 0.136945 -0.511231 0.387102
-0.354126 -0.342285 0.495605 -0.688524 -0.665502 0.963602
-0.830322 -0.423706 0.620483 -1.614389 -0.823808 1.206401
-1.080078 -0.242798 0.783447 -2.099987 -0.472070 1.523250
-1.347778 -0.082520 0.789917 -2.620474 -0.160442 1.535829
-1.564209 0.126099 0.544312 -3.041278 0.245173 1.058300
-1.427734 0.337158 0.317749 -2.775932 0.655534 0.617797
-1.064697 0.345215 0.251587 -2.070082 0.671198 0.489158
-0.607788 0.263550 0.286499 -1.181717 0.512418 0.557038
-0.335938 0.256592 0.211548 -0.653160 0.498889 0.411311
-0.080322 0.306763 0.066650 -0.156170 0.596436 0.129588
0.095093 0.304321 -0.064819 0.184888 0.591689 -0.126028
0.160767 0.228149 -0.103638 0.312577 0.443589 -0.201502
0.204590 0.084106 -0.045166 0.397782 0.163527 -0.087816
0.196045 0.010864 -0.060059 0.381168 0.021123 -0.116771
0.132690 0.022461 -0.120605 0.257989 0.043671 -0.234492
0.074097 0.013062 -0.129517 0.144066 0.025395 -0.251818
0.040771 -0.003906 -0.079712 0.079272 -0.007595 -0.154983
0.042358 0.025879 -0.095825 0.082357 0.050316 -0.186312
0.048584 -0.004639 -0.122437 0.094461 -0.009019 -0.238052
0.032227 -0.069458 -0.138184 0.062658 -0.135047 -0.268669
0.031250 0.014771 -0.176270 0.060759 0.028718 -0.342719
0.039917 0.071533 -0.138062 0.077610 0.139081 -0.268432
-0.000854 -0.002808 -0.093140 -0.001661 -0.005459 -0.181091
-0.007202 -0.015381 -0.112183 -0.014003 -0.029905 -0.218116
-0.016724 -0.025757 -0.114868 -0.032516 -0.050079 -0.223337
-0.021362 -0.042480 -0.116211 -0.041535 -0.082594 -0.225948
-0.016357 -0.021240 -0.160156 -0.031804 -0.041297 -0.311390
-0.010620 0.001831 -0.185181 -0.020649 0.003560 -0.360045
-0.021606 0.023682 -0.179321 -0.042009 0.046044 -0.348653
-0.024536 0.037720 -0.162476 -0.047705 0.073338 -0.315900
-0.025635 -0.000122 -0.150269 -0.049841 -0.000237 -0.292166
-0.028931 -0.047241 -0.143555 -0.056250 -0.091851 -0.279112
-0.017090 -0.034790 -0.157471 -0.033228 -0.067642 -0.306169
-0.016357 -0.020752 -0.166626 -0.031804 -0.040348 -0.323969
-0.025879 -0.029175 -0.167236 -0.050316 -0.056724 -0.325156
-0.015503 -0.022583 -0.131714 -0.030142 -0.043908 -0.256090
-0.002197 0.002808 -0.124756 -0.004272 0.005459 -0.242562
-0.012695 -0.019775 -0.126953 -0.024683 -0.038449 -0.246834
-0.012695 -0.001831 -0.155518 -0.024683 -0.003560 -0.302372
-0.004517 0.038452 -0.181519 -0.008782 0.074762 -0.352925
-0.017212 0.035889 -0.170776 -0.033465 0.069778 -0.332039
-0.020874 0.035767 -0.156616 -0.040585 0.069541 -0.304508
-0.028687 0.041382 -0.151245 -0.055775 0.080458 -0.294065
-0.046753 0.034668 -0.135376 -0.090901 0.067405 -0.263210
-0.055298 0.043945 -0.132813 -0.107515 0.085443 -0.258226
-0.076416 0.065674 -0.154053 -0.148575 0.127689 -0.299523
-0.078369 0.046509 -0.165283 -0.152372 0.090427 -0.321359
-0.088623 0.012939 -0.150269 -0.172309 0.025158 -0.292166
-0.092041 0.026245 -0.131592 -0.178955 0.051028 -0.255853
-0.080688 0.008423 -0.129395 -0.156882 0.016376 -0.251581
-0.074707 0.005371 -0.148438 -0.145252 0.010443 -0.288606
-0.058350 0.003662 -0.139038 -0.113449 0.007120 -0.270331
-0.062134 0.000244 -0.140259 -0.120806 0.000475 -0.272704
-0.067627 -0.027344 -0.154297 -0.131487 -0.053164 -0.299998
-0.077637 -0.025635 -0.146851 -0.150948 -0.049841 -0.285520
-0.080444 0.025024 -0.121704 -0.156407 0.048655 -0.236628
-0.052246 0.030273 -0.111328 -0.101582 0.058860 -0.216454
-0.040405 -0.002930 -0.141724 -0.078560 -0.005696 -0.275552
-0.011353 -0.000610 -0.137451 -0.022073 -0.001187 -0.267245
-0.023926 0.013428 -0.135742 -0.046519 0.026107 -0.263922
-0.023193 0.050293 -0.144775 -0.045095 0.097784 -0.281486
