-0.072266 0.260132 -0.117065 -0.140505 0.505772 -0.227609
-0.166870 0.064453 -0.198242 -0.324444 0.125316 -0.385441
-0.345337 -0.075073 -0.169922 -0.671436 -0.145964 -0.330378
-0.283569 -0.022705 -0.159302 -0.551341 -0.044145 -0.309729
-0.168579 0.052002 -0.140625 -0.327767 0.101107 -0.273416
-0.003296 -0.063477 -0.076050 -0.006408 -0.123417 -0.147863
0.077637 -0.215332 0.039307 0.150948 -0.418668 0.076424
0.146484 -0.255859 0.055298 0.284808 -0.497465 0.107515
-0.035156 -0.367920 -0.023804 -0.068354 -0.715344 -0.046281
-0.107178 -0.455444 -0.027954 -0.208385 -0.885517 -0.054351
-0.056885 -0.154541 -0.163818 -0.110601 -0.300473 -0.318511
0.051514 -0.121338 -0.342285 0.100158 -0.235916 -0.665502
0.008057 -0.147095 -0.559204 0.015664 -0.285995 -1.087256
0.048950 -0.031006 -0.776123 0.095173 -0.060284 -1.509009
0.071045 0.003784 -0.918823 0.138132 0.007358 -1.786460
0.173340 0.130615 -1.011963 0.337023 0.253954 -1.967551
0.297485 0.185791 -0.994995 0.578398 0.361232 -1.934561
0.386108 0.142212 -0.881226 0.750707 0.276501 -1.713359
0.387207 0.044434 -0.733154 0.752843 0.086392 -1.425466
0.350952 -0.039917 -0.627563 0.682353 -0.077610 -1.220166
0.308960 -0.096436 -0.518677 0.600708 -0.187499 -1.008459
0.275879 -0.092651 -0.424561 0.536389 -0.180141 -0.825469
0.232666 -0.059937 -0.338623 0.452371 -0.116534 -0.658382
0.139648 -0.046021 -0.238647 0.271517 -0.089477 -0.464000
0.048706 -0.021606 -0.174316 0.094699 -0.042009 -0.338922
-0.048096 0.016235 -0.160889 -0.093512 0.031566 -0.312815
-0.192871 -0.027466 -0.165894 -0.374998 -0.053402 -0.322545
-0.422363 -0.122559 -0.176025 -0.821197 -0.238290 -0.342245
-0.661865 -0.148926 -0.184937 -1.286859 -0.289555 -0.359571
-0.898560 -0.042358 -0.121460 -1.747062 -0.082357 -0.236154
-1.204956 0.084106 0.032104 -2.342786 0.163527 0.062420
-1.362793 0.118042 0.150269 -2.649667 0.229508 0.292166
-1.054565 -0.147705 0.146484 -2.050383 -0.287182 0.284808
-0.543701 -0.374512 -0.068359 -1.057114 -0.728160 -0.132911
-0.348267 -0.349854 -0.214478 -0.677132 -0.680217 -0.417007
-0.241943 -0.143311 -0.213745 -0.470408 -0.278637 -0.415583
-0.163818 0.077271 -0.188965 -0.318511 0.150236 -0.367403
-0.108032 0.163086 -0.167603 -0.210046 0.317087 -0.325868
-0.014526 0.114624 -0.119019 -0.028243 0.222863 -0.231407
0.046265 0.048462 -0.060303 0.089952 0.094224 -0.117246
0.078979 0.027344 -0.037842 0.153559 0.053164 -0.073575
0.072021 0.038330 -0.072144 0.140031 0.074525 -0.140268
0.038086 0.035522 -0.121216 0.074050 0.069066 -0.235679
0.044678 0.016357 -0.128418 0.086867 0.031804 -0.249682
0.041504 0.009155 -0.111450 0.080696 0.017801 -0.216692
0.026978 0.002563 -0.091553 0.052452 0.004984 -0.178005
0.025879 -0.006226 -0.078003 0.050316 -0.012104 -0.151660
0.015381 -0.020996 -0.079590 0.029905 -0.040823 -0.154746
0.006348 -0.025024 -0.084229 0.012342 -0.048655 -0.163765
0.003296 -0.019531 -0.090210 0.006408 -0.037974 -0.175394
-0.000732 -0.009766 -0.102295 -0.001424 -0.018987 -0.198891
-0.002197 -0.013550 -0.110229 -0.004272 -0.026345 -0.214318
0.002808 -0.000488 -0.123901 0.005459 -0.000949 -0.240900
0.007690 0.013672 -0.128784 0.014952 0.026582 -0.250394
0.018433 0.009766 -0.118896 0.035838 0.018987 -0.231169
0.015869 0.016724 -0.111206 0.030854 0.032516 -0.216217
0.016602 0.013794 -0.106567 0.032278 0.026819 -0.207198
0.019165 0.006226 -0.096558 0.037262 0.012104 -0.187736
0.031738 0.009888 -0.091064 0.061708 0.019225 -0.177056
0.026733 0.005493 -0.078613 0.051978 0.010680 -0.152847
0.025024 0.011963 -0.080200 0.048655 0.023259 -0.155933
0.032349 0.006104 -0.076172 0.062895 0.011867 -0.148100
0.042603 -0.006226 -0.063477 0.082832 -0.012104 -0.123417
0.046021 -0.010498 -0.052979 0.089477 -0.020411 -0.103006
0.052368 -0.017456 -0.051758 0.101819 -0.033940 -0.100632
0.059326 -0.019287 -0.063477 0.115347 -0.037500 -0.123417
0.073608 -0.030640 -0.074585 0.143116 -0.059572 -0.145015
0.069458 -0.050537 -0.082520 0.135047 -0.098259 -0.160442
0.064087 -0.054810 -0.096924 0.124604 -0.106566 -0.188448
0.057129 -0.068481 -0.109863 0.111075 -0.133148 -0.213606
0.041870 -0.051758 -0.126831 0.081408 -0.100632 -0.246597
0.025635 0.006226 -0.144653 0.049841 0.012104 -0.281248
0.022949 0.047729 -0.147339 0.044620 0.092800 -0.286470
0.033081 0.055054 -0.142944 0.064319 0.107040 -0.277925
0.027222 0.047974 -0.136475 0.052927 0.093275 -0.265346
0.013062 0.036499 -0.130859 0.025395 0.070965 -0.254429
-0.000977 0.030762 -0.131592 -0.001899 0.059810 -0.255853
-0.013794 0.058594 -0.146484 -0.026819 0.113923 -0.284808
-0.016846 0.106445 -0.169312 -0.032753 0.206961 -0.329191
-0.011963 0.103271 -0.172241 -0.023259 0.200790 -0.334887
