-0.068115 0.458496 0.938965 -0.132436 0.891450 1.825621
-0.367920 0.260010 0.719482 -0.715344 0.505535 1.398884
-0.676758 0.120850 0.523804 -1.315814 0.234967 1.018427
-0.665649 -0.026001 0.372437 -1.294217 -0.050553 0.724125
-0.430542 -0.073242 0.173584 -0.837099 -0.142404 0.337498
0.077148 0.070068 -0.281616 0.149999 0.136233 -0.547544
0.361572 -0.142944 -1.025879 0.703002 -0.277925 -1.994608
0.384644 -0.456909 -1.958496 0.747859 -0.888365 -3.807888
0.388062 -0.809204 -2.911499 0.754505 -1.573329 -5.660803
0.280884 -0.943481 -3.603394 0.546120 -1.834403 -7.006048
0.011108 -0.815186 -3.861694 0.021598 -1.584958 -7.508260
0.164185 -0.804199 -3.083862 0.319223 -1.563598 -5.995928
0.698486 -0.476685 -1.793213 1.358061 -0.926814 -3.486529
0.859985 -0.057373 -0.859497 1.672062 -0.111550 -1.671113
0.460449 -0.024292 -0.328979 0.895248 -0.047231 -0.639632
-0.022583 -0.160278 -0.075806 -0.043908 -0.311628 -0.147388
-0.219116 -0.238037 -0.154419 -0.426026 -0.462814 -0.300235
-0.406250 -0.330078 -0.469727 -0.789868 -0.641768 -0.913285
-0.616577 -0.528931 -0.698608 -1.198806 -1.028395 -1.358298
-0.889282 -0.629272 -0.939941 -1.729024 -1.223489 -1.827520
-1.216797 -0.441528 -1.104370 -2.365808 -0.858460 -2.147218
-1.514893 -0.270996 -1.073364 -2.945393 -0.526895 -2.086933
-1.605713 -0.077393 -0.823608 -3.121974 -0.150474 -1.601335
-1.158203 0.354614 -0.433228 -2.251885 0.689474 -0.842321
-0.601685 0.605347 -0.144531 -1.169850 1.176970 -0.281011
-0.472778 0.420410 -0.194946 -0.919219 0.817400 -0.379032
-0.501099 0.139038 -0.253296 -0.974282 0.270331 -0.492481
-0.259277 0.079224 -0.236328 -0.504111 0.154034 -0.459491
0.034912 0.057983 -0.141357 0.067879 0.112737 -0.274840
0.142090 -0.096802 -0.104004 0.276264 -0.188211 -0.202214
0.142944 -0.171631 -0.125122 0.277925 -0.333700 -0.243274
0.163696 -0.189819 -0.169800 0.318273 -0.369064 -0.330140
0.192383 -0.067017 -0.164307 0.374048 -0.130300 -0.319460
0.198730 0.040649 -0.072144 0.386390 0.079034 -0.140268
0.104614 0.008179 -0.007080 0.203401 0.015902 -0.013766
0.027344 -0.041260 -0.004639 0.053164 -0.080221 -0.009019
-0.038086 -0.034790 -0.036743 -0.074050 -0.067642 -0.071439
-0.069824 -0.003418 -0.058960 -0.135759 -0.006646 -0.114635
-0.048462 0.024902 -0.035889 -0.094224 0.048417 -0.069778
-0.034302 0.046387 -0.030884 -0.066693 0.090189 -0.060047
-0.031738 0.070190 -0.046265 -0.061708 0.136471 -0.089952
-0.026001 0.025513 -0.097656 -0.050553 0.049604 -0.189872
-0.073853 -0.039917 -0.158691 -0.143591 -0.077610 -0.308542
-0.056519 -0.031616 -0.168823 -0.109889 -0.061471 -0.328242
-0.021118 -0.024780 -0.119385 -0.041060 -0.048180 -0.232119
-0.012451 0.003174 -0.077393 -0.024209 0.006171 -0.150474
0.007080 0.021606 -0.052734 0.013766 0.042009 -0.102531
-0.007813 -0.006958 -0.074341 -0.015190 -0.013528 -0.144540
-0.007202 -0.016113 -0.089111 -0.014003 -0.031329 -0.173258
0.019043 0.017334 -0.083740 0.037025 0.033702 -0.162815
0.016113 0.048584 -0.082764 0.031329 0.094461 -0.160917
0.033569 0.100464 -0.080444 0.065269 0.195331 -0.156407
0.054443 0.063843 -0.064941 0.105854 0.124129 -0.126265
0.059082 0.026489 -0.057373 0.114873 0.051503 -0.111550
0.037231 0.024170 -0.079956 0.072389 0.046993 -0.155458
0.005005 -0.012085 -0.103149 0.009731 -0.023497 -0.200553
-0.032959 -0.045532 -0.121460 -0.064082 -0.088528 -0.236154
-0.043579 -0.025146 -0.146362 -0.084730 -0.048892 -0.284571
-0.021606 0.006836 -0.126831 -0.042009 0.013291 -0.246597
-0.005859 -0.002686 -0.100098 -0.011392 -0.005221 -0.194619
-0.009399 -0.023682 -0.095215 -0.018275 -0.046044 -0.185125
-0.008911 -0.025879 -0.113037 -0.017326 -0.050316 -0.219777
-0.007202 0.009644 -0.126465 -0.014003 0.018750 -0.245885
-0.010254 0.026978 -0.138672 -0.019937 0.052452 -0.269619
-0.010498 0.022095 -0.135986 -0.020411 0.042959 -0.264397
-0.019531 0.004395 -0.122314 -0.037974 0.008544 -0.237815
-0.023315 -0.007324 -0.120728 -0.045332 -0.014240 -0.234730
-0.021606 0.000854 -0.134155 -0.042009 0.001661 -0.260837
-0.031250 -0.003784 -0.158936 -0.060759 -0.007358 -0.309017
-0.025635 0.017212 -0.163574 -0.049841 0.033465 -0.318036
-0.023804 0.025513 -0.140381 -0.046281 0.049604 -0.272941
-0.020142 0.001587 -0.109863 -0.039161 0.003085 -0.213606
-0.019897 0.009399 -0.094482 -0.038686 0.018275 -0.183701
-0.010254 0.026855 -0.095215 -0.019937 0.052215 -0.185125
-0.012695 0.020142 -0.109009 -0.024683 0.039161 -0.211945
-0.015869 -0.001221 -0.110474 -0.030854 -0.002373 -0.214793
-0.023315 -0.015747 -0.111938 -0.045332 -0.030617 -0.217641
-0.023315 0.005371 -0.124634 -0.045332 0.010443 -0.242324
-0.020508 0.015747 -0.129150 -0.039873 0.030617 -0.251106
-0.010132 0.026245 -0.119629 -0.019699 0.051028 -0.232593
