-0.336670 0.173340 0.010620 -0.654585 0.337023 0.020649
-0.191406 0.340576 0.029419 -0.372150 0.662179 0.057199
-0.206665 0.359619 -0.071777 -0.401817 0.699205 -0.139556
-0.086426 0.291748 -0.132080 -0.168037 0.567243 -0.256802
0.007080 0.325317 -0.163940 0.013766 0.632512 -0.318748
0.125977 0.298828 -0.103149 0.244935 0.581009 -0.200553
0.136230 0.224609 0.069336 0.264872 0.436706 0.134809
-0.009766 -0.060547 0.087280 -0.018987 -0.117721 0.169698
-0.059204 -0.094116 -0.139160 -0.115110 -0.182989 -0.270568
-0.226929 -0.062622 -0.495483 -0.441216 -0.121756 -0.963364
-0.241089 0.193848 -0.897583 -0.468747 0.376896 -1.745163
-0.107910 0.369995 -1.257202 -0.209809 0.719378 -2.444368
-0.072876 0.410400 -1.477661 -0.141692 0.797938 -2.873004
-0.064087 0.336914 -1.473877 -0.124604 0.655059 -2.865647
-0.023315 0.169800 -1.295776 -0.045332 0.330140 -2.519367
-0.037964 0.040894 -1.026245 -0.073813 0.079509 -1.995320
-0.039673 0.019653 -0.567993 -0.077136 0.038212 -1.104344
0.018555 0.078735 -0.289307 0.036076 0.153084 -0.562496
0.069458 -0.009888 -0.202759 0.135047 -0.019225 -0.394222
0.123535 -0.113525 -0.208496 0.240188 -0.220726 -0.405377
0.107056 -0.113770 -0.191162 0.208147 -0.221201 -0.371675
0.059082 -0.070190 -0.140015 0.114873 -0.136471 -0.272229
-0.029053 -0.088501 -0.085083 -0.056487 -0.172072 -0.165426
-0.175049 -0.152710 -0.073853 -0.340346 -0.296913 -0.143591
-0.291260 -0.206665 -0.085815 -0.566294 -0.401817 -0.166850
-0.415771 -0.230835 -0.097412 -0.808381 -0.448810 -0.189398
-0.640625 -0.094360 -0.088013 -1.245562 -0.183464 -0.171122
-0.873047 0.208008 -0.002930 -1.697458 0.404428 -0.005696
-0.974243 0.329590 0.076538 -1.894213 0.640819 0.148812
-0.928223 0.336426 -0.017212 -1.804736 0.654110 -0.033465
-0.704102 0.288452 -0.178955 -1.368979 0.560835 -0.347941
-0.380859 0.199463 -0.232300 -0.740502 0.387814 -0.451659
-0.216553 0.163696 -0.208862 -0.421042 0.318273 -0.406089
-0.153931 0.192749 -0.151123 -0.299286 0.374760 -0.293827
-0.101318 0.168091 -0.076782 -0.196992 0.326818 -0.149287
-0.067993 0.143311 -0.061890 -0.132199 0.278637 -0.120332
-0.031128 0.112061 -0.114624 -0.060522 0.217878 -0.222863
-0.011108 0.066772 -0.169800 -0.021598 0.129825 -0.330140
0.014282 0.044067 -0.199341 0.027769 0.085680 -0.387577
0.024536 0.023071 -0.194580 0.047705 0.044857 -0.378320
0.047241 0.009399 -0.157837 0.091851 0.018275 -0.306881
0.052612 0.001465 -0.122925 0.102294 0.002848 -0.239002
0.066895 -0.006836 -0.099487 0.130062 -0.013291 -0.193432
0.065308 -0.016724 -0.090332 0.126977 -0.032516 -0.175632
0.040039 -0.016602 -0.100830 0.077848 -0.032278 -0.196043
0.042847 0.017334 -0.109253 0.083306 0.033702 -0.212420
0.050781 0.025757 -0.119385 0.098734 0.050079 -0.232119
0.031006 0.001099 -0.142090 0.060284 0.002136 -0.276264
-0.002075 -0.013184 -0.140259 -0.004035 -0.025633 -0.272704
-0.035400 -0.005127 -0.130005 -0.068829 -0.009968 -0.252767
-0.049927 0.019165 -0.130127 -0.097072 0.037262 -0.253005
-0.046387 0.041992 -0.141479 -0.090189 0.081645 -0.275077
-0.054199 0.043945 -0.162109 -0.105379 0.085443 -0.315188
-0.059937 0.020874 -0.168335 -0.116534 0.040585 -0.327292
-0.063721 0.030762 -0.157471 -0.123892 0.059810 -0.306169
-0.088013 0.037354 -0.158081 -0.171122 0.072626 -0.307356
-0.119995 0.038574 -0.182129 -0.233305 0.075000 -0.354112
-0.084839 0.000732 -0.173340 -0.164952 0.001424 -0.337023
-0.055176 -0.017212 -0.159790 -0.107278 -0.033465 -0.310678
-0.051147 0.004272 -0.160278 -0.099446 0.008307 -0.311628
-0.045532 -0.004150 -0.154541 -0.088528 -0.008070 -0.300473
-0.031250 0.006592 -0.135864 -0.060759 0.012816 -0.264160
-0.005371 0.005737 -0.120605 -0.010443 0.011155 -0.234492
-0.006348 0.000977 -0.125732 -0.012342 0.001899 -0.244460
-0.012207 0.007690 -0.129395 -0.023734 0.014952 -0.251581
-0.015625 -0.006958 -0.120850 -0.030380 -0.013528 -0.234967
-0.018555 -0.009888 -0.113159 -0.036076 -0.019225 -0.220014
-0.018066 -0.008179 -0.109863 -0.035126 -0.015902 -0.213606
-0.016724 -0.005859 -0.103638 -0.032516 -0.011392 -0.201502
-0.015381 0.003662 -0.101807 -0.029905 0.007120 -0.197942
-0.011841 0.027710 -0.106079 -0.023022 0.053876 -0.206249
0.010132 0.028809 -0.109497 0.019699 0.056012 -0.212894
0.019165 0.018921 -0.098999 0.037262 0.036788 -0.192483
0.005981 0.010010 -0.084595 0.011630 0.019462 -0.164477
-0.011963 0.004761 -0.088501 -0.023259 0.009256 -0.172072
-0.017578 0.012451 -0.098755 -0.034177 0.024209 -0.192008
-0.026367 0.021118 -0.109253 -0.051266 0.041060 -0.212420
-0.030762 0.029541 -0.118408 -0.059810 0.057436 -0.230220
-0.039429 0.022583 -0.122314 -0.076661 0.043908 -0.237815
-0.039429 0.024048 -0.111938 -0.076661 0.046756 -0.217641
