-0.181274 0.207275 -0.121460 -0.352450 0.403004 -0.236154
-0.263184 -0.045288 -0.182861 -0.511706 -0.088053 -0.355536
-0.132813 -0.239502 -0.152588 -0.258226 -0.465662 -0.296675
-0.036865 -0.302368 -0.039063 -0.071677 -0.587892 -0.075949
0.057861 -0.387207 -0.002930 0.112499 -0.752843 -0.005696
0.080566 -0.477173 -0.050537 0.156645 -0.927763 -0.098259
0.038574 -0.616455 -0.209961 0.075000 -1.198568 -0.408225
0.027588 -0.607056 -0.442261 0.053639 -1.180293 -0.859884
-0.048584 -0.483887 -0.712402 -0.094461 -0.940817 -1.385118
-0.133057 -0.230469 -0.955200 -0.258701 -0.448098 -1.857188
-0.122192 -0.067749 -1.131104 -0.237578 -0.131724 -2.199195
-0.100342 -0.038330 -1.312012 -0.195094 -0.074525 -2.550933
-0.064331 0.003540 -1.425781 -0.125078 0.006883 -2.772135
-0.018433 0.129272 -1.418701 -0.035838 0.251343 -2.758369
0.022217 0.219360 -1.281616 0.043196 0.426500 -2.491836
0.067017 0.205688 -1.084717 0.130300 0.399918 -2.109006
0.130859 0.108765 -0.875977 0.254429 0.211470 -1.703154
0.158691 -0.019653 -0.634033 0.308542 -0.038212 -1.232745
0.137451 -0.069092 -0.414429 0.267245 -0.134335 -0.805770
0.090942 -0.153076 -0.262817 0.176819 -0.297625 -0.510994
0.050293 -0.301758 -0.199097 0.097784 -0.586705 -0.387102
-0.011108 -0.441528 -0.184814 -0.021598 -0.858460 -0.359333
-0.112427 -0.498535 -0.169922 -0.218590 -0.969298 -0.330378
-0.314575 -0.409058 -0.091797 -0.611626 -0.795327 -0.178480
-0.597412 -0.202759 0.019409 -1.161543 -0.394222 0.037737
-0.891602 -0.051147 0.090210 -1.733533 -0.099446 0.175394
-1.137817 0.060913 0.167603 -2.212249 0.118433 0.325868
-1.248413 0.276001 0.166748 -2.427279 0.536626 0.324207
-1.103516 0.429810 0.109131 -2.145556 0.835675 0.212182
-0.841064 0.446655 0.051514 -1.635275 0.868428 0.100158
-0.538574 0.347168 -0.031250 -1.047145 0.674996 -0.060759
-0.366577 0.229004 -0.088013 -0.712733 0.445250 -0.171122
-0.251953 0.167236 -0.103638 -0.489870 0.325156 -0.201502
-0.159790 0.163330 -0.117432 -0.310678 0.317561 -0.228321
-0.103882 0.136597 -0.132568 -0.201977 0.265584 -0.257752
-0.054932 0.093140 -0.150757 -0.106803 0.181091 -0.293115
-0.030151 0.037720 -0.136475 -0.058623 0.073338 -0.265346
-0.020996 0.001099 -0.107788 -0.040823 0.002136 -0.209571
-0.005371 -0.015625 -0.085815 -0.010443 -0.030380 -0.166850
0.012573 -0.020752 -0.096558 0.024446 -0.040348 -0.187736
0.038940 -0.022339 -0.116211 0.075712 -0.043433 -0.225948
0.063354 -0.020630 -0.106079 0.123180 -0.040111 -0.206249
0.082886 -0.012573 -0.070435 0.161154 -0.024446 -0.136945
0.087769 0.001221 -0.045898 0.170648 0.002373 -0.089240
0.076782 0.020630 -0.043945 0.149287 0.040111 -0.085443
0.058838 0.027466 -0.052979 0.114398 0.053402 -0.103006
0.042236 0.027466 -0.049316 0.082120 0.053402 -0.095885
0.028809 0.033325 -0.047363 0.056012 0.064794 -0.092088
0.000000 0.036133 -0.049072 0.000000 0.070253 -0.095411
-0.027100 0.046997 -0.046631 -0.052690 0.091376 -0.090664
-0.026733 0.076904 -0.065796 -0.051978 0.149524 -0.127926
-0.018311 0.074097 -0.097778 -0.035601 0.144066 -0.190110
-0.011719 0.064331 -0.121948 -0.022785 0.125078 -0.237103
-0.010498 0.047607 -0.126221 -0.020411 0.092563 -0.245410
-0.022705 0.034912 -0.126099 -0.044145 0.067879 -0.245173
-0.045166 0.033813 -0.133423 -0.087816 0.065743 -0.259413
-0.057495 0.054321 -0.135742 -0.111787 0.105616 -0.263922
-0.052368 0.064819 -0.117188 -0.101819 0.126028 -0.227847
-0.042847 0.044922 -0.095459 -0.083306 0.087341 -0.185600
-0.031616 0.032104 -0.086426 -0.061471 0.062420 -0.168037
-0.020142 0.026855 -0.083496 -0.039161 0.052215 -0.162341
-0.001221 0.021484 -0.088867 -0.002373 0.041772 -0.172784
0.009399 0.024170 -0.116577 0.018275 0.046993 -0.226660
0.015991 0.022705 -0.131714 0.031092 0.044145 -0.256090
0.019043 0.026733 -0.116943 0.037025 0.051978 -0.227372
0.007446 0.029663 -0.099243 0.014478 0.057674 -0.192958
0.000244 0.019775 -0.094727 0.000475 0.038449 -0.184176
-0.014160 0.014648 -0.096436 -0.027531 0.028481 -0.187499
-0.030884 0.014038 -0.100220 -0.060047 0.027294 -0.194856
-0.048950 0.018677 -0.111572 -0.095173 0.036313 -0.216929
-0.052979 0.015015 -0.115112 -0.103006 0.029193 -0.223812
-0.048828 0.016235 -0.120117 -0.094936 0.031566 -0.233543
-0.043945 0.014771 -0.124268 -0.085443 0.028718 -0.241612
-0.043457 0.015991 -0.133423 -0.084493 0.031092 -0.259413
-0.037109 0.009644 -0.140381 -0.072151 0.018750 -0.272941
-0.035889 0.006714 -0.145142 -0.069778 0.013054 -0.282198
-0.046021 0.016479 -0.153809 -0.089477 0.032041 -0.299049
-0.044556 0.015137 -0.154785 -0.086629 0.029430 -0.300947
-0.048340 0.032349 -0.146729 -0.093987 0.062895 -0.285283
-0.043701 0.024658 -0.142944 -0.084968 0.047943 -0.277925
