0.249756 0.195435 -0.350220 0.485598 0.379982 -0.680929
0.213501 0.080811 -0.365234 0.415108 0.157119 -0.710122
0.106079 0.115356 -0.306274 0.206249 0.224287 -0.595487
0.085327 0.155151 -0.243896 0.165901 0.301659 -0.474206
0.085205 0.061035 -0.146240 0.165664 0.118670 -0.284334
0.037842 -0.110107 -0.077515 0.073575 -0.214081 -0.150711
-0.114014 -0.370605 0.065918 -0.221676 -0.720565 0.128164
-0.236084 -0.467529 0.163696 -0.459016 -0.909013 0.318273
-0.168701 -0.334961 0.259399 -0.328004 -0.651262 0.504348
-0.075195 -0.126831 0.163086 -0.146202 -0.246597 0.317087
-0.022095 -0.175049 0.090698 -0.042959 -0.340346 0.176344
-0.026489 -0.236816 -0.005371 -0.051503 -0.460440 -0.010443
-0.009521 -0.251099 -0.126587 -0.018513 -0.488209 -0.246122
0.022461 -0.292969 -0.282715 0.043671 -0.569617 -0.549680
0.065918 -0.248047 -0.510742 0.128164 -0.482275 -0.993032
0.071411 -0.218994 -0.707520 0.138844 -0.425788 -1.375624
-0.000732 -0.149170 -0.865479 -0.001424 -0.290030 -1.682743
-0.029053 0.076050 -0.989624 -0.056487 0.147863 -1.924118
-0.006592 0.286987 -1.033203 -0.012816 0.557987 -2.008848
0.084106 0.328491 -1.063599 0.163527 0.638683 -2.067946
0.225464 0.193604 -1.064819 0.438368 0.376422 -2.070319
0.392090 -0.019775 -0.977539 0.762337 -0.038449 -1.900621
0.519775 -0.129395 -0.811890 1.010595 -0.251581 -1.578550
0.527222 -0.084595 -0.677612 1.025073 -0.164477 -1.317476
0.459961 -0.106812 -0.524170 0.894298 -0.207673 -1.019139
0.373779 -0.089966 -0.349609 0.726736 -0.174920 -0.679743
0.269653 -0.069824 -0.198853 0.524285 -0.135759 -0.386627
0.159668 -0.075073 -0.063843 0.310441 -0.145964 -0.124129
0.036011 -0.105469 0.032349 0.070015 -0.205062 0.062895
-0.096802 -0.125488 0.072510 -0.188211 -0.243986 0.140980
-0.254028 -0.124146 0.084351 -0.493905 -0.241375 0.164002
-0.451782 -0.094849 0.081909 -0.878396 -0.184413 0.159255
-0.662598 0.005127 0.037476 -1.288283 0.009968 0.072863
-0.887207 0.102173 0.009399 -1.724989 0.198654 0.018275
-1.068359 0.186890 0.034058 -2.077202 0.363368 0.066218
-1.035522 0.232666 0.012207 -2.013358 0.452371 0.023734
-0.723511 0.220215 -0.102051 -1.406716 0.428162 -0.198416
-0.450317 0.190186 -0.227661 -0.875548 0.369776 -0.442640
-0.347046 0.259155 -0.229736 -0.674758 0.503873 -0.446674
-0.275024 0.392334 -0.168213 -0.534728 0.762812 -0.327055
-0.228149 0.330200 -0.140747 -0.443589 0.642005 -0.273653
-0.156250 0.084961 -0.198364 -0.303796 0.165189 -0.385678
-0.088989 -0.005737 -0.255981 -0.173021 -0.011155 -0.497703
-0.057495 -0.012939 -0.231567 -0.111787 -0.025158 -0.450235
-0.032959 -0.019531 -0.172729 -0.064082 -0.037974 -0.335836
-0.043701 -0.030884 -0.111572 -0.084968 -0.060047 -0.216929
-0.056274 -0.026855 -0.084229 -0.109414 -0.052215 -0.163765
-0.036377 -0.044800 -0.097046 -0.070727 -0.087104 -0.188686
-0.012573 -0.049561 -0.121338 -0.024446 -0.096360 -0.235916
0.011353 -0.024658 -0.126221 0.022073 -0.047943 -0.245410
0.030396 0.024170 -0.131592 0.059098 0.046993 -0.255853
0.047974 0.047485 -0.157349 0.093275 0.092325 -0.305932
0.056030 0.059448 -0.184814 0.108939 0.115585 -0.359333
0.067749 0.104126 -0.199219 0.131724 0.202451 -0.387339
0.079590 0.149170 -0.145996 0.154746 0.290030 -0.283859
-0.003662 0.111450 -0.023926 -0.007120 0.216692 -0.046519
-0.075317 0.063232 0.037598 -0.146439 0.122942 0.073101
-0.072144 0.060913 -0.021240 -0.140268 0.118433 -0.041297
-0.044189 0.073608 -0.104004 -0.085917 0.143116 -0.202214
-0.015503 0.123901 -0.190063 -0.030142 0.240900 -0.369539
-0.015015 0.143188 -0.257935 -0.029193 0.278400 -0.501500
-0.006226 0.129272 -0.246460 -0.012104 0.251343 -0.479190
-0.023071 0.151978 -0.210938 -0.044857 0.295489 -0.410124
-0.039307 0.152588 -0.182373 -0.076424 0.296675 -0.354586
-0.057007 0.112305 -0.145752 -0.110838 0.218353 -0.283384
-0.059570 0.080322 -0.098022 -0.115822 0.156170 -0.190584
-0.065674 0.046509 -0.065430 -0.127689 0.090427 -0.127214
-0.084106 0.031738 -0.043579 -0.163527 0.061708 -0.084730
-0.066284 0.062500 -0.065918 -0.128876 0.121518 -0.128164
-0.024048 0.065308 -0.142334 -0.046756 0.126977 -0.276739
0.007935 0.035645 -0.180664 0.015427 0.069303 -0.351264
0.018433 0.028198 -0.159058 0.035838 0.054826 -0.309254
0.007935 0.033203 -0.119995 0.015427 0.064557 -0.233305
-0.006104 0.032349 -0.092529 -0.011867 0.062895 -0.179904
-0.022217 0.020996 -0.094238 -0.043196 0.040823 -0.183227
-0.028564 0.020874 -0.106201 -0.055538 0.040585 -0.206486
-0.034302 0.014893 -0.115967 -0.066693 0.028956 -0.225473
-0.043335 0.012939 -0.112305 -0.084256 0.025158 -0.218353
-0.055420 0.016235 -0.102295 -0.107752 0.031566 -0.198891
-0.062256 0.013184 -0.098999 -0.121044 0.025633 -0.192483
