-0.325195 -0.052002 0.102173 -0.632275 -0.101107 0.198654
-0.221802 0.077637 0.087158 -0.431247 0.150948 0.169461
-0.217651 0.059937 0.039063 -0.423178 0.116534 0.075949
-0.086548 0.024414 -0.002441 -0.168274 0.047468 -0.004747
0.048096 0.072998 -0.009888 0.093512 0.141929 -0.019225
0.214478 0.111938 -0.006104 0.417007 0.217641 -0.011867
0.218018 -0.067261 -0.055298 0.423890 -0.130774 -0.107515
0.112183 -0.315308 -0.231567 0.218116 -0.613050 -0.450235
0.080078 -0.501587 -0.439819 0.155695 -0.975231 -0.855137
0.015625 -0.261597 -0.708008 0.030380 -0.508620 -1.376574
-0.001587 0.172729 -1.003540 -0.003085 0.335836 -1.951174
-0.053589 0.533081 -1.270386 -0.104192 1.036465 -2.470000
-0.058594 0.702393 -1.494873 -0.113923 1.365656 -2.906469
-0.033203 0.566040 -1.630981 -0.064557 1.100547 -3.171103
0.085205 0.323364 -1.568726 0.165664 0.628714 -3.050060
0.256714 0.223389 -1.277344 0.499127 0.434333 -2.483529
0.332153 0.223145 -0.876465 0.645803 0.433858 -1.704103
0.323730 0.223145 -0.536133 0.629426 0.433858 -1.042399
0.251831 0.082397 -0.268188 0.489633 0.160205 -0.521437
0.190796 -0.031372 -0.122559 0.370963 -0.060996 -0.238290
0.148682 -0.113281 -0.067993 0.289080 -0.220252 -0.132199
0.077637 -0.160767 -0.069336 0.150948 -0.312577 -0.134809
-0.030518 -0.197998 -0.087158 -0.059335 -0.384966 -0.169461
-0.144165 -0.190063 -0.119751 -0.280299 -0.369539 -0.232831
-0.275879 -0.125977 -0.179810 -0.536389 -0.244935 -0.349602
-0.480713 0.020264 -0.263062 -0.934646 0.039398 -0.511468
-0.724854 0.109131 -0.275391 -1.409327 0.212182 -0.535440
-1.017334 0.119019 -0.165283 -1.977994 0.231407 -0.321359
-1.201416 0.104980 0.022461 -2.335903 0.204113 0.043671
-1.083008 0.175415 0.088257 -2.105683 0.341058 0.171597
-0.802002 0.202881 0.060669 -1.559326 0.394460 0.117958
-0.608887 0.309326 -0.077148 -1.183853 0.601420 -0.149999
-0.430664 0.360962 -0.174316 -0.837337 0.701815 -0.338922
-0.338379 0.316284 -0.178833 -0.657907 0.614949 -0.347704
-0.250000 0.274048 -0.154907 -0.486073 0.532829 -0.301185
-0.140991 0.228638 -0.126831 -0.274128 0.444538 -0.246597
-0.053955 0.147949 -0.120972 -0.104904 0.287656 -0.235204
-0.008667 0.074829 -0.148682 -0.016851 0.145490 -0.289080
-0.018921 0.034302 -0.153076 -0.036788 0.066693 -0.297625
-0.023682 -0.000244 -0.136230 -0.046044 -0.000475 -0.264872
-0.022339 -0.024902 -0.100586 -0.043433 -0.048417 -0.195568
0.003540 -0.030273 -0.088135 0.006883 -0.058860 -0.171360
0.004761 -0.020508 -0.114380 0.009256 -0.039873 -0.222388
0.013306 -0.005859 -0.130737 0.025870 -0.011392 -0.254191
0.034546 0.011230 -0.128906 0.067167 0.021835 -0.250631
0.047729 0.013062 -0.117065 0.092800 0.025395 -0.227609
0.049805 -0.000488 -0.102295 0.096835 -0.000949 -0.198891
0.039429 -0.003052 -0.099854 0.076661 -0.005934 -0.194144
0.026001 -0.009766 -0.087158 0.050553 -0.018987 -0.169461
0.013916 -0.027954 -0.071045 0.027057 -0.054351 -0.138132
0.006104 -0.023071 -0.061768 0.011867 -0.044857 -0.120094
-0.005737 -0.004639 -0.048096 -0.011155 -0.009019 -0.093512
-0.029541 -0.003784 -0.071411 -0.057436 -0.007358 -0.138844
-0.041748 -0.007690 -0.096680 -0.081170 -0.014952 -0.187973
-0.034546 -0.030518 -0.081787 -0.067167 -0.059335 -0.159018
-0.029907 -0.026123 -0.067627 -0.058148 -0.050791 -0.131487
-0.026367 -0.012207 -0.082397 -0.051266 -0.023734 -0.160205
-0.017944 -0.017090 -0.091431 -0.034889 -0.033228 -0.177768
-0.010376 -0.009155 -0.089111 -0.020174 -0.017801 -0.173258
-0.002930 0.001953 -0.094238 -0.005696 0.003797 -0.183227
0.006348 -0.001709 -0.108765 0.012342 -0.003323 -0.211470
0.001953 0.009277 -0.117798 0.003797 0.018038 -0.229033
0.002319 0.007080 -0.115356 0.004509 0.013766 -0.224287
0.007568 0.006836 -0.113037 0.014715 0.013291 -0.219777
0.020264 0.012451 -0.108154 0.039398 0.024209 -0.210283
0.034668 0.015625 -0.102295 0.067405 0.030380 -0.198891
0.033569 0.026001 -0.103149 0.065269 0.050553 -0.200553
0.038208 0.020020 -0.088867 0.074288 0.038924 -0.172784
0.013062 0.003052 -0.074341 0.025395 0.005934 -0.144540
-0.012573 0.010986 -0.088013 -0.024446 0.021361 -0.171122
-0.026855 -0.000854 -0.096802 -0.052215 -0.001661 -0.188211
-0.026611 -0.011597 -0.098511 -0.051740 -0.022547 -0.191534
-0.009521 0.015625 -0.105469 -0.018513 0.030380 -0.205062
-0.002686 0.026611 -0.100220 -0.005221 0.051740 -0.194856
0.001831 0.039673 -0.095459 0.003560 0.077136 -0.185600
-0.001221 0.043701 -0.098999 -0.002373 0.084968 -0.192483
-0.008301 0.036621 -0.090942 -0.016139 0.071202 -0.176819
-0.010498 0.034912 -0.068726 -0.020411 0.067879 -0.133623
-0.016602 0.012817 -0.072632 -0.032278 0.024921 -0.141217
-0.014771 -0.006958 -0.104248 -0.028718 -0.013528 -0.202689
