0.035767 0.087524 -0.200195 0.069541 0.170173 -0.389238
0.090332 0.144043 -0.187012 0.175632 0.280062 -0.363605
0.022705 0.079468 -0.217285 0.044145 0.154509 -0.422466
0.048462 0.005981 -0.197266 0.094224 0.011630 -0.383542
0.048706 -0.150879 -0.116089 0.094699 -0.293353 -0.225711
0.043091 -0.247437 -0.069580 0.083781 -0.481089 -0.135284
-0.007690 -0.356934 -0.115601 -0.014952 -0.693983 -0.224761
0.050415 -0.367310 -0.227661 0.098022 -0.714157 -0.442640
0.076782 -0.359863 -0.371460 0.149287 -0.699679 -0.722227
0.099609 -0.309937 -0.568481 0.193670 -0.602607 -1.105294
0.129517 -0.210449 -0.789307 0.251818 -0.409175 -1.534642
0.216553 -0.108887 -1.018799 0.421042 -0.211708 -1.980842
0.305542 -0.146851 -1.142212 0.594063 -0.285520 -2.220793
0.383667 -0.134033 -1.202637 0.745961 -0.260600 -2.338276
0.403564 -0.121582 -1.123535 0.784647 -0.236391 -2.184480
0.393311 -0.077148 -0.934814 0.764710 -0.149999 -1.817552
0.364868 -0.068970 -0.719360 0.709410 -0.134097 -1.398646
0.321411 -0.120239 -0.533081 0.624917 -0.233780 -1.036465
0.252319 -0.167480 -0.383667 0.490582 -0.325631 -0.745961
0.192139 -0.180420 -0.283447 0.373574 -0.350789 -0.551104
0.084229 -0.155396 -0.206665 0.163765 -0.302134 -0.401817
-0.054077 -0.117310 -0.181274 -0.105142 -0.228084 -0.352450
-0.203247 -0.123535 -0.156372 -0.395172 -0.240188 -0.304033
-0.401978 -0.138184 -0.138916 -0.781562 -0.268669 -0.270093
-0.628784 -0.077026 -0.106445 -1.222540 -0.149762 -0.206961
-0.850830 -0.020630 -0.030151 -1.654262 -0.040111 -0.058623
-1.044434 0.051147 0.024292 -2.030684 0.099446 0.047231
-1.169067 0.119751 0.019287 -2.273008 0.232831 0.037500
-1.064331 0.152466 -0.014282 -2.069370 0.296438 -0.027769
-0.788818 0.238892 -0.103638 -1.533693 0.464475 -0.201502
-0.537964 0.255249 -0.209106 -1.045959 0.496279 -0.406564
-0.330811 0.193726 -0.281860 -0.643192 0.376659 -0.548019
-0.175171 0.126709 -0.339722 -0.340583 0.246359 -0.660518
-0.059692 0.072388 -0.323730 -0.116059 0.140743 -0.629426
-0.016724 0.082275 -0.250854 -0.032516 0.159967 -0.487734
-0.011108 0.120483 -0.156982 -0.021598 0.234255 -0.305220
-0.015137 0.106689 -0.089355 -0.029430 0.207435 -0.173733
0.004639 0.048462 -0.042480 0.009019 0.094224 -0.082594
0.031616 0.021729 -0.021606 0.061471 0.042247 -0.042009
0.031860 0.024414 -0.013672 0.061946 0.047468 -0.026582
0.023071 0.050049 -0.023438 0.044857 0.097310 -0.045569
0.028809 0.058716 -0.044922 0.056012 0.114161 -0.087341
0.017090 0.044922 -0.060059 0.033228 0.087341 -0.116771
0.006104 0.032715 -0.055176 0.011867 0.063607 -0.107278
0.000732 0.026611 -0.042236 0.001424 0.051740 -0.082120
0.000977 0.011353 -0.026733 0.001899 0.022073 -0.051978
0.015015 -0.003662 -0.010254 0.029193 -0.007120 -0.019937
0.030151 -0.026489 -0.008911 0.058623 -0.051503 -0.017326
0.041138 -0.064575 -0.031372 0.079984 -0.125553 -0.060996
0.036377 -0.094849 -0.050171 0.070727 -0.184413 -0.097547
0.023560 -0.069214 -0.062622 0.045807 -0.134572 -0.121756
0.011963 -0.032837 -0.063599 0.023259 -0.063845 -0.123654
-0.005371 -0.019043 -0.057007 -0.010443 -0.037025 -0.110838
-0.018677 -0.019531 -0.045166 -0.036313 -0.037974 -0.087816
-0.015747 -0.014404 -0.042725 -0.030617 -0.028006 -0.083069
-0.021484 -0.020386 -0.060669 -0.041772 -0.039636 -0.117958
-0.043213 -0.036377 -0.089233 -0.084018 -0.070727 -0.173496
-0.065918 -0.075439 -0.092041 -0.128164 -0.146676 -0.178955
-0.066406 -0.141602 -0.062744 -0.129113 -0.275315 -0.121993
-0.060547 -0.186523 -0.023682 -0.117721 -0.362656 -0.046044
-0.044434 -0.162354 -0.018311 -0.086392 -0.315663 -0.035601
-0.033936 -0.088867 -0.071533 -0.065981 -0.172784 -0.139081
-0.024048 -0.020386 -0.147461 -0.046756 -0.039636 -0.286707
-0.019043 0.011475 -0.167603 -0.037025 0.022310 -0.325868
-0.015991 0.020142 -0.128418 -0.031092 0.039161 -0.249682
0.006836 0.016602 -0.069702 0.013291 0.032278 -0.135521
0.018066 -0.011963 -0.034790 0.035126 -0.023259 -0.067642
0.007935 -0.039795 -0.035889 0.015427 -0.077373 -0.069778
-0.014038 -0.010132 -0.075073 -0.027294 -0.019699 -0.145964
-0.016968 0.034180 -0.126831 -0.032990 0.066455 -0.246597
-0.002686 0.019653 -0.153076 -0.005221 0.038212 -0.297625
0.007935 -0.014771 -0.128784 0.015427 -0.028718 -0.250394
0.008545 -0.025635 -0.087891 0.016614 -0.049841 -0.170885
0.003784 -0.016968 -0.062500 0.007358 -0.032990 -0.121518
0.003296 -0.005859 -0.053101 0.006408 -0.011392 -0.103243
0.005493 0.013550 -0.046753 0.010680 0.026345 -0.090901
0.004028 0.042969 -0.056396 0.007832 0.083544 -0.109651
0.017090 0.060425 -0.062744 0.033228 0.117483 -0.121993
0.024902 0.067993 -0.057129 0.048417 0.132199 -0.111075
0.012695 0.077148 -0.056396 0.024683 0.149999 -0.109651
