-0.106323 0.081055 0.073975 -0.206723 0.157594 0.143828
-0.209961 0.163086 0.006592 -0.408225 0.317087 0.012816
-0.111816 0.149902 -0.018555 -0.217404 0.291454 -0.036076
-0.024780 0.092529 -0.026611 -0.048180 0.179904 -0.051740
0.098877 0.024902 0.023193 0.192246 0.048417 0.045095
0.193115 0.000610 0.097168 0.375472 0.001187 0.188923
0.095337 -0.037964 0.169434 0.185363 -0.073813 0.329428
0.120239 -0.053589 0.149780 0.233780 -0.104192 0.291217
0.019409 -0.032227 -0.123047 0.037737 -0.062658 -0.239239
-0.051025 -0.003906 -0.396118 -0.099208 -0.007595 -0.770169
-0.076172 0.030273 -0.600464 -0.148100 0.058860 -1.167477
-0.081543 0.183960 -0.827026 -0.158543 0.357672 -1.607980
-0.037598 0.428955 -1.109497 -0.073101 0.834014 -2.157186
0.009033 0.518799 -1.341797 0.017563 1.008696 -2.608845
0.018188 0.391846 -1.485229 0.035364 0.761862 -2.887719
0.079224 0.175659 -1.492188 0.154034 0.341533 -2.901248
0.159546 0.087158 -1.359741 0.310204 0.169461 -2.643734
0.190430 0.168945 -1.126709 0.370251 0.328479 -2.190651
0.213989 0.164917 -0.835449 0.416058 0.320647 -1.624357
0.159668 0.082397 -0.575684 0.310441 0.160205 -1.119297
0.070190 0.024780 -0.378052 0.136471 0.048180 -0.735043
0.028076 -0.013306 -0.255371 0.054588 -0.025870 -0.496516
0.005859 -0.035400 -0.212524 0.011392 -0.068829 -0.413209
-0.018066 -0.018799 -0.190063 -0.035126 -0.036550 -0.369539
-0.046631 -0.054443 -0.152100 -0.090664 -0.105854 -0.295726
-0.087402 -0.025146 -0.151123 -0.169936 -0.048892 -0.293827
-0.150513 0.038208 -0.144653 -0.292641 0.074288 -0.281248
-0.273560 -0.010498 -0.100708 -0.531880 -0.020411 -0.195806
-0.455322 -0.185547 -0.043579 -0.885279 -0.360757 -0.084730
-0.669434 -0.245972 -0.022339 -1.301574 -0.478241 -0.043433
-0.906006 0.044800 -0.058105 -1.761540 0.087104 -0.112974
-1.043091 0.237549 -0.063721 -2.028073 0.461864 -0.123892
-1.127808 0.295166 -0.060303 -2.192787 0.573889 -0.117246
-0.985840 0.179443 -0.134399 -1.916760 0.348890 -0.261312
-0.678345 0.089600 -0.201904 -1.318900 0.174208 -0.392561
-0.298706 0.145996 -0.169312 -0.580772 0.283859 -0.329191
-0.163574 0.193481 -0.134888 -0.318036 0.376184 -0.262261
-0.096313 0.170166 -0.110718 -0.187261 0.330852 -0.215268
-0.066650 0.134644 -0.107178 -0.129588 0.261786 -0.208385
-0.040649 0.071655 -0.106201 -0.079034 0.139319 -0.206486
-0.028687 0.050171 -0.112915 -0.055775 0.097547 -0.219540
0.007813 0.044189 -0.128052 0.015190 0.085917 -0.248970
0.046631 0.040649 -0.136963 0.090664 0.079034 -0.266296
0.081299 0.018677 -0.137207 0.158069 0.036313 -0.266770
0.080933 0.020996 -0.141846 0.157357 0.040823 -0.275789
0.069824 0.037598 -0.133789 0.135759 0.073101 -0.260125
0.065186 0.032959 -0.127930 0.126740 0.064082 -0.248733
0.053833 0.031128 -0.132690 0.104667 0.060522 -0.257989
0.043091 0.025879 -0.139648 0.083781 0.050316 -0.271517
0.042603 0.018921 -0.139282 0.082832 0.036788 -0.270805
0.050293 0.010498 -0.121094 0.097784 0.020411 -0.235442
0.051636 0.001709 -0.093506 0.100395 0.003323 -0.181803
0.039673 0.001465 -0.079102 0.077136 0.002848 -0.153797
0.022095 0.007324 -0.067505 0.042959 0.014240 -0.131249
0.009644 0.025879 -0.076172 0.018750 0.050316 -0.148100
-0.008179 0.030273 -0.093994 -0.015902 0.058860 -0.182752
-0.026611 0.026123 -0.109131 -0.051740 0.050791 -0.212182
-0.037231 0.019165 -0.114136 -0.072389 0.037262 -0.221913
-0.026245 0.015869 -0.090210 -0.051028 0.030854 -0.175394
-0.000244 0.023804 -0.064331 -0.000475 0.046281 -0.125078
0.012451 0.020142 -0.059082 0.024209 0.039161 -0.114873
0.015625 0.014038 -0.068726 0.030380 0.027294 -0.133623
0.005737 0.019897 -0.084351 0.011155 0.038686 -0.164002
-0.009155 0.024048 -0.090454 -0.017801 0.046756 -0.175869
-0.021606 0.022583 -0.092285 -0.042009 0.043908 -0.179429
-0.023682 0.027710 -0.096680 -0.046044 0.053876 -0.187973
-0.018799 0.037109 -0.110962 -0.036550 0.072151 -0.215742
0.001709 0.020996 -0.112183 0.003323 0.040823 -0.218116
0.015259 0.010498 -0.105103 0.029668 0.020411 -0.204350
0.017212 0.021118 -0.101318 0.033465 0.041060 -0.196992
0.015625 0.012329 -0.098755 0.030380 0.023971 -0.192008
0.005371 0.001709 -0.102539 0.010443 0.003323 -0.199366
-0.007568 0.007446 -0.108276 -0.014715 0.014478 -0.210521
-0.015381 0.017334 -0.112061 -0.029905 0.033702 -0.217878
-0.015991 0.020630 -0.124146 -0.031092 0.040111 -0.241375
-0.015991 0.014282 -0.139526 -0.031092 0.027769 -0.271280
-0.008057 0.010498 -0.140747 -0.015664 0.020411 -0.273653
0.008545 0.015259 -0.117676 0.016614 0.029668 -0.228796
0.006470 0.013794 -0.098267 0.012579 0.026819 -0.191059
-0.001221 0.000854 -0.105957 -0.002373 0.001661 -0.206011
