0.107056 -0.009399 -0.252808 0.208147 -0.018275 -0.491532
0.115479 0.004883 -0.299683 0.224524 0.009494 -0.582670
0.071899 0.038086 -0.354004 0.139793 0.074050 -0.688287
0.101563 0.072632 -0.343140 0.197467 0.141217 -0.667164
0.055908 0.038086 -0.177979 0.108702 0.074050 -0.346042
-0.012451 -0.093140 -0.055908 -0.024209 -0.181091 -0.108702
-0.090576 -0.170776 0.051147 -0.176106 -0.332039 0.099446
-0.233643 -0.297729 0.141602 -0.454269 -0.578873 0.275315
-0.322266 -0.374878 0.108154 -0.626578 -0.728872 0.210283
-0.238037 -0.274292 0.090576 -0.462814 -0.533304 0.176106
-0.133057 -0.238281 -0.052856 -0.258701 -0.463288 -0.102768
-0.059692 -0.363647 -0.173340 -0.116059 -0.707037 -0.337023
-0.080566 -0.392822 -0.340454 -0.156645 -0.763761 -0.661942
-0.118408 -0.360596 -0.557373 -0.230220 -0.701103 -1.083696
-0.065552 -0.154541 -0.833618 -0.127452 -0.300473 -1.620797
-0.035767 0.060791 -1.049438 -0.069541 0.118195 -2.040414
0.036499 0.278076 -1.170288 0.070965 0.540661 -2.275381
0.092651 0.355713 -1.234497 0.180141 0.691610 -2.400222
0.232544 0.323975 -1.268433 0.452133 0.629901 -2.466203
0.376709 0.239746 -1.274902 0.732432 0.466136 -2.478782
0.475708 0.087524 -1.228149 0.924915 0.170173 -2.387881
0.557739 -0.052856 -1.131958 1.084408 -0.102768 -2.200856
0.622437 -0.089722 -0.958984 1.210198 -0.174445 -1.864545
0.589844 -0.091919 -0.742920 1.146828 -0.178717 -1.444453
0.498291 -0.107300 -0.512085 0.968823 -0.208622 -0.995642
0.405029 -0.070068 -0.347046 0.787495 -0.136233 -0.674758
0.309448 -0.029419 -0.242554 0.601658 -0.057199 -0.471595
0.213013 -0.016602 -0.155518 0.414159 -0.032278 -0.302372
0.123413 -0.011108 -0.099731 0.239951 -0.021598 -0.193907
0.015137 -0.007446 -0.064697 0.029430 -0.014478 -0.125790
-0.132202 0.002197 -0.028442 -0.257040 0.004272 -0.055300
-0.310303 -0.032104 0.018799 -0.603319 -0.062420 0.036550
-0.597900 -0.058594 0.049927 -1.162493 -0.113923 0.097072
-0.797485 0.086304 0.047852 -1.550544 0.167800 0.093037
-1.014526 0.244263 0.033325 -1.972535 0.474918 0.064794
-1.220947 0.282593 0.068848 -2.373878 0.549443 0.133860
-1.315552 0.223877 0.146118 -2.557816 0.435282 0.284096
-1.110107 0.161621 0.092163 -2.158373 0.314239 0.179192
-0.744263 0.130981 -0.057251 -1.447064 0.254666 -0.111313
-0.544189 0.114136 -0.153442 -1.058063 0.221913 -0.298337
-0.372070 0.149292 -0.188477 -0.723413 0.290267 -0.366453
-0.221802 0.180420 -0.224609 -0.431247 0.350789 -0.436706
-0.121460 0.126465 -0.228394 -0.236154 0.245885 -0.444064
-0.083008 0.063843 -0.210449 -0.161391 0.124129 -0.409175
-0.049438 0.054810 -0.187744 -0.096123 0.106566 -0.365029
-0.010620 0.042725 -0.145386 -0.020649 0.083069 -0.282672
-0.012939 0.042480 -0.107056 -0.025158 0.082594 -0.208147
-0.001587 0.044312 -0.081909 -0.003085 0.086155 -0.159255
0.014038 0.040405 -0.093628 0.027294 0.078560 -0.182040
0.020142 0.049316 -0.121826 0.039161 0.095885 -0.236866
0.026367 0.066040 -0.134644 0.051266 0.128401 -0.261786
0.030151 0.073975 -0.134399 0.058623 0.143828 -0.261312
0.026245 0.077637 -0.136963 0.051028 0.150948 -0.266296
0.029175 0.077148 -0.138306 0.056724 0.149999 -0.268907
0.024780 0.075195 -0.143188 0.048180 0.146202 -0.278400
0.015869 0.073608 -0.139648 0.030854 0.143116 -0.271517
-0.000244 0.072998 -0.131714 -0.000475 0.141929 -0.256090
-0.016113 0.068481 -0.119385 -0.031329 0.133148 -0.232119
-0.019775 0.054932 -0.108643 -0.038449 0.106803 -0.211233
-0.025024 0.038574 -0.124512 -0.048655 0.075000 -0.242087
-0.019531 0.025391 -0.132080 -0.037974 0.049367 -0.256802
-0.025024 0.020508 -0.124512 -0.048655 0.039873 -0.242087
-0.029663 0.035278 -0.126343 -0.057674 0.068591 -0.245647
-0.012207 0.019531 -0.121826 -0.023734 0.037974 -0.236866
-0.004517 -0.000366 -0.116577 -0.008782 -0.000712 -0.226660
-0.011353 0.007813 -0.114990 -0.022073 0.015190 -0.223575
-0.013794 0.015869 -0.115234 -0.026819 0.030854 -0.224049
-0.001465 0.024170 -0.124878 -0.002848 0.046993 -0.242799
0.008057 0.023926 -0.125610 0.015664 0.046519 -0.244223
0.006226 0.026245 -0.123047 0.012104 0.051028 -0.239239
0.004639 0.014771 -0.113403 0.009019 0.028718 -0.220489
0.004639 0.008301 -0.117432 0.009019 0.016139 -0.228321
0.003052 0.006348 -0.121460 0.005934 0.012342 -0.236154
-0.004639 -0.006714 -0.114014 -0.009019 -0.013054 -0.221676
-0.017822 -0.010376 -0.105347 -0.034652 -0.020174 -0.204825
-0.037842 0.001099 -0.096558 -0.073575 0.002136 -0.187736
-0.053711 0.013672 -0.099976 -0.104430 0.026582 -0.194382
-0.052856 0.006104 -0.110840 -0.102768 0.011867 -0.215505
-0.053467 0.009033 -0.118530 -0.103955 0.017563 -0.230457
-0.040039 0.013306 -0.103882 -0.077848 0.025870 -0.201977
