-0.041626 0.340576 -0.075684 -0.080933 0.662179 -0.147151
-0.002441 0.266357 -0.119141 -0.004747 0.517877 -0.231644
-0.031860 0.125854 -0.041504 -0.061946 0.244698 -0.080696
-0.028442 0.050415 0.032104 -0.055300 0.098022 0.062420
-0.033203 -0.119629 0.085571 -0.064557 -0.232593 0.166376
-0.100708 -0.392212 0.118042 -0.195806 -0.762574 0.229508
-0.184570 -0.514282 0.166748 -0.358858 -0.999915 0.324207
-0.135376 -0.413086 0.115234 -0.263210 -0.803160 0.224049
-0.054199 -0.314087 0.146118 -0.105379 -0.610677 0.284096
-0.056641 -0.293701 0.134155 -0.110126 -0.571041 0.260837
-0.041016 -0.231934 0.025146 -0.079746 -0.450947 0.048892
-0.001343 -0.226074 -0.165161 -0.002611 -0.439554 -0.321121
0.084595 -0.242798 -0.403320 0.164477 -0.472070 -0.784172
0.154907 -0.212036 -0.657471 0.301185 -0.412260 -1.278315
0.203247 -0.212891 -0.886353 0.395172 -0.413921 -1.723328
0.222778 -0.175293 -1.041260 0.433146 -0.340821 -2.024513
0.273438 -0.068726 -1.146606 0.531642 -0.133623 -2.229337
0.309814 -0.006592 -1.156982 0.602370 -0.012816 -2.249511
0.316772 0.025391 -1.106323 0.615898 0.049367 -2.151015
0.295532 -0.004150 -1.000000 0.574601 -0.008070 -1.944292
0.257080 -0.058228 -0.857666 0.499839 -0.113211 -1.667553
0.192871 -0.078857 -0.728638 0.374998 -0.153322 -1.416684
0.182007 -0.077148 -0.600220 0.353874 -0.149999 -1.167002
0.161255 -0.100952 -0.474731 0.313527 -0.196280 -0.923016
0.094604 -0.126221 -0.340454 0.183939 -0.245410 -0.661942
-0.015747 -0.099609 -0.225220 -0.030617 -0.193670 -0.437893
-0.105713 -0.068848 -0.156738 -0.205537 -0.133860 -0.304745
-0.178833 -0.068237 -0.109619 -0.347704 -0.132673 -0.213132
-0.280273 -0.068237 -0.096191 -0.544933 -0.132673 -0.187024
-0.441528 -0.089600 -0.093384 -0.858460 -0.174208 -0.181565
-0.641602 -0.150269 -0.048584 -1.247460 -0.292166 -0.094461
-0.850342 -0.055542 -0.006714 -1.653312 -0.107990 -0.013054
-1.001831 0.233276 -0.024658 -1.947852 0.453557 -0.047943
-1.001221 0.399414 -0.036499 -1.946665 0.776577 -0.070965
-0.877197 0.336182 -0.076294 -1.705527 0.653635 -0.148338
-0.685181 0.223755 -0.176880 -1.332191 0.435045 -0.343906
-0.442627 0.196655 -0.276489 -0.860596 0.382355 -0.537576
-0.226318 0.223999 -0.271118 -0.440029 0.435519 -0.527133
-0.111572 0.232788 -0.223145 -0.216929 0.452608 -0.433858
-0.048584 0.210327 -0.200562 -0.094461 0.408937 -0.389950
-0.014893 0.152588 -0.183594 -0.028956 0.296675 -0.356960
0.006226 0.066772 -0.137939 0.012104 0.129825 -0.268195
0.014893 0.002075 -0.065796 0.028956 0.004035 -0.127926
0.036011 -0.018433 -0.011597 0.070015 -0.035838 -0.022547
0.035156 -0.033325 0.006836 0.068354 -0.064794 0.013291
0.039307 -0.050781 0.003784 0.076424 -0.098734 0.007358
0.038330 -0.070923 0.004761 0.074525 -0.137895 0.009256
0.022827 -0.077026 0.015625 0.044383 -0.149762 0.030380
0.018066 -0.057129 0.025513 0.035126 -0.111075 0.049604
0.018555 -0.057007 0.037720 0.036076 -0.110838 0.073338
0.016113 -0.065308 0.044800 0.031329 -0.126977 0.087104
0.013672 -0.037720 0.012817 0.026582 -0.073338 0.024921
0.016479 -0.020386 -0.032104 0.032041 -0.039636 -0.062420
0.039673 -0.014893 -0.063965 0.077136 -0.028956 -0.124366
0.047485 -0.012939 -0.073242 0.092325 -0.025158 -0.142404
0.043457 -0.005737 -0.070068 0.084493 -0.011155 -0.136233
0.030762 -0.003174 -0.061157 0.059810 -0.006171 -0.118907
0.030518 -0.007690 -0.050049 0.059335 -0.014952 -0.097310
0.031128 -0.002197 -0.046875 0.060522 -0.004272 -0.091139
-0.000122 -0.028076 -0.031494 -0.000237 -0.054588 -0.061234
-0.023804 -0.041016 0.003296 -0.046281 -0.079746 0.006408
-0.041870 -0.033325 0.021484 -0.081408 -0.064794 0.041772
-0.057373 -0.027710 0.011841 -0.111550 -0.053876 0.023022
-0.052124 -0.015015 -0.026978 -0.101344 -0.029193 -0.052452
-0.044189 -0.012451 -0.059814 -0.085917 -0.024209 -0.116297
-0.050903 -0.019165 -0.055908 -0.098971 -0.037262 -0.108702
-0.066406 -0.026123 -0.039307 -0.129113 -0.050791 -0.076424
-0.069580 -0.023804 -0.030762 -0.135284 -0.046281 -0.059810
-0.057861 -0.021851 -0.038574 -0.112499 -0.042484 -0.075000
-0.049927 -0.015381 -0.076660 -0.097072 -0.029905 -0.149050
-0.032104 -0.023682 -0.101563 -0.062420 -0.046044 -0.197467
-0.030151 -0.017334 -0.112183 -0.058623 -0.033702 -0.218116
-0.033081 -0.005737 -0.110596 -0.064319 -0.011155 -0.215030
-0.038818 -0.003418 -0.107422 -0.075474 -0.006646 -0.208859
-0.037476 -0.010376 -0.097534 -0.072863 -0.020174 -0.189635
-0.035767 -0.007446 -0.083130 -0.069541 -0.014478 -0.161629
-0.034546 -0.011475 -0.078613 -0.067167 -0.022310 -0.152847
-0.034668 -0.017212 -0.084106 -0.067405 -0.033465 -0.163527
-0.035278 -0.002197 -0.093140 -0.068591 -0.004272 -0.181091
-0.043823 -0.001221 -0.083130 -0.085205 -0.002373 -0.161629
