-0.222046 -0.028442 -0.062500 -0.431722 -0.055300 -0.121518
-0.195068 0.113770 -0.180420 -0.379270 0.221201 -0.350789
-0.132446 0.071655 -0.243408 -0.257514 0.139319 -0.473257
0.006104 -0.067383 -0.243652 0.011867 -0.131012 -0.473731
0.109131 -0.059326 -0.153442 0.212182 -0.115347 -0.298337
0.181152 -0.010864 0.098877 0.352213 -0.021123 0.192246
0.227417 -0.056641 0.371704 0.442165 -0.110126 0.722701
0.042603 -0.200928 0.416992 0.082832 -0.390662 0.810754
0.015869 -0.289185 0.280762 0.030854 -0.562259 0.545883
-0.039307 -0.228394 0.066895 -0.076424 -0.444064 0.130062
-0.027710 -0.176758 -0.220947 -0.053876 -0.343669 -0.429586
-0.048462 -0.152710 -0.632324 -0.094224 -0.296913 -1.229423
-0.099121 0.015381 -1.047119 -0.192720 0.029905 -2.035905
-0.153564 0.108398 -1.316528 -0.298574 0.210758 -2.559715
-0.236694 -0.427856 -1.474243 -0.460203 -0.831878 -2.866359
-0.148071 -1.202148 -1.532593 -0.287894 -2.337327 -2.979807
0.117798 -1.183228 -1.493774 0.229033 -2.300539 -2.904333
0.324829 -0.502930 -1.290283 0.631562 -0.977842 -2.508687
0.281250 0.118408 -0.899414 0.546832 0.230220 -1.748723
0.190796 0.292358 -0.504883 0.370963 0.568430 -0.981639
0.085571 0.265503 -0.329712 0.166376 0.516215 -0.641056
0.012451 0.256592 -0.267578 0.024209 0.498889 -0.520250
-0.132568 0.245972 -0.163086 -0.257752 0.478241 -0.317087
-0.374634 0.158081 -0.046875 -0.728397 0.307356 -0.091139
-0.599121 0.040161 0.022827 -1.164866 0.078085 0.044383
-0.817505 -0.058228 0.095581 -1.589468 -0.113211 0.185837
-1.140869 -0.117554 0.201904 -2.218182 -0.228559 0.392561
-1.447632 -0.234375 0.279785 -2.814618 -0.455693 0.543984
-1.633057 -0.534668 0.328491 -3.175138 -1.039550 0.638683
-1.458740 -0.781128 0.294312 -2.836216 -1.518741 0.572227
-1.059570 -0.621948 0.339111 -2.060114 -1.209249 0.659331
-0.780518 -0.229370 0.296509 -1.517554 -0.445962 0.576500
-0.558960 0.103149 0.003662 -1.086781 0.200553 0.007120
-0.325439 0.271606 -0.291992 -0.632749 0.528082 -0.567718
-0.098999 0.300049 -0.363403 -0.192483 0.583382 -0.706562
0.056885 0.224365 -0.252686 0.110601 0.436231 -0.491294
0.053345 0.179932 -0.100830 0.103718 0.349840 -0.196043
-0.001465 0.192017 -0.044556 -0.002848 0.373336 -0.086629
-0.016235 0.177368 -0.051147 -0.031566 0.344855 -0.099446
-0.020508 0.138550 -0.087280 -0.039873 0.269381 -0.169698
0.002441 0.094360 -0.100952 0.004747 0.183464 -0.196280
0.018188 0.048462 -0.084717 0.035364 0.094224 -0.164714
0.067261 0.074829 -0.079834 0.130774 0.145490 -0.155221
0.060059 0.097778 -0.088989 0.116771 0.190110 -0.173021
0.036499 0.069092 -0.093506 0.070965 0.134335 -0.181803
0.045166 0.022339 -0.085449 0.087816 0.043433 -0.166138
0.000854 -0.009399 -0.088745 0.001661 -0.018275 -0.172546
-0.007568 -0.037354 -0.100830 -0.014715 -0.072626 -0.196043
0.032349 -0.062012 -0.090454 0.062895 -0.120569 -0.175869
0.058228 -0.061279 -0.073730 0.113211 -0.119145 -0.143354
0.045044 -0.050049 -0.066162 0.087579 -0.097310 -0.128638
0.014038 -0.050537 -0.066406 0.027294 -0.098259 -0.129113
0.011841 -0.024292 -0.085693 0.023022 -0.047231 -0.166613
0.020508 -0.014404 -0.103760 0.039873 -0.028006 -0.201739
0.025635 -0.029785 -0.121460 0.049841 -0.057911 -0.236154
0.029907 -0.020996 -0.138550 0.058148 -0.040823 -0.269381
0.026245 -0.005615 -0.138916 0.051028 -0.010918 -0.270093
0.041016 0.013062 -0.119995 0.079746 0.025395 -0.233305
0.069336 0.022949 -0.116699 0.134809 0.044620 -0.226897
0.043579 0.018433 -0.128174 0.084730 0.035838 -0.249207
-0.000488 0.032227 -0.131958 -0.000949 0.062658 -0.256565
-0.022461 0.019775 -0.108643 -0.043671 0.038449 -0.211233
-0.021606 0.004272 -0.086670 -0.042009 0.008307 -0.168512
-0.009033 -0.014771 -0.077271 -0.017563 -0.028718 -0.150236
0.010864 -0.027832 -0.077515 0.021123 -0.054114 -0.150711
0.008911 -0.029053 -0.084473 0.017326 -0.056487 -0.164239
-0.011108 -0.017822 -0.101196 -0.021598 -0.034652 -0.196755
-0.009399 0.001099 -0.112183 -0.018275 0.002136 -0.218116
0.009277 -0.002319 -0.099365 0.018038 -0.004509 -0.193195
-0.000366 -0.026001 -0.080444 -0.000712 -0.050553 -0.156407
0.002197 -0.036621 -0.079102 0.004272 -0.071202 -0.153797
0.030640 -0.017578 -0.085693 0.059572 -0.034177 -0.166613
0.023438 -0.003662 -0.094849 0.045569 -0.007120 -0.184413
0.005859 0.000122 -0.113770 0.011392 0.000237 -0.221201
0.002563 0.008057 -0.130249 0.004984 0.015664 -0.253242
0.006714 0.035400 -0.134888 0.013054 0.068829 -0.262261
0.010986 0.068604 -0.124512 0.021361 0.133385 -0.242087
-0.016846 0.052856 -0.105957 -0.032753 0.102768 -0.206011
-0.028809 0.002319 -0.098022 -0.056012 0.004509 -0.190584
-0.013184 -0.033936 -0.101563 -0.025633 -0.065981 -0.197467
