0.078979 0.402832 0.557495 0.153559 0.783223 1.083933
0.136597 0.360596 0.395508 0.265584 0.701103 0.768983
0.157715 0.418213 0.064453 0.306644 0.813128 0.125316
-0.043457 0.134644 -0.091675 -0.084493 0.261786 -0.178243
-0.176270 -0.059448 -0.145752 -0.342719 -0.115585 -0.283384
-0.151367 -0.401978 -0.268066 -0.294302 -0.781562 -0.521199
-0.294189 -0.736572 -0.516846 -0.571990 -1.432111 -1.004899
-0.644775 -0.484985 -0.876343 -1.253631 -0.942953 -1.703866
-0.554565 0.097900 -1.406128 -1.078237 0.190347 -2.733923
-0.345947 0.694946 -2.067627 -0.672622 1.351178 -4.020070
-0.246460 0.570313 -2.547729 -0.479190 1.108854 -4.953529
-0.258911 0.395386 -2.784546 -0.503399 0.768745 -5.413969
-0.246460 0.544678 -2.840088 -0.479190 1.059012 -5.521959
0.165039 -0.060303 -1.923828 0.320884 -0.117246 -3.740483
0.755615 -0.024414 -0.907471 1.469136 -0.047468 -1.764388
1.010254 0.053955 -0.203369 1.964228 0.104904 -0.395409
0.902954 0.107056 0.207886 1.755606 0.208147 0.404191
0.463013 -0.185547 0.257446 0.900232 -0.360757 0.500551
-0.098999 -0.171875 0.169434 -0.192483 -0.334175 0.329428
-0.578247 0.020996 0.011230 -1.124281 0.040823 0.021835
-1.025757 0.096191 -0.110229 -1.994370 0.187024 -0.214318
-1.650146 0.359863 -0.396729 -3.208366 0.699679 -0.771356
-2.456665 0.650391 -0.762817 -4.776473 1.264549 -1.483139
-3.096191 0.419189 -0.893921 -6.019899 0.815027 -1.738043
-2.496582 0.682861 -0.868774 -4.854084 1.327682 -1.689151
-1.176636 1.160889 -0.627563 -2.287723 2.257106 -1.220166
-0.507935 0.816284 -0.307983 -0.987573 1.587094 -0.598810
-0.368530 0.435303 -0.250244 -0.716530 0.846355 -0.486548
-0.320313 0.211914 -0.338623 -0.622781 0.412023 -0.658382
-0.235107 -0.036377 -0.380371 -0.457117 -0.070727 -0.739552
-0.088135 -0.042358 -0.322632 -0.171360 -0.082357 -0.627290
0.122925 0.100098 -0.230713 0.239002 0.194619 -0.448573
0.092773 0.062622 -0.145630 0.180379 0.121756 -0.283147
0.014160 -0.003662 -0.065552 0.027531 -0.007120 -0.127452
0.029663 0.099121 -0.101685 0.057674 0.192720 -0.197704
0.060669 0.102173 -0.113037 0.117958 0.198654 -0.219777
0.017822 0.058594 -0.140503 0.034652 0.113923 -0.273179
-0.024048 0.055176 -0.132813 -0.046756 0.107278 -0.258226
-0.075684 0.108032 -0.143311 -0.147151 0.210046 -0.278637
-0.089722 0.070801 -0.111084 -0.174445 0.137657 -0.215980
-0.067871 0.033081 -0.096924 -0.131961 0.064319 -0.188448
-0.072388 0.068970 -0.091309 -0.140743 0.134097 -0.177531
-0.075195 0.062622 -0.104614 -0.146202 0.121756 -0.203401
-0.030029 0.006592 -0.114990 -0.058386 0.012816 -0.223575
0.005005 -0.005005 -0.110474 0.009731 -0.009731 -0.214793
0.012939 -0.026367 -0.110474 0.025158 -0.051266 -0.214793
0.016724 -0.015503 -0.103394 0.032516 -0.030142 -0.201027
-0.000366 -0.008789 -0.107910 -0.000712 -0.017089 -0.209809
0.020874 -0.008301 -0.110596 0.040585 -0.016139 -0.215030
0.031738 -0.017334 -0.114258 0.061708 -0.033702 -0.222151
0.024414 -0.005493 -0.118164 0.047468 -0.010680 -0.229745
-0.003906 -0.002319 -0.107544 -0.007595 -0.004509 -0.209097
-0.019775 -0.040161 -0.094360 -0.038449 -0.078085 -0.183464
0.002686 -0.031860 -0.079346 0.005221 -0.061946 -0.154271
0.024048 -0.021973 -0.079468 0.046756 -0.042721 -0.154509
0.028687 -0.021973 -0.081787 0.055775 -0.042721 -0.159018
0.003662 -0.036621 -0.089233 0.007120 -0.071202 -0.173496
0.003052 -0.029419 -0.077881 0.005934 -0.057199 -0.151423
0.033569 -0.008545 -0.103760 0.065269 -0.016614 -0.201739
0.030518 -0.039795 -0.151245 0.059335 -0.077373 -0.294065
0.035156 -0.041870 -0.162598 0.068354 -0.081408 -0.316137
0.056396 0.000366 -0.132446 0.109651 0.000712 -0.257514
0.077393 0.021973 -0.100220 0.150474 0.042721 -0.194856
0.059204 -0.006470 -0.100342 0.115110 -0.012579 -0.195094
0.019653 0.001953 -0.147949 0.038212 0.003797 -0.287656
0.015869 0.008179 -0.183228 0.030854 0.015902 -0.356248
0.026367 0.008911 -0.159302 0.051266 0.017326 -0.309729
0.007568 0.014038 -0.143921 0.014715 0.027294 -0.279824
-0.020996 0.016479 -0.139282 -0.040823 0.032041 -0.270805
-0.014038 0.034058 -0.123779 -0.027294 0.066218 -0.240663
-0.005493 0.021851 -0.105103 -0.010680 0.042484 -0.204350
-0.018555 0.011475 -0.078369 -0.036076 0.022310 -0.152372
-0.001099 0.073853 -0.048828 -0.002136 0.143591 -0.094936
0.011108 0.080688 -0.032593 0.021598 0.156882 -0.063370
0.003906 0.063843 -0.040161 0.007595 0.124129 -0.078085
-0.028931 0.077759 -0.066284 -0.056250 0.151186 -0.128876
-0.028931 0.060913 -0.086060 -0.056250 0.118433 -0.167325
-0.034058 0.044189 -0.106079 -0.066218 0.085917 -0.206249
-0.035522 0.047852 -0.090698 -0.069066 0.093037 -0.176344
-0.014404 0.058960 -0.061890 -0.028006 0.114635 -0.120332
