0.032349 0.081421 -0.052002 0.062895 0.158306 -0.101107
0.058472 0.072998 -0.138306 0.113686 0.141929 -0.268907
0.009888 0.158325 -0.221191 0.019225 0.307830 -0.430061
-0.034546 0.227661 -0.322998 -0.067167 0.442640 -0.628002
-0.036865 0.062744 -0.206299 -0.071677 0.121993 -0.401105
0.013428 0.017700 -0.112061 0.026107 0.034414 -0.217878
0.044800 -0.006836 -0.122925 0.087104 -0.013291 -0.239002
-0.009155 -0.197388 -0.170044 -0.017801 -0.383779 -0.330615
0.028931 -0.171387 -0.174438 0.056250 -0.333226 -0.339159
0.048828 -0.067505 -0.318237 0.094936 -0.131249 -0.618746
0.072021 -0.211060 -0.523315 0.140031 -0.410361 -1.017478
0.034546 -0.478638 -0.674072 0.067167 -0.930611 -1.310593
-0.002075 -0.555542 -0.861938 -0.004035 -1.080136 -1.675860
-0.020020 -0.462891 -1.043823 -0.038924 -0.899994 -2.029497
-0.025757 -0.353516 -1.122681 -0.050079 -0.687337 -2.182819
-0.027588 -0.211182 -1.106567 -0.053639 -0.410599 -2.151490
0.025146 -0.102661 -1.007813 0.048892 -0.199603 -1.959481
0.108643 -0.083252 -0.861206 0.211233 -0.161866 -1.674436
0.149048 -0.095581 -0.696411 0.289792 -0.185837 -1.354026
0.159912 -0.112915 -0.548828 0.310916 -0.219540 -1.067082
0.136597 -0.126221 -0.484863 0.265584 -0.245410 -0.942716
0.117676 -0.108276 -0.409424 0.228796 -0.210521 -0.796039
0.096680 -0.095459 -0.305542 0.187973 -0.185600 -0.594063
0.054199 -0.102905 -0.216553 0.105379 -0.200078 -0.421042
0.001465 -0.091919 -0.160156 0.002848 -0.178717 -0.311390
-0.057983 -0.083984 -0.147217 -0.112737 -0.163290 -0.286232
-0.141235 -0.098877 -0.161743 -0.274603 -0.192246 -0.314476
-0.212158 -0.109497 -0.156494 -0.412497 -0.212894 -0.304270
-0.304443 -0.050537 -0.165283 -0.591927 -0.098259 -0.321359
-0.431519 -0.048584 -0.224854 -0.838998 -0.094461 -0.437181
-0.623901 -0.087036 -0.305176 -1.213046 -0.169224 -0.593351
-0.920898 -0.083984 -0.304932 -1.790495 -0.163290 -0.592876
-1.254761 0.027710 -0.210815 -2.439621 0.053876 -0.409887
-1.218140 0.333984 -0.162720 -2.368419 0.649363 -0.316375
-0.896362 0.355713 -0.171265 -1.742790 0.691610 -0.332988
-0.781738 0.107422 -0.210938 -1.519927 0.208859 -0.410124
-0.603149 0.050659 -0.258423 -1.172698 0.098496 -0.502449
-0.354248 0.114990 -0.200317 -0.688762 0.223575 -0.389475
-0.147217 0.146118 -0.132080 -0.286232 0.284096 -0.256802
-0.015137 0.062744 -0.065552 -0.029430 0.121993 -0.127452
0.010986 -0.044678 -0.021729 0.021361 -0.086867 -0.042247
-0.033203 -0.082031 -0.038940 -0.064557 -0.159493 -0.075712
-0.050903 -0.025269 -0.078491 -0.098971 -0.049129 -0.152610
-0.028320 0.009277 -0.087036 -0.055063 0.018038 -0.169224
0.021118 -0.022949 -0.072754 0.041060 -0.044620 -0.141455
0.063721 -0.049438 -0.067383 0.123892 -0.096123 -0.131012
0.068481 -0.046265 -0.058350 0.133148 -0.089952 -0.113449
0.067505 -0.005127 -0.066528 0.131249 -0.009968 -0.129350
0.071899 0.014282 -0.079956 0.139793 0.027769 -0.155458
0.076904 -0.002441 -0.080933 0.149524 -0.004747 -0.157357
0.067139 0.005127 -0.080322 0.130537 0.009968 -0.156170
0.049316 0.022095 -0.074951 0.095885 0.042959 -0.145727
0.034424 0.033325 -0.071289 0.066930 0.064794 -0.138607
0.035522 0.033813 -0.087524 0.069066 0.065743 -0.170173
0.034912 0.023804 -0.098267 0.067879 0.046281 -0.191059
0.035522 0.017700 -0.095215 0.069066 0.034414 -0.185125
0.040039 0.010620 -0.098999 0.077848 0.020649 -0.192483
0.031616 -0.001953 -0.100464 0.061471 -0.003797 -0.195331
0.031860 -0.006836 -0.092896 0.061946 -0.013291 -0.180616
0.019775 0.010986 -0.094116 0.038449 0.021361 -0.182989
0.018066 0.025513 -0.111328 0.035126 0.049604 -0.216454
0.015015 0.010132 -0.099243 0.029193 0.019699 -0.192958
0.004517 0.010254 -0.066650 0.008782 0.019937 -0.129588
0.006470 0.020508 -0.061646 0.012579 0.039873 -0.119857
0.003662 0.007446 -0.074097 0.007120 0.014478 -0.144066
0.004761 0.010254 -0.074707 0.009256 0.019937 -0.145252
0.010742 0.028442 -0.076782 0.020886 0.055300 -0.149287
0.019775 0.021973 -0.083618 0.038449 0.042721 -0.162578
0.028687 0.032837 -0.108154 0.055775 0.063845 -0.210283
0.027954 0.033325 -0.137695 0.054351 0.064794 -0.267720
0.019043 0.028076 -0.142700 0.037025 0.054588 -0.277451
0.004028 0.048706 -0.146484 0.007832 0.094699 -0.284808
-0.006348 0.052612 -0.142090 -0.012342 0.102294 -0.276264
-0.015381 0.035889 -0.122070 -0.029905 0.069778 -0.237340
-0.002197 0.040405 -0.110352 -0.004272 0.078560 -0.214556
0.016357 0.045044 -0.107056 0.031804 0.087579 -0.208147
0.025391 0.049683 -0.120361 0.049367 0.096597 -0.234018
0.020386 0.049438 -0.127075 0.039636 0.096123 -0.247071
0.006714 0.048218 -0.116821 0.013054 0.093749 -0.227135
-0.005859 0.029419 -0.107544 -0.011392 0.057199 -0.209097
