-0.379028 0.811523 0.956543 -0.736942 1.577838 1.859798
-0.354248 0.673828 0.473145 -0.688762 1.310118 0.919931
-0.265259 0.502686 0.286499 -0.515740 0.977367 0.557038
-0.224854 0.249268 0.093262 -0.437181 0.484649 0.181328
-0.117310 -0.022461 -0.042114 -0.228084 -0.043671 -0.081882
0.047852 -0.397095 -0.104004 0.093037 -0.772068 -0.202214
0.128784 -0.585205 -0.273315 0.250394 -1.137809 -0.531405
0.283813 -0.232910 -0.740723 0.551816 -0.452845 -1.440181
0.368774 -0.266235 -1.448853 0.717005 -0.517639 -2.816992
0.535522 -0.461914 -1.941895 1.041212 -0.898096 -3.775609
0.731201 -0.689819 -2.365967 1.421668 -1.341210 -4.600130
0.804810 -0.770020 -2.595825 1.564785 -1.497143 -5.047041
0.709839 -0.421143 -2.504883 1.380134 -0.818824 -4.870223
0.638428 0.059204 -1.884033 1.241290 0.115110 -3.663110
0.494873 -0.136353 -0.899658 0.962178 -0.265109 -1.749198
0.270630 -0.395020 -0.164795 0.526183 -0.768033 -0.320409
0.155884 -0.254150 0.190796 0.303084 -0.494142 0.370963
0.002563 -0.117920 0.273926 0.004984 -0.229271 0.532592
-0.245972 -0.201172 0.234131 -0.478241 -0.391137 0.455219
-0.513184 -0.260132 0.183350 -0.997779 -0.505772 0.356485
-0.755737 -0.082275 0.074219 -1.469374 -0.159967 0.144303
-0.935913 0.210571 -0.235596 -1.819688 0.409412 -0.458067
-1.253784 0.351318 -0.487427 -2.437722 0.683065 -0.947700
-1.717773 0.343994 -0.645142 -3.339853 0.668825 -1.254343
-1.935059 0.454834 -0.796875 -3.762318 0.884330 -1.549357
-1.613525 0.607910 -0.886475 -3.137164 1.181955 -1.723565
-1.218262 0.494751 -0.789673 -2.368656 0.961940 -1.535354
-0.639893 0.414673 -0.484131 -1.244138 0.806245 -0.941292
-0.224976 0.364136 -0.193481 -0.437418 0.707986 -0.376184
-0.035645 0.282349 -0.080688 -0.069303 0.548968 -0.156882
0.148926 0.221680 -0.115601 0.289555 0.431010 -0.224761
0.228271 0.198608 -0.160034 0.443826 0.386153 -0.311153
0.166504 0.188721 -0.143555 0.323732 0.366928 -0.279112
0.060913 0.178589 -0.109375 0.118433 0.347229 -0.212657
-0.004150 0.101074 -0.102417 -0.008070 0.196518 -0.199128
-0.028931 0.026855 -0.087891 -0.056250 0.052215 -0.170885
-0.005615 0.050293 -0.085449 -0.010918 0.097784 -0.166138
0.015381 0.097412 -0.076904 0.029905 0.189398 -0.149524
0.021851 0.016846 -0.039063 0.042484 0.032753 -0.075949
0.031738 -0.126221 -0.023315 0.061708 -0.245410 -0.045332
0.034424 -0.108765 -0.021362 0.066930 -0.211470 -0.041535
0.022461 0.016479 -0.030640 0.043671 0.032041 -0.059572
-0.031006 0.045044 -0.057007 -0.060284 0.087579 -0.110838
-0.062866 0.012329 -0.089233 -0.122230 0.023971 -0.173496
-0.040649 -0.010254 -0.098145 -0.079034 -0.019937 -0.190822
-0.046753 0.041382 -0.102173 -0.090901 0.080458 -0.198654
-0.028564 0.135498 -0.124512 -0.055538 0.263448 -0.242087
-0.008057 0.142334 -0.146484 -0.015664 0.276739 -0.284808
0.002319 0.031372 -0.163330 0.004509 0.060996 -0.317561
0.007080 -0.005371 -0.161011 0.013766 -0.010443 -0.313052
-0.007935 0.037842 -0.144165 -0.015427 0.073575 -0.280299
-0.016357 0.106567 -0.143799 -0.031804 0.207198 -0.279587
-0.013062 0.071167 -0.162109 -0.025395 0.138369 -0.315188
-0.028442 0.081055 -0.165283 -0.055300 0.157594 -0.321359
-0.043579 0.039307 -0.132568 -0.084730 0.076424 -0.257752
-0.036011 0.018433 -0.126221 -0.070015 0.035838 -0.245410
-0.010010 0.061890 -0.143677 -0.019462 0.120332 -0.279350
0.027832 0.049072 -0.147095 0.054114 0.095411 -0.285995
0.031128 0.019531 -0.156250 0.060522 0.037974 -0.303796
0.014404 0.001831 -0.135742 0.028006 0.003560 -0.263922
0.004395 0.039185 -0.111206 0.008544 0.076186 -0.216217
-0.004150 0.070435 -0.145020 -0.008070 0.136945 -0.281960
-0.013184 0.041016 -0.161743 -0.025633 0.079746 -0.314476
-0.017334 0.040527 -0.161743 -0.033702 0.078797 -0.314476
-0.024658 0.017822 -0.159302 -0.047943 0.034652 -0.309729
-0.021851 0.027222 -0.161865 -0.042484 0.052927 -0.314713
-0.024536 0.051147 -0.150391 -0.047705 0.099446 -0.292403
-0.025879 0.013062 -0.111328 -0.050316 0.025395 -0.216454
-0.011963 0.022949 -0.109619 -0.023259 0.044620 -0.213132
-0.007202 0.019897 -0.115967 -0.014003 0.038686 -0.225473
-0.004272 0.024414 -0.125000 -0.008307 0.047468 -0.243036
-0.013550 -0.030273 -0.134521 -0.026345 -0.058860 -0.261549
-0.012573 -0.037964 -0.136108 -0.024446 -0.073813 -0.264634
-0.011963 0.016357 -0.109253 -0.023259 0.031804 -0.212420
-0.022217 0.021118 -0.099487 -0.043196 0.041060 -0.193432
-0.018555 0.027100 -0.104370 -0.036076 0.052690 -0.202926
-0.023804 0.001343 -0.108154 -0.046281 0.002611 -0.210283
-0.031616 -0.031128 -0.109741 -0.061471 -0.060522 -0.213369
-0.023682 0.007324 -0.114014 -0.046044 0.014240 -0.221676
-0.021362 0.018066 -0.127075 -0.041535 0.035126 -0.247071
