-0.285156 -0.194702 0.002686 -0.554427 -0.378558 0.005221
-0.391602 -0.023438 -0.033936 -0.761388 -0.045569 -0.065981
-0.379883 0.299561 -0.005737 -0.738603 0.582433 -0.011155
-0.236572 0.432251 0.062622 -0.459965 0.840422 0.121756
-0.187012 0.126709 0.120483 -0.363605 0.246359 0.234255
-0.108643 -0.184326 0.054077 -0.211233 -0.358384 0.105142
-0.025513 -0.225220 -0.196533 -0.049604 -0.437893 -0.382118
-0.173584 -0.258545 -0.200195 -0.337498 -0.502687 -0.389238
-0.129761 -0.349121 -0.635376 -0.252293 -0.678793 -1.235356
-0.015503 -0.180664 -1.249878 -0.030142 -0.351264 -2.430127
-0.010132 0.088257 -1.791138 -0.019699 0.171597 -3.482494
-0.189575 0.212769 -2.198242 -0.368589 0.413684 -4.274024
-0.214600 0.121460 -2.146851 -0.417244 0.236154 -4.174104
-0.026978 0.489380 -1.982544 -0.052452 0.951497 -3.854644
0.209473 0.508667 -1.450806 0.407276 0.988997 -2.820789
0.317749 0.385742 -0.915649 0.617797 0.749995 -1.780290
0.354004 0.185913 -0.495117 0.688287 0.361469 -0.962652
0.380981 -0.019409 -0.168579 0.740739 -0.037737 -0.327767
0.390625 -0.118164 0.106689 0.759489 -0.229745 0.207435
0.308838 -0.161621 0.337280 0.600471 -0.314239 0.655771
0.152100 -0.283447 0.425293 0.295726 -0.551104 0.826894
-0.087646 -0.356934 0.329956 -0.170410 -0.693983 0.641531
-0.398193 -0.329956 0.076416 -0.774204 -0.641531 0.148575
-0.803101 -0.018311 -0.195190 -1.561462 -0.035601 -0.379507
-1.396240 0.114014 -0.261963 -2.714698 0.221676 -0.509332
-2.036743 0.335938 -0.340088 -3.960023 0.653160 -0.661230
-2.225586 0.397461 -0.384644 -4.327188 0.772780 -0.747859
-1.339844 0.534546 -0.276001 -2.605047 1.039313 -0.536626
-0.636597 0.151123 -0.288940 -1.237730 0.293827 -0.561784
-0.455933 -0.077881 -0.240967 -0.886466 -0.151423 -0.468510
-0.315186 0.088013 -0.159668 -0.612813 0.171122 -0.310441
-0.220093 0.168213 -0.154785 -0.427925 0.327055 -0.300947
-0.118652 0.184937 -0.207153 -0.230695 0.359571 -0.402766
-0.018677 0.130981 -0.179932 -0.036313 0.254666 -0.349840
0.020630 0.026978 -0.159058 0.040111 0.052452 -0.309254
0.048096 -0.047363 -0.126343 0.093512 -0.092088 -0.245647
0.056030 0.026245 -0.118530 0.108939 0.051028 -0.230457
0.032349 0.088867 -0.118164 0.062895 0.172784 -0.229745
0.017944 0.068359 -0.095581 0.034889 0.132911 -0.185837
0.016113 0.026123 -0.085693 0.031329 0.050791 -0.166613
0.024780 0.004150 -0.078735 0.048180 0.008070 -0.153084
0.052734 0.033813 -0.092041 0.102531 0.065743 -0.178955
0.029785 0.023682 -0.095337 0.057911 0.046044 -0.185363
0.009644 0.030640 -0.090698 0.018750 0.059572 -0.176344
0.005981 0.024780 -0.100342 0.011630 0.048180 -0.195094
0.009155 0.026367 -0.120605 0.017801 0.051266 -0.234492
0.013306 0.020630 -0.127686 0.025870 0.040111 -0.248258
-0.004028 0.006714 -0.130371 -0.007832 0.013054 -0.253479
-0.026733 0.018433 -0.122070 -0.051978 0.035838 -0.237340
-0.041748 0.035767 -0.122314 -0.081170 0.069541 -0.237815
-0.041992 0.041992 -0.117676 -0.081645 0.081645 -0.228796
-0.025269 0.043579 -0.130737 -0.049129 0.084730 -0.254191
-0.023926 0.021484 -0.140137 -0.046519 0.041772 -0.272467
-0.028198 -0.008179 -0.127441 -0.054826 -0.015902 -0.247783
-0.031372 0.010010 -0.132568 -0.060996 0.019462 -0.257752
-0.035522 0.014893 -0.126465 -0.069066 0.028956 -0.245885
-0.019653 0.038818 -0.111938 -0.038212 0.075474 -0.217641
-0.028564 0.024414 -0.141113 -0.055538 0.047468 -0.274365
-0.012085 0.021484 -0.167969 -0.023497 0.041772 -0.326580
0.010498 -0.008423 -0.119873 0.020411 -0.016376 -0.233068
-0.006470 0.016357 -0.096436 -0.012579 0.031804 -0.187499
-0.038818 0.005493 -0.120361 -0.075474 0.010680 -0.234018
-0.038086 0.014526 -0.170532 -0.074050 0.028243 -0.331564
-0.026733 0.000122 -0.193970 -0.051978 0.000237 -0.377134
-0.016846 -0.101196 -0.180542 -0.032753 -0.196755 -0.351026
0.052368 -0.016235 -0.265381 0.101819 -0.031566 -0.515978
0.050781 -0.032715 -0.231689 0.098734 -0.063607 -0.450472
0.028931 0.005737 -0.113159 0.056250 0.011155 -0.220014
-0.042725 -0.012329 -0.010620 -0.083069 -0.023971 -0.020649
-0.057861 0.032471 -0.067017 -0.112499 0.063133 -0.130300
-0.024292 0.033813 -0.140991 -0.047231 0.065743 -0.274128
0.009399 -0.007202 -0.138672 0.018275 -0.014003 -0.269619
0.020752 0.053955 -0.127686 0.040348 0.104904 -0.248258
-0.015137 0.051514 -0.145020 -0.029430 0.100158 -0.281960
-0.002563 0.061890 -0.141724 -0.004984 0.120332 -0.275552
-0.016357 0.043823 -0.129639 -0.031804 0.085205 -0.252055
-0.022583 0.014893 -0.144531 -0.043908 0.028956 -0.281011
-0.027832 -0.027588 -0.150635 -0.054114 -0.053639 -0.292878
0.000000 -0.000732 -0.146484 0.000000 -0.001424 -0.284808
-0.009766 0.018311 -0.137329 -0.018987 0.035601 -0.267008
