-0.034912 0.263672 0.445557 -0.067879 0.512655 0.866292
0.042969 0.314331 0.446167 0.083544 0.611151 0.867479
-0.106689 0.608032 0.429932 -0.207435 1.182192 0.835912
-0.229858 0.805054 0.391724 -0.446912 1.565259 0.761625
-0.281372 0.767700 0.199097 -0.547069 1.492633 0.387102
-0.282104 0.703979 0.028198 -0.548493 1.368741 0.054826
-0.282104 0.557983 -0.616821 -0.548493 1.084882 -1.199281
-0.061157 0.404785 -1.663452 -0.118907 0.787020 -3.234236
0.112915 0.060181 -2.215454 0.219540 0.117009 -4.307489
0.250366 -0.383789 -2.624634 0.486785 -0.746198 -5.103054
0.448242 -0.444458 -3.135986 0.871514 -0.864156 -6.097272
0.590576 -0.371582 -3.634033 1.148252 -0.722464 -7.065620
0.666016 -0.819702 -3.021729 1.294929 -1.593740 -5.875122
0.797485 -0.925903 -2.022217 1.550544 -1.800226 -3.931779
0.798828 -0.322998 -1.577637 1.553155 -0.628002 -3.067386
0.574951 0.732544 -1.006592 1.117873 1.424279 -1.957108
0.271973 0.738159 -0.196777 0.528794 1.435197 -0.382593
0.084229 0.001831 0.270752 0.163765 0.003560 0.526421
0.041138 -0.434082 0.294067 0.079984 -0.843982 0.571753
-0.228882 -0.588623 0.086914 -0.445013 -1.144455 0.168986
-0.578857 -0.559204 -0.169189 -1.125468 -1.087256 -0.328954
-0.950195 -0.282959 -0.332397 -1.847457 -0.550155 -0.646278
-1.469727 0.031006 -0.470093 -2.857577 0.060284 -0.913997
-1.885010 0.385986 -0.568970 -3.665009 0.750470 -1.106243
-1.551514 0.717407 -0.394653 -3.016595 1.394849 -0.767321
-0.925293 0.401245 -0.057373 -1.799039 0.780138 -0.111550
-0.567139 0.088623 -0.205566 -1.102683 0.172309 -0.399681
-0.318237 0.011719 -0.474121 -0.618746 0.022785 -0.921830
-0.031982 0.090698 -0.451050 -0.062183 0.176344 -0.876972
0.098389 0.083618 -0.253052 0.191296 0.162578 -0.492006
0.024170 0.000977 -0.075562 0.046993 0.001899 -0.146914
0.014893 -0.020874 -0.051025 0.028956 -0.040585 -0.099208
0.106079 0.112549 -0.036377 0.206249 0.218828 -0.070727
0.125977 0.162842 -0.113037 0.244935 0.316612 -0.219777
0.059814 0.096313 -0.122192 0.116297 0.187261 -0.237578
0.055176 0.111328 -0.074951 0.107278 0.216454 -0.145727
0.087158 0.154053 -0.053711 0.169461 0.299523 -0.104430
0.119019 0.153564 -0.041626 0.231407 0.298574 -0.080933
0.109375 0.099731 -0.086426 0.212657 0.193907 -0.168037
0.119751 0.052490 -0.153442 0.232831 0.102056 -0.298337
0.093994 -0.037842 -0.156616 0.182752 -0.073575 -0.304508
0.040161 -0.113403 -0.153320 0.078085 -0.220489 -0.298099
0.012573 -0.147705 -0.166748 0.024446 -0.287182 -0.324207
0.040161 -0.056274 -0.151978 0.078085 -0.109414 -0.295489
0.050903 0.065308 -0.100342 0.098971 0.126977 -0.195094
0.007446 0.186035 -0.063354 0.014478 0.361707 -0.123180
-0.045654 0.155273 -0.102417 -0.088765 0.301897 -0.199128
0.004150 0.187622 -0.118774 0.008070 0.364792 -0.230932
0.064697 0.188354 -0.111572 0.125790 0.366216 -0.216929
0.060303 0.111328 -0.086914 0.117246 0.216454 -0.168986
0.016479 0.021362 -0.088379 0.032041 0.041535 -0.171834
0.045288 -0.012573 -0.079468 0.088053 -0.024446 -0.154509
0.032227 -0.030396 -0.085083 0.062658 -0.059098 -0.165426
0.010254 -0.046387 -0.110596 0.019937 -0.090189 -0.215030
0.032104 0.018188 -0.136719 0.062420 0.035364 -0.265821
0.015259 -0.002930 -0.111694 0.029668 -0.005696 -0.217166
0.015869 0.017578 -0.065674 0.030854 0.034177 -0.127689
0.022095 0.018433 -0.030640 0.042959 0.035838 -0.059572
-0.000854 -0.007935 -0.050293 -0.001661 -0.015427 -0.097784
0.002808 -0.010620 -0.082642 0.005459 -0.020649 -0.160679
-0.005127 0.006958 -0.109985 -0.009968 0.013528 -0.213844
-0.018066 0.028320 -0.142090 -0.035126 0.055063 -0.276264
-0.019775 0.025635 -0.154663 -0.038449 0.049841 -0.300710
-0.005981 0.028320 -0.151611 -0.011630 0.055063 -0.294777
-0.014893 0.021729 -0.115845 -0.028956 0.042247 -0.225236
-0.029175 0.006592 -0.081543 -0.056724 0.012816 -0.158543
-0.030273 0.001465 -0.076660 -0.058860 0.002848 -0.149050
-0.035767 0.003784 -0.111328 -0.069541 0.007358 -0.216454
-0.038574 0.020508 -0.136597 -0.075000 0.039873 -0.265584
-0.048096 0.005615 -0.120728 -0.093512 0.010918 -0.234730
-0.050415 0.023438 -0.090332 -0.098022 0.045569 -0.175632
-0.017090 0.044189 -0.068604 -0.033228 0.085917 -0.133385
-0.013916 0.022583 -0.091064 -0.027057 0.043908 -0.177056
-0.006592 -0.000366 -0.106934 -0.012816 -0.000712 -0.207910
0.011475 0.009399 -0.093750 0.022310 0.018275 -0.182277
0.013550 0.004395 -0.099609 0.026345 0.008544 -0.193670
0.027222 0.022217 -0.108887 0.052927 0.043196 -0.211708
0.019043 0.000854 -0.124878 0.037025 0.001661 -0.242799
-0.000488 -0.010254 -0.131470 -0.000949 -0.019937 -0.255615
0.001831 0.036865 -0.140259 0.003560 0.071677 -0.272704
