-0.103394 0.254639 0.005127 -0.201027 0.495092 0.009968
-0.141602 0.179199 0.027100 -0.275315 0.348416 0.052690
-0.151489 -0.017090 0.035400 -0.294539 -0.033228 0.068829
-0.060425 0.018921 0.004395 -0.117483 0.036788 0.008544
0.059937 -0.016968 0.000244 0.116534 -0.032990 0.000475
0.139648 -0.036621 -0.013306 0.271517 -0.071202 -0.025870
0.110596 -0.103882 -0.068359 0.215030 -0.201977 -0.132911
0.019287 -0.294800 -0.170532 0.037500 -0.573177 -0.331564
0.120605 -0.397583 -0.341431 0.234492 -0.773017 -0.663841
0.156738 -0.288818 -0.561157 0.304745 -0.561547 -1.091053
0.222900 -0.229370 -0.765747 0.433383 -0.445962 -1.488836
0.234985 -0.321167 -0.889038 0.456880 -0.624442 -1.728549
0.214966 -0.377930 -1.046997 0.417956 -0.734806 -2.035668
0.160034 -0.422363 -1.080811 0.311153 -0.821197 -2.101411
0.162842 -0.372681 -1.002563 0.316612 -0.724600 -1.949276
0.204590 -0.257446 -0.846313 0.397782 -0.500551 -1.645480
0.194214 -0.203735 -0.661987 0.377608 -0.396121 -1.287096
0.185669 -0.139038 -0.563599 0.360995 -0.270331 -1.095800
0.133667 -0.108276 -0.511475 0.259888 -0.210521 -0.994456
0.103638 -0.102417 -0.483887 0.201502 -0.199128 -0.940817
0.105225 -0.103638 -0.445435 0.204587 -0.201502 -0.866055
0.089966 -0.074463 -0.370850 0.174920 -0.144778 -0.721040
0.009888 -0.035278 -0.309326 0.019225 -0.068591 -0.601420
-0.075684 -0.006470 -0.243530 -0.147151 -0.012579 -0.473494
-0.177246 -0.058594 -0.191162 -0.344618 -0.113923 -0.371675
-0.267090 -0.110840 -0.228394 -0.519301 -0.215505 -0.444064
-0.390015 -0.135010 -0.286621 -0.758302 -0.262498 -0.557275
-0.647583 -0.216797 -0.326904 -1.259090 -0.421516 -0.635597
-0.998291 -0.282349 -0.355469 -1.940969 -0.548968 -0.691135
-1.402588 -0.155151 -0.389038 -2.727040 -0.301659 -0.756404
-1.690063 0.250977 -0.329712 -3.285976 0.487972 -0.641056
-1.676025 0.500977 -0.208618 -3.258682 0.974045 -0.405615
-1.217896 0.465210 -0.204346 -2.367944 0.904504 -0.397308
-0.592529 0.068848 -0.229980 -1.152050 0.133860 -0.447149
-0.178345 -0.362305 -0.196045 -0.346754 -0.704426 -0.381168
0.035767 -0.354858 -0.078491 0.069541 -0.689948 -0.152610
0.091797 0.100464 -0.168457 0.178480 0.195331 -0.327530
0.394409 -0.120117 -0.304565 0.766846 -0.233543 -0.592164
0.588257 -0.147217 -0.369873 1.143743 -0.286232 -0.719141
0.616699 -0.360718 -0.348877 1.199043 -0.701341 -0.678319
0.329346 -0.347900 -0.374634 0.640344 -0.676420 -0.728397
0.225586 -0.181519 -0.267456 0.438605 -0.352925 -0.520013
0.144653 -0.018433 -0.080200 0.281248 -0.035838 -0.155933
0.058472 0.113892 0.006104 0.113686 0.221438 0.011867
-0.027222 0.163208 0.021851 -0.052927 0.317324 0.042484
-0.083008 0.179443 0.017700 -0.161391 0.348890 0.034414
-0.110962 0.219971 -0.002197 -0.215742 0.427687 -0.004272
-0.083252 0.202026 -0.014160 -0.161866 0.392798 -0.027531
-0.053467 0.115356 -0.024414 -0.103955 0.224287 -0.047468
-0.054565 0.021606 -0.039063 -0.106091 0.042009 -0.075949
-0.057251 0.000488 -0.058594 -0.111313 0.000949 -0.113923
-0.044067 0.011597 -0.061890 -0.085680 0.022547 -0.120332
-0.042236 0.001587 -0.067139 -0.082120 0.003085 -0.130537
-0.050659 -0.014038 -0.080811 -0.098496 -0.027294 -0.157119
-0.054688 -0.007202 -0.099731 -0.106328 -0.014003 -0.193907
-0.049805 -0.002930 -0.111694 -0.096835 -0.005696 -0.217166
-0.035767 -0.002319 -0.100220 -0.069541 -0.004509 -0.194856
-0.003540 -0.009277 -0.075073 -0.006883 -0.018038 -0.145964
0.006592 -0.002930 -0.066162 0.012816 -0.005696 -0.128638
-0.001099 -0.000610 -0.082764 -0.002136 -0.001187 -0.160917
-0.007813 -0.000610 -0.091309 -0.015190 -0.001187 -0.177531
-0.017090 0.024048 -0.094604 -0.033228 0.046756 -0.183939
-0.023804 0.035034 -0.095825 -0.046281 0.068117 -0.186312
-0.020630 0.032471 -0.102661 -0.040111 0.063133 -0.199603
-0.012207 0.014648 -0.110107 -0.023734 0.028481 -0.214081
-0.021973 0.000854 -0.108643 -0.042721 0.001661 -0.211233
-0.025391 0.004639 -0.106567 -0.049367 0.009019 -0.207198
-0.038574 0.017334 -0.112061 -0.075000 0.033702 -0.217878
-0.041992 0.021729 -0.118408 -0.081645 0.042247 -0.230220
-0.022583 0.020752 -0.113037 -0.043908 0.040348 -0.219777
-0.010376 0.028931 -0.122192 -0.020174 0.056250 -0.237578
-0.011108 0.027954 -0.130615 -0.021598 0.054351 -0.253954
-0.006470 0.018677 -0.113525 -0.012579 0.036313 -0.220726
0.009155 0.014038 -0.089966 0.017801 0.027294 -0.174920
0.015259 0.010986 -0.080688 0.029668 0.021361 -0.156882
0.007935 0.003418 -0.076660 0.015427 0.006646 -0.149050
-0.007690 0.012573 -0.085083 -0.014952 0.024446 -0.165426
-0.012451 0.014404 -0.102295 -0.024209 0.028006 -0.198891
-0.002930 -0.000122 -0.105591 -0.005696 -0.000237 -0.205299
-0.004272 0.002197 -0.089355 -0.008307 0.004272 -0.173733
