-0.170776 0.327393 -0.024292 -0.332039 0.636547 -0.047231
-0.187378 0.278687 -0.064087 -0.364317 0.541848 -0.124604
-0.270996 0.060669 -0.110962 -0.526895 0.117958 -0.215742
-0.101196 -0.040283 -0.087646 -0.196755 -0.078322 -0.170410
-0.010864 -0.188843 -0.051392 -0.021123 -0.367165 -0.099920
0.086914 -0.316895 -0.061768 0.168986 -0.616135 -0.120094
0.152100 -0.382080 -0.013184 0.295726 -0.742875 -0.025633
0.002075 -0.462524 -0.035645 0.004035 -0.899282 -0.069303
0.023193 -0.403564 -0.185181 0.045095 -0.784647 -0.360045
0.025635 -0.252563 -0.599609 0.049841 -0.491057 -1.165815
0.044800 -0.102905 -1.067261 0.087104 -0.200078 -2.075066
-0.047485 -0.031738 -1.458862 -0.092325 -0.061708 -2.836454
-0.164429 0.054932 -1.678467 -0.319697 0.106803 -3.263429
-0.277222 0.189941 -1.735229 -0.539000 0.369301 -3.373792
-0.327881 0.254395 -1.625610 -0.637496 0.494617 -3.160661
-0.207764 0.168091 -1.328125 -0.403953 0.326818 -2.582262
0.032837 0.021362 -0.993774 0.063845 0.041535 -1.932187
0.152222 -0.130493 -0.725098 0.295963 -0.253717 -1.409801
0.179321 -0.240967 -0.438599 0.348653 -0.468510 -0.852764
0.160645 -0.315308 -0.191284 0.312340 -0.613050 -0.371912
0.088257 -0.339478 -0.023193 0.171597 -0.660043 -0.045095
0.015991 -0.289063 0.081421 0.031092 -0.562022 0.158306
-0.063965 -0.271973 0.119751 -0.124366 -0.528794 0.232831
-0.165527 -0.319458 0.110474 -0.321833 -0.621119 0.214793
-0.297852 -0.353882 0.086792 -0.579110 -0.688049 0.168749
-0.474121 -0.291138 0.048340 -0.921830 -0.566057 0.093987
-0.739136 -0.166870 0.083252 -1.437095 -0.324444 0.161866
-1.026733 -0.015137 0.218384 -1.996269 -0.029430 0.424602
-1.288330 0.220581 0.212036 -2.504889 0.428874 0.412260
-1.234131 0.492310 0.059326 -2.399510 0.957193 0.115347
-0.867920 0.526489 -0.147827 -1.687489 1.023649 -0.287419
-0.556152 0.315063 -0.214355 -1.081322 0.612575 -0.416770
-0.310425 0.183105 -0.170044 -0.603556 0.356010 -0.330615
-0.189331 0.180908 -0.119873 -0.368115 0.351738 -0.233068
-0.125000 0.150635 -0.087158 -0.243036 0.292878 -0.169461
-0.068359 0.108398 -0.068115 -0.132911 0.210758 -0.132436
-0.033936 0.067261 -0.069824 -0.065981 0.130774 -0.135759
0.009766 0.028198 -0.083374 0.018987 0.054826 -0.162103
0.038330 0.011108 -0.091309 0.074525 0.021598 -0.177531
0.062744 0.013550 -0.085571 0.121993 0.026345 -0.166376
0.078491 0.011353 -0.087524 0.152610 0.022073 -0.170173
0.061401 0.000854 -0.094604 0.119382 0.001661 -0.183939
0.047852 -0.000244 -0.089966 0.093037 -0.000475 -0.174920
0.039795 0.011475 -0.075317 0.077373 0.022310 -0.146439
0.026001 0.029419 -0.067627 0.050553 0.057199 -0.131487
0.014404 0.029175 -0.057007 0.028006 0.056724 -0.110838
0.010742 0.043457 -0.052612 0.020886 0.084493 -0.102294
0.008057 0.065430 -0.070923 0.015664 0.127214 -0.137895
0.014893 0.066650 -0.090210 0.028956 0.129588 -0.175394
0.000366 0.050415 -0.112183 0.000712 0.098022 -0.218116
-0.016113 0.047119 -0.123291 -0.031329 0.091613 -0.239714
-0.029785 0.069580 -0.125366 -0.057911 0.135284 -0.243748
-0.037354 0.077637 -0.116333 -0.072626 0.150948 -0.226185
-0.046143 0.071289 -0.110107 -0.089715 0.138607 -0.214081
-0.044312 0.064087 -0.106323 -0.086155 0.124604 -0.206723
-0.033447 0.044678 -0.099243 -0.065031 0.086867 -0.192958
-0.037598 0.027588 -0.101685 -0.073101 0.053639 -0.197704
-0.036865 0.011841 -0.110596 -0.071677 0.023022 -0.215030
-0.038452 0.010254 -0.124878 -0.074762 0.019937 -0.242799
-0.041870 0.014282 -0.138916 -0.081408 0.027769 -0.270093
-0.042603 0.017212 -0.140503 -0.082832 0.033465 -0.273179
-0.028320 0.028198 -0.118164 -0.055063 0.054826 -0.229745
-0.023071 0.044800 -0.115723 -0.044857 0.087104 -0.224999
-0.016602 0.049438 -0.122681 -0.032278 0.096123 -0.238527
-0.022827 0.041504 -0.120605 -0.044383 0.080696 -0.234492
-0.025513 0.042847 -0.113037 -0.049604 0.083306 -0.219777
-0.025146 0.032471 -0.102051 -0.048892 0.063133 -0.198416
-0.028931 0.019897 -0.087158 -0.056250 0.038686 -0.169461
-0.040649 0.021118 -0.078369 -0.079034 0.041060 -0.152372
-0.042358 0.029175 -0.081177 -0.082357 0.056724 -0.157831
-0.041260 0.029419 -0.096191 -0.080221 0.057199 -0.187024
-0.046265 0.021118 -0.106567 -0.089952 0.041060 -0.207198
-0.041626 0.020874 -0.108032 -0.080933 0.040585 -0.210046
-0.041748 0.026367 -0.113037 -0.081170 0.051266 -0.219777
-0.039551 0.025513 -0.121704 -0.076898 0.049604 -0.236628
-0.038086 0.028320 -0.120850 -0.074050 0.055063 -0.234967
-0.044189 0.046021 -0.131226 -0.085917 0.089477 -0.255141
-0.043823 0.054199 -0.141968 -0.085205 0.105379 -0.276027
-0.045288 0.053589 -0.137695 -0.088053 0.104192 -0.267720
-0.041748 0.053223 -0.129517 -0.081170 0.103480 -0.251818
