0.108643 0.617310 0.939575 0.211233 1.200230 1.826808
0.229736 0.785645 1.129883 0.446674 1.527522 2.196822
-0.019897 0.626709 0.529541 -0.038686 1.218505 1.029582
-0.048706 0.490967 0.271240 -0.094699 0.954583 0.527370
-0.159912 0.226196 0.148926 -0.310916 0.439792 0.289555
-0.288086 -0.068604 -0.090210 -0.560123 -0.133385 -0.175394
-0.410156 -0.015869 -0.335815 -0.797463 -0.030854 -0.652923
-0.298706 0.686890 -0.369629 -0.580772 1.335514 -0.718666
-0.297607 0.572754 -0.695068 -0.578636 1.113601 -1.351416
-0.125244 0.484253 -1.216553 -0.243511 0.941529 -2.365333
0.196777 -0.037842 -1.644531 0.382593 -0.073575 -3.197448
0.351807 -0.575073 -2.267700 0.684015 -1.118110 -4.409070
0.320435 -0.860229 -3.026611 0.623018 -1.672537 -5.884615
0.484375 -0.595337 -3.356323 0.941766 -1.157509 -6.525671
0.748535 -0.087891 -2.708130 1.455371 -0.170885 -5.265394
0.763062 0.240967 -1.687256 1.483614 0.468510 -3.280517
0.551270 -0.030762 -0.887207 1.071829 -0.059810 -1.724989
0.311157 -0.008423 -0.601929 0.604980 -0.016376 -1.170325
0.157959 0.207642 -0.285278 0.307118 0.403716 -0.554664
0.020508 -0.028076 0.020142 0.039873 -0.054588 0.039161
-0.121948 -0.348511 0.170044 -0.237103 -0.677607 0.330615
-0.376343 -0.622803 0.224731 -0.731720 -1.210910 0.436943
-0.660522 -0.515625 0.029053 -1.284248 -1.002525 0.056487
-0.963501 -0.036011 -0.354614 -1.873327 -0.070015 -0.689474
-1.200562 0.250488 -0.648315 -2.334242 0.487022 -1.260514
-1.454224 -0.122314 -0.876465 -2.827435 -0.237815 -1.704103
-1.386719 -0.173096 -0.837646 -2.696186 -0.336549 -1.628629
-1.061768 0.236572 -0.462524 -2.064386 0.459965 -0.899282
-0.655640 0.599121 -0.074097 -1.274755 1.164866 -0.144066
-0.294434 0.735840 -0.113892 -0.572465 1.430687 -0.221438
-0.091064 0.348755 -0.312500 -0.177056 0.678081 -0.607591
0.058472 0.113770 -0.330078 0.113686 0.221201 -0.641768
0.131470 0.072266 -0.280762 0.255615 0.140505 -0.545883
0.159912 0.101929 -0.205811 0.310916 0.198179 -0.400156
0.179443 0.202759 -0.187012 0.348890 0.394222 -0.363605
0.146851 0.178467 -0.189575 0.285520 0.346992 -0.368589
0.111450 0.106689 -0.117920 0.216692 0.207435 -0.229271
0.115234 0.136719 -0.014404 0.224049 0.265821 -0.028006
0.072388 0.109375 -0.012695 0.140743 0.212657 -0.024683
0.052734 0.097046 -0.033447 0.102531 0.188686 -0.065031
0.054688 0.066284 -0.028442 0.106328 0.128876 -0.055300
0.090332 0.112671 -0.014282 0.175632 0.219065 -0.027769
0.115601 0.133667 -0.026001 0.224761 0.259888 -0.050553
0.100952 0.090576 -0.093384 0.196280 0.176106 -0.181565
0.090454 0.060181 -0.120728 0.175869 0.117009 -0.234730
0.071167 0.005249 -0.091553 0.138369 0.010206 -0.178005
0.052490 0.010498 -0.105225 0.102056 0.020411 -0.204587
0.057617 0.049683 -0.128296 0.112025 0.096597 -0.249445
0.071533 0.046631 -0.121582 0.139081 0.090664 -0.236391
0.100464 0.052856 -0.090088 0.195331 0.102768 -0.175157
0.073486 0.064697 -0.129150 0.142879 0.125790 -0.251106
0.054321 0.069214 -0.151123 0.105616 0.134572 -0.293827
0.053101 0.082397 -0.104736 0.103243 0.160205 -0.203638
0.033813 0.093262 -0.063110 0.065743 0.181328 -0.122705
0.004272 0.076782 -0.068970 0.008307 0.149287 -0.134097
-0.007202 0.080322 -0.094116 -0.014003 0.156170 -0.182989
0.027588 0.078125 -0.145508 0.053639 0.151898 -0.282910
0.070557 0.073608 -0.148193 0.137183 0.143116 -0.288131
0.050171 0.023071 -0.127075 0.097547 0.044857 -0.247071
0.003662 -0.042603 -0.108643 0.007120 -0.082832 -0.211233
-0.003540 -0.004639 -0.119995 -0.006883 -0.009019 -0.233305
0.016113 0.019043 -0.122192 0.031329 0.037025 -0.237578
0.010254 0.054443 -0.144775 0.019937 0.105854 -0.281486
-0.002075 0.048340 -0.148071 -0.004035 0.093987 -0.287894
-0.006348 0.031738 -0.129639 -0.012342 0.061708 -0.252055
-0.031738 -0.001709 -0.136230 -0.061708 -0.003323 -0.264872
-0.041870 0.001099 -0.089355 -0.081408 0.002136 -0.173733
-0.021118 0.033569 -0.082275 -0.041060 0.065269 -0.159967
-0.006836 0.015503 -0.107910 -0.013291 0.030142 -0.209809
-0.012451 -0.001465 -0.138306 -0.024209 -0.002848 -0.268907
0.001099 0.005737 -0.134033 0.002136 0.011155 -0.260600
0.002441 0.012695 -0.111816 0.004747 0.024683 -0.217404
-0.009155 0.004761 -0.099731 -0.017801 0.009256 -0.193907
-0.007446 0.012817 -0.116943 -0.014478 0.024921 -0.227372
-0.005737 0.006226 -0.128418 -0.011155 0.012104 -0.249682
-0.005371 0.014771 -0.120239 -0.010443 0.028718 -0.233780
0.005371 0.043457 -0.127319 0.010443 0.084493 -0.247546
-0.000122 0.019897 -0.139526 -0.000237 0.038686 -0.271280
0.003662 0.021851 -0.142456 0.007120 0.042484 -0.276976
0.005615 0.013550 -0.120972 0.010918 0.026345 -0.235204
