0.061035 0.035278 -0.414795 0.118670 0.068591 -0.806482
0.143188 0.025269 -0.340576 0.278400 0.049129 -0.662179
0.051392 -0.014648 -0.282104 0.099920 -0.028481 -0.548493
0.047607 0.024048 -0.129028 0.092563 0.046756 -0.250869
-0.027954 -0.056396 -0.025024 -0.054351 -0.109651 -0.048655
-0.064819 -0.182617 0.055176 -0.126028 -0.355061 0.107278
-0.119263 -0.341309 0.195068 -0.231881 -0.663603 0.379270
-0.203003 -0.415405 0.241333 -0.394697 -0.807669 0.469222
-0.190918 -0.292847 0.320313 -0.371200 -0.569379 0.622781
-0.193848 -0.211426 0.259399 -0.376896 -0.411073 0.504348
-0.146729 -0.184937 0.053711 -0.285283 -0.359571 0.104430
-0.082764 -0.267822 -0.217651 -0.160917 -0.520725 -0.423178
-0.023804 -0.306396 -0.447510 -0.046281 -0.595724 -0.870089
0.093018 -0.184937 -0.743774 0.180853 -0.359571 -1.446114
0.143555 -0.004395 -1.091919 0.279112 -0.008544 -2.123009
0.183350 0.213135 -1.284790 0.356485 0.414396 -2.498007
0.251465 0.313477 -1.322876 0.488921 0.609490 -2.572057
0.309937 0.318481 -1.273804 0.602607 0.619221 -2.476646
0.416626 0.294800 -1.141235 0.810042 0.573177 -2.218894
0.442383 0.196899 -0.947876 0.860121 0.382830 -1.842947
0.363525 0.019775 -0.737305 0.706799 0.038449 -1.433535
0.277222 -0.115723 -0.539185 0.539000 -0.224999 -1.048332
0.203247 -0.147095 -0.360352 0.395172 -0.285995 -0.700629
0.140869 -0.168457 -0.225342 0.273891 -0.327530 -0.438130
0.102905 -0.168091 -0.154785 0.200078 -0.326818 -0.300947
0.045776 -0.160889 -0.143677 0.089003 -0.312815 -0.279350
-0.024658 -0.137451 -0.160645 -0.047943 -0.267245 -0.312340
-0.133911 -0.124390 -0.170532 -0.260362 -0.241850 -0.331564
-0.274292 -0.163574 -0.156372 -0.533304 -0.318036 -0.304033
-0.444580 -0.224121 -0.101440 -0.864393 -0.435757 -0.197230
-0.656982 -0.194092 -0.037109 -1.277365 -0.377371 -0.072151
-0.845093 0.005127 0.007080 -1.643107 0.009968 0.013766
-0.954102 0.197632 0.035278 -1.855052 0.384254 0.068591
-0.958008 0.325684 0.016724 -1.862647 0.633224 0.032516
-0.821777 0.377686 -0.027100 -1.597775 0.734331 -0.052690
-0.591797 0.287476 -0.067749 -1.150626 0.558936 -0.131724
-0.412964 0.145020 -0.117676 -0.802922 0.281960 -0.228796
-0.275024 0.059814 -0.116699 -0.534728 0.116297 -0.226897
-0.174072 0.031982 -0.102173 -0.338447 0.062183 -0.198654
-0.143799 0.027710 -0.124512 -0.279587 0.053876 -0.242087
-0.140991 -0.006348 -0.140015 -0.274128 -0.012342 -0.272229
-0.112915 -0.021118 -0.128418 -0.219540 -0.041060 -0.249682
-0.066650 -0.010498 -0.093994 -0.129588 -0.020411 -0.182752
-0.003296 -0.035645 -0.057617 -0.006408 -0.069303 -0.112025
0.071411 -0.075928 -0.050537 0.138844 -0.147626 -0.098259
0.109131 -0.121338 -0.066040 0.212182 -0.235916 -0.128401
0.127319 -0.170898 -0.090332 0.247546 -0.332276 -0.175632
0.111694 -0.208252 -0.126343 0.217166 -0.404903 -0.245647
0.068970 -0.196655 -0.160156 0.134097 -0.382355 -0.311390
0.060547 -0.148560 -0.147705 0.117721 -0.288843 -0.287182
0.060181 -0.064941 -0.108276 0.117009 -0.126265 -0.210521
0.057373 -0.002197 -0.101074 0.111550 -0.004272 -0.196518
0.051880 -0.007690 -0.115234 0.100870 -0.014952 -0.224049
0.047974 -0.017090 -0.113892 0.093275 -0.033228 -0.221438
0.053833 -0.006348 -0.107178 0.104667 -0.012342 -0.208385
0.068726 0.016113 -0.093872 0.133623 0.031329 -0.182515
0.065674 0.049561 -0.097534 0.127689 0.096360 -0.189635
0.041748 0.062500 -0.105591 0.081170 0.121518 -0.205299
0.025635 0.081177 -0.109009 0.049841 0.157831 -0.211945
0.014526 0.075317 -0.107544 0.028243 0.146439 -0.209097
-0.008301 0.068237 -0.099121 -0.016139 0.132673 -0.192720
-0.027832 0.079590 -0.100952 -0.054114 0.154746 -0.196280
-0.063354 0.105835 -0.137939 -0.123180 0.205774 -0.268195
-0.090210 0.122314 -0.174927 -0.175394 0.237815 -0.340109
-0.076904 0.080933 -0.146118 -0.149524 0.157357 -0.284096
-0.040527 0.053711 -0.088501 -0.078797 0.104430 -0.172072
-0.029053 0.047241 -0.075073 -0.056487 0.091851 -0.145964
-0.032349 0.030640 -0.113159 -0.062895 0.059572 -0.220014
-0.039185 0.013428 -0.134277 -0.076186 0.026107 -0.261074
-0.053711 0.001953 -0.109741 -0.104430 0.003797 -0.213369
-0.043579 -0.015991 -0.069824 -0.084730 -0.031092 -0.135759
-0.021484 -0.033569 -0.049805 -0.041772 -0.065269 -0.096835
-0.003784 -0.045776 -0.047852 -0.007358 -0.089003 -0.093037
0.013550 -0.041626 -0.044067 0.026345 -0.080933 -0.085680
0.044067 -0.031250 -0.044434 0.085680 -0.060759 -0.086392
0.059204 -0.030518 -0.052979 0.115110 -0.059335 -0.103006
0.051147 -0.020508 -0.053589 0.099446 -0.039873 -0.104192
0.058228 -0.002563 -0.047852 0.113211 -0.004984 -0.093037
0.078003 0.000244 -0.056396 0.151660 0.000475 -0.109651
0.064697 -0.026855 -0.063721 0.125790 -0.052215 -0.123892
