0.125122 0.340576 0.786987 0.243274 0.662179 1.530133
-0.107422 0.321533 0.656738 -0.208859 0.625154 1.276891
-0.304077 0.187622 0.626465 -0.591215 0.364792 1.218030
-0.411377 0.236572 0.770020 -0.799837 0.459965 1.497143
-0.518066 0.349243 0.790771 -1.007272 0.679031 1.537490
-0.594116 0.249268 0.575073 -1.155135 0.484649 1.118110
-0.476563 -0.331909 0.367432 -0.926576 -0.645328 0.714394
-0.142944 0.211792 0.156128 -0.277925 0.411785 0.303558
-0.067749 0.234863 -0.365601 -0.131724 0.456643 -0.710834
0.083008 -0.057251 -1.125732 0.161391 -0.111313 -2.188752
0.207397 0.142700 -2.181152 0.403241 0.277451 -4.240796
0.236206 -0.311768 -3.501465 0.459253 -0.606167 -6.807869
0.584106 -0.629395 -3.807373 1.135673 -1.223727 -7.402644
0.817017 -0.694092 -2.887329 1.588519 -1.349517 -5.613810
1.041992 -0.124756 -1.917358 2.025937 -0.242562 -3.727904
0.824341 0.202148 -1.354492 1.602759 0.393036 -2.633528
0.292358 0.039307 -0.713013 0.568430 0.076424 -1.386305
-0.110474 -0.290283 -0.499146 -0.214793 -0.564395 -0.970484
-0.224243 -0.519653 -0.412720 -0.435994 -1.010358 -0.802447
-0.286987 -0.574585 -0.335205 -0.557987 -1.117161 -0.651736
-0.611572 -0.650391 -0.211304 -1.189075 -1.264549 -0.410836
-1.040649 -0.800537 -0.013306 -2.023326 -1.556478 -0.025870
-1.551270 -0.796997 0.153442 -3.016120 -1.549595 0.298337
-1.863892 -0.421875 0.163696 -3.623949 -0.820248 0.318273
-1.808716 -0.121582 0.092407 -3.516671 -0.236391 0.179667
-1.064819 0.134888 0.016968 -2.070319 0.262261 0.032990
-0.470703 0.432617 -0.084106 -0.915184 0.841134 -0.163527
-0.401123 0.253052 -0.303345 -0.779900 0.492006 -0.589791
-0.269165 0.106567 -0.367798 -0.523335 0.207198 -0.715106
-0.029297 0.341431 -0.283569 -0.056962 0.663841 -0.551341
0.211792 0.492798 -0.217651 0.411785 0.958143 -0.423178
0.231445 0.472778 -0.211304 0.449997 0.919219 -0.410836
0.144043 0.259888 -0.202148 0.280062 0.505297 -0.393036
0.100708 0.148071 -0.167236 0.195806 0.287894 -0.325156
0.090332 0.120605 -0.154175 0.175632 0.234492 -0.299761
0.041992 0.088135 -0.140259 0.081645 0.171360 -0.272704
0.032227 0.100464 -0.172363 0.062658 0.195331 -0.335124
0.057251 0.134766 -0.117676 0.111313 0.262024 -0.228796
0.095825 0.146729 -0.086304 0.186312 0.285283 -0.167800
0.097656 0.065430 -0.104004 0.189872 0.127214 -0.202214
0.070435 0.016357 -0.148926 0.136945 0.031804 -0.289555
0.049438 -0.005859 -0.159546 0.096123 -0.011392 -0.310204
0.010986 -0.004639 -0.108643 0.021361 -0.009019 -0.211233
0.002808 0.051758 -0.061157 0.005459 0.100632 -0.118907
0.011475 0.045898 -0.087402 0.022310 0.089240 -0.169936
0.016968 0.053589 -0.140503 0.032990 0.104192 -0.273179
0.033936 0.053101 -0.174438 0.065981 0.103243 -0.339159
0.015747 0.006592 -0.145630 0.030617 0.012816 -0.283147
-0.014282 0.045166 -0.095703 -0.027769 0.087816 -0.186075
0.007690 0.073608 -0.114868 0.014952 0.143116 -0.223337
0.006592 0.063110 -0.152344 0.012816 0.122705 -0.296201
0.007080 0.028564 -0.183716 0.013766 0.055538 -0.357197
0.002563 0.028931 -0.171387 0.004984 0.056250 -0.333226
-0.024902 0.031372 -0.140137 -0.048417 0.060996 -0.272467
-0.031250 0.031982 -0.139282 -0.060759 0.062183 -0.270805
-0.013916 0.053833 -0.125732 -0.027057 0.104667 -0.244460
-0.020508 0.052246 -0.119873 -0.039873 0.101582 -0.233068
-0.041016 0.000244 -0.130493 -0.079746 0.000475 -0.253717
-0.034302 -0.032104 -0.125244 -0.066693 -0.062420 -0.243511
-0.046753 -0.033691 -0.119263 -0.090901 -0.065506 -0.231881
-0.049683 0.024414 -0.090576 -0.096597 0.047468 -0.176106
-0.005615 0.122192 -0.014771 -0.010918 0.237578 -0.028718
-0.005127 0.175537 0.048218 -0.009968 0.341295 0.093749
-0.020264 0.163818 0.043335 -0.039398 0.318511 0.084256
-0.015015 0.086426 -0.030151 -0.029193 0.168037 -0.058623
-0.023682 -0.024292 -0.153809 -0.046044 -0.047231 -0.299049
-0.033691 -0.065308 -0.215576 -0.065506 -0.126977 -0.419143
-0.034424 -0.066040 -0.180664 -0.066930 -0.128401 -0.351264
-0.055176 -0.061035 -0.155640 -0.107278 -0.118670 -0.302609
-0.029907 0.003296 -0.133667 -0.058148 0.006408 -0.259888
-0.023682 0.006104 -0.128418 -0.046044 0.011867 -0.249682
-0.013672 0.010498 -0.140747 -0.026582 0.020411 -0.273653
-0.013672 0.007324 -0.133789 -0.026582 0.014240 -0.260125
-0.017090 -0.004761 -0.132568 -0.033228 -0.009256 -0.257752
-0.015381 -0.031494 -0.136597 -0.029905 -0.061234 -0.265584
-0.019287 -0.036987 -0.151367 -0.037500 -0.071914 -0.294302
-0.041748 -0.047363 -0.165527 -0.081170 -0.092088 -0.321833
-0.031860 -0.053223 -0.177612 -0.061946 -0.103480 -0.345330
-0.026855 -0.022095 -0.155762 -0.052215 -0.042959 -0.302846
-0.016235 0.014648 -0.138916 -0.031566 0.028481 -0.270093
