0.012695 -0.219238 -0.065308 0.024683 -0.426263 -0.126977
-0.031616 -0.328735 -0.051758 -0.061471 -0.639157 -0.100632
0.019287 -0.434326 0.046509 0.037500 -0.844457 0.090427
-0.044922 -0.261963 0.078857 -0.087341 -0.509332 0.153322
-0.113892 -0.226440 0.180054 -0.221438 -0.440266 0.350077
-0.128784 -0.262939 0.230957 -0.250394 -0.511231 0.449048
-0.124390 -0.727295 -0.022705 -0.241850 -1.414073 -0.044145
-0.088989 -0.986450 -0.290405 -0.173021 -1.917947 -0.564633
-0.191162 -0.618530 -0.805054 -0.371675 -1.202603 -1.565259
-0.214600 0.040405 -1.331909 -0.417244 0.078560 -2.589620
-0.336426 0.532471 -1.840454 -0.654110 1.035278 -3.578379
-0.368042 0.874023 -2.234009 -0.715581 1.699356 -4.343565
-0.057007 2.549927 -2.420898 -0.110838 4.957801 -4.706933
0.176270 0.906616 -1.894775 0.342719 1.762726 -3.683996
0.338623 0.068115 -1.010376 0.658382 0.132436 -1.964465
0.269653 -0.049683 -0.490967 0.524285 -0.096597 -0.954583
0.135498 -0.059448 -0.219482 0.263448 -0.115585 -0.426738
0.064819 -0.085449 -0.076904 0.126028 -0.166138 -0.149524
0.026855 -0.152466 0.011841 0.052215 -0.296438 0.023022
-0.034546 -0.171753 0.163330 -0.067167 -0.333938 0.317561
-0.047119 -0.143677 0.282227 -0.091613 -0.279350 0.548731
-0.124390 -0.103516 0.305542 -0.241850 -0.201265 0.594063
-0.325073 -0.112549 0.250610 -0.632037 -0.218828 0.487260
-0.640625 -0.069214 0.103638 -1.245562 -0.134572 0.201502
-1.187378 0.032471 -0.061035 -2.308609 0.063133 -0.118670
-1.584229 0.093750 -0.131958 -3.080202 0.182277 -0.256565
-1.763794 0.116333 -0.215942 -3.429330 0.226185 -0.419855
-1.386963 -0.010986 -0.282471 -2.696660 -0.021361 -0.549205
-0.758545 -0.136719 -0.189697 -1.474833 -0.265821 -0.368827
-0.426880 -0.124023 -0.089478 -0.829979 -0.241138 -0.173970
-0.270386 0.070923 -0.053955 -0.525709 0.137895 -0.104904
-0.163208 0.289429 -0.042847 -0.317324 0.562734 -0.083306
-0.036621 0.261597 -0.108032 -0.071202 0.508620 -0.210046
0.012817 0.187256 -0.147705 0.024921 0.364080 -0.287182
-0.038818 0.197388 -0.134766 -0.075474 0.383779 -0.262024
0.015503 0.183350 -0.076172 0.030142 0.356485 -0.148100
0.140381 0.140625 -0.103882 0.272941 0.273416 -0.201977
0.199097 0.031738 -0.144775 0.387102 0.061708 -0.281486
0.159058 -0.028564 -0.121338 0.309254 -0.055538 -0.235916
0.045776 0.019897 -0.065674 0.089003 0.038686 -0.127689
0.010132 0.063110 -0.048950 0.019699 0.122705 -0.095173
-0.010620 0.021240 -0.074829 -0.020649 0.041297 -0.145490
-0.022217 -0.002319 -0.095947 -0.043196 -0.004509 -0.186549
-0.012573 -0.002319 -0.096680 -0.024446 -0.004509 -0.187973
-0.009521 0.017944 -0.122437 -0.018513 0.034889 -0.238052
-0.013794 0.032471 -0.128540 -0.026819 0.063133 -0.249919
-0.034180 -0.011353 -0.110107 -0.066455 -0.022073 -0.214081
-0.035400 -0.007935 -0.103149 -0.068829 -0.015427 -0.200553
-0.000977 0.035400 -0.131470 -0.001899 0.068829 -0.255615
-0.001709 0.005493 -0.154541 -0.003323 0.010680 -0.300473
0.001343 -0.016846 -0.131714 0.002611 -0.032753 -0.256090
-0.016724 0.019897 -0.116943 -0.032516 0.038686 -0.227372
-0.025024 0.045898 -0.119507 -0.048655 0.089240 -0.232356
-0.018921 0.013428 -0.109131 -0.036788 0.026107 -0.212182
-0.007324 0.018799 -0.109741 -0.014240 0.036550 -0.213369
-0.004639 0.000977 -0.113525 -0.009019 0.001899 -0.220726
-0.009033 0.004761 -0.132446 -0.017563 0.009256 -0.257514
0.006592 0.034790 -0.145142 0.012816 0.067642 -0.282198
-0.002563 0.028442 -0.140991 -0.004984 0.055300 -0.274128
-0.011597 0.020142 -0.123901 -0.022547 0.039161 -0.240900
-0.021362 0.014404 -0.119141 -0.041535 0.028006 -0.231644
-0.025269 0.017456 -0.113525 -0.049129 0.033940 -0.220726
-0.010254 0.026855 -0.112915 -0.019937 0.052215 -0.219540
-0.003296 0.013672 -0.130493 -0.006408 0.026582 -0.253717
0.001099 0.026123 -0.132935 0.002136 0.050791 -0.258464
-0.001343 0.021118 -0.120972 -0.002611 0.041060 -0.235204
-0.013428 0.026489 -0.118896 -0.026107 0.051503 -0.231169
-0.012451 0.042969 -0.129272 -0.024209 0.083544 -0.251343
-0.004761 0.040405 -0.145386 -0.009256 0.078560 -0.282672
-0.001831 0.029785 -0.143433 -0.003560 0.057911 -0.278875
-0.019775 0.027466 -0.137329 -0.038449 0.053402 -0.267008
-0.012939 0.018555 -0.129639 -0.025158 0.036076 -0.252055
-0.019775 0.035522 -0.136475 -0.038449 0.069066 -0.265346
-0.019409 0.018311 -0.129272 -0.037737 0.035601 -0.251343
-0.012207 0.003906 -0.130859 -0.023734 0.007595 -0.254429
-0.016479 0.011963 -0.127686 -0.032041 0.023259 -0.248258
-0.007324 0.011719 -0.114990 -0.014240 0.022785 -0.223575
-0.010132 0.005005 -0.116699 -0.019699 0.009731 -0.226897
-0.013428 0.026123 -0.125732 -0.026107 0.050791 -0.244460
-0.007568 0.035889 -0.134033 -0.014715 0.069778 -0.260600
