0.069946 0.043091 -0.184326 0.135996 0.083781 -0.358384
0.022217 -0.012573 -0.212158 0.043196 -0.024446 -0.412497
0.008545 -0.135498 -0.141724 0.016614 -0.263448 -0.275552
0.034912 -0.235596 -0.057617 0.067879 -0.458067 -0.112025
0.007446 -0.213013 0.013550 0.014478 -0.414159 0.026345
-0.014038 -0.208862 0.027588 -0.027294 -0.406089 0.053639
-0.114258 -0.265259 -0.008911 -0.222151 -0.515740 -0.017326
-0.133301 -0.351929 0.044067 -0.259176 -0.684252 0.085680
-0.101685 -0.300659 0.000122 -0.197704 -0.584569 0.000237
-0.021362 -0.210327 -0.111938 -0.041535 -0.408937 -0.217641
0.046509 -0.233398 -0.287720 0.090427 -0.453795 -0.559411
0.086182 -0.240845 -0.476440 0.167562 -0.468272 -0.926339
0.138062 -0.193237 -0.711060 0.268432 -0.375710 -1.382507
0.194580 -0.166870 -0.971191 0.378320 -0.324444 -1.888279
0.250854 -0.111328 -1.215210 0.487734 -0.216454 -2.362723
0.271240 -0.081299 -1.372314 0.527370 -0.158069 -2.668180
0.286133 0.068970 -1.458862 0.556326 0.134097 -2.836454
0.330200 0.155762 -1.398926 0.642005 0.302846 -2.719920
0.368286 0.154419 -1.244873 0.716056 0.300235 -2.420396
0.411255 0.093384 -1.064453 0.799599 0.181565 -2.069607
0.410522 -0.010254 -0.899536 0.798175 -0.019937 -1.748961
0.376465 -0.061035 -0.710938 0.731957 -0.118670 -1.382270
0.300293 -0.076294 -0.536743 0.583857 -0.148338 -1.043585
0.208252 -0.073120 -0.392456 0.404903 -0.142167 -0.763049
0.115356 -0.093872 -0.273926 0.224287 -0.182515 -0.532592
-0.023438 -0.142700 -0.171387 -0.045569 -0.277451 -0.333226
-0.152832 -0.164795 -0.079834 -0.297150 -0.320409 -0.155221
-0.291626 -0.180664 -0.004639 -0.567006 -0.351264 -0.009019
-0.464355 -0.197998 0.058716 -0.902842 -0.384966 0.114161
-0.659912 -0.193604 0.124756 -1.283062 -0.376422 0.242562
-0.855469 -0.087036 0.175903 -1.663281 -0.169224 0.342007
-1.015259 0.073975 0.196045 -1.973959 0.143828 0.381168
-1.153076 0.203247 0.203857 -2.241916 0.395172 0.396358
-1.210449 0.324341 0.161255 -2.353466 0.630613 0.313527
-1.075684 0.419678 0.012085 -2.091443 0.815976 0.023497
-0.792114 0.388428 -0.173828 -1.540101 0.755217 -0.337973
-0.480469 0.283813 -0.261230 -0.934171 0.551816 -0.507908
-0.220215 0.222534 -0.171143 -0.428162 0.432671 -0.332751
-0.098511 0.219727 -0.081055 -0.191534 0.427213 -0.157594
-0.020874 0.158447 -0.052856 -0.040585 0.308068 -0.102768
0.018677 0.087158 -0.057373 0.036313 0.169461 -0.111550
0.028076 0.039551 -0.050659 0.054588 0.076898 -0.098496
0.030151 0.009888 -0.041260 0.058623 0.019225 -0.080221
0.040649 0.002930 -0.050659 0.079034 0.005696 -0.098496
0.055786 -0.001465 -0.081787 0.108465 -0.002848 -0.159018
0.073486 -0.022705 -0.110718 0.142879 -0.044145 -0.215268
0.071655 -0.036011 -0.124390 0.139319 -0.070015 -0.241850
0.072632 -0.060669 -0.098633 0.141217 -0.117958 -0.191771
0.055664 -0.058228 -0.087280 0.108227 -0.113211 -0.169698
0.038452 -0.067749 -0.089966 0.074762 -0.131724 -0.174920
0.049194 -0.060547 -0.095215 0.095648 -0.117721 -0.185125
0.079590 -0.035645 -0.092896 0.154746 -0.069303 -0.180616
0.086182 -0.029663 -0.098877 0.167562 -0.057674 -0.192246
0.083862 -0.015259 -0.099609 0.163053 -0.029668 -0.193670
0.090332 -0.013184 -0.092163 0.175632 -0.025633 -0.179192
0.088013 -0.016968 -0.088623 0.171122 -0.032990 -0.172309
0.076416 -0.008789 -0.085938 0.148575 -0.017089 -0.167088
0.064331 0.001953 -0.090210 0.125078 0.003797 -0.175394
0.050659 0.006104 -0.088013 0.098496 0.011867 -0.171122
0.043701 0.010620 -0.079346 0.084968 0.020649 -0.154271
0.041016 0.010742 -0.068604 0.079746 0.020886 -0.133385
0.034424 0.025024 -0.074219 0.066930 0.048655 -0.144303
0.015503 0.041260 -0.084839 0.030142 0.080221 -0.164952
-0.017456 0.054810 -0.097290 -0.033940 0.106566 -0.189160
-0.045044 0.075928 -0.103882 -0.087579 0.147626 -0.201977
-0.063965 0.069336 -0.088623 -0.124366 0.134809 -0.172309
-0.082886 0.064697 -0.078369 -0.161154 0.125790 -0.152372
-0.098999 0.053711 -0.069214 -0.192483 0.104430 -0.134572
-0.100342 0.028442 -0.065674 -0.195094 0.055300 -0.127689
-0.090576 0.018188 -0.056396 -0.176106 0.035364 -0.109651
-0.084351 0.013306 -0.070435 -0.164002 0.025870 -0.136945
-0.072266 0.006836 -0.094238 -0.140505 0.013291 -0.183227
-0.054077 0.003906 -0.117676 -0.105142 0.007595 -0.228796
-0.046997 0.003418 -0.135498 -0.091376 0.006646 -0.263448
-0.044434 0.010254 -0.131470 -0.086392 0.019937 -0.255615
-0.047974 0.011597 -0.126953 -0.093275 0.022547 -0.246834
-0.046753 0.020386 -0.124512 -0.090901 0.039636 -0.242087
-0.031616 0.030396 -0.112671 -0.061471 0.059098 -0.219065
-0.033569 0.033081 -0.111450 -0.065269 0.064319 -0.216692
-0.048096 0.034058 -0.107056 -0.093512 0.066218 -0.208147
