0.226196 0.006714 -0.169678 0.439792 0.013054 -0.329903
0.156372 0.224121 -0.038574 0.304033 0.435757 -0.075000
0.041626 0.297241 -0.045166 0.080933 0.577924 -0.087816
-0.055908 0.291016 -0.056030 -0.108702 0.565819 -0.108939
-0.117676 0.144897 -0.070801 -0.228796 0.281723 -0.137657
-0.181885 0.076416 -0.195068 -0.353637 0.148575 -0.379270
-0.237183 0.099976 -0.180176 -0.461152 0.194382 -0.350314
-0.441650 0.307617 -0.180786 -0.858697 0.598098 -0.351501
-0.804443 0.400146 -0.160522 -1.564072 0.778001 -0.312102
-0.905029 0.319336 -0.054443 -1.759641 0.620882 -0.105854
-0.924927 0.226929 0.221436 -1.798327 0.441216 0.430535
-1.172974 0.095337 0.428833 -2.280603 0.185363 0.833776
-1.733521 0.032104 0.780762 -3.370469 0.062420 1.518028
-1.900391 0.226563 1.107788 -3.694914 0.440504 2.153863
-1.796143 0.505859 1.082642 -3.492225 0.983538 2.104971
-1.556396 0.823242 0.950928 -3.026089 1.600623 1.848881
-1.463379 0.687988 0.895386 -2.845235 1.337650 1.740891
-1.132446 0.351563 0.910522 -2.201806 0.683540 1.770321
-0.789429 0.358643 0.770630 -1.534880 0.697306 1.498329
-0.712280 0.314087 0.545776 -1.384881 0.610677 1.061148
-0.593872 -0.151978 0.288574 -1.154660 -0.295489 0.561072
-0.282349 -0.303223 0.172119 -0.548968 -0.589553 0.334650
-0.171875 -0.046875 0.087769 -0.334175 -0.091139 0.170648
-0.180542 0.083008 -0.068970 -0.351026 0.161391 -0.134097
-0.078857 0.047729 -0.265625 -0.153322 0.092800 -0.516452
0.107056 0.085083 -0.486328 0.208147 0.165426 -0.945564
0.252686 0.059570 -0.676514 0.491294 0.115822 -1.315340
0.253662 -0.009155 -0.786499 0.493193 -0.017801 -1.529184
0.179932 -0.006348 -0.902954 0.349840 -0.012342 -1.755606
0.164063 0.001465 -0.962280 0.318985 0.002848 -1.870953
0.203003 -0.011108 -0.996216 0.394697 -0.021598 -1.936934
0.192017 -0.010132 -1.007080 0.373336 -0.019699 -1.958057
0.190918 -0.030396 -0.958130 0.371200 -0.059098 -1.862884
0.191650 -0.065063 -0.842041 0.372624 -0.126502 -1.637173
0.145874 -0.071167 -0.714844 0.283622 -0.138369 -1.389865
0.097046 -0.049683 -0.601563 0.188686 -0.096597 -1.169613
0.080200 -0.034180 -0.504272 0.155933 -0.066455 -0.980453
0.089111 -0.028320 -0.437744 0.173258 -0.055063 -0.851102
0.115601 0.006836 -0.364868 0.224761 0.013291 -0.709410
0.112183 0.009033 -0.290894 0.218116 0.017563 -0.565582
0.092041 -0.009521 -0.246704 0.178955 -0.018513 -0.479665
0.077515 -0.024170 -0.244629 0.150711 -0.046993 -0.475630
0.066162 -0.033325 -0.209717 0.128638 -0.064794 -0.407751
0.054932 0.038574 -0.174927 0.106803 0.075000 -0.340109
-0.004395 0.091919 -0.184448 -0.008544 0.178717 -0.358621
0.001099 0.104736 -0.214844 0.002136 0.203638 -0.417719
0.040161 0.071289 -0.163696 0.078085 0.138607 -0.318273
0.034302 0.118286 -0.106445 0.066693 0.229983 -0.206961
0.004395 0.175049 -0.133667 0.008544 0.340346 -0.259888
0.006104 0.117920 -0.099243 0.011867 0.229271 -0.192958
0.024658 0.084229 -0.045776 0.047943 0.163765 -0.089003
0.014282 0.072021 -0.038208 0.027769 0.140031 -0.074288
0.033081 0.090698 -0.062134 0.064319 0.176344 -0.120806
0.042236 0.076294 -0.074463 0.082120 0.148338 -0.144778
0.074341 0.107788 -0.077271 0.144540 0.209571 -0.150236
0.054443 0.130371 -0.088501 0.105854 0.253479 -0.172072
0.062256 0.098389 -0.080566 0.121044 0.191296 -0.156645
0.091309 0.112671 -0.080566 0.177531 0.219065 -0.156645
0.084229 0.045776 -0.086060 0.163765 0.089003 -0.167325
0.068237 0.023926 -0.074463 0.132673 0.046519 -0.144778
0.022949 -0.016479 -0.093506 0.044620 -0.032041 -0.181803
0.014404 -0.035034 -0.077515 0.028006 -0.068117 -0.150711
0.017456 -0.012817 -0.058960 0.033940 -0.024921 -0.114635
0.001221 0.030762 -0.098877 0.002373 0.059810 -0.192246
0.001953 0.028809 -0.117065 0.003797 0.056012 -0.227609
-0.002930 0.009277 -0.097168 -0.005696 0.018038 -0.188923
-0.012329 0.025513 -0.083984 -0.023971 0.049604 -0.163290
-0.004150 0.079224 -0.090942 -0.008070 0.154034 -0.176819
-0.010010 0.088013 -0.107788 -0.019462 0.171122 -0.209571
-0.015503 0.058716 -0.094604 -0.030142 0.114161 -0.183939
-0.037231 0.053467 -0.081665 -0.072389 0.103955 -0.158781
-0.068115 0.035645 -0.088989 -0.132436 0.069303 -0.173021
-0.077637 0.014404 -0.096069 -0.150948 0.028006 -0.186787
-0.075439 0.009644 -0.105835 -0.146676 0.018750 -0.205774
-0.088257 -0.000366 -0.127319 -0.171597 -0.000712 -0.247546
-0.083130 -0.001343 -0.133911 -0.161629 -0.002611 -0.260362
-0.033569 0.024658 -0.162476 -0.065269 0.047943 -0.315900
0.040161 0.092407 -0.172729 0.078085 0.179667 -0.335836
0.048096 0.073486 -0.154785 0.093512 0.142879 -0.300947
0.035034 0.013062 -0.114258 0.068117 0.025395 -0.222151
