0.233154 0.205688 -0.276855 0.453320 0.399918 -0.538288
0.218140 0.237427 -0.244263 0.424127 0.461627 -0.474918
0.136719 0.116455 -0.084473 0.265821 0.226423 -0.164239
0.139893 0.149048 -0.225220 0.271992 0.289792 -0.437893
0.099976 0.172119 -0.377319 0.194382 0.334650 -0.733619
0.179443 0.116211 -0.357300 0.348890 0.225948 -0.694695
-0.069580 -0.007202 -0.478027 -0.135284 -0.014003 -0.929425
-0.766724 -0.521729 0.474609 -1.490734 -1.014392 0.922779
-1.353394 -0.916870 1.008423 -2.631392 -1.782663 1.960668
-1.981934 -0.773804 1.224365 -3.853457 -1.504500 2.380523
-1.921753 -0.481567 1.087891 -3.736448 -0.936307 2.115177
-0.901001 0.028931 0.762939 -1.751809 0.056250 1.483377
-0.193237 -0.249878 0.401245 -0.375710 -0.485836 0.780138
-0.061890 -0.352539 0.130005 -0.120332 -0.685439 0.252767
-0.071289 0.010986 0.058228 -0.138607 0.021361 0.113211
-0.065918 0.173462 -0.140625 -0.128164 0.337261 -0.273416
0.032593 0.247437 -0.401611 0.063370 0.481089 -0.780850
0.226929 0.361450 -0.630737 0.441216 0.702765 -1.226337
0.316284 0.437012 -0.921631 0.614949 0.849678 -1.791919
0.309570 0.573608 -1.222290 0.601895 1.115262 -2.376488
0.326294 0.629517 -1.532959 0.634411 1.223964 -2.980519
0.257568 0.422363 -1.623657 0.500788 0.821197 -3.156863
0.153687 0.117065 -1.265503 0.298811 0.227609 -2.460507
0.066528 0.095215 -0.682617 0.129350 0.185125 -1.327207
-0.146118 0.146240 -0.234009 -0.284096 0.284334 -0.454981
-0.280762 0.058228 -0.102051 -0.545883 0.113211 -0.198416
-0.377686 0.014404 -0.094727 -0.734331 0.028006 -0.184176
-0.190063 0.055664 -0.138550 -0.369539 0.108227 -0.269381
0.043579 0.045044 -0.030151 0.084730 0.087579 -0.058623
-0.057251 0.045166 -0.021484 -0.111313 0.087816 -0.041772
0.006958 0.033691 -0.005127 0.013528 0.065506 -0.009968
0.010254 0.057007 -0.037598 0.019937 0.110838 -0.073101
0.104858 0.041870 -0.082520 0.203875 0.081408 -0.160442
0.154297 0.071533 -0.097900 0.299998 0.139081 -0.190347
0.128052 0.061279 -0.056519 0.248970 0.119145 -0.109889
0.067993 0.007690 -0.057495 0.132199 0.014952 -0.111787
0.033936 -0.017456 -0.108154 0.065981 -0.033940 -0.210283
0.044434 -0.016602 -0.133301 0.086392 -0.032278 -0.259176
0.059692 -0.029785 -0.133911 0.116059 -0.057911 -0.260362
0.039429 0.015381 -0.110474 0.076661 0.029905 -0.214793
-0.003540 -0.007324 -0.074219 -0.006883 -0.014240 -0.144303
-0.019775 0.007324 -0.103516 -0.038449 0.014240 -0.201265
-0.043213 0.003906 -0.114868 -0.084018 0.007595 -0.223337
-0.050171 -0.000610 -0.142212 -0.097547 -0.001187 -0.276501
-0.062744 -0.012207 -0.141968 -0.121993 -0.023734 -0.276027
-0.077637 -0.005493 -0.124512 -0.150948 -0.010680 -0.242087
-0.069336 0.029419 -0.093750 -0.134809 0.057199 -0.182277
-0.015503 0.037231 -0.109741 -0.030142 0.072389 -0.213369
0.101196 0.022583 -0.146240 0.196755 0.043908 -0.284334
0.173340 0.050659 -0.185059 0.337023 0.098496 -0.359808
0.145996 0.097290 -0.157349 0.283859 0.189160 -0.305932
0.072998 0.099243 -0.123535 0.141929 0.192958 -0.240188
-0.014526 0.113770 -0.113403 -0.028243 0.221201 -0.220489
-0.009277 0.181396 -0.095581 -0.018038 0.352688 -0.185837
0.051392 0.256592 -0.118164 0.099920 0.498889 -0.229745
0.043701 0.197510 -0.123657 0.084968 0.384017 -0.240426
-0.004761 0.153076 -0.112671 -0.009256 0.297625 -0.219065
-0.028076 0.163330 -0.084351 -0.054588 0.317561 -0.164002
0.037720 0.137573 -0.055542 0.073338 0.267482 -0.107990
0.090942 0.081909 -0.052124 0.176819 0.159255 -0.101344
0.054932 0.054321 -0.068115 0.106803 0.105616 -0.132436
0.051636 0.117065 -0.057373 0.100395 0.227609 -0.111550
0.028809 0.116455 -0.064453 0.056012 0.226423 -0.125316
0.051025 0.023804 -0.092896 0.099208 0.046281 -0.180616
0.121582 -0.037598 -0.155151 0.236391 -0.073101 -0.301659
0.201538 0.016357 -0.249634 0.391849 0.031804 -0.485361
0.212158 0.116089 -0.167236 0.412497 0.225711 -0.325156
0.037842 0.139282 -0.040649 0.073575 0.270805 -0.079034
0.087158 0.115723 0.006104 0.169461 0.224999 0.011867
0.051880 0.111938 -0.097534 0.100870 0.217641 -0.189635
0.026978 0.075562 -0.207886 0.052452 0.146914 -0.404191
-0.060669 -0.012817 -0.236084 -0.117958 -0.024921 -0.459016
-0.100098 -0.059082 -0.172852 -0.194619 -0.114873 -0.336074
-0.049683 -0.033813 -0.122314 -0.096597 -0.065743 -0.237815
-0.048096 0.060303 -0.136963 -0.093512 0.117246 -0.266296
-0.030273 0.058594 -0.120850 -0.058860 0.113923 -0.234967
-0.024780 0.005737 -0.118652 -0.048180 0.011155 -0.230695
0.003296 -0.020874 -0.094238 0.006408 -0.040585 -0.183227
0.010864 -0.007446 -0.089722 0.021123 -0.014478 -0.174445
-0.031250 0.032593 -0.113647 -0.060759 0.063370 -0.220964
