-0.069336 0.122192 -0.247437 -0.134809 0.237578 -0.481089
-0.035400 0.204712 -0.244507 -0.068829 0.398020 -0.475393
-0.068848 0.282959 -0.459961 -0.133860 0.550155 -0.894298
-0.042603 0.327148 -0.405396 -0.082832 0.636072 -0.788207
-0.105591 0.415527 -0.295288 -0.205299 0.807906 -0.574126
-0.142578 0.623657 -0.227661 -0.277213 1.212572 -0.442640
-0.252441 0.706421 -0.222778 -0.490820 1.373488 -0.433146
-0.253784 0.498047 -0.043457 -0.493430 0.968348 -0.084493
-0.512451 0.267334 0.177368 -0.996355 0.519775 0.344855
-0.939819 0.292358 0.535156 -1.827283 0.568430 1.040500
-1.358521 0.470825 0.835815 -2.641360 0.915421 1.625069
-1.525024 0.629639 0.982544 -2.965092 1.224201 1.910352
-1.394775 0.734619 1.050049 -2.711850 1.428314 2.041601
-0.968994 0.472290 0.733398 -1.884007 0.918270 1.425940
-0.414429 0.101074 0.248291 -0.805770 0.196518 0.482750
-0.034546 -0.098755 -0.023804 -0.067167 -0.192008 -0.046281
0.091187 0.040405 -0.181885 0.177293 0.078560 -0.353637
0.049194 0.176636 -0.316650 0.095648 0.343431 -0.615661
0.089478 0.120728 -0.459473 0.173970 0.234730 -0.893349
0.104492 -0.100464 -0.626953 0.203163 -0.195331 -1.218980
0.069946 -0.186279 -0.752686 0.135996 -0.362181 -1.463440
0.101318 -0.035400 -0.884888 0.196992 -0.068829 -1.720480
0.182007 0.160645 -1.102905 0.353874 0.312340 -2.144369
0.246582 0.236694 -1.340088 0.479427 0.460203 -2.605522
0.412598 0.208984 -1.378052 0.802210 0.406327 -2.679334
0.400513 0.081787 -1.273193 0.778713 0.159018 -2.475459
0.292603 0.108276 -1.084961 0.568905 0.210521 -2.109480
0.205933 0.078979 -0.793579 0.400393 0.153559 -1.542949
0.182129 -0.014404 -0.541748 0.354112 -0.028006 -1.053316
0.151367 -0.010010 -0.364258 0.294302 -0.019462 -0.708223
0.097900 -0.017578 -0.229492 0.190347 -0.034177 -0.446200
-0.000610 0.029907 -0.130981 -0.001187 0.058148 -0.254666
-0.055786 0.056885 -0.045654 -0.108465 0.110601 -0.088765
-0.084229 0.034058 -0.046509 -0.163765 0.066218 -0.090427
-0.047363 -0.021240 -0.036621 -0.092088 -0.041297 -0.071202
-0.005371 -0.018433 -0.053589 -0.010443 -0.035838 -0.104192
-0.025757 0.013062 -0.079224 -0.050079 0.025395 -0.154034
-0.034058 0.050415 -0.078491 -0.066218 0.098022 -0.152610
-0.034790 0.072876 -0.077759 -0.067642 0.141692 -0.151186
-0.029297 0.051758 -0.101196 -0.056962 0.100632 -0.196755
-0.023926 0.057495 -0.118896 -0.046519 0.111787 -0.231169
-0.018555 0.072266 -0.112427 -0.036076 0.140505 -0.218590
-0.026489 0.054199 -0.103149 -0.051503 0.105379 -0.200553
-0.036743 0.024536 -0.068359 -0.071439 0.047705 -0.132911
-0.049194 0.016235 -0.040894 -0.095648 0.031566 -0.079509
-0.057373 0.015015 -0.056519 -0.111550 0.029193 -0.109889
-0.041504 0.013428 -0.072876 -0.080696 0.026107 -0.141692
-0.019653 0.006226 -0.067749 -0.038212 0.012104 -0.131724
-0.017822 -0.005493 -0.067993 -0.034652 -0.010680 -0.132199
-0.023682 -0.009277 -0.077026 -0.046044 -0.018038 -0.149762
-0.041992 -0.004639 -0.071655 -0.081645 -0.009019 -0.139319
-0.042725 -0.023438 -0.066528 -0.083069 -0.045569 -0.129350
-0.043213 -0.055664 -0.088623 -0.084018 -0.108227 -0.172309
-0.019653 -0.044800 -0.106079 -0.038212 -0.087104 -0.206249
-0.002319 -0.048584 -0.117432 -0.004509 -0.094461 -0.228321
0.009766 -0.036987 -0.121582 0.018987 -0.071914 -0.236391
0.005127 0.009399 -0.104736 0.009968 0.018275 -0.203638
-0.007446 0.021606 -0.096924 -0.014478 0.042009 -0.188448
-0.004272 0.007446 -0.101563 -0.008307 0.014478 -0.197467
0.005127 -0.007935 -0.099854 0.009968 -0.015427 -0.194144
0.010620 0.000610 -0.088257 0.020649 0.001187 -0.171597
0.003174 0.005737 -0.095703 0.006171 0.011155 -0.186075
-0.006836 0.006958 -0.108521 -0.013291 0.013528 -0.210996
-0.010742 0.000854 -0.102417 -0.020886 0.001661 -0.199128
-0.008911 0.012573 -0.104614 -0.017326 0.024446 -0.203401
-0.001831 0.023560 -0.122437 -0.003560 0.045807 -0.238052
-0.008545 0.035400 -0.142822 -0.016614 0.068829 -0.277688
-0.025146 0.043823 -0.145142 -0.048892 0.085205 -0.282198
-0.041382 0.061646 -0.133301 -0.080458 0.119857 -0.259176
-0.041138 0.047729 -0.120239 -0.079984 0.092800 -0.233780
-0.030884 0.050781 -0.124146 -0.060047 0.098734 -0.241375
-0.014893 0.027954 -0.114746 -0.028956 0.054351 -0.223100
-0.011719 0.021851 -0.099854 -0.022785 0.042484 -0.194144
-0.013794 0.048340 -0.088623 -0.026819 0.093987 -0.172309
-0.011475 0.028809 -0.088013 -0.022310 0.056012 -0.171122
-0.005859 0.004395 -0.095947 -0.011392 0.008544 -0.186549
0.000244 -0.003906 -0.102661 0.000475 -0.007595 -0.199603
-0.000854 0.002197 -0.099609 -0.001661 0.004272 -0.193670
0.005981 0.017944 -0.101318 0.011630 0.034889 -0.196992
0.017456 0.020264 -0.104858 0.033940 0.039398 -0.203875
