-0.133423 0.025269 -0.394409 -0.259413 0.049129 -0.766846
-0.064209 0.039917 -0.306519 -0.124841 0.077610 -0.595961
-0.182861 0.016602 -0.331055 -0.355536 0.032278 -0.643667
-0.389282 0.286621 -0.316162 -0.756878 0.557275 -0.614711
-0.224854 0.093018 -0.299805 -0.437181 0.180853 -0.582908
-0.090698 0.024780 -0.271973 -0.176344 0.048180 -0.528794
-0.009033 0.313965 -0.363647 -0.017563 0.610439 -0.707037
-0.268433 0.318726 -0.185547 -0.521911 0.619695 -0.360757
-0.619995 0.603516 0.232056 -1.205451 1.173410 0.451184
-0.977905 0.507935 0.414551 -1.901333 0.987573 0.806008
-1.147705 0.214111 0.525879 -2.231473 0.416295 1.022462
-1.304077 0.141724 0.868530 -2.535506 0.275552 1.688676
-1.344482 0.028198 1.161621 -2.614066 0.054826 2.258530
-1.007446 -0.244995 1.384766 -1.958769 -0.476342 2.692388
-0.653320 -0.509766 1.417969 -1.270245 -0.991133 2.756945
-0.527832 -0.304932 1.498413 -1.026259 -0.592876 2.913352
-0.553589 0.319214 1.250732 -1.076338 0.620645 2.431788
-0.629639 0.691162 0.713867 -1.224201 1.343821 1.387966
-0.655762 0.496460 0.237305 -1.274992 0.965263 0.461390
-0.531128 0.111816 0.088257 -1.032668 0.217404 0.171597
-0.330444 -0.073364 0.031372 -0.642480 -0.142642 0.060996
-0.304688 0.202148 -0.249268 -0.592401 0.393036 -0.484649
-0.448120 0.379150 -0.775879 -0.871276 0.737179 -1.508535
-0.516113 0.281128 -1.210205 -1.003475 0.546595 -2.352992
-0.461426 0.189209 -1.419434 -0.897146 0.367877 -2.759793
-0.394531 0.185791 -1.568481 -0.767084 0.361232 -3.049585
-0.369629 0.205200 -1.791748 -0.718666 0.398969 -3.483681
-0.360229 0.220947 -2.000732 -0.700391 0.429586 -3.890007
-0.348755 0.271362 -2.058838 -0.678081 0.527607 -4.002981
-0.257813 0.321899 -1.889160 -0.501263 0.625866 -3.673078
-0.142944 0.379028 -1.587036 -0.277925 0.736942 -3.085661
-0.103149 0.507202 -1.167603 -0.200553 0.986149 -2.270160
-0.087524 0.529175 -0.749146 -0.170173 1.028870 -1.456557
-0.089966 0.357422 -0.498169 -0.174920 0.694932 -0.968586
-0.050293 0.125977 -0.316772 -0.097784 0.244935 -0.615898
0.008911 -0.041748 -0.145020 0.017326 -0.081170 -0.281960
0.031982 -0.154297 -0.022705 0.062183 -0.299998 -0.044145
0.065308 -0.222534 0.060181 0.126977 -0.432671 0.117009
0.088623 -0.221069 0.049194 0.172309 -0.429823 0.095648
0.081543 -0.231201 -0.068115 0.158543 -0.449522 -0.132436
0.105225 -0.234985 -0.132935 0.204587 -0.456880 -0.258464
0.098755 -0.188843 -0.156494 0.192008 -0.367165 -0.304270
0.091064 -0.126465 -0.149292 0.177056 -0.245885 -0.290267
0.087524 -0.079346 -0.142822 0.170173 -0.154271 -0.277688
0.088745 -0.069214 -0.133423 0.172546 -0.134572 -0.259413
0.086426 -0.088501 -0.139404 0.168037 -0.172072 -0.271043
0.067139 -0.077515 -0.163818 0.130537 -0.150711 -0.318511
0.055542 -0.043579 -0.155884 0.107990 -0.084730 -0.303084
0.045776 -0.007324 -0.116577 0.089003 -0.014240 -0.226660
0.036987 0.022217 -0.088501 0.071914 0.043196 -0.172072
0.020020 0.023071 -0.113647 0.038924 0.044857 -0.220964
0.019653 0.020996 -0.142334 0.038212 0.040823 -0.276739
0.022217 0.037720 -0.125488 0.043196 0.073338 -0.243986
0.029663 0.040649 -0.111084 0.057674 0.079034 -0.215980
0.014282 0.039917 -0.085205 0.027769 0.077610 -0.165664
-0.000610 0.025513 -0.061035 -0.001187 0.049604 -0.118670
-0.017212 0.023926 -0.047485 -0.033465 0.046519 -0.092325
-0.027954 0.031860 -0.034668 -0.054351 0.061946 -0.067405
-0.023315 0.035278 -0.026367 -0.045332 0.068591 -0.051266
-0.027832 0.032349 -0.050293 -0.054114 0.062895 -0.097784
-0.016479 0.034180 -0.065918 -0.032041 0.066455 -0.128164
0.003906 0.032349 -0.086304 0.007595 0.062895 -0.167800
0.017700 0.020508 -0.122803 0.034414 0.039873 -0.238764
0.018921 -0.006470 -0.124146 0.036788 -0.012579 -0.241375
0.018555 -0.018799 -0.094238 0.036076 -0.036550 -0.183227
0.005005 -0.018188 -0.080078 0.009731 -0.035364 -0.155695
-0.013184 -0.004272 -0.089966 -0.025633 -0.008307 -0.174920
-0.024658 -0.002563 -0.107056 -0.047943 -0.004984 -0.208147
-0.033081 0.008667 -0.117798 -0.064319 0.016851 -0.229033
-0.048218 0.021240 -0.115479 -0.093749 0.041297 -0.224524
-0.049561 0.023438 -0.098022 -0.096360 0.045569 -0.190584
-0.049194 0.010864 -0.086060 -0.095648 0.021123 -0.167325
-0.038574 -0.008667 -0.076172 -0.075000 -0.016851 -0.148100
-0.040527 -0.010742 -0.063110 -0.078797 -0.020886 -0.122705
-0.056885 -0.015503 -0.051880 -0.110601 -0.030142 -0.100870
-0.067505 -0.007935 -0.058228 -0.131249 -0.015427 -0.113211
-0.071655 0.000977 -0.070679 -0.139319 0.001899 -0.137420
-0.062378 0.007202 -0.088745 -0.121281 0.014003 -0.172546
-0.038696 0.003784 -0.108032 -0.075237 0.007358 -0.210046
-0.011353 0.003174 -0.106812 -0.022073 0.006171 -0.207673
