0.104858 0.276978 -0.350708 0.203875 0.538525 -0.681879
0.032715 0.143433 -0.429565 0.063607 0.278875 -0.835200
0.027222 0.081055 -0.464722 0.052927 0.157594 -0.903554
0.040039 0.066650 -0.563843 0.077848 0.129588 -1.096275
0.014282 0.035889 -0.664673 0.027769 0.069778 -1.292318
-0.169678 0.016357 -0.532593 -0.329903 0.031804 -1.035516
-0.586060 -0.106445 0.092041 -1.139471 -0.206961 0.178955
-1.238892 -0.097656 0.794434 -2.408767 -0.189872 1.544611
-1.792480 -0.177002 1.369507 -3.485105 -0.344143 2.662721
-1.805420 -0.049561 1.542969 -3.510263 -0.096360 2.999981
-1.595825 0.293335 1.463501 -3.102750 0.570329 2.845473
-1.161621 0.432251 1.167725 -2.258530 0.840422 2.270397
-0.715820 0.153320 0.695435 -1.391763 0.298099 1.352128
-0.421753 -0.092407 0.250488 -0.820011 -0.179667 0.487022
-0.162231 0.098877 -0.018799 -0.315425 0.192246 -0.036550
0.063599 0.276001 -0.196655 0.123654 0.536626 -0.382355
0.162109 0.204712 -0.408203 0.315188 0.398020 -0.793666
0.178223 0.114014 -0.645996 0.346517 0.221676 -1.256005
0.119995 0.085938 -0.862793 0.233305 0.167088 -1.677521
0.076172 0.137573 -1.000732 0.148100 0.267482 -1.945716
0.068237 0.149658 -1.082031 0.132673 0.290979 -2.103784
0.080444 0.240234 -1.125366 0.156407 0.467086 -2.188040
0.116821 0.331909 -1.157349 0.227135 0.645328 -2.250223
0.150635 0.213257 -1.021851 0.292878 0.414633 -1.986776
0.212402 0.146973 -0.785400 0.412972 0.285758 -1.527047
0.207275 0.101807 -0.456909 0.403004 0.197942 -0.888365
0.119629 0.135742 -0.255493 0.232593 0.263922 -0.496753
0.071899 0.100098 -0.174805 0.139793 0.194619 -0.339871
0.089478 -0.010864 -0.143555 0.173970 -0.021123 -0.279112
0.089966 -0.126953 -0.157593 0.174920 -0.246834 -0.306406
0.089844 -0.201660 -0.177612 0.174682 -0.392086 -0.345330
0.106445 -0.169922 -0.149170 0.206961 -0.330378 -0.290030
0.083252 -0.084717 -0.143066 0.161866 -0.164714 -0.278163
0.052002 -0.029053 -0.140259 0.101107 -0.056487 -0.272704
0.032471 0.014771 -0.150879 0.063133 0.028718 -0.293353
0.013062 0.065430 -0.134888 0.025395 0.127214 -0.262261
-0.007446 0.086792 -0.129150 -0.014478 0.168749 -0.251106
0.006226 0.041748 -0.123413 0.012104 0.081170 -0.239951
0.024414 0.030396 -0.119385 0.047468 0.059098 -0.232119
0.011108 0.035889 -0.137695 0.021598 0.069778 -0.267720
-0.033813 0.047974 -0.139893 -0.065743 0.093275 -0.271992
-0.032471 0.037354 -0.160156 -0.063133 0.072626 -0.311390
0.009277 -0.023560 -0.168823 0.018038 -0.045807 -0.328242
0.017334 -0.015015 -0.138062 0.033702 -0.029193 -0.268432
-0.000732 0.006714 -0.139526 -0.001424 0.013054 -0.271280
-0.006958 0.031860 -0.143188 -0.013528 0.061946 -0.278400
-0.025513 0.006714 -0.118530 -0.049604 0.013054 -0.230457
0.003662 0.005005 -0.118530 0.007120 0.009731 -0.230457
0.040527 -0.038086 -0.089478 0.078797 -0.074050 -0.173970
0.055054 -0.040161 -0.076538 0.107040 -0.078085 -0.148812
0.035522 -0.007080 -0.089478 0.069066 -0.013766 -0.173970
0.005493 -0.004150 -0.097778 0.010680 -0.008070 -0.190110
0.020630 -0.034302 -0.098511 0.040111 -0.066693 -0.191534
0.037598 -0.044678 -0.089111 0.073101 -0.086867 -0.173258
0.023193 -0.064575 -0.090088 0.045095 -0.125553 -0.175157
0.071167 -0.088257 -0.065796 0.138369 -0.171597 -0.127926
0.160645 -0.069214 -0.031372 0.312340 -0.134572 -0.060996
0.121094 -0.019043 -0.077026 0.235442 -0.037025 -0.149762
0.031250 -0.016357 -0.113770 0.060759 -0.031804 -0.221201
0.017700 -0.032959 -0.094971 0.034414 -0.064082 -0.184651
0.018311 0.002930 -0.059570 0.035601 0.005696 -0.115822
-0.058350 -0.027954 -0.101074 -0.113449 -0.054351 -0.196518
-0.050049 -0.035278 -0.123901 -0.097310 -0.068591 -0.240900
-0.013672 -0.019775 -0.119019 -0.026582 -0.038449 -0.231407
-0.007690 0.012573 -0.117188 -0.014952 0.024446 -0.227847
0.006104 0.008545 -0.130127 0.011867 0.016614 -0.253005
-0.000488 0.004761 -0.125732 -0.000949 0.009256 -0.244460
-0.015869 0.019165 -0.111572 -0.030854 0.037262 -0.216929
-0.016235 0.036133 -0.111816 -0.031566 0.070253 -0.217404
-0.017456 0.035889 -0.107056 -0.033940 0.069778 -0.208147
-0.011108 0.015869 -0.052856 -0.021598 0.030854 -0.102768
-0.017700 0.028076 -0.004639 -0.034414 0.054588 -0.009019
-0.017578 0.041382 0.044800 -0.034177 0.080458 0.087104
-0.028076 0.037598 0.004395 -0.054588 0.073101 0.008544
-0.033081 0.018555 -0.083496 -0.064319 0.036076 -0.162341
-0.024292 0.000610 -0.111816 -0.047231 0.001187 -0.217404
-0.019409 0.009033 -0.111572 -0.037737 0.017563 -0.216929
-0.040405 0.016846 -0.127441 -0.078560 0.032753 -0.247783
-0.045654 -0.005859 -0.141724 -0.088765 -0.011392 -0.275552
-0.044922 -0.072632 -0.131592 -0.087341 -0.141217 -0.255853
