-0.465942 0.235352 -0.354492 -0.905928 0.457592 -0.689236
-0.619141 0.231445 -0.236450 -1.203790 0.449997 -0.459728
-0.792236 0.008911 0.009399 -1.540338 0.017326 0.018275
-1.002075 -0.148315 0.236328 -1.948326 -0.288368 0.459491
-1.125854 -0.271606 0.653564 -2.188989 -0.528082 1.270720
-1.004028 -0.421753 0.996948 -1.952124 -0.820011 1.938358
-0.853149 -0.383301 1.328979 -1.658771 -0.745248 2.583924
-0.641113 -0.302246 1.539551 -1.246511 -0.587655 2.993336
-0.380737 -0.145874 1.395996 -0.740264 -0.283622 2.714223
-0.381592 -0.009888 1.144165 -0.741926 -0.019225 2.224591
-0.244507 -0.337036 0.820313 -0.475393 -0.655297 1.594927
-0.253174 -0.390137 0.566650 -0.492244 -0.758540 1.101734
-0.375366 -0.086060 0.407227 -0.729821 -0.167325 0.791767
-0.353149 0.046753 0.159790 -0.686625 0.090901 0.310678
-0.269775 0.021973 -0.122192 -0.524522 0.042721 -0.237578
-0.281494 0.149048 -0.424438 -0.547307 0.289792 -0.825232
-0.287720 0.388184 -0.688721 -0.559411 0.754742 -1.339074
-0.172485 0.434692 -0.967407 -0.335362 0.845169 -1.880922
-0.189087 0.505371 -1.151123 -0.367640 0.982589 -2.238119
-0.179199 0.548706 -1.286255 -0.348416 1.066845 -2.500854
-0.247681 0.779907 -1.381104 -0.481563 1.516367 -2.685268
-0.292114 0.965454 -1.256592 -0.567955 1.877124 -2.443181
-0.106689 0.839966 -0.905151 -0.207435 1.633139 -1.759878
0.036621 0.615845 -0.735596 0.071202 1.197382 -1.430212
0.053711 0.579834 -0.742798 0.104430 1.127366 -1.444216
-0.034668 0.584106 -0.597534 -0.067405 1.135673 -1.161781
-0.069946 0.328125 -0.376099 -0.135996 0.637971 -0.731245
0.059814 0.240723 -0.313843 0.116297 0.468035 -0.610202
0.091309 0.303223 -0.306396 0.177531 0.589553 -0.595724
0.081909 0.265747 -0.306763 0.159255 0.516690 -0.596436
0.040649 0.164063 -0.327148 0.079034 0.318985 -0.636072
-0.011353 0.143677 -0.273193 -0.022073 0.279350 -0.531168
0.019409 0.222412 -0.141113 0.037737 0.432434 -0.274365
0.052368 0.227417 -0.144531 0.101819 0.442165 -0.281011
0.024536 0.130859 -0.182251 0.047705 0.254429 -0.354349
-0.005493 0.069946 -0.156006 -0.010680 0.135996 -0.303321
-0.033691 0.085083 -0.078003 -0.065506 0.165426 -0.151660
-0.024170 0.114868 -0.023682 -0.046993 0.223337 -0.046044
-0.026489 0.172607 0.000122 -0.051503 0.335599 0.000237
-0.007202 0.149536 -0.032837 -0.014003 0.290742 -0.063845
0.009033 0.072266 -0.108643 0.017563 0.140505 -0.211233
-0.006226 0.046997 -0.134399 -0.012104 0.091376 -0.261312
-0.013794 0.075684 -0.108521 -0.026819 0.147151 -0.210996
-0.005615 0.097900 -0.087646 -0.010918 0.190347 -0.170410
-0.005005 0.091187 -0.056030 -0.009731 0.177293 -0.108939
0.010742 0.086060 -0.040894 0.020886 0.167325 -0.079509
-0.021606 0.094727 -0.046753 -0.042009 0.184176 -0.090901
-0.105591 0.072998 -0.104980 -0.205299 0.141929 -0.204113
-0.128540 0.012207 -0.124756 -0.249919 0.023734 -0.242562
-0.113403 -0.002197 -0.105103 -0.220489 -0.004272 -0.204350
-0.109497 0.030273 -0.072266 -0.212894 0.058860 -0.140505
-0.100708 0.014771 -0.092651 -0.195806 0.028718 -0.180141
-0.106567 -0.007690 -0.122070 -0.207198 -0.014952 -0.237340
-0.118652 0.010620 -0.107788 -0.230695 0.020649 -0.209571
-0.092529 0.051025 -0.089844 -0.179904 0.099208 -0.174682
-0.057495 0.059082 -0.122437 -0.111787 0.114873 -0.238052
-0.034546 0.038086 -0.160034 -0.067167 0.074050 -0.311153
-0.011963 0.018921 -0.158936 -0.023259 0.036788 -0.309017
-0.018555 0.029175 -0.160889 -0.036076 0.056724 -0.312815
-0.029785 0.030640 -0.177979 -0.057911 0.059572 -0.346042
0.004639 0.029419 -0.180786 0.009019 0.057199 -0.351501
0.060669 0.033447 -0.169678 0.117958 0.065031 -0.329903
0.079590 0.027222 -0.162720 0.154746 0.052927 -0.316375
0.046997 0.029541 -0.149658 0.091376 0.057436 -0.290979
0.022827 0.037476 -0.137695 0.044383 0.072863 -0.267720
0.025269 0.040283 -0.129028 0.049129 0.078322 -0.250869
0.008789 0.049683 -0.135132 0.017089 0.096597 -0.262736
0.015625 0.046265 -0.150635 0.030380 0.089952 -0.292878
0.031738 0.020630 -0.160767 0.061708 0.040111 -0.312577
0.034424 -0.007935 -0.116943 0.066930 -0.015427 -0.227372
0.016724 -0.018188 -0.064087 0.032516 -0.035364 -0.124604
-0.030884 0.018311 -0.045166 -0.060047 0.035601 -0.087816
-0.017700 0.001709 -0.078857 -0.034414 0.003323 -0.153322
0.011230 -0.038208 -0.117188 0.021835 -0.074288 -0.227847
-0.004272 -0.031616 -0.117798 -0.008307 -0.061471 -0.229033
-0.026367 -0.035278 -0.087036 -0.051266 -0.068591 -0.169224
-0.062744 -0.027344 -0.075073 -0.121993 -0.053164 -0.145964
-0.069580 -0.022705 -0.064941 -0.135284 -0.044145 -0.126265
-0.035156 -0.027344 -0.053833 -0.068354 -0.053164 -0.104667
-0.008179 -0.028809 -0.043945 -0.015902 -0.056012 -0.085443
