0.208496 0.729126 -0.006104 0.405377 1.417634 -0.011867
0.037354 0.883545 -0.224365 0.072626 1.717869 -0.436231
-0.217773 0.271240 -0.401978 -0.423415 0.527370 -0.781562
-0.398071 -0.176514 -0.360352 -0.773967 -0.343194 -0.700629
-0.755127 -0.875610 -0.434692 -1.468187 -1.702442 -0.845169
-0.884277 -0.425049 -0.604980 -1.719293 -0.826419 -1.176258
-0.837891 -0.211792 -0.227417 -1.629104 -0.411785 -0.442165
-1.075562 -0.152710 0.354736 -2.091205 -0.296913 0.689711
-1.288208 0.184448 0.995972 -2.504652 0.358621 1.936459
-1.666504 -0.135376 1.384155 -3.240170 -0.263210 2.691201
-1.939453 -0.755005 1.461426 -3.770862 -1.467950 2.841438
-1.606567 -0.399780 1.501831 -3.123636 -0.777289 2.919997
-0.856445 0.510010 1.556519 -1.665179 0.991608 3.026326
-0.508667 0.473999 1.144775 -0.988997 0.921592 2.225777
-0.203735 -0.016724 0.492065 -0.396121 -0.032516 0.956719
-0.038574 -0.276489 -0.062622 -0.075000 -0.537576 -0.121756
0.103394 -0.093994 -0.450562 0.201027 -0.182752 -0.876023
0.249756 0.275024 -0.729858 0.485598 0.534728 -1.419058
0.296265 0.588379 -0.938843 0.576025 1.143980 -1.825384
0.373535 0.641724 -1.171997 0.726261 1.247698 -2.278704
0.452026 0.565552 -1.408325 0.878871 1.099598 -2.738195
0.555054 0.649536 -1.616089 1.079186 1.262888 -3.142148
0.704834 0.630127 -1.619751 1.370403 1.225151 -3.149268
0.645630 0.459351 -1.634155 1.255293 0.893111 -3.177274
0.504028 0.278931 -1.570435 0.979978 0.542323 -3.053383
0.363281 0.313721 -1.140381 0.706325 0.609965 -2.217233
0.125610 0.373657 -0.636719 0.244223 0.726499 -1.237967
-0.049927 0.324951 -0.297852 -0.097072 0.631800 -0.579110
-0.083984 0.308472 -0.168945 -0.163290 0.599759 -0.328479
-0.062988 0.251831 -0.104980 -0.122468 0.489633 -0.204113
-0.045410 0.179565 -0.089844 -0.088291 0.349128 -0.174682
-0.040161 0.111328 -0.086426 -0.078085 0.216454 -0.168037
-0.054199 0.062988 -0.036133 -0.105379 0.122468 -0.070253
-0.076782 0.083496 0.006226 -0.149287 0.162341 0.012104
-0.104980 0.082520 -0.028931 -0.204113 0.160442 -0.056250
-0.096924 0.027954 -0.063232 -0.188448 0.054351 -0.122942
-0.075317 -0.019287 -0.079102 -0.146439 -0.037500 -0.153797
-0.091919 -0.016846 -0.084351 -0.178717 -0.032753 -0.164002
-0.093140 -0.012207 -0.082275 -0.181091 -0.023734 -0.159967
-0.082275 -0.002563 -0.102295 -0.159967 -0.004984 -0.198891
-0.081665 -0.020630 -0.123413 -0.158781 -0.040111 -0.239951
-0.084351 -0.059326 -0.116577 -0.164002 -0.115347 -0.226660
-0.073608 -0.028198 -0.098633 -0.143116 -0.054826 -0.191771
-0.054932 -0.001831 -0.090332 -0.106803 -0.003560 -0.175632
-0.039795 0.002808 -0.085205 -0.077373 0.005459 -0.165664
-0.037720 0.026001 -0.086548 -0.073338 0.050553 -0.168274
-0.030396 0.036133 -0.100464 -0.059098 0.070253 -0.195331
-0.019043 0.043457 -0.116943 -0.037025 0.084493 -0.227372
-0.016113 0.032471 -0.123169 -0.031329 0.063133 -0.239476
0.000610 0.016846 -0.094849 0.001187 0.032753 -0.184413
-0.009888 -0.004395 -0.088501 -0.019225 -0.008544 -0.172072
0.000488 0.003174 -0.077637 0.000949 0.006171 -0.150948
0.000244 -0.004028 -0.083252 0.000475 -0.007832 -0.161866
-0.006348 -0.011841 -0.095093 -0.012342 -0.023022 -0.184888
-0.005981 0.028687 -0.100464 -0.011630 0.055775 -0.195331
-0.025757 0.023193 -0.120361 -0.050079 0.045095 -0.234018
-0.026245 0.032715 -0.144043 -0.051028 0.063607 -0.280062
-0.017090 0.008911 -0.151489 -0.033228 0.017326 -0.294539
-0.026978 -0.021729 -0.133423 -0.052452 -0.042247 -0.259413
-0.047729 0.010498 -0.114258 -0.092800 0.020411 -0.222151
-0.037842 0.065674 -0.134277 -0.073575 0.127689 -0.261074
-0.046631 0.047119 -0.174561 -0.090664 0.091613 -0.339397
-0.051147 0.024292 -0.163940 -0.099446 0.047231 -0.318748
-0.035156 0.035522 -0.120728 -0.068354 0.069066 -0.234730
-0.023560 -0.003418 -0.101563 -0.045807 -0.006646 -0.197467
-0.013550 -0.011841 -0.091187 -0.026345 -0.023022 -0.177293
-0.012695 0.012939 -0.111206 -0.024683 0.025158 -0.216217
-0.027832 -0.008179 -0.144897 -0.054114 -0.015902 -0.281723
-0.043091 0.002930 -0.158081 -0.083781 0.005696 -0.307356
-0.033691 0.019287 -0.149170 -0.065506 0.037500 -0.290030
-0.025635 0.018433 -0.142578 -0.049841 0.035838 -0.277213
0.000732 0.018188 -0.124268 0.001424 0.035364 -0.241612
0.012085 0.027832 -0.119873 0.023497 0.054114 -0.233068
0.018555 0.056641 -0.126221 0.036076 0.110126 -0.245410
0.009277 0.020752 -0.126465 0.018038 0.040348 -0.245885
-0.000732 0.033691 -0.104736 -0.001424 0.065506 -0.203638
-0.014648 0.036621 -0.095093 -0.028481 0.071202 -0.184888
-0.022827 0.016846 -0.113770 -0.044383 0.032753 -0.221201
-0.012329 0.010620 -0.114380 -0.023971 0.020649 -0.222388
-0.025269 0.006226 -0.119873 -0.049129 0.012104 -0.233068
