-0.243896 0.263428 -0.260254 -0.474206 0.512180 -0.506009
-0.356812 0.386719 0.012329 -0.693746 0.751894 0.023971
-0.536255 0.517456 0.101074 -1.042636 1.006086 0.196518
-0.672729 0.624146 0.140015 -1.307982 1.213521 0.272229
-0.692993 0.420288 0.209473 -1.347381 0.817163 0.407276
-0.840332 0.217529 0.424927 -1.633851 0.422940 0.826182
-1.059692 0.222290 0.542236 -2.060351 0.432197 1.054265
-1.155151 -0.190308 0.913452 -2.245951 -0.370014 1.776017
-0.986328 -0.216187 1.151367 -1.917709 -0.420330 2.238594
-0.523315 -0.229248 1.014038 -1.017478 -0.445725 1.971586
-0.046875 -0.465210 0.905396 -0.091139 -0.904504 1.760353
-0.289307 -0.116211 0.716675 -0.562496 -0.225948 1.393425
-0.520264 -0.038086 0.434204 -1.011544 -0.074050 0.844219
-0.341675 -0.042603 0.244385 -0.664315 -0.082832 0.475155
-0.203369 0.041870 0.133667 -0.395409 0.081408 0.259888
-0.214600 0.192505 0.069946 -0.417244 0.374286 0.135996
-0.277954 0.266479 0.015625 -0.540424 0.518114 0.030380
-0.179565 0.335083 -0.097412 -0.349128 0.651499 -0.189398
-0.077881 0.459473 -0.262817 -0.151423 0.893349 -0.510994
-0.030029 0.459717 -0.466064 -0.058386 0.893824 -0.906165
-0.005737 0.291748 -0.761597 -0.011155 0.567243 -1.480766
0.085327 0.125610 -1.091064 0.165901 0.244223 -2.121347
0.224976 0.108032 -1.386475 0.437418 0.210046 -2.695711
0.312866 0.390625 -1.488037 0.608303 0.759489 -2.893178
0.336060 0.663208 -1.463013 0.653398 1.289470 -2.844523
0.407349 0.669800 -1.418579 0.792005 1.302286 -2.758132
0.498291 0.600830 -1.255615 0.968823 1.168189 -2.441282
0.495850 0.601074 -1.009521 0.964076 1.168664 -1.962804
0.370483 0.693237 -0.796265 0.720328 1.347855 -1.548171
0.273315 0.634644 -0.614990 0.531405 1.233932 -1.195720
0.201416 0.559937 -0.417480 0.391611 1.088680 -0.811704
0.161743 0.500610 -0.245361 0.314476 0.973333 -0.477054
0.098511 0.427734 -0.134644 0.191534 0.831640 -0.261786
0.073853 0.348755 -0.032227 0.143591 0.678081 -0.062658
0.038818 0.306885 0.003540 0.075474 0.596673 0.006883
-0.023560 0.250488 -0.011841 -0.045807 0.487022 -0.023022
-0.043091 0.195679 -0.047119 -0.083781 0.380456 -0.091613
-0.029541 0.135620 -0.098633 -0.057436 0.263685 -0.191771
0.011475 0.095215 -0.186890 0.022310 0.185125 -0.363368
0.034180 0.030029 -0.283081 0.066455 0.058386 -0.550392
0.001343 -0.070068 -0.293579 0.002611 -0.136233 -0.570803
-0.012573 -0.095215 -0.237061 -0.024446 -0.185125 -0.460915
-0.032837 -0.053223 -0.161011 -0.063845 -0.103480 -0.313052
-0.071167 -0.021240 -0.066406 -0.138369 -0.041297 -0.129113
-0.056641 0.000366 -0.011353 -0.110126 0.000712 -0.022073
-0.042847 -0.036255 -0.044556 -0.083306 -0.070490 -0.086629
-0.058472 -0.071533 -0.064575 -0.113686 -0.139081 -0.125553
-0.067505 -0.033081 -0.049316 -0.131249 -0.064319 -0.095885
-0.065552 0.001709 -0.025757 -0.127452 0.003323 -0.050079
-0.048950 0.005371 -0.020386 -0.095173 0.010443 -0.039636
-0.024902 0.003296 -0.052612 -0.048417 0.006408 -0.102294
-0.010010 0.006592 -0.115234 -0.019462 0.012816 -0.224049
-0.009155 0.002563 -0.137451 -0.017801 0.004984 -0.267245
-0.003784 -0.007446 -0.126953 -0.007358 -0.014478 -0.246834
-0.002686 -0.007690 -0.122803 -0.005221 -0.014952 -0.238764
-0.003418 -0.015747 -0.137573 -0.006646 -0.030617 -0.267482
0.007813 -0.049316 -0.138306 0.015190 -0.095885 -0.268907
-0.006348 -0.067871 -0.133911 -0.012342 -0.131961 -0.260362
-0.022095 -0.062500 -0.123535 -0.042959 -0.121518 -0.240188
-0.032227 -0.055298 -0.114014 -0.062658 -0.107515 -0.221676
-0.035645 -0.055542 -0.093506 -0.069303 -0.107990 -0.181803
-0.041870 -0.054321 -0.076538 -0.081408 -0.105616 -0.148812
-0.054565 -0.060791 -0.067383 -0.106091 -0.118195 -0.131012
-0.065430 -0.067017 -0.046509 -0.127214 -0.130300 -0.090427
-0.056396 -0.048828 -0.027466 -0.109651 -0.094936 -0.053402
-0.034302 -0.024048 -0.037842 -0.066693 -0.046756 -0.073575
-0.021851 -0.005615 -0.070068 -0.042484 -0.010918 -0.136233
-0.004272 -0.018799 -0.116943 -0.008307 -0.036550 -0.227372
0.000244 -0.034058 -0.146973 0.000475 -0.066218 -0.285758
0.004761 -0.040405 -0.156738 0.009256 -0.078560 -0.304745
0.002319 -0.037354 -0.147461 0.004509 -0.072626 -0.286707
-0.017090 -0.029541 -0.133789 -0.033228 -0.057436 -0.260125
-0.033813 -0.025513 -0.129883 -0.065743 -0.049604 -0.252530
-0.042725 -0.015015 -0.116821 -0.083069 -0.029193 -0.227135
-0.039795 0.001953 -0.108765 -0.077373 0.003797 -0.211470
-0.028564 0.002319 -0.112671 -0.055538 0.004509 -0.219065
-0.024292 -0.007813 -0.119385 -0.047231 -0.015190 -0.232119
-0.018555 0.002441 -0.115112 -0.036076 0.004747 -0.223812
-0.015747 -0.003296 -0.112793 -0.030617 -0.006408 -0.219302
-0.011841 -0.026855 -0.107544 -0.023022 -0.052215 -0.209097
