0.145264 0.506104 -0.245483 0.282435 0.984013 -0.477291
-0.015625 0.329712 -0.324097 -0.030380 0.641056 -0.630138
-0.145020 0.161743 -0.351807 -0.281960 0.314476 -0.684015
-0.246582 -0.059937 -0.288940 -0.479427 -0.116534 -0.561784
-0.475708 -0.285400 -0.259399 -0.924915 -0.554902 -0.504348
-0.887207 -0.348633 -0.156494 -1.724989 -0.677844 -0.304270
-1.109741 -0.040527 0.395630 -2.157660 -0.078797 0.769220
-1.232666 0.081421 0.641357 -2.396662 0.158306 1.246986
-1.497314 0.239746 1.016235 -2.911216 0.466136 1.975858
-1.963623 -0.165771 1.516235 -3.817856 -0.322308 2.948004
-2.096436 -0.704102 1.616699 -4.076082 -1.368979 3.143335
-1.620728 -0.186035 1.644287 -3.151167 -0.361707 3.196974
-0.934937 0.614502 1.674316 -1.817789 1.194771 3.255359
-0.698242 0.705200 1.141479 -1.357586 1.371115 2.219369
-0.482300 0.243164 0.335571 -0.937731 0.472782 0.652448
-0.111450 -0.056274 -0.282837 -0.216692 -0.109414 -0.549917
0.072998 -0.060913 -0.716797 0.141929 -0.118433 -1.393662
0.217651 0.183716 -1.026489 0.423178 0.357197 -1.995794
0.336182 0.271851 -1.243408 0.653635 0.528557 -2.417548
0.359497 0.416626 -1.353882 0.698967 0.810042 -2.632341
0.419556 0.804810 -1.349609 0.815739 1.564785 -2.624034
0.557861 1.173584 -1.277710 1.084645 2.281790 -2.484241
0.644897 1.007324 -1.008667 1.253869 1.958532 -1.961143
0.512329 0.515381 -0.767456 0.996117 1.002051 -1.492158
0.274292 0.222168 -0.699951 0.533304 0.431959 -1.360909
0.137451 0.291016 -0.499878 0.267245 0.565819 -0.971908
0.080566 0.322876 -0.288452 0.156645 0.627765 -0.560835
0.047485 0.304810 -0.178467 0.092325 0.592639 -0.346992
0.010742 0.265625 -0.096313 0.020886 0.516452 -0.187261
-0.032104 0.137695 -0.050659 -0.062420 0.267720 -0.098496
-0.044189 0.078613 -0.042480 -0.085917 0.152847 -0.082594
-0.044800 0.083252 -0.036133 -0.087104 0.161866 -0.070253
-0.027100 0.082886 -0.057129 -0.052690 0.161154 -0.111075
-0.054932 0.054688 -0.111450 -0.106803 0.106328 -0.216692
-0.070068 0.058838 -0.154541 -0.136233 0.114398 -0.300473
-0.090454 0.059082 -0.190063 -0.175869 0.114873 -0.369539
-0.085571 0.080933 -0.187134 -0.166376 0.157357 -0.363843
-0.079346 0.072754 -0.194336 -0.154271 0.141455 -0.377846
-0.072510 0.049194 -0.180298 -0.140980 0.095648 -0.350552
-0.048950 0.024414 -0.113403 -0.095173 0.047468 -0.220489
-0.021729 0.035767 -0.070557 -0.042247 0.069541 -0.137183
-0.008301 0.053711 -0.077026 -0.016139 0.104430 -0.149762
-0.015747 0.031372 -0.117188 -0.030617 0.060996 -0.227847
-0.014893 0.036499 -0.139648 -0.028956 0.070965 -0.271517
-0.003662 -0.009277 -0.135742 -0.007120 -0.018038 -0.263922
-0.012939 -0.020996 -0.120117 -0.025158 -0.040823 -0.233543
-0.002563 0.021240 -0.099609 -0.004984 0.041297 -0.193670
0.000732 0.048584 -0.110596 0.001424 0.094461 -0.215030
0.002808 0.042969 -0.123413 0.005459 0.083544 -0.239951
-0.010864 0.028198 -0.131226 -0.021123 0.054826 -0.255141
-0.028198 -0.015747 -0.122681 -0.054826 -0.030617 -0.238527
-0.046753 -0.008057 -0.125000 -0.090901 -0.015664 -0.243036
-0.069702 -0.010498 -0.127930 -0.135521 -0.020411 -0.248733
-0.059448 0.000366 -0.135986 -0.115585 0.000712 -0.264397
-0.045532 -0.015015 -0.134644 -0.088528 -0.029193 -0.261786
-0.025391 -0.010132 -0.115356 -0.049367 -0.019699 -0.224287
-0.010620 0.011963 -0.119507 -0.020649 0.023259 -0.232356
-0.014160 0.000000 -0.139404 -0.027531 0.000000 -0.271043
-0.014893 0.024902 -0.148682 -0.028956 0.048417 -0.289080
-0.026611 0.023926 -0.150879 -0.051740 0.046519 -0.293353
-0.022461 -0.004272 -0.144165 -0.043671 -0.008307 -0.280299
-0.010254 0.015503 -0.127197 -0.019937 0.030142 -0.247309
-0.005737 -0.009033 -0.115112 -0.011155 -0.017563 -0.223812
-0.002563 -0.003662 -0.109863 -0.004984 -0.007120 -0.213606
0.004028 0.030518 -0.100952 0.007832 0.059335 -0.196280
-0.002930 0.035889 -0.115112 -0.005696 0.069778 -0.223812
-0.006470 0.036011 -0.130249 -0.012579 0.070015 -0.253242
-0.007568 0.023926 -0.126343 -0.014715 0.046519 -0.245647
-0.015503 0.018311 -0.131104 -0.030142 0.035601 -0.254903
-0.036133 -0.002686 -0.143555 -0.070253 -0.005221 -0.279112
-0.039063 0.002808 -0.136841 -0.075949 0.005459 -0.266058
-0.019653 0.023438 -0.135742 -0.038212 0.045569 -0.263922
-0.021118 0.012207 -0.147095 -0.041060 0.023734 -0.285995
-0.023193 0.024780 -0.140747 -0.045095 0.048180 -0.273653
-0.036743 0.030151 -0.140381 -0.071439 0.058623 -0.272941
-0.046997 0.010864 -0.147583 -0.091376 0.021123 -0.286944
-0.050171 -0.007690 -0.156982 -0.097547 -0.014952 -0.305220
-0.044922 0.008545 -0.143311 -0.087341 0.016614 -0.278637
-0.033203 0.021973 -0.133667 -0.064557 0.042721 -0.259888
-0.029053 0.027832 -0.135742 -0.056487 0.054114 -0.263922
