0.144043 0.087158 0.037964 0.280062 0.169461 0.073813
-0.011353 0.094849 -0.143921 -0.022073 0.184413 -0.279824
0.001587 -0.183838 -0.188843 0.003085 -0.357434 -0.367165
-0.009155 -0.360596 -0.142334 -0.017801 -0.701103 -0.276739
0.001221 -0.401245 -0.091187 0.002373 -0.780138 -0.177293
-0.056885 -0.185791 -0.144409 -0.110601 -0.361232 -0.280774
-0.077026 0.092163 -0.110352 -0.149762 0.179192 -0.214556
-0.051025 0.156860 -0.184814 -0.099208 0.304982 -0.359333
-0.077637 0.164185 -0.179199 -0.150948 0.319223 -0.348416
-0.047974 0.154175 -0.125122 -0.093275 0.299761 -0.243274
0.015259 0.216553 -0.101318 0.029668 0.421042 -0.196992
0.069824 0.271606 -0.181641 0.135759 0.528082 -0.353162
-0.004517 0.255249 -0.223633 -0.008782 0.496279 -0.434807
-0.078613 0.213745 -0.188721 -0.152847 0.415583 -0.366928
-0.083984 0.251587 -0.173340 -0.163290 0.489158 -0.337023
-0.197876 0.194214 -0.069092 -0.384729 0.377608 -0.134335
-0.434204 -0.114380 0.211060 -0.844219 -0.222388 0.410361
-0.746094 0.023193 0.246582 -1.450624 0.045095 0.479427
-1.040039 0.171021 0.497681 -2.022139 0.332514 0.967636
-1.111694 0.013062 0.817383 -2.161458 0.025395 1.589231
-1.046387 -0.034424 1.086914 -2.034481 -0.066930 2.113278
-1.104736 0.095825 1.159668 -2.147930 0.186312 2.254733
-1.219727 0.127319 1.132935 -2.371504 0.247546 2.202755
-1.030273 0.181152 1.070557 -2.003152 0.352213 2.081474
-0.681030 0.346558 0.932739 -1.324121 0.673809 1.813517
-0.394409 0.486816 0.627197 -0.766846 0.946513 1.219454
-0.276855 0.448242 0.278198 -0.538288 0.871514 0.540899
-0.166748 0.370850 0.148804 -0.324207 0.721040 0.289318
-0.014282 0.413330 0.056030 -0.027769 0.803634 0.108939
0.030273 0.388306 -0.111084 0.058860 0.754979 -0.215980
0.052124 0.336060 -0.348755 0.101344 0.653398 -0.678081
0.081543 0.326172 -0.517456 0.158543 0.634173 -1.006086
0.065186 0.422729 -0.631958 0.126740 0.821909 -1.228711
0.068970 0.412598 -0.773315 0.134097 0.802210 -1.503551
0.100830 0.274536 -1.005127 0.196043 0.533778 -1.954260
0.146606 0.100464 -1.353394 0.285046 0.195331 -2.631392
0.193237 0.148071 -1.595581 0.375710 0.287894 -3.102275
0.171631 0.345215 -1.619507 0.333700 0.671198 -3.148793
0.165161 0.425171 -1.511841 0.321121 0.826656 -2.939459
0.163818 0.606689 -1.244873 0.318511 1.179581 -2.420396
0.198608 0.671265 -0.909180 0.386153 1.305134 -1.767710
0.194946 0.457275 -0.681641 0.379032 0.889077 -1.325308
0.224976 0.318481 -0.380493 0.437418 0.619221 -0.739790
0.181641 0.293457 -0.250977 0.353162 0.570566 -0.487972
0.099121 0.138916 -0.189331 0.192720 0.270093 -0.368115
0.065186 -0.045532 -0.069336 0.126740 -0.088528 -0.134809
0.059692 -0.002686 -0.095215 0.116059 -0.005221 -0.185125
0.120483 0.066162 -0.110718 0.234255 0.128638 -0.215268
0.210938 0.077393 -0.140015 0.410124 0.150474 -0.272229
0.207031 0.028076 -0.192505 0.402529 0.054588 -0.374286
0.196777 -0.003174 -0.180786 0.382593 -0.006171 -0.351501
0.209106 0.027954 -0.139893 0.406564 0.054351 -0.271992
0.197144 0.027466 -0.100098 0.383305 0.053402 -0.194619
0.182251 -0.004028 -0.061890 0.354349 -0.007832 -0.120332
0.150024 0.009521 -0.058472 0.291691 0.018513 -0.113686
0.109375 0.033325 -0.089111 0.212657 0.064794 -0.173258
0.081787 0.071899 -0.083862 0.159018 0.139793 -0.163053
0.020386 0.135132 -0.071289 0.039636 0.262736 -0.138607
-0.083984 0.167969 -0.081421 -0.163290 0.326580 -0.158306
-0.097046 0.183594 -0.031128 -0.188686 0.356960 -0.060522
-0.041870 0.232666 -0.088257 -0.081408 0.452371 -0.171597
0.015991 0.166992 -0.165894 0.031092 0.324682 -0.322545
0.042358 0.049438 -0.228882 0.082357 0.096123 -0.445013
0.025391 -0.004639 -0.218384 0.049367 -0.009019 -0.424602
0.014282 0.024170 -0.111816 0.027769 0.046993 -0.217404
0.000366 0.108521 -0.075439 0.000712 0.210996 -0.146676
0.015625 0.173828 -0.083618 0.030380 0.337973 -0.162578
0.061890 0.155273 -0.106445 0.120332 0.301897 -0.206961
0.057739 0.075806 -0.155884 0.112262 0.147388 -0.303084
0.028809 -0.001953 -0.169189 0.056012 -0.003797 -0.328954
0.006592 -0.036255 -0.123535 0.012816 -0.070490 -0.240188
-0.019775 -0.022339 -0.072876 -0.038449 -0.043433 -0.141692
-0.023438 -0.041138 -0.046143 -0.045569 -0.079984 -0.089715
-0.023560 -0.071899 -0.055176 -0.045807 -0.139793 -0.107278
-0.036011 -0.096313 -0.073853 -0.070015 -0.187261 -0.143591
-0.040283 -0.105713 -0.054199 -0.078322 -0.205537 -0.105379
-0.038940 -0.064331 -0.039307 -0.075712 -0.125078 -0.076424
-0.013794 -0.041138 -0.043091 -0.026819 -0.079984 -0.083781
0.000732 -0.052856 -0.069580 0.001424 -0.102768 -0.135284
0.006470 -0.052979 -0.113403 0.012579 -0.103006 -0.220489
