0.347534 0.272461 -0.453735 0.675708 0.529743 -0.882194
0.320923 0.393921 -0.447388 0.623968 0.765897 -0.869852
0.245972 0.384521 -0.414185 0.478241 0.747622 -0.805296
0.145630 0.216187 -0.406860 0.283147 0.420330 -0.791055
0.083374 0.002075 -0.288574 0.162103 0.004035 -0.561072
0.144897 0.074097 -0.243042 0.281723 0.144066 -0.472545
0.048950 0.511475 -0.416382 0.095173 0.994456 -0.809568
-0.355835 0.521118 0.087036 -0.691847 1.013206 0.169224
-0.831665 0.338135 0.447388 -1.616999 0.657433 0.869852
-1.227783 0.140381 0.501099 -2.387169 0.272941 0.974282
-1.461548 0.280518 0.634033 -2.841675 0.545408 1.232745
-1.563110 -0.151367 0.958618 -3.039142 -0.294302 1.863833
-1.291504 -0.362549 1.367920 -2.511060 -0.704901 2.659635
-0.942749 -0.357300 1.954590 -1.832979 -0.694695 3.800293
-1.055908 0.185425 2.513672 -2.052994 0.360520 4.887311
-1.421631 0.500732 2.360840 -2.764065 0.973570 4.590161
-1.029175 0.876587 1.472290 -2.001016 1.704341 2.862561
-0.255981 0.841675 0.375366 -0.497703 1.636461 0.729821
0.038818 0.414185 -0.311646 0.075474 0.805296 -0.605930
0.151611 0.252808 -0.578369 0.294777 0.491532 -1.124518
0.195557 0.238770 -0.816162 0.380219 0.464238 -1.586857
0.171509 0.167358 -1.138550 0.333463 0.325394 -2.213673
0.120361 -0.023682 -1.449829 0.234018 -0.046044 -2.818891
0.085083 -0.073242 -1.715820 0.165426 -0.142404 -3.336055
0.015015 0.043701 -1.934326 0.029193 0.084968 -3.760894
0.015625 0.237305 -2.154419 0.030380 0.461390 -4.188818
0.021851 0.324951 -2.275513 0.042484 0.631800 -4.424260
0.022949 0.312988 -2.243774 0.044620 0.608540 -4.362552
-0.008545 0.524536 -2.064575 -0.016614 1.019851 -4.014136
0.095093 0.672729 -1.625000 0.184888 1.307982 -3.159474
0.220337 0.609253 -1.046631 0.428399 1.184565 -2.034956
0.208008 0.442383 -0.514282 0.404428 0.860121 -0.999915
0.138184 0.250854 -0.287598 0.268669 0.487734 -0.559174
0.073364 0.109253 -0.283569 0.142642 0.212420 -0.551341
0.022949 0.037109 -0.243164 0.044620 0.072151 -0.472782
-0.053223 -0.036743 -0.141235 -0.103480 -0.071439 -0.274603
-0.133911 -0.065796 -0.016846 -0.260362 -0.127926 -0.032753
-0.179199 -0.029663 0.074829 -0.348416 -0.057674 0.145490
-0.187988 0.033813 0.098022 -0.365504 0.065743 0.190584
-0.183228 0.043701 0.062256 -0.356248 0.084968 0.121044
-0.166626 -0.008667 0.029663 -0.323969 -0.016851 0.057674
-0.147095 -0.098633 0.041382 -0.285995 -0.191771 0.080458
-0.113403 -0.110962 0.057129 -0.220489 -0.215742 0.111075
-0.084717 -0.041504 0.046875 -0.164714 -0.080696 0.091139
-0.048340 -0.003662 0.005249 -0.093987 -0.007120 0.010206
-0.024048 0.002319 -0.037720 -0.046756 0.004509 -0.073338
-0.007324 -0.018799 -0.038086 -0.014240 -0.036550 -0.074050
-0.014526 -0.022705 -0.009644 -0.028243 -0.044145 -0.018750
-0.024048 0.019409 0.023193 -0.046756 0.037737 0.045095
-0.045654 0.068481 0.046631 -0.088765 0.133148 0.090664
-0.083008 0.120361 0.095093 -0.161391 0.234018 0.184888
-0.087646 0.082397 0.095703 -0.170410 0.160205 0.186075
-0.060791 0.005249 0.047974 -0.118195 0.010206 0.093275
-0.041260 0.008179 0.010254 -0.080221 0.015902 0.019937
-0.034546 0.039429 -0.021729 -0.067167 0.076661 -0.042247
-0.020020 0.043457 -0.040527 -0.038924 0.084493 -0.078797
0.001831 0.016968 -0.062134 0.003560 0.032990 -0.120806
0.009155 -0.013672 -0.070068 0.017801 -0.026582 -0.136233
0.005493 -0.027832 -0.085205 0.010680 -0.054114 -0.165664
0.010864 -0.051758 -0.090210 0.021123 -0.100632 -0.175394
0.012451 -0.066284 -0.072144 0.024209 -0.128876 -0.140268
-0.005981 -0.056763 -0.077148 -0.011630 -0.110363 -0.149999
0.007446 -0.027588 -0.090698 0.014478 -0.053639 -0.176344
0.032349 -0.026855 -0.131348 0.062895 -0.052215 -0.255378
0.021362 -0.047729 -0.180908 0.041535 -0.092800 -0.351738
0.006104 -0.060547 -0.190796 0.011867 -0.117721 -0.370963
-0.015137 -0.035034 -0.190430 -0.029430 -0.068117 -0.370251
-0.028931 0.011108 -0.170654 -0.056250 0.021598 -0.331802
-0.019043 0.044312 -0.158203 -0.037025 0.086155 -0.307593
-0.011108 0.049927 -0.177124 -0.021598 0.097072 -0.344381
0.003662 0.039795 -0.199829 0.007120 0.077373 -0.388526
0.008301 0.033936 -0.185791 0.016139 0.065981 -0.361232
0.008667 0.016846 -0.146484 0.016851 0.032753 -0.284808
0.035278 0.002808 -0.129395 0.068591 0.005459 -0.251581
0.043823 -0.023926 -0.115479 0.085205 -0.046519 -0.224524
0.037598 -0.025391 -0.117920 0.073101 -0.049367 -0.229271
0.026489 -0.008057 -0.123657 0.051503 -0.015664 -0.240426
0.025269 0.004272 -0.119507 0.049129 0.008307 -0.232356
0.022705 0.011108 -0.103638 0.044145 0.021598 -0.201502
0.035522 0.009521 -0.093262 0.069066 0.018513 -0.181328
