0.125000 0.043945 -0.216187 0.243036 0.085443 -0.420330
0.215576 0.324829 -0.232788 0.419143 0.631562 -0.452608
0.178955 0.205322 -0.308960 0.347941 0.399206 -0.600708
0.180298 0.180420 -0.393066 0.350552 0.350789 -0.764236
0.154907 0.113892 -0.475952 0.301185 0.221438 -0.925390
0.160400 0.136719 -0.534424 0.311865 0.265821 -1.039076
0.069702 0.200439 -0.501587 0.135521 0.389713 -0.975231
-0.059326 0.146118 -0.517334 -0.115347 0.284096 -1.005848
-0.025146 0.149780 -0.398682 -0.048892 0.291217 -0.775153
-0.220459 0.175781 -0.375244 -0.428637 0.341770 -0.729584
-0.472778 0.377075 -0.147461 -0.919219 0.733144 -0.286707
-0.649048 0.453369 0.298462 -1.261938 0.881482 0.580297
-0.838623 0.524902 0.677368 -1.630528 1.020563 1.317001
-1.017456 0.470703 0.890015 -1.978231 0.915184 1.730448
-1.189453 0.444702 1.063843 -2.312644 0.864631 2.068421
-1.242188 0.489624 1.136108 -2.415175 0.951972 2.208926
-0.955566 0.577271 1.056152 -1.857900 1.122382 2.053468
-0.700806 0.626343 0.757080 -1.362571 1.217793 1.471985
-0.691528 0.474243 0.474854 -1.344533 0.922067 0.923254
-0.428223 0.342529 0.213135 -0.832590 0.665977 0.414396
-0.161499 0.217407 0.021484 -0.314001 0.422703 0.041772
-0.010376 0.221680 -0.166748 -0.020174 0.431010 -0.324207
0.070923 0.249390 -0.337158 0.137895 0.484886 -0.655534
0.069702 0.139038 -0.510010 0.135521 0.270331 -0.991608
0.036377 0.032471 -0.695435 0.070727 0.063133 -1.352128
0.034058 -0.080933 -0.866333 0.066218 -0.157357 -1.684404
0.073608 -0.057495 -1.065674 0.143116 -0.111787 -2.071981
0.073120 0.049194 -1.248535 0.142167 0.095648 -2.427516
0.103149 0.117310 -1.399780 0.200553 0.228084 -2.721581
0.136963 0.340088 -1.536499 0.266296 0.661230 -2.987402
0.141724 0.557373 -1.590088 0.275552 1.083696 -3.091594
0.101685 0.475708 -1.447754 0.197704 0.924915 -2.814856
0.086182 0.329102 -1.098999 0.167562 0.639869 -2.136775
0.105835 0.292480 -0.761475 0.205774 0.568667 -1.480529
0.095459 0.243164 -0.503540 0.185600 0.472782 -0.979029
0.052124 0.165283 -0.404419 0.101344 0.321359 -0.786308
0.049927 0.115479 -0.343750 0.097072 0.224524 -0.668350
0.000488 0.088257 -0.282715 0.000949 0.171597 -0.549680
-0.057739 0.093506 -0.210327 -0.112262 0.181803 -0.408937
-0.111572 0.115112 -0.181641 -0.216929 0.223812 -0.353162
-0.135254 0.077637 -0.152344 -0.262973 0.150948 -0.296201
-0.126343 0.041138 -0.123169 -0.245647 0.079984 -0.239476
-0.135010 0.017456 -0.063354 -0.262498 0.033940 -0.123180
-0.141968 -0.009644 0.006226 -0.276027 -0.018750 0.012104
-0.125244 -0.021484 0.032104 -0.243511 -0.041772 0.062420
-0.080444 -0.028198 0.022949 -0.156407 -0.054826 0.044620
-0.036987 -0.054199 0.017456 -0.071914 -0.105379 0.033940
-0.025391 -0.085327 -0.003906 -0.049367 -0.165901 -0.007595
-0.027222 -0.066406 -0.040771 -0.052927 -0.129113 -0.079272
-0.034058 -0.043823 -0.050415 -0.066218 -0.085205 -0.098022
-0.041504 -0.028687 -0.039429 -0.080696 -0.055775 -0.076661
-0.040649 -0.002319 -0.041626 -0.079034 -0.004509 -0.080933
-0.048218 -0.005371 -0.032837 -0.093749 -0.010443 -0.063845
-0.054199 -0.007202 -0.029053 -0.105379 -0.014003 -0.056487
-0.049561 0.000488 -0.024658 -0.096360 0.000949 -0.047943
-0.047729 -0.001709 -0.021484 -0.092800 -0.003323 -0.041772
-0.046265 -0.010864 -0.031372 -0.089952 -0.021123 -0.060996
-0.033936 -0.033691 -0.041992 -0.065981 -0.065506 -0.081645
-0.039917 -0.078979 -0.048828 -0.077610 -0.153559 -0.094936
-0.051270 -0.113647 -0.054565 -0.099683 -0.220964 -0.106091
-0.068848 -0.089722 -0.046875 -0.133860 -0.174445 -0.091139
-0.071533 -0.047363 -0.051147 -0.139081 -0.092088 -0.099446
-0.040771 -0.025024 -0.089722 -0.079272 -0.048655 -0.174445
-0.002808 -0.027588 -0.132080 -0.005459 -0.053639 -0.256802
0.012817 -0.052124 -0.133057 0.024921 -0.101344 -0.258701
0.020752 -0.058228 -0.110352 0.040348 -0.113211 -0.214556
0.023804 -0.037720 -0.090332 0.046281 -0.073338 -0.175632
0.017700 -0.031006 -0.071045 0.034414 -0.060284 -0.138132
0.011475 -0.023438 -0.074829 0.022310 -0.045569 -0.145490
-0.005737 -0.041260 -0.071533 -0.011155 -0.080221 -0.139081
-0.022095 -0.036621 -0.070435 -0.042959 -0.071202 -0.136945
-0.031006 -0.020996 -0.065918 -0.060284 -0.040823 -0.128164
-0.020874 -0.014648 -0.066528 -0.040585 -0.028481 -0.129350
-0.007935 -0.010620 -0.085449 -0.015427 -0.020649 -0.166138
-0.006714 -0.005737 -0.104736 -0.013054 -0.011155 -0.203638
-0.014160 -0.005249 -0.099976 -0.027531 -0.010206 -0.194382
-0.015015 0.003174 -0.094238 -0.029193 0.006171 -0.183227
-0.022705 -0.000854 -0.103149 -0.044145 -0.001661 -0.200553
-0.022827 0.009521 -0.122192 -0.044383 0.018513 -0.237578
-0.025146 0.015625 -0.127319 -0.048892 0.030380 -0.247546
