0.072266 0.354980 -0.134155 0.140505 0.690186 -0.260837
-0.010254 0.437622 -0.038330 -0.019937 0.850865 -0.074525
-0.214844 0.221924 -0.225464 -0.417719 0.431485 -0.438368
-0.330444 -0.097412 -0.217041 -0.642480 -0.189398 -0.421991
-0.444336 -0.164917 -0.168701 -0.863919 -0.320647 -0.328004
-0.683594 -0.199097 -0.269653 -1.329106 -0.387102 -0.524285
-0.851196 0.107910 0.000000 -1.654974 0.209809 0.000000
-1.393188 0.155884 0.357788 -2.708765 0.303084 0.695644
-1.516968 0.285522 0.914551 -2.949428 0.555139 1.778153
-1.576782 0.039795 1.278442 -3.065724 0.077373 2.485665
-1.836426 -0.679077 1.299072 -3.570547 -1.320324 2.525775
-1.695923 -0.695923 1.692627 -3.297369 -1.353077 3.290960
-1.236816 -0.168945 1.895508 -2.404732 -0.328479 3.685420
-0.762573 -0.038696 1.412231 -1.482665 -0.075237 2.745790
-0.424561 -0.007568 0.733276 -0.825469 -0.014715 1.425703
-0.095337 0.139893 0.247559 -0.185363 0.271992 0.481326
0.139893 0.262695 -0.130981 0.271992 0.510756 -0.254666
0.265625 0.368042 -0.561523 0.516452 0.715581 -1.091765
0.266357 0.378784 -1.031372 0.517877 0.736467 -2.005288
0.313232 0.255859 -1.373291 0.609015 0.497465 -2.670078
0.337036 0.078857 -1.629883 0.655297 0.153322 -3.168967
0.316650 0.163574 -1.844238 0.615661 0.318036 -3.585737
0.338867 0.471191 -1.858154 0.658857 0.916134 -3.612794
0.291748 0.550537 -1.539307 0.567243 1.070405 -2.992861
0.163696 0.524536 -1.229248 0.318273 1.019851 -2.390017
0.057251 0.453735 -0.929077 0.111313 0.882194 -1.806397
-0.024902 0.385010 -0.696899 -0.048417 0.748571 -1.354976
-0.060303 0.280151 -0.489380 -0.117246 0.544696 -0.951497
-0.067505 0.182495 -0.331421 -0.131249 0.354824 -0.644379
-0.103149 0.162598 -0.148560 -0.200553 0.316137 -0.288843
-0.093872 0.175781 -0.076416 -0.182515 0.341770 -0.148575
-0.068115 0.127197 -0.102539 -0.132436 0.247309 -0.199366
-0.040527 0.125610 -0.087524 -0.078797 0.244223 -0.170173
-0.022705 0.189453 -0.063477 -0.044145 0.368352 -0.123417
-0.000122 0.246460 -0.081299 -0.000237 0.479190 -0.158069
-0.007080 0.199097 -0.115479 -0.013766 0.387102 -0.224524
0.006836 0.145386 -0.094604 0.013291 0.282672 -0.183939
0.027710 0.149780 -0.046387 0.053876 0.291217 -0.090189
0.016846 0.208496 -0.031982 0.032753 0.405377 -0.062183
0.021851 0.266113 -0.042969 0.042484 0.517402 -0.083544
-0.004517 0.204468 -0.091919 -0.008782 0.397545 -0.178717
-0.028442 0.125854 -0.105103 -0.055300 0.244698 -0.204350
-0.032593 0.152954 -0.084595 -0.063370 0.297387 -0.164477
-0.026001 0.160400 -0.047363 -0.050553 0.311865 -0.092088
-0.010864 0.102295 -0.025757 -0.021123 0.198891 -0.050079
-0.039673 0.052979 -0.059326 -0.077136 0.103006 -0.115347
-0.036743 0.029419 -0.101318 -0.071439 0.057199 -0.196992
-0.026367 0.009888 -0.118042 -0.051266 0.019225 -0.229508
-0.021973 0.006958 -0.111206 -0.042721 0.013528 -0.216217
-0.031616 0.000000 -0.110718 -0.061471 0.000000 -0.215268
-0.029053 -0.021362 -0.104492 -0.056487 -0.041535 -0.203163
-0.009155 -0.016479 -0.091187 -0.017801 -0.032041 -0.177293
-0.005859 -0.023438 -0.070801 -0.011392 -0.045569 -0.137657
-0.010986 -0.013428 -0.059204 -0.021361 -0.026107 -0.115110
-0.021606 -0.036987 -0.064209 -0.042009 -0.071914 -0.124841
-0.023071 -0.049194 -0.077637 -0.044857 -0.095648 -0.150948
-0.004150 -0.023438 -0.091553 -0.008070 -0.045569 -0.178005
0.013916 -0.039307 -0.106567 0.027057 -0.076424 -0.207198
0.001099 -0.081299 -0.118774 0.002136 -0.158069 -0.230932
-0.027222 -0.074341 -0.129150 -0.052927 -0.144540 -0.251106
-0.053833 -0.048096 -0.115723 -0.104667 -0.093512 -0.224999
-0.061523 -0.039673 -0.082275 -0.119620 -0.077136 -0.159967
-0.039307 -0.050659 -0.053345 -0.076424 -0.098496 -0.103718
-0.007813 -0.034912 -0.052368 -0.015190 -0.067879 -0.101819
-0.008057 -0.059204 -0.076538 -0.015664 -0.115110 -0.148812
-0.027588 -0.052979 -0.111938 -0.053639 -0.103006 -0.217641
-0.050903 -0.038818 -0.122803 -0.098971 -0.075474 -0.238764
-0.037231 -0.024292 -0.083618 -0.072389 -0.047231 -0.162578
-0.031982 0.010864 -0.057007 -0.062183 0.021123 -0.110838
-0.029175 0.007690 -0.065063 -0.056724 0.014952 -0.126502
-0.022705 -0.036743 -0.096558 -0.044145 -0.071439 -0.187736
-0.010010 -0.060181 -0.111328 -0.019462 -0.117009 -0.216454
0.000122 -0.047852 -0.110107 0.000237 -0.093037 -0.214081
0.006104 -0.025269 -0.115112 0.011867 -0.049129 -0.223812
0.009888 0.007080 -0.136230 0.019225 0.013766 -0.264872
0.013550 0.003784 -0.152710 0.026345 0.007358 -0.296913
0.013672 -0.015381 -0.157959 0.026582 -0.029905 -0.307118
0.016968 -0.036499 -0.157837 0.032990 -0.070965 -0.306881
0.010132 -0.008667 -0.146973 0.019699 -0.016851 -0.285758
0.010254 0.027100 -0.125488 0.019937 0.052690 -0.243986
