0.065674 0.248413 -0.198853 0.127689 0.482987 -0.386627
0.035889 0.318604 -0.170898 0.069778 0.619458 -0.332276
-0.101196 0.223999 -0.100952 -0.196755 0.435519 -0.196280
-0.123901 0.298706 -0.097534 -0.240900 0.580772 -0.189635
-0.113892 0.343140 -0.148315 -0.221438 0.667164 -0.288368
-0.118164 0.141724 -0.118042 -0.229745 0.275552 -0.229508
-0.110352 -0.030884 -0.036255 -0.214556 -0.060047 -0.070490
-0.204224 0.390869 -0.106079 -0.397070 0.759964 -0.206249
-0.568848 0.576782 0.134644 -1.106006 1.121433 0.261786
-1.143677 0.172485 0.487305 -2.223641 0.335362 0.947462
-1.399902 0.036865 0.709106 -2.721818 0.071677 1.378710
-1.469727 -0.042603 0.829102 -2.857577 -0.082832 1.612015
-1.444702 -0.451660 0.986572 -2.808922 -0.878159 1.918184
-1.190430 -0.684082 1.078247 -2.314543 -1.330055 2.096427
-0.868164 -0.512573 1.132202 -1.687964 -0.996592 2.201331
-0.682739 -0.323364 1.040527 -1.327444 -0.628714 2.023089
-0.605835 -0.156128 0.841187 -1.177920 -0.303558 1.635512
-0.559204 0.005859 0.661255 -1.087256 0.011392 1.285672
-0.343750 0.125000 0.456787 -0.668350 0.243036 0.888127
-0.107300 0.074463 0.151001 -0.208622 0.144778 0.293590
0.057983 0.043335 -0.131226 0.112737 0.084256 -0.255141
0.137451 0.135742 -0.359497 0.267245 0.263922 -0.698967
0.069458 0.213257 -0.575317 0.135047 0.414633 -1.118585
-0.035400 0.226074 -0.779541 -0.068829 0.439554 -1.515655
-0.060303 0.179443 -0.979980 -0.117246 0.348890 -1.905368
-0.037598 0.228394 -1.159302 -0.073101 0.444064 -2.254021
-0.027588 0.301758 -1.250977 -0.053639 0.586705 -2.432263
0.005981 0.397827 -1.305176 0.011630 0.773492 -2.537642
-0.016235 0.421021 -1.280640 -0.031566 0.818587 -2.489937
-0.078857 0.484985 -1.149414 -0.153322 0.942953 -2.234796
-0.079712 0.482910 -0.951782 -0.154983 0.938918 -1.850542
-0.041626 0.343506 -0.756958 -0.080933 0.667876 -1.471747
0.057617 0.227905 -0.491699 0.112025 0.443114 -0.956007
0.082886 0.171875 -0.308838 0.161154 0.334175 -0.600471
0.025146 0.144043 -0.269531 0.048892 0.280062 -0.524047
0.020874 0.074585 -0.222778 0.040585 0.145015 -0.433146
0.047729 0.070435 -0.174927 0.092800 0.136945 -0.340109
0.051147 0.036377 -0.142212 0.099446 0.070727 -0.276501
0.025024 0.040405 -0.111450 0.048655 0.078560 -0.216692
-0.011963 0.078369 -0.090820 -0.023259 0.152372 -0.176581
-0.029419 0.055298 -0.078003 -0.057199 0.107515 -0.151660
-0.044067 0.022827 -0.059082 -0.085680 0.044383 -0.114873
-0.045288 0.008179 -0.060547 -0.088053 0.015902 -0.117721
-0.047119 -0.017212 -0.076416 -0.091613 -0.033465 -0.148575
-0.061523 0.001587 -0.089966 -0.119620 0.003085 -0.174920
-0.053101 0.027100 -0.097900 -0.103243 0.052690 -0.190347
-0.033569 0.013672 -0.106934 -0.065269 0.026582 -0.207910
-0.025513 0.024780 -0.120483 -0.049604 0.048180 -0.234255
-0.007690 0.047729 -0.117065 -0.014952 0.092800 -0.227609
0.005249 0.022095 -0.108154 0.010206 0.042959 -0.210283
0.003662 0.004150 -0.098511 0.007120 0.008070 -0.191534
-0.012695 0.012329 -0.086182 -0.024683 0.023971 -0.167562
-0.019897 -0.004395 -0.085205 -0.038686 -0.008544 -0.165664
-0.022949 -0.016357 -0.092773 -0.044620 -0.031804 -0.180379
-0.032349 -0.022217 -0.088135 -0.062895 -0.043196 -0.171360
-0.027100 -0.022095 -0.067261 -0.052690 -0.042959 -0.130774
-0.029053 -0.014160 -0.069946 -0.056487 -0.027531 -0.135996
-0.020508 -0.025024 -0.086182 -0.039873 -0.048655 -0.167562
-0.014893 -0.022217 -0.112183 -0.028956 -0.043196 -0.218116
-0.015381 0.013672 -0.140625 -0.029905 0.026582 -0.273416
-0.020142 0.008911 -0.155151 -0.039161 0.017326 -0.301659
-0.012573 0.007446 -0.138184 -0.024446 0.014478 -0.268669
-0.011230 0.017456 -0.125366 -0.021835 0.033940 -0.243748
-0.013550 0.016235 -0.132080 -0.026345 0.031566 -0.256802
-0.021729 0.029297 -0.125000 -0.042247 0.056962 -0.243036
-0.018921 0.010986 -0.103394 -0.036788 0.021361 -0.201027
-0.035767 -0.004150 -0.100464 -0.069541 -0.008070 -0.195331
-0.050903 0.004028 -0.107422 -0.098971 0.007832 -0.208859
-0.047974 0.011963 -0.100464 -0.093275 0.023259 -0.195331
-0.042358 0.021606 -0.093628 -0.082357 0.042009 -0.182040
-0.030151 0.018066 -0.100952 -0.058623 0.035126 -0.196280
-0.026489 0.002686 -0.120972 -0.051503 0.005221 -0.235204
-0.036133 0.014893 -0.118896 -0.070253 0.028956 -0.231169
-0.035645 0.024414 -0.116821 -0.069303 0.047468 -0.227135
-0.036011 0.027100 -0.112061 -0.070015 0.052690 -0.217878
-0.027832 0.017944 -0.097900 -0.054114 0.034889 -0.190347
-0.015015 0.006836 -0.103149 -0.029193 0.013291 -0.200553
0.010498 0.004883 -0.098633 0.020411 0.009494 -0.191771
0.033691 0.000854 -0.084717 0.065506 0.001661 -0.164714
0.031128 0.002686 -0.086670 0.060522 0.005221 -0.168512
