-0.127563 0.117554 -0.553589 -0.248021 0.228559 -1.076338
-0.002563 0.367310 -0.501953 -0.004984 0.714157 -0.975943
-0.077759 0.233154 -0.402466 -0.151186 0.453320 -0.782511
-0.250488 0.180176 -0.177734 -0.487022 0.350314 -0.345567
-0.408569 -0.199463 0.199219 -0.794378 -0.387814 0.387339
-0.401245 -0.233643 0.276367 -0.780138 -0.454269 0.537338
-0.138916 0.096558 0.259155 -0.270093 0.187736 0.503873
-0.349854 0.354126 0.405762 -0.680217 0.688524 0.788919
-0.757446 0.524292 0.409912 -1.472696 1.019377 0.796989
-1.149902 0.207031 0.753906 -2.235745 0.402529 1.465814
-1.218750 -0.232300 1.280762 -2.369605 -0.451659 2.490174
-1.279785 -0.488770 1.762451 -2.488276 -0.950311 3.426719
-1.318359 -0.203735 1.799927 -2.563275 -0.396121 3.499583
-1.135254 -0.057739 1.451660 -2.207265 -0.112262 2.822451
-0.872070 0.053223 1.072021 -1.695559 0.103480 2.084322
-0.635986 -0.055176 0.571167 -1.236543 -0.107278 1.110515
-0.351563 0.015015 0.174805 -0.683540 0.029193 0.339871
-0.154419 0.204468 -0.061279 -0.300235 0.397545 -0.119145
-0.028442 0.326172 -0.328247 -0.055300 0.634173 -0.638208
0.098267 0.240723 -0.728149 0.191059 0.468035 -1.415735
0.173462 0.191772 -1.096313 0.337261 0.372862 -2.131553
0.222412 0.228149 -1.368896 0.432434 0.443589 -2.661534
0.317383 0.301270 -1.601074 0.617085 0.585756 -3.112955
0.373047 0.101196 -1.726563 0.725312 0.196755 -3.356941
0.361084 -0.107544 -1.730713 0.702053 -0.209097 -3.365010
0.343750 0.139282 -1.491943 0.668350 0.270805 -2.900773
0.248779 0.516846 -1.058838 0.483700 1.004899 -2.058690
0.003784 0.375488 -0.645508 0.007358 0.730059 -1.255055
-0.117432 0.141113 -0.472168 -0.228321 0.274365 -0.918032
-0.106812 0.094360 -0.363525 -0.207673 0.183464 -0.706799
-0.083496 0.116211 -0.263672 -0.162341 0.225948 -0.512655
-0.092285 0.056274 -0.180420 -0.179429 0.109414 -0.350789
-0.105225 -0.040283 -0.118774 -0.204587 -0.078322 -0.230932
-0.068359 -0.067261 -0.091919 -0.132911 -0.130774 -0.178717
-0.046143 -0.009521 -0.091309 -0.089715 -0.018513 -0.177531
-0.072144 0.034790 -0.084839 -0.140268 0.067642 -0.164952
-0.085083 0.007080 -0.064331 -0.165426 0.013766 -0.125078
-0.087280 -0.021240 -0.041626 -0.169698 -0.041297 -0.080933
-0.099365 -0.015381 -0.045776 -0.193195 -0.029905 -0.089003
-0.091064 0.013916 -0.076294 -0.177056 0.027057 -0.148338
-0.075806 0.029663 -0.092773 -0.147388 0.057674 -0.180379
-0.076172 0.000732 -0.101685 -0.148100 0.001424 -0.197704
-0.069458 -0.014893 -0.101929 -0.135047 -0.028956 -0.198179
-0.051392 -0.001831 -0.109985 -0.099920 -0.003560 -0.213844
-0.035522 -0.026733 -0.128052 -0.069066 -0.051978 -0.248970
-0.009277 -0.009521 -0.111572 -0.018038 -0.018513 -0.216929
0.019531 -0.003418 -0.092651 0.037974 -0.006646 -0.180141
0.028687 -0.012207 -0.108154 0.055775 -0.023734 -0.210283
0.030518 -0.048218 -0.135254 0.059335 -0.093749 -0.262973
0.023926 -0.060425 -0.149658 0.046519 -0.117483 -0.290979
-0.006470 -0.001831 -0.148682 -0.012579 -0.003560 -0.289080
-0.048462 -0.024658 -0.131592 -0.094224 -0.047943 -0.255853
-0.049561 -0.039307 -0.104858 -0.096360 -0.076424 -0.203875
-0.032227 -0.029419 -0.118164 -0.062658 -0.057199 -0.229745
-0.024048 -0.023315 -0.151978 -0.046756 -0.045332 -0.295489
-0.005005 -0.037354 -0.162354 -0.009731 -0.072626 -0.315663
-0.000244 0.020996 -0.149536 -0.000475 0.040823 -0.290742
-0.009644 0.040039 -0.101196 -0.018750 0.077848 -0.196755
-0.000854 0.042358 -0.093750 -0.001661 0.082357 -0.182277
0.008301 0.018921 -0.120728 0.016139 0.036788 -0.234730
0.002808 0.009644 -0.132080 0.005459 0.018750 -0.256802
-0.002441 0.000610 -0.129150 -0.004747 0.001187 -0.251106
0.000244 -0.010010 -0.106689 0.000475 -0.019462 -0.207435
-0.004150 0.005859 -0.096802 -0.008070 0.011392 -0.188211
-0.002563 0.004272 -0.102539 -0.004984 0.008307 -0.199366
0.003784 -0.015747 -0.101563 0.007358 -0.030617 -0.197467
0.000977 -0.001953 -0.093994 0.001899 -0.003797 -0.182752
-0.023193 -0.026855 -0.094360 -0.045095 -0.052215 -0.183464
-0.041138 -0.056763 -0.102295 -0.079984 -0.110363 -0.198891
-0.051880 -0.059082 -0.103760 -0.100870 -0.114873 -0.201739
-0.045288 -0.014893 -0.109253 -0.088053 -0.028956 -0.212420
-0.035156 0.024414 -0.133789 -0.068354 0.047468 -0.260125
-0.023071 0.008667 -0.149170 -0.044857 0.016851 -0.290030
-0.010498 0.011597 -0.155029 -0.020411 0.022547 -0.301422
0.000610 0.031494 -0.147095 0.001187 0.061234 -0.285995
0.001343 0.038940 -0.141113 0.002611 0.075712 -0.274365
-0.008423 0.002563 -0.125122 -0.016376 0.004984 -0.243274
-0.017822 -0.049316 -0.112183 -0.034652 -0.095885 -0.218116
0.012573 -0.036865 -0.099731 0.024446 -0.071677 -0.193907
0.017334 0.007324 -0.091919 0.033702 0.014240 -0.178717
