0.370361 0.443848 -0.592529 0.720090 0.862969 -1.152050
0.326416 0.698975 -0.633423 0.634648 1.359010 -1.231559
0.191406 0.575195 -0.639893 0.372150 1.118347 -1.244138
0.074463 0.266357 -0.388062 0.144778 0.517877 -0.754505
0.061157 -0.120972 -0.439209 0.118907 -0.235204 -0.853950
-0.437134 -0.548096 -0.127319 -0.849916 -1.065658 -0.247546
-1.026367 -0.670654 0.403687 -1.995557 -1.303948 0.784884
-1.598145 -0.160156 1.297363 -3.107259 -0.311390 2.522453
-1.780273 0.486084 2.155151 -3.461371 0.945089 4.190243
-1.868042 -0.073853 1.737671 -3.632018 -0.143591 3.378539
-1.534546 -0.233276 1.382690 -2.983605 -0.453557 2.688353
-1.099487 -0.256958 1.159424 -2.137724 -0.499601 2.254258
-0.686157 -0.289917 0.888062 -1.334090 -0.563683 1.726651
-0.399658 -0.289917 0.791504 -0.777052 -0.563683 1.538914
-0.333008 -0.230835 0.876709 -0.647464 -0.448810 1.704578
-0.452881 -0.235840 0.706421 -0.880532 -0.458541 1.373488
-0.452393 -0.279175 0.235229 -0.879583 -0.542797 0.457355
-0.360474 -0.208252 -0.043213 -0.700866 -0.404903 -0.084018
-0.135010 -0.021240 -0.086060 -0.262498 -0.041297 -0.167325
0.005249 0.080933 -0.084473 0.010206 0.157357 -0.164239
0.022949 -0.039063 -0.139038 0.044620 -0.075949 -0.270331
-0.003418 -0.090820 -0.294556 -0.006646 -0.176581 -0.572702
0.016724 0.098267 -0.494263 0.032516 0.191059 -0.960991
0.087524 0.193726 -0.540649 0.170173 0.376659 -1.051180
0.070679 0.147827 -0.568726 0.137420 0.287419 -1.105768
0.063354 0.212524 -0.687500 0.123180 0.413209 -1.336700
0.184570 0.304932 -0.895630 0.358858 0.592876 -1.741366
0.173706 0.315552 -1.034912 0.337735 0.613525 -2.012171
0.119385 0.306763 -1.157837 0.232119 0.596436 -2.251173
0.190063 0.429932 -1.305786 0.369539 0.835912 -2.538829
0.180542 0.574219 -1.292358 0.351026 1.116449 -2.512722
-0.009399 0.554688 -1.096313 -0.018275 1.078474 -2.131553
-0.118164 0.415649 -0.869995 -0.229745 0.808144 -1.691524
-0.137451 0.334351 -0.735718 -0.267245 0.650075 -1.430450
0.045044 0.288330 -0.597534 0.087579 0.560598 -1.161781
0.149658 0.126221 -0.392212 0.290979 0.245410 -0.762574
0.236328 -0.035522 -0.222534 0.459491 -0.069066 -0.432671
0.279419 0.066284 -0.136108 0.543272 0.128876 -0.264634
0.143433 0.359009 -0.029541 0.278875 0.698018 -0.057436
-0.047241 0.371704 0.016724 -0.091851 0.722701 0.032516
0.035156 0.089966 0.046997 0.068354 0.174920 0.091376
0.197998 -0.174561 0.056519 0.384966 -0.339397 0.109889
0.262939 -0.341919 0.029907 0.511231 -0.664790 0.058148
0.250977 -0.263184 0.040039 0.487972 -0.511706 0.077848
0.102905 -0.201538 0.010132 0.200078 -0.391849 0.019699
0.015259 -0.204590 -0.041870 0.029668 -0.397782 -0.081408
0.021606 -0.110229 -0.002075 0.042009 -0.214318 -0.004035
-0.020020 0.046387 0.035889 -0.038924 0.090189 0.069778
-0.011353 0.164917 0.010864 -0.022073 0.320647 0.021123
0.067871 0.091187 -0.077026 0.131961 0.177293 -0.149762
0.100098 0.020142 -0.103638 0.194619 0.039161 -0.201502
0.049561 0.020386 -0.080688 0.096360 0.039636 -0.156882
-0.034668 -0.011353 -0.071411 -0.067405 -0.022073 -0.138844
-0.078369 -0.033691 -0.087769 -0.152372 -0.065506 -0.170648
-0.085327 -0.083130 -0.111206 -0.165901 -0.161629 -0.216217
-0.104614 -0.090820 -0.106567 -0.203401 -0.176581 -0.207198
-0.057007 -0.054932 -0.076050 -0.110838 -0.106803 -0.147863
-0.030762 -0.098999 -0.056152 -0.059810 -0.192483 -0.109177
0.002808 -0.104126 -0.075073 0.005459 -0.202451 -0.145964
-0.013916 -0.036133 -0.083008 -0.027057 -0.070253 -0.161391
-0.052002 -0.029175 -0.086182 -0.101107 -0.056724 -0.167562
-0.069824 -0.007446 -0.092773 -0.135759 -0.014478 -0.180379
-0.034424 -0.018555 -0.081543 -0.066930 -0.036076 -0.158543
-0.018433 -0.024170 -0.073242 -0.035838 -0.046993 -0.142404
-0.015503 -0.003174 -0.089355 -0.030142 -0.006171 -0.173733
-0.047485 -0.009155 -0.084595 -0.092325 -0.017801 -0.164477
-0.051636 -0.020630 -0.077637 -0.100395 -0.040111 -0.150948
-0.044312 0.002319 -0.078369 -0.086155 0.004509 -0.152372
-0.019409 0.027344 -0.095825 -0.037737 0.053164 -0.186312
-0.004028 0.003906 -0.110107 -0.007832 0.007595 -0.214081
-0.030151 -0.020264 -0.105957 -0.058623 -0.039398 -0.206011
-0.049316 -0.054321 -0.090088 -0.095885 -0.105616 -0.175157
-0.048096 -0.032593 -0.096313 -0.093512 -0.063370 -0.187261
-0.040039 -0.017822 -0.131348 -0.077848 -0.034652 -0.255378
-0.012451 -0.016113 -0.148315 -0.024209 -0.031329 -0.288368
-0.009888 0.011475 -0.133911 -0.019225 0.022310 -0.260362
-0.007935 0.034912 -0.145142 -0.015427 0.067879 -0.282198
-0.015503 0.036621 -0.134399 -0.030142 0.071202 -0.261312
-0.022095 0.042114 -0.114380 -0.042959 0.081882 -0.222388
-0.024536 0.034302 -0.108154 -0.047705 0.066693 -0.210283
