-0.035767 -0.005859 -0.797241 -0.069541 -0.011392 -1.550069
-0.101929 0.169434 -0.886475 -0.198179 0.329428 -1.723565
-0.211548 0.159790 -0.766602 -0.411311 0.310678 -1.490497
-0.364746 0.109131 -0.524902 -0.709173 0.212182 -1.020563
-0.674683 0.207031 -0.271851 -1.311780 0.402529 -0.528557
-0.970581 0.035278 0.002930 -1.887093 0.068591 0.005696
-1.051758 0.064209 0.566650 -2.044924 0.124841 1.101734
-0.996582 -0.142700 1.038818 -1.937646 -0.277451 2.019766
-0.945801 -0.279419 1.523315 -1.838912 -0.543272 2.961769
-0.968018 -0.636597 1.822144 -1.882108 -1.237730 3.542778
-0.990601 -0.660034 1.967163 -1.926016 -1.283299 3.824739
-0.800537 -0.079834 1.910889 -1.556478 -0.155221 3.715325
-0.614502 0.460815 1.471313 -1.194771 0.895960 2.860662
-0.455078 0.663208 0.867798 -0.884805 1.289470 1.687252
-0.383423 0.738647 0.567627 -0.745486 1.436146 1.103632
-0.353027 0.686768 0.464233 -0.686388 1.335276 0.902605
-0.355591 0.726318 0.464966 -0.691372 1.412175 0.904029
-0.259277 0.696899 0.379761 -0.504111 1.354976 0.738366
-0.131836 0.552490 0.058960 -0.256328 1.074202 0.114635
-0.119507 0.387329 -0.350830 -0.232356 0.753081 -0.682116
-0.171875 0.333252 -0.696777 -0.334175 0.647939 -1.354738
-0.283936 0.364258 -0.908203 -0.552054 0.708223 -1.765812
-0.173706 0.364502 -1.061279 -0.337735 0.708698 -2.063437
0.139282 0.183350 -1.148071 0.270805 0.356485 -2.232185
0.294312 0.061646 -1.377563 0.572227 0.119857 -2.678385
0.383789 0.232910 -1.554810 0.746198 0.452845 -3.023003
0.392944 0.443359 -1.378052 0.763998 0.862020 -2.679334
0.323975 0.460815 -1.020752 0.629901 0.895960 -1.984639
0.141724 0.420044 -0.668213 0.275552 0.816688 -1.299201
-0.077637 0.325073 -0.408325 -0.150948 0.632037 -0.793903
-0.082031 0.276245 -0.186768 -0.159493 0.537101 -0.363131
0.019653 0.161621 -0.116211 0.038212 0.314239 -0.225948
0.073853 0.018921 -0.121826 0.143591 0.036788 -0.236866
0.145264 -0.003540 -0.174683 0.282435 -0.006883 -0.339634
-0.019409 -0.059814 -0.116333 -0.037737 -0.116297 -0.226185
-0.081421 -0.055542 -0.051636 -0.158306 -0.107990 -0.100395
-0.037598 -0.027344 -0.023804 -0.073101 -0.053164 -0.046281
-0.007202 -0.032104 -0.020630 -0.014003 -0.062420 -0.040111
-0.012817 -0.073242 -0.039673 -0.024921 -0.142404 -0.077136
-0.001221 -0.081787 -0.065674 -0.002373 -0.159018 -0.127689
0.017578 -0.082031 -0.062622 0.034177 -0.159493 -0.121756
0.010132 -0.050659 -0.048218 0.019699 -0.098496 -0.093749
-0.009155 -0.025024 -0.043579 -0.017801 -0.048655 -0.084730
-0.017822 -0.044678 -0.072632 -0.034652 -0.086867 -0.141217
-0.030762 -0.081299 -0.106689 -0.059810 -0.158069 -0.207435
-0.011230 -0.104492 -0.115845 -0.021835 -0.203163 -0.225236
-0.009033 -0.090820 -0.113525 -0.017563 -0.176581 -0.220726
-0.009155 -0.048706 -0.106079 -0.017801 -0.094699 -0.206249
-0.015503 -0.009399 -0.096924 -0.030142 -0.018275 -0.188448
-0.024292 0.017090 -0.105225 -0.047231 0.033228 -0.204587
-0.003418 0.007935 -0.120239 -0.006646 0.015427 -0.233780
0.009644 0.006592 -0.124268 0.018750 0.012816 -0.241612
0.017090 -0.002808 -0.128418 0.033228 -0.005459 -0.249682
0.026123 -0.039307 -0.131836 0.050791 -0.076424 -0.256328
0.001343 0.016602 -0.127441 0.002611 0.032278 -0.247783
-0.000854 0.051636 -0.130371 -0.001661 0.100395 -0.253479
0.038086 0.045044 -0.141235 0.074050 0.087579 -0.274603
0.045166 0.050049 -0.140015 0.087816 0.097310 -0.272229
0.033325 0.033081 -0.121460 0.064794 0.064319 -0.236154
0.009888 0.029419 -0.108398 0.019225 0.057199 -0.210758
-0.002686 0.024170 -0.112915 -0.005221 0.046993 -0.219540
-0.012451 0.001465 -0.118774 -0.024209 0.002848 -0.230932
0.004272 -0.019897 -0.117432 0.008307 -0.038686 -0.228321
0.003662 -0.034302 -0.110962 0.007120 -0.066693 -0.215742
-0.022339 -0.013306 -0.103760 -0.043433 -0.025870 -0.201739
-0.041382 0.016113 -0.097900 -0.080458 0.031329 -0.190347
-0.057007 0.031128 -0.098999 -0.110838 0.060522 -0.192483
-0.038696 0.011475 -0.095703 -0.075237 0.022310 -0.186075
-0.003662 -0.039429 -0.090698 -0.007120 -0.076661 -0.176344
-0.026001 -0.009155 -0.067017 -0.050553 -0.017801 -0.130300
-0.016968 -0.016724 -0.053589 -0.032990 -0.032516 -0.104192
-0.001709 -0.041504 -0.041626 -0.003323 -0.080696 -0.080933
-0.024048 -0.022827 -0.026245 -0.046756 -0.044383 -0.051028
-0.050293 0.004517 -0.052124 -0.097784 0.008782 -0.101344
-0.053955 -0.015015 -0.062622 -0.104904 -0.029193 -0.121756
-0.045532 -0.041016 -0.054688 -0.088528 -0.079746 -0.106328
-0.051392 -0.022217 -0.032593 -0.099920 -0.043196 -0.063370
-0.035767 -0.008545 -0.038086 -0.069541 -0.016614 -0.074050
0.007813 -0.006592 -0.039185 0.015190 -0.012816 -0.076186
0.020386 -0.054810 -0.050659 0.039636 -0.106566 -0.098496
