0.256226 0.239624 -0.617065 0.498177 0.465899 -1.199755
0.315186 0.203247 -0.629272 0.612813 0.395172 -1.223489
0.140137 0.235718 -0.518066 0.272467 0.458304 -1.007272
-0.086060 0.297852 -0.289917 -0.167325 0.579110 -0.563683
-0.320801 0.102051 -0.132080 -0.623730 0.198416 -0.256802
-0.543091 -0.094604 0.002686 -1.055927 -0.183939 0.005221
-0.617432 -0.130005 0.155884 -1.200467 -0.252767 0.303084
-0.970337 -0.002441 0.242798 -1.886618 -0.004747 0.472070
-1.195557 0.216187 0.685303 -2.324511 0.420330 1.332428
-1.325073 0.198975 1.194702 -2.576329 0.386865 2.322849
-1.492554 -0.479614 1.286621 -2.901960 -0.932510 2.501567
-1.493042 -0.724976 1.348145 -2.902909 -1.409564 2.621186
-1.116089 -0.211548 1.452881 -2.170002 -0.411311 2.824824
-0.785278 0.384033 1.244873 -1.526810 0.746673 2.420396
-0.751221 0.058105 0.656982 -1.460592 0.112974 1.277365
-0.595215 -0.286987 0.297119 -1.157271 -0.557987 0.577686
-0.519165 -0.306152 0.282593 -1.009408 -0.595249 0.549443
-0.456665 -0.217651 0.235840 -0.887890 -0.423178 0.458541
-0.377808 0.185425 0.017944 -0.734568 0.360520 0.034889
0.030273 0.627930 -0.386108 0.058860 1.220878 -0.750707
0.407104 0.689941 -0.948853 0.791530 1.341447 -1.844846
0.505371 0.596802 -1.403809 0.982589 1.160357 -2.729413
0.472534 0.577637 -1.775635 0.918744 1.123094 -3.452352
0.331421 0.494995 -2.006348 0.644379 0.962415 -3.900925
0.236450 0.266724 -1.891846 0.459728 0.518589 -3.678300
0.251709 0.321289 -1.698608 0.489396 0.624680 -3.302590
0.261963 0.477905 -1.240723 0.509332 0.929187 -2.412327
0.238159 0.556885 -0.565674 0.463051 1.082746 -1.099835
0.176880 0.440674 -0.187744 0.343906 0.856798 -0.365029
0.095215 0.212036 -0.117798 0.185125 0.412260 -0.229033
0.116455 0.275513 -0.178101 0.226423 0.535677 -0.346279
0.189941 0.327637 -0.186279 0.369301 0.637021 -0.362181
0.130005 0.315430 -0.119263 0.252767 0.613287 -0.231881
0.035522 0.171509 -0.190674 0.069066 0.333463 -0.370726
-0.012695 0.023804 -0.206421 -0.024683 0.046281 -0.401342
-0.016724 -0.022583 -0.155762 -0.032516 -0.043908 -0.302846
-0.028809 0.006226 -0.071655 -0.056012 0.012104 -0.139319
-0.043457 0.014404 -0.044800 -0.084493 0.028006 -0.087104
-0.039185 -0.015259 -0.054565 -0.076186 -0.029668 -0.106091
-0.007690 -0.062988 -0.079590 -0.014952 -0.122468 -0.154746
-0.002563 -0.105347 -0.110596 -0.004984 -0.204825 -0.215030
-0.020752 -0.110229 -0.152710 -0.040348 -0.214318 -0.296913
-0.058716 -0.094971 -0.182373 -0.114161 -0.184651 -0.354586
-0.087402 -0.114136 -0.175903 -0.169936 -0.221913 -0.342007
-0.073486 -0.122314 -0.141479 -0.142879 -0.237815 -0.275077
-0.060181 -0.108032 -0.104004 -0.117009 -0.210046 -0.202214
-0.061035 -0.106689 -0.085815 -0.118670 -0.207435 -0.166850
-0.033447 -0.109497 -0.083618 -0.065031 -0.212894 -0.162578
-0.008545 -0.099365 -0.107666 -0.016614 -0.193195 -0.209334
-0.000610 -0.103882 -0.125000 -0.001187 -0.201977 -0.243036
-0.017822 -0.087402 -0.150757 -0.034652 -0.169936 -0.293115
-0.045044 -0.027954 -0.170654 -0.087579 -0.054351 -0.331802
-0.034546 -0.048828 -0.173218 -0.067167 -0.094936 -0.336786
-0.023682 -0.052734 -0.161987 -0.046044 -0.102531 -0.314951
-0.020386 0.011841 -0.153687 -0.039636 0.023022 -0.298811
-0.018677 0.011597 -0.155518 -0.036313 0.022547 -0.302372
-0.023926 0.014526 -0.160645 -0.046519 0.028243 -0.312340
-0.025024 0.050781 -0.165283 -0.048655 0.098734 -0.321359
-0.021362 0.033691 -0.172974 -0.041535 0.065506 -0.336311
-0.009521 0.000732 -0.153320 -0.018513 0.001424 -0.298099
0.007935 -0.007813 -0.123779 0.015427 -0.015190 -0.240663
-0.001221 -0.019287 -0.116577 -0.002373 -0.037500 -0.226660
-0.016357 -0.017944 -0.126953 -0.031804 -0.034889 -0.246834
-0.017578 -0.000122 -0.138794 -0.034177 -0.000237 -0.269856
-0.014160 0.003906 -0.147949 -0.027531 0.007595 -0.287656
-0.019287 0.001587 -0.156616 -0.037500 0.003085 -0.304508
-0.015503 0.006592 -0.154785 -0.030142 0.012816 -0.300947
-0.006348 0.018311 -0.148315 -0.012342 0.035601 -0.288368
0.002563 0.014282 -0.144043 0.004984 0.027769 -0.280062
0.009155 0.000610 -0.139893 0.017801 0.001187 -0.271992
0.014160 -0.015015 -0.126343 0.027531 -0.029193 -0.245647
0.003052 0.003540 -0.121094 0.005934 0.006883 -0.235442
-0.021851 0.021362 -0.123779 -0.042484 0.041535 -0.240663
-0.030151 0.008301 -0.127930 -0.058623 0.016139 -0.248733
-0.019165 -0.000977 -0.115723 -0.037262 -0.001899 -0.224999
-0.014282 0.002686 -0.098389 -0.027769 0.005221 -0.191296
-0.005249 0.007080 -0.094482 -0.010206 0.013766 -0.183701
-0.004883 0.012329 -0.108276 -0.009494 0.023971 -0.210521
-0.016357 0.015503 -0.122681 -0.031804 0.030142 -0.238527
-0.006836 0.018433 -0.126221 -0.013291 0.035838 -0.245410
