0.078857 0.145386 -0.191284 0.153322 0.282672 -0.371912
0.111694 0.336548 -0.177734 0.217166 0.654347 -0.345567
0.114380 0.241089 -0.326050 0.222388 0.468747 -0.633936
0.103516 0.112061 -0.320190 0.201265 0.217878 -0.622544
0.095947 0.022949 -0.233643 0.186549 0.044620 -0.454269
0.186890 0.128540 -0.342896 0.363368 0.249919 -0.666689
0.081543 0.194824 -0.463379 0.158543 0.378795 -0.900944
-0.340210 0.259888 -0.162231 -0.661467 0.505297 -0.315425
-0.669189 0.263794 0.174561 -1.301099 0.512892 0.339397
-1.039185 0.439697 0.507813 -2.020478 0.854900 0.987336
-1.306641 0.672974 0.747192 -2.540490 1.308457 1.452760
-1.301025 0.801025 1.011108 -2.529573 1.557427 1.965890
-1.226563 0.965210 1.249756 -2.384795 1.876650 2.429890
-1.178955 1.224731 1.293213 -2.292233 2.381235 2.514383
-1.056763 0.980713 1.165527 -2.054655 1.906792 2.266125
-0.703613 0.519287 0.887451 -1.368029 1.009646 1.725464
-0.410278 0.185303 0.479126 -0.797701 0.360283 0.931561
-0.281250 0.101440 0.238770 -0.546832 0.197230 0.464238
-0.154053 0.132324 0.063477 -0.299523 0.257277 0.123417
-0.063965 0.073853 -0.172607 -0.124366 0.143591 -0.335599
-0.034424 0.086670 -0.462280 -0.066930 0.168512 -0.898808
-0.024902 0.054932 -0.681641 -0.048417 0.106803 -1.325308
-0.002686 -0.020996 -0.893311 -0.005221 -0.040823 -1.736856
0.036865 -0.152466 -1.142334 0.071677 -0.296438 -2.221030
0.075195 -0.122559 -1.400391 0.146202 -0.238290 -2.722768
0.107544 -0.083374 -1.533691 0.209097 -0.162103 -2.981943
0.151123 0.109375 -1.598999 0.293827 0.212657 -3.108920
0.142578 0.387451 -1.578613 0.277213 0.753318 -3.069285
0.201660 0.395508 -1.337158 0.392086 0.768983 -2.599825
0.341064 0.311279 -0.975464 0.663129 0.605218 -1.896586
0.369141 0.196777 -0.649414 0.717717 0.382593 -1.262650
0.311035 0.116089 -0.490234 0.604743 0.225711 -0.953159
0.205200 0.147339 -0.419556 0.398969 0.286470 -0.815739
0.147583 0.145020 -0.294067 0.286944 0.281960 -0.571753
0.116089 0.115356 -0.197144 0.225711 0.224287 -0.383305
0.113281 0.083496 -0.133057 0.220252 0.162341 -0.258701
0.121948 0.041870 -0.098145 0.237103 0.081408 -0.190822
0.080933 0.022583 -0.070313 0.157357 0.043908 -0.136708
0.040771 0.043091 -0.063721 0.079272 0.083781 -0.123892
0.017456 0.046631 -0.058228 0.033940 0.090664 -0.113211
0.000488 0.046753 -0.048584 0.000949 0.090901 -0.094461
-0.009766 0.041016 -0.044800 -0.018987 0.079746 -0.087104
-0.011353 0.054077 -0.057983 -0.022073 0.105142 -0.112737
-0.037109 0.079590 -0.084839 -0.072151 0.154746 -0.164952
-0.014404 0.045776 -0.091797 -0.028006 0.089003 -0.178480
-0.019165 0.014038 -0.082520 -0.037262 0.027294 -0.160442
-0.033325 0.008911 -0.086792 -0.064794 0.017326 -0.168749
-0.020264 -0.002563 -0.088745 -0.039398 -0.004984 -0.172546
-0.013062 0.013916 -0.100464 -0.025395 0.027057 -0.195331
-0.026245 0.016602 -0.103271 -0.051028 0.032278 -0.200790
-0.031006 0.026489 -0.091187 -0.060284 0.051503 -0.177293
-0.029053 0.031372 -0.085327 -0.056487 0.060996 -0.165901
-0.010254 0.010498 -0.102295 -0.019937 0.020411 -0.198891
0.011597 -0.038086 -0.117065 0.022547 -0.074050 -0.227609
-0.008057 -0.090210 -0.131714 -0.015664 -0.175394 -0.256090
-0.028687 -0.113770 -0.131226 -0.055775 -0.221201 -0.255141
-0.032715 -0.056519 -0.119385 -0.063607 -0.109889 -0.232119
-0.080933 -0.021973 -0.095825 -0.157357 -0.042721 -0.186312
-0.105469 0.002930 -0.057983 -0.205062 0.005696 -0.112737
-0.087036 0.015137 -0.028442 -0.169224 0.029430 -0.055300
-0.022705 0.035522 -0.050659 -0.044145 0.069066 -0.098496
0.070801 0.019165 -0.090576 0.137657 0.037262 -0.176106
0.123047 -0.034180 -0.130737 0.239239 -0.066455 -0.254191
0.148926 0.005005 -0.179932 0.289555 0.009731 -0.349840
0.179810 0.085449 -0.175781 0.349602 0.166138 -0.341770
0.210449 0.106079 -0.081421 0.409175 0.206249 -0.158306
0.177612 0.073120 -0.081421 0.345330 0.142167 -0.158306
0.192627 -0.115479 -0.146729 0.374523 -0.224524 -0.285283
0.266968 -0.299438 -0.200684 0.519063 -0.582196 -0.390187
0.280029 -0.239990 -0.198975 0.544459 -0.466611 -0.386865
0.132202 -0.108276 -0.150757 0.257040 -0.210521 -0.293115
0.041748 0.165283 -0.106812 0.081170 0.321359 -0.207673
0.073608 0.279541 -0.028442 0.143116 0.543509 -0.055300
0.085449 0.300903 -0.024536 0.166138 0.585044 -0.047705
0.052002 0.248047 -0.003418 0.101107 0.482275 -0.006646
0.164917 0.036011 -0.222046 0.320647 0.070015 -0.431722
0.185913 -0.115112 -0.220093 0.361469 -0.223812 -0.427925
0.151245 -0.162109 -0.213623 0.294065 -0.315188 -0.415345
0.110840 -0.073853 -0.277466 0.215505 -0.143591 -0.539474
0.061890 -0.019775 -0.277222 0.120332 -0.038449 -0.539000
