0.134521 0.118042 -0.174438 0.261549 0.229508 -0.339159
0.204102 0.269653 -0.165405 0.396833 0.524285 -0.321596
0.088135 0.119629 -0.239624 0.171360 0.232593 -0.465899
0.107178 0.168335 -0.296509 0.208385 0.327292 -0.576500
0.111206 0.152344 -0.316040 0.216217 0.296201 -0.614474
0.053223 0.210083 -0.456787 0.103480 0.408463 -0.888127
-0.172485 0.186157 -0.457520 -0.335362 0.361944 -0.889551
-0.484253 0.194336 -0.236938 -0.941529 0.377846 -0.460678
-0.751343 0.395508 0.001953 -1.460829 0.768983 0.003797
-0.885132 0.466553 0.364746 -1.720954 0.907115 0.709173
-1.080688 0.441406 0.613525 -2.101174 0.858222 1.192872
-1.447632 0.570801 0.801636 -2.814618 1.109803 1.558614
-1.680542 0.658203 1.264160 -3.267464 1.279739 2.457896
-1.202515 0.866089 1.402832 -2.338039 1.683929 2.727515
-0.697021 0.700195 0.998535 -1.355213 1.361384 1.941444
-0.304077 0.111816 0.506592 -0.591215 0.217404 0.984962
0.023193 -0.168823 0.184204 0.045095 -0.328242 0.358146
0.287598 -0.191895 -0.077637 0.559174 -0.373099 -0.150948
0.386108 -0.099243 -0.382568 0.750707 -0.192958 -0.743824
0.415649 0.056274 -0.603638 0.808144 0.109414 -1.173648
0.317627 0.090210 -0.726196 0.617559 0.175394 -1.411937
0.121704 -0.028442 -0.864624 0.236628 -0.055300 -1.681081
0.012695 0.018311 -1.028809 0.024683 0.035601 -2.000304
-0.078247 0.235596 -1.182617 -0.152135 0.458067 -2.299353
-0.096191 0.411133 -1.314941 -0.187024 0.799362 -2.556630
-0.069702 0.452637 -1.345215 -0.135521 0.880058 -2.615490
-0.041992 0.463257 -1.358154 -0.081645 0.900706 -2.640648
0.108398 0.462646 -1.176392 0.210758 0.899520 -2.287248
0.228882 0.292847 -0.923706 0.445013 0.569379 -1.795954
0.238647 0.145386 -0.696289 0.464000 0.282672 -1.353789
0.238770 0.072021 -0.467773 0.464238 0.140031 -0.909488
0.201538 -0.018311 -0.302734 0.391849 -0.035601 -0.588604
0.159424 -0.105591 -0.183838 0.309966 -0.205299 -0.357434
0.115845 -0.109497 -0.099731 0.225236 -0.212894 -0.193907
0.052979 -0.073730 -0.044067 0.103006 -0.143354 -0.085680
0.016968 -0.008911 -0.008301 0.032990 -0.017326 -0.016139
-0.013428 0.012573 0.000488 -0.026107 0.024446 0.000949
-0.022461 0.011719 -0.022705 -0.043671 0.022785 -0.044145
-0.002075 0.050659 -0.077515 -0.004035 0.098496 -0.150711
0.007202 0.087524 -0.110718 0.014003 0.170173 -0.215268
0.022095 0.086060 -0.109985 0.042959 0.167325 -0.213844
0.028687 0.065552 -0.092163 0.055775 0.127452 -0.179192
0.013428 0.037231 -0.075562 0.026107 0.072389 -0.146914
-0.009888 0.050659 -0.100708 -0.019225 0.098496 -0.195806
-0.018555 0.068726 -0.103516 -0.036076 0.133623 -0.201265
-0.036621 0.050049 -0.078857 -0.071202 0.097310 -0.153322
-0.063232 0.041992 -0.047485 -0.122942 0.081645 -0.092325
-0.039917 0.050781 -0.041138 -0.077610 0.098734 -0.079984
-0.018188 0.036011 -0.038452 -0.035364 0.070015 -0.074762
0.015991 0.036987 -0.043091 0.031092 0.071914 -0.083781
0.010986 0.014282 -0.037964 0.021361 0.027769 -0.073813
-0.008301 0.010986 -0.054810 -0.016139 0.021361 -0.106566
0.000488 -0.008545 -0.055542 0.000949 -0.016614 -0.107990
0.019043 -0.027954 -0.044678 0.037025 -0.054351 -0.086867
0.034668 -0.044189 -0.051270 0.067405 -0.085917 -0.099683
0.034668 -0.080078 -0.052979 0.067405 -0.155695 -0.103006
0.031616 -0.089966 -0.080200 0.061471 -0.174920 -0.155933
0.030273 -0.059204 -0.105347 0.058860 -0.115110 -0.204825
0.036011 -0.006470 -0.100098 0.070015 -0.012579 -0.194619
0.037476 0.045044 -0.072266 0.072863 0.087579 -0.140505
0.027954 0.049194 -0.052124 0.054351 0.095648 -0.101344
0.003052 0.022949 -0.048096 0.005934 0.044620 -0.093512
-0.019043 0.004761 -0.045288 -0.037025 0.009256 -0.088053
-0.035034 -0.015137 -0.056641 -0.068117 -0.029430 -0.110126
-0.041748 -0.036743 -0.064331 -0.081170 -0.071439 -0.125078
-0.029907 -0.039185 -0.063477 -0.058148 -0.076186 -0.123417
-0.020752 -0.046387 -0.083130 -0.040348 -0.090189 -0.161629
-0.008911 -0.045776 -0.106567 -0.017326 -0.089003 -0.207198
0.003540 -0.005859 -0.135620 0.006883 -0.011392 -0.263685
0.007324 0.009155 -0.164429 0.014240 0.017801 -0.319697
0.004517 0.009888 -0.180542 0.008782 0.019225 -0.351026
-0.012695 0.020630 -0.162720 -0.024683 0.040111 -0.316375
-0.031250 0.012817 -0.125977 -0.060759 0.024921 -0.244935
-0.043213 0.008667 -0.104980 -0.084018 0.016851 -0.204113
-0.051025 0.003052 -0.095459 -0.099208 0.005934 -0.185600
-0.047974 0.002319 -0.078613 -0.093275 0.004509 -0.152847
-0.055298 -0.008301 -0.086304 -0.107515 -0.016139 -0.167800
-0.043213 -0.012939 -0.098511 -0.084018 -0.025158 -0.191534
-0.048828 -0.014160 -0.103516 -0.094936 -0.027531 -0.201265
-0.046997 -0.012939 -0.104980 -0.091376 -0.025158 -0.204113
