-0.118286 -0.000366 -0.043945 -0.229983 -0.000712 -0.085443
-0.210571 0.038818 -0.174561 -0.409412 0.075474 -0.339397
-0.176758 0.067627 -0.221069 -0.343669 0.131487 -0.429823
-0.130737 0.068848 -0.233032 -0.254191 0.133860 -0.453083
-0.112549 0.036133 -0.152832 -0.218828 0.070253 -0.297150
-0.179932 0.365723 -0.122070 -0.349840 0.711071 -0.237340
-0.612183 0.748535 -0.101929 -1.190261 1.455371 -0.198179
-0.927368 0.652710 0.095581 -1.803074 1.269058 0.185837
-1.203125 0.310547 0.253540 -2.339226 0.603794 0.492956
-1.377808 0.029663 0.600464 -2.678860 0.057674 1.167477
-1.439087 -0.131714 0.700928 -2.798005 -0.256090 1.362808
-1.225342 -0.161377 0.764893 -2.382422 -0.313764 1.487174
-0.954224 -0.200439 0.890869 -1.855289 -0.389713 1.732109
-0.919434 -0.224609 1.163818 -1.787647 -0.436706 2.262802
-0.882080 -0.354736 1.320801 -1.715021 -0.689711 2.568022
-0.580200 -0.048584 1.186401 -1.128078 -0.094461 2.306710
-0.222534 0.424805 0.698730 -0.432671 0.825944 1.358536
-0.141968 0.416260 0.227417 -0.276027 0.809330 0.442165
-0.130737 0.347534 0.013916 -0.254191 0.675708 0.027057
-0.097168 0.328369 -0.201172 -0.188923 0.638445 -0.391137
-0.071533 0.211182 -0.487427 -0.139081 0.410599 -0.947700
-0.046997 0.218750 -0.796021 -0.091376 0.425314 -1.547696
-0.056396 0.288696 -1.121338 -0.109651 0.561310 -2.180208
-0.067139 0.280396 -1.352417 -0.130537 0.545171 -2.629493
-0.015137 0.408081 -1.489502 -0.029430 0.793429 -2.896026
-0.040894 0.706299 -1.643311 -0.079509 1.373251 -3.195075
-0.169434 0.776489 -1.767822 -0.329428 1.509722 -3.437162
-0.122925 0.633301 -1.709351 -0.239002 1.231321 -3.323476
0.047607 0.408447 -1.506470 0.092563 0.794141 -2.929016
0.170532 0.361938 -1.195435 0.331564 0.703714 -2.324273
0.203613 0.361694 -0.827393 0.395884 0.703239 -1.608692
0.172974 0.229004 -0.519287 0.336311 0.445250 -1.009646
0.110840 0.133301 -0.339478 0.215505 0.259176 -0.660043
0.051147 0.118042 -0.211548 0.099446 0.229508 -0.411311
0.013550 0.069092 -0.078369 0.026345 0.134335 -0.152372
-0.010620 0.026123 -0.037476 -0.020649 0.050791 -0.072863
-0.051147 0.016724 -0.036011 -0.099446 0.032516 -0.070015
-0.094238 0.008057 -0.026123 -0.183227 0.015664 -0.050791
-0.134033 -0.025146 0.007446 -0.260600 -0.048892 0.014478
-0.148193 -0.036011 0.027100 -0.288131 -0.070015 0.052690
-0.111816 -0.029053 0.032959 -0.217404 -0.056487 0.064082
-0.070679 -0.033447 0.025757 -0.137420 -0.065031 0.050079
-0.039185 -0.022583 -0.008545 -0.076186 -0.043908 -0.016614
-0.031860 -0.036377 -0.049683 -0.061946 -0.070727 -0.096597
-0.015137 -0.070313 -0.058228 -0.029430 -0.136708 -0.113211
0.001831 -0.071045 -0.052368 0.003560 -0.138132 -0.101819
0.018066 -0.064941 -0.071411 0.035126 -0.126265 -0.138844
0.032837 -0.056396 -0.095215 0.063845 -0.109651 -0.185125
0.029175 -0.044678 -0.090210 0.056724 -0.086867 -0.175394
0.026733 -0.035645 -0.060791 0.051978 -0.069303 -0.118195
0.023438 -0.027344 -0.047119 0.045569 -0.053164 -0.091613
0.013794 -0.048950 -0.057007 0.026819 -0.095173 -0.110838
0.004883 -0.028931 -0.064697 0.009494 -0.056250 -0.125790
0.001587 -0.019409 -0.092163 0.003085 -0.037737 -0.179192
-0.002930 -0.020874 -0.096924 -0.005696 -0.040585 -0.188448
-0.011475 -0.008423 -0.116089 -0.022310 -0.016376 -0.225711
-0.007935 -0.010742 -0.125244 -0.015427 -0.020886 -0.243511
0.000366 -0.009766 -0.128906 0.000712 -0.018987 -0.250631
-0.005371 0.003418 -0.130981 -0.010443 0.006646 -0.254666
-0.010010 0.008667 -0.116455 -0.019462 0.016851 -0.226423
-0.000488 0.023315 -0.102173 -0.000949 0.045332 -0.198654
0.027222 0.015259 -0.093994 0.052927 0.029668 -0.182752
0.038330 -0.014160 -0.082886 0.074525 -0.027531 -0.161154
0.045532 -0.015625 -0.076050 0.088528 -0.030380 -0.147863
0.052734 -0.034302 -0.081299 0.102531 -0.066693 -0.158069
0.060303 -0.049683 -0.089111 0.117246 -0.096597 -0.173258
0.071777 -0.063354 -0.102173 0.139556 -0.123180 -0.198654
0.080200 -0.093994 -0.120117 0.155933 -0.182752 -0.233543
0.071533 -0.135010 -0.153564 0.139081 -0.262498 -0.298574
0.052734 -0.139160 -0.183472 0.102531 -0.270568 -0.356722
0.045898 -0.112305 -0.167725 0.089240 -0.218353 -0.326106
0.044922 -0.077881 -0.140137 0.087341 -0.151423 -0.272467
0.036133 -0.036987 -0.114380 0.070253 -0.071914 -0.222388
0.036743 0.009277 -0.088623 0.071439 0.018038 -0.172309
0.029175 0.039063 -0.097168 0.056724 0.075949 -0.188923
0.024414 0.035034 -0.106201 0.047468 0.068117 -0.206486
0.028076 0.023315 -0.100708 0.054588 0.045332 -0.195806
0.008789 0.033936 -0.104004 0.017089 0.065981 -0.202214
-0.017700 0.041992 -0.109619 -0.034414 0.081645 -0.213132
-0.026855 0.027588 -0.129150 -0.052215 0.053639 -0.251106
