0.176880 -0.068604 -0.193970 0.343906 -0.133385 -0.377134
0.035400 -0.109253 -0.187500 0.068829 -0.212420 -0.364555
-0.022949 -0.111450 -0.207397 -0.044620 -0.216692 -0.403241
-0.050781 -0.067261 -0.229858 -0.098734 -0.130774 -0.446912
-0.054565 -0.150391 -0.149292 -0.106091 -0.292403 -0.290267
-0.043945 0.013550 -0.172974 -0.085443 0.026345 -0.336311
-0.219604 0.353638 -0.352417 -0.426975 0.687575 -0.685201
-0.547119 0.392578 -0.064209 -1.063759 0.763286 -0.124841
-0.916748 0.235352 0.276855 -1.782426 0.457592 0.538288
-1.196899 0.370361 0.262695 -2.327121 0.720090 0.510756
-1.241089 0.172607 0.309570 -2.413039 0.335599 0.601895
-1.109619 -0.170898 0.566650 -2.157423 -0.332276 1.101734
-0.928833 -0.771484 0.818726 -1.805922 -1.499991 1.591841
-0.697388 -1.109375 1.033936 -1.355925 -2.156949 2.010272
-0.669556 -0.863037 1.215332 -1.301811 -1.677996 2.362960
-0.735718 -0.236816 1.119629 -1.430450 -0.460440 2.176885
-0.654907 0.078003 0.905762 -1.273331 0.151660 1.761065
-0.398682 0.072021 0.691772 -0.775153 0.140031 1.345007
-0.124268 0.115723 0.347168 -0.241612 0.224999 0.674996
0.306519 0.412842 -0.082031 0.595961 0.802685 -0.159493
-0.047241 -0.024780 -0.191528 -0.091851 -0.048180 -0.372387
-0.038208 0.230347 -0.282104 -0.074288 0.447861 -0.548493
0.109985 0.559692 -0.474609 0.213844 1.088205 -0.922779
0.159912 0.589233 -0.707275 0.310916 1.145642 -1.375150
0.172485 0.452881 -0.940674 0.335362 0.880532 -1.828944
0.205078 0.354370 -1.156738 0.398732 0.688999 -2.249037
0.196533 0.310791 -1.249634 0.382118 0.604268 -2.429652
0.093872 0.318481 -1.210327 0.182515 0.619221 -2.353229
0.014526 0.345703 -1.100098 0.028243 0.672148 -2.138911
-0.044067 0.376099 -0.984375 -0.085680 0.731245 -1.913912
-0.100098 0.277832 -0.838867 -0.194619 0.540186 -1.631002
-0.085693 0.222656 -0.678711 -0.166613 0.432909 -1.319612
-0.058472 0.220459 -0.546509 -0.113686 0.428637 -1.062572
-0.060303 0.205566 -0.418823 -0.117246 0.399681 -0.814315
-0.006714 0.113647 -0.352295 -0.013054 0.220964 -0.684964
0.045532 0.051147 -0.274658 0.088528 0.099446 -0.534016
0.053589 0.067383 -0.213989 0.104192 0.131012 -0.416058
0.037598 0.067139 -0.207153 0.073101 0.130537 -0.402766
0.078369 0.020874 -0.177246 0.152372 0.040585 -0.344618
0.104614 0.032593 -0.153687 0.203401 0.063370 -0.298811
0.053711 0.060791 -0.147217 0.104430 0.118195 -0.286232
0.023682 0.037354 -0.129028 0.046044 0.072626 -0.250869
0.002808 0.019775 -0.128296 0.005459 0.038449 -0.249445
-0.022217 0.008789 -0.142822 -0.043196 0.017089 -0.277688
-0.023682 0.005371 -0.136475 -0.046044 0.010443 -0.265346
-0.029541 0.002075 -0.123169 -0.057436 0.004035 -0.239476
-0.021851 0.007080 -0.096802 -0.042484 0.013766 -0.188211
-0.037354 0.019043 -0.090454 -0.072626 0.037025 -0.175869
-0.046875 0.027954 -0.090820 -0.091139 0.054351 -0.176581
-0.025879 0.004028 -0.081421 -0.050316 0.007832 -0.158306
-0.012573 -0.000732 -0.079590 -0.024446 -0.001424 -0.154746
-0.024902 -0.007202 -0.098389 -0.048417 -0.014003 -0.191296
-0.020630 0.011963 -0.111572 -0.040111 0.023259 -0.216929
-0.014771 0.017334 -0.114868 -0.028718 0.033702 -0.223337
-0.011353 0.016724 -0.109619 -0.022073 0.032516 -0.213132
-0.015991 0.027832 -0.111938 -0.031092 0.054114 -0.217641
-0.016602 0.033447 -0.122437 -0.032278 0.065031 -0.238052
-0.017212 0.006470 -0.123413 -0.033465 0.012579 -0.239951
-0.003540 0.000488 -0.093262 -0.006883 0.000949 -0.181328
-0.000122 -0.015137 -0.087280 -0.000237 -0.029430 -0.169698
0.006348 -0.036255 -0.092041 0.012342 -0.070490 -0.178955
0.014038 -0.047485 -0.082764 0.027294 -0.092325 -0.160917
-0.001709 -0.032349 -0.097412 -0.003323 -0.062895 -0.189398
-0.020386 -0.008423 -0.126221 -0.039636 -0.016376 -0.245410
-0.012329 0.000122 -0.123779 -0.023971 0.000237 -0.240663
-0.012329 -0.003906 -0.114502 -0.023971 -0.007595 -0.222625
-0.008057 -0.008667 -0.112549 -0.015664 -0.016851 -0.218828
-0.006470 0.000854 -0.115479 -0.012579 0.001661 -0.224524
-0.010132 0.010376 -0.125488 -0.019699 0.020174 -0.243986
-0.022705 0.004395 -0.116577 -0.044145 0.008544 -0.226660
-0.022705 0.007446 -0.110107 -0.044145 0.014478 -0.214081
-0.014771 0.000488 -0.118774 -0.028718 0.000949 -0.230932
-0.010498 0.008423 -0.108765 -0.020411 0.016376 -0.211470
-0.019653 0.019531 -0.110229 -0.038212 0.037974 -0.214318
-0.015381 0.021973 -0.114624 -0.029905 0.042721 -0.222863
-0.010010 0.015137 -0.129272 -0.019462 0.029430 -0.251343
-0.009277 0.023682 -0.123779 -0.018038 0.046044 -0.240663
-0.011353 0.024414 -0.120483 -0.022073 0.047468 -0.234255
-0.003540 0.015137 -0.122314 -0.006883 0.029430 -0.237815
-0.010010 0.016968 -0.125732 -0.019462 0.032990 -0.244460
