0.257080 0.484985 -0.147705 0.499839 0.942953 -0.287182
0.113037 0.434570 -0.245483 0.219777 0.844931 -0.477291
-0.249146 0.363403 -0.312622 -0.484412 0.706562 -0.607828
-0.207886 0.321045 -0.394287 -0.404191 0.624205 -0.766609
-0.122192 -0.209839 -0.506470 -0.237578 -0.407988 -0.984725
-0.203491 -1.064453 -0.692993 -0.395646 -2.069607 -1.347381
-0.440796 -0.492676 -0.786011 -0.857036 -0.957905 -1.528234
-0.583984 -0.041870 -0.343262 -1.135436 -0.081408 -0.667401
-0.753296 0.207153 0.265381 -1.464627 0.402766 0.515978
-0.840332 0.161255 0.743774 -1.633851 0.313527 1.446114
-0.956421 -0.251953 1.145020 -1.859561 -0.489870 2.226252
-0.856689 -0.312988 1.538574 -1.665654 -0.608540 2.991437
-1.153564 0.101807 1.615845 -2.242866 0.197942 3.141673
-1.037231 0.714722 1.535034 -2.016680 1.389627 2.984554
-0.780640 0.407837 1.106689 -1.517791 0.792954 2.151727
-0.571899 0.105469 0.477905 -1.111939 0.205062 0.929187
-0.277588 0.189819 -0.061279 -0.539712 0.369064 -0.119145
0.149048 0.429321 -0.489380 0.289792 0.834726 -0.951497
0.389893 0.384644 -0.797974 0.758065 0.747859 -1.551493
0.371948 0.298706 -1.065063 0.723176 0.580772 -2.070794
0.294678 0.267334 -1.187866 0.572939 0.519775 -2.309558
0.252441 0.324707 -1.279663 0.490820 0.631325 -2.488038
0.167847 0.376831 -1.322144 0.326343 0.732669 -2.570633
0.098145 0.313477 -1.321411 0.190822 0.609490 -2.569209
0.070557 0.216553 -1.255859 0.137183 0.421042 -2.441757
0.043945 0.237549 -1.055054 0.085443 0.461864 -2.051332
0.104004 0.366699 -0.823242 0.202214 0.712970 -1.600623
0.002563 0.286621 -0.570923 0.004984 0.557275 -1.110041
-0.065674 0.260620 -0.248413 -0.127689 0.506721 -0.482987
-0.032471 0.235107 -0.160278 -0.063133 0.457117 -0.311628
-0.075195 0.131958 -0.078979 -0.146202 0.256565 -0.153559
-0.074829 0.047485 -0.037476 -0.145490 0.092325 -0.072863
-0.025757 0.044678 -0.054688 -0.050079 0.086867 -0.106328
0.021973 0.017944 -0.084595 0.042721 0.034889 -0.164477
0.050293 0.019775 -0.055908 0.097784 0.038449 -0.108702
0.011230 0.021851 -0.032837 0.021835 0.042484 -0.063845
-0.016846 -0.004761 -0.010376 -0.032753 -0.009256 -0.020174
-0.032837 -0.040771 -0.005249 -0.063845 -0.079272 -0.010206
-0.052002 0.009155 -0.033325 -0.101107 0.017801 -0.064794
-0.071533 0.052734 -0.058472 -0.139081 0.102531 -0.113686
-0.062256 -0.002808 -0.088867 -0.121044 -0.005459 -0.172784
-0.048828 -0.010742 -0.115967 -0.094936 -0.020886 -0.225473
-0.045044 -0.026123 -0.111816 -0.087579 -0.050791 -0.217404
-0.034424 -0.059570 -0.086670 -0.066930 -0.115822 -0.168512
-0.015625 -0.045166 -0.082642 -0.030380 -0.087816 -0.160679
-0.028320 -0.021484 -0.107422 -0.055063 -0.041772 -0.208859
-0.040161 -0.027222 -0.123291 -0.078085 -0.052927 -0.239714
-0.052490 0.010010 -0.120483 -0.102056 0.019462 -0.234255
-0.060547 0.062866 -0.137085 -0.117721 0.122230 -0.266533
-0.075806 0.030273 -0.175903 -0.147388 0.058860 -0.342007
-0.069702 -0.016968 -0.153442 -0.135521 -0.032990 -0.298337
-0.043701 0.037964 -0.106812 -0.084968 0.073813 -0.207673
-0.031494 0.004639 -0.101685 -0.061234 0.009019 -0.197704
-0.024536 0.007935 -0.102417 -0.047705 0.015427 -0.199128
-0.007446 0.009766 -0.100586 -0.014478 0.018987 -0.195568
0.004150 0.017578 -0.099121 0.008070 0.034177 -0.192720
0.017578 0.049316 -0.129395 0.034177 0.095885 -0.251581
0.001099 0.009644 -0.152710 0.002136 0.018750 -0.296913
-0.016235 0.005371 -0.141602 -0.031566 0.010443 -0.275315
-0.030518 0.008423 -0.117798 -0.059335 0.016376 -0.229033
-0.051025 0.024048 -0.111450 -0.099208 0.046756 -0.216692
-0.041748 0.014526 -0.109863 -0.081170 0.028243 -0.213606
-0.029053 0.000000 -0.107300 -0.056487 0.000000 -0.208622
-0.007202 0.014893 -0.125610 -0.014003 0.028956 -0.244223
0.018066 0.035645 -0.131104 0.035126 0.069303 -0.254903
0.037598 0.076782 -0.128540 0.073101 0.149287 -0.249919
0.037109 0.082764 -0.130371 0.072151 0.160917 -0.253479
-0.009155 0.084229 -0.139526 -0.017801 0.163765 -0.271280
-0.048218 0.065430 -0.155396 -0.093749 0.127214 -0.302134
-0.036011 -0.006958 -0.151123 -0.070015 -0.013528 -0.293827
-0.013794 -0.037964 -0.128174 -0.026819 -0.073813 -0.249207
-0.010498 -0.027222 -0.108276 -0.020411 -0.052927 -0.210521
0.005737 -0.018188 -0.091187 0.011155 -0.035364 -0.177293
0.023315 -0.006958 -0.070313 0.045332 -0.013528 -0.136708
0.017578 -0.023682 -0.042480 0.034177 -0.046044 -0.082594
-0.015869 -0.018188 -0.022461 -0.030854 -0.035364 -0.043671
-0.023682 -0.013550 -0.035889 -0.046044 -0.026345 -0.069778
-0.043579 -0.019531 -0.086548 -0.084730 -0.037974 -0.168274
-0.081665 0.002808 -0.104248 -0.158781 0.005459 -0.202689
-0.112305 -0.009644 -0.094482 -0.218353 -0.018750 -0.183701
