0.388428 0.189819 -0.364136 0.755217 0.369064 -0.707986
0.314087 0.462891 -0.382690 0.610677 0.899994 -0.744062
0.185913 0.328735 -0.360962 0.361469 0.639157 -0.701815
0.067993 0.086670 -0.328247 0.132199 0.168512 -0.638208
-0.010132 -0.230103 -0.266602 -0.019699 -0.447386 -0.518351
0.006836 -0.481323 -0.254761 0.013291 -0.935833 -0.495329
0.027832 -0.240967 -0.318115 0.054114 -0.468510 -0.618509
-0.204956 -0.007935 -0.227173 -0.398494 -0.015427 -0.441690
-0.412231 0.072754 -0.053711 -0.801498 0.141455 -0.104430
-0.678589 0.120361 0.071655 -1.319375 0.234018 0.139319
-0.971191 0.173584 0.296997 -1.888279 0.337498 0.577449
-1.157349 -0.093140 0.578003 -2.250223 -0.181091 1.123806
-1.479858 0.042725 0.851929 -2.877276 0.083069 1.656398
-1.882080 0.165649 1.180176 -3.659312 0.322071 2.294606
-1.815552 -0.020508 1.291626 -3.529962 -0.039873 2.511297
-1.190063 -0.019897 1.288452 -2.313830 -0.038686 2.505127
-0.605225 0.350708 1.289551 -1.176733 0.681879 2.507263
-0.343018 0.671997 1.144409 -0.666926 1.306558 2.225065
-0.141357 0.547852 0.682739 -0.274840 1.065183 1.327444
0.053711 0.452515 0.378296 0.104430 0.879820 0.735518
-0.003906 0.529663 0.126099 -0.007595 1.029819 0.245173
-0.145020 0.380005 -0.209839 -0.281960 0.738840 -0.407988
-0.108643 0.344360 -0.372681 -0.211233 0.669537 -0.724600
-0.094727 0.374512 -0.541870 -0.184176 0.728160 -1.053554
-0.145996 0.299194 -0.854980 -0.283859 0.581721 -1.662331
-0.155273 0.116211 -1.255859 -0.301897 0.225948 -2.441757
-0.008057 -0.036621 -1.650391 -0.015664 -0.071202 -3.208841
0.187744 0.079224 -1.968872 0.365029 0.154034 -3.828061
0.234619 0.440674 -2.104492 0.456168 0.856798 -4.091746
0.265503 0.788330 -2.068848 0.516215 1.532744 -4.022443
0.389160 0.653931 -1.892822 0.756641 1.271432 -3.680198
0.608643 0.443848 -1.629395 1.183379 0.862969 -3.168018
0.427734 0.547241 -1.093750 0.831640 1.063997 -2.126569
0.204224 0.573364 -0.563965 0.397070 1.114787 -1.096512
0.046509 0.220703 -0.284058 0.090427 0.429111 -0.552291
-0.079834 0.007813 -0.130615 -0.155221 0.015190 -0.253954
-0.202637 -0.084839 -0.075439 -0.393985 -0.164952 -0.146676
-0.233643 -0.145874 0.023193 -0.454269 -0.283622 0.045095
-0.277466 -0.142578 0.085938 -0.539474 -0.277213 0.167088
-0.333374 -0.083618 0.087280 -0.648176 -0.162578 0.169698
-0.332520 -0.037476 0.077026 -0.646515 -0.072863 0.149762
-0.271362 -0.019897 0.026001 -0.527607 -0.038686 0.050553
-0.126831 -0.034058 -0.043457 -0.246597 -0.066218 -0.084493
-0.011963 -0.047607 -0.057251 -0.023259 -0.092563 -0.111313
0.006104 -0.057129 -0.074341 0.011867 -0.111075 -0.144540
0.021240 -0.107544 -0.105103 0.041297 -0.209097 -0.204350
0.036987 -0.112061 -0.088623 0.071914 -0.217878 -0.172309
0.027222 -0.069214 -0.094727 0.052927 -0.134572 -0.184176
-0.001343 -0.031860 -0.094482 -0.002611 -0.061946 -0.183701
-0.032349 -0.038452 -0.060303 -0.062895 -0.074762 -0.117246
-0.048218 -0.033569 -0.012451 -0.093749 -0.065269 -0.024209
-0.050903 -0.027100 -0.005249 -0.098971 -0.052690 -0.010206
-0.043579 -0.038574 -0.044922 -0.084730 -0.075000 -0.087341
-0.031372 -0.048706 -0.080200 -0.060996 -0.094699 -0.155933
-0.021729 -0.055908 -0.091675 -0.042247 -0.108702 -0.178243
-0.012207 -0.055664 -0.080933 -0.023734 -0.108227 -0.157357
-0.007690 -0.050537 -0.062134 -0.014952 -0.098259 -0.120806
-0.015381 -0.030762 -0.061157 -0.029905 -0.059810 -0.118907
-0.028687 -0.012817 -0.074829 -0.055775 -0.024921 -0.145490
-0.027832 0.005615 -0.087280 -0.054114 0.010918 -0.169698
-0.034668 -0.004883 -0.071045 -0.067405 -0.009494 -0.138132
-0.051514 -0.019043 -0.066528 -0.100158 -0.037025 -0.129350
-0.065796 -0.022461 -0.063110 -0.127926 -0.043671 -0.122705
-0.068237 -0.017090 -0.072754 -0.132673 -0.033228 -0.141455
-0.074585 -0.010254 -0.084229 -0.145015 -0.019937 -0.163765
-0.090088 -0.013306 -0.083252 -0.175157 -0.025870 -0.161866
-0.094360 -0.024048 -0.079102 -0.183464 -0.046756 -0.153797
-0.091064 -0.031860 -0.076050 -0.177056 -0.061946 -0.147863
-0.075684 -0.037842 -0.062622 -0.147151 -0.073575 -0.121756
-0.079590 -0.039917 -0.066528 -0.154746 -0.077610 -0.129350
-0.087524 -0.040771 -0.062500 -0.170173 -0.079272 -0.121518
-0.066284 -0.027100 -0.062866 -0.128876 -0.052690 -0.122230
-0.023560 -0.035156 -0.061157 -0.045807 -0.068354 -0.118907
0.023804 -0.041748 -0.049805 0.046281 -0.081170 -0.096835
0.052612 -0.043945 -0.057861 0.102294 -0.085443 -0.112499
0.065430 -0.053711 -0.094604 0.127214 -0.104430 -0.183939
0.062256 -0.074341 -0.123291 0.121044 -0.144540 -0.239714
0.054565 -0.058350 -0.121460 0.106091 -0.113449 -0.236154
0.053711 -0.040649 -0.105469 0.104430 -0.079034 -0.205062
0.056763 -0.041504 -0.081665 0.110363 -0.080696 -0.158781
