0.030396 0.198975 -0.608765 0.059098 0.386865 -1.183616
-0.129639 0.202271 -0.555054 -0.252055 0.393273 -1.079186
-0.473267 0.281738 -0.508789 -0.920168 0.547781 -0.989234
-0.530151 0.499023 -0.327515 -1.030769 0.970247 -0.636784
-0.289551 0.178589 0.033936 -0.562971 0.347229 0.065981
-0.150879 -0.005493 0.184570 -0.293353 -0.010680 0.358858
-0.386475 -0.072510 0.302002 -0.751419 -0.140980 0.587180
-0.734131 -0.123291 0.683350 -1.427364 -0.239714 1.328631
-0.891724 0.002441 1.163330 -1.733771 0.004747 2.261853
-0.879639 0.035400 1.472534 -1.710274 0.068829 2.863036
-1.051025 0.102051 1.275757 -2.043500 0.198416 2.480443
-1.015137 -0.066528 1.417236 -1.973722 -0.129350 2.755521
-0.752930 -0.132446 1.555420 -1.463915 -0.257514 3.024190
-0.605591 0.102295 1.511475 -1.177445 0.198891 2.938747
-0.447998 0.292603 1.275269 -0.871039 0.568905 2.479494
-0.486084 0.413208 0.896606 -0.945089 0.803397 1.743264
-0.470947 0.528687 0.481201 -0.915659 1.027921 0.935595
-0.306274 0.538940 0.142334 -0.595487 1.047857 0.276739
-0.147461 0.415771 -0.112061 -0.286707 0.808381 -0.217878
-0.019043 0.256592 -0.280640 -0.037025 0.498889 -0.545645
0.086670 0.231323 -0.426514 0.168512 0.449760 -0.829267
0.112427 0.309082 -0.649414 0.218590 0.600946 -1.262650
0.064575 0.306519 -0.928101 0.125553 0.595961 -1.804498
0.057495 0.300781 -1.189453 0.111787 0.584806 -2.312644
0.084473 0.328735 -1.383179 0.164239 0.639157 -2.689303
0.171997 0.395752 -1.542969 0.334412 0.769457 -2.999981
0.218628 0.548950 -1.705566 0.425076 1.067319 -3.316118
0.212280 0.667114 -1.740723 0.412735 1.297065 -3.384472
0.258545 0.719360 -1.579102 0.502687 1.398646 -3.070234
0.315430 0.693970 -1.288574 0.613287 1.349280 -2.505364
0.293335 0.599731 -1.038574 0.570329 1.166053 -2.019291
0.240601 0.535889 -0.745728 0.467798 1.041924 -1.449912
0.212769 0.439941 -0.440063 0.413684 0.855374 -0.855612
0.168701 0.329224 -0.264893 0.328004 0.640107 -0.515028
0.258911 0.213989 -0.207520 0.503399 0.416058 -0.403478
0.337769 0.067871 -0.229492 0.656721 0.131961 -0.446200
0.264526 -0.071045 -0.234253 0.514316 -0.138132 -0.455456
0.151367 -0.115356 -0.198120 0.294302 -0.224287 -0.385203
0.077515 -0.023804 -0.150635 0.150711 -0.046281 -0.292878
0.043701 0.095459 -0.092041 0.084968 0.185600 -0.178955
0.002930 0.131226 -0.042847 0.005696 0.255141 -0.083306
-0.026001 0.149414 -0.017334 -0.050553 0.290505 -0.033702
-0.030640 0.131348 -0.037109 -0.059572 0.255378 -0.072151
-0.017456 0.089722 -0.063110 -0.033940 0.174445 -0.122705
-0.011841 0.057251 -0.074829 -0.023022 0.111313 -0.145490
-0.012085 0.056519 -0.063232 -0.023497 0.109889 -0.122942
-0.007935 0.066284 -0.034424 -0.015427 0.128876 -0.066930
0.011841 0.062622 -0.030762 0.023022 0.121756 -0.059810
0.027832 0.030273 -0.033569 0.054114 0.058860 -0.065269
0.045166 -0.008911 -0.021606 0.087816 -0.017326 -0.042009
0.074219 -0.004761 -0.023926 0.144303 -0.009256 -0.046519
0.094604 0.016968 -0.068604 0.183939 0.032990 -0.133385
0.087280 0.045776 -0.134155 0.169698 0.089003 -0.260837
0.070923 0.062500 -0.178345 0.137895 0.121518 -0.346754
0.051392 0.039917 -0.155640 0.099920 0.077610 -0.302609
0.026733 0.036987 -0.106934 0.051978 0.071914 -0.207910
0.000732 0.025391 -0.094482 0.001424 0.049367 -0.183701
-0.029541 -0.006226 -0.098022 -0.057436 -0.012104 -0.190584
-0.046387 -0.011475 -0.093994 -0.090189 -0.022310 -0.182752
-0.058350 -0.013916 -0.069458 -0.113449 -0.027057 -0.135047
-0.087646 -0.028809 -0.045776 -0.170410 -0.056012 -0.089003
-0.085327 -0.030029 -0.028076 -0.165901 -0.058386 -0.054588
-0.070801 -0.023071 -0.062622 -0.137657 -0.044857 -0.121756
-0.066284 -0.031738 -0.117432 -0.128876 -0.061708 -0.228321
-0.056763 -0.080078 -0.161743 -0.110363 -0.155695 -0.314476
-0.045044 -0.126099 -0.176392 -0.087579 -0.245173 -0.342957
-0.062744 -0.134399 -0.206909 -0.121993 -0.261312 -0.402292
-0.083374 -0.130737 -0.213013 -0.162103 -0.254191 -0.414159
-0.079224 -0.097046 -0.161255 -0.154034 -0.188686 -0.313527
-0.082031 -0.041626 -0.130127 -0.159493 -0.080933 -0.253005
-0.118408 0.002563 -0.124023 -0.230220 0.004984 -0.241138
-0.136719 0.036499 -0.107544 -0.265821 0.070965 -0.209097
-0.141357 0.063110 -0.108643 -0.274840 0.122705 -0.211233
-0.145752 0.035522 -0.125000 -0.283384 0.069066 -0.243036
-0.144165 0.025757 -0.133057 -0.280299 0.050079 -0.258701
-0.129395 0.051514 -0.162598 -0.251581 0.100158 -0.316137
-0.115112 0.034180 -0.176025 -0.223812 0.066455 -0.342245
-0.096802 0.035522 -0.169312 -0.188211 0.069066 -0.329191
-0.078613 0.045288 -0.164063 -0.152847 0.088053 -0.318985
-0.069336 0.033081 -0.151123 -0.134809 0.064319 -0.293827
