-0.007446 0.494995 -0.338501 -0.014478 0.962415 -0.658145
-0.059937 0.385742 -0.363159 -0.116534 0.749995 -0.706087
0.034912 0.226685 -0.455444 0.067879 0.440741 -0.885517
0.040649 0.232910 -0.485474 0.079034 0.452845 -0.943902
-0.015747 0.142578 -0.401978 -0.030617 0.277213 -0.781562
-0.252930 0.063354 -0.212158 -0.491769 0.123180 -0.412497
-0.297974 0.145630 -0.030518 -0.579348 0.283147 -0.059335
-0.013794 0.127075 -0.132568 -0.026819 0.247071 -0.257752
-0.179932 -0.204712 0.116089 -0.349840 -0.398020 0.225711
-0.712280 -0.276367 0.576172 -1.384881 -0.537338 1.120246
-1.230469 -0.184204 0.952393 -2.392390 -0.358146 1.851729
-1.335938 -0.419556 1.000977 -2.597452 -0.815739 1.946190
-1.380371 -0.851685 0.779785 -2.683844 -1.655923 1.516130
-1.000366 -0.781738 0.696655 -1.945004 -1.519927 1.354501
-0.616455 -0.535889 0.591919 -1.198568 -1.041924 1.150863
-0.653687 -0.197144 0.395996 -1.270957 -0.383305 0.769932
-0.530273 0.113770 0.293701 -1.031006 0.221201 0.571041
-0.277710 -0.027710 0.165405 -0.539949 -0.053876 0.321596
-0.166870 -0.177124 0.037598 -0.324444 -0.344381 0.073101
-0.095703 -0.152222 -0.085083 -0.186075 -0.295963 -0.165426
-0.057617 -0.074829 -0.160889 -0.112025 -0.145490 -0.312815
-0.147949 -0.034180 -0.289917 -0.287656 -0.066455 -0.563683
-0.177246 -0.010376 -0.508179 -0.344618 -0.020174 -0.988048
-0.034668 0.086548 -0.627319 -0.067405 0.168274 -1.219692
0.122559 0.153564 -0.787231 0.238290 0.298574 -1.530607
0.148926 0.173462 -0.939819 0.289555 0.337261 -1.827283
-0.003906 0.183350 -1.024170 -0.007595 0.356485 -1.991285
-0.120117 0.281372 -1.124268 -0.233543 0.547069 -2.185904
-0.172119 0.346313 -1.063354 -0.334650 0.673334 -2.067471
-0.119995 0.331787 -0.925781 -0.233305 0.645091 -1.799989
-0.104370 0.313110 -0.728271 -0.202926 0.608778 -1.415972
-0.112305 0.211792 -0.544800 -0.218353 0.411785 -1.059250
-0.087280 0.044189 -0.306519 -0.169698 0.085917 -0.595961
-0.109497 -0.033203 -0.167114 -0.212894 -0.064557 -0.324919
-0.093628 0.028931 -0.136475 -0.182040 0.056250 -0.265346
-0.046753 0.107300 -0.128418 -0.090901 0.208622 -0.249682
-0.025269 0.094604 -0.096436 -0.049129 0.183939 -0.187499
-0.040039 0.038818 -0.051758 -0.077848 0.075474 -0.100632
-0.047485 0.038330 -0.034058 -0.092325 0.074525 -0.066218
-0.019287 0.054443 -0.070313 -0.037500 0.105854 -0.136708
0.012695 0.032349 -0.116943 0.024683 0.062895 -0.227372
0.023804 -0.016968 -0.132324 0.046281 -0.032990 -0.257277
0.032959 0.018555 -0.140991 0.064082 0.036076 -0.274128
0.014404 0.045654 -0.131470 0.028006 0.088765 -0.255615
-0.000366 0.019287 -0.113159 -0.000712 0.037500 -0.220014
-0.004517 -0.021484 -0.127808 -0.008782 -0.041772 -0.248495
0.009644 0.006592 -0.129395 0.018750 0.012816 -0.251581
0.027832 0.046997 -0.083740 0.054114 0.091376 -0.162815
0.010864 0.070801 -0.058350 0.021123 0.137657 -0.113449
0.020508 0.020142 -0.044556 0.039873 0.039161 -0.086629
0.039551 -0.010864 -0.035400 0.076898 -0.021123 -0.068829
0.052490 0.018311 -0.052734 0.102056 0.035601 -0.102531
0.074829 0.062378 -0.073242 0.145490 0.121281 -0.142404
0.032104 0.085938 -0.101685 0.062420 0.167088 -0.197704
-0.042480 0.061890 -0.128174 -0.082594 0.120332 -0.249207
-0.076294 0.045044 -0.153442 -0.148338 0.087579 -0.298337
-0.029297 0.049805 -0.172974 -0.056962 0.096835 -0.336311
0.024536 0.042480 -0.162476 0.047705 0.082594 -0.315900
0.054810 0.113037 -0.156006 0.106566 0.219777 -0.303321
0.057739 0.163574 -0.133057 0.112262 0.318036 -0.258701
0.020142 0.049438 -0.119263 0.039161 0.096123 -0.231881
-0.011353 0.063965 -0.126953 -0.022073 0.124366 -0.246834
-0.004150 0.165405 -0.118042 -0.008070 0.321596 -0.229508
-0.039673 0.079224 -0.134399 -0.077136 0.154034 -0.261312
-0.096436 0.076782 -0.106445 -0.187499 0.149287 -0.206961
-0.091064 -0.016479 -0.101685 -0.177056 -0.032041 -0.197704
-0.052612 -0.093994 -0.126099 -0.102294 -0.182752 -0.245173
-0.042358 -0.060791 -0.157104 -0.082357 -0.118195 -0.305457
-0.054810 -0.124634 -0.202881 -0.106566 -0.242324 -0.394460
-0.042358 -0.138428 -0.221558 -0.082357 -0.269144 -0.430773
-0.076782 -0.069092 -0.179199 -0.149287 -0.134335 -0.348416
-0.164185 0.000977 -0.131104 -0.319223 0.001899 -0.254903
-0.108643 0.006470 -0.119019 -0.211233 0.012579 -0.231407
0.006592 0.031250 -0.097900 0.012816 0.060759 -0.190347
0.031494 0.032715 -0.058960 0.061234 0.063607 -0.114635
0.025391 0.038940 -0.047119 0.049367 0.075712 -0.091613
0.009521 0.054443 -0.031616 0.018513 0.105854 -0.061471
0.025269 0.045044 0.021484 0.049129 0.087579 0.041772
0.074341 -0.067139 0.001953 0.144540 -0.130537 0.003797
0.108887 -0.142456 -0.094116 0.211708 -0.276976 -0.182989
