0.025879 0.024536 -0.115234 0.050316 0.047705 -0.224049
-0.035156 0.135620 -0.288696 -0.068354 0.263685 -0.561310
0.007813 0.108521 -0.460815 0.015190 0.210996 -0.895960
0.094971 0.038208 -0.516235 0.184651 0.074288 -1.003712
0.180420 -0.019165 -0.438965 0.350789 -0.037262 -0.853476
0.297241 0.049194 -0.295410 0.577924 0.095648 -0.574363
0.031372 0.271729 -0.173706 0.060996 0.528319 -0.337735
-0.619263 0.468140 0.143799 -1.204027 0.910200 0.279587
-1.067993 0.745361 0.495972 -2.076490 1.449200 0.964314
-1.363525 0.263184 0.611328 -2.651091 0.511706 1.188600
-1.540894 0.018555 0.937256 -2.995946 0.036076 1.822299
-1.449951 0.008301 1.222046 -2.819128 0.016139 2.376014
-1.366455 -0.380005 1.171753 -2.656787 -0.738840 2.278229
-1.154297 -0.711914 1.069336 -2.244290 -1.384169 2.079101
-0.936279 -0.626343 1.109375 -1.820400 -1.217793 2.156949
-0.687378 -0.143921 1.073975 -1.336463 -0.279824 2.088120
-0.573364 0.217773 0.751099 -1.114787 0.423415 1.460355
-0.418335 0.266846 0.332153 -0.813365 0.518826 0.645803
-0.209839 0.255005 -0.000854 -0.407988 0.495804 -0.001661
0.060547 0.210205 -0.306030 0.117721 0.408700 -0.595012
0.187500 0.219971 -0.570068 0.364555 0.427687 -1.108379
0.173462 0.307251 -0.798828 0.337261 0.597386 -1.553155
0.178223 0.307617 -0.972412 0.346517 0.598098 -1.890653
0.220337 0.245361 -1.140747 0.428399 0.477054 -2.217945
0.173462 0.262085 -1.234619 0.337261 0.509570 -2.400460
0.103271 0.395264 -1.308594 0.200790 0.768508 -2.544288
0.002319 0.497803 -1.295654 0.004509 0.967874 -2.519130
-0.065674 0.476929 -1.160522 -0.127689 0.927288 -2.256394
-0.064209 0.424561 -1.065308 -0.124841 0.825469 -2.071269
-0.067139 0.506592 -0.889526 -0.130537 0.984962 -1.729499
0.004272 0.247681 -0.633179 0.008307 0.481563 -1.231084
0.087280 0.089844 -0.481689 0.169698 0.174682 -0.936545
0.100586 0.068481 -0.436523 0.195568 0.133148 -0.848729
0.088379 0.087036 -0.367554 0.171834 0.169224 -0.714632
0.069702 0.103638 -0.288452 0.135521 0.201502 -0.560835
0.065063 0.078003 -0.211670 0.126502 0.151660 -0.411548
0.055664 0.060913 -0.172241 0.108227 0.118433 -0.334887
0.018433 0.060669 -0.156738 0.035838 0.117958 -0.304745
0.002197 0.030029 -0.109375 0.004272 0.058386 -0.212657
-0.005127 0.015015 -0.072021 -0.009968 0.029193 -0.140031
-0.029785 -0.012207 -0.073364 -0.057911 -0.023734 -0.142642
-0.040283 -0.013184 -0.055420 -0.078322 -0.025633 -0.107752
-0.061035 -0.009766 -0.038696 -0.118670 -0.018987 -0.075237
-0.060669 -0.018555 -0.028076 -0.117958 -0.036076 -0.054588
-0.030762 -0.010254 -0.028687 -0.059810 -0.019937 -0.055775
-0.016968 -0.020874 -0.061157 -0.032990 -0.040585 -0.118907
0.004150 -0.028442 -0.077515 0.008070 -0.055300 -0.150711
0.004272 -0.052612 -0.078735 0.008307 -0.102294 -0.153084
-0.008301 -0.055176 -0.084961 -0.016139 -0.107278 -0.165189
-0.015503 -0.023804 -0.084473 -0.030142 -0.046281 -0.164239
-0.035156 -0.006104 -0.083984 -0.068354 -0.011867 -0.163290
-0.024536 -0.026978 -0.088745 -0.047705 -0.052452 -0.172546
-0.007446 -0.034546 -0.082397 -0.014478 -0.067167 -0.160205
0.003296 -0.050903 -0.100952 0.006408 -0.098971 -0.196280
0.019165 -0.099976 -0.136841 0.037262 -0.194382 -0.266058
0.014038 -0.077271 -0.142578 0.027294 -0.150236 -0.277213
-0.002319 -0.029541 -0.134399 -0.004509 -0.057436 -0.261312
-0.029541 0.004761 -0.117065 -0.057436 0.009256 -0.227609
-0.047119 0.003418 -0.115723 -0.091613 0.006646 -0.224999
-0.043701 0.008179 -0.123169 -0.084968 0.015902 -0.239476
-0.023804 0.007690 -0.115112 -0.046281 0.014952 -0.223812
-0.003174 0.019409 -0.098511 -0.006171 0.037737 -0.191534
0.010742 0.020508 -0.114624 0.020886 0.039873 -0.222863
0.001465 0.029907 -0.123047 0.002848 0.058148 -0.239239
-0.003662 0.024780 -0.098267 -0.007120 0.048180 -0.191059
-0.002197 0.038940 -0.070679 -0.004272 0.075712 -0.137420
0.004395 0.041016 -0.073730 0.008544 0.079746 -0.143354
0.025635 0.024780 -0.086670 0.049841 0.048180 -0.168512
0.023804 0.000000 -0.106445 0.046281 0.000000 -0.206961
0.008057 0.022095 -0.105713 0.015664 0.042959 -0.205537
-0.018555 0.031372 -0.100220 -0.036076 0.060996 -0.194856
-0.028198 0.028320 -0.096069 -0.054826 0.055063 -0.186787
-0.030640 0.035645 -0.093140 -0.059572 0.069303 -0.181091
-0.028198 0.018311 -0.076782 -0.054826 0.035601 -0.149287
-0.023071 0.012939 -0.076904 -0.044857 0.025158 -0.149524
-0.011963 0.000977 -0.092896 -0.023259 0.001899 -0.180616
-0.003784 -0.004028 -0.088745 -0.007358 -0.007832 -0.172546
-0.025024 0.022461 -0.090820 -0.048655 0.043671 -0.176581
-0.023071 0.012329 -0.100464 -0.044857 0.023971 -0.195331
-0.025024 0.006226 -0.101563 -0.048655 0.012104 -0.197467
