0.197021 0.259644 -1.231445 0.383067 0.504823 -2.394289
-0.017944 0.450928 -0.951660 -0.034889 0.876735 -1.850305
-0.313599 0.433594 -0.628662 -0.609727 0.843033 -1.222302
-0.474731 0.273560 -0.370361 -0.923016 0.531880 -0.720090
-0.553711 -0.031616 -0.126709 -1.076576 -0.061471 -0.246359
-0.710083 -0.307617 0.099976 -1.380608 -0.598098 0.194382
-1.215332 -0.339478 0.652222 -2.362960 -0.660043 1.268109
-1.829712 -0.124390 1.338501 -3.557493 -0.241850 2.602436
-2.228394 0.088623 1.692383 -4.332647 0.172309 3.290486
-2.291748 -0.052490 1.806641 -4.455826 -0.102056 3.512636
-1.992065 -0.354492 1.735596 -3.873156 -0.689236 3.374504
-0.994629 -0.125366 1.280518 -1.933849 -0.243748 2.489700
-0.390869 0.021606 0.725708 -0.759964 0.042009 1.410988
-0.209839 0.150757 0.401611 -0.407988 0.293115 0.780850
-0.172607 0.233765 0.185791 -0.335599 0.454507 0.361232
-0.088745 0.280151 -0.085327 -0.172546 0.544696 -0.165901
0.029541 0.214233 -0.401489 0.057436 0.416532 -0.780612
0.087646 -0.029053 -0.651489 0.170410 -0.056487 -1.266685
0.091309 -0.182861 -0.908936 0.177531 -0.355536 -1.767236
0.253174 -0.071777 -1.262085 0.492244 -0.139556 -2.453861
0.379150 0.065674 -1.605469 0.737179 0.127689 -3.121500
0.370728 0.115967 -1.845459 0.720802 0.225473 -3.588110
0.285278 0.202026 -1.922974 0.554664 0.392798 -3.738822
0.391479 0.268921 -1.694580 0.761150 0.522861 -3.294758
0.121826 0.248901 -1.273560 0.236866 0.483937 -2.476171
0.028931 0.435181 -0.853516 0.056250 0.846118 -1.659483
-0.027222 0.381104 -0.441162 -0.052927 0.740976 -0.857748
-0.147705 0.171997 -0.127808 -0.287182 0.334412 -0.248495
-0.224731 -0.018433 0.089478 -0.436943 -0.035838 0.173970
-0.110352 0.146362 0.064941 -0.214556 0.284571 0.126265
0.008301 0.172119 -0.069946 0.016139 0.334650 -0.135996
0.065796 -0.001953 -0.041870 0.127926 -0.003797 -0.081408
0.130493 0.051758 0.080200 0.253717 0.100632 0.155933
0.191772 0.136108 0.093140 0.372862 0.264634 0.181091
0.181152 0.029541 0.006592 0.352213 0.057436 0.012816
0.111206 -0.073730 -0.089233 0.216217 -0.143354 -0.173496
-0.007568 -0.004883 -0.108154 -0.014715 -0.009494 -0.210283
-0.069458 0.065308 -0.105469 -0.135047 0.126977 -0.205062
-0.058350 0.065918 -0.142822 -0.113449 0.128164 -0.277688
0.049316 0.052734 -0.171509 0.095885 0.102531 -0.333463
0.083252 0.087524 -0.155273 0.161866 0.170173 -0.301897
0.031860 0.087036 -0.138794 0.061946 0.169224 -0.269856
-0.031982 0.061157 -0.123535 -0.062183 0.118907 -0.240188
-0.062500 0.035889 -0.123535 -0.121518 0.069778 -0.240188
-0.025391 0.075073 -0.148193 -0.049367 0.145964 -0.288131
0.077393 0.096436 -0.158203 0.150474 0.187499 -0.307593
0.077637 0.084839 -0.123535 0.150948 0.164952 -0.240188
0.041626 0.083618 -0.110229 0.080933 0.162578 -0.214318
0.017456 0.046753 -0.094116 0.033940 0.090901 -0.182989
0.006348 0.019043 -0.085449 0.012342 0.037025 -0.166138
0.011719 0.028809 -0.085938 0.022785 0.056012 -0.167088
0.015747 0.005127 -0.091797 0.030617 0.009968 -0.178480
-0.009644 -0.024536 -0.082886 -0.018750 -0.047705 -0.161154
-0.019531 -0.032349 -0.091797 -0.037974 -0.062895 -0.178480
-0.018066 -0.014648 -0.099487 -0.035126 -0.028481 -0.193432
-0.023193 -0.006104 -0.095825 -0.045095 -0.011867 -0.186312
-0.021606 0.008789 -0.098999 -0.042009 0.017089 -0.192483
-0.029419 0.013916 -0.110596 -0.057199 0.027057 -0.215030
-0.029785 -0.000977 -0.104858 -0.057911 -0.001899 -0.203875
-0.015137 -0.000610 -0.099854 -0.029430 -0.001187 -0.194144
-0.024292 -0.010132 -0.101074 -0.047231 -0.019699 -0.196518
-0.023682 0.003540 -0.106812 -0.046044 0.006883 -0.207673
-0.026245 0.010742 -0.106812 -0.051028 0.020886 -0.207673
-0.032471 0.004517 -0.104614 -0.063133 0.008782 -0.203401
-0.038818 -0.000366 -0.102051 -0.075474 -0.000712 -0.198416
-0.035522 -0.010254 -0.108398 -0.069066 -0.019937 -0.210758
-0.012573 -0.008545 -0.110596 -0.024446 -0.016614 -0.215030
-0.023438 -0.003540 -0.110840 -0.045569 -0.006883 -0.215505
-0.021973 -0.001953 -0.119995 -0.042721 -0.003797 -0.233305
-0.017578 0.005493 -0.121948 -0.034177 0.010680 -0.237103
-0.015991 0.012451 -0.110962 -0.031092 0.024209 -0.215742
-0.018188 0.008545 -0.109741 -0.035364 0.016614 -0.213369
-0.013672 0.005859 -0.120605 -0.026582 0.011392 -0.234492
-0.019409 0.007813 -0.125610 -0.037737 0.015190 -0.244223
-0.020508 0.010498 -0.116089 -0.039873 0.020411 -0.225711
-0.016968 0.001831 -0.109497 -0.032990 0.003560 -0.212894
-0.015991 0.007446 -0.108398 -0.031092 0.014478 -0.210758
-0.012329 0.017090 -0.107666 -0.023971 0.033228 -0.209334
-0.017944 0.011719 -0.107788 -0.034889 0.022785 -0.209571
-0.019165 0.009155 -0.112549 -0.037262 0.017801 -0.218828
