0.236816 0.044800 -0.349487 0.460440 0.087104 -0.679505
0.168457 0.169067 -0.344727 0.327530 0.328716 -0.670249
0.000977 0.210571 -0.350464 0.001899 0.409412 -0.681404
-0.126099 0.132813 -0.264771 -0.245173 0.258226 -0.514791
-0.020996 -0.158813 -0.146729 -0.040823 -0.308780 -0.285283
0.142944 -0.221436 0.074341 0.277925 -0.430535 0.144540
0.057861 0.187744 0.030762 0.112499 0.365029 0.059810
-0.251343 0.434448 0.153687 -0.488684 0.844694 0.298811
-0.653931 0.397705 0.275635 -1.271432 0.773255 0.535914
-1.041016 0.192139 0.414429 -2.024038 0.373574 0.805770
-1.257446 0.213257 0.698242 -2.444842 0.414633 1.357586
-1.401001 0.135620 0.898804 -2.723954 0.263685 1.747537
-1.443970 0.100342 1.036377 -2.807498 0.195094 2.015019
-1.358154 0.056885 1.236938 -2.640648 0.110601 2.404969
-1.267700 -0.010986 1.397095 -2.464779 -0.021361 2.716360
-1.161865 -0.324097 1.333984 -2.259005 -0.630138 2.593655
-0.765503 -0.401733 1.178467 -1.488361 -0.781087 2.291283
-0.406860 -0.168091 0.930542 -0.791055 -0.326818 1.809245
-0.282227 0.143677 0.350952 -0.548731 0.279350 0.682353
-0.215576 0.376831 -0.239380 -0.419143 0.732669 -0.465424
-0.097900 0.443115 -0.592407 -0.190347 0.861545 -1.151812
0.079346 0.409546 -0.825928 0.154271 0.796277 -1.605844
0.162354 0.368042 -1.069946 0.315663 0.715581 -2.080288
0.073242 0.313599 -1.295654 0.142404 0.609727 -2.519130
-0.000122 0.348999 -1.466064 -0.000237 0.678556 -2.850457
-0.023315 0.414185 -1.663818 -0.045332 0.805296 -3.234948
-0.023071 0.582520 -1.820435 -0.044857 1.132588 -3.539456
0.000122 0.816650 -1.885132 0.000237 1.587806 -3.665246
0.082764 0.601318 -1.815918 0.160917 1.169138 -3.530674
0.302246 0.339233 -1.498657 0.587655 0.659569 -2.913827
0.361450 0.291504 -0.949341 0.702765 0.566769 -1.845795
0.280762 0.364136 -0.442261 0.545883 0.707986 -0.859884
0.187866 0.375977 -0.233154 0.365267 0.731008 -0.453320
0.160767 0.216309 -0.192139 0.312577 0.420567 -0.373574
0.121216 0.052246 -0.168213 0.235679 0.101582 -0.327055
0.010864 -0.009521 -0.147949 0.021123 -0.018513 -0.287656
-0.080200 0.003174 -0.108765 -0.155933 0.006171 -0.211470
-0.108765 0.033325 -0.032837 -0.211470 0.064794 -0.063845
-0.111694 0.054565 -0.012817 -0.217166 0.106091 -0.024921
-0.089111 0.036011 -0.048340 -0.173258 0.070015 -0.093987
-0.065308 0.006958 -0.054565 -0.126977 0.013528 -0.106091
-0.053589 -0.003052 -0.040283 -0.104192 -0.005934 -0.078322
-0.038330 0.007080 -0.051880 -0.074525 0.013766 -0.100870
-0.034912 0.020752 -0.087769 -0.067879 0.040348 -0.170648
-0.026001 -0.026978 -0.092285 -0.050553 -0.052452 -0.179429
-0.041626 -0.050781 -0.059082 -0.080933 -0.098734 -0.114873
-0.058960 -0.017822 -0.012573 -0.114635 -0.034652 -0.024446
-0.082764 -0.001221 0.018921 -0.160917 -0.002373 0.036788
-0.079346 0.010986 -0.007690 -0.154271 0.021361 -0.014952
-0.058838 0.003906 -0.067383 -0.114398 0.007595 -0.131012
-0.040405 0.000488 -0.085327 -0.078560 0.000949 -0.165901
-0.057495 0.022461 -0.079346 -0.111787 0.043671 -0.154271
-0.070068 0.038818 -0.059326 -0.136233 0.075474 -0.115347
-0.070190 0.012329 -0.035400 -0.136471 0.023971 -0.068829
-0.077515 -0.013672 -0.021606 -0.150711 -0.026582 -0.042009
-0.068604 -0.036011 -0.020386 -0.133385 -0.070015 -0.039636
-0.061279 -0.049316 -0.026611 -0.119145 -0.095885 -0.051740
-0.064453 -0.046631 -0.047607 -0.125316 -0.090664 -0.092563
-0.069824 -0.036865 -0.072998 -0.135759 -0.071677 -0.141929
-0.064087 -0.025024 -0.079712 -0.124604 -0.048655 -0.154983
-0.050293 -0.003784 -0.067017 -0.097784 -0.007358 -0.130300
-0.029175 0.008301 -0.054077 -0.056724 0.016139 -0.105142
-0.022095 0.010620 -0.053955 -0.042959 0.020649 -0.104904
-0.036133 0.023315 -0.072998 -0.070253 0.045332 -0.141929
-0.040894 0.021240 -0.097290 -0.079509 0.041297 -0.189160
-0.048340 0.012573 -0.098145 -0.093987 0.024446 -0.190822
-0.050903 -0.000488 -0.084106 -0.098971 -0.000949 -0.163527
-0.052246 -0.013306 -0.082275 -0.101582 -0.025870 -0.159967
-0.058716 -0.026245 -0.081543 -0.114161 -0.051028 -0.158543
-0.060547 -0.051880 -0.069336 -0.117721 -0.100870 -0.134809
-0.069214 -0.054321 -0.054810 -0.134572 -0.105616 -0.106566
-0.072510 -0.042114 -0.044067 -0.140980 -0.081882 -0.085680
-0.054932 -0.036377 -0.059326 -0.106803 -0.070727 -0.115347
-0.025879 -0.055542 -0.080566 -0.050316 -0.107990 -0.156645
-0.005615 -0.059814 -0.081665 -0.010918 -0.116297 -0.158781
0.006104 -0.046265 -0.072266 0.011867 -0.089952 -0.140505
0.020996 -0.045898 -0.068237 0.040823 -0.089240 -0.132673
0.022949 -0.049072 -0.088379 0.044620 -0.095411 -0.171834
0.013062 -0.036743 -0.115601 0.025395 -0.071439 -0.224761
0.004028 -0.034790 -0.122070 0.007832 -0.067642 -0.237340
