0.175659 0.168823 -0.130249 0.341533 0.328242 -0.253242
-0.037842 0.016724 0.082397 -0.073575 0.032516 0.160205
-0.074707 -0.155640 0.149658 -0.145252 -0.302609 0.290979
-0.125244 -0.269043 0.330200 -0.243511 -0.523098 0.642005
-0.472412 -0.572021 0.658813 -0.918507 -1.112177 1.280926
-0.943604 -1.350342 1.007568 -1.834640 -2.625458 1.959007
-0.911133 -1.762451 1.199219 -1.771508 -3.426719 2.331631
-0.729980 -1.923950 1.579346 -1.419295 -3.740720 3.070709
-0.709717 -1.806152 1.999512 -1.379896 -3.511687 3.887634
-0.829712 -1.975708 2.019409 -1.613202 -3.841352 3.926320
-0.582031 -1.586426 1.697876 -1.131639 -3.084474 3.301166
-0.123413 -1.143677 1.563599 -0.239951 -2.223641 3.040092
0.224243 -0.554810 1.218384 0.435994 -1.078712 2.368893
0.405151 -0.515259 0.864014 0.787732 -1.001813 1.679895
0.417358 -0.532349 0.716431 0.811466 -1.035041 1.392950
0.353882 -0.112305 0.434204 0.688049 -0.218353 0.844219
0.098633 0.283447 0.021606 0.191771 0.551104 0.042009
-0.002563 0.370361 -0.328857 -0.004984 0.720090 -0.639395
-0.108032 0.289185 -0.510254 -0.210046 0.562259 -0.992082
-0.233765 0.441040 -0.628296 -0.454507 0.857510 -1.221590
-0.435303 0.934326 -0.741821 -0.846355 1.816603 -1.442317
-0.607544 1.221680 -0.773804 -1.181243 2.375302 -1.504500
-0.753296 1.407959 -0.880859 -1.464627 2.737483 -1.712647
-0.793457 1.788818 -1.127563 -1.542712 3.477984 -2.192312
-0.799194 1.953247 -1.288452 -1.553867 3.797682 -2.505127
-0.763672 1.756348 -1.373657 -1.484801 3.414852 -2.670790
-0.700195 1.376221 -1.547729 -1.361384 2.675774 -3.009238
-0.727661 1.478271 -1.388672 -1.414785 2.874191 -2.699983
-0.734619 1.428833 -0.992554 -1.428314 2.778068 -1.929814
-0.486084 1.031738 -0.612061 -0.945089 2.006000 -1.190024
-0.248657 0.703857 -0.453247 -0.483462 1.368504 -0.881244
-0.172119 0.426147 -0.366943 -0.334650 0.828555 -0.713445
-0.189819 0.194214 -0.229370 -0.369064 0.377608 -0.445962
-0.128540 0.054077 -0.141357 -0.249919 0.105142 -0.274840
-0.110229 0.042969 -0.007080 -0.214318 0.083544 -0.013766
0.033203 0.087036 0.061523 0.064557 0.169224 0.119620
0.036255 0.115234 0.089966 0.070490 0.224049 0.174920
0.037720 0.095215 0.093872 0.073338 0.185125 0.182515
0.039185 0.005737 0.093994 0.076186 0.011155 0.182752
0.023560 0.010498 0.047241 0.045807 0.020411 0.091851
-0.012573 0.026611 -0.018433 -0.024446 0.051740 -0.035838
-0.009888 -0.019043 -0.034058 -0.019225 -0.037025 -0.066218
0.000244 -0.119873 -0.029907 0.000475 -0.233068 -0.058148
0.015869 -0.141968 -0.027832 0.030854 -0.276027 -0.054114
0.006958 -0.053833 -0.059937 0.013528 -0.104667 -0.116534
-0.006592 0.010010 -0.084595 -0.012816 0.019462 -0.164477
0.002686 -0.031372 -0.062622 0.005221 -0.060996 -0.121756
-0.011230 -0.038086 -0.062988 -0.021835 -0.074050 -0.122468
-0.027832 -0.028442 -0.072632 -0.054114 -0.055300 -0.141217
-0.041260 -0.036255 -0.076782 -0.080221 -0.070490 -0.149287
0.011353 0.044678 -0.113647 0.022073 0.086867 -0.220964
0.007202 0.038208 -0.150757 0.014003 0.074288 -0.293115
0.000610 0.052856 -0.143188 0.001187 0.102768 -0.278400
-0.022583 0.039429 -0.126831 -0.043908 0.076661 -0.246597
-0.042969 -0.012817 -0.106934 -0.083544 -0.024921 -0.207910
-0.045654 0.009521 -0.128784 -0.088765 0.018513 -0.250394
-0.009033 0.054321 -0.173950 -0.017563 0.105616 -0.338210
-0.005737 0.055786 -0.183350 -0.011155 0.108465 -0.356485
-0.010010 0.026855 -0.136841 -0.019462 0.052215 -0.266058
-0.019287 0.021240 -0.098511 -0.037500 0.041297 -0.191534
-0.026245 -0.019653 -0.118286 -0.051028 -0.038212 -0.229983
-0.022827 -0.046143 -0.182617 -0.044383 -0.089715 -0.355061
-0.014404 -0.005737 -0.179321 -0.028006 -0.011155 -0.348653
-0.002319 0.023560 -0.116821 -0.004509 0.045807 -0.227135
-0.001709 0.050781 -0.068359 -0.003323 0.098734 -0.132911
-0.015991 0.066650 -0.086060 -0.031092 0.129588 -0.167325
-0.018555 0.059082 -0.100586 -0.036076 0.114873 -0.195568
0.000977 0.027466 -0.087402 0.001899 0.053402 -0.169936
0.001831 0.010132 -0.104736 0.003560 0.019699 -0.203638
-0.009644 0.007568 -0.122070 -0.018750 0.014715 -0.237340
-0.020020 0.018066 -0.139160 -0.038924 0.035126 -0.270568
-0.012817 0.023560 -0.147949 -0.024921 0.045807 -0.287656
0.007568 0.004272 -0.159424 0.014715 0.008307 -0.309966
-0.011841 -0.074951 -0.175415 -0.023022 -0.145727 -0.341058
-0.037109 -0.124146 -0.196411 -0.072151 -0.241375 -0.381881
-0.035156 -0.100342 -0.180176 -0.068354 -0.195094 -0.350314
-0.005493 -0.002563 -0.191772 -0.010680 -0.004984 -0.372862
0.025513 0.047119 -0.174805 0.049604 0.091613 -0.339871
0.002808 0.019897 -0.134033 0.005459 0.038686 -0.260600
0.015259 0.024658 -0.092896 0.029668 0.047943 -0.180616
