0.029663 0.176514 -0.488647 0.057674 0.343194 -0.950073
0.028320 0.279663 -0.322144 0.055063 0.543747 -0.626341
0.031616 0.211182 -0.255249 0.061471 0.410599 -0.496279
-0.015381 0.055176 -0.219116 -0.029905 0.107278 -0.426026
-0.101929 0.026978 -0.093750 -0.198179 0.052452 -0.182277
-0.139893 -0.012817 0.048096 -0.271992 -0.024921 0.093512
-0.063110 0.186523 -0.041992 -0.122705 0.362656 -0.081645
-0.206421 0.382813 -0.173462 -0.401342 0.744299 -0.337261
-0.397461 0.570068 -0.145996 -0.772780 1.108379 -0.283859
-0.700562 0.351074 0.096191 -1.362096 0.682591 0.187024
-1.009399 0.317383 0.499390 -1.962567 0.617085 0.970959
-1.225586 0.413696 0.751831 -2.382896 0.804346 1.461779
-1.480103 0.503784 0.818970 -2.877751 0.979503 1.592316
-1.798828 0.522705 0.838745 -3.497447 1.016291 1.630765
-1.856812 0.372803 0.849121 -3.610183 0.724837 1.650939
-1.525635 0.245239 0.842529 -2.966279 0.476817 1.638123
-1.004639 0.429688 0.831909 -1.953310 0.835438 1.617474
-0.722168 0.502686 0.578369 -1.404105 0.977367 1.124518
-0.401001 0.391357 0.085327 -0.779663 0.760913 0.165901
-0.184692 0.257080 -0.209351 -0.359096 0.499839 -0.407039
-0.096802 0.198975 -0.172729 -0.188211 0.386865 -0.335836
0.004028 0.192993 -0.091675 0.007832 0.375235 -0.178243
0.073730 0.152100 -0.226318 0.143354 0.295726 -0.440029
0.012939 0.055420 -0.536133 0.025158 0.107752 -1.042399
-0.023926 -0.039917 -0.907349 -0.046519 -0.077610 -1.764150
0.111938 0.073730 -1.313232 0.217641 0.143354 -2.553307
0.219604 0.238770 -1.611206 0.426975 0.464238 -3.132654
0.289917 0.275879 -1.784180 0.563683 0.536389 -3.468966
0.217529 0.246338 -1.939575 0.422940 0.478953 -3.771100
0.058472 0.320435 -1.897217 0.113686 0.623018 -3.688743
-0.023804 0.408569 -1.649780 -0.046281 0.794378 -3.207654
-0.039551 0.380615 -1.270264 -0.076898 0.740027 -2.469763
0.013184 0.303467 -0.876343 0.025633 0.590028 -1.703866
-0.017212 0.198120 -0.540771 -0.033465 0.385203 -1.051417
-0.076660 0.077148 -0.405273 -0.149050 0.149999 -0.787970
-0.112183 0.030273 -0.361328 -0.218116 0.058860 -0.702527
-0.133423 0.035645 -0.273560 -0.259413 0.069303 -0.531880
-0.130371 -0.001465 -0.160034 -0.253479 -0.002848 -0.311153
-0.105591 -0.035400 -0.097656 -0.205299 -0.068829 -0.189872
-0.071655 -0.001953 -0.081177 -0.139319 -0.003797 -0.157831
-0.020508 0.056396 -0.104248 -0.039873 0.109651 -0.202689
0.023315 0.063843 -0.123779 0.045332 0.124129 -0.240663
0.018066 0.027710 -0.128662 0.035126 0.053876 -0.250157
0.010986 0.018311 -0.108398 0.021361 0.035601 -0.210758
0.010742 0.051392 -0.098022 0.020886 0.099920 -0.190584
-0.005371 0.079834 -0.092407 -0.010443 0.155221 -0.179667
-0.031738 0.088257 -0.077393 -0.061708 0.171597 -0.150474
-0.044434 0.083130 -0.055298 -0.086392 0.161629 -0.107515
-0.055054 0.060547 -0.030029 -0.107040 0.117721 -0.058386
-0.045898 0.046021 -0.023071 -0.089240 0.089477 -0.044857
-0.026123 0.039551 -0.048584 -0.050791 0.076898 -0.094461
-0.025635 0.005371 -0.090088 -0.049841 0.010443 -0.175157
-0.029663 -0.010864 -0.123779 -0.057674 -0.021123 -0.240663
-0.024170 -0.032593 -0.133179 -0.046993 -0.063370 -0.258938
-0.023560 -0.029663 -0.120117 -0.045807 -0.057674 -0.233543
-0.030518 -0.020020 -0.106445 -0.059335 -0.038924 -0.206961
-0.024292 -0.008301 -0.102539 -0.047231 -0.016139 -0.199366
-0.022949 -0.008789 -0.130737 -0.044620 -0.017089 -0.254191
-0.016724 -0.015259 -0.149780 -0.032516 -0.029668 -0.291217
-0.011719 -0.012573 -0.148804 -0.022785 -0.024446 -0.289318
-0.009033 -0.002197 -0.140381 -0.017563 -0.004272 -0.272941
-0.004883 -0.021484 -0.135864 -0.009494 -0.041772 -0.264160
0.000366 -0.037720 -0.124023 0.000712 -0.073338 -0.241138
-0.002930 -0.037231 -0.103760 -0.005696 -0.072389 -0.201739
-0.011841 -0.021240 -0.093994 -0.023022 -0.041297 -0.182752
-0.013672 0.002441 -0.083862 -0.026582 0.004747 -0.163053
0.003540 0.003906 -0.076416 0.006883 0.007595 -0.148575
0.023804 -0.008545 -0.076050 0.046281 -0.016614 -0.147863
0.029541 -0.022095 -0.086182 0.057436 -0.042959 -0.167562
0.030640 -0.030396 -0.101440 0.059572 -0.059098 -0.197230
0.031616 -0.043457 -0.104248 0.061471 -0.084493 -0.202689
0.019165 -0.055786 -0.096924 0.037262 -0.108465 -0.188448
0.007813 -0.033813 -0.084229 0.015190 -0.065743 -0.163765
0.011719 -0.029419 -0.076294 0.022785 -0.057199 -0.148338
-0.006104 -0.052856 -0.090210 -0.011867 -0.102768 -0.175394
-0.037354 -0.070557 -0.104980 -0.072626 -0.137183 -0.204113
-0.067993 -0.051514 -0.110840 -0.132199 -0.100158 -0.215505
-0.074585 0.010620 -0.100830 -0.145015 0.020649 -0.196043
-0.069214 0.060425 -0.098022 -0.134572 0.117483 -0.190584
-0.065063 0.040649 -0.115479 -0.126502 0.079034 -0.224524
