0.194092 0.229614 -0.242554 0.377371 0.446437 -0.471595
0.203247 0.311890 -0.278076 0.395172 0.606404 -0.540661
0.186523 0.167236 -0.328369 0.362656 0.325156 -0.638445
0.201050 0.107422 -0.318726 0.390899 0.208859 -0.619695
0.198853 0.247314 -0.278931 0.386627 0.480851 -0.542323
0.022583 0.346069 -0.260010 0.043908 0.672860 -0.505535
-0.190186 0.331665 -0.202637 -0.369776 0.644854 -0.393985
-0.550293 0.308472 -0.114502 -1.069930 0.599759 -0.222625
-0.890869 0.421753 0.188721 -1.732109 0.820011 0.366928
-1.256104 0.326904 0.497314 -2.442231 0.635597 0.966924
-1.524170 0.354126 0.802612 -2.963431 0.688524 1.560512
-1.762817 0.423340 1.063477 -3.427431 0.823096 2.067708
-1.732910 0.670898 1.125122 -3.369283 1.304422 2.187565
-1.475952 0.627319 1.046265 -2.869681 1.219692 2.034244
-1.069458 0.402710 0.736572 -2.079338 0.782986 1.432111
-0.691162 0.220337 0.407593 -1.343821 0.428399 0.792479
-0.435425 0.216064 0.088989 -0.846593 0.420092 0.173021
-0.255615 0.228394 -0.078491 -0.496991 0.444064 -0.152610
-0.135498 0.306885 -0.206787 -0.263448 0.596673 -0.402054
-0.098389 0.228149 -0.395508 -0.191296 0.443589 -0.768983
-0.058350 0.089111 -0.599731 -0.113449 0.173258 -1.166053
-0.032593 0.060425 -0.803345 -0.063370 0.117483 -1.561936
-0.041748 0.072510 -0.987549 -0.081170 0.140980 -1.920083
-0.016235 0.044556 -1.192505 -0.031566 0.086629 -2.318577
0.043213 0.135132 -1.430908 0.084018 0.262736 -2.782103
0.136841 0.361938 -1.584717 0.266058 0.703714 -3.081151
0.149536 0.383667 -1.520874 0.290742 0.745961 -2.957023
0.137329 0.352539 -1.361694 0.267008 0.685439 -2.647531
0.147461 0.271484 -1.148438 0.286707 0.527845 -2.232897
0.175171 0.156616 -0.889282 0.340583 0.304508 -1.729024
0.192139 0.082642 -0.643066 0.373574 0.160679 -1.250309
0.209106 0.031250 -0.408569 0.406564 0.060759 -0.794378
0.199463 -0.018799 -0.277588 0.387814 -0.036550 -0.539712
0.166748 -0.076050 -0.198730 0.324207 -0.147863 -0.386390
0.128174 -0.090576 -0.157471 0.249207 -0.176106 -0.306169
0.077148 -0.061523 -0.130859 0.149999 -0.119620 -0.254429
0.030273 -0.020630 -0.098511 0.058860 -0.040111 -0.191534
0.011353 0.022827 -0.077881 0.022073 0.044383 -0.151423
0.001343 0.042847 -0.052002 0.002611 0.083306 -0.101107
0.001221 0.067017 -0.050049 0.002373 0.130300 -0.097310
-0.004395 0.056519 -0.070435 -0.008544 0.109889 -0.136945
0.000610 0.043335 -0.083496 0.001187 0.084256 -0.162341
0.000977 0.018433 -0.084229 0.001899 0.035838 -0.163765
-0.010376 -0.009766 -0.101196 -0.020174 -0.018987 -0.196755
-0.019043 -0.007935 -0.121582 -0.037025 -0.015427 -0.236391
-0.037476 0.000977 -0.131714 -0.072863 0.001899 -0.256090
-0.051392 0.008545 -0.128296 -0.099920 0.016614 -0.249445
-0.066284 0.017944 -0.113037 -0.128876 0.034889 -0.219777
-0.068970 0.038330 -0.102295 -0.134097 0.074525 -0.198891
-0.037842 0.027344 -0.101929 -0.073575 0.053164 -0.198179
0.004150 0.023804 -0.105591 0.008070 0.046281 -0.205299
0.031250 0.011108 -0.117554 0.060759 0.021598 -0.228559
0.037720 -0.024292 -0.132446 0.073338 -0.047231 -0.257514
0.024292 -0.043335 -0.125732 0.047231 -0.084256 -0.244460
0.014893 -0.025146 -0.101685 0.028956 -0.048892 -0.197704
0.014526 -0.017822 -0.098633 0.028243 -0.034652 -0.191771
0.019287 -0.046509 -0.105591 0.037500 -0.090427 -0.205299
0.021729 -0.048950 -0.107910 0.042247 -0.095173 -0.209809
0.023926 -0.041260 -0.103271 0.046519 -0.080221 -0.200790
0.027954 -0.035645 -0.098877 0.054351 -0.069303 -0.192246
0.008667 -0.040649 -0.115845 0.016851 -0.079034 -0.225236
0.011108 -0.046387 -0.118042 0.021598 -0.090189 -0.229508
0.014526 -0.057251 -0.118164 0.028243 -0.111313 -0.229745
-0.001221 -0.058960 -0.117065 -0.002373 -0.114635 -0.227609
-0.017700 -0.038818 -0.094849 -0.034414 -0.075474 -0.184413
-0.035278 0.015503 -0.084717 -0.068591 0.030142 -0.164714
-0.023682 0.028198 -0.103394 -0.046044 0.054826 -0.201027
-0.016479 0.015503 -0.117798 -0.032041 0.030142 -0.229033
0.001343 0.017822 -0.125977 0.002611 0.034652 -0.244935
0.003296 0.015991 -0.144531 0.006408 0.031092 -0.281011
0.005615 0.006958 -0.137939 0.010918 0.013528 -0.268195
0.003296 0.009155 -0.126099 0.006408 0.017801 -0.245173
-0.007568 0.014160 -0.129150 -0.014715 0.027531 -0.251106
-0.017090 0.016602 -0.137329 -0.033228 0.032278 -0.267008
-0.021118 0.008911 -0.135620 -0.041060 0.017326 -0.263685
-0.033569 0.009888 -0.124878 -0.065269 0.019225 -0.242799
-0.035522 0.023193 -0.115479 -0.069066 0.045095 -0.224524
-0.037598 0.052246 -0.097168 -0.073101 0.101582 -0.188923
-0.041504 0.076782 -0.081787 -0.080696 0.149287 -0.159018
-0.044800 0.069946 -0.084839 -0.087104 0.135996 -0.164952
