0.349121 0.465332 -0.299683 0.678793 0.904741 -0.582670
0.196045 0.147949 -0.449463 0.381168 0.287656 -0.873887
0.129517 0.051880 -0.651611 0.251818 0.100870 -1.266922
0.058716 -0.336182 -0.637085 0.114161 -0.653635 -1.238679
-0.154297 -0.760254 -0.475098 -0.299998 -1.478155 -0.923728
-0.257935 -0.714844 -0.264038 -0.501500 -1.389865 -0.513367
-0.623535 -0.519165 -0.284058 -1.212334 -1.009408 -0.552291
-1.050171 -0.025635 0.020752 -2.041838 -0.049841 0.040348
-1.302368 0.738037 0.339722 -2.532183 1.434959 0.660518
-1.453247 0.442383 0.663818 -2.825536 0.860121 1.290656
-1.418335 -0.154541 0.720215 -2.757657 -0.300473 1.400308
-1.350098 -0.363525 0.955322 -2.624984 -0.706799 1.857425
-1.378540 -0.065918 1.160767 -2.680284 -0.128164 2.256869
-0.666382 -0.338135 0.918457 -1.295641 -0.657433 1.785748
0.123047 -0.160522 1.142700 0.239239 -0.312102 2.221742
-0.122559 0.062378 1.164673 -0.238290 0.121281 2.264464
-0.673706 0.070313 0.541748 -1.309881 0.136708 1.053316
-0.529541 -0.090820 -0.270630 -1.029582 -0.176581 -0.526183
-0.069824 -0.186401 -0.744751 -0.135759 -0.362419 -1.448013
0.105713 -0.046143 -0.851563 0.205537 -0.089715 -1.655686
0.172974 0.042603 -1.067505 0.336311 0.082832 -2.075541
0.262573 0.000977 -1.265625 0.510519 0.001899 -2.460744
0.252686 0.081543 -1.577026 0.491294 0.158543 -3.066199
0.168457 0.132935 -1.731934 0.327530 0.258464 -3.367384
0.192627 0.310547 -1.705078 0.374523 0.603794 -3.315169
0.197998 0.434937 -1.575317 0.384966 0.845643 -3.062876
0.024658 0.431885 -1.317993 0.047943 0.839710 -2.562563
-0.208008 0.391602 -0.969238 -0.404428 0.761388 -1.884482
-0.204590 0.288574 -0.528076 -0.397782 0.561072 -1.026734
-0.111206 0.196655 -0.281494 -0.216217 0.382355 -0.547307
-0.151367 0.233765 -0.176392 -0.294302 0.454507 -0.342957
-0.264648 0.300781 -0.109741 -0.514554 0.584806 -0.213369
-0.259888 0.260986 -0.088623 -0.505297 0.507434 -0.172309
-0.124512 0.096313 -0.071411 -0.242087 0.187261 -0.138844
-0.054077 -0.019531 -0.031616 -0.105142 -0.037974 -0.061471
-0.067505 -0.028931 0.010010 -0.131249 -0.056250 0.019462
-0.055298 0.033813 0.044189 -0.107515 0.065743 0.085917
-0.080078 0.096069 0.024902 -0.155695 0.186787 0.048417
-0.045654 0.101440 0.002075 -0.088765 0.197230 0.004035
0.000732 0.113037 -0.010498 0.001424 0.219777 -0.020411
0.029175 0.087524 -0.031494 0.056724 0.170173 -0.061234
0.054443 0.070313 -0.008057 0.105854 0.136708 -0.015664
0.052002 0.084351 0.036011 0.101107 0.164002 0.070015
0.029419 0.085815 0.056396 0.057199 0.166850 0.109651
0.009277 0.081055 0.031006 0.018038 0.157594 0.060284
0.006226 0.075073 0.014404 0.012104 0.145964 0.028006
0.017456 0.054321 -0.005005 0.033940 0.105616 -0.009731
0.010620 0.032593 -0.040894 0.020649 0.063370 -0.079509
0.006348 0.022827 -0.058228 0.012342 0.044383 -0.113211
-0.022461 0.047974 -0.083984 -0.043671 0.093275 -0.163290
-0.017578 0.044556 -0.091064 -0.034177 0.086629 -0.177056
0.012817 0.030518 -0.070557 0.024921 0.059335 -0.137183
0.004517 0.011353 -0.066528 0.008782 0.022073 -0.129350
-0.032715 0.032227 -0.062988 -0.063607 0.062658 -0.122468
-0.018677 0.055054 -0.059204 -0.036313 0.107040 -0.115110
0.011597 0.031250 -0.061157 0.022547 0.060759 -0.118907
0.049438 0.016357 -0.056152 0.096123 0.031804 -0.109177
0.022583 0.032959 -0.082886 0.043908 0.064082 -0.161154
-0.017578 0.059082 -0.095703 -0.034177 0.114873 -0.186075
-0.051392 0.081909 -0.105347 -0.099920 0.159255 -0.204825
-0.035034 0.077148 -0.116821 -0.068117 0.149999 -0.227135
-0.004028 0.041382 -0.105957 -0.007832 0.080458 -0.206011
0.011597 0.003662 -0.083618 0.022547 0.007120 -0.162578
-0.021240 0.008423 -0.073242 -0.041297 0.016376 -0.142404
-0.043213 0.031982 -0.073975 -0.084018 0.062183 -0.143828
-0.050903 0.033813 -0.090210 -0.098971 0.065743 -0.175394
-0.047119 0.036987 -0.102295 -0.091613 0.071914 -0.198891
-0.042236 0.051758 -0.120728 -0.082120 0.100632 -0.234730
-0.046143 0.047485 -0.143311 -0.089715 0.092325 -0.278637
-0.066406 0.029785 -0.145020 -0.129113 0.057911 -0.281960
-0.069092 -0.000854 -0.129272 -0.134335 -0.001661 -0.251343
-0.082031 0.018066 -0.125366 -0.159493 0.035126 -0.243748
-0.078857 0.034058 -0.131836 -0.153322 0.066218 -0.256328
-0.089722 0.026978 -0.144531 -0.174445 0.052452 -0.281011
-0.073608 0.015015 -0.136230 -0.143116 0.029193 -0.264872
-0.046021 0.016846 -0.115356 -0.089477 0.032753 -0.224287
-0.021484 0.038086 -0.116577 -0.041772 0.074050 -0.226660
0.006958 0.035400 -0.123047 0.013528 0.068829 -0.239239
0.032959 0.023438 -0.112061 0.064082 0.045569 -0.217878
0.039917 0.022827 -0.094116 0.077610 0.044383 -0.182989
