0.098877 0.150879 -0.036743 0.192246 0.293353 -0.071439
0.071045 0.135132 -0.056274 0.138132 0.262736 -0.109414
0.053833 0.098633 -0.081177 0.104667 0.191771 -0.157831
-0.103516 0.152222 -0.147583 -0.201265 0.295963 -0.286944
-0.170898 0.179688 -0.218750 -0.332276 0.349365 -0.425314
-0.200317 -0.104248 -0.259277 -0.389475 -0.202689 -0.504111
-0.275391 -0.338135 -0.371216 -0.535440 -0.657433 -0.721752
-0.516479 0.185181 -0.176514 -1.004187 0.360045 -0.343194
-0.849731 0.465576 0.177734 -1.652126 0.905216 0.345567
-1.192505 0.598145 0.561890 -2.318577 1.162967 1.092477
-1.613892 0.577881 0.906982 -3.137876 1.123569 1.763438
-1.657593 0.339111 1.113159 -3.222844 0.659331 2.164306
-1.023438 0.750977 1.014771 -1.989861 1.460117 1.973010
-0.563232 1.057739 0.627930 -1.095088 2.056554 1.220878
-0.522705 0.451782 0.172974 -1.016291 0.878396 0.336311
-0.524658 0.009399 -0.210327 -1.020089 0.018275 -0.408937
-0.405762 -0.080811 -0.344849 -0.788919 -0.157119 -0.670486
-0.348389 0.079712 -0.283081 -0.677369 0.154983 -0.550392
-0.333252 0.161865 -0.382690 -0.647939 0.314713 -0.744062
-0.203979 0.234253 -0.666260 -0.396596 0.455456 -1.295403
-0.145386 0.189575 -1.143188 -0.282672 0.368589 -2.222692
0.047241 0.076904 -1.702881 0.091851 0.149524 -3.310897
0.196533 -0.083618 -2.139160 0.382118 -0.162578 -4.159151
0.309448 -0.077881 -2.472900 0.601658 -0.151423 -4.808040
0.374390 -0.163818 -2.476685 0.727923 -0.318511 -4.815397
0.383911 -0.096436 -2.229126 0.746435 -0.187499 -4.334071
0.361084 -0.015991 -1.714600 0.702053 -0.031092 -3.333682
0.273071 0.161011 -1.115601 0.530930 0.313052 -2.169053
0.164063 0.319702 -0.538696 0.318985 0.621594 -1.047383
0.051880 0.332642 -0.222412 0.100870 0.646752 -0.432434
-0.033813 0.268433 -0.057861 -0.065743 0.521911 -0.112499
-0.126099 0.178345 0.032837 -0.245173 0.346754 0.063845
-0.194946 0.064941 0.158813 -0.379032 0.126265 0.308780
-0.255859 -0.007813 0.259033 -0.497465 -0.015190 0.503636
-0.260132 0.018066 0.266235 -0.505772 0.035126 0.517639
-0.199463 0.088135 0.176392 -0.387814 0.171360 0.342957
-0.150269 0.035522 0.148071 -0.292166 0.069066 0.287894
-0.074707 -0.033203 0.141357 -0.145252 -0.064557 0.274840
-0.034546 -0.037598 0.129395 -0.067167 -0.073101 0.251581
-0.025513 -0.034424 0.112793 -0.049604 -0.066930 0.219302
0.004395 -0.039795 0.099854 0.008544 -0.077373 0.194144
0.032715 -0.022583 0.061523 0.063607 -0.043908 0.119620
0.056030 -0.015625 0.042480 0.108939 -0.030380 0.082594
0.076904 -0.038818 0.047485 0.149524 -0.075474 0.092325
0.079224 -0.058472 0.049683 0.154034 -0.113686 0.096597
0.065308 -0.046875 0.026489 0.126977 -0.091139 0.051503
0.042236 -0.018799 0.014771 0.082120 -0.036550 0.028718
0.033081 0.022095 0.000854 0.064319 0.042959 0.001661
0.035889 0.047607 -0.024780 0.069778 0.092563 -0.048180
0.015747 0.048462 -0.054077 0.030617 0.094224 -0.105142
-0.008789 0.050171 -0.077026 -0.017089 0.097547 -0.149762
-0.013550 0.031738 -0.033936 -0.026345 0.061708 -0.065981
-0.015747 0.031128 -0.010864 -0.030617 0.060522 -0.021123
-0.011719 0.051025 -0.001953 -0.022785 0.099208 -0.003797
-0.008301 0.036499 -0.022583 -0.016139 0.070965 -0.043908
0.010986 0.018188 -0.052490 0.021361 0.035364 -0.102056
0.028931 -0.012573 -0.061035 0.056250 -0.024446 -0.118670
0.028687 -0.028931 -0.065918 0.055775 -0.056250 -0.128164
0.015137 -0.032837 -0.083984 0.029430 -0.063845 -0.163290
0.003052 -0.039307 -0.093994 0.005934 -0.076424 -0.182752
-0.011108 -0.052856 -0.093384 -0.021598 -0.102768 -0.181565
-0.027588 -0.056152 -0.083496 -0.053639 -0.109177 -0.162341
-0.044189 -0.034790 -0.079834 -0.085917 -0.067642 -0.155221
-0.067017 0.000610 -0.105103 -0.130300 0.001187 -0.204350
-0.057495 0.023560 -0.137451 -0.111787 0.045807 -0.267245
-0.045288 0.007324 -0.153076 -0.088053 0.014240 -0.297625
-0.035400 -0.002075 -0.140381 -0.068829 -0.004035 -0.272941
-0.025024 0.012695 -0.141235 -0.048655 0.024683 -0.274603
-0.020020 0.010742 -0.133057 -0.038924 0.020886 -0.258701
-0.006592 0.013062 -0.131348 -0.012816 0.025395 -0.255378
0.002441 0.024048 -0.145508 0.004747 0.046756 -0.282910
0.007080 0.008545 -0.141357 0.013766 0.016614 -0.274840
0.008911 -0.006348 -0.113892 0.017326 -0.012342 -0.221438
0.007935 0.004272 -0.082520 0.015427 0.008307 -0.160442
0.008423 0.032227 -0.081787 0.016376 0.062658 -0.159018
0.010742 0.021851 -0.091431 0.020886 0.042484 -0.177768
0.015381 0.023315 -0.100342 0.029905 0.045332 -0.195094
0.014648 0.035645 -0.131470 0.028481 0.069303 -0.255615
0.014404 0.017090 -0.146362 0.028006 0.033228 -0.284571
0.001831 0.021240 -0.141113 0.003560 0.041297 -0.274365
