0.277100 0.434570 -0.522827 0.538762 0.844931 -1.016528
0.283569 0.615845 -0.635376 0.551341 1.197382 -1.235356
0.192871 0.438477 -0.607056 0.374998 0.852526 -1.180293
0.101318 0.347168 -0.414673 0.196992 0.674996 -0.806245
-0.069092 0.107178 -0.267822 -0.134335 0.208385 -0.520725
-0.207031 -0.116089 -0.275757 -0.402529 -0.225711 -0.536152
-0.343384 0.058594 -0.040161 -0.667638 0.113923 -0.078085
-0.582275 0.056885 0.270264 -1.132113 0.110601 0.525471
-0.941772 0.110962 0.713989 -1.831080 0.215742 1.388203
-1.311768 0.016235 1.261841 -2.550459 0.031566 2.453387
-1.341431 -0.007935 1.882935 -2.608132 -0.015427 3.660974
-1.591797 -0.150391 2.205811 -3.094917 -0.292403 4.288739
-1.877441 -0.115601 1.841431 -3.650294 -0.224761 3.580278
-1.699707 0.350708 1.568115 -3.304726 0.681879 3.048873
-1.277832 0.328613 1.276245 -2.484478 0.638920 2.481393
-0.754517 0.009399 0.520874 -1.467000 0.018275 1.012731
-0.588135 -0.511475 -0.002197 -1.143505 -0.994456 -0.004272
-0.377441 -0.625000 -0.446899 -0.733856 -1.215182 -0.868903
0.122314 -0.088135 -0.594238 0.237815 -0.171360 -1.155373
0.506836 0.464355 -0.584717 0.985437 0.902842 -1.136860
0.685547 0.637451 -0.877930 1.332903 1.239391 -1.706951
0.677734 0.406982 -1.270874 1.317713 0.791292 -2.470950
0.599121 0.331299 -1.658325 1.164866 0.644142 -3.224268
0.646851 0.271973 -2.016113 1.257666 0.528794 -3.919912
0.817017 0.286743 -2.282104 1.588519 0.557512 -4.437077
0.796265 0.214111 -2.062866 1.548171 0.416295 -4.010813
0.578125 0.063965 -1.497803 1.124044 0.124366 -2.912165
0.285889 0.134399 -0.812012 0.555851 0.261312 -1.578788
0.083862 0.272705 -0.295532 0.163053 0.530218 -0.574601
-0.005005 0.351074 -0.058838 -0.009731 0.682591 -0.114398
-0.171143 0.152710 -0.127808 -0.332751 0.296913 -0.248495
-0.178711 -0.072754 -0.188110 -0.347466 -0.141455 -0.365741
-0.146973 -0.176758 -0.181519 -0.285758 -0.343669 -0.352925
-0.132568 -0.138428 -0.136353 -0.257752 -0.269144 -0.265109
-0.091919 -0.086792 -0.068115 -0.178717 -0.168749 -0.132436
-0.005005 -0.023315 -0.038086 -0.009731 -0.045332 -0.074050
0.045166 0.002930 -0.034668 0.087816 0.005696 -0.067405
0.019775 -0.043823 -0.052002 0.038449 -0.085205 -0.101107
-0.002930 -0.135132 -0.077881 -0.005696 -0.262736 -0.151423
0.039673 -0.117065 -0.086182 0.077136 -0.227609 -0.167562
0.071045 -0.025391 -0.126587 0.138132 -0.049367 -0.246122
0.063477 -0.000854 -0.119995 0.123417 -0.001661 -0.233305
0.068359 0.035889 -0.122803 0.132911 0.069778 -0.238764
0.053833 -0.001831 -0.115356 0.104667 -0.003560 -0.224287
0.020386 -0.053467 -0.122192 0.039636 -0.103955 -0.237578
-0.015991 -0.071045 -0.125122 -0.031092 -0.138132 -0.243274
-0.033081 -0.045288 -0.093018 -0.064319 -0.088053 -0.180853
-0.043579 0.003784 -0.080688 -0.084730 0.007358 -0.156882
-0.009644 0.018555 -0.121826 -0.018750 0.036076 -0.236866
0.027954 -0.039307 -0.151245 0.054351 -0.076424 -0.294065
0.037964 -0.067017 -0.151123 0.073813 -0.130300 -0.293827
0.007935 -0.011475 -0.126709 0.015427 -0.022310 -0.246359
-0.002197 0.054443 -0.139771 -0.004272 0.105854 -0.271755
0.008179 0.057373 -0.155884 0.015902 0.111550 -0.303084
0.038086 0.030640 -0.151855 0.074050 0.059572 -0.295251
0.041748 -0.036011 -0.128906 0.081170 -0.070015 -0.250631
0.031250 -0.043823 -0.109497 0.060759 -0.085205 -0.212894
0.005371 0.007080 -0.100952 0.010443 0.013766 -0.196280
-0.024536 0.046875 -0.118408 -0.047705 0.091139 -0.230220
-0.050171 0.015015 -0.135742 -0.097547 0.029193 -0.263922
-0.054810 -0.035156 -0.141357 -0.106566 -0.068354 -0.274840
-0.037109 -0.007446 -0.116699 -0.072151 -0.014478 -0.226897
-0.037842 0.005371 -0.093262 -0.073575 0.010443 -0.181328
-0.033203 -0.005127 -0.081421 -0.064557 -0.009968 -0.158306
-0.027222 -0.020630 -0.099731 -0.052927 -0.040111 -0.193907
-0.019287 -0.021240 -0.133423 -0.037500 -0.041297 -0.259413
-0.016724 -0.024658 -0.130615 -0.032516 -0.047943 -0.253954
-0.006226 -0.005249 -0.104126 -0.012104 -0.010206 -0.202451
-0.017212 0.012451 -0.076782 -0.033465 0.024209 -0.149287
-0.014160 0.017822 -0.071533 -0.027531 0.034652 -0.139081
-0.007935 -0.016724 -0.089233 -0.015427 -0.032516 -0.173496
-0.020264 -0.014404 -0.126587 -0.039398 -0.028006 -0.246122
-0.017334 -0.007080 -0.126221 -0.033702 -0.013766 -0.245410
-0.013306 0.014282 -0.126465 -0.025870 0.027769 -0.245885
-0.012085 0.000488 -0.107666 -0.023497 0.000949 -0.209334
-0.017578 -0.007324 -0.095093 -0.034177 -0.014240 -0.184888
-0.027710 -0.007446 -0.093140 -0.053876 -0.014478 -0.181091
-0.021606 -0.013794 -0.085449 -0.042009 -0.026819 -0.166138
-0.029297 0.013672 -0.107300 -0.056962 0.026582 -0.208622
-0.021851 0.026367 -0.140503 -0.042484 0.051266 -0.273179
