0.434326 0.216187 -0.541504 0.844457 0.420330 -1.052842
0.281616 0.200806 -0.427856 0.547544 0.390425 -0.831878
0.151367 0.011230 -0.377197 0.294302 0.021835 -0.733381
0.174683 0.073242 -0.404053 0.339634 0.142404 -0.785596
-0.091919 -0.032715 -0.305786 -0.178717 -0.063607 -0.594537
-0.260498 -0.676392 -0.303345 -0.506484 -1.315103 -0.589791
-0.448853 -0.842773 -0.328125 -0.872700 -1.638597 -0.637971
-0.781982 -0.241699 -0.237183 -1.520402 -0.469934 -0.461152
-0.997314 0.332275 0.477295 -1.939070 0.646040 0.928001
-1.012207 0.612183 1.056519 -1.968026 1.190261 2.054180
-1.283447 0.172852 1.209473 -2.495396 0.336074 2.351568
-1.698242 -0.394653 1.676270 -3.301878 -0.767321 3.259157
-1.783325 -0.374634 1.993530 -3.467304 -0.728397 3.876004
-1.432373 0.054810 1.846680 -2.784951 0.106566 3.590484
-0.769409 0.199829 1.314819 -1.495956 0.388526 2.556392
-0.409302 0.043335 0.634888 -0.795802 0.084256 1.234407
-0.216309 0.089966 0.266113 -0.420567 0.174920 0.517402
0.015625 0.273804 0.072388 0.030380 0.532354 0.140743
0.035034 0.340698 -0.139893 0.068117 0.662417 -0.271992
-0.066772 0.377686 -0.357788 -0.129825 0.734331 -0.695644
-0.010864 0.349487 -0.629761 -0.021123 0.679505 -1.224439
0.090332 0.280762 -0.858643 0.175632 0.545883 -1.669452
0.197876 0.219849 -1.126221 0.384729 0.427450 -2.189702
0.216187 0.395386 -1.468628 0.420330 0.768745 -2.855441
0.334106 0.331177 -1.687988 0.649600 0.643904 -3.281941
0.496948 0.113403 -1.779785 0.966212 0.220489 -3.460421
0.444702 0.072266 -1.678467 0.864631 0.140505 -3.263429
0.332031 0.316528 -1.333862 0.645566 0.615423 -2.593417
0.215210 0.877075 -0.864502 0.418431 1.705290 -1.680844
0.101196 1.076416 -0.431519 0.196755 2.092867 -0.838998
0.076538 0.614136 -0.300171 0.148812 1.194059 -0.583620
0.078491 0.042725 -0.231323 0.152610 0.083069 -0.449760
0.017578 -0.234619 -0.139404 0.034177 -0.456168 -0.271043
-0.038818 -0.168335 -0.199585 -0.075474 -0.327292 -0.388051
-0.089722 -0.042847 -0.264282 -0.174445 -0.083306 -0.513842
-0.046509 0.023926 -0.234619 -0.090427 0.046519 -0.456168
-0.066406 0.055542 -0.211670 -0.129113 0.107990 -0.411548
-0.127930 0.069824 -0.180908 -0.248733 0.135759 -0.351738
-0.004883 0.086792 -0.129883 -0.009494 0.168749 -0.252530
-0.000854 0.111450 -0.062012 -0.001661 0.216692 -0.120569
-0.020142 0.091553 -0.059814 -0.039161 0.178005 -0.116297
-0.035400 0.062256 -0.110229 -0.068829 0.121044 -0.214318
-0.063354 0.060791 -0.155762 -0.123180 0.118195 -0.302846
-0.082031 0.087646 -0.146606 -0.159493 0.170410 -0.285046
-0.082397 0.108032 -0.108154 -0.160205 0.210046 -0.210283
-0.067993 0.073730 -0.067871 -0.132199 0.143354 -0.131961
-0.050659 0.049561 -0.074219 -0.098496 0.096360 -0.144303
-0.042603 0.004517 -0.090942 -0.082832 0.008782 -0.176819
-0.030396 -0.023071 -0.109375 -0.059098 -0.044857 -0.212657
-0.070435 0.027222 -0.121094 -0.136945 0.052927 -0.235442
-0.089722 0.074341 -0.109253 -0.174445 0.144540 -0.212420
-0.072388 0.094238 -0.091309 -0.140743 0.183227 -0.177531
-0.040527 0.073242 -0.074341 -0.078797 0.142404 -0.144540
0.014282 -0.001831 -0.064941 0.027769 -0.003560 -0.126265
-0.013672 -0.015259 -0.080688 -0.026582 -0.029668 -0.156882
-0.064453 -0.002319 -0.115479 -0.125316 -0.004509 -0.224524
-0.063599 0.021240 -0.129761 -0.123654 0.041297 -0.252293
-0.018555 0.039307 -0.116089 -0.036076 0.076424 -0.225711
0.009155 0.016724 -0.092529 0.017801 0.032516 -0.179904
-0.012695 0.027832 -0.084473 -0.024683 0.054114 -0.164239
-0.034424 0.031006 -0.121948 -0.066930 0.060284 -0.237103
-0.016968 0.033081 -0.160767 -0.032990 0.064319 -0.312577
-0.013794 0.031738 -0.147583 -0.026819 0.061708 -0.286944
-0.003296 0.034302 -0.111572 -0.006408 0.066693 -0.216929
0.011719 0.049927 -0.099365 0.022785 0.097072 -0.193195
0.004272 0.017700 -0.113525 0.008307 0.034414 -0.220726
-0.034302 0.002808 -0.114868 -0.066693 0.005459 -0.223337
-0.039795 0.001221 -0.093018 -0.077373 0.002373 -0.180853
-0.022949 0.001221 -0.094116 -0.044620 0.002373 -0.182989
-0.013428 0.006836 -0.108398 -0.026107 0.013291 -0.210758
0.006470 0.015503 -0.120117 0.012579 0.030142 -0.233543
-0.001831 0.015625 -0.129272 -0.003560 0.030380 -0.251343
-0.025146 -0.004272 -0.127441 -0.048892 -0.008307 -0.247783
-0.044800 -0.006836 -0.116577 -0.087104 -0.013291 -0.226660
-0.042603 0.013672 -0.098877 -0.082832 0.026582 -0.192246
-0.015503 0.033081 -0.099365 -0.030142 0.064319 -0.193195
0.000122 0.033081 -0.119141 0.000237 0.064319 -0.231644
-0.010742 0.000366 -0.125244 -0.020886 0.000712 -0.243511
-0.036255 0.001709 -0.106689 -0.070490 0.003323 -0.207435
-0.045166 0.000854 -0.096191 -0.087816 0.001661 -0.187024
