0.039673 -0.048584 -0.041992 0.077136 -0.094461 -0.081645
0.128418 0.213379 -0.036743 0.249682 0.414871 -0.071439
0.081055 0.151123 -0.001587 0.157594 0.293827 -0.003085
0.067017 0.053345 -0.009888 0.130300 0.103718 -0.019225
0.066162 -0.278442 -0.012695 0.128638 -0.541373 -0.024683
-0.008423 -0.661011 0.031372 -0.016376 -1.285198 0.060996
-0.212891 -0.737793 -0.014526 -0.413921 -1.434485 -0.028243
-0.424438 -0.070557 0.206299 -0.825232 -0.137183 0.401105
-0.805542 0.207275 0.360596 -1.566208 0.403004 0.701103
-0.671021 0.337036 0.283691 -1.304659 0.655297 0.551579
-0.683472 0.681396 1.059937 -1.328868 1.324834 2.060826
-1.178955 0.315063 1.440552 -2.292233 0.612575 2.800853
-1.515259 0.165161 1.563721 -2.946105 0.321121 3.040329
-1.045898 0.405762 1.589233 -2.033532 0.788919 3.089933
-0.676025 0.123779 1.222656 -1.314391 0.240663 2.377200
-0.698975 -0.348877 0.591919 -1.359010 -0.678319 1.150863
-0.489868 -0.165771 0.280151 -0.952447 -0.322308 0.544696
-0.407104 0.134644 0.067871 -0.791530 0.261786 0.131961
-0.276489 0.225830 -0.261475 -0.537576 0.439080 -0.508383
-0.078857 0.245239 -0.748779 -0.153322 0.476817 -1.455845
0.023926 0.182251 -1.273682 0.046519 0.354349 -2.476408
0.112061 0.232300 -1.718018 0.217878 0.451659 -3.340327
0.227539 0.645264 -1.992188 0.442402 1.254581 -3.873394
0.331421 0.918579 -1.945068 0.644379 1.785986 -3.781780
0.483643 0.658447 -1.729858 0.940342 1.280213 -3.363349
0.444702 0.215820 -1.511719 0.864631 0.419618 -2.939222
0.292114 -0.010254 -1.137329 0.567955 -0.019937 -2.211299
0.154419 -0.035400 -0.703247 0.300235 -0.068829 -1.367317
0.042236 0.047485 -0.353394 0.082120 0.092325 -0.687100
-0.098755 0.067749 -0.204346 -0.192008 0.131724 -0.397308
-0.111816 0.050293 -0.202637 -0.217404 0.097784 -0.393985
-0.031616 0.024170 -0.168579 -0.061471 0.046993 -0.327767
0.034424 0.090576 -0.073486 0.066930 0.176106 -0.142879
-0.009033 0.029785 -0.029297 -0.017563 0.057911 -0.056962
-0.015381 0.097290 0.001953 -0.029905 0.189160 0.003797
0.006592 0.174438 -0.085571 0.012816 0.339159 -0.166376
0.074707 0.132202 -0.150146 0.145252 0.257040 -0.291929
0.083740 0.061401 -0.161011 0.162815 0.119382 -0.313052
0.021973 0.107300 -0.119507 0.042721 0.208622 -0.232356
-0.028931 0.138062 -0.125977 -0.056250 0.268432 -0.244935
-0.070923 0.018066 -0.160400 -0.137895 0.035126 -0.311865
-0.090942 -0.007813 -0.141235 -0.176819 -0.015190 -0.274603
-0.123291 -0.035522 -0.098511 -0.239714 -0.069066 -0.191534
-0.138184 -0.047485 -0.126587 -0.268669 -0.092325 -0.246122
-0.084473 -0.037231 -0.132202 -0.164239 -0.072389 -0.257040
-0.040771 -0.008057 -0.138550 -0.079272 -0.015664 -0.269381
-0.012817 0.042480 -0.128784 -0.024921 0.082594 -0.250394
-0.035034 0.045776 -0.135986 -0.068117 0.089003 -0.264397
-0.056274 0.020508 -0.126465 -0.109414 0.039873 -0.245885
-0.082275 -0.029175 -0.142090 -0.159967 -0.056724 -0.276264
-0.079590 0.021484 -0.137207 -0.154746 0.041772 -0.266770
-0.052856 0.023438 -0.121948 -0.102768 0.045569 -0.237103
-0.025757 0.028687 -0.110107 -0.050079 0.055775 -0.214081
-0.042114 0.017822 -0.121338 -0.081882 0.034652 -0.235916
-0.044312 0.027466 -0.105713 -0.086155 0.053402 -0.205537
-0.034790 -0.001953 -0.069214 -0.067642 -0.003797 -0.134572
-0.045166 -0.046387 -0.065063 -0.087816 -0.090189 -0.126502
-0.041138 -0.022583 -0.068359 -0.079984 -0.043908 -0.132911
-0.021484 0.001953 -0.087646 -0.041772 0.003797 -0.170410
-0.026611 -0.009766 -0.140137 -0.051740 -0.018987 -0.272467
0.001709 -0.029785 -0.139160 0.003323 -0.057911 -0.270568
0.002197 -0.036865 -0.115356 0.004272 -0.071677 -0.224287
-0.008423 -0.010254 -0.116699 -0.016376 -0.019937 -0.226897
-0.025391 0.014282 -0.126221 -0.049367 0.027769 -0.245410
-0.034424 -0.008667 -0.159058 -0.066930 -0.016851 -0.309254
-0.033203 0.024658 -0.161011 -0.064557 0.047943 -0.313052
-0.049805 0.042236 -0.138306 -0.096835 0.082120 -0.268907
-0.076660 0.032959 -0.133667 -0.149050 0.064082 -0.259888
-0.066162 0.040527 -0.133423 -0.128638 0.078797 -0.259413
-0.059570 0.010376 -0.157471 -0.115822 0.020174 -0.306169
-0.048218 0.060547 -0.176147 -0.093749 0.117721 -0.342482
-0.125244 0.096680 -0.128540 -0.243511 0.187973 -0.249919
-0.249390 0.104004 -0.126831 -0.484886 0.202214 -0.246597
-0.259277 0.011719 -0.108032 -0.504111 0.022785 -0.210046
-0.189575 -0.058105 -0.096436 -0.368589 -0.112974 -0.187499
-0.071411 0.038452 -0.167725 -0.138844 0.074762 -0.326106
0.014404 0.051514 -0.176392 0.028006 0.100158 -0.342957
-0.023193 0.015259 -0.076294 -0.045095 0.029668 -0.148338
-0.053589 0.012085 -0.011475 -0.104192 0.023497 -0.022310
-0.034302 -0.036865 -0.049316 -0.066693 -0.071677 -0.095885
