0.087524 -0.054688 -0.301636 0.170173 -0.106328 -0.586468
0.041016 0.200317 -0.366211 0.079746 0.389475 -0.712021
-0.038208 0.195435 -0.313721 -0.074288 0.379982 -0.609965
-0.199341 -0.000854 -0.208130 -0.387577 -0.001661 -0.404665
-0.233398 -0.123047 -0.128418 -0.453795 -0.239239 -0.249682
-0.201782 0.140137 -0.162842 -0.392323 0.272467 -0.316612
-0.441284 0.379639 -0.123047 -0.857985 0.738128 -0.239239
-0.830200 0.389893 0.371460 -1.614151 0.758065 0.722227
-1.249268 0.450928 0.723389 -2.428941 0.876735 1.406479
-1.784058 0.308716 0.925171 -3.468728 0.600234 1.798802
-1.937988 -0.135498 1.216431 -3.768014 -0.263448 2.365096
-1.700317 -0.825317 1.330933 -3.305913 -1.604658 2.587721
-1.222412 -1.046143 1.287720 -2.376726 -2.034006 2.503703
-0.794067 -0.438477 1.292480 -1.543899 -0.852526 2.512959
-0.521606 0.119141 1.160400 -1.014155 0.231644 2.256157
-0.215820 0.031372 0.698853 -0.419618 0.060996 1.358773
-0.070068 0.120361 0.219238 -0.136233 0.234018 0.426263
-0.051147 0.355103 -0.061401 -0.099446 0.690423 -0.119382
-0.052368 0.409424 -0.186646 -0.101819 0.796039 -0.362893
0.074585 0.341064 -0.389648 0.145015 0.663129 -0.757590
0.129395 0.286377 -0.620728 0.251581 0.556800 -1.206875
0.082886 0.256226 -0.855469 0.161154 0.498177 -1.663281
0.082275 0.264893 -1.009155 0.159967 0.515028 -1.962092
0.087280 0.309204 -1.134888 0.169698 0.601183 -2.206553
0.053833 0.390869 -1.294556 0.104667 0.759964 -2.516994
0.026001 0.455200 -1.479370 0.050553 0.885042 -2.876327
0.075317 0.623657 -1.532715 0.146439 1.212572 -2.980045
0.123169 0.693115 -1.347168 0.239476 1.347618 -2.619287
0.161865 0.373413 -0.997070 0.314713 0.726024 -1.938595
0.247437 0.268066 -0.656372 0.481089 0.521199 -1.276179
0.242676 0.259521 -0.398926 0.471832 0.504585 -0.775628
0.210693 0.108765 -0.315186 0.409649 0.211470 -0.612813
0.205811 0.034424 -0.280518 0.400156 0.066930 -0.545408
0.177246 -0.033936 -0.244263 0.344618 -0.065981 -0.474918
0.135498 -0.109619 -0.199341 0.263448 -0.213132 -0.387577
0.122192 -0.054443 -0.110718 0.237578 -0.105854 -0.215268
0.119263 0.014282 -0.088501 0.231881 0.027769 -0.172072
0.105591 0.034180 -0.098755 0.205299 0.066455 -0.192008
0.080200 0.033447 -0.099731 0.155933 0.065031 -0.193907
0.070068 0.032715 -0.085449 0.136233 0.063607 -0.166138
0.056763 0.011841 -0.071289 0.110363 0.023022 -0.138607
0.010864 -0.020142 -0.067993 0.021123 -0.039161 -0.132199
-0.035889 -0.010986 -0.056763 -0.069778 -0.021361 -0.110363
-0.059448 0.000122 -0.050415 -0.115585 0.000237 -0.098022
-0.104248 -0.000854 -0.047729 -0.202689 -0.001661 -0.092800
-0.119995 0.012573 -0.043213 -0.233305 0.024446 -0.084018
-0.108154 0.024170 -0.022339 -0.210283 0.046993 -0.043433
-0.088257 0.041382 -0.035156 -0.171597 0.080458 -0.068354
-0.060303 0.040649 -0.050049 -0.117246 0.079034 -0.097310
-0.046509 0.015503 -0.080322 -0.090427 0.030142 -0.156170
-0.049561 0.005981 -0.112183 -0.096360 0.011630 -0.218116
-0.040283 -0.003418 -0.107788 -0.078322 -0.006646 -0.209571
-0.032227 -0.004639 -0.094604 -0.062658 -0.009019 -0.183939
-0.044800 -0.009521 -0.077148 -0.087104 -0.018513 -0.149999
-0.041626 -0.019165 -0.061768 -0.080933 -0.037262 -0.120094
-0.038574 -0.035767 -0.064697 -0.075000 -0.069541 -0.125790
-0.050781 -0.031250 -0.073853 -0.098734 -0.060759 -0.143591
-0.068848 0.002197 -0.083740 -0.133860 0.004272 -0.162815
-0.052002 0.023438 -0.100220 -0.101107 0.045569 -0.194856
-0.053833 -0.002319 -0.134399 -0.104667 -0.004509 -0.261312
-0.036499 -0.026978 -0.163330 -0.070965 -0.052452 -0.317561
-0.031128 0.024292 -0.162231 -0.060522 0.047231 -0.315425
-0.033691 0.015015 -0.160522 -0.065506 0.029193 -0.312102
-0.022339 -0.008911 -0.143066 -0.043433 -0.017326 -0.278163
-0.034302 -0.014648 -0.134277 -0.066693 -0.028481 -0.261074
-0.027222 -0.002441 -0.118042 -0.052927 -0.004747 -0.229508
-0.012085 -0.010010 -0.118286 -0.023497 -0.019462 -0.229983
-0.022095 -0.013916 -0.120605 -0.042959 -0.027057 -0.234492
-0.012085 -0.001099 -0.124756 -0.023497 -0.002136 -0.242562
-0.000122 -0.019409 -0.127930 -0.000237 -0.037737 -0.248733
-0.002441 -0.008545 -0.115234 -0.004747 -0.016614 -0.224049
-0.007202 0.000488 -0.113159 -0.014003 0.000949 -0.220014
-0.003784 -0.003418 -0.108521 -0.007358 -0.006646 -0.210996
-0.008667 -0.002319 -0.118408 -0.016851 -0.004509 -0.230220
-0.009399 -0.009155 -0.117920 -0.018275 -0.017801 -0.229271
0.000610 -0.003174 -0.111450 0.001187 -0.006171 -0.216692
-0.003052 0.002930 -0.121826 -0.005934 0.005696 -0.236866
-0.006592 0.014160 -0.131958 -0.012816 0.027531 -0.256565
-0.020996 0.023193 -0.141968 -0.040823 0.045095 -0.276027
-0.023071 0.016113 -0.132813 -0.044857 0.031329 -0.258226
