0.385498 -0.029297 -0.535889 0.749521 -0.056962 -1.041924
0.331543 0.095093 -0.436646 0.644616 0.184888 -0.848966
0.232300 0.208618 -0.412231 0.451659 0.405615 -0.801498
0.078735 0.135376 -0.410645 0.153084 0.263210 -0.798413
0.029663 -0.080811 -0.355225 0.057674 -0.157119 -0.690660
0.107300 -0.231689 -0.224121 0.208622 -0.450472 -0.435757
0.093018 -0.090332 -0.255981 0.180853 -0.175632 -0.497703
-0.052246 0.352295 -0.157104 -0.101582 0.684964 -0.305457
-0.132568 0.913818 -0.043823 -0.257752 1.776729 -0.085205
-0.441284 0.395996 0.232666 -0.857985 0.769932 0.452371
-0.736084 0.325928 0.303223 -1.431162 0.633699 0.589553
-0.966309 0.152466 0.548462 -1.878786 0.296438 1.066370
-1.153931 0.012085 0.864990 -2.243578 0.023497 1.681793
-1.288818 -0.053711 1.111328 -2.505839 -0.104430 2.160746
-1.042114 0.061523 1.193359 -2.026174 0.119620 2.320239
-0.717407 0.240967 1.244385 -1.394849 0.468510 2.419447
-0.603271 -0.022461 1.363403 -1.172936 -0.043671 2.650854
-0.462036 -0.225586 1.375610 -0.898333 -0.438605 2.674588
-0.570313 0.028076 1.267822 -1.108854 0.054588 2.465016
-0.887085 0.383911 1.095459 -1.724752 0.746435 2.129892
-0.960327 0.470459 0.770020 -1.867156 0.914709 1.497143
-0.729858 0.352417 0.314453 -1.419058 0.685201 0.611389
-0.330322 0.201660 -0.188721 -0.642243 0.392086 -0.366928
-0.051880 0.101440 -0.701782 -0.100870 0.197230 -1.364469
-0.007690 0.072998 -1.022461 -0.014952 0.141929 -1.987962
-0.047974 0.089722 -1.220825 -0.093275 0.174445 -2.373640
-0.081909 0.076782 -1.402954 -0.159255 0.149287 -2.727752
-0.069214 0.158691 -1.613647 -0.134572 0.308542 -3.137401
-0.013062 0.209717 -1.736328 -0.025395 0.407751 -3.375928
0.037354 0.291260 -1.731934 0.072626 0.566294 -3.367384
0.111328 0.410767 -1.613281 0.216454 0.798650 -3.136689
0.200317 0.450195 -1.491455 0.389475 0.875311 -2.899824
0.261230 0.370850 -1.272705 0.507908 0.721040 -2.474510
0.286011 0.257446 -0.974243 0.556088 0.500551 -1.894213
0.240723 0.224487 -0.738403 0.468035 0.436469 -1.435671
0.177368 0.205322 -0.562744 0.344855 0.399206 -1.094139
0.147949 0.132935 -0.459717 0.287656 0.258464 -0.893824
0.086914 0.091431 -0.397095 0.168986 0.177768 -0.772068
0.028931 0.087524 -0.292969 0.056250 0.170173 -0.569617
-0.004028 0.078491 -0.191650 -0.007832 0.152610 -0.372624
-0.042480 0.075317 -0.141357 -0.082594 0.146439 -0.274840
-0.057373 0.048462 -0.128540 -0.111550 0.094224 -0.249919
-0.064941 -0.026367 -0.116455 -0.126265 -0.051266 -0.226423
-0.081665 -0.084351 -0.075806 -0.158781 -0.164002 -0.147388
-0.080566 -0.072266 -0.033936 -0.156645 -0.140505 -0.065981
-0.050781 -0.002441 -0.027222 -0.098734 -0.004747 -0.052927
-0.037720 0.004639 -0.026611 -0.073338 0.009019 -0.051740
-0.036255 -0.051880 -0.021362 -0.070490 -0.100870 -0.041535
-0.035034 -0.069336 -0.034790 -0.068117 -0.134809 -0.067642
-0.041016 -0.074585 -0.094604 -0.079746 -0.145015 -0.183939
-0.050415 -0.078979 -0.135254 -0.098022 -0.153559 -0.262973
-0.065918 -0.033936 -0.130859 -0.128164 -0.065981 -0.254429
-0.079834 0.028564 -0.101685 -0.155221 0.055538 -0.197704
-0.066040 0.022949 -0.067993 -0.128401 0.044620 -0.132199
-0.032349 -0.016846 -0.033691 -0.062895 -0.032753 -0.065506
-0.000244 -0.011963 -0.013672 -0.000475 -0.023259 -0.026582
0.029419 -0.004517 -0.016968 0.057199 -0.008782 -0.032990
0.057983 -0.001221 -0.022217 0.112737 -0.002373 -0.043196
0.058838 0.017090 -0.026489 0.114398 0.033228 -0.051503
0.037964 0.022583 -0.039551 0.073813 0.043908 -0.076898
0.004761 0.010498 -0.052612 0.009256 0.020411 -0.102294
-0.024414 -0.009644 -0.040894 -0.047468 -0.018750 -0.079509
-0.050293 -0.029419 -0.002441 -0.097784 -0.057199 -0.004747
-0.083008 -0.022705 0.036987 -0.161391 -0.044145 0.071914
-0.066772 -0.026611 0.046631 -0.129825 -0.051740 0.090664
-0.061157 -0.087158 0.005493 -0.118907 -0.169461 0.010680
-0.057007 -0.164063 -0.024902 -0.110838 -0.318985 -0.048417
-0.057007 -0.205811 -0.058960 -0.110838 -0.400156 -0.114635
-0.070679 -0.197388 -0.082886 -0.137420 -0.383779 -0.161154
-0.066406 -0.160156 -0.070557 -0.129113 -0.311390 -0.137183
-0.066772 -0.098999 -0.055298 -0.129825 -0.192483 -0.107515
-0.065430 -0.063110 -0.085815 -0.127214 -0.122705 -0.166850
-0.062500 -0.083252 -0.130615 -0.121518 -0.161866 -0.253954
-0.051880 -0.107544 -0.144043 -0.100870 -0.209097 -0.280062
-0.043213 -0.093872 -0.154907 -0.084018 -0.182515 -0.301185
-0.057495 -0.035278 -0.157104 -0.111787 -0.068591 -0.305457
-0.049805 -0.012817 -0.187866 -0.096835 -0.024921 -0.365267
-0.028687 -0.015625 -0.195557 -0.055775 -0.030380 -0.380219
0.014282 -0.009888 -0.176514 0.027769 -0.019225 -0.343194
0.050537 -0.008667 -0.156616 0.098259 -0.016851 -0.304508
