0.210327 0.120117 -0.243164 0.408937 0.233543 -0.472782
0.276001 0.360474 -0.254517 0.536626 0.700866 -0.494854
0.233276 0.236572 -0.296021 0.453557 0.459965 -0.575550
0.221069 0.089478 -0.384155 0.429823 0.173970 -0.746910
0.238403 -0.024902 -0.375244 0.463526 -0.048417 -0.729584
0.287354 0.062134 -0.471924 0.558699 0.120806 -0.917558
0.233765 0.513550 -0.481201 0.454507 0.998491 -0.935595
-0.194092 0.656250 -0.371582 -0.377371 1.275941 -0.722464
-0.457642 0.713745 -0.161133 -0.889789 1.387729 -0.313289
-0.571167 0.313843 -0.032227 -1.110515 0.610202 -0.062658
-0.940674 -0.102905 0.518555 -1.828944 -0.200078 1.008222
-1.274658 0.017334 1.162598 -2.478307 0.033702 2.260429
-1.424194 -0.068481 1.546387 -2.769049 -0.133148 3.006627
-1.380737 -0.506348 1.665161 -2.684556 -0.984487 3.237559
-1.197632 -0.749756 1.657104 -2.328546 -1.457744 3.221894
-0.833984 -0.584595 1.699585 -1.621509 -1.136623 3.304489
-0.492065 0.105591 1.614990 -0.956719 0.205299 3.140012
-0.466064 0.411987 1.128052 -0.906165 0.801023 2.193262
-0.408203 0.251953 0.568604 -0.793666 0.489870 1.105531
-0.213989 0.261597 0.216675 -0.416058 0.508620 0.421279
-0.133301 0.276855 -0.130981 -0.259176 0.538288 -0.254666
-0.092163 0.239990 -0.473145 -0.179192 0.466611 -0.919931
-0.057129 0.229004 -0.760498 -0.111075 0.445250 -1.478630
-0.079346 0.267456 -1.021851 -0.154271 0.520013 -1.986776
-0.063477 0.225220 -1.318237 -0.123417 0.437893 -2.563038
0.039673 0.203735 -1.581909 0.077136 0.396121 -3.075693
-0.010498 0.392456 -1.781128 -0.020411 0.763049 -3.463032
-0.141479 0.740601 -1.971436 -0.275077 1.439944 -3.833045
-0.093506 0.615967 -1.957764 -0.181803 1.197619 -3.806463
-0.000854 0.259766 -1.867676 -0.001661 0.505060 -3.631306
0.120117 0.039795 -1.478638 0.233543 0.077373 -2.874903
0.097412 0.165527 -0.927490 0.189398 0.321833 -1.803311
0.020996 0.344238 -0.539307 0.040823 0.669300 -1.048569
0.040039 0.296631 -0.331665 0.077848 0.576737 -0.644854
0.117310 0.109131 -0.261597 0.228084 0.212182 -0.508620
0.166138 0.011353 -0.279907 0.323020 0.022073 -0.544221
0.156250 -0.001221 -0.272217 0.303796 -0.002373 -0.529269
0.119751 0.009155 -0.215210 0.232831 0.017801 -0.418431
0.084595 0.023926 -0.164063 0.164477 0.046519 -0.318985
0.052246 0.023804 -0.176147 0.101582 0.046281 -0.342482
-0.002808 0.034302 -0.169922 -0.005459 0.066693 -0.330378
-0.018066 0.018555 -0.171631 -0.035126 0.036076 -0.333700
-0.018799 -0.018311 -0.161743 -0.036550 -0.035601 -0.314476
-0.043091 -0.069336 -0.143799 -0.083781 -0.134809 -0.279587
-0.060303 -0.063843 -0.120117 -0.117246 -0.124129 -0.233543
-0.097290 -0.000244 -0.109375 -0.189160 -0.000475 -0.212657
-0.100830 0.018921 -0.106689 -0.196043 0.036788 -0.207435
-0.087891 -0.005249 -0.107666 -0.170885 -0.010206 -0.209334
-0.031738 -0.028809 -0.113403 -0.061708 -0.056012 -0.220489
0.016235 -0.067383 -0.111572 0.031566 -0.131012 -0.216929
0.025757 -0.034302 -0.123413 0.050079 -0.066693 -0.239951
0.052612 -0.015015 -0.128174 0.102294 -0.029193 -0.249207
-0.003906 -0.006592 -0.101563 -0.007595 -0.012816 -0.197467
-0.040161 0.031372 -0.075195 -0.078085 0.060996 -0.146202
-0.049927 0.037842 -0.074951 -0.097072 0.073575 -0.145727
-0.071045 0.016113 -0.099731 -0.138132 0.031329 -0.193907
-0.080322 0.027466 -0.118774 -0.156170 0.053402 -0.230932
-0.088379 0.111328 -0.184082 -0.171834 0.216454 -0.357909
-0.138916 0.175781 -0.304443 -0.270093 0.341770 -0.591927
-0.165405 0.104736 -0.285767 -0.321596 0.203638 -0.555614
-0.028198 -0.069702 -0.169189 -0.054826 -0.135521 -0.328954
0.067871 -0.122681 -0.104004 0.131961 -0.238527 -0.202214
0.015747 -0.060547 -0.104736 0.030617 -0.117721 -0.203638
-0.012329 -0.059448 -0.090210 -0.023971 -0.115585 -0.175394
0.028320 -0.120117 -0.055542 0.055063 -0.233543 -0.107990
0.032471 -0.124756 -0.049805 0.063133 -0.242562 -0.096835
0.009644 -0.103516 -0.064331 0.018750 -0.201265 -0.125078
0.011597 -0.108765 -0.067749 0.022547 -0.211470 -0.131724
0.000122 -0.141602 -0.058105 0.000237 -0.275315 -0.112974
-0.005737 -0.131226 -0.020874 -0.011155 -0.255141 -0.040585
-0.006592 -0.104126 -0.013672 -0.012816 -0.202451 -0.026582
-0.020020 -0.078369 -0.038818 -0.038924 -0.152372 -0.075474
-0.029053 -0.093384 -0.063599 -0.056487 -0.181565 -0.123654
-0.025146 -0.160156 -0.057007 -0.048892 -0.311390 -0.110838
-0.022339 -0.183594 -0.036865 -0.043433 -0.356960 -0.071677
-0.065430 -0.128662 -0.081055 -0.127214 -0.250157 -0.157594
-0.116333 -0.091187 -0.132202 -0.226185 -0.177293 -0.257040
-0.124512 -0.076172 -0.123413 -0.242087 -0.148100 -0.239951
-0.137329 -0.039307 -0.111084 -0.267008 -0.076424 -0.215980
-0.160767 -0.023804 -0.082153 -0.312577 -0.046281 -0.159730
