0.451660 0.322021 -0.499878 0.878159 0.626104 -0.971908
0.262451 0.585205 -0.547241 0.510282 1.137809 -1.063997
0.045654 0.192017 -0.523193 0.088765 0.373336 -1.017240
-0.139771 -0.226074 -0.475342 -0.271755 -0.439554 -0.924203
-0.280151 -0.207275 -0.368652 -0.544696 -0.403004 -0.716768
-0.516602 -0.000122 -0.375610 -1.004424 -0.000237 -0.730296
-1.071655 0.397583 -0.107056 -2.083610 0.773017 -0.208147
-1.510376 0.558716 0.378662 -2.936611 1.086306 0.736230
-1.867432 0.398560 0.588501 -3.630832 0.774916 1.144217
-1.964478 0.188354 0.791748 -3.819517 0.366216 1.539389
-1.884277 -0.242432 1.042114 -3.663585 -0.471358 2.026174
-1.856323 -0.743774 1.333130 -3.609234 -1.446114 2.591993
-1.754761 -1.056763 1.552612 -3.411767 -2.054655 3.018731
-1.112061 -0.069214 1.725830 -2.162170 -0.134572 3.355517
-0.363159 0.753906 1.363403 -0.706087 1.465814 2.650854
-0.123169 0.557129 0.510620 -0.239476 1.083221 0.992794
-0.104126 -0.052856 -0.256836 -0.202451 -0.102768 -0.499364
-0.031372 -0.429932 -0.633423 -0.060996 -0.835912 -1.231559
-0.031250 -0.379395 -0.741211 -0.060759 -0.737654 -1.441130
-0.027100 -0.136963 -0.685547 -0.052690 -0.266296 -1.332903
0.010986 0.117188 -0.718628 0.021361 0.227847 -1.397222
0.058960 0.396729 -0.901245 0.114635 0.771356 -1.752283
0.166382 0.615723 -1.182373 0.323495 1.197144 -2.298878
0.272949 0.637817 -1.513672 0.530693 1.240103 -2.943020
0.321411 0.540283 -1.792969 0.624917 1.050468 -3.486054
0.307129 0.455200 -1.884644 0.597148 0.885042 -3.664297
0.303101 0.341553 -1.647095 0.589316 0.664078 -3.202432
0.291870 0.196899 -1.246094 0.567481 0.382830 -2.422770
0.152466 0.171265 -0.841431 0.296438 0.332988 -1.635987
0.062622 0.239380 -0.566895 0.121756 0.465424 -1.102208
0.006836 0.295776 -0.239868 0.013291 0.575076 -0.466374
0.041626 0.251953 -0.109863 0.080933 0.489870 -0.213606
0.058228 0.213013 -0.085815 0.113211 0.414159 -0.166850
0.056274 0.101440 -0.089844 0.109414 0.197230 -0.174682
0.077148 -0.014160 -0.083618 0.149999 -0.027531 -0.162578
0.054688 -0.039429 -0.095093 0.106328 -0.076661 -0.184888
0.007080 -0.056519 -0.055664 0.013766 -0.109889 -0.108227
-0.067505 -0.010010 -0.040405 -0.131249 -0.019462 -0.078560
-0.095825 -0.017090 -0.051514 -0.186312 -0.033228 -0.100158
-0.057617 -0.112915 -0.066284 -0.112025 -0.219540 -0.128876
-0.001953 -0.171631 -0.068481 -0.003797 -0.333700 -0.133148
-0.006836 -0.166626 -0.053101 -0.013291 -0.323969 -0.103243
-0.031372 -0.166626 -0.041626 -0.060996 -0.323969 -0.080933
-0.040771 -0.154053 -0.044800 -0.079272 -0.299523 -0.087104
-0.014526 -0.095215 -0.060547 -0.028243 -0.185125 -0.117721
-0.022949 -0.017456 -0.092896 -0.044620 -0.033940 -0.180616
-0.041748 0.000488 -0.137573 -0.081170 0.000949 -0.267482
-0.034180 -0.026367 -0.163208 -0.066455 -0.051266 -0.317324
-0.015991 -0.038086 -0.151855 -0.031092 -0.074050 -0.295251
-0.004150 0.005493 -0.138550 -0.008070 0.010680 -0.269381
0.013184 -0.013184 -0.139282 0.025633 -0.025633 -0.270805
0.007446 -0.013306 -0.139893 0.014478 -0.025870 -0.271992
0.000366 0.034912 -0.130981 0.000712 0.067879 -0.254666
0.000366 0.046509 -0.144775 0.000712 0.090427 -0.281486
0.011719 0.019897 -0.155151 0.022785 0.038686 -0.301659
0.029785 0.015991 -0.142334 0.057911 0.031092 -0.276739
0.035767 0.003418 -0.114258 0.069541 0.006646 -0.222151
0.030151 0.010254 -0.099731 0.058623 0.019937 -0.193907
0.019531 0.015015 -0.094360 0.037974 0.029193 -0.183464
0.002686 0.014526 -0.107666 0.005221 0.028243 -0.209334
-0.014648 0.026489 -0.136230 -0.028481 0.051503 -0.264872
-0.030029 0.024170 -0.155151 -0.058386 0.046993 -0.301659
-0.034546 0.005371 -0.159668 -0.067167 0.010443 -0.310441
-0.055664 0.005737 -0.168457 -0.108227 0.011155 -0.327530
-0.052246 0.021973 -0.169067 -0.101582 0.042721 -0.328716
-0.050415 0.042358 -0.156616 -0.098022 0.082357 -0.304508
-0.056885 0.035400 -0.148926 -0.110601 0.068829 -0.289555
-0.031860 0.011963 -0.150391 -0.061946 0.023259 -0.292403
-0.019897 0.010010 -0.153442 -0.038686 0.019462 -0.298337
-0.030029 0.013428 -0.149414 -0.058386 0.026107 -0.290505
-0.033203 0.009766 -0.145264 -0.064557 0.018987 -0.282435
-0.025513 0.004883 -0.150513 -0.049604 0.009494 -0.292641
-0.011230 -0.013672 -0.148438 -0.021835 -0.026582 -0.288606
0.008057 -0.031372 -0.130859 0.015664 -0.060996 -0.254429
0.051270 -0.017334 -0.095459 0.099683 -0.033702 -0.185600
0.045410 0.011963 -0.087891 0.088291 0.023259 -0.170885
0.015259 0.023804 -0.105957 0.029668 0.046281 -0.206011
-0.001709 0.032593 -0.128296 -0.003323 0.063370 -0.249445
-0.000366 0.012329 -0.132690 -0.000712 0.023971 -0.257989
0.011719 0.006104 -0.137329 0.022785 0.011867 -0.267008
