-0.042725 0.194458 -0.317627 -0.083069 0.378083 -0.617559
-0.245361 0.340698 -0.240356 -0.477054 0.662417 -0.467323
-0.141357 0.098999 -0.169189 -0.274840 0.192483 -0.328954
-0.166626 -0.022095 -0.197388 -0.323969 -0.042959 -0.383779
-0.216675 -0.020508 -0.097290 -0.421279 -0.039873 -0.189160
-0.170166 -0.109619 0.037354 -0.330852 -0.213132 0.072626
-0.097412 -0.045044 0.220581 -0.189398 -0.087579 0.428874
-0.045288 0.467529 0.141968 -0.088053 0.909013 0.276027
-0.301880 0.399048 0.404175 -0.586943 0.775865 0.785834
-0.724121 0.310669 0.706299 -1.407903 0.604031 1.373251
-1.062012 0.112061 0.761108 -2.064861 0.217878 1.479817
-1.243042 -0.086426 0.851929 -2.416836 -0.168037 1.656398
-1.218018 0.048462 1.029419 -2.368181 0.094224 2.001491
-1.121460 0.252075 1.011353 -2.180445 0.490108 1.966364
-1.236450 0.490601 1.235474 -2.404020 0.953871 2.402121
-1.362061 0.739868 1.237793 -2.648243 1.438519 2.406631
-1.157959 0.734863 0.896240 -2.251410 1.428789 1.742552
-0.731689 0.500610 0.524902 -1.422618 0.973333 1.020563
-0.346069 0.206177 0.134277 -0.672860 0.400868 0.261074
-0.107910 0.102173 -0.113037 -0.209809 0.198654 -0.219777
0.025757 0.084106 -0.246582 0.050079 0.163527 -0.479427
0.088867 0.129395 -0.354492 0.172784 0.251581 -0.689236
0.148804 0.116699 -0.543823 0.289318 0.226897 -1.057351
0.173096 -0.036865 -0.803467 0.336549 -0.071677 -1.562174
0.185059 -0.056641 -1.010376 0.359808 -0.110126 -1.964465
0.166382 0.087402 -1.101196 0.323495 0.169936 -2.141047
0.107788 0.189209 -1.143799 0.209571 0.367877 -2.223878
0.098022 0.265381 -1.214111 0.190584 0.515978 -2.360586
0.143066 0.505371 -1.286255 0.278163 0.982589 -2.500854
0.154175 0.427612 -1.197754 0.299761 0.831403 -2.328783
0.210693 0.234985 -0.959717 0.409649 0.456880 -1.865969
0.227295 0.191650 -0.767944 0.441928 0.372624 -1.493108
0.107544 0.261963 -0.581299 0.209097 0.509332 -1.130214
0.061646 0.199463 -0.408569 0.119857 0.387814 -0.794378
0.043945 0.081421 -0.329346 0.085443 0.158306 -0.640344
0.023071 0.090088 -0.272705 0.044857 0.175157 -0.530218
0.011719 0.106323 -0.267822 0.022785 0.206723 -0.520725
-0.006470 0.054321 -0.242432 -0.012579 0.105616 -0.471358
-0.024780 0.030151 -0.162598 -0.048180 0.058623 -0.316137
-0.048950 0.037354 -0.110962 -0.095173 0.072626 -0.215742
-0.062500 0.014282 -0.104736 -0.121518 0.027769 -0.203638
-0.073853 -0.001099 -0.106445 -0.143591 -0.002136 -0.206961
-0.075806 0.008301 -0.085083 -0.147388 0.016139 -0.165426
-0.060547 0.005859 -0.071899 -0.117721 0.011392 -0.139793
-0.037964 -0.016235 -0.059448 -0.073813 -0.031566 -0.115585
-0.039673 -0.012573 -0.045044 -0.077136 -0.024446 -0.087579
-0.037231 0.005127 -0.043457 -0.072389 0.009968 -0.084493
-0.026245 -0.006592 -0.054077 -0.051028 -0.012816 -0.105142
-0.018311 -0.029785 -0.076294 -0.035601 -0.057911 -0.148338
-0.012329 -0.046509 -0.075073 -0.023971 -0.090427 -0.145964
-0.019165 -0.065308 -0.070801 -0.037262 -0.126977 -0.137657
-0.014282 -0.047852 -0.067627 -0.027769 -0.093037 -0.131487
-0.012573 -0.037598 -0.081299 -0.024446 -0.073101 -0.158069
-0.013306 -0.058838 -0.088745 -0.025870 -0.114398 -0.172546
-0.010620 -0.045044 -0.087524 -0.020649 -0.087579 -0.170173
-0.014648 -0.028320 -0.072632 -0.028481 -0.055063 -0.141217
-0.006714 -0.029053 -0.059082 -0.013054 -0.056487 -0.114873
-0.000977 -0.024414 -0.065063 -0.001899 -0.047468 -0.126502
-0.013184 -0.033081 -0.055420 -0.025633 -0.064319 -0.107752
-0.028076 -0.039307 -0.033081 -0.054588 -0.076424 -0.064319
-0.030884 -0.028198 -0.035278 -0.060047 -0.054826 -0.068591
-0.008301 -0.038330 -0.057861 -0.016139 -0.074525 -0.112499
0.033936 -0.059814 -0.070557 0.065981 -0.116297 -0.137183
0.053955 -0.062012 -0.070068 0.104904 -0.120569 -0.136233
0.046265 -0.074097 -0.076416 0.089952 -0.144066 -0.148575
0.045532 -0.101563 -0.095337 0.088528 -0.197467 -0.185363
0.029053 -0.106812 -0.107788 0.056487 -0.207673 -0.209571
0.002930 -0.106812 -0.096924 0.005696 -0.207673 -0.188448
-0.013550 -0.091064 -0.071045 -0.026345 -0.177056 -0.138132
-0.030151 -0.077026 -0.040161 -0.058623 -0.149762 -0.078085
-0.028687 -0.064819 -0.015503 -0.055775 -0.126028 -0.030142
-0.019653 -0.066528 -0.006958 -0.038212 -0.129350 -0.013528
-0.011108 -0.062988 -0.028076 -0.021598 -0.122468 -0.054588
-0.004883 -0.091431 -0.059692 -0.009494 -0.177768 -0.116059
0.004150 -0.121704 -0.071167 0.008070 -0.236628 -0.138369
-0.003662 -0.092529 -0.081421 -0.007120 -0.179904 -0.158306
-0.028809 -0.026367 -0.089355 -0.056012 -0.051266 -0.173733
-0.027100 0.008179 -0.099731 -0.052690 0.015902 -0.193907
-0.013306 0.006714 -0.113403 -0.025870 0.013054 -0.220489
-0.018921 0.003662 -0.129272 -0.036788 0.007120 -0.251343
