0.200928 0.166260 -0.334717 0.390662 0.323257 -0.650787
0.162964 0.282471 -0.322754 0.316849 0.549205 -0.627528
0.135132 0.249146 -0.326416 0.262736 0.484412 -0.634648
0.090942 0.139404 -0.347046 0.176819 0.271043 -0.674758
0.076172 0.002808 -0.287231 0.148100 0.005459 -0.558462
0.141479 0.035645 -0.227173 0.275077 0.069303 -0.441690
0.183594 0.282959 -0.367310 0.356960 0.550155 -0.714157
-0.025879 0.444946 -0.324219 -0.050316 0.865105 -0.630376
-0.387207 0.508423 -0.175049 -0.752843 0.988522 -0.340346
-0.713989 0.317017 0.149170 -1.388203 0.616373 0.290030
-0.978516 0.237915 0.452515 -1.902520 0.462576 0.879820
-1.211548 0.131592 0.745483 -2.355602 0.255853 1.449437
-1.528564 0.039063 0.933960 -2.971975 0.075949 1.815891
-1.681641 -0.120972 1.099243 -3.269600 -0.235204 2.137249
-1.580933 -0.597046 1.211182 -3.073794 -1.160831 2.354890
-1.302246 -0.840698 1.366333 -2.531946 -1.634562 2.656550
-0.837158 0.126953 1.450806 -1.627680 0.246834 2.820789
-0.594727 0.815430 0.963623 -1.156322 1.585433 1.873564
-0.532227 0.458374 0.390137 -1.034804 0.891213 0.758540
-0.312378 0.105591 0.187256 -0.607354 0.205299 0.364080
-0.088989 0.245605 0.119751 -0.173021 0.477529 0.232831
0.008423 0.361084 -0.074463 0.016376 0.702053 -0.144778
-0.101074 0.626343 -0.408813 -0.196518 1.217793 -0.794853
-0.224487 0.701050 -0.824585 -0.436469 1.363045 -1.603234
-0.231323 0.471680 -1.181641 -0.449760 0.917083 -2.297454
-0.157593 0.214722 -1.455688 -0.306406 0.417482 -2.830283
-0.087524 0.294067 -1.721191 -0.170173 0.571753 -3.346498
-0.140137 0.564209 -1.909180 -0.272467 1.096987 -3.712002
-0.285400 0.781738 -1.849731 -0.554902 1.519927 -3.596417
-0.310669 0.821533 -1.665283 -0.604031 1.597300 -3.237796
-0.165405 0.621216 -1.363892 -0.321596 1.207825 -2.651803
0.112793 0.431641 -0.889893 0.219302 0.839235 -1.730211
0.225830 0.410156 -0.385986 0.439080 0.797463 -0.750470
0.136475 0.407593 -0.125000 0.265346 0.792479 -0.243036
0.033813 0.218750 -0.168091 0.065743 0.425314 -0.326818
0.063110 0.000366 -0.138550 0.122705 0.000712 -0.269381
0.145386 -0.017578 -0.056763 0.282672 -0.034177 -0.110363
0.117188 0.058960 -0.041016 0.227847 0.114635 -0.079746
0.004150 0.034058 -0.054077 0.008070 0.066218 -0.105142
-0.077271 -0.004761 -0.086426 -0.150236 -0.009256 -0.168037
-0.099609 -0.004883 -0.100708 -0.193670 -0.009494 -0.195806
-0.088867 -0.049194 -0.104126 -0.172784 -0.095648 -0.202451
-0.040527 -0.116333 -0.083618 -0.078797 -0.226185 -0.162578
-0.024902 -0.129639 -0.062012 -0.048417 -0.252055 -0.120569
-0.042603 -0.092041 -0.042603 -0.082832 -0.178955 -0.082832
-0.025391 -0.054688 -0.051147 -0.049367 -0.106328 -0.099446
0.000732 -0.041748 -0.068115 0.001424 -0.081170 -0.132436
-0.001587 -0.035645 -0.104248 -0.003085 -0.069303 -0.202689
0.000977 -0.040405 -0.131592 0.001899 -0.078560 -0.255853
0.001831 -0.055664 -0.142212 0.003560 -0.108227 -0.276501
-0.015015 -0.055542 -0.118530 -0.029193 -0.107990 -0.230457
-0.029419 -0.024902 -0.090942 -0.057199 -0.048417 -0.176819
-0.038330 -0.005493 -0.078003 -0.074525 -0.010680 -0.151660
-0.037842 -0.033569 -0.083008 -0.073575 -0.065269 -0.161391
-0.033203 -0.043457 -0.074341 -0.064557 -0.084493 -0.144540
-0.037598 -0.034668 -0.074829 -0.073101 -0.067405 -0.145490
-0.041504 -0.044434 -0.095215 -0.080696 -0.086392 -0.185125
-0.045044 -0.021851 -0.115479 -0.087579 -0.042484 -0.224524
-0.046875 -0.007935 -0.123169 -0.091139 -0.015427 -0.239476
-0.031982 -0.021362 -0.125977 -0.062183 -0.041535 -0.244935
-0.026855 -0.037354 -0.131348 -0.052215 -0.072626 -0.255378
-0.009521 -0.028687 -0.133545 -0.018513 -0.055775 -0.259650
0.009888 0.002686 -0.144287 0.019225 0.005221 -0.280536
0.031982 0.003540 -0.144775 0.062183 0.006883 -0.281486
0.059692 -0.033447 -0.133667 0.116059 -0.065031 -0.259888
0.079346 -0.067139 -0.131836 0.154271 -0.130537 -0.256328
0.073486 -0.073975 -0.130859 0.142879 -0.143828 -0.254429
0.052612 -0.083740 -0.124878 0.102294 -0.162815 -0.242799
0.032593 -0.078979 -0.109375 0.063370 -0.153559 -0.212657
0.031494 -0.064087 -0.085205 0.061234 -0.124604 -0.165664
0.023682 -0.050049 -0.069336 0.046044 -0.097310 -0.134809
0.012329 -0.045898 -0.062866 0.023971 -0.089240 -0.122230
0.012939 -0.049438 -0.060791 0.025158 -0.096123 -0.118195
0.025513 -0.037109 -0.076294 0.049604 -0.072151 -0.148338
0.038696 -0.035889 -0.093018 0.075237 -0.069778 -0.180853
0.062866 -0.037842 -0.097046 0.122230 -0.073575 -0.188686
0.083740 -0.039063 -0.093262 0.162815 -0.075949 -0.181328
0.077881 -0.050415 -0.087280 0.151423 -0.098022 -0.169698
0.065918 -0.068115 -0.077759 0.128164 -0.132436 -0.151186
0.039917 -0.054443 -0.073120 0.077610 -0.105854 -0.142167
