0.132813 -0.000366 -0.378052 0.258226 -0.000712 -0.735043
0.043823 0.030029 -0.346191 0.085205 0.058386 -0.673097
-0.024414 -0.002197 -0.342407 -0.047468 -0.004272 -0.665739
0.017090 0.054565 -0.247192 0.033228 0.106091 -0.480614
0.083008 -0.000610 -0.139038 0.161391 -0.001187 -0.270331
0.137573 0.084351 -0.164307 0.267482 0.164002 -0.319460
0.020386 0.292725 -0.270996 0.039636 0.569142 -0.526895
-0.229370 0.491577 -0.078857 -0.445962 0.955769 -0.153322
-0.438232 0.579468 0.194580 -0.852052 1.126654 0.378320
-0.686523 0.653320 0.369263 -1.334802 1.270245 0.717954
-1.060913 0.218140 0.529175 -2.062724 0.424127 1.028870
-1.265259 0.174683 0.831421 -2.460032 0.339634 1.616525
-1.208008 0.043335 0.947266 -2.348719 0.084256 1.841761
-1.056641 -0.133667 1.107300 -2.054418 -0.259888 2.152914
-0.825928 -0.063354 1.300537 -1.605844 -0.123180 2.528623
-0.571167 0.203369 1.246094 -1.110515 0.395409 2.422770
-0.497437 0.076538 0.932617 -0.967162 0.148812 1.813280
-0.393555 0.172363 0.696899 -0.765185 0.335124 1.354976
-0.336060 0.422485 0.353760 -0.653398 0.821435 0.687812
-0.373291 0.425781 0.050659 -0.725787 0.827843 0.098496
-0.299927 0.374634 -0.195068 -0.583145 0.728397 -0.379270
-0.194824 0.465576 -0.429810 -0.378795 0.905216 -0.835675
-0.196777 0.627563 -0.643066 -0.382593 1.220166 -1.250309
-0.208984 0.550049 -0.919312 -0.406327 1.069455 -1.787410
-0.094116 0.282837 -1.258179 -0.182989 0.549917 -2.446266
0.044067 0.187012 -1.542603 0.085680 0.363605 -2.999269
0.050171 0.500366 -1.731934 0.097547 0.972858 -3.367384
0.014893 0.865112 -1.768188 0.028956 1.682031 -3.437874
-0.009888 0.739014 -1.563354 -0.019225 1.436858 -3.039617
0.119019 0.602417 -1.251465 0.231407 1.171274 -2.433213
0.216675 0.492554 -0.970093 0.421279 0.957668 -1.886143
0.200806 0.492798 -0.810547 0.390425 0.958143 -1.575940
0.212769 0.436646 -0.652222 0.413684 0.848966 -1.268109
0.225098 0.241577 -0.400269 0.437655 0.469696 -0.778239
0.180176 0.065186 -0.234741 0.350314 0.126740 -0.456405
0.091064 0.031494 -0.227905 0.177056 0.061234 -0.443114
0.054321 -0.023926 -0.228149 0.105616 -0.046519 -0.443589
0.034180 -0.047241 -0.202148 0.066455 -0.091851 -0.393036
-0.004028 -0.056030 -0.167847 -0.007832 -0.108939 -0.326343
-0.049561 -0.056519 -0.110229 -0.096360 -0.109889 -0.214318
-0.037476 0.006348 -0.112549 -0.072863 0.012342 -0.218828
0.026001 0.065186 -0.114258 0.050553 0.126740 -0.222151
0.052612 -0.003662 -0.090576 0.102294 -0.007120 -0.176106
0.036743 -0.039429 -0.127441 0.071439 -0.076661 -0.247783
0.022217 -0.015625 -0.131958 0.043196 -0.030380 -0.256565
0.050415 0.053467 -0.088501 0.098022 0.103955 -0.172072
0.039185 0.108276 -0.107422 0.076186 0.210521 -0.208859
0.031372 0.101440 -0.098389 0.060996 0.197230 -0.191296
0.033203 0.055420 -0.084961 0.064557 0.107752 -0.165189
0.023804 0.053101 -0.063110 0.046281 0.103243 -0.122705
0.023682 0.056519 -0.042847 0.046044 0.109889 -0.083306
-0.020386 0.082397 -0.044067 -0.039636 0.160205 -0.085680
-0.027344 0.078491 -0.029419 -0.053164 0.152610 -0.057199
-0.017212 0.101196 -0.018921 -0.033465 0.196755 -0.036788
-0.008423 0.110840 -0.042603 -0.016376 0.215505 -0.082832
0.016846 0.055542 -0.051636 0.032753 0.107990 -0.100395
0.052734 -0.004883 -0.070068 0.102531 -0.009494 -0.136233
0.077515 -0.072388 -0.160156 0.150711 -0.140743 -0.311390
0.095093 -0.114380 -0.218628 0.184888 -0.222388 -0.425076
0.133179 -0.104370 -0.248779 0.258938 -0.202926 -0.483700
0.158203 -0.035645 -0.260254 0.307593 -0.069303 -0.506009
0.178833 0.051025 -0.203979 0.347704 0.099208 -0.396596
0.180420 0.133179 -0.167114 0.350789 0.258938 -0.324919
0.172363 0.129150 -0.149292 0.335124 0.251106 -0.290267
0.146484 0.086426 -0.142090 0.284808 0.168037 -0.276264
0.098389 0.033081 -0.123657 0.191296 0.064319 -0.240426
0.067139 0.027344 -0.062866 0.130537 0.053164 -0.122230
0.048462 0.077271 -0.039063 0.094224 0.150236 -0.075949
0.020874 0.087402 -0.064819 0.040585 0.169936 -0.126028
0.012207 0.038574 -0.090210 0.023734 0.075000 -0.175394
0.017700 0.013916 -0.110352 0.034414 0.027057 -0.214556
0.009521 0.000000 -0.083984 0.018513 0.000000 -0.163290
-0.006470 -0.003052 -0.043823 -0.012579 -0.005934 -0.085205
0.011108 -0.008057 -0.015137 0.021598 -0.015664 -0.029430
0.025635 -0.028564 -0.017700 0.049841 -0.055538 -0.034414
0.021240 -0.045776 -0.033936 0.041297 -0.089003 -0.065981
0.000000 -0.035767 -0.037354 0.000000 -0.069541 -0.072626
-0.012939 -0.010864 -0.031738 -0.025158 -0.021123 -0.061708
-0.041992 0.012817 -0.037231 -0.081645 0.024921 -0.072389
-0.051147 0.033813 -0.049683 -0.099446 0.065743 -0.096597
