-0.185791 0.090576 -0.284668 -0.361232 0.176106 -0.553478
-0.209473 0.222534 -0.209473 -0.407276 0.432671 -0.407276
-0.251221 0.062500 -0.118896 -0.488446 0.121518 -0.231169
-0.349609 -0.066406 -0.070313 -0.679743 -0.129113 -0.136708
-0.498901 -0.402588 0.045654 -0.970010 -0.782748 0.088765
-0.583496 -0.502686 0.333618 -1.134487 -0.977367 0.648651
-0.653198 -0.051392 0.763306 -1.270008 -0.099920 1.484089
-0.700806 0.176636 1.182617 -1.362571 0.343431 2.299353
-0.928711 -0.016235 1.171021 -1.805685 -0.031566 2.276805
-1.120972 0.049927 1.158203 -2.179496 0.097072 2.251885
-1.074951 -0.010254 1.110474 -2.090019 -0.019937 2.159085
-0.723755 -0.069092 1.126465 -1.407191 -0.134335 2.190176
-0.460327 -0.025269 1.066772 -0.895010 -0.049129 2.074117
-0.392944 -0.054321 0.889648 -0.763998 -0.105616 1.729736
-0.378662 -0.057495 0.609009 -0.736230 -0.111787 1.184091
-0.311768 0.115479 0.168457 -0.606167 0.224524 0.327530
-0.165161 0.141968 -0.202637 -0.321121 0.276027 -0.393985
-0.011475 0.040527 -0.482666 -0.022310 0.078797 -0.938443
0.103760 0.123535 -0.782471 0.201739 0.240188 -1.521351
0.147095 0.421875 -1.109741 0.285995 0.820248 -2.157660
0.116821 0.766357 -1.332031 0.227135 1.490022 -2.589857
0.069458 0.768555 -1.458984 0.135047 1.494294 -2.836691
0.038696 0.421753 -1.564819 0.075237 0.820011 -3.042465
0.167358 -0.080933 -1.687744 0.325394 -0.157357 -3.281467
0.212158 -0.120728 -1.427856 0.412497 -0.234730 -2.776169
0.128784 0.184814 -0.885864 0.250394 0.359333 -1.722378
0.014160 0.350342 -0.380981 0.027531 0.681167 -0.740739
-0.069092 0.366821 -0.194336 -0.134335 0.713208 -0.377846
-0.074707 0.342163 -0.185425 -0.145252 0.665265 -0.360520
-0.047119 0.307007 -0.237915 -0.091613 0.596911 -0.462576
-0.011597 0.171143 -0.310181 -0.022547 0.332751 -0.603082
0.055786 0.068237 -0.319092 0.108465 0.132673 -0.620408
0.097290 0.083008 -0.286377 0.189160 0.161391 -0.556800
0.062744 0.118042 -0.242065 0.121993 0.229508 -0.470646
0.035522 0.100830 -0.206543 0.069066 0.196043 -0.401580
0.048950 0.017578 -0.133789 0.095173 0.034177 -0.260125
0.090454 0.000244 -0.064941 0.175869 0.000475 -0.126265
0.018921 0.097412 -0.086914 0.036788 0.189398 -0.168986
0.007690 0.072388 -0.075806 0.014952 0.140743 -0.147388
0.083496 0.027954 -0.051514 0.162341 0.054351 -0.100158
0.100342 0.009399 -0.040405 0.195094 0.018275 -0.078560
0.071411 -0.034302 -0.028931 0.138844 -0.066693 -0.056250
0.062988 -0.036743 -0.027710 0.122468 -0.071439 -0.053876
0.051392 -0.003784 -0.042725 0.099920 -0.007358 -0.083069
0.024658 0.019165 -0.071655 0.047943 0.037262 -0.139319
0.009033 0.019531 -0.077148 0.017563 0.037974 -0.149999
0.022949 -0.040283 -0.065674 0.044620 -0.078322 -0.127689
0.048584 -0.103882 -0.063599 0.094461 -0.201977 -0.123654
0.050049 -0.112915 -0.074829 0.097310 -0.219540 -0.145490
0.024780 -0.079590 -0.092529 0.048180 -0.154746 -0.179904
-0.031128 0.001221 -0.118164 -0.060522 0.002373 -0.229745
-0.040894 -0.011841 -0.109741 -0.079509 -0.023022 -0.213369
-0.046631 -0.011353 -0.104736 -0.090664 -0.022073 -0.203638
-0.054443 -0.001587 -0.114502 -0.105854 -0.003085 -0.222625
-0.049927 -0.011963 -0.129761 -0.097072 -0.023259 -0.252293
-0.032715 -0.022217 -0.111572 -0.063607 -0.043196 -0.216929
-0.037720 -0.039429 -0.115601 -0.073338 -0.076661 -0.224761
-0.042847 -0.042358 -0.111328 -0.083306 -0.082357 -0.216454
-0.029053 -0.026367 -0.098389 -0.056487 -0.051266 -0.191296
-0.044312 0.034424 -0.105103 -0.086155 0.066930 -0.204350
-0.031494 0.025513 -0.102295 -0.061234 0.049604 -0.198891
0.021240 0.008301 -0.101074 0.041297 0.016139 -0.196518
0.039063 0.004150 -0.107422 0.075949 0.008070 -0.208859
-0.003174 -0.036743 -0.126709 -0.006171 -0.071439 -0.246359
-0.042114 -0.063477 -0.130859 -0.081882 -0.123417 -0.254429
-0.051025 -0.060913 -0.122559 -0.099208 -0.118433 -0.238290
-0.062012 -0.058228 -0.120972 -0.120569 -0.113211 -0.235204
-0.056763 -0.030640 -0.130493 -0.110363 -0.059572 -0.253717
-0.048218 -0.003174 -0.132935 -0.093749 -0.006171 -0.258464
-0.009277 -0.003296 -0.127075 -0.018038 -0.006408 -0.247071
0.043701 0.005615 -0.103149 0.084968 0.010918 -0.200553
0.083374 0.047485 -0.082153 0.162103 0.092325 -0.159730
0.050903 0.072632 -0.099243 0.098971 0.141217 -0.192958
-0.005005 0.062866 -0.118896 -0.009731 0.122230 -0.231169
-0.009644 0.032104 -0.099731 -0.018750 0.062420 -0.193907
-0.010986 0.032471 -0.084229 -0.021361 0.063133 -0.163765
-0.057617 0.047974 -0.097778 -0.112025 0.093275 -0.190110
-0.054443 0.055786 -0.120605 -0.105854 0.108465 -0.234492
-0.021118 0.034424 -0.135620 -0.041060 0.066930 -0.263685
-0.015747 0.019409 -0.136108 -0.030617 0.037737 -0.264634
