0.554810 0.379150 -0.690186 1.078712 0.737179 -1.341922
0.710938 0.447388 -0.881226 1.382270 0.869852 -1.713359
0.708130 0.408813 -0.831909 1.376811 0.794853 -1.617474
0.519409 0.305176 -0.688232 1.009883 0.593351 -1.338125
0.410645 0.347778 -0.653564 0.798413 0.676182 -1.270720
0.458984 0.189087 -0.663208 0.892399 0.367640 -1.289470
0.265747 -0.110596 -0.729492 0.516690 -0.215030 -1.418346
-0.231201 -0.286133 -0.518921 -0.449522 -0.556326 -1.008934
-1.044556 0.217163 0.195679 -2.030921 0.422228 0.380456
-1.436157 0.645874 0.776001 -2.792309 1.255767 1.508772
-1.784424 0.858887 1.077881 -3.469440 1.669926 2.095715
-2.300537 0.873291 1.301636 -4.472915 1.697932 2.530760
-2.398193 0.881226 1.372925 -4.662787 1.713359 2.669366
-2.117432 1.375488 0.999390 -4.116905 2.674350 1.943105
-1.368774 1.375000 0.553833 -2.661297 2.673401 1.076813
-0.858276 0.667725 0.146973 -1.668740 1.298251 0.285758
-0.530396 0.249634 0.181519 -1.031244 0.485361 0.352925
-0.419067 0.262573 0.363647 -0.814789 0.510519 0.707037
-0.247803 0.072266 0.333984 -0.481801 0.140505 0.649363
-0.013184 -0.238281 0.055176 -0.025633 -0.463288 0.107278
0.154175 -0.349609 -0.232910 0.299761 -0.679743 -0.452845
0.171143 -0.179077 -0.384033 0.332751 -0.348178 -0.746673
0.132080 -0.057861 -0.509766 0.256802 -0.112499 -0.991133
0.181152 -0.142700 -0.685547 0.352213 -0.277451 -1.332903
0.295532 -0.367432 -0.880859 0.574601 -0.714394 -1.712647
0.394409 -0.491943 -1.086182 0.766846 -0.956481 -2.111854
0.447021 -0.419800 -1.317383 0.869140 -0.816213 -2.561376
0.416016 -0.489502 -1.482910 0.808856 -0.951735 -2.883210
0.510498 -0.453735 -1.488281 0.992557 -0.882194 -2.893653
0.283081 -0.260376 -1.284668 0.550392 -0.506247 -2.497769
0.186646 -0.237549 -1.041260 0.362893 -0.461864 -2.024513
0.123047 -0.180298 -0.751099 0.239239 -0.350552 -1.460355
-0.019165 -0.049072 -0.413208 -0.037262 -0.095411 -0.803397
-0.066040 0.145874 -0.269287 -0.128401 0.283622 -0.523573
-0.058716 0.116821 -0.194336 -0.114161 0.227135 -0.377846
0.046021 0.035767 -0.130981 0.089477 0.069541 -0.254666
-0.013306 0.095459 -0.075073 -0.025870 0.185600 -0.145964
-0.035767 0.219849 0.016602 -0.069541 0.427450 0.032278
-0.005127 0.217285 0.080200 -0.009968 0.422466 0.155933
-0.005981 0.149048 0.075317 -0.011630 0.289792 0.146439
0.003174 0.108154 0.015991 0.006171 0.210283 0.031092
-0.041138 0.062866 -0.049194 -0.079984 0.122230 -0.095648
-0.063477 0.148438 -0.086914 -0.123417 0.288606 -0.168986
-0.068970 0.099487 -0.084961 -0.134097 0.193432 -0.165189
-0.026733 -0.017700 -0.107056 -0.051978 -0.034414 -0.208147
0.015015 -0.030151 -0.142456 0.029193 -0.058623 -0.276976
0.025635 0.032959 -0.165527 0.049841 0.064082 -0.321833
0.063110 0.003174 -0.188843 0.122705 0.006171 -0.367165
0.069458 -0.031250 -0.165527 0.135047 -0.060759 -0.321833
0.036499 0.016357 -0.154541 0.070965 0.031804 -0.300473
-0.049683 -0.026489 -0.110718 -0.096597 -0.051503 -0.215268
-0.122314 -0.158813 -0.058594 -0.237815 -0.308780 -0.113923
-0.158081 -0.413818 -0.014160 -0.307356 -0.804584 -0.027531
-0.029175 -0.287354 -0.035156 -0.056724 -0.558699 -0.068354
0.052612 0.091553 -0.079834 0.102294 0.178005 -0.155221
-0.032227 0.152588 -0.071899 -0.062658 0.296675 -0.139793
-0.034424 0.090820 -0.073242 -0.066930 0.176581 -0.142404
0.047241 0.093384 -0.117920 0.091851 0.181565 -0.229271
0.007080 0.088135 -0.099976 0.013766 0.171360 -0.194382
-0.024658 0.035522 -0.079590 -0.047943 0.069066 -0.154746
-0.009521 -0.015625 -0.082642 -0.018513 -0.030380 -0.160679
-0.005493 -0.013184 -0.083008 -0.010680 -0.025633 -0.161391
-0.055176 0.033447 -0.083130 -0.107278 0.065031 -0.161629
0.013184 0.025024 -0.096802 0.025633 0.048655 -0.188211
0.014282 0.011230 -0.106934 0.027769 0.021835 -0.207910
-0.017700 0.049194 -0.106812 -0.034414 0.095648 -0.207673
-0.059326 0.073364 -0.082397 -0.115347 0.142642 -0.160205
-0.024902 0.018921 -0.081177 -0.048417 0.036788 -0.157831
-0.012085 0.022583 -0.086792 -0.023497 0.043908 -0.168749
-0.007324 0.010132 -0.094849 -0.014240 0.019699 -0.184413
-0.008179 0.001343 -0.099976 -0.015902 0.002611 -0.194382
-0.005371 0.018799 -0.095337 -0.010443 0.036550 -0.185363
-0.054199 0.038940 -0.107056 -0.105379 0.075712 -0.208147
-0.000366 0.031006 -0.166992 -0.000712 0.060284 -0.324682
0.072266 0.001221 -0.213135 0.140505 0.002373 -0.414396
0.069214 0.010498 -0.213135 0.134572 0.020411 -0.414396
-0.010376 -0.011597 -0.187378 -0.020174 -0.022547 -0.364317
-0.058472 -0.003662 -0.171509 -0.113686 -0.007120 -0.333463
-0.053589 0.041626 -0.149414 -0.104192 0.080933 -0.290505
-0.073975 0.016602 -0.107544 -0.143828 0.032278 -0.209097
