0.070557 0.123657 -0.266357 0.137183 0.240426 -0.517877
-0.026245 0.159058 -0.194946 -0.051028 0.309254 -0.379032
-0.056763 0.091064 -0.188110 -0.110363 0.177056 -0.365741
-0.076294 -0.052246 -0.142822 -0.148338 -0.101582 -0.277688
-0.101318 -0.034302 -0.020508 -0.196992 -0.066693 -0.039873
-0.252441 0.313354 -0.043701 -0.490820 0.609253 -0.084968
-0.447266 0.383667 0.115479 -0.869615 0.745961 0.224524
-0.703247 0.184814 0.374023 -1.367317 0.359333 0.727211
-0.939575 0.074463 0.473999 -1.826808 0.144778 0.921592
-1.230469 0.106079 0.599365 -2.392390 0.206249 1.165341
-1.361572 -0.029175 0.881592 -2.647294 -0.056724 1.714072
-1.443848 -0.077759 1.083496 -2.807261 -0.151186 2.106632
-1.488770 -0.237183 1.220825 -2.894602 -0.461152 2.373640
-1.277344 -0.347778 1.336426 -2.483529 -0.676182 2.598402
-1.009521 -0.098389 1.420288 -1.962804 -0.191296 2.761454
-0.887207 0.103882 1.280762 -1.724989 0.201977 2.490174
-0.548706 0.229614 0.839111 -1.066845 0.446437 1.631477
-0.196045 0.394653 0.204468 -0.381168 0.767321 0.397545
-0.088013 0.378906 -0.177368 -0.171122 0.736704 -0.344855
0.041626 0.435547 -0.356689 0.080933 0.846830 -0.693508
0.065918 0.485229 -0.572021 0.128164 0.943428 -1.112177
-0.010132 0.553467 -0.850708 -0.019699 1.076101 -1.654024
-0.099731 0.589233 -1.090332 -0.193907 1.145642 -2.119923
-0.097778 0.806641 -1.266357 -0.190110 1.568345 -2.462168
-0.098877 0.761597 -1.423950 -0.192246 1.480766 -2.768574
-0.079346 0.907227 -1.591309 -0.154271 1.763913 -3.093968
-0.110962 0.932007 -1.618530 -0.215742 1.812093 -3.146895
-0.137695 0.859375 -1.482544 -0.267720 1.670876 -2.882498
0.005859 0.660889 -1.195435 0.011392 1.284960 -2.324273
0.163818 0.479370 -0.854004 0.318511 0.932035 -1.660433
0.169189 0.373779 -0.471924 0.328954 0.726736 -0.917558
0.144897 0.237793 -0.233398 0.281723 0.462339 -0.453795
0.109619 0.102539 -0.247681 0.213132 0.199366 -0.481563
0.076660 0.046387 -0.209473 0.149050 0.090189 -0.407276
0.063110 -0.006470 -0.137573 0.122705 -0.012579 -0.267482
0.053223 -0.044678 -0.095581 0.103480 -0.086867 -0.185837
0.013672 -0.048706 -0.074341 0.026582 -0.094699 -0.144540
-0.040405 -0.066528 -0.070313 -0.078560 -0.129350 -0.136708
-0.076294 -0.096924 -0.054565 -0.148338 -0.188448 -0.106091
-0.064819 -0.108398 -0.032715 -0.126028 -0.210758 -0.063607
-0.060791 -0.110107 -0.036499 -0.118195 -0.214081 -0.070965
-0.048828 -0.107788 -0.043701 -0.094936 -0.209571 -0.084968
-0.017822 -0.115723 -0.032837 -0.034652 -0.224999 -0.063845
0.001831 -0.103760 -0.063477 0.003560 -0.201739 -0.123417
0.006592 -0.077393 -0.102417 0.012816 -0.150474 -0.199128
0.023926 -0.072388 -0.109131 0.046519 -0.140743 -0.212182
0.018677 -0.056885 -0.098999 0.036313 -0.110601 -0.192483
-0.004028 -0.026489 -0.105225 -0.007832 -0.051503 -0.204587
-0.025146 -0.000366 -0.121216 -0.048892 -0.000712 -0.235679
-0.031494 -0.017578 -0.115845 -0.061234 -0.034177 -0.225236
-0.025146 -0.024902 -0.066406 -0.048892 -0.048417 -0.129113
-0.021606 -0.014526 -0.047363 -0.042009 -0.028243 -0.092088
-0.024048 -0.023071 -0.105835 -0.046756 -0.044857 -0.205774
-0.006592 -0.048950 -0.145386 -0.012816 -0.095173 -0.282672
0.021729 -0.072021 -0.142578 0.042247 -0.140031 -0.277213
0.025391 -0.053467 -0.114502 0.049367 -0.103955 -0.222625
0.014771 -0.018677 -0.087769 0.028718 -0.036313 -0.170648
0.036987 -0.018066 -0.084351 0.071914 -0.035126 -0.164002
0.040405 -0.020264 -0.093994 0.078560 -0.039398 -0.182752
0.046753 -0.046021 -0.108276 0.090901 -0.089477 -0.210521
0.043457 -0.038696 -0.124268 0.084493 -0.075237 -0.241612
0.037476 -0.017212 -0.130005 0.072863 -0.033465 -0.252767
0.033325 -0.019165 -0.124023 0.064794 -0.037262 -0.241138
0.027954 -0.019043 -0.105225 0.054351 -0.037025 -0.204587
0.036743 -0.011108 -0.085083 0.071439 -0.021598 -0.165426
0.045898 -0.023193 -0.076782 0.089240 -0.045095 -0.149287
0.037109 -0.024170 -0.070313 0.072151 -0.046993 -0.136708
0.034058 -0.022949 -0.066895 0.066218 -0.044620 -0.130062
0.038452 -0.015259 -0.056641 0.074762 -0.029668 -0.110126
0.040161 -0.004272 -0.043823 0.078085 -0.008307 -0.085205
0.025146 -0.013672 -0.053345 0.048892 -0.026582 -0.103718
0.013062 -0.015259 -0.046143 0.025395 -0.029668 -0.089715
0.013428 -0.000488 -0.018677 0.026107 -0.000949 -0.036313
0.023071 0.009033 -0.001709 0.044857 0.017563 -0.003323
0.035767 -0.012329 -0.003052 0.069541 -0.023971 -0.005934
0.058472 -0.016846 0.009521 0.113686 -0.032753 0.018513
0.044189 -0.009521 0.004395 0.085917 -0.018513 0.008544
0.047485 -0.015747 -0.018066 0.092325 -0.030617 -0.035126
0.086426 -0.016724 -0.021118 0.168037 -0.032516 -0.041060
0.096924 -0.006714 -0.018555 0.188448 -0.013054 -0.036076
