0.088135 0.094849 0.067017 0.171360 0.184413 0.130300
0.016479 0.025269 -0.075806 0.032041 0.049129 -0.147388
0.014893 -0.066895 -0.183716 0.028956 -0.130062 -0.357197
0.048584 -0.110718 -0.133911 0.094461 -0.215268 -0.260362
0.114258 -0.046265 -0.098022 0.222151 -0.089952 -0.190584
-0.056274 0.309082 -0.329712 -0.109414 0.600946 -0.641056
-0.205078 0.327393 -0.515503 -0.398732 0.636547 -1.002288
-0.214111 0.200928 -0.333862 -0.416295 0.390662 -0.649126
-0.246094 0.165161 -0.284180 -0.478478 0.321121 -0.552528
-0.324585 0.175903 -0.314697 -0.631088 0.342007 -0.611863
-0.391479 0.026367 -0.430542 -0.761150 0.051266 -0.837099
-0.345215 -0.051147 -0.372192 -0.671198 -0.099446 -0.723651
-0.410767 -0.066162 -0.242920 -0.798650 -0.128638 -0.472307
-0.705322 0.043823 0.085571 -1.371352 0.085205 0.166376
-0.901978 0.239258 0.478882 -1.753707 0.465187 0.931086
-0.827393 0.448364 0.624634 -1.608692 0.871751 1.214470
-0.852539 0.555542 0.773193 -1.657585 1.080136 1.503313
-1.035400 0.538452 0.916260 -2.013120 1.046908 1.781476
-0.763428 0.284668 0.444214 -1.484326 0.553478 0.863681
-0.203735 0.220337 0.118286 -0.396121 0.428399 0.229983
-0.108398 0.143799 -0.062256 -0.210758 0.279587 -0.121044
-0.067505 0.068481 -0.295166 -0.131249 0.133148 -0.573889
0.056519 0.058838 -0.491699 0.109889 0.114398 -0.956007
0.077759 0.134888 -0.592529 0.151186 0.262261 -1.152050
-0.087158 0.106567 -0.723511 -0.169461 0.207198 -1.406716
-0.140503 -0.038452 -0.914063 -0.273179 -0.074762 -1.777204
-0.179932 -0.026245 -1.086792 -0.349840 -0.051028 -2.113040
-0.228394 0.145386 -1.135620 -0.444064 0.282672 -2.207977
-0.253906 0.240356 -1.164917 -0.493668 0.467323 -2.264938
-0.172485 0.301636 -1.171875 -0.335362 0.586468 -2.278467
-0.088379 0.350098 -1.124146 -0.171834 0.680692 -2.185667
0.011963 0.013550 -0.940063 0.023259 0.026345 -1.827757
0.127075 -0.179199 -0.736328 0.247071 -0.348416 -1.431637
0.143188 -0.122070 -0.496460 0.278400 -0.237340 -0.965263
0.168579 -0.058228 -0.271729 0.327767 -0.113211 -0.528319
0.155762 -0.094604 -0.078003 0.302846 -0.183939 -0.151660
0.201172 -0.132813 0.062622 0.391137 -0.258226 0.121756
0.265381 -0.047974 0.196167 0.515978 -0.093275 0.381406
0.369995 -0.008423 0.306396 0.719378 -0.016376 0.595724
0.459351 -0.125000 0.383301 0.893111 -0.243036 0.745248
0.559570 -0.314209 0.437622 1.087968 -0.610914 0.850865
0.704712 -0.334717 0.544189 1.370165 -0.650787 1.058063
0.807007 -0.239380 0.625610 1.569057 -0.465424 1.216369
0.741455 -0.289551 0.647827 1.441605 -0.562971 1.259565
0.633179 -0.297119 0.562012 1.231084 -0.577686 1.092715
0.537109 -0.279785 0.407104 1.044297 -0.543984 0.791530
0.367798 -0.339966 0.239258 0.715106 -0.660993 0.465187
0.222900 -0.291016 0.124878 0.433383 -0.565819 0.242799
0.076294 -0.175903 0.101196 0.148338 -0.342007 0.196755
-0.032104 -0.070679 0.083862 -0.062420 -0.137420 0.163053
-0.054321 -0.062744 0.005981 -0.105616 -0.121993 0.011630
-0.054321 -0.041016 -0.092285 -0.105616 -0.079746 -0.179429
-0.060913 0.009521 -0.156982 -0.118433 0.018513 -0.305220
-0.055786 0.020874 -0.183472 -0.108465 0.040585 -0.356722
-0.033325 0.013672 -0.219116 -0.064794 0.026582 -0.426026
-0.018799 -0.028198 -0.207031 -0.036550 -0.054826 -0.402529
-0.042480 -0.032471 -0.160278 -0.082594 -0.063133 -0.311628
-0.082642 -0.016724 -0.126709 -0.160679 -0.032516 -0.246359
-0.083008 -0.038086 -0.087036 -0.161391 -0.074050 -0.169224
-0.072388 -0.037720 -0.089966 -0.140743 -0.073338 -0.174920
-0.058960 -0.027344 -0.095337 -0.114635 -0.053164 -0.185363
-0.052490 0.010864 -0.081421 -0.102056 0.021123 -0.158306
-0.039063 -0.030029 -0.071167 -0.075949 -0.058386 -0.138369
-0.042114 -0.058350 -0.083740 -0.081882 -0.113449 -0.162815
-0.025513 -0.067261 -0.078125 -0.049604 -0.130774 -0.151898
-0.017700 -0.019287 -0.049438 -0.034414 -0.037500 -0.096123
-0.011108 -0.002319 -0.017944 -0.021598 -0.004509 -0.034889
-0.039551 0.033325 -0.070435 -0.076898 0.064794 -0.136945
-0.048828 0.046387 -0.141846 -0.094936 0.090189 -0.275789
-0.063110 -0.003784 -0.149658 -0.122705 -0.007358 -0.290979
-0.092407 -0.041138 -0.118896 -0.179667 -0.079984 -0.231169
-0.132080 -0.079346 -0.094482 -0.256802 -0.154271 -0.183701
-0.129883 -0.002686 -0.105225 -0.252530 -0.005221 -0.204587
-0.090820 0.081055 -0.106079 -0.176581 0.157594 -0.206249
-0.079712 0.003418 -0.114380 -0.154983 0.006646 -0.222388
-0.078125 0.013306 -0.090820 -0.151898 0.025870 -0.176581
-0.069702 -0.007690 -0.081543 -0.135521 -0.014952 -0.158543
-0.028809 -0.143311 -0.026855 -0.056012 -0.278637 -0.052215
0.002686 -0.232544 0.046753 0.005221 -0.452133 0.090901
-0.050537 0.006714 -0.056030 -0.098259 0.013054 -0.108939
