0.074463 -0.163452 -0.116943 0.144778 -0.317799 -0.227372
0.191895 -0.079346 -0.282349 0.373099 -0.154271 -0.548968
0.183472 -0.077881 -0.395752 0.356722 -0.151423 -0.769457
0.165283 -0.196411 -0.368652 0.321359 -0.381881 -0.716768
0.070190 -0.493042 -0.353394 0.136471 -0.958617 -0.687100
0.092285 -0.658691 -0.288696 0.179429 -1.280688 -0.561310
0.275757 -0.642456 -0.317871 0.536152 -1.249122 -0.618034
0.032959 -0.556763 -0.294678 0.064082 -1.082509 -0.572939
-0.171265 -0.313843 -0.378418 -0.332988 -0.610202 -0.735755
-0.306152 0.059937 -0.441284 -0.595249 0.116534 -0.857985
-0.508911 0.241455 -0.268921 -0.989472 0.469459 -0.522861
-0.801758 -0.049927 0.251831 -1.558851 -0.097072 0.489633
-0.997070 0.200684 0.563110 -1.938595 0.390187 1.094851
-1.188232 0.738403 0.724609 -2.310270 1.435671 1.408852
-1.427246 0.918945 0.929810 -2.774983 1.786698 1.807821
-1.609619 0.559692 1.183960 -3.129569 1.088205 2.301963
-1.169067 0.218018 1.025391 -2.273008 0.423890 1.993658
-0.571045 0.056885 0.327271 -1.110278 0.110601 0.636309
-0.213257 0.087769 -0.245239 -0.414633 0.170648 -0.476817
0.138550 0.198608 -0.552734 0.269381 0.386153 -1.074677
0.292358 0.147583 -0.847534 0.568430 0.286944 -1.647854
0.322876 -0.065918 -1.156494 0.627765 -0.128164 -2.248562
0.276978 -0.184204 -1.348999 0.538525 -0.358146 -2.622848
0.218994 -0.131836 -1.426392 0.425788 -0.256328 -2.773321
0.136353 0.082397 -1.510498 0.265109 0.160205 -2.936849
0.064453 0.292969 -1.613403 0.125316 0.569617 -3.136927
-0.120117 0.334717 -1.679321 -0.233543 0.650787 -3.265090
-0.153198 0.359131 -1.676025 -0.297862 0.698255 -3.258682
0.019165 0.714722 -1.542236 0.037262 1.389627 -2.998557
0.099365 0.779175 -1.174316 0.193195 1.514943 -2.283214
-0.012573 0.318359 -0.749390 -0.024446 0.618983 -1.457032
-0.023560 0.303345 -0.416992 -0.045807 0.589791 -0.810754
0.004883 0.374878 -0.167114 0.009494 0.728872 -0.324919
0.008301 0.166016 -0.075806 0.016139 0.322783 -0.147388
0.097534 -0.017334 0.008057 0.189635 -0.033702 0.015664
0.216187 -0.090820 0.229736 0.420330 -0.176581 0.446674
0.288330 -0.053589 0.474487 0.560598 -0.104192 0.922542
0.353516 -0.110352 0.603882 0.687337 -0.214556 1.174122
0.433594 -0.139526 0.722412 0.843033 -0.271280 1.404580
0.498169 -0.033081 0.748169 0.968586 -0.064319 1.454659
0.592041 0.038696 0.705688 1.151100 0.075237 1.372064
0.699219 0.041992 0.605469 1.359485 0.081645 1.177208
0.643188 -0.149536 0.485596 1.250546 -0.290742 0.944140
0.401001 -0.338989 0.437988 0.779663 -0.659094 0.851577
0.315186 -0.174316 0.363647 0.612813 -0.338922 0.707037
0.326050 0.140747 0.172363 0.633936 0.273653 0.335124
0.167725 0.027954 0.075317 0.326106 0.054351 0.146439
-0.002808 -0.163086 0.050659 -0.005459 -0.317087 0.098496
-0.055420 -0.093750 -0.061523 -0.107752 -0.182277 -0.119620
0.013672 0.001953 -0.109985 0.026582 0.003797 -0.213844
0.066895 0.078979 -0.149048 0.130062 0.153559 -0.289792
0.028198 0.076294 -0.193970 0.054826 0.148338 -0.377134
-0.007446 0.038940 -0.156250 -0.014478 0.075712 -0.303796
0.008545 0.036133 -0.160522 0.016614 0.070253 -0.312102
0.058350 0.011108 -0.232788 0.113449 0.021598 -0.452608
0.069092 -0.066284 -0.346558 0.134335 -0.128876 -0.673809
0.069702 -0.015259 -0.235596 0.135521 -0.029668 -0.458067
0.012207 0.047485 -0.256348 0.023734 0.092325 -0.498415
-0.093140 0.031372 -0.368408 -0.181091 0.060996 -0.716293
-0.395874 -0.136841 -0.396973 -0.769695 -0.266058 -0.771831
-0.197632 -0.190918 -0.426270 -0.384254 -0.371200 -0.828792
0.027832 -0.031494 -0.240967 0.054114 -0.061234 -0.468510
0.028687 0.067261 -0.119507 0.055775 0.130774 -0.232356
-0.079834 0.019653 -0.093506 -0.155221 0.038212 -0.181803
-0.214600 0.021362 -0.016602 -0.417244 0.041535 -0.032278
-0.189697 0.063110 0.033325 -0.368827 0.122705 0.064794
0.021851 0.166260 0.033081 0.042484 0.323257 0.064319
0.101196 0.225586 -0.049805 0.196755 0.438605 -0.096835
0.081787 0.078857 -0.133423 0.159018 0.153322 -0.259413
0.129395 0.021118 -0.130981 0.251581 0.041060 -0.254666
0.161133 0.091309 -0.090942 0.313289 0.177531 -0.176819
0.131592 0.135864 -0.084839 0.255853 0.264160 -0.164952
0.019409 0.009277 -0.130371 0.037737 0.018038 -0.253479
-0.051636 -0.171021 -0.148071 -0.100395 -0.332514 -0.287894
-0.069458 -0.223633 -0.093994 -0.135047 -0.434807 -0.182752
-0.170532 -0.075317 0.088257 -0.331564 -0.146439 0.171597
-0.190674 -0.009521 0.280762 -0.370726 -0.018513 0.545883
-0.149414 -0.199829 0.122437 -0.290505 -0.388526 0.238052
-0.051392 0.063965 -0.112427 -0.099920 0.124366 -0.218590
0.006592 -0.024048 -0.152832 0.012816 -0.046756 -0.297150
