0.092529 0.187256 -0.309937 0.179904 0.364080 -0.602607
0.104614 0.151489 -0.228271 0.203401 0.294539 -0.443826
0.044067 0.039551 -0.198975 0.085680 0.076898 -0.386865
0.015869 -0.055542 -0.235840 0.030854 -0.107990 -0.458541
0.036987 -0.087036 -0.249634 0.071914 -0.169224 -0.485361
0.045776 -0.094971 -0.170410 0.089003 -0.184651 -0.331327
-0.009155 -0.005859 -0.001587 -0.017801 -0.011392 -0.003085
-0.127075 0.216797 0.132446 -0.247071 0.421516 0.257514
-0.155396 -0.196533 0.225830 -0.302134 -0.382118 0.439080
-0.295654 0.039307 0.130981 -0.574838 0.076424 0.254666
-0.846436 0.291382 0.378418 -1.645718 0.566531 0.735755
-1.323975 -0.182861 0.852783 -2.574193 -0.355536 1.658059
-1.532959 -0.279541 1.027100 -2.980519 -0.543509 1.996981
-1.202026 -0.037231 0.952881 -2.337090 -0.072389 1.852678
-0.682739 0.007813 0.815674 -1.327444 0.015190 1.585908
-0.290405 -0.161133 0.579834 -0.564633 -0.313289 1.127366
-0.179810 -0.178589 0.274170 -0.349602 -0.347229 0.533066
-0.117798 -0.071533 0.097168 -0.229033 -0.139081 0.188923
-0.056519 -0.050415 -0.092896 -0.109889 -0.098022 -0.180616
-0.005615 -0.040283 -0.307861 -0.010918 -0.078322 -0.598572
0.041382 -0.084473 -0.625977 0.080458 -0.164239 -1.217081
0.034180 0.013672 -0.916870 0.066455 0.026582 -1.782663
-0.095215 0.002930 -1.109741 -0.185125 0.005696 -2.157660
-0.169189 0.067017 -1.280151 -0.328954 0.130300 -2.488988
-0.238281 0.031982 -1.337769 -0.463288 0.062183 -2.601012
-0.249268 0.043823 -1.357910 -0.484649 0.085205 -2.640173
-0.229492 0.120483 -1.240723 -0.446200 0.234255 -2.412327
-0.229126 0.160034 -0.976196 -0.445488 0.311153 -1.898010
-0.159058 0.065063 -0.689819 -0.309254 0.126502 -1.341210
-0.063477 -0.070435 -0.440430 -0.123417 -0.136945 -0.856324
0.007568 -0.064575 -0.221680 0.014715 -0.125553 -0.431010
0.136841 0.059937 -0.054199 0.266058 0.116534 -0.105379
0.128418 0.004883 0.097534 0.249682 0.009494 0.189635
0.218140 0.130615 0.241699 0.424127 0.253954 0.469934
0.406372 0.186157 0.336426 0.790106 0.361944 0.654110
0.547607 0.065918 0.348511 1.064708 0.128164 0.677607
0.522583 -0.049927 0.369019 1.016054 -0.097072 0.717480
0.494019 -0.004272 0.460571 0.960516 -0.008307 0.895485
0.449341 0.007813 0.549683 0.873650 0.015190 1.068743
0.415771 -0.066528 0.549683 0.808381 -0.129350 1.068743
0.369629 -0.149658 0.469971 0.718666 -0.290979 0.913760
0.232666 -0.206665 0.344727 0.452371 -0.401817 0.670249
0.105225 -0.051270 0.180054 0.204587 -0.099683 0.350077
0.056519 -0.019287 0.021851 0.109889 -0.037500 0.042484
0.025635 -0.067383 -0.091064 0.049841 -0.131012 -0.177056
0.012085 -0.028320 -0.117065 0.023497 -0.055063 -0.227609
0.026611 0.003418 -0.177002 0.051740 0.006646 -0.344143
-0.019897 -0.015991 -0.221191 -0.038686 -0.031092 -0.430061
-0.088257 -0.018677 -0.204102 -0.171597 -0.036313 -0.396833
-0.138062 0.005859 -0.133911 -0.268432 0.011392 -0.260362
-0.132202 0.031006 -0.108521 -0.257040 0.060284 -0.210996
-0.086426 0.008179 -0.127197 -0.168037 0.015902 -0.247309
-0.011108 0.015381 -0.145264 -0.021598 0.029905 -0.282435
0.017944 0.004517 -0.136719 0.034889 0.008782 -0.265821
0.033569 0.050537 -0.139038 0.065269 0.098259 -0.270331
0.007446 0.020264 -0.139648 0.014478 0.039398 -0.271517
-0.018799 0.010132 -0.133911 -0.036550 0.019699 -0.260362
-0.032104 -0.061035 -0.114380 -0.062420 -0.118670 -0.222388
-0.042847 -0.093994 -0.083130 -0.083306 -0.182752 -0.161629
-0.051270 -0.093750 0.001953 -0.099683 -0.182277 0.003797
-0.042480 -0.114868 0.020752 -0.082594 -0.223337 0.040348
-0.016113 -0.023315 -0.086060 -0.031329 -0.045332 -0.167325
-0.013062 0.029175 -0.178101 -0.025395 0.056724 -0.346279
0.025269 0.017700 -0.183228 0.049129 0.034414 -0.356248
0.015137 0.034424 -0.155640 0.029430 0.066930 -0.302609
0.008667 0.045410 -0.132813 0.016851 0.088291 -0.258226
-0.019287 0.008423 -0.121948 -0.037500 0.016376 -0.237103
-0.034302 0.004272 -0.114624 -0.066693 0.008307 -0.222863
-0.034546 -0.015015 -0.113892 -0.067167 -0.029193 -0.221438
-0.018311 -0.028809 -0.111938 -0.035601 -0.056012 -0.217641
0.007446 0.002930 -0.115234 0.014478 0.005696 -0.224049
0.049316 0.068359 -0.153564 0.095885 0.132911 -0.298574
0.057861 0.057739 -0.176147 0.112499 0.112262 -0.342482
0.041260 0.077393 -0.148315 0.080221 0.150474 -0.288368
0.009888 0.045288 -0.133179 0.019225 0.088053 -0.258938
-0.011841 -0.012939 -0.144165 -0.023022 -0.025158 -0.280299
-0.022217 -0.011353 -0.150024 -0.043196 -0.022073 -0.291691
-0.023438 -0.014893 -0.134521 -0.045569 -0.028956 -0.261549
-0.014893 0.011230 -0.154541 -0.028956 0.021835 -0.300473
0.019531 0.044678 -0.189087 0.037974 0.086867 -0.367640
