0.065796 -0.004028 -0.286011 0.127926 -0.007832 -0.556088
-0.018921 0.015503 -0.415894 -0.036788 0.030142 -0.808618
0.031006 0.053589 -0.441650 0.060284 0.104192 -0.858697
0.099854 -0.006592 -0.348877 0.194144 -0.012816 -0.678319
0.058838 -0.244995 -0.245483 0.114398 -0.476342 -0.477291
-0.016479 -0.715698 -0.406738 -0.032041 -1.391526 -0.790818
-0.151978 -0.633423 -0.151489 -0.295489 -1.231559 -0.294539
-0.146240 -0.416504 -0.102051 -0.284334 -0.809805 -0.198416
-0.170898 -0.036255 0.140747 -0.332276 -0.070490 0.273653
-0.356567 0.352173 1.034912 -0.693271 0.684727 2.012171
-0.474976 1.152222 1.889038 -0.923491 2.240255 3.672841
-0.917847 -0.103638 2.023682 -1.784562 -0.201502 3.934627
-1.264282 -0.348145 2.316528 -2.458133 -0.676894 4.504006
-1.243530 0.001099 2.263184 -2.417785 0.002136 4.400289
-0.802124 0.468628 1.209961 -1.559563 0.911149 2.352517
-0.157837 0.392700 0.050781 -0.306881 0.763524 0.098734
0.228882 0.165649 -0.227661 0.445013 0.322071 -0.442640
0.451416 0.303589 -0.413208 0.877684 0.590265 -0.803397
0.453003 0.423584 -0.610596 0.880770 0.823571 -1.187176
0.245361 0.375732 -0.743286 0.477054 0.730533 -1.445165
-0.045776 0.193848 -0.783447 -0.089003 0.376896 -1.523250
-0.309082 -0.013428 -0.891235 -0.600946 -0.026107 -1.732821
-0.436401 0.099854 -1.071289 -0.848491 0.194144 -2.082898
-0.446167 0.353149 -1.258423 -0.867479 0.686625 -2.446741
-0.421997 0.436035 -1.427612 -0.820485 0.847780 -2.775695
-0.369019 0.535034 -1.682007 -0.717480 1.040262 -3.270312
-0.254639 0.527222 -1.791138 -0.495092 1.025073 -3.482494
-0.057739 0.244873 -1.698486 -0.112262 0.476105 -3.302353
-0.023926 0.024292 -1.293701 -0.046519 0.047231 -2.515332
0.089111 0.138306 -0.717407 0.173258 0.268907 -1.394849
0.115845 0.004272 -0.352783 0.225236 0.008307 -0.685913
0.161743 -0.157593 -0.250977 0.314476 -0.306406 -0.487972
0.195679 -0.171387 -0.152466 0.380456 -0.333226 -0.296438
0.249390 -0.225708 0.036865 0.484886 -0.438842 0.071677
0.286865 -0.251343 0.192261 0.557750 -0.488684 0.373811
0.369141 -0.199219 0.332153 0.717717 -0.387339 0.645803
0.451294 -0.156982 0.447632 0.877447 -0.305220 0.870327
0.505371 -0.163574 0.418457 0.982589 -0.318036 0.813603
0.557373 -0.163208 0.331421 1.083696 -0.317324 0.644379
0.615356 -0.118408 0.317139 1.196432 -0.230220 0.616610
0.551636 -0.096191 0.363892 1.072541 -0.187024 0.707511
0.349609 -0.010620 0.315430 0.679743 -0.020649 0.613287
0.294678 0.035156 0.178833 0.572939 0.068354 0.347704
0.279175 -0.081299 0.076904 0.542797 -0.158069 0.149524
0.127686 -0.099976 0.048096 0.248258 -0.194382 0.093512
-0.003540 0.046875 0.061890 -0.006883 0.091139 0.120332
0.039307 0.056152 -0.005127 0.076424 0.109177 -0.009968
0.089111 0.009277 -0.071411 0.173258 0.018038 -0.138844
0.065186 0.005371 -0.071411 0.126740 0.010443 -0.138844
0.017578 0.036743 -0.032959 0.034177 0.071439 -0.064082
0.008667 0.051636 -0.043335 0.016851 0.100395 -0.084256
0.013550 0.056519 -0.090698 0.026345 0.109889 -0.176344
0.037964 -0.006470 -0.091431 0.073813 -0.012579 -0.177768
0.058594 -0.019653 -0.077026 0.113923 -0.038212 -0.149762
0.052002 -0.019287 -0.041016 0.101107 -0.037500 -0.079746
0.020508 0.025879 -0.102905 0.039873 0.050316 -0.200078
-0.003296 0.012817 -0.117310 -0.006408 0.024921 -0.228084
0.025146 -0.018066 -0.089233 0.048892 -0.035126 -0.173496
0.042603 -0.004028 -0.104248 0.082832 -0.007832 -0.202689
0.022217 -0.004761 -0.095825 0.043196 -0.009256 -0.186312
0.004761 0.003906 -0.096924 0.009256 0.007595 -0.188448
-0.018921 0.004272 -0.104614 -0.036788 0.008307 -0.203401
-0.048096 0.008179 -0.119507 -0.093512 0.015902 -0.232356
-0.041016 0.002808 -0.100342 -0.079746 0.005459 -0.195094
-0.009033 0.014282 -0.095215 -0.017563 0.027769 -0.185125
0.027222 0.004395 -0.118408 0.052927 0.008544 -0.230220
0.019897 0.019409 -0.140259 0.038686 0.037737 -0.272704
-0.007324 0.032104 -0.141968 -0.014240 0.062420 -0.276027
-0.012817 0.040161 -0.154663 -0.024921 0.078085 -0.300710
-0.018555 0.035889 -0.169800 -0.036076 0.069778 -0.330140
-0.042603 0.026978 -0.177002 -0.082832 0.052452 -0.344143
-0.030029 -0.019043 -0.134033 -0.058386 -0.037025 -0.260600
0.003296 -0.016235 -0.117310 0.006408 -0.031566 -0.228084
0.032593 0.051392 -0.116943 0.063370 0.099920 -0.227372
0.033325 0.047607 -0.117188 0.064794 0.092563 -0.227847
0.016602 0.026001 -0.125122 0.032278 0.050553 -0.243274
-0.008423 0.019653 -0.139648 -0.016376 0.038212 -0.271517
-0.017700 0.017456 -0.148071 -0.034414 0.033940 -0.287894
-0.017944 0.025269 -0.161621 -0.034889 0.049129 -0.314239
-0.026245 0.020020 -0.140747 -0.051028 0.038924 -0.273653
