-0.070068 -0.329834 -0.549927 -0.136233 -0.641293 -1.069218
-0.204224 -0.383057 -0.456421 -0.397070 -0.744774 -0.887415
-0.319580 -0.371094 -0.281982 -0.621357 -0.721514 -0.548256
-0.362305 -0.068237 -0.206299 -0.704426 -0.132673 -0.401105
-0.352783 -0.045044 -0.077515 -0.685913 -0.087579 -0.150711
-0.285889 -0.097534 0.115479 -0.555851 -0.189635 0.224524
-0.224609 -0.297729 0.238770 -0.436706 -0.578873 0.464238
-0.169678 -0.475464 0.290283 -0.329903 -0.924440 0.564395
-0.217529 -0.372925 0.372192 -0.422940 -0.725075 0.723651
-0.386597 -0.188843 0.527832 -0.751657 -0.367165 1.026259
-0.671265 0.544189 0.533447 -1.305134 1.058063 1.037177
-1.003418 0.207397 0.340454 -1.950937 0.403241 0.661942
-0.853271 -0.535156 0.361694 -1.659009 -1.040500 0.703239
-0.773315 -0.728760 0.609741 -1.503551 -1.416921 1.185515
-0.726929 -0.493164 0.735352 -1.413361 -0.958855 1.429738
-0.822632 -0.329468 0.675171 -1.599436 -0.640581 1.312729
-0.717773 -0.518188 0.566406 -1.395561 -1.007509 1.101259
-0.254761 -0.442627 0.406738 -0.495329 -0.860596 0.790818
0.128174 -0.243896 0.065674 0.249207 -0.474206 0.127689
0.115479 -0.274048 -0.406982 0.224524 -0.532829 -0.791292
0.009033 -0.260132 -0.764282 0.017563 -0.505772 -1.485988
-0.066650 -0.195313 -0.963135 -0.129588 -0.379744 -1.872615
-0.192017 -0.267212 -1.141846 -0.373336 -0.519538 -2.220081
-0.303223 -0.259644 -1.235596 -0.589553 -0.504823 -2.402358
-0.392700 -0.088745 -1.262207 -0.763524 -0.172546 -2.454098
-0.411621 0.078003 -1.264771 -0.800311 0.151660 -2.459083
-0.340332 0.151245 -1.235962 -0.661705 0.294065 -2.403070
-0.253662 0.221436 -1.168335 -0.493193 0.430535 -2.271584
-0.166260 0.301758 -1.013550 -0.323257 0.586705 -1.970636
-0.157959 0.426514 -0.804932 -0.307118 0.829267 -1.565022
-0.106079 0.460449 -0.625000 -0.206249 0.895248 -1.215182
0.093994 0.368896 -0.381836 0.182752 0.717242 -0.742400
0.248413 0.302002 -0.171753 0.482987 0.587180 -0.333938
0.312378 0.262207 0.083252 0.607354 0.509807 0.161866
0.372925 0.247803 0.339355 0.725075 0.481801 0.659806
0.459961 0.259644 0.479736 0.894298 0.504823 0.932747
0.551514 0.289551 0.525269 1.072303 0.562971 1.021275
0.589600 0.321411 0.527588 1.146354 0.624917 1.025785
0.636719 0.309204 0.575806 1.237967 0.601183 1.119534
0.616699 0.268677 0.641479 1.199043 0.522386 1.247223
0.493530 0.173340 0.561279 0.959567 0.337023 1.091291
0.392700 0.137573 0.423828 0.763524 0.267482 0.824045
0.394165 0.188721 0.253418 0.766372 0.366928 0.492718
0.282349 0.217773 0.014160 0.548968 0.423415 0.027531
0.222412 0.159302 -0.044556 0.432434 0.309729 -0.086629
0.079224 0.156494 -0.045654 0.154034 0.304270 -0.088765
0.062378 0.115234 -0.049438 0.121281 0.224049 -0.096123
0.032227 0.083130 -0.142944 0.062658 0.161629 -0.277925
0.043823 0.126587 -0.164185 0.085205 0.246122 -0.319223
-0.003784 0.199097 -0.110107 -0.007358 0.387102 -0.214081
-0.029053 0.164917 -0.051025 -0.056487 0.320647 -0.099208
-0.062622 0.132080 -0.093750 -0.121756 0.256802 -0.182277
-0.078247 0.085083 -0.121948 -0.152135 0.165426 -0.237103
-0.109375 0.086182 -0.134521 -0.212657 0.167562 -0.261549
-0.097046 0.199097 -0.099243 -0.188686 0.387102 -0.192958
-0.064453 0.255615 -0.088135 -0.125316 0.496991 -0.171360
-0.070068 0.211060 -0.102295 -0.136233 0.410361 -0.198891
-0.077148 0.165039 -0.110229 -0.149999 0.320884 -0.214318
-0.081909 0.141724 -0.093872 -0.159255 0.275552 -0.182515
-0.115234 0.122192 -0.058350 -0.224049 0.237578 -0.113449
-0.183716 0.035889 -0.082397 -0.357197 0.069778 -0.160205
-0.220459 -0.040283 -0.163330 -0.428637 -0.078322 -0.317561
-0.185791 -0.000244 -0.195923 -0.361232 -0.000475 -0.380931
-0.053711 0.019775 -0.167969 -0.104430 0.038449 -0.326580
0.017212 -0.004639 -0.161987 0.033465 -0.009019 -0.314951
0.028931 0.037964 -0.173462 0.056250 0.073813 -0.337261
-0.015137 0.072632 -0.216553 -0.029430 0.141217 -0.421042
-0.034058 0.064819 -0.242310 -0.066218 0.126028 -0.471120
-0.023315 0.064819 -0.188354 -0.045332 0.126028 -0.366216
-0.020386 0.070435 -0.135132 -0.039636 0.136945 -0.262736
-0.019287 0.078003 -0.125122 -0.037500 0.151660 -0.243274
-0.009521 0.048096 -0.138794 -0.018513 0.093512 -0.269856
-0.004150 0.045410 -0.164185 -0.008070 0.088291 -0.319223
0.001343 0.037109 -0.148071 0.002611 0.072151 -0.287894
-0.011230 0.048462 -0.113403 -0.021835 0.094224 -0.220489
-0.018188 0.035889 -0.083618 -0.035364 0.069778 -0.162578
-0.012817 0.013428 -0.077026 -0.024921 0.026107 -0.149762
-0.011963 -0.011230 -0.098633 -0.023259 -0.021835 -0.191771
-0.011353 -0.017944 -0.118164 -0.022073 -0.034889 -0.229745
-0.013062 -0.004150 -0.138916 -0.025395 -0.008070 -0.270093
