0.005615 0.142944 -0.198730 0.010918 0.277925 -0.386390
0.274780 0.521362 0.088867 0.534253 1.013680 0.172784
0.239258 0.333862 0.141357 0.465187 0.649126 0.274840
0.071777 0.021973 0.047852 0.139556 0.042721 0.093037
-0.090332 -0.246704 -0.100586 -0.175632 -0.479665 -0.195568
-0.256714 -0.543579 -0.130249 -0.499127 -1.056876 -0.253242
-0.419189 -0.506104 -0.128174 -0.815027 -0.984013 -0.249207
-0.463013 0.245972 0.098999 -0.900232 0.478241 0.192483
-0.468750 0.125122 0.032104 -0.911387 0.243274 0.062420
-0.513428 -0.042358 -0.073975 -0.998253 -0.082357 -0.143828
-0.645142 -0.441772 -0.051392 -1.254343 -0.858934 -0.099920
-0.801392 -0.861694 0.407349 -1.558139 -1.675385 0.792005
-0.977173 -0.741821 1.148071 -1.899909 -1.442317 2.232185
-0.917603 0.366699 1.402832 -1.784087 0.712970 2.727515
-0.862183 1.047607 1.127075 -1.676334 2.036854 2.191363
-0.801392 0.893555 0.558105 -1.558139 1.737331 1.085120
-0.645386 0.410645 0.081055 -1.254818 0.798413 0.157594
-0.318604 -0.041748 -0.464600 -0.619458 -0.081170 -0.903317
-0.146851 -0.000488 -0.813354 -0.285520 -0.000949 -1.581398
-0.170166 0.200562 -1.074463 -0.330852 0.389950 -2.089069
-0.167236 0.236328 -1.271118 -0.325156 0.459491 -2.471424
-0.232178 0.293945 -1.499268 -0.451421 0.571515 -2.915013
-0.283203 0.262085 -1.707153 -0.550629 0.509570 -3.319204
-0.247559 0.259888 -1.701416 -0.481326 0.505297 -3.308049
-0.229248 0.458740 -1.428467 -0.445725 0.891925 -2.777356
-0.108887 0.385620 -0.970703 -0.211708 0.749758 -1.887330
-0.034424 0.248291 -0.630615 -0.066930 0.482750 -1.226100
-0.080322 0.284790 -0.361084 -0.156170 0.553715 -0.702053
-0.061157 0.301880 -0.110840 -0.118907 0.586943 -0.215505
0.003296 0.283691 0.004395 0.006408 0.551579 0.008544
0.062256 0.294312 0.009766 0.121044 0.572227 0.018987
0.348022 0.213013 0.049561 0.676657 0.414159 0.096360
0.724487 -0.002075 0.227295 1.408615 -0.004035 0.441928
0.818970 -0.248779 0.410034 1.592316 -0.483700 0.797226
0.923950 -0.328491 0.537720 1.796429 -0.638683 1.045484
1.038086 -0.473145 0.655396 2.018342 -0.919931 1.274280
0.982544 -0.552246 0.723145 1.910352 -1.073727 1.406004
0.822998 -0.540771 0.659180 1.600148 -1.051417 1.281638
0.636597 -0.388672 0.474487 1.237730 -0.755691 0.922542
0.447021 -0.234497 0.276855 0.869140 -0.455931 0.538288
0.443237 -0.243408 0.089478 0.861783 -0.473257 0.173970
0.334106 -0.187012 0.014893 0.649600 -0.363605 0.028956
0.171143 -0.104126 0.026001 0.332751 -0.202451 0.050553
0.122681 -0.048828 0.065918 0.238527 -0.094936 0.128164
0.043701 -0.018066 0.057251 0.084968 -0.035126 0.111313
0.034912 0.019043 0.036133 0.067879 0.037025 0.070253
0.039429 0.037598 0.004150 0.076661 0.073101 0.008070
0.026611 0.075195 -0.044556 0.051740 0.146202 -0.086629
0.008667 0.090454 -0.088989 0.016851 0.175869 -0.173021
-0.015503 0.078247 -0.123291 -0.030142 0.152135 -0.239714
-0.054565 0.024292 -0.160767 -0.106091 0.047231 -0.312577
-0.064209 -0.006958 -0.179810 -0.124841 -0.013528 -0.349602
-0.018677 -0.003296 -0.134644 -0.036313 -0.006408 -0.261786
-0.012573 0.022217 -0.096558 -0.024446 0.043196 -0.187736
-0.064819 0.058350 -0.093872 -0.126028 0.113449 -0.182515
-0.105225 0.066162 -0.115112 -0.204587 0.128638 -0.223812
-0.027466 0.063110 -0.133423 -0.053402 0.122705 -0.259413
0.035645 0.064331 -0.107056 0.069303 0.125078 -0.208147
0.040161 0.074585 -0.088135 0.078085 0.145015 -0.171360
-0.010132 0.062744 -0.092651 -0.019699 0.121993 -0.180141
-0.053223 0.014526 -0.103394 -0.103480 0.028243 -0.201027
-0.034790 -0.006104 -0.082520 -0.067642 -0.011867 -0.160442
-0.018921 -0.039307 -0.070679 -0.036788 -0.076424 -0.137420
-0.013672 -0.055054 -0.062012 -0.026582 -0.107040 -0.120569
-0.028931 -0.041016 -0.063477 -0.056250 -0.079746 -0.123417
-0.042114 -0.038452 -0.101563 -0.081882 -0.074762 -0.197467
-0.014160 -0.063110 -0.137817 -0.027531 -0.122705 -0.267957
0.017456 -0.049683 -0.134644 0.033940 -0.096597 -0.261786
-0.011597 -0.057251 -0.132324 -0.022547 -0.111313 -0.257277
-0.020020 -0.109375 -0.147705 -0.038924 -0.212657 -0.287182
0.001221 -0.150879 -0.161011 0.002373 -0.293353 -0.313052
0.022217 -0.200684 -0.137451 0.043196 -0.390187 -0.267245
0.033691 -0.215088 -0.087158 0.065506 -0.418194 -0.169461
0.041992 -0.194824 -0.080566 0.081645 -0.378795 -0.156645
0.050049 -0.193970 -0.109863 0.097310 -0.377134 -0.213606
0.028564 -0.263550 -0.099487 0.055538 -0.512418 -0.193432
0.003174 -0.330322 -0.052124 0.006171 -0.642243 -0.101344
-0.047119 -0.285400 -0.027832 -0.091613 -0.554902 -0.054114
-0.077881 -0.158081 -0.053955 -0.151423 -0.307356 -0.104904
-0.045532 -0.044800 -0.145630 -0.088528 -0.087104 -0.283147
