-0.044189 -0.039063 -0.290894 -0.085917 -0.075949 -0.565582
-0.024902 -0.038696 -0.293091 -0.048417 -0.075237 -0.569854
-0.014526 -0.174072 -0.323486 -0.028243 -0.338447 -0.628952
0.051147 -0.154541 -0.204712 0.099446 -0.300473 -0.398020
0.074707 -0.097656 -0.056641 0.145252 -0.189872 -0.110126
0.094971 -0.091797 0.021362 0.184651 -0.178480 0.041535
0.079102 -0.320801 -0.159546 0.153797 -0.623730 -0.310204
-0.129517 -0.430176 -0.088867 -0.251818 -0.836387 -0.172784
-0.381470 -0.325317 0.029419 -0.741688 -0.632512 0.057199
-0.597900 -0.370361 0.198853 -1.162493 -0.720090 0.386627
-0.756470 -0.387939 0.453735 -1.470798 -0.754267 0.882194
-0.758423 -0.592529 0.577026 -1.474595 -1.152050 1.121907
-0.655762 -0.416016 0.748169 -1.274992 -0.808856 1.454659
-0.557617 -0.130981 0.920776 -1.084170 -0.254666 1.790258
-0.671021 0.110596 0.897095 -1.304659 0.215030 1.744214
-0.827759 0.232788 0.751953 -1.609404 0.452608 1.462016
-0.797852 0.089722 0.421143 -1.551256 0.174445 0.818824
-0.672241 -0.094727 0.048096 -1.307033 -0.184176 0.093512
-0.344604 -0.048462 -0.245728 -0.670012 -0.094224 -0.477766
-0.183594 0.283447 -0.394043 -0.356960 0.551104 -0.766134
-0.176514 0.451050 -0.570679 -0.343194 0.876972 -1.109566
-0.252563 0.426636 -0.762207 -0.491057 0.829504 -1.481953
-0.395752 0.346436 -1.031982 -0.769457 0.673572 -2.006475
-0.424194 0.034668 -1.340698 -0.824758 0.067405 -2.606708
-0.343750 0.146362 -1.463989 -0.668350 0.284571 -2.846422
-0.367065 0.462891 -1.334595 -0.713682 0.899994 -2.594841
-0.453491 0.184692 -1.328735 -0.881719 0.359096 -2.583449
-0.491455 0.141602 -1.426514 -0.955532 0.275315 -2.773559
-0.348877 0.678101 -1.247314 -0.678319 1.318425 -2.425143
-0.339355 0.562134 -0.957275 -0.659806 1.092952 -1.861223
-0.239624 0.194336 -0.592041 -0.465899 0.377846 -1.151100
-0.026001 0.315674 -0.254639 -0.050553 0.613762 -0.495092
0.072266 0.328613 -0.161743 0.140505 0.638920 -0.314476
0.202759 -0.004517 -0.184326 0.394222 -0.008782 -0.358384
0.505737 -0.100952 -0.161743 0.983301 -0.196280 -0.314476
0.775391 -0.054443 -0.008911 1.507586 -0.105854 -0.017326
0.845703 -0.057495 0.177124 1.644294 -0.111787 0.344381
0.836060 -0.107056 0.374634 1.625544 -0.208147 0.728397
0.797607 -0.087769 0.493896 1.550781 -0.170648 0.960279
0.776978 -0.066406 0.592896 1.510671 -0.129113 1.152762
0.803101 -0.136597 0.669312 1.561462 -0.265584 1.301337
0.727173 -0.171875 0.627563 1.413836 -0.334175 1.220166
0.591064 -0.193115 0.557983 1.149202 -0.375472 1.084882
0.447266 -0.138672 0.430298 0.869615 -0.269619 0.836625
0.371216 0.015869 0.336304 0.721752 0.030854 0.653872
0.335938 0.083130 0.338623 0.653160 0.161629 0.658382
0.276367 0.030029 0.221436 0.537338 0.058386 0.430535
0.221313 0.065674 0.093018 0.430298 0.127689 0.180853
0.143311 0.086304 -0.030396 0.278637 0.167800 -0.059098
0.127075 0.080322 -0.067871 0.247071 0.156170 -0.131961
0.146606 0.032837 -0.035767 0.285046 0.063845 -0.069541
0.142212 0.058105 -0.005127 0.276501 0.112974 -0.009968
0.147705 0.126953 -0.019165 0.287182 0.246834 -0.037262
0.126465 0.073242 -0.038330 0.245885 0.142404 -0.074525
0.070313 0.041138 -0.089233 0.136708 0.079984 -0.173496
0.007813 0.017212 -0.169189 0.015190 0.033465 -0.328954
-0.034912 0.037598 -0.229858 -0.067879 0.073101 -0.446912
-0.020996 0.080200 -0.184326 -0.040823 0.155933 -0.358384
-0.007690 0.064575 -0.142822 -0.014952 0.125553 -0.277688
-0.007080 0.071411 -0.100098 -0.013766 0.138844 -0.194619
-0.012939 0.053711 -0.110596 -0.025158 0.104430 -0.215030
-0.021973 0.020874 -0.143677 -0.042721 0.040585 -0.279350
0.008301 0.003174 -0.134277 0.016139 0.006171 -0.261074
0.000000 0.033325 -0.127441 0.000000 0.064794 -0.247783
-0.003662 0.092163 -0.116211 -0.007120 0.179192 -0.225948
-0.023193 0.060791 -0.113525 -0.045095 0.118195 -0.220726
-0.058960 0.057861 -0.127319 -0.114635 0.112499 -0.247546
-0.054932 0.032227 -0.129272 -0.106803 0.062658 -0.251343
-0.069336 0.011475 -0.109619 -0.134809 0.022310 -0.213132
-0.077393 0.011597 -0.082886 -0.150474 0.022547 -0.161154
-0.041260 0.009155 -0.085815 -0.080221 0.017801 -0.166850
-0.013428 0.018555 -0.103516 -0.026107 0.036076 -0.201265
0.011963 0.042847 -0.120239 0.023259 0.083306 -0.233780
0.015503 0.073242 -0.130127 0.030142 0.142404 -0.253005
0.007690 0.079712 -0.135620 0.014952 0.154983 -0.263685
-0.018555 0.058228 -0.124878 -0.036076 0.113211 -0.242799
-0.071045 0.049561 -0.092896 -0.138132 0.096360 -0.180616
-0.098633 0.017578 -0.098389 -0.191771 0.034177 -0.191296
-0.050537 0.031128 -0.120117 -0.098259 0.060522 -0.233543
-0.005981 0.010376 -0.129395 -0.011630 0.020174 -0.251581
