-0.138550 0.130615 -0.346436 -0.269381 0.253954 -0.673572
-0.168213 0.027100 -0.499023 -0.327055 0.052690 -0.970247
-0.020386 0.112061 -0.492188 -0.039636 0.217878 -0.956956
0.058228 0.087158 -0.352539 0.113211 0.169461 -0.685439
-0.006836 -0.015259 -0.155762 -0.013291 -0.029668 -0.302846
0.016724 -0.087769 0.036743 0.032516 -0.170648 0.071439
0.110596 -0.073975 0.166260 0.215030 -0.143828 0.323257
0.042847 -0.287842 -0.152222 0.083306 -0.559648 -0.295963
-0.090454 0.056763 -0.170166 -0.175869 0.110363 -0.330852
-0.111572 0.203003 -0.409180 -0.216929 0.394697 -0.795565
-0.147217 0.714233 -0.456421 -0.286232 1.388678 -0.887415
-0.254761 0.319092 -0.271973 -0.495329 0.620408 -0.528794
-0.198730 0.424194 -0.098267 -0.386390 0.824758 -0.191059
-0.368286 0.449097 0.029663 -0.716056 0.873175 0.057674
-0.474609 0.418335 0.318237 -0.922779 0.813365 0.618746
-0.437622 0.647095 1.000000 -0.850865 1.258141 1.944292
-0.728149 0.590454 1.537231 -1.415735 1.148015 2.988826
-1.229126 0.048218 1.546753 -2.389779 0.093749 3.007339
-1.457764 -0.347290 1.692505 -2.834318 -0.675233 3.290723
-1.415405 -0.220825 1.361328 -2.751961 -0.429349 2.646819
-0.773315 -0.187500 0.473999 -1.503551 -0.364555 0.921592
-0.366943 -0.317139 -0.025513 -0.713445 -0.616610 -0.049604
-0.159180 -0.111450 -0.167969 -0.309492 -0.216692 -0.326580
0.049194 0.036865 -0.414795 0.095648 0.071677 -0.806482
0.100708 -0.044922 -0.796631 0.195806 -0.087341 -1.548883
0.001831 0.058228 -1.094727 0.003560 0.113211 -2.128468
-0.119751 0.235718 -1.216919 -0.232831 0.458304 -2.366045
-0.264038 0.149414 -1.338135 -0.513367 0.290505 -2.601724
-0.202759 -0.068237 -1.418457 -0.394222 -0.132673 -2.757894
-0.020874 -0.075806 -1.458374 -0.040585 -0.147388 -2.835504
0.015869 0.090454 -1.385132 0.030854 0.175869 -2.693100
-0.130371 0.189819 -1.054565 -0.253479 0.369064 -2.050383
-0.030518 0.155396 -0.798218 -0.059335 0.302134 -1.551968
0.082764 0.079224 -0.642700 0.160917 0.154034 -1.249597
0.086060 0.081909 -0.393555 0.167325 0.159255 -0.765185
0.172119 0.162354 -0.098755 0.334650 0.315663 -0.192008
0.390625 0.179688 0.209473 0.759489 0.349365 0.407276
0.531372 0.076538 0.379639 1.033142 0.148812 0.738128
0.652588 -0.049805 0.465332 1.268821 -0.096835 0.904741
0.626343 -0.064575 0.573730 1.217793 -0.125553 1.115499
0.529785 -0.005371 0.701294 1.030057 -0.010443 1.363520
0.364624 -0.078491 0.636719 0.708935 -0.152610 1.237967
0.368164 -0.309326 0.385864 0.715818 -0.601420 0.750233
0.456665 -0.449341 0.258545 0.887890 -0.873650 0.502687
0.340454 -0.284912 0.103149 0.661942 -0.553952 0.200553
0.091553 -0.113037 0.044312 0.178005 -0.219777 0.086155
-0.040283 -0.070923 0.058350 -0.078322 -0.137895 0.113449
-0.065796 -0.048584 0.028198 -0.127926 -0.094461 0.054826
-0.039307 -0.058350 -0.032837 -0.076424 -0.113449 -0.063845
-0.037354 -0.091675 -0.083374 -0.072626 -0.178243 -0.162103
-0.034302 -0.107300 -0.108032 -0.066693 -0.208622 -0.210046
-0.034424 -0.040161 -0.137573 -0.066930 -0.078085 -0.267482
-0.041870 0.006226 -0.176147 -0.081408 0.012104 -0.342482
-0.025757 0.054077 -0.202393 -0.050079 0.105142 -0.393510
-0.025024 0.042847 -0.207397 -0.048655 0.083306 -0.403241
0.008057 -0.025269 -0.181152 0.015664 -0.049129 -0.352213
0.025024 -0.021240 -0.127808 0.048655 -0.041297 -0.248495
0.016235 0.008301 -0.113892 0.031566 0.016139 -0.221438
-0.000732 0.019775 -0.134644 -0.001424 0.038449 -0.261786
-0.005249 0.027588 -0.130371 -0.010206 0.053639 -0.253479
-0.032227 -0.000854 -0.125122 -0.062658 -0.001661 -0.243274
-0.053955 0.011475 -0.123535 -0.104904 0.022310 -0.240188
-0.038940 0.033936 -0.132690 -0.075712 0.065981 -0.257989
-0.044434 0.065430 -0.133423 -0.086392 0.127214 -0.259413
-0.040283 0.048340 -0.161255 -0.078322 0.093987 -0.313527
-0.030884 0.002197 -0.177124 -0.060047 0.004272 -0.344381
-0.031006 -0.017334 -0.147705 -0.060284 -0.033702 -0.287182
-0.044678 0.013428 -0.124756 -0.086867 0.026107 -0.242562
-0.065430 0.047729 -0.122925 -0.127214 0.092800 -0.239002
-0.056763 0.078979 -0.141602 -0.110363 0.153559 -0.275315
-0.023193 0.098877 -0.145752 -0.045095 0.192246 -0.283384
-0.000732 0.074341 -0.158813 -0.001424 0.144540 -0.308780
0.001587 0.064575 -0.170776 0.003085 0.125553 -0.332039
0.028442 0.059326 -0.126221 0.055300 0.115347 -0.245410
0.034668 0.044312 -0.118164 0.067405 0.086155 -0.229745
0.028687 0.033203 -0.123779 0.055775 0.064557 -0.240663
0.029297 0.003418 -0.078491 0.056962 0.006646 -0.152610
0.030151 -0.006714 -0.081299 0.058623 -0.013054 -0.158069
0.007080 -0.038818 -0.085571 0.013766 -0.075474 -0.166376
0.021484 -0.066895 -0.083008 0.041772 -0.130062 -0.161391
