-0.262085 0.011719 -0.226807 -0.509570 0.022785 -0.440978
-0.075317 0.101685 -0.245728 -0.146439 0.197704 -0.477766
-0.034912 -0.024048 -0.252441 -0.067879 -0.046756 -0.490820
-0.152710 -0.148438 -0.206299 -0.296913 -0.288606 -0.401105
-0.399170 -0.414307 -0.206421 -0.776103 -0.805533 -0.401342
-0.563599 -0.468262 -0.046143 -1.095800 -0.910437 -0.089715
-0.636230 -0.200684 0.212402 -1.237018 -0.390187 0.412972
-0.721191 -0.302002 0.120605 -1.402206 -0.587180 0.234492
-0.822754 -0.443604 0.251099 -1.599674 -0.862495 0.488209
-0.915405 -0.876343 0.385620 -1.779815 -1.703866 0.749758
-0.820313 -0.613770 0.863770 -1.594927 -1.193347 1.679420
-0.664551 -0.151611 1.352539 -1.292081 -0.294777 2.629730
-0.643555 0.397827 1.695068 -1.251258 0.773492 3.295707
-0.916870 0.275391 1.502930 -1.782663 0.535440 2.922134
-0.777222 -0.275024 0.968140 -1.511146 -0.534728 1.882346
-0.695557 -0.293457 0.026855 -1.352365 -0.570566 0.052215
-0.494751 0.214233 -0.622559 -0.961940 0.416532 -1.210436
-0.221680 0.338745 -0.853149 -0.431010 0.658619 -1.658771
-0.149414 0.284058 -0.907349 -0.290505 0.552291 -1.764150
-0.271484 0.263306 -0.972290 -0.527845 0.511943 -1.890415
-0.372437 0.382568 -1.159424 -0.724125 0.743824 -2.254258
-0.274536 0.533569 -1.369019 -0.533778 1.037414 -2.661771
-0.176514 0.575806 -1.419678 -0.343194 1.119534 -2.760267
-0.163696 0.447021 -1.600464 -0.318273 0.869140 -3.111768
-0.019775 0.415283 -1.706787 -0.038449 0.807432 -3.318492
0.102173 0.460571 -1.633545 0.198654 0.895485 -3.176088
0.165161 0.472778 -1.326782 0.321121 0.919219 -2.579652
0.125488 0.356689 -0.821045 0.243986 0.693508 -1.596351
-0.015625 0.404419 -0.356689 -0.030380 0.786308 -0.693508
0.010376 0.362915 -0.069946 0.020174 0.705613 -0.135996
0.183472 0.165771 0.045044 0.356722 0.322308 0.087579
0.328735 -0.020752 0.116211 0.639157 -0.040348 0.225948
0.493652 -0.112549 0.260010 0.959804 -0.218828 0.505535
0.784424 -0.166138 0.384033 1.525149 -0.323020 0.746673
0.990601 -0.212280 0.439209 1.926016 -0.412735 0.853950
1.002930 -0.176758 0.501709 1.949988 -0.343669 0.975469
1.018311 -0.146240 0.635620 1.979893 -0.284334 1.235831
0.938354 -0.062256 0.721313 1.824435 -0.121044 1.402444
0.688110 0.011597 0.730835 1.337887 0.022547 1.420956
0.515747 -0.087524 0.663940 1.002763 -0.170173 1.290894
0.466064 -0.108398 0.528198 0.906165 -0.210758 1.026971
0.440918 -0.021973 0.397095 0.857273 -0.042721 0.772068
0.272461 0.027710 0.252563 0.529743 0.053876 0.491057
0.127319 0.039185 0.070557 0.247546 0.076186 0.137183
0.145874 0.089478 -0.057007 0.283622 0.173970 -0.110838
0.173950 0.084717 -0.139526 0.338210 0.164714 -0.271280
0.117188 0.047729 -0.155029 0.227847 0.092800 -0.301422
0.058228 0.017944 -0.092773 0.113211 0.034889 -0.180379
0.027588 -0.006348 -0.033936 0.053639 -0.012342 -0.065981
0.024780 -0.004272 -0.059937 0.048180 -0.008307 -0.116534
0.050781 -0.096924 -0.136963 0.098734 -0.188448 -0.266296
0.056641 -0.048218 -0.211426 0.110126 -0.093749 -0.411073
0.037476 0.031128 -0.192505 0.072863 0.060522 -0.374286
0.014893 0.062988 -0.142822 0.028956 0.122468 -0.277688
-0.001709 0.084351 -0.136597 -0.003323 0.164002 -0.265584
0.004517 0.016968 -0.156616 0.008782 0.032990 -0.304508
-0.000488 -0.002930 -0.184570 -0.000949 -0.005696 -0.358858
-0.010376 0.044678 -0.182251 -0.020174 0.086867 -0.354349
-0.040894 0.093384 -0.183838 -0.079509 0.181565 -0.357434
-0.035400 0.088745 -0.157593 -0.068829 0.172546 -0.306406
0.024292 0.067383 -0.145386 0.047231 0.131012 -0.282672
0.050781 0.052002 -0.129883 0.098734 0.101107 -0.252530
0.049438 -0.005371 -0.107056 0.096123 -0.010443 -0.208147
0.028320 0.016479 -0.123413 0.055063 0.032041 -0.239951
0.018921 0.055542 -0.125610 0.036788 0.107990 -0.244223
0.003418 0.091431 -0.123779 0.006646 0.177768 -0.240663
-0.006348 0.077881 -0.136963 -0.012342 0.151423 -0.266296
-0.002075 0.094727 -0.161255 -0.004035 0.184176 -0.313527
-0.009277 0.020630 -0.150269 -0.018038 0.040111 -0.292166
0.024414 -0.008423 -0.122070 0.047468 -0.016376 -0.237340
0.052612 0.011108 -0.086548 0.102294 0.021598 -0.168274
0.067139 0.025146 -0.095825 0.130537 0.048892 -0.186312
0.056152 0.090942 -0.105103 0.109177 0.176819 -0.204350
0.017334 0.117554 -0.128662 0.033702 0.228559 -0.250157
-0.012939 0.127930 -0.156738 -0.025158 0.248733 -0.304745
-0.020874 0.111938 -0.158813 -0.040585 0.217641 -0.308780
-0.017090 0.135010 -0.141602 -0.033228 0.262498 -0.275315
-0.025024 0.080078 -0.131348 -0.048655 0.155695 -0.255378
0.008179 0.016357 -0.117432 0.015902 0.031804 -0.228321
0.013428 0.037109 -0.087036 0.026107 0.072151 -0.169224
