-0.170654 -0.272217 -0.652832 -0.331802 -0.529269 -1.269296
-0.244263 -0.157959 -0.630615 -0.474918 -0.307118 -1.226100
-0.321045 0.002930 -0.438721 -0.624205 0.005696 -0.853001
-0.360718 0.185425 -0.153320 -0.701341 0.360520 -0.298099
-0.203247 0.318237 -0.031250 -0.395172 0.618746 -0.060759
-0.046265 -0.444458 0.002563 -0.089952 -0.864156 0.004984
-0.220459 -1.457275 -0.115234 -0.428637 -2.833368 -0.224049
-0.233154 -1.024414 -0.173950 -0.453320 -1.991760 -0.338210
-0.078735 0.167114 0.310791 -0.153084 0.324919 0.604268
-0.161987 1.063721 1.119263 -0.314951 2.068183 2.176173
-0.431885 -0.531128 1.173706 -0.839710 -1.032668 2.282027
-0.478882 -0.367798 0.778442 -0.931086 -0.715106 1.513519
-0.467041 -0.333008 0.452515 -0.908064 -0.647464 0.879820
-0.486572 -0.278076 0.445190 -0.946038 -0.540661 0.865580
-0.460327 -0.352417 0.253174 -0.895010 -0.685201 0.492244
-0.427856 -0.478271 0.134521 -0.831878 -0.929899 0.261549
-0.290649 -0.402710 0.031494 -0.565107 -0.782986 0.061234
-0.132202 0.039063 -0.355225 -0.257040 0.075949 -0.690660
-0.180298 0.354248 -0.697388 -0.350552 0.688762 -1.355925
-0.191162 0.125488 -0.743164 -0.371675 0.243986 -1.444928
-0.214478 -0.083496 -0.912109 -0.417007 -0.162341 -1.773407
-0.242676 -0.142090 -1.096436 -0.471832 -0.276264 -2.131790
-0.505737 -0.113770 -1.328735 -0.983301 -0.221201 -2.583449
-0.758667 0.288452 -1.645630 -1.475070 0.560835 -3.199584
-0.817017 0.265991 -1.766846 -1.588519 0.517164 -3.435263
-0.604858 -0.150879 -1.579590 -1.176021 -0.293353 -3.071183
-0.307495 -0.320190 -1.115356 -0.597860 -0.622544 -2.168578
-0.140259 0.114502 -0.681519 -0.272704 0.222625 -1.325071
-0.124390 0.299316 -0.236938 -0.241850 0.581958 -0.460678
-0.097534 0.079468 -0.021240 -0.189635 0.154509 -0.041297
0.175659 -0.035767 -0.030640 0.341533 -0.069541 -0.059572
0.640503 0.047607 0.064331 1.245324 0.092563 0.125078
1.003174 0.177246 0.325073 1.950462 0.344618 0.632037
1.134888 0.239136 0.681152 2.206553 0.464950 1.324359
1.064819 0.332153 1.010620 2.070319 0.645803 1.964940
0.942383 0.475708 1.059082 1.832267 0.924915 2.059164
0.846069 0.577759 1.037598 1.645005 1.123332 2.017392
0.941040 0.568726 0.982422 1.829656 1.105768 1.910115
0.937988 0.373901 0.758911 1.823723 0.726973 1.475545
0.603394 0.145142 0.377930 1.173173 0.282198 0.734806
0.473511 0.081543 0.114258 0.920643 0.158543 0.222151
0.411133 0.195801 0.076782 0.799362 0.380694 0.149287
0.173706 0.210327 0.214111 0.337735 0.408937 0.416295
-0.004883 0.181396 0.180542 -0.009494 0.352688 0.351026
-0.058838 0.131592 0.005493 -0.114398 0.255853 0.010680
-0.048218 0.053101 -0.160889 -0.093749 0.103243 -0.312815
-0.048218 0.045776 -0.255493 -0.093749 0.089003 -0.496753
-0.067627 0.141968 -0.262451 -0.131487 0.276027 -0.510282
-0.098999 0.231567 -0.196289 -0.192483 0.450235 -0.381643
-0.136963 0.230469 -0.146362 -0.266296 0.448098 -0.284571
-0.139160 0.172974 -0.209106 -0.270568 0.336311 -0.406564
-0.123047 0.124756 -0.292969 -0.239239 0.242562 -0.569617
-0.112793 0.109253 -0.322876 -0.219302 0.212420 -0.627765
-0.088257 0.129639 -0.338501 -0.171597 0.252055 -0.658145
-0.066895 0.123535 -0.322144 -0.130062 0.240188 -0.626341
-0.052368 0.112061 -0.275513 -0.101819 0.217878 -0.535677
-0.050171 0.112427 -0.260498 -0.097547 0.218590 -0.506484
-0.075195 0.076172 -0.255371 -0.146202 0.148100 -0.496516
-0.083252 0.073242 -0.218872 -0.161866 0.142404 -0.425551
-0.084717 0.095215 -0.156250 -0.164714 0.185125 -0.303796
-0.051880 0.088257 -0.097900 -0.100870 0.171597 -0.190347
-0.021240 0.037842 -0.073608 -0.041297 0.073575 -0.143116
0.028076 0.006348 -0.103394 0.054588 0.012342 -0.201027
0.077515 0.010498 -0.132568 0.150711 0.020411 -0.257752
0.099243 0.024414 -0.089478 0.192958 0.047468 -0.173970
0.095093 -0.016479 -0.047852 0.184888 -0.032041 -0.093037
0.058105 -0.006592 -0.077148 0.112974 -0.012816 -0.149999
0.012207 0.041992 -0.118896 0.023734 0.081645 -0.231169
0.013428 0.052368 -0.113647 0.026107 0.101819 -0.220964
0.033936 0.024292 -0.083862 0.065981 0.047231 -0.163053
0.022217 -0.001221 -0.081299 0.043196 -0.002373 -0.158069
0.014893 0.001343 -0.093262 0.028956 0.002611 -0.181328
0.014038 0.011597 -0.109863 0.027294 0.022547 -0.213606
-0.004639 0.027832 -0.111084 -0.009019 0.054114 -0.215980
-0.013672 0.024292 -0.097656 -0.026582 0.047231 -0.189872
-0.006226 0.034912 -0.098999 -0.012104 0.067879 -0.192483
-0.006470 0.026367 -0.111572 -0.012579 0.051266 -0.216929
-0.018188 0.000977 -0.131958 -0.035364 0.001899 -0.256565
-0.023682 0.003784 -0.126343 -0.046044 0.007358 -0.245647
-0.012329 0.025757 -0.101318 -0.023971 0.050079 -0.196992
