0.042969 -0.013306 -0.391235 0.083544 -0.025870 -0.760676
0.140259 0.036865 -0.309692 0.272704 0.071677 -0.602132
0.033447 -0.160278 -0.319214 0.065031 -0.311628 -0.620645
-0.032837 -0.284180 -0.311523 -0.063845 -0.552528 -0.605692
-0.047852 -0.242920 -0.232300 -0.093037 -0.472307 -0.451659
0.005859 -0.418579 -0.217651 0.011392 -0.813840 -0.423178
0.001221 -1.053101 -0.409668 0.002373 -2.047535 -0.796514
-0.170532 -0.741577 -0.307861 -0.331564 -1.441842 -0.598572
-0.471313 -0.402222 -0.035645 -0.916371 -0.782036 -0.069303
-0.709473 -0.197144 0.071777 -1.379422 -0.383305 0.139556
-0.867554 -0.250488 0.401611 -1.686777 -0.487022 0.780850
-1.149414 -0.403442 0.930908 -2.234796 -0.784410 1.809957
-1.513306 0.038086 1.259888 -2.942307 0.074050 2.449589
-1.717285 0.874390 1.140137 -3.338903 1.700068 2.216758
-1.546631 0.948242 0.827637 -3.007101 1.843659 1.609167
-1.184570 0.614380 0.444580 -2.303150 1.194534 0.864393
-0.959351 0.412231 0.311035 -1.865257 0.801498 0.604743
-0.715820 0.153442 0.094971 -1.391763 0.298337 0.184651
-0.411133 0.078735 -0.350464 -0.799362 0.153084 -0.681404
-0.163940 -0.145630 -0.847168 -0.318748 -0.283147 -1.647142
0.026367 -0.359863 -1.323608 0.051266 -0.699679 -2.573481
0.152588 -0.165283 -1.651123 0.296675 -0.321359 -3.210265
0.207031 0.027466 -1.712891 0.402529 0.053402 -3.330359
0.243164 0.221191 -1.714478 0.472782 0.430061 -3.333444
0.165161 -0.064941 -1.756348 0.321121 -0.126265 -3.414852
0.203247 -0.284546 -2.051758 0.395172 -0.553240 -3.989216
0.396118 0.096924 -1.985596 0.770169 0.188448 -3.860577
0.312622 0.330688 -1.418701 0.607828 0.642955 -2.758369
0.054443 0.305786 -0.936279 0.105854 0.594537 -1.820400
0.027832 0.185791 -0.662964 0.054114 0.361232 -1.288995
0.290161 0.102295 -0.363770 0.564158 0.198891 -0.707274
0.451294 0.108032 -0.095947 0.877447 0.210046 -0.186549
0.447144 -0.080933 0.133179 0.869377 -0.157357 0.258938
0.532593 -0.108643 0.456543 1.035516 -0.211233 0.887653
0.608765 0.066650 0.765625 1.183616 0.129588 1.488598
0.623291 0.370483 0.786255 1.211859 0.720328 1.528709
0.691040 0.470947 0.633789 1.343583 0.915659 1.232271
0.749512 0.163940 0.558472 1.457269 0.318748 1.085832
0.689087 0.005127 0.582031 1.339786 0.009968 1.131639
0.556152 0.062500 0.699829 1.081322 0.121518 1.360672
0.359619 0.097046 0.773926 0.699205 0.188686 1.504737
0.155151 0.149780 0.752075 0.301659 0.291217 1.462253
0.070801 0.275513 0.621094 0.137657 0.535677 1.207587
0.121582 0.168579 0.367920 0.236391 0.327767 0.715344
0.160522 0.077271 0.281250 0.312102 0.150236 0.546832
0.177246 0.151855 0.266113 0.344618 0.295251 0.517402
0.145752 0.176025 0.274414 0.283384 0.342245 0.533541
0.103027 0.061523 0.199951 0.200315 0.119620 0.388763
0.101685 -0.130371 0.150757 0.197704 -0.253479 0.293115
0.045898 -0.226807 0.061768 0.089240 -0.440978 0.120094
-0.039795 -0.332886 -0.052856 -0.077373 -0.647227 -0.102768
-0.098877 -0.400391 -0.143066 -0.192246 -0.778476 -0.278163
-0.115601 -0.280029 -0.113892 -0.224761 -0.544459 -0.221438
0.023315 0.068726 -0.084473 0.045332 0.133623 -0.164239
-0.064331 -0.112061 0.127808 -0.125078 -0.217878 0.248495
-0.091309 -0.181763 0.082275 -0.177531 -0.353400 0.159967
-0.037964 0.057739 -0.161865 -0.073813 0.112262 -0.314713
-0.063110 0.104858 -0.201050 -0.122705 0.203875 -0.390899
-0.080688 0.044434 -0.172607 -0.156882 0.086392 -0.335599
-0.085449 0.106079 -0.088257 -0.166138 0.206249 -0.171597
-0.101074 0.101685 -0.026489 -0.196518 0.197704 -0.051503
-0.039917 0.101318 -0.109253 -0.077610 0.196992 -0.212420
0.007690 0.073486 -0.162109 0.014952 0.142879 -0.315188
0.027710 0.015991 -0.135864 0.053876 0.031092 -0.264160
0.014648 -0.024902 -0.091431 0.028481 -0.048417 -0.177768
0.000854 -0.012451 -0.096313 0.001661 -0.024209 -0.187261
0.005127 -0.002930 -0.099121 0.009968 -0.005696 -0.192720
-0.003662 0.000610 -0.108765 -0.007120 0.001187 -0.211470
-0.038818 -0.030273 -0.092407 -0.075474 -0.058860 -0.179667
-0.038086 -0.008057 -0.096558 -0.074050 -0.015664 -0.187736
-0.024658 0.055420 -0.137207 -0.047943 0.107752 -0.266770
-0.015503 0.041748 -0.162964 -0.030142 0.081170 -0.316849
-0.024658 0.014038 -0.145752 -0.047943 0.027294 -0.283384
-0.032227 0.012207 -0.097168 -0.062658 0.023734 -0.188923
-0.031494 0.007935 -0.083252 -0.061234 0.015427 -0.161866
-0.052612 -0.002197 -0.136963 -0.102294 -0.004272 -0.266296
-0.045532 0.027100 -0.175537 -0.088528 0.052690 -0.341295
-0.039917 0.057129 -0.188110 -0.077610 0.111075 -0.365741
0.003662 0.046387 -0.160522 0.007120 0.090189 -0.312102
0.015259 0.035522 -0.161865 0.029668 0.069066 -0.314713
