0.104980 0.046143 -0.397949 0.204113 0.089715 -0.773729
-0.040649 -0.001221 -0.349609 -0.079034 -0.002373 -0.679743
-0.203003 -0.024536 -0.305176 -0.394697 -0.047705 -0.593351
-0.174316 -0.170532 -0.136719 -0.338922 -0.331564 -0.265821
-0.036987 -0.267334 0.218140 -0.071914 -0.519775 0.424127
0.195190 -0.128174 0.275391 0.379507 -0.249207 0.535440
0.109863 -0.329712 -0.288452 0.213606 -0.641056 -0.560835
-0.265747 -0.256104 -0.363281 -0.516690 -0.497940 -0.706325
-0.442871 -0.032959 0.150269 -0.861071 -0.064082 0.292166
-0.547729 0.160400 0.589966 -1.064946 0.311865 1.147066
-0.745850 0.096436 0.934448 -1.450149 0.187499 1.816840
-1.082275 0.106323 1.400269 -2.104259 0.206723 2.722530
-1.423462 0.469360 1.369141 -2.767625 0.912573 2.662009
-1.162964 0.818359 0.578735 -2.261141 1.591129 1.125230
-0.902466 0.531738 0.040771 -1.754657 1.033854 0.079272
-0.755127 0.065186 -0.332031 -1.468187 0.126740 -0.645566
-0.466309 -0.220703 -0.743652 -0.906640 -0.429111 -1.445877
-0.200195 -0.253784 -0.970825 -0.389238 -0.493430 -1.887567
-0.077881 -0.142212 -1.219604 -0.151423 -0.276501 -2.371267
-0.142944 0.144043 -1.534912 -0.277925 0.280062 -2.984317
-0.328491 0.418213 -1.946899 -0.638683 0.813128 -3.785340
-0.434448 0.536621 -2.298828 -0.844694 1.043348 -4.469592
-0.351196 0.421143 -2.420654 -0.682828 0.818824 -4.706458
-0.019653 0.169922 -2.209595 -0.038212 0.330378 -4.296096
0.253052 0.341064 -1.864746 0.492006 0.663129 -3.625610
0.227661 0.558228 -1.349854 0.442640 1.085357 -2.624509
0.063354 0.469116 -0.636230 0.123180 0.912099 -1.237018
-0.005127 0.700439 -0.139160 -0.009968 1.361859 -0.270568
0.066406 1.536621 0.196167 0.129113 2.987639 0.381406
-0.247559 1.123413 1.169067 -0.481326 2.184243 2.273008
-0.231079 -0.317993 1.630493 -0.449285 -0.618271 3.170154
0.532349 -0.585327 1.100098 1.035041 -1.138047 2.138911
0.816162 -0.498901 0.945679 1.586857 -0.970010 1.838675
0.626953 -0.535522 1.032471 1.218980 -1.041212 2.007424
0.492676 -0.424927 0.938477 0.957905 -0.826182 1.824672
0.445557 -0.347290 0.677734 0.866292 -0.675233 1.317713
0.463501 -0.384888 0.363770 0.901181 -0.748334 0.707274
0.431152 -0.184814 0.262329 0.838286 -0.359333 0.510044
0.145142 0.113037 0.306274 0.282198 0.219777 0.595487
-0.053711 0.281494 0.271362 -0.104430 0.547307 0.527607
-0.116943 0.272217 0.199951 -0.227372 0.529269 0.388763
-0.060181 0.162720 0.128906 -0.117009 0.316375 0.250631
-0.001221 0.027466 0.033936 -0.002373 0.053402 0.065981
0.018921 0.003662 -0.012207 0.036788 0.007120 -0.023734
0.051025 0.024414 0.000854 0.099208 0.047468 0.001661
0.062500 0.054199 0.003174 0.121518 0.105379 0.006171
0.074097 0.053833 0.002930 0.144066 0.104667 0.005696
0.096680 0.066528 0.000122 0.187973 0.129350 0.000237
0.065552 0.085327 -0.018555 0.127452 0.165901 -0.036076
0.005371 0.079468 -0.063965 0.010443 0.154509 -0.124366
-0.054688 0.063721 -0.055176 -0.106328 0.123892 -0.107278
-0.070190 0.045654 -0.045898 -0.136471 0.088765 -0.089240
-0.055786 0.030029 -0.082031 -0.108465 0.058386 -0.159493
-0.053101 0.079712 -0.105225 -0.103243 0.154983 -0.204587
-0.057251 0.087158 -0.149292 -0.111313 0.169461 -0.290267
-0.080688 0.035156 -0.173950 -0.156882 0.068354 -0.338210
-0.049561 -0.013550 -0.146973 -0.096360 -0.026345 -0.285758
-0.018066 -0.015503 -0.106689 -0.035126 -0.030142 -0.207435
-0.006348 -0.031616 -0.103394 -0.012342 -0.061471 -0.201027
0.007935 -0.026733 -0.132080 0.015427 -0.051978 -0.256802
0.026123 -0.018433 -0.137695 0.050791 -0.035838 -0.267720
0.025757 -0.033203 -0.128418 0.050079 -0.064557 -0.249682
-0.015381 -0.051147 -0.146851 -0.029905 -0.099446 -0.285520
-0.018311 -0.065918 -0.162109 -0.035601 -0.128164 -0.315188
-0.007690 -0.058838 -0.137695 -0.014952 -0.114398 -0.267720
-0.001709 -0.019043 -0.118042 -0.003323 -0.037025 -0.229508
-0.000854 -0.015381 -0.117676 -0.001661 -0.029905 -0.228796
-0.016968 -0.026733 -0.130981 -0.032990 -0.051978 -0.254666
0.001099 -0.007324 -0.160767 0.002136 -0.014240 -0.312577
0.000854 -0.010376 -0.153198 0.001661 -0.020174 -0.297862
-0.019287 0.015015 -0.143921 -0.037500 0.029193 -0.279824
-0.018677 0.005371 -0.121704 -0.036313 0.010443 -0.236628
-0.003540 0.003662 -0.118408 -0.006883 0.007120 -0.230220
-0.017822 -0.015747 -0.103149 -0.034652 -0.030617 -0.200553
-0.010254 0.001709 -0.078247 -0.019937 0.003323 -0.152135
0.000977 0.010010 -0.078979 0.001899 0.019462 -0.153559
-0.016357 -0.009399 -0.120483 -0.031804 -0.018275 -0.234255
-0.023682 -0.025513 -0.155518 -0.046044 -0.049604 -0.302372
-0.018066 -0.019897 -0.152954 -0.035126 -0.038686 -0.297387
-0.006592 -0.021606 -0.135376 -0.012816 -0.042009 -0.263210
