-0.001221 0.370850 -0.146118 -0.002373 0.721040 -0.284096
-0.115356 0.303955 -0.097534 -0.224287 0.590977 -0.189635
-0.131592 0.338623 -0.202393 -0.255853 0.658382 -0.393510
-0.029419 0.213989 -0.213379 -0.057199 0.416058 -0.414871
0.045288 -0.140015 -0.128052 0.088053 -0.272229 -0.248970
-0.005859 -0.443970 -0.074219 -0.011392 -0.863207 -0.144303
-0.395386 -0.404663 0.201416 -0.768745 -0.786783 0.391611
-0.741699 -0.052368 0.508545 -1.442080 -0.101819 0.988760
-0.769775 0.497925 0.642212 -1.496668 0.968111 1.248647
-0.786255 0.219604 0.658936 -1.528709 0.426975 1.281163
-0.766357 -0.051147 0.869629 -1.490022 -0.099446 1.690812
-0.705078 -0.033447 0.772339 -1.370878 -0.065031 1.501652
-0.542236 -0.071167 0.513184 -1.054265 -0.138369 0.997779
-0.411133 -0.089233 0.391235 -0.799362 -0.173496 0.760676
-0.310181 -0.039307 0.375732 -0.603082 -0.076424 0.730533
-0.159546 -0.165161 0.248291 -0.310204 -0.321121 0.482750
-0.042725 -0.164063 -0.187134 -0.083069 -0.318985 -0.363843
-0.013916 -0.095093 -0.541016 -0.027057 -0.184888 -1.051892
0.025635 -0.065918 -0.756348 0.049841 -0.128164 -1.470560
0.017944 -0.061279 -0.971313 0.034889 -0.119145 -1.888517
-0.034424 -0.020752 -1.191772 -0.066930 -0.040348 -2.317153
-0.108521 0.023438 -1.370117 -0.210996 0.045569 -2.663907
-0.229980 0.117065 -1.419678 -0.447149 0.227609 -2.760267
-0.339600 0.328491 -1.319336 -0.660281 0.638683 -2.565174
-0.310791 0.421021 -1.107422 -0.604268 0.818587 -2.153151
-0.205078 0.336304 -0.789917 -0.398732 0.653872 -1.535829
-0.221436 0.450439 -0.375000 -0.430535 0.875786 -0.729109
-0.264648 0.610596 -0.087524 -0.514554 1.187176 -0.170173
-0.111328 0.282227 -0.042603 -0.216454 0.548731 -0.082832
0.154419 0.114380 -0.068604 0.300235 0.222388 -0.133385
0.199097 0.038696 0.040527 0.387102 0.075237 0.078797
0.296143 0.102539 0.175903 0.575788 0.199366 0.342007
0.473267 0.200684 0.296509 0.920168 0.390187 0.576500
0.704956 0.252563 0.361938 1.370640 0.491057 0.703714
0.811890 0.113403 0.410400 1.578550 0.220489 0.797938
0.738770 -0.068726 0.458984 1.436383 -0.133623 0.892399
0.556641 -0.174316 0.457153 1.082272 -0.338922 0.888839
0.382446 -0.182251 0.377930 0.743587 -0.354349 0.734806
0.316040 -0.056274 0.205322 0.614474 -0.109414 0.399206
0.188232 -0.029175 0.060303 0.365979 -0.056724 0.117246
0.059570 -0.063599 0.031250 0.115822 -0.123654 0.060759
-0.016724 -0.058594 0.010742 -0.032516 -0.113923 0.020886
-0.038818 -0.032471 -0.063843 -0.075474 -0.063133 -0.124129
-0.090210 0.065552 -0.123535 -0.175394 0.127452 -0.240188
-0.212158 0.053955 -0.086182 -0.412497 0.104904 -0.167562
-0.205566 0.014038 -0.073242 -0.399681 0.027294 -0.142404
-0.134033 -0.034180 -0.127319 -0.260600 -0.066455 -0.247546
-0.100586 -0.020630 -0.108154 -0.195568 -0.040111 -0.210283
-0.058472 0.014038 -0.098389 -0.113686 0.027294 -0.191296
-0.021240 0.026245 -0.128052 -0.041297 0.051028 -0.248970
-0.025024 0.002930 -0.121948 -0.048655 0.005696 -0.237103
-0.047485 -0.021118 -0.081055 -0.092325 -0.041060 -0.157594
-0.082397 -0.063965 -0.051270 -0.160205 -0.124366 -0.099683
-0.101318 -0.049316 -0.050537 -0.196992 -0.095885 -0.098259
-0.067017 0.012329 -0.089111 -0.130300 0.023971 -0.173258
-0.028320 -0.006592 -0.131226 -0.055063 -0.012816 -0.255141
-0.036377 -0.011597 -0.142090 -0.070727 -0.022547 -0.276264
-0.047241 -0.016357 -0.157349 -0.091851 -0.031804 -0.305932
-0.027344 0.014526 -0.157959 -0.053164 0.028243 -0.307118
-0.026611 0.012939 -0.154907 -0.051740 0.025158 -0.301185
-0.019043 0.008423 -0.147827 -0.037025 0.016376 -0.287419
-0.024780 0.010376 -0.146851 -0.048180 0.020174 -0.285520
-0.029785 -0.004395 -0.152466 -0.057911 -0.008544 -0.296438
-0.020874 -0.011597 -0.148682 -0.040585 -0.022547 -0.289080
-0.010620 -0.032715 -0.167725 -0.020649 -0.063607 -0.326106
-0.004028 -0.005981 -0.176636 -0.007832 -0.011630 -0.343431
-0.017944 0.005615 -0.154785 -0.034889 0.010918 -0.300947
-0.007935 0.043457 -0.168091 -0.015427 0.084493 -0.326818
0.005859 0.041138 -0.203857 0.011392 0.079984 -0.396358
0.011353 0.035034 -0.187378 0.022073 0.068117 -0.364317
-0.010620 0.016846 -0.145874 -0.020649 0.032753 -0.283622
-0.005371 0.032349 -0.121094 -0.010443 0.062895 -0.235442
-0.002075 0.012085 -0.101563 -0.004035 0.023497 -0.197467
-0.019409 -0.009277 -0.082764 -0.037737 -0.018038 -0.160917
-0.008545 -0.016602 -0.092163 -0.016614 -0.032278 -0.179192
-0.003784 -0.006470 -0.100464 -0.007358 -0.012579 -0.195331
-0.011841 0.018066 -0.100098 -0.023022 0.035126 -0.194619
-0.028809 0.010010 -0.116211 -0.056012 0.019462 -0.225948
-0.042236 0.034668 -0.127686 -0.082120 0.067405 -0.248258
-0.050659 0.040894 -0.129150 -0.098496 0.079509 -0.251106
