0.234863 -0.064087 -0.116211 0.456643 -0.124604 -0.225948
0.026733 -0.310059 -0.051758 0.051978 -0.602844 -0.100632
-0.113281 -0.359497 -0.080200 -0.220252 -0.698967 -0.155933
-0.320923 -0.049805 0.118774 -0.623968 -0.096835 0.230932
-0.494629 0.076416 0.201050 -0.961703 0.148575 0.390899
-0.548218 -0.003662 0.214233 -1.065895 -0.007120 0.416532
-0.506714 -0.334717 -0.160156 -0.985200 -0.650787 -0.311390
-0.729370 -0.086548 0.106323 -1.418108 -0.168274 0.206723
-0.935791 -0.132690 0.195923 -1.819451 -0.257989 0.380931
-0.982544 -0.199097 0.232788 -1.910352 -0.387102 0.452608
-1.021973 0.006714 0.503784 -1.987013 0.013054 0.979503
-1.127563 0.087891 0.779175 -2.192312 0.170885 1.514943
-1.218140 0.156982 0.625488 -2.368419 0.305220 1.216132
-1.127930 0.243042 0.043213 -2.193024 0.472545 0.084018
-0.820801 0.264771 -0.105225 -1.595876 0.514791 -0.204587
-0.455200 0.151855 -0.118530 -0.885042 0.295251 -0.230457
-0.220459 -0.111572 -0.245117 -0.428637 -0.216929 -0.476579
-0.107910 -0.322876 -0.409302 -0.209809 -0.627765 -0.795802
-0.251343 -0.234009 -0.811890 -0.488684 -0.454981 -1.578550
-0.460815 0.232422 -1.091187 -0.895960 0.451896 -2.121585
-0.513794 0.531616 -1.174072 -0.998965 1.033617 -2.282739
-0.514526 0.241943 -1.305176 -1.000389 0.470408 -2.537642
-0.389893 -0.085327 -1.787964 -0.758065 -0.165901 -3.476323
-0.182983 -0.184448 -2.169434 -0.355773 -0.358621 -4.218011
-0.141602 -0.249878 -2.156006 -0.275315 -0.485836 -4.191904
-0.070679 -0.102905 -1.872925 -0.137420 -0.200078 -3.641512
0.001953 0.066528 -1.285034 0.003797 0.129350 -2.498481
-0.026611 0.004517 -0.496094 -0.051740 0.008782 -0.964551
0.040649 0.050171 -0.243652 0.079034 0.097547 -0.473731
0.138306 0.095215 -0.160645 0.268907 0.185125 -0.312340
0.301636 0.037964 -0.080688 0.586468 0.073813 -0.156882
0.544189 0.083496 -0.014648 1.058063 0.162341 -0.028481
0.861328 0.265625 0.175293 1.674673 0.516452 0.340821
0.946045 0.177734 0.436279 1.839387 0.345567 0.848254
0.766724 0.027222 0.602295 1.490734 0.052927 1.171037
0.850220 0.030640 0.878784 1.653075 0.059572 1.708613
0.905273 0.166748 1.086914 1.760116 0.324207 2.113278
0.863892 0.228271 1.054199 1.679657 0.443826 2.049671
0.595825 0.043335 0.812988 1.158458 0.084256 1.580686
0.134521 0.031250 0.347046 0.261549 0.060759 0.674758
0.010864 -0.000610 0.099609 0.021123 -0.001187 0.193670
0.184692 0.035156 0.204590 0.359096 0.068354 0.397782
0.234863 0.089966 0.226563 0.456643 0.174920 0.440504
0.143433 0.040649 0.128540 0.278875 0.079034 0.249919
0.169189 0.012329 -0.011597 0.328954 0.023971 -0.022547
0.240845 0.032227 -0.012085 0.468272 0.062658 -0.023497
0.182739 -0.014893 -0.068848 0.355298 -0.028956 -0.133860
0.147217 0.000366 -0.165527 0.286232 0.000712 -0.321833
0.169067 0.027222 -0.171265 0.328716 0.052927 -0.332988
0.163208 -0.008301 -0.113892 0.317324 -0.016139 -0.221438
0.076660 0.022217 -0.120605 0.149050 0.043196 -0.234492
-0.015381 0.047974 -0.187378 -0.029905 0.093275 -0.364317
-0.014282 0.113281 -0.151489 -0.027769 0.220252 -0.294539
-0.005981 0.189453 -0.080322 -0.011630 0.368352 -0.156170
-0.066284 0.324707 -0.007813 -0.128876 0.631325 -0.015190
-0.106445 0.262451 0.009155 -0.206961 0.510282 0.017801
-0.084106 0.085938 -0.045288 -0.163527 0.167088 -0.088053
-0.044800 -0.035889 -0.124512 -0.087104 -0.069778 -0.242087
0.027222 -0.047852 -0.142944 0.052927 -0.093037 -0.277925
0.034790 0.025757 -0.106934 0.067642 0.050079 -0.207910
0.003174 0.123657 -0.064331 0.006171 0.240426 -0.125078
-0.028198 0.146606 -0.092285 -0.054826 0.285046 -0.179429
-0.030762 0.078003 -0.121216 -0.059810 0.151660 -0.235679
0.009033 0.013306 -0.125732 0.017563 0.025870 -0.244460
0.008423 0.028320 -0.117310 0.016376 0.055063 -0.228084
-0.041626 0.070190 -0.129761 -0.080933 0.136471 -0.252293
-0.052979 0.110352 -0.126831 -0.103006 0.214556 -0.246597
-0.022827 0.114014 -0.142456 -0.044383 0.221676 -0.276976
0.001709 0.081787 -0.122437 0.003323 0.159018 -0.238052
-0.002808 0.065186 -0.127197 -0.005459 0.126740 -0.247309
-0.004883 0.051636 -0.166382 -0.009494 0.100395 -0.323495
0.017334 0.065674 -0.185913 0.033702 0.127689 -0.361469
0.031616 0.083618 -0.180298 0.061471 0.162578 -0.350552
0.033081 0.081909 -0.180664 0.064319 0.159255 -0.351264
0.045044 0.052246 -0.187500 0.087579 0.101582 -0.364555
0.054932 0.039917 -0.169067 0.106803 0.077610 -0.328716
0.047119 0.045898 -0.140015 0.091613 0.089240 -0.272229
0.034424 0.052368 -0.128296 0.066930 0.101819 -0.249445
0.022583 0.029053 -0.134888 0.043908 0.056487 -0.262261
0.014038 0.035034 -0.134888 0.027294 0.068117 -0.262261
