-0.044312 0.027466 -0.354614 -0.086155 0.053402 -0.689474
-0.002075 -0.074097 -0.317383 -0.004035 -0.144066 -0.617085
0.052246 -0.061768 -0.365112 0.101582 -0.120094 -0.709885
0.121460 0.030396 -0.263306 0.236154 0.059098 -0.511943
0.131592 0.120605 -0.091431 0.255853 0.234492 -0.177768
0.104492 0.169189 0.122437 0.203163 0.328954 0.238052
0.143188 0.129028 -0.024536 0.278400 0.250869 -0.047705
0.072021 -0.184204 -0.114136 0.140031 -0.358146 -0.221913
-0.071289 -0.202148 -0.169678 -0.138607 -0.393036 -0.329903
-0.254517 -0.160645 -0.223999 -0.494854 -0.312340 -0.435519
-0.438965 -0.312866 -0.162842 -0.853476 -0.608303 -0.316612
-0.555786 -0.575195 0.035034 -1.080610 -1.118347 0.068117
-0.644043 -0.760498 0.339966 -1.252207 -1.478630 0.660993
-0.669312 -0.504883 0.856445 -1.301337 -0.981639 1.665179
-0.581055 0.102417 1.246704 -1.129740 0.199128 2.423956
-0.511353 0.697266 1.033203 -0.994218 1.355688 2.008848
-0.502197 0.607910 0.404907 -0.976418 1.181955 0.787258
-0.538574 -0.012329 -0.050659 -1.047145 -0.023971 -0.098496
-0.476685 -0.452026 -0.194214 -0.926814 -0.878871 -0.377608
-0.291016 -0.364502 -0.194824 -0.565819 -0.708698 -0.378795
-0.300537 0.070801 -0.140869 -0.584332 0.137657 -0.273891
-0.480713 0.430664 -0.442505 -0.934646 0.837337 -0.860359
-0.518066 0.489502 -0.905762 -1.007272 0.951735 -1.761065
-0.354004 0.411987 -1.216675 -0.688287 0.801023 -2.365571
-0.219727 0.504028 -1.405762 -0.427213 0.979978 -2.733211
-0.277222 0.732910 -1.587402 -0.539000 1.424991 -3.086373
-0.224365 0.667969 -1.833252 -0.436231 1.298726 -3.564376
-0.069092 0.182739 -2.044556 -0.134335 0.355298 -3.975212
0.060181 0.200073 -1.828979 0.117009 0.389001 -3.556069
0.092407 0.393066 -1.036499 0.179667 0.764236 -2.015256
-0.129272 0.271240 -0.287720 -0.251343 0.527370 -0.559411
-0.166992 0.010010 0.100098 -0.324682 0.019462 0.194619
-0.011230 -0.149170 0.140259 -0.021835 -0.290030 0.272704
0.073486 -0.124512 0.191528 0.142879 -0.242087 0.372387
0.193115 -0.084595 0.383179 0.375472 -0.164477 0.745011
0.278931 -0.094116 0.626099 0.542323 -0.182989 1.217318
0.368286 -0.186768 0.739990 0.716056 -0.363131 1.438757
0.497803 -0.352783 0.624512 0.967874 -0.685913 1.214233
0.609253 -0.551147 0.402222 1.184565 -1.071591 0.782036
0.608276 -0.690308 0.328613 1.182667 -1.342159 0.638920
0.432861 -0.591919 0.340210 0.841609 -1.150863 0.661467
0.270386 -0.437866 0.212036 0.525709 -0.851340 0.412260
0.289185 -0.176147 0.036011 0.562259 -0.342482 0.070015
0.275635 -0.008301 -0.101318 0.535914 -0.016139 -0.196992
0.166382 0.064819 0.001831 0.323495 0.126028 0.003560
0.087646 0.137939 0.139771 0.170410 0.268195 0.271755
0.040649 0.255371 0.242432 0.079034 0.496516 0.471358
0.061401 0.287598 0.224854 0.119382 0.559174 0.437181
0.114258 0.144775 0.128662 0.222151 0.281486 0.250157
0.171509 0.001953 0.014404 0.333463 0.003797 0.028006
0.213623 -0.085205 -0.087036 0.415345 -0.165664 -0.169224
0.217529 -0.092041 -0.053589 0.422940 -0.178955 -0.104192
0.165161 0.073486 0.034180 0.321121 0.142879 0.066455
0.113770 0.228516 0.098511 0.221201 0.444301 0.191534
0.052612 0.188599 0.088501 0.102294 0.366691 0.172072
0.028442 0.076538 0.013306 0.055300 0.148812 0.025870
0.035767 0.072754 -0.065552 0.069541 0.141455 -0.127452
0.052734 0.009888 -0.147217 0.102531 0.019225 -0.286232
0.059448 -0.031006 -0.139526 0.115585 -0.060284 -0.271280
0.046265 -0.050415 -0.141479 0.089952 -0.098022 -0.275077
0.043823 -0.019043 -0.141968 0.085205 -0.037025 -0.276027
0.046875 0.057983 -0.133179 0.091139 0.112737 -0.258938
0.031372 0.027832 -0.133789 0.060996 0.054114 -0.260125
0.014771 0.039429 -0.146240 0.028718 0.076661 -0.284334
0.030273 0.049927 -0.124023 0.058860 0.097072 -0.241138
0.053467 0.056641 -0.100830 0.103955 0.110126 -0.196043
0.061890 0.090088 -0.098145 0.120332 0.175157 -0.190822
-0.013062 0.046143 -0.056396 -0.025395 0.089715 -0.109651
-0.162354 -0.049438 -0.031372 -0.315663 -0.096123 -0.060996
-0.163452 -0.062256 -0.041992 -0.317799 -0.121044 -0.081645
-0.064331 -0.053711 -0.073120 -0.125078 -0.104430 -0.142167
-0.038696 0.038574 -0.109863 -0.075237 0.075000 -0.213606
-0.030762 0.097290 -0.172607 -0.059810 0.189160 -0.335599
-0.034912 0.066650 -0.234131 -0.067879 0.129588 -0.455219
-0.012573 0.063110 -0.195190 -0.024446 0.122705 -0.379507
-0.002563 0.088257 -0.095825 -0.004984 0.171597 -0.186312
-0.034058 0.076660 -0.060669 -0.066218 0.149050 -0.117958
-0.032715 0.067993 -0.103516 -0.063607 0.132199 -0.201265
-0.007446 0.032471 -0.118652 -0.014478 0.063133 -0.230695
0.000122 -0.004150 -0.090454 0.000237 -0.008070 -0.175869
