0.098145 -0.281616 -0.222534 0.190822 -0.547544 -0.432671
0.174927 -0.186890 -0.172607 0.340109 -0.363368 -0.335599
0.192505 -0.133789 -0.323242 0.374286 -0.260125 -0.628477
0.158813 -0.203247 -0.336304 0.308780 -0.395172 -0.653872
0.145996 -0.205811 -0.337891 0.283859 -0.400156 -0.656958
0.081299 -0.119263 -0.239990 0.158069 -0.231881 -0.466611
0.024292 0.275146 -0.133057 0.047231 0.534965 -0.258701
-0.064453 0.219727 -0.133667 -0.125316 0.427213 -0.259888
-0.135864 -0.087158 -0.155762 -0.264160 -0.169461 -0.302846
-0.241333 -0.502930 -0.339722 -0.469222 -0.977842 -0.660518
-0.191162 -0.795410 -0.501099 -0.371675 -1.546509 -0.974282
-0.101074 -0.641602 -0.162231 -0.196518 -1.247460 -0.315425
-0.323242 -0.152832 0.644531 -0.628477 -0.297150 1.253157
-0.822632 0.072266 1.284058 -1.599436 0.140505 2.496583
-1.102051 0.512085 1.146484 -2.142708 0.995642 2.229100
-1.058228 0.708618 0.495239 -2.057503 1.377760 0.962890
-0.999756 0.646606 0.173950 -1.943817 1.257192 0.338210
-0.752441 0.413818 -0.076172 -1.462965 0.804584 -0.148100
-0.326172 0.225464 -0.315552 -0.634173 0.438368 -0.613525
-0.052368 0.204224 -0.498291 -0.101819 0.397070 -0.968823
-0.059082 0.023315 -0.621216 -0.114873 0.045332 -1.207825
-0.129517 -0.273682 -0.849121 -0.251818 -0.532117 -1.650939
-0.166626 -0.475342 -1.154663 -0.323969 -0.924203 -2.245002
-0.304688 -0.593750 -1.626709 -0.592401 -1.154423 -3.162797
-0.406250 -0.063110 -2.186279 -0.789868 -0.122705 -4.250764
-0.135010 0.137695 -1.673950 -0.262498 0.267720 -3.254647
-0.052979 0.247559 -1.170410 -0.103006 0.481326 -2.275619
-0.263306 0.232788 -0.965088 -0.511943 0.452608 -1.876412
-0.160645 0.255005 -0.627563 -0.312340 0.495804 -1.220166
-0.005981 0.140259 -0.328979 -0.011630 0.272704 -0.639632
0.005859 0.170776 -0.163452 0.011392 0.332039 -0.317799
0.010010 0.265015 0.012329 0.019462 0.515266 0.023971
-0.069336 0.370728 0.087402 -0.134809 0.720802 0.169936
-0.022461 0.366943 0.137939 -0.043671 0.713445 0.268195
0.273560 0.200439 0.244995 0.531880 0.389713 0.476342
0.586914 0.167847 0.441772 1.141132 0.326343 0.858934
0.673218 -0.155151 0.548218 1.308932 -0.301659 1.065895
0.611206 -0.353882 0.495605 1.188363 -0.688049 0.963602
0.658081 -0.114136 0.553833 1.279501 -0.221913 1.076813
0.536377 0.027710 0.703125 1.042873 0.053876 1.367080
0.272095 -0.097046 0.672974 0.529032 -0.188686 1.308457
0.260376 -0.198730 0.378906 0.506247 -0.386390 0.736704
0.299561 -0.254517 0.150757 0.582433 -0.494854 0.293115
0.239868 -0.161133 -0.027710 0.466374 -0.313289 -0.053876
0.122803 -0.007813 -0.027222 0.238764 -0.015190 -0.052927
-0.077515 -0.012695 -0.001831 -0.150711 -0.024683 -0.003560
-0.105835 -0.001343 -0.018433 -0.205774 -0.002611 -0.035838
-0.105957 0.004028 -0.084106 -0.206011 0.007832 -0.163527
-0.071533 0.082642 -0.123657 -0.139081 0.160679 -0.240426
-0.067139 0.129395 -0.136963 -0.130537 0.251581 -0.266296
-0.090210 0.102051 -0.079468 -0.175394 0.198416 -0.154509
-0.090698 0.093262 -0.041382 -0.176344 0.181328 -0.080458
-0.094604 0.081787 -0.064331 -0.183939 0.159018 -0.125078
-0.087891 0.041138 -0.070679 -0.170885 0.079984 -0.137420
-0.066650 0.026855 -0.055542 -0.129588 0.052215 -0.107990
-0.043701 0.075073 -0.076294 -0.084968 0.145964 -0.148338
-0.009521 0.117065 -0.058228 -0.018513 0.227609 -0.113211
-0.009521 0.116333 -0.034668 -0.018513 0.226185 -0.067405
-0.031738 0.085083 0.001953 -0.061708 0.165426 0.003797
-0.030518 0.036621 0.022949 -0.059335 0.071202 0.044620
-0.041992 -0.054077 -0.001343 -0.081645 -0.105142 -0.002611
-0.011841 -0.071045 -0.044312 -0.023022 -0.138132 -0.086155
0.015747 -0.048462 -0.058960 0.030617 -0.094224 -0.114635
0.017090 -0.048584 -0.049194 0.033228 -0.094461 -0.095648
-0.015015 -0.101807 -0.054810 -0.029193 -0.197942 -0.106566
-0.049316 -0.147827 -0.076050 -0.095885 -0.287419 -0.147863
-0.062012 -0.100830 -0.061523 -0.120569 -0.196043 -0.119620
0.006714 0.020752 -0.040771 0.013054 0.040348 -0.079272
0.104248 0.042358 -0.092896 0.202689 0.082357 -0.180616
0.056641 -0.030029 -0.137573 0.110126 -0.058386 -0.267482
-0.019165 -0.064941 -0.131592 -0.037262 -0.126265 -0.255853
-0.043335 -0.052490 -0.116699 -0.084256 -0.102056 -0.226897
-0.048218 -0.054810 -0.110596 -0.093749 -0.106566 -0.215030
-0.033203 -0.049805 -0.104248 -0.064557 -0.096835 -0.202689
-0.004272 -0.008911 -0.115967 -0.008307 -0.017326 -0.225473
-0.009888 -0.030029 -0.114868 -0.019225 -0.058386 -0.223337
-0.013794 -0.072998 -0.120239 -0.026819 -0.141929 -0.233780
-0.002075 -0.049805 -0.151001 -0.004035 -0.096835 -0.293590
0.025513 0.031250 -0.147949 0.049604 0.060759 -0.287656
0.009033 0.070313 -0.148804 0.017563 0.136708 -0.289318
