-0.094360 -0.142700 -0.140503 -0.183464 -0.277451 -0.273179
-0.165405 0.002930 0.056763 -0.321596 0.005696 0.110363
-0.257446 -0.037231 0.004517 -0.500551 -0.072389 0.008782
-0.150879 -0.166870 -0.046753 -0.293353 -0.324444 -0.090901
-0.025024 -0.191162 0.027710 -0.048655 -0.371675 0.053876
-0.000366 -0.412109 -0.017700 -0.000712 -0.801261 -0.034414
-0.208984 -0.327148 -0.119629 -0.406327 -0.636072 -0.232593
-0.164063 0.900879 0.304688 -0.318985 1.751571 0.592401
0.182495 0.319702 0.465576 0.354824 0.621594 0.905216
0.267578 0.324219 0.335083 0.520250 0.630376 0.651499
0.248535 0.014893 0.305664 0.483225 0.028956 0.594300
0.248657 -0.283203 0.290771 0.483462 -0.550629 0.565345
0.069336 -0.476685 0.193359 0.134809 -0.926814 0.375947
-0.519043 -0.518188 0.480713 -1.009171 -1.007509 0.934646
-1.159180 -0.360474 1.117432 -2.253783 -0.700866 2.172613
-1.364624 -0.447144 1.271851 -2.653227 -0.869377 2.472848
-0.988159 -0.418213 0.765747 -1.921270 -0.813128 1.488836
-0.552979 -0.352173 0.392456 -1.075151 -0.684727 0.763049
-0.459961 -0.487427 0.278564 -0.894298 -0.947700 0.541611
-0.444336 -0.379761 -0.029419 -0.863919 -0.738366 -0.057199
-0.387207 -0.095215 -0.466309 -0.752843 -0.185125 -0.906640
-0.316650 -0.022339 -0.798340 -0.615661 -0.043433 -1.552205
-0.336426 -0.054810 -1.031982 -0.654110 -0.106566 -2.006475
-0.413574 0.086060 -1.333740 -0.804109 0.167325 -2.593180
-0.266602 0.250732 -1.543213 -0.518351 0.487497 -3.000456
-0.252808 0.341064 -1.807129 -0.491532 0.663129 -3.513586
-0.588501 0.463379 -1.952148 -1.144217 0.900944 -3.795546
-0.655884 0.632324 -2.001465 -1.275229 1.229423 -3.891431
-0.430542 0.631226 -1.374756 -0.837099 1.227287 -2.672926
-0.171753 0.490234 -0.499756 -0.333938 0.953159 -0.971671
-0.149292 0.293091 -0.125732 -0.290267 0.569854 -0.244460
-0.094971 0.139160 0.013672 -0.184651 0.270568 0.026582
0.149414 0.177002 0.247314 0.290505 0.344143 0.480851
0.471069 0.212769 0.529175 0.915896 0.413684 1.028870
0.736816 0.140747 0.723633 1.432586 0.273653 1.406953
0.961426 0.100586 0.902100 1.869292 0.195568 1.753945
1.108521 0.182251 1.064697 2.155287 0.354349 2.070082
1.147705 0.320190 1.087036 2.231473 0.622544 2.113515
1.118164 0.285278 0.867798 2.174037 0.554664 1.687252
0.880127 0.229126 0.706299 1.711223 0.445488 1.373251
0.387085 0.193726 0.599365 0.752606 0.376659 1.165341
-0.228394 0.146240 0.334595 -0.444064 0.284334 0.650550
-0.458984 0.062012 0.077148 -0.892399 0.120569 0.149999
-0.103394 -0.113159 0.034912 -0.201027 -0.220014 0.067879
0.098877 -0.210205 -0.087646 0.192246 -0.408700 -0.170410
-0.089233 -0.094116 -0.042603 -0.173496 -0.182989 -0.082832
-0.266113 0.116333 -0.015625 -0.517402 0.226185 -0.030380
-0.206055 0.133911 -0.151733 -0.400630 0.260362 -0.295014
0.014648 0.055420 -0.205811 0.028481 0.107752 -0.400156
0.125488 0.100952 -0.123291 0.243986 0.196280 -0.239714
0.088623 0.181763 -0.098267 0.172309 0.353400 -0.191059
0.031372 0.234619 -0.165161 0.060996 0.456168 -0.321121
-0.042236 0.192627 -0.140503 -0.082120 0.374523 -0.273179
-0.105835 0.141846 -0.053589 -0.205774 0.275789 -0.104192
-0.106567 0.056763 -0.109863 -0.207198 0.110363 -0.213606
-0.034668 0.022461 -0.259155 -0.067405 0.043671 -0.503873
0.144409 0.077271 -0.260864 0.280774 0.150236 -0.507196
0.229614 0.108154 -0.150269 0.446437 0.210283 -0.292166
0.143066 0.058105 -0.147461 0.278163 0.112974 -0.286707
0.051880 0.043213 -0.230957 0.100870 0.084018 -0.449048
0.038330 0.118286 -0.253662 0.074525 0.229983 -0.493193
0.056763 0.088867 -0.221069 0.110363 0.172784 -0.429823
0.031982 -0.037720 -0.100464 0.062183 -0.073338 -0.195331
0.027954 -0.060547 0.033203 0.054351 -0.117721 0.064557
0.007690 -0.072388 -0.032349 0.014952 -0.140743 -0.062895
-0.057251 -0.052856 -0.258179 -0.111313 -0.102768 -0.501975
-0.130615 -0.011719 -0.408691 -0.253954 -0.022785 -0.794615
-0.143188 -0.048340 -0.255371 -0.278400 -0.093987 -0.496516
-0.114624 -0.035767 0.022583 -0.222863 -0.069541 0.043908
-0.097656 -0.041870 0.217773 -0.189872 -0.081408 0.423415
-0.167480 -0.130127 0.155396 -0.325631 -0.253005 0.302134
-0.222290 -0.187134 -0.034668 -0.432197 -0.363843 -0.067405
-0.182251 -0.233643 -0.034790 -0.354349 -0.454269 -0.067642
-0.115723 -0.298828 0.084595 -0.224999 -0.581009 0.164477
-0.056152 -0.161255 0.135864 -0.109177 -0.313527 0.264160
-0.017822 -0.079834 0.196167 -0.034652 -0.155221 0.381406
-0.008301 -0.118896 0.160889 -0.016139 -0.231169 0.312815
-0.008911 -0.137817 -0.095459 -0.017326 -0.267957 -0.185600
0.047852 -0.064209 -0.223389 0.093037 -0.124841 -0.434333
0.099976 0.010376 -0.155151 0.194382 0.020174 -0.301659
