0.029663 -0.025757 -0.120239 0.057674 -0.050079 -0.233780
0.140015 -0.018188 -0.179565 0.272229 -0.035364 -0.349128
0.188599 0.224487 -0.321411 0.366691 0.436469 -0.624917
0.272095 0.458984 -0.314453 0.529032 0.892399 -0.611389
0.072388 0.211304 -0.132202 0.140743 0.410836 -0.257040
-0.128296 -0.159912 -0.106689 -0.249445 -0.310916 -0.207435
-0.147339 -0.403320 -0.067139 -0.286470 -0.784172 -0.130537
-0.312256 -0.029053 -0.300903 -0.607116 -0.056487 -0.585044
-0.177368 0.496460 -0.263916 -0.344855 0.965263 -0.513130
-0.064087 0.517700 -0.253906 -0.124604 1.006560 -0.493668
-0.257568 0.369995 -0.316406 -0.500788 0.719378 -0.615186
-0.615112 0.195923 -0.230469 -1.195958 0.380931 -0.448098
-0.791260 -0.056152 0.125977 -1.538440 -0.109177 0.244935
-0.765625 -0.088135 0.532837 -1.488598 -0.171360 1.035990
-0.813477 -0.211670 0.910889 -1.581636 -0.411548 1.771033
-1.227173 -0.324219 1.380371 -2.385982 -0.630376 2.683844
-1.559204 -0.258301 1.572998 -3.031548 -0.502212 3.058367
-1.553467 0.007568 1.392334 -3.020392 0.014715 2.707103
-0.972168 0.237671 0.829834 -1.890178 0.462102 1.613439
-0.349609 0.238770 0.430908 -0.679743 0.464238 0.837811
-0.279175 0.048706 0.196289 -0.542797 0.094699 0.381643
-0.191162 0.003906 -0.065674 -0.371675 0.007595 -0.127689
-0.063599 -0.074219 -0.315552 -0.123654 -0.144303 -0.613525
-0.011475 -0.027466 -0.652100 -0.022310 -0.053402 -1.267872
0.019897 0.152100 -0.960815 0.038686 0.295726 -1.868105
-0.104370 0.353882 -1.217163 -0.202926 0.688049 -2.366520
-0.214722 0.457275 -1.424316 -0.417482 0.889077 -2.769286
-0.257080 0.457520 -1.665527 -0.499839 0.889551 -3.238271
-0.233765 0.690308 -1.928589 -0.454507 1.342159 -3.749739
-0.195679 0.864136 -1.964233 -0.380456 1.680132 -3.819042
-0.233154 0.812622 -1.675537 -0.453320 1.579974 -3.257733
-0.191284 0.531250 -1.113647 -0.371912 1.032905 -2.165255
-0.032837 0.114990 -0.546875 -0.063845 0.223575 -1.063285
0.033691 0.033691 -0.223999 0.065506 0.065506 -0.435519
0.041748 0.095093 -0.008667 0.081170 0.184888 -0.016851
0.097046 -0.002441 0.096069 0.188686 -0.004747 0.186787
0.206421 -0.098267 0.193848 0.401342 -0.191059 0.376896
0.280029 -0.172852 0.325928 0.544459 -0.336074 0.633699
0.432129 -0.177979 0.486816 0.840185 -0.346042 0.946513
0.886353 -0.379639 0.526001 1.723328 -0.738128 1.022699
1.180420 -0.579224 0.296143 2.295081 -1.126180 0.575788
1.187500 -0.361206 0.045898 2.308846 -0.702290 0.089240
1.155029 -0.126465 0.285889 2.245714 -0.245885 0.555851
0.959351 -0.081299 0.595215 1.865257 -0.158069 1.157271
0.786499 -0.144043 0.644287 1.529184 -0.280062 1.252682
0.634155 -0.116821 0.464355 1.232983 -0.227135 0.902842
0.505127 -0.084961 0.253906 0.982114 -0.165189 0.493668
0.329956 -0.197876 0.190918 0.641531 -0.384729 0.371200
0.168823 -0.122314 0.134888 0.328242 -0.237815 0.262261
0.031494 0.039429 0.116089 0.061234 0.076661 0.225711
-0.105835 0.066284 0.067261 -0.205774 0.128876 0.130774
-0.152466 0.095093 0.020752 -0.296438 0.184888 0.040348
-0.136597 0.049194 -0.026978 -0.265584 0.095648 -0.052452
-0.060059 0.085815 -0.106567 -0.116771 0.166850 -0.207198
-0.021118 0.085205 -0.140381 -0.041060 0.165664 -0.272941
-0.012939 0.076538 -0.121216 -0.025158 0.148812 -0.235679
0.026123 0.066162 -0.079468 0.050791 0.128638 -0.154509
0.039307 0.026001 -0.098145 0.076424 0.050553 -0.190822
0.013916 0.084717 -0.170044 0.027057 0.164714 -0.330615
-0.026367 0.108032 -0.108765 -0.051266 0.210046 -0.211470
-0.030151 0.082642 -0.054932 -0.058623 0.160679 -0.106803
-0.016357 0.026489 -0.081299 -0.031804 0.051503 -0.158069
-0.014893 -0.018311 -0.130371 -0.028956 -0.035601 -0.253479
-0.016724 -0.036499 -0.111450 -0.032516 -0.070965 -0.216692
-0.042114 -0.025879 -0.077271 -0.081882 -0.050316 -0.150236
-0.015991 -0.057739 -0.090454 -0.031092 -0.112262 -0.175869
-0.022339 -0.093384 -0.145630 -0.043433 -0.181565 -0.283147
-0.015625 -0.027710 -0.148804 -0.030380 -0.053876 -0.289318
0.010498 -0.065796 -0.065308 0.020411 -0.127926 -0.126977
-0.016724 -0.094727 -0.037598 -0.032516 -0.184176 -0.073101
-0.001953 -0.010498 -0.065674 -0.003797 -0.020411 -0.127689
0.050171 -0.001465 -0.064697 0.097547 -0.002848 -0.125790
0.047974 -0.036987 -0.030396 0.093275 -0.071914 -0.059098
0.008667 -0.013184 -0.053223 0.016851 -0.025633 -0.103480
0.005005 0.039795 -0.113281 0.009731 0.077373 -0.220252
0.025024 0.033203 -0.130371 0.048655 0.064557 -0.253479
0.005249 0.042847 -0.119995 0.010206 0.083306 -0.233305
-0.047241 0.038208 -0.151123 -0.091851 0.074288 -0.293827
-0.061279 0.037964 -0.181030 -0.119145 0.073813 -0.351976
-0.076416 0.007080 -0.147217 -0.148575 0.013766 -0.286232
