0.104248 -0.017578 -0.104248 0.202689 -0.034177 -0.202689
0.019653 0.044067 -0.179688 0.038212 0.085680 -0.349365
0.088867 0.272095 -0.252808 0.172784 0.529032 -0.491532
0.039307 0.172607 -0.188232 0.076424 0.335599 -0.365979
-0.198364 -0.235596 -0.154175 -0.385678 -0.458067 -0.299761
-0.291626 -0.052246 -0.141602 -0.567006 -0.101582 -0.275315
-0.255981 -0.039307 -0.208374 -0.497703 -0.076424 -0.405140
-0.190308 0.186890 0.087280 -0.370014 0.363368 0.169698
-0.389038 0.493286 -0.031860 -0.756404 0.959092 -0.061946
-0.804810 0.391479 -0.080078 -1.564785 0.761150 -0.155695
-1.077026 0.069580 0.274902 -2.094053 0.135284 0.534490
-1.223022 -0.062622 0.540039 -2.377912 -0.121756 1.049993
-1.402954 -0.145630 0.766846 -2.727752 -0.283147 1.490972
-1.481567 -0.117798 0.985229 -2.880599 -0.229033 1.915573
-1.410400 0.139648 1.036987 -2.742230 0.271517 2.016206
-1.028198 0.270264 0.734741 -1.999117 0.525471 1.428551
-0.727783 0.343994 0.290283 -1.415023 0.668825 0.564395
-0.380615 0.127686 -0.195190 -0.740027 0.248258 -0.379507
-0.078613 0.064819 -0.495605 -0.152847 0.126028 -0.963602
0.062378 0.116333 -0.779541 0.121281 0.226185 -1.515655
0.134888 0.142456 -1.041138 0.262261 0.276976 -2.024275
0.099121 0.250610 -1.327271 0.192720 0.487260 -2.580601
0.044312 0.387695 -1.600586 0.086155 0.753793 -3.112006
0.018921 0.458374 -1.777832 0.036788 0.891213 -3.456624
0.032471 0.568115 -1.822144 0.063133 1.104582 -3.542778
0.007202 0.606201 -1.532227 0.014003 1.178632 -2.979095
0.095703 0.515625 -1.061035 0.186075 1.002525 -2.062962
0.107666 0.323242 -0.752930 0.209334 0.628477 -1.463915
0.058838 0.201538 -0.529053 0.114398 0.391849 -1.028633
0.039917 0.034180 -0.277344 0.077610 0.066455 -0.539237
0.048950 -0.174072 -0.075317 0.095173 -0.338447 -0.146439
0.083008 -0.303589 0.161377 0.161391 -0.590265 0.313764
0.186890 -0.320679 0.471558 0.363368 -0.623493 0.916846
0.408813 -0.237427 0.720703 0.794853 -0.461627 1.401257
0.614258 -0.249878 0.745239 1.194296 -0.485836 1.448962
0.834961 -0.392822 0.682861 1.623408 -0.763761 1.327682
0.956421 -0.489380 0.702515 1.859561 -0.951497 1.365893
0.913452 -0.443237 0.665405 1.776017 -0.861783 1.293742
0.839233 -0.351807 0.555908 1.631714 -0.684015 1.080848
0.761353 -0.246094 0.406738 1.480291 -0.478478 0.790818
0.667236 -0.170532 0.240845 1.297302 -0.331564 0.468272
0.507080 -0.083862 0.152588 0.985912 -0.163053 0.296675
0.329224 0.013184 0.020508 0.640107 0.025633 0.039873
0.223267 0.102783 -0.065796 0.434095 0.199841 -0.127926
0.051758 0.102783 -0.121704 0.100632 0.199841 -0.236628
-0.095337 0.128662 -0.093140 -0.185363 0.250157 -0.181091
-0.016724 0.137573 -0.108154 -0.032516 0.267482 -0.210283
0.028809 0.118896 -0.148560 0.056012 0.231169 -0.288843
-0.023682 0.063599 -0.178833 -0.046044 0.123654 -0.347704
-0.040039 0.034668 -0.186890 -0.077848 0.067405 -0.363368
-0.063354 0.045288 -0.173096 -0.123180 0.088053 -0.336549
-0.044312 0.048096 -0.146240 -0.086155 0.093512 -0.284334
-0.035156 0.073608 -0.156006 -0.068354 0.143116 -0.303321
-0.056641 0.032349 -0.175171 -0.110126 0.062895 -0.340583
-0.009033 0.028198 -0.166382 -0.017563 0.054826 -0.323495
-0.009399 0.058594 -0.174927 -0.018275 0.113923 -0.340109
-0.002808 0.023560 -0.166138 -0.005459 0.045807 -0.323020
-0.014038 -0.007935 -0.146362 -0.027294 -0.015427 -0.284571
-0.028809 0.007935 -0.150757 -0.056012 0.015427 -0.293115
-0.007568 0.109863 -0.168701 -0.014715 0.213606 -0.328004
0.019897 0.121704 -0.174561 0.038686 0.236628 -0.339397
-0.013550 0.074219 -0.108276 -0.026345 0.144303 -0.210521
-0.021362 0.082642 -0.098999 -0.041535 0.160679 -0.192483
-0.028809 0.073730 -0.126953 -0.056012 0.143354 -0.246834
-0.044678 0.057617 -0.130005 -0.086867 0.112025 -0.252767
-0.022583 0.053833 -0.134277 -0.043908 0.104667 -0.261074
-0.005249 0.035522 -0.141235 -0.010206 0.069066 -0.274603
0.015137 0.023926 -0.145752 0.029430 0.046519 -0.283384
0.011108 0.014282 -0.131104 0.021598 0.027769 -0.254903
0.024414 0.033936 -0.127563 0.047468 0.065981 -0.248021
0.020142 0.049683 -0.155640 0.039161 0.096597 -0.302609
-0.005981 0.003052 -0.146362 -0.011630 0.005934 -0.284571
0.017212 0.018433 -0.108398 0.033465 0.035838 -0.210758
-0.020752 0.014160 -0.120483 -0.040348 0.027531 -0.234255
-0.003540 0.010742 -0.117920 -0.006883 0.020886 -0.229271
0.005981 0.037720 -0.140259 0.011630 0.073338 -0.272704
-0.009033 0.031372 -0.177734 -0.017563 0.060996 -0.345567
0.006714 0.029053 -0.170776 0.013054 0.056487 -0.332039
0.004883 0.046387 -0.162964 0.009494 0.090189 -0.316849
-0.014282 0.027832 -0.148071 -0.027769 0.054114 -0.287894
