0.080688 0.267334 -0.230103 0.156882 0.519775 -0.447386
0.139160 0.226685 -0.242310 0.270568 0.440741 -0.471120
0.062744 0.215576 -0.287842 0.121993 0.419143 -0.559648
0.044067 0.140747 -0.291992 0.085680 0.273653 -0.567718
0.046143 0.190796 -0.230103 0.089715 0.370963 -0.447386
0.005005 0.174561 -0.178101 0.009731 0.339397 -0.346279
-0.054810 0.042725 -0.207764 -0.106566 0.083069 -0.403953
-0.062744 -0.078491 -0.350464 -0.121993 -0.152610 -0.681404
-0.097656 -0.328613 -0.270264 -0.189872 -0.638920 -0.525471
-0.291016 -0.405884 0.194824 -0.565819 -0.789156 0.378795
-0.735596 -0.142700 0.575439 -1.430212 -0.277451 1.118822
-0.841797 0.010010 0.714966 -1.636699 0.019462 1.390102
-1.017700 0.458374 0.767334 -1.978706 0.891213 1.491921
-1.538940 0.416504 0.632813 -2.992149 0.809805 1.230372
-1.437012 -0.238281 0.778198 -2.793970 -0.463288 1.513044
-0.887695 -0.087524 0.854004 -1.725939 -0.170173 1.660433
-0.465820 0.101074 0.479858 -0.905691 0.196518 0.932985
-0.120972 -0.017822 0.276245 -0.235204 -0.034652 0.537101
-0.157349 -0.134521 0.050781 -0.305932 -0.261549 0.098734
-0.122437 -0.009888 -0.211548 -0.238052 -0.019225 -0.411311
-0.136963 -0.046875 -0.428711 -0.266296 -0.091139 -0.833539
-0.104004 -0.145264 -0.654053 -0.202214 -0.282435 -1.271669
-0.018066 -0.150513 -0.875854 -0.035126 -0.292641 -1.702917
-0.042358 0.032837 -1.090576 -0.082357 0.063845 -2.120398
-0.085693 0.116577 -1.252686 -0.166613 0.226660 -2.435586
-0.058716 0.119629 -1.375854 -0.114161 0.232593 -2.675062
0.041748 0.135620 -1.441406 0.081170 0.263685 -2.802514
0.070923 0.301880 -1.230225 0.137895 0.586943 -2.391915
-0.068970 0.346069 -0.835815 -0.134097 0.672860 -1.625069
-0.056030 0.098755 -0.474731 -0.108939 0.192008 -0.923016
0.029785 -0.055176 -0.275513 0.057911 -0.107278 -0.535677
0.127563 0.007813 -0.167236 0.248021 0.015190 -0.325156
0.158936 0.041748 -0.031982 0.309017 0.081170 -0.062183
0.215820 0.039673 0.126831 0.419618 0.077136 0.246597
0.230347 0.016968 0.277344 0.447861 0.032990 0.539237
0.273071 0.121582 0.434326 0.530930 0.236391 0.844457
0.526611 0.228760 0.526367 1.023886 0.444776 1.023411
0.702759 -0.023071 0.514526 1.366368 -0.044857 1.000389
0.700684 -0.202026 0.384399 1.362333 -0.392798 0.747385
0.534058 -0.349976 0.407349 1.038364 -0.680455 0.792005
0.348511 -0.230469 0.350830 0.677607 -0.448098 0.682116
0.214600 -0.079590 0.157227 0.417244 -0.154746 0.305694
0.239746 -0.109985 -0.003784 0.466136 -0.213844 -0.007358
0.205078 -0.163940 -0.091187 0.398732 -0.318748 -0.177293
0.075928 -0.084351 -0.071533 0.147626 -0.164002 -0.139081
-0.067749 -0.034912 -0.053833 -0.131724 -0.067879 -0.104667
-0.051514 -0.055786 -0.121582 -0.100158 -0.108465 -0.236391
-0.020386 -0.048096 -0.192017 -0.039636 -0.093512 -0.373336
0.001831 -0.012573 -0.181396 0.003560 -0.024446 -0.352688
0.001221 -0.031128 -0.127686 0.002373 -0.060522 -0.248258
-0.020996 -0.011597 -0.079834 -0.040823 -0.022547 -0.155221
-0.059082 0.030640 -0.062134 -0.114873 0.059572 -0.120806
-0.056641 0.041992 -0.096680 -0.110126 0.081645 -0.187973
-0.026123 0.048950 -0.140869 -0.050791 0.095173 -0.273891
-0.033325 0.046021 -0.143677 -0.064794 0.089477 -0.279350
-0.027466 0.057373 -0.138550 -0.053402 0.111550 -0.269381
-0.010254 0.047974 -0.150391 -0.019937 0.093275 -0.292403
-0.020264 0.052979 -0.175171 -0.039398 0.103006 -0.340583
-0.016113 0.033691 -0.156982 -0.031329 0.065506 -0.305220
-0.008179 0.006348 -0.134155 -0.015902 0.012342 -0.260837
-0.000977 0.016479 -0.119629 -0.001899 0.032041 -0.232593
-0.002319 0.013428 -0.105713 -0.004509 0.026107 -0.205537
0.005493 0.004150 -0.095581 0.010680 0.008070 -0.185837
-0.008789 -0.000122 -0.089478 -0.017089 -0.000237 -0.173970
0.007324 0.035645 -0.118042 0.014240 0.069303 -0.229508
0.022339 0.076904 -0.130981 0.043433 0.149524 -0.254666
0.033813 0.078491 -0.121582 0.065743 0.152610 -0.236391
0.021851 0.073486 -0.128052 0.042484 0.142879 -0.248970
-0.030762 0.037231 -0.131226 -0.059810 0.072389 -0.255141
-0.062744 0.031738 -0.124146 -0.121993 0.061708 -0.241375
-0.059448 0.044556 -0.133179 -0.115585 0.086629 -0.258938
-0.066162 0.038452 -0.110229 -0.128638 0.074762 -0.214318
-0.089478 0.003052 -0.087280 -0.173970 0.005934 -0.169698
-0.054321 0.018799 -0.114624 -0.105616 0.036550 -0.222863
-0.009033 0.060669 -0.148193 -0.017563 0.117958 -0.288131
-0.006592 0.072021 -0.137207 -0.012816 0.140031 -0.266770
0.006836 0.080444 -0.124878 0.013291 0.156407 -0.242799
-0.010864 0.068848 -0.130859 -0.021123 0.133860 -0.254429
-0.028076 0.034302 -0.146484 -0.054588 0.066693 -0.284808
-0.039185 0.012573 -0.135498 -0.076186 0.024446 -0.263448
