0.129028 0.460449 -0.273682 0.250869 0.895248 -0.532117
0.161499 0.559692 -0.302490 0.314001 1.088205 -0.588129
0.130249 0.397705 -0.349976 0.253242 0.773255 -0.680455
0.089722 0.354126 -0.416626 0.174445 0.688524 -0.810042
0.181152 0.365845 -0.547363 0.352213 0.711309 -1.064234
0.089478 0.134033 -0.590454 0.173970 0.260600 -1.148015
-0.256714 -0.273804 -0.210693 -0.499127 -0.532354 -0.409649
-0.616089 -0.425903 0.360840 -1.197856 -0.828080 0.701578
-0.903564 -0.165283 0.828369 -1.756793 -0.321359 1.610591
-1.041626 -0.168457 1.132935 -2.025225 -0.327530 2.202755
-0.948975 -0.164673 1.154663 -1.845083 -0.320172 2.245002
-0.751831 -0.387573 1.008179 -1.461779 -0.753555 1.960193
-0.652100 -0.304321 0.751587 -1.267872 -0.591689 1.461304
-0.733643 -0.091187 0.636597 -1.426415 -0.177293 1.237730
-0.598633 0.048584 0.490112 -1.163917 0.094461 0.952921
-0.257568 0.009888 0.233521 -0.500788 0.019225 0.454032
-0.051758 -0.109253 -0.064209 -0.100632 -0.212420 -0.124841
0.021851 0.015503 -0.350464 0.042484 0.030142 -0.681404
0.097046 0.000977 -0.560669 0.188686 0.001899 -1.090104
0.073242 -0.101440 -0.794678 0.142404 -0.197230 -1.545085
0.007324 -0.226929 -0.971191 0.014240 -0.441216 -1.888279
0.026001 -0.447021 -1.161011 0.050553 -0.869140 -2.257344
0.079468 -0.306885 -1.325806 0.154509 -0.596673 -2.577753
-0.166260 0.191895 -1.348022 -0.323257 0.373099 -2.620949
-0.320068 0.375610 -1.311768 -0.622306 0.730296 -2.550459
-0.315186 0.318848 -1.146973 -0.612813 0.619933 -2.230049
-0.186768 0.261230 -0.853638 -0.363131 0.507908 -1.659721
-0.062378 0.057129 -0.565063 -0.121281 0.111075 -1.098648
-0.018555 0.050781 -0.348877 -0.036076 0.098734 -0.678319
-0.054443 0.275513 -0.137207 -0.105854 0.535677 -0.266770
0.221924 0.099487 0.169800 0.431485 0.193432 0.330140
0.376831 0.144409 0.267334 0.732669 0.280774 0.519775
0.601807 0.226563 0.361938 1.170088 0.440504 0.703714
0.689453 0.099609 0.466309 1.340498 0.193670 0.906640
0.661743 0.125854 0.451782 1.286622 0.244698 0.878396
0.511841 0.162354 0.443848 0.995168 0.315663 0.862969
0.311401 0.173584 0.444336 0.605455 0.337498 0.863919
0.180542 0.240356 0.453369 0.351026 0.467323 0.881482
0.129639 -0.064575 0.324463 0.252055 -0.125553 0.630850
0.155396 -0.198242 0.216553 0.302134 -0.385441 0.421042
0.106323 -0.202515 0.122192 0.206723 -0.393748 0.237578
0.041626 -0.158447 0.024536 0.080933 -0.308068 0.047705
-0.010010 -0.103516 -0.053711 -0.019462 -0.201265 -0.104430
-0.061890 -0.004395 -0.105957 -0.120332 -0.008544 -0.206011
-0.059204 0.091431 -0.182495 -0.115110 0.177768 -0.354824
-0.000244 0.101685 -0.240112 -0.000475 0.197704 -0.466848
-0.008057 0.032349 -0.237305 -0.015664 0.062895 -0.461390
-0.041626 -0.005371 -0.170166 -0.080933 -0.010443 -0.330852
-0.105713 -0.011841 -0.111694 -0.205537 -0.023022 -0.217166
-0.104248 -0.068604 -0.125122 -0.202689 -0.133385 -0.243274
-0.046387 -0.038696 -0.147705 -0.090189 -0.075237 -0.287182
-0.000244 0.010620 -0.169556 -0.000475 0.020649 -0.329666
0.027710 0.056519 -0.155273 0.053876 0.109889 -0.301897
0.037476 0.021973 -0.144409 0.072863 0.042721 -0.280774
0.031372 -0.007935 -0.155640 0.060996 -0.015427 -0.302609
0.007202 0.035522 -0.112549 0.014003 0.069066 -0.218828
-0.051392 0.136597 -0.086548 -0.099920 0.265584 -0.168274
-0.099365 0.314697 -0.030762 -0.193195 0.611863 -0.059810
-0.102051 0.337891 0.012085 -0.198416 0.656958 0.023497
-0.030518 0.073120 0.021606 -0.059335 0.142167 0.042009
0.003052 -0.083130 -0.144653 0.005934 -0.161629 -0.281248
0.079834 -0.139160 -0.217285 0.155221 -0.270568 -0.422466
0.129639 -0.141724 -0.161621 0.252055 -0.275552 -0.314239
0.167847 -0.105835 -0.110718 0.326343 -0.205774 -0.215268
0.081665 -0.088013 -0.190063 0.158781 -0.171122 -0.369539
0.013916 -0.085815 -0.228516 0.027057 -0.166850 -0.444301
-0.049561 -0.102417 -0.264526 -0.096360 -0.199128 -0.514316
-0.104248 -0.038452 -0.203491 -0.202689 -0.074762 -0.395646
-0.100708 -0.000366 -0.149658 -0.195806 -0.000712 -0.290979
-0.078857 -0.029785 -0.138794 -0.153322 -0.057911 -0.269856
-0.038330 0.009644 -0.147705 -0.074525 0.018750 -0.287182
0.012817 0.038208 -0.174805 0.024921 0.074288 -0.339871
0.041748 0.053345 -0.166870 0.081170 0.103718 -0.324444
0.020996 0.044312 -0.142456 0.040823 0.086155 -0.276976
0.000244 0.046265 -0.145142 0.000475 0.089952 -0.282198
-0.035522 0.043335 -0.132813 -0.069066 0.084256 -0.258226
-0.063232 0.022949 -0.101807 -0.122942 0.044620 -0.197942
-0.067505 -0.002808 -0.039063 -0.131249 -0.005459 -0.075949
-0.046265 -0.030029 -0.026733 -0.089952 -0.058386 -0.051978
-0.002930 -0.037231 -0.077026 -0.005696 -0.072389 -0.149762
