0.223877 0.368042 -0.424194 0.435282 0.715581 -0.824758
0.162964 0.291626 -0.431396 0.316849 0.567006 -0.838761
0.127930 0.152100 -0.411743 0.248733 0.295726 -0.800549
0.178467 0.104004 -0.381592 0.346992 0.202214 -0.741926
0.203613 -0.065796 -0.254761 0.395884 -0.127926 -0.495329
-0.215088 -0.176514 -0.115967 -0.418194 -0.343194 -0.225473
-0.391479 0.023315 0.049683 -0.761150 0.045332 0.096597
-0.310669 0.585571 0.020996 -0.604031 1.138521 0.040823
-0.708862 -0.029175 0.247437 -1.378235 -0.056724 0.481089
-1.264648 -0.090454 0.835815 -2.458845 -0.175869 1.625069
-2.142700 -0.197266 0.897217 -4.166034 -0.383542 1.744451
-2.378296 -0.920166 0.962158 -4.624101 -1.789071 1.870716
-1.167358 -0.390991 0.810669 -2.269685 -0.760201 1.576177
-0.466797 -0.010132 0.470459 -0.907589 -0.019699 0.914709
-0.264893 -0.111328 0.433105 -0.515028 -0.216454 0.842083
-0.149902 -0.039185 0.292725 -0.291454 -0.076186 0.569142
-0.002319 -0.122559 0.004883 -0.004509 -0.238290 0.009494
0.092529 -0.087646 -0.288696 0.179904 -0.170410 -0.561310
0.061523 -0.030884 -0.553223 0.119620 -0.060047 -1.075626
-0.003784 -0.022949 -0.767334 -0.007358 -0.044620 -1.491921
-0.113647 0.004883 -0.955322 -0.220964 0.009494 -1.857425
-0.108032 0.013306 -1.101685 -0.210046 0.025870 -2.141996
-0.109131 0.030518 -1.250488 -0.212182 0.059335 -2.431314
-0.140747 0.050415 -1.324341 -0.273653 0.098022 -2.574905
-0.148926 0.010742 -1.223755 -0.289555 0.020886 -2.379336
-0.090332 -0.046997 -0.884644 -0.175632 -0.091376 -1.720005
-0.065918 -0.033813 -0.503296 -0.128164 -0.065743 -0.978554
0.005493 0.054565 -0.278442 0.010680 0.106091 -0.541373
0.149048 0.127686 -0.140747 0.289792 0.248258 -0.273653
0.264893 0.121704 0.021729 0.515028 0.236628 0.042247
0.350586 0.037476 0.214600 0.681641 0.072863 0.417244
0.441284 -0.032104 0.305298 0.857985 -0.062420 0.593588
0.640991 0.098633 0.395020 1.246274 0.191771 0.768033
0.454468 0.068115 0.398438 0.883618 0.132436 0.774679
0.360229 0.127319 0.417114 0.700391 0.247546 0.810992
0.321777 0.085571 0.365601 0.625629 0.166376 0.710834
0.364258 0.023071 0.201660 0.708223 0.044857 0.392086
0.295410 -0.063354 0.075806 0.574363 -0.123180 0.147388
0.153809 -0.093262 0.072998 0.299049 -0.181328 0.141929
0.000000 -0.125122 0.121582 0.000000 -0.243274 0.236391
-0.049805 -0.147705 0.082520 -0.096835 -0.287182 0.160442
-0.035034 -0.132813 -0.018188 -0.068117 -0.258226 -0.035364
-0.020874 -0.048828 -0.132690 -0.040585 -0.094936 -0.257989
-0.021484 0.028320 -0.175659 -0.041772 0.055063 -0.341533
-0.040649 0.011719 -0.160400 -0.079034 0.022785 -0.311865
-0.049072 0.021729 -0.173218 -0.095411 0.042247 -0.336786
-0.058716 0.035889 -0.171387 -0.114161 0.069778 -0.333226
-0.048584 0.061157 -0.171143 -0.094461 0.118907 -0.332751
-0.014648 0.043823 -0.191650 -0.028481 0.085205 -0.372624
0.005859 0.007080 -0.194824 0.011392 0.013766 -0.378795
-0.010376 0.055786 -0.178223 -0.020174 0.108465 -0.346517
-0.023438 0.018677 -0.163208 -0.045569 0.036313 -0.317324
-0.017944 -0.022583 -0.142090 -0.034889 -0.043908 -0.276264
0.002686 -0.005981 -0.161987 0.005221 -0.011630 -0.314951
-0.017700 0.025635 -0.150879 -0.034414 0.049841 -0.293353
-0.012573 0.054565 -0.128906 -0.024446 0.106091 -0.250631
0.009766 0.059448 -0.128296 0.018987 0.115585 -0.249445
-0.004517 0.056641 -0.120117 -0.008782 0.110126 -0.233543
-0.022339 0.032471 -0.124023 -0.043433 0.063133 -0.241138
-0.014893 0.005127 -0.135010 -0.028956 0.009968 -0.262498
0.018921 -0.010742 -0.155029 0.036788 -0.020886 -0.301422
0.047974 -0.028564 -0.189941 0.093275 -0.055538 -0.369301
0.013550 -0.026611 -0.141357 0.026345 -0.051740 -0.274840
-0.014771 -0.005371 -0.065430 -0.028718 -0.010443 -0.127214
0.007202 -0.018921 -0.083496 0.014003 -0.036788 -0.162341
0.029541 -0.007568 -0.135376 0.057436 -0.014715 -0.263210
-0.007446 0.001831 -0.151855 -0.014478 0.003560 -0.295251
-0.015503 0.022461 -0.155762 -0.030142 0.043671 -0.302846
0.001831 0.036743 -0.131348 0.003560 0.071439 -0.255378
0.018799 0.020386 -0.101685 0.036550 0.039636 -0.197704
0.033691 -0.005859 -0.085815 0.065506 -0.011392 -0.166850
0.043335 0.033569 -0.108521 0.084256 0.065269 -0.210996
0.027710 0.027710 -0.126587 0.053876 0.053876 -0.246122
0.011963 0.038696 -0.116089 0.023259 0.075237 -0.225711
-0.005493 0.049683 -0.126099 -0.010680 0.096597 -0.245173
-0.018188 0.038574 -0.125977 -0.035364 0.075000 -0.244935
-0.052856 0.028442 -0.111084 -0.102768 0.055300 -0.215980
-0.062500 0.024414 -0.121338 -0.121518 0.047468 -0.235916
-0.047241 0.023315 -0.117676 -0.091851 0.045332 -0.228796
-0.023071 -0.010620 -0.114624 -0.044857 -0.020649 -0.222863
