-0.075195 -0.047119 -0.334106 -0.146202 -0.091613 -0.649600
-0.001709 -0.055420 -0.328613 -0.003323 -0.107752 -0.638920
-0.003174 -0.005371 -0.303101 -0.006171 -0.010443 -0.589316
0.003540 0.163574 -0.166504 0.006883 0.318036 -0.323732
0.101074 0.335571 0.075073 0.196518 0.652448 0.145964
0.172119 0.413574 0.226563 0.334650 0.804109 0.440504
-0.025635 -0.207031 -0.377808 -0.049841 -0.402529 -0.734568
-0.229492 -0.240967 -0.160034 -0.446200 -0.468510 -0.311153
-0.280151 -0.128052 0.004639 -0.544696 -0.248970 0.009019
-0.247192 -0.001953 0.146484 -0.480614 -0.003797 0.284808
-0.397705 0.026978 0.479858 -0.773255 0.052452 0.932985
-0.696899 -0.353027 0.495850 -1.354976 -0.686388 0.964076
-1.008179 -0.454956 0.363892 -1.960193 -0.884567 0.707511
-1.014771 -0.293213 0.462402 -1.973010 -0.570091 0.899045
-0.445068 0.077026 0.270874 -0.865343 0.149762 0.526658
0.041504 -0.143555 -0.330933 0.080696 -0.279112 -0.643430
0.213745 -0.566040 -0.574707 0.415583 -1.100547 -1.117398
0.326416 -0.417236 -0.530029 0.634648 -0.811229 -1.030532
0.157227 -0.123901 -0.585815 0.305694 -0.240900 -1.138996
-0.373169 0.407227 -1.033081 -0.725549 0.791767 -2.008611
-0.501831 0.286621 -1.589355 -0.975706 0.557275 -3.090171
-0.290039 -0.516602 -1.583130 -0.563920 -1.004424 -3.078066
-0.354858 -1.007813 -1.634644 -0.689948 -1.959481 -3.178224
-0.522705 -0.533569 -1.869019 -1.016291 -1.037414 -3.633917
-0.795288 -0.116699 -1.920288 -1.546272 -0.226897 -3.733600
-1.069336 -0.309814 -1.613525 -2.079101 -0.602370 -3.137164
-0.771118 -0.203613 -1.279053 -1.499279 -0.395884 -2.486851
-0.520874 0.272583 -0.900024 -1.012731 0.529981 -1.749910
-0.498657 0.264771 -0.468750 -0.969535 0.514791 -0.911387
-0.108154 -0.000977 -0.073853 -0.210283 -0.001899 -0.143591
0.130249 0.097046 0.130981 0.253242 0.188686 0.254666
0.174438 0.155884 0.274658 0.339159 0.303084 0.534016
0.308838 0.031372 0.496460 0.600471 0.060996 0.965263
0.502197 -0.079956 0.664307 0.976418 -0.155458 1.291606
0.850342 -0.083374 0.713867 1.653312 -0.162103 1.387966
1.059082 -0.091064 0.793335 2.059164 -0.177056 1.542475
0.929932 0.000000 0.844727 1.808058 0.000000 1.642395
0.689819 0.029053 0.682739 1.341210 0.056487 1.327444
0.508179 -0.054443 0.466187 0.988048 -0.105854 0.906403
0.369751 -0.020020 0.287598 0.718904 -0.038924 0.559174
0.226196 0.072754 0.289551 0.439792 0.141455 0.562971
0.009033 0.196045 0.287109 0.017563 0.381168 0.558224
-0.104004 0.194702 0.208618 -0.202214 0.378558 0.405615
-0.145874 0.167969 0.127808 -0.283622 0.326580 0.248495
-0.119873 0.192261 0.160400 -0.233068 0.373811 0.311865
-0.071899 0.163696 0.167236 -0.139793 0.318273 0.325156
0.002075 0.148071 0.029785 0.004035 0.287894 0.057911
0.132813 -0.001709 -0.113525 0.258226 -0.003323 -0.220726
0.244507 -0.047729 -0.131592 0.475393 -0.092800 -0.255853
0.240479 0.012573 0.023071 0.467560 0.024446 0.044857
0.129028 0.131104 0.054810 0.250869 0.254903 0.106566
0.016602 0.237671 -0.064453 0.032278 0.462102 -0.125316
0.016479 0.203491 -0.083130 0.032041 0.395646 -0.161629
0.093506 0.088379 -0.091064 0.181803 0.171834 -0.177056
0.137451 -0.006226 -0.098999 0.267245 -0.012104 -0.192483
0.123169 -0.003296 -0.063721 0.239476 -0.006408 -0.123892
0.075195 0.032959 -0.072388 0.146202 0.064082 -0.140743
0.066650 0.049438 -0.111084 0.129588 0.096123 -0.215980
0.069702 -0.032349 -0.133057 0.135521 -0.062895 -0.258701
0.018188 -0.009521 -0.124756 0.035364 -0.018513 -0.242562
-0.009277 0.064087 -0.105835 -0.018038 0.124604 -0.205774
0.012695 0.117554 -0.086914 0.024683 0.228559 -0.168986
-0.010498 0.002686 -0.030884 -0.020411 0.005221 -0.060047
-0.027710 0.034180 -0.006348 -0.053876 0.066455 -0.012342
-0.036865 0.036499 -0.015625 -0.071677 0.070965 -0.030380
-0.034302 0.032837 -0.059204 -0.066693 0.063845 -0.115110
-0.015015 0.034058 -0.086182 -0.029193 0.066218 -0.167562
-0.000732 -0.000488 -0.081299 -0.001424 -0.000949 -0.158069
-0.033569 0.017822 -0.089478 -0.065269 0.034652 -0.173970
-0.040527 0.051758 -0.078125 -0.078797 0.100632 -0.151898
-0.023193 0.123169 -0.065186 -0.045095 0.239476 -0.126740
-0.005493 0.132690 -0.104370 -0.010680 0.257989 -0.202926
0.038574 0.085449 -0.144775 0.075000 0.166138 -0.281486
0.042358 0.074463 -0.160156 0.082357 0.144778 -0.311390
0.044434 0.066284 -0.153687 0.086392 0.128876 -0.298811
0.017700 0.010132 -0.147827 0.034414 0.019699 -0.287419
0.000610 0.004272 -0.119019 0.001187 0.008307 -0.231407
-0.010010 0.026245 -0.106201 -0.019462 0.051028 -0.206486
-0.033203 0.008057 -0.131836 -0.064557 0.015664 -0.256328
-0.031860 -0.017578 -0.148315 -0.061946 -0.034177 -0.288368
