0.072266 -0.417725 -0.231323 0.140505 -0.812178 -0.449760
0.139771 -0.100830 -0.174316 0.271755 -0.196043 -0.338922
0.040161 0.108643 -0.249878 0.078085 0.211233 -0.485836
0.035400 0.123291 -0.196655 0.068829 0.239714 -0.382355
0.116943 0.028931 -0.192261 0.227372 0.056250 -0.373811
0.293579 -0.464600 -0.199829 0.570803 -0.903317 -0.388526
0.444702 -1.121338 -0.272217 0.864631 -2.180208 -0.529269
0.157959 -0.502930 -0.233765 0.307118 -0.977842 -0.454507
-0.456909 -0.264282 0.173218 -0.888365 -0.513842 0.336786
-0.850586 0.237671 0.490845 -1.653787 0.462102 0.954345
-0.906738 1.458008 0.876587 -1.762964 2.834792 1.704341
-1.099854 1.536743 1.148560 -2.138436 2.987877 2.233135
-1.198120 -0.000244 1.177612 -2.329495 -0.000475 2.289622
-0.950317 -0.178223 1.289673 -1.847694 -0.346517 2.507500
-0.693970 -0.039673 1.239502 -1.349280 -0.077136 2.409953
-0.420410 0.063721 0.924194 -0.817400 0.123892 1.796903
-0.106689 0.086304 0.480103 -0.207435 0.167800 0.933459
0.028564 0.040649 0.141724 0.055538 0.079034 0.275552
0.017700 0.001709 -0.069336 0.034414 0.003323 -0.134809
-0.056641 -0.043579 -0.373047 -0.110126 -0.084730 -0.725312
-0.113770 -0.043457 -0.697144 -0.221201 -0.084493 -1.355450
-0.193848 -0.030518 -0.924438 -0.376896 -0.059335 -1.797378
-0.177246 0.082642 -1.112671 -0.344618 0.160679 -2.163357
-0.214722 0.177490 -1.261963 -0.417482 0.345093 -2.453624
-0.270386 0.146118 -1.324219 -0.525709 0.284096 -2.574667
-0.245483 0.172241 -1.421143 -0.477291 0.334887 -2.763116
-0.219727 0.393921 -1.523682 -0.427213 0.765897 -2.962481
-0.286377 0.427979 -1.587402 -0.556800 0.832115 -3.086373
-0.289917 0.474976 -1.352539 -0.563683 0.923491 -2.629730
-0.172485 0.430542 -0.951416 -0.335362 0.837099 -1.849830
0.006836 0.263184 -0.545410 0.013291 0.511706 -1.060436
0.109741 0.083984 -0.386475 0.213369 0.163290 -0.751419
0.108643 -0.020630 -0.296753 0.211233 -0.040111 -0.576974
0.172974 -0.128174 -0.015259 0.336311 -0.249207 -0.029668
0.403564 0.005493 0.292236 0.784647 0.010680 0.568193
0.543945 0.020996 0.254639 1.057588 0.040823 0.495092
0.678101 0.007935 0.147095 1.318425 0.015427 0.285995
0.789307 0.100586 0.239502 1.534642 0.195568 0.465662
0.665649 0.187744 0.396606 1.294217 0.365029 0.771119
0.688232 0.238037 0.448853 1.338125 0.462814 0.872700
0.618408 0.157837 0.477905 1.202366 0.306881 0.929187
0.515625 0.056763 0.461914 1.002525 0.110363 0.898096
0.408936 0.057007 0.344604 0.795090 0.110838 0.670012
0.203491 0.112915 0.289429 0.395646 0.219540 0.562734
0.042725 0.103271 0.285522 0.083069 0.200790 0.555139
0.072754 0.014771 0.209229 0.141455 0.028718 0.406801
0.140869 -0.109863 0.149048 0.273891 -0.213606 0.289792
0.105103 -0.067505 0.110962 0.204350 -0.131249 0.215742
0.043457 0.044434 0.007446 0.084493 0.086392 0.014478
-0.000122 0.072632 -0.107422 -0.000237 0.141217 -0.208859
0.013184 0.036499 -0.108276 0.025633 0.070965 -0.210521
0.027710 0.005249 -0.098511 0.053876 0.010206 -0.191534
0.022949 0.007324 -0.101196 0.044620 0.014240 -0.196755
-0.041382 -0.015259 -0.120728 -0.080458 -0.029668 -0.234730
-0.083252 0.004150 -0.124878 -0.161866 0.008070 -0.242799
-0.064453 -0.007202 -0.058594 -0.125316 -0.014003 -0.113923
-0.002563 -0.010498 -0.047241 -0.004984 -0.020411 -0.091851
0.024658 -0.019531 -0.097778 0.047943 -0.037974 -0.190110
0.027100 -0.006470 -0.123413 0.052690 -0.012579 -0.239951
0.004761 0.013916 -0.114990 0.009256 0.027057 -0.223575
0.002441 -0.003174 -0.108887 0.004747 -0.006171 -0.211708
0.018799 -0.010742 -0.092529 0.036550 -0.020886 -0.179904
0.016113 -0.014648 -0.110229 0.031329 -0.028481 -0.214318
-0.006836 0.022095 -0.118042 -0.013291 0.042959 -0.229508
-0.017700 0.069946 -0.106445 -0.034414 0.135996 -0.206961
-0.004639 0.076416 -0.115356 -0.009019 0.148575 -0.224287
0.006958 0.044067 -0.114136 0.013528 0.085680 -0.221913
0.016113 0.033936 -0.102783 0.031329 0.065981 -0.199841
0.025635 0.075562 -0.078247 0.049841 0.146914 -0.152135
0.019897 0.092041 -0.066284 0.038686 0.178955 -0.128876
0.017578 0.063721 -0.052612 0.034177 0.123892 -0.102294
0.023682 0.086670 -0.053589 0.046044 0.168512 -0.104192
-0.007324 0.101563 -0.115112 -0.014240 0.197467 -0.223812
-0.020996 0.052002 -0.120728 -0.040823 0.101107 -0.234730
-0.019043 0.029785 -0.097534 -0.037025 0.057911 -0.189635
-0.059570 0.078613 -0.128540 -0.115822 0.152847 -0.249919
-0.077881 0.099731 -0.113037 -0.151423 0.193907 -0.219777
-0.054932 0.066650 -0.112061 -0.106803 0.129588 -0.217878
-0.043579 0.043457 -0.138428 -0.084730 0.084493 -0.269144
-0.070435 0.063599 -0.127441 -0.136945 0.123654 -0.247783
