0.041748 -0.076538 -0.432007 0.081170 -0.148812 -0.839947
0.064697 -0.159180 -0.665527 0.125790 -0.309492 -1.293979
-0.073975 -0.041870 -0.687988 -0.143828 -0.081408 -1.337650
-0.013306 0.042236 -0.502197 -0.025870 0.082120 -0.976418
-0.056763 -0.008667 -0.290894 -0.110363 -0.016851 -0.565582
-0.060181 -0.145264 -0.125854 -0.117009 -0.282435 -0.244698
-0.174316 -1.052368 -0.221436 -0.338922 -2.046111 -0.430535
-0.251831 -1.055786 -0.031250 -0.489633 -2.052756 -0.060759
-0.283447 -0.330200 0.418457 -0.551104 -0.642005 0.813603
-0.253540 1.425049 0.767090 -0.492956 2.770710 1.491446
-0.816284 1.715698 0.498291 -1.587094 3.335818 0.968823
-0.792969 0.322876 0.913940 -1.541762 0.627765 1.776967
-0.756836 0.018921 1.130127 -1.471510 0.036788 2.197296
-1.042847 0.096680 0.997681 -2.027598 0.187973 1.939782
-0.797852 0.083252 0.750244 -1.551256 0.161866 1.458693
-0.467407 0.003052 0.544922 -0.908776 0.005934 1.059487
-0.308472 0.044067 0.390869 -0.599759 0.085680 0.759964
-0.156616 0.170288 0.242798 -0.304508 0.331090 0.472070
-0.025635 0.240845 -0.098022 -0.049841 0.468272 -0.190584
-0.037354 0.098877 -0.451172 -0.072626 0.192246 -0.877210
-0.182129 0.100830 -0.796509 -0.354112 0.196043 -1.548645
-0.067383 0.162964 -1.122070 -0.131012 0.316849 -2.181632
-0.024902 0.145142 -1.422607 -0.048417 0.282198 -2.765964
-0.073975 0.136230 -1.657715 -0.143828 0.264872 -3.223081
-0.179443 0.245117 -1.704102 -0.348890 0.476579 -3.313270
-0.201294 0.414063 -1.537598 -0.391374 0.805058 -2.989538
-0.163330 0.451782 -1.333740 -0.317561 0.878396 -2.593180
-0.123413 0.388550 -1.200806 -0.239951 0.755454 -2.334716
-0.026001 0.228149 -1.000244 -0.050553 0.443589 -1.944766
0.225708 -0.016724 -0.563599 0.438842 -0.032516 -1.095800
0.361206 -0.052246 -0.159424 0.702290 -0.101582 -0.309966
0.290649 -0.004395 0.111816 0.565107 -0.008544 0.217404
0.219360 0.054077 0.284058 0.426500 0.105142 0.552291
0.245728 -0.025513 0.332153 0.477766 -0.049604 0.645803
0.311035 -0.011719 0.352295 0.604743 -0.022785 0.684964
0.344116 0.002808 0.404175 0.669062 0.005459 0.785834
0.395508 0.011719 0.502563 0.768983 0.022785 0.977130
0.436279 0.005859 0.581665 0.848254 0.011392 1.130926
0.394287 0.025513 0.586060 0.766609 0.049604 1.139471
0.347656 0.114258 0.546997 0.675945 0.222151 1.063522
0.312744 0.083862 0.435303 0.608066 0.163053 0.846355
0.288086 -0.098267 0.285889 0.560123 -0.191059 0.555851
0.264771 -0.126465 0.185547 0.514791 -0.245885 0.360757
0.127075 -0.051514 0.114258 0.247071 -0.100158 0.222151
0.088867 -0.012085 0.030518 0.172784 -0.023497 0.059335
0.038330 -0.000977 -0.001587 0.074525 -0.001899 -0.003085
0.027954 -0.015869 -0.074463 0.054351 -0.030854 -0.144778
0.009277 0.014038 -0.125000 0.018038 0.027294 -0.243036
-0.018555 0.018066 -0.125977 -0.036076 0.035126 -0.244935
-0.029053 0.005737 -0.114990 -0.056487 0.011155 -0.223575
-0.035156 -0.010010 -0.125122 -0.068354 -0.019462 -0.243274
-0.040405 -0.035278 -0.162109 -0.078560 -0.068591 -0.315188
-0.041626 0.012573 -0.171875 -0.080933 0.024446 -0.334175
-0.034546 0.051270 -0.201050 -0.067167 0.099683 -0.390899
-0.033447 0.022339 -0.231812 -0.065031 0.043433 -0.450709
-0.030762 -0.003418 -0.220947 -0.059810 -0.006646 -0.429586
-0.033813 0.011963 -0.171631 -0.065743 0.023259 -0.333700
-0.031250 0.030518 -0.183105 -0.060759 0.059335 -0.356010
-0.028564 0.021362 -0.175903 -0.055538 0.041535 -0.342007
-0.023804 0.003906 -0.125244 -0.046281 0.007595 -0.243511
-0.024292 -0.012939 -0.105469 -0.047231 -0.025158 -0.205062
-0.028442 0.020996 -0.098999 -0.055300 0.040823 -0.192483
-0.017090 0.049927 -0.086914 -0.033228 0.097072 -0.168986
-0.021240 0.053833 -0.107178 -0.041297 0.104667 -0.208385
-0.017212 0.031250 -0.128418 -0.033465 0.060759 -0.249682
-0.024902 0.004517 -0.135132 -0.048417 0.008782 -0.262736
-0.017700 0.000244 -0.122559 -0.034414 0.000475 -0.238290
-0.017212 -0.017944 -0.109375 -0.033465 -0.034889 -0.212657
-0.021240 -0.000610 -0.099731 -0.041297 -0.001187 -0.193907
-0.015503 -0.003052 -0.122314 -0.030142 -0.005934 -0.237815
-0.003784 -0.010132 -0.155640 -0.007358 -0.019699 -0.302609
0.008667 0.016968 -0.165161 0.016851 0.032990 -0.321121
0.027832 0.034180 -0.162598 0.054114 0.066455 -0.316137
0.017212 0.021729 -0.160645 0.033465 0.042247 -0.312340
0.004028 -0.005005 -0.140381 0.007832 -0.009731 -0.272941
-0.005859 0.008911 -0.127197 -0.011392 0.017326 -0.247309
-0.011841 0.004395 -0.144043 -0.023022 0.008544 -0.280062
-0.013062 -0.018799 -0.136230 -0.025395 -0.036550 -0.264872
-0.014771 -0.023682 -0.118164 -0.028718 -0.046044 -0.229745
-0.010986 0.009033 -0.122314 -0.021361 0.017563 -0.237815
