0.046753 0.037598 -0.417358 0.090901 0.073101 -0.811466
0.277954 0.021851 -0.305908 0.540424 0.042484 -0.594775
0.159058 0.096558 -0.076782 0.309254 0.187736 -0.149287
-0.239502 0.178955 0.086426 -0.465662 0.347941 0.168037
-0.270142 0.044067 -0.004639 -0.525234 0.085680 -0.009019
-0.169800 -0.071655 -0.191406 -0.330140 -0.139319 -0.372150
-0.012939 -0.317627 -0.167480 -0.025158 -0.617559 -0.325631
0.117554 -0.811401 -0.060547 0.228559 -1.577601 -0.117721
-0.009155 -0.558228 0.133789 -0.017801 -1.085357 0.260125
-0.316284 -0.316895 0.354492 -0.614949 -0.616135 0.689236
-0.544556 -0.287842 0.483154 -1.058775 -0.559648 0.939393
-0.677490 -0.271606 0.855713 -1.317239 -0.528082 1.663755
-0.651855 -0.425781 1.062988 -1.267397 -0.827843 2.066759
-0.599854 -0.595337 0.959229 -1.166290 -1.157509 1.865020
-0.640625 -0.366577 0.859619 -1.245562 -0.712733 1.671350
-0.690552 -0.330322 0.762451 -1.342634 -0.642243 1.482427
-0.331543 -0.334595 0.508545 -0.644616 -0.650550 0.988760
-0.014771 -0.383667 0.152832 -0.028718 -0.745961 0.297150
-0.089478 -0.338745 -0.140869 -0.173970 -0.658619 -0.273891
-0.219727 -0.471313 -0.441528 -0.427213 -0.916371 -0.858460
-0.212402 -0.496460 -0.750244 -0.412972 -0.965263 -1.458693
-0.269287 -0.295776 -1.029419 -0.523573 -0.575076 -2.001491
-0.347778 -0.166992 -1.235352 -0.676182 -0.324682 -2.401884
-0.377197 -0.034790 -1.319092 -0.733381 -0.067642 -2.564699
-0.387573 0.057617 -1.333496 -0.753555 0.112025 -2.592705
-0.519775 0.066040 -1.303711 -1.010595 0.128401 -2.534794
-0.612915 0.163818 -1.321289 -1.191686 0.318511 -2.568971
-0.680908 0.368042 -1.326416 -1.323884 0.715581 -2.578939
-0.611084 0.515869 -1.085205 -1.188125 1.003000 -2.109955
-0.432495 0.382324 -0.729248 -0.840897 0.743350 -1.417871
-0.182251 0.417847 -0.456055 -0.354349 0.812416 -0.886703
0.007813 0.516968 -0.218506 0.015190 1.005136 -0.424839
0.019165 0.321167 0.076050 0.037262 0.624442 0.147863
0.186768 0.053955 0.389282 0.363131 0.104904 0.756878
0.694702 0.069458 0.595947 1.350704 0.135047 1.158695
1.025146 0.253662 0.650024 1.993184 0.493193 1.263837
1.125977 0.416504 0.700806 2.189227 0.809805 1.362571
0.974487 0.440918 0.630005 1.894688 0.857273 1.224913
0.743896 0.193359 0.467773 1.446352 0.375947 0.909488
0.533569 0.098511 0.258545 1.037414 0.191534 0.502687
0.320801 0.165405 0.251221 0.623730 0.321596 0.488446
0.151855 0.191895 0.140991 0.295251 0.373099 0.274128
0.117188 0.131104 0.021118 0.227847 0.254903 0.041060
0.190308 0.094727 -0.011963 0.370014 0.184176 -0.023259
0.323120 0.016479 -0.087280 0.628240 0.032041 -0.169698
0.122314 0.003662 -0.209595 0.237815 0.007120 -0.407513
-0.035645 0.105835 -0.066406 -0.069303 0.205774 -0.129113
-0.062012 0.109131 0.041870 -0.120569 0.212182 0.081408
-0.120850 0.078979 0.001953 -0.234967 0.153559 0.003797
-0.087891 0.066772 -0.078857 -0.170885 0.129825 -0.153322
-0.055298 0.080688 -0.118652 -0.107515 0.156882 -0.230695
-0.033936 0.007813 -0.150513 -0.065981 0.015190 -0.292641
-0.024658 -0.002930 -0.157715 -0.047943 -0.005696 -0.306644
-0.030273 -0.008179 -0.162598 -0.058860 -0.015902 -0.316137
-0.013672 -0.019287 -0.142944 -0.026582 -0.037500 -0.277925
0.009888 -0.028809 -0.129272 0.019225 -0.056012 -0.251343
0.019531 -0.021362 -0.102661 0.037974 -0.041535 -0.199603
0.031250 -0.036255 -0.116699 0.060759 -0.070490 -0.226897
0.034180 -0.014282 -0.136597 0.066455 -0.027769 -0.265584
0.032715 -0.006226 -0.133057 0.063607 -0.012104 -0.258701
0.010254 0.004150 -0.127808 0.019937 0.008070 -0.248495
-0.008179 0.038452 -0.118164 -0.015902 0.074762 -0.229745
-0.018799 0.073486 -0.139038 -0.036550 0.142879 -0.270331
-0.013794 0.027344 -0.159180 -0.026819 0.053164 -0.309492
-0.050049 -0.011108 -0.155151 -0.097310 -0.021598 -0.301659
-0.094604 0.022949 -0.098022 -0.183939 0.044620 -0.190584
-0.050293 0.050537 -0.055176 -0.097784 0.098259 -0.107278
-0.020264 0.080933 -0.116455 -0.039398 0.157357 -0.226423
0.005615 0.047363 -0.155396 0.010918 0.092088 -0.302134
0.021851 0.031250 -0.135742 0.042484 0.060759 -0.263922
0.009399 0.041138 -0.090942 0.018275 0.079984 -0.176819
0.012207 0.016846 -0.099609 0.023734 0.032753 -0.193670
-0.017944 -0.003052 -0.126221 -0.034889 -0.005934 -0.245410
-0.039307 -0.016479 -0.115845 -0.076424 -0.032041 -0.225236
-0.028198 -0.051025 -0.108643 -0.054826 -0.099208 -0.211233
-0.018921 -0.052979 -0.108032 -0.036788 -0.103006 -0.210046
-0.001343 -0.051025 -0.121582 -0.002611 -0.099208 -0.236391
0.004395 -0.034424 -0.148315 0.008544 -0.066930 -0.288368
-0.025757 -0.011963 -0.142578 -0.050079 -0.023259 -0.277213
-0.025269 0.010132 -0.140503 -0.049129 0.019699 -0.273179
