0.088867 0.024048 -0.114868 0.172784 0.046756 -0.223337
0.139282 0.124146 -0.170410 0.270805 0.241375 -0.331327
0.053101 0.178589 -0.178833 0.103243 0.347229 -0.347704
-0.028931 -0.000366 -0.168579 -0.056250 -0.000712 -0.327767
-0.049561 -0.346069 -0.100708 -0.096360 -0.672860 -0.195806
-0.040405 -0.462524 -0.002075 -0.078560 -0.899282 -0.004035
-0.219971 -0.014038 -0.247681 -0.427687 -0.027294 -0.481563
-0.387329 0.032349 -0.265015 -0.753081 0.062895 -0.515266
-0.488281 -0.017822 -0.073608 -0.949361 -0.034652 -0.143116
-0.725830 -0.065063 0.125732 -1.411225 -0.126502 0.244460
-1.031006 -0.035522 0.421509 -2.004576 -0.069066 0.819536
-1.276855 0.172363 0.646484 -2.482579 0.335124 1.256954
-1.721069 0.023315 0.735352 -3.346261 0.045332 1.429738
-1.957153 0.095215 1.455078 -3.805277 0.185125 2.829096
-1.740234 0.133911 1.577881 -3.383523 0.260362 3.067861
-0.726440 0.231445 0.641235 -1.412412 0.449997 1.246749
-0.320190 0.063965 -0.137451 -0.622544 0.124366 -0.267245
-0.123047 0.152710 -0.472412 -0.239239 0.296913 -0.918507
0.031494 0.230957 -0.737793 0.061234 0.449048 -1.434485
0.088989 0.260498 -1.022949 0.173021 0.506484 -1.988912
0.069946 0.227661 -1.268921 0.135996 0.442640 -2.467152
0.043945 0.238770 -1.456421 0.085443 0.464238 -2.831707
-0.028809 0.250366 -1.616821 -0.056012 0.486785 -3.143572
-0.092896 0.229370 -1.728638 -0.180616 0.445962 -3.360976
-0.147705 0.307251 -1.836548 -0.287182 0.597386 -3.570785
-0.247681 0.370239 -1.630737 -0.481563 0.719853 -3.170629
-0.083862 0.291138 -0.963135 -0.163053 0.566057 -1.872615
-0.035278 0.141846 -0.662476 -0.068591 0.275789 -1.288046
-0.021118 0.066406 -0.467773 -0.041060 0.129113 -0.909488
0.058960 0.131836 -0.224976 0.114635 0.256328 -0.437418
0.087524 0.072021 0.031006 0.170173 0.140031 0.060284
0.208496 0.002197 0.248413 0.405377 0.004272 0.482987
0.353149 -0.004395 0.331421 0.686625 -0.008544 0.644379
0.568237 0.041626 0.453613 1.104819 0.080933 0.881957
0.774170 0.005005 0.606201 1.505212 0.009731 1.178632
0.881592 -0.126953 0.672729 1.714072 -0.246834 1.307982
0.895142 -0.265381 0.767090 1.740416 -0.515978 1.491446
0.782104 -0.327393 0.982300 1.520639 -0.636547 1.909877
0.633545 -0.191284 1.016602 1.231796 -0.371912 1.976570
0.490356 0.000488 0.461670 0.953396 0.000949 0.897621
0.431030 0.017334 0.036743 0.838049 0.033702 0.071439
0.316772 0.044067 -0.020996 0.615898 0.085680 -0.040823
0.137451 0.190186 -0.002808 0.267245 0.369776 -0.005459
0.036255 0.272827 0.055664 0.070490 0.530456 0.108227
-0.003418 0.194336 0.094116 -0.006646 0.377846 0.182989
0.000488 0.066162 0.034668 0.000949 0.128638 0.067405
0.010742 -0.004883 -0.070557 0.020886 -0.009494 -0.137183
0.062378 0.023193 -0.206787 0.121281 0.045095 -0.402054
0.063110 -0.003174 -0.206055 0.122705 -0.006171 -0.400630
-0.006592 -0.009277 -0.122437 -0.012816 -0.018038 -0.238052
-0.062744 -0.005615 -0.091553 -0.121993 -0.010918 -0.178005
-0.008667 0.027100 -0.143311 -0.016851 0.052690 -0.278637
-0.001465 0.001343 -0.185425 -0.002848 0.002611 -0.360520
0.000366 -0.010864 -0.189819 0.000712 -0.021123 -0.369064
0.024902 -0.018066 -0.135010 0.048417 -0.035126 -0.262498
0.033081 -0.024780 -0.097412 0.064319 -0.048180 -0.189398
0.028320 -0.000488 -0.094238 0.055063 -0.000949 -0.183227
0.054321 0.010986 -0.101318 0.105616 0.021361 -0.196992
0.049805 -0.012695 -0.090820 0.096835 -0.024683 -0.176581
0.068359 0.006348 -0.064819 0.132911 0.012342 -0.126028
0.036011 0.037598 -0.059326 0.070015 0.073101 -0.115347
0.038940 0.032471 -0.056641 0.075712 0.063133 -0.110126
0.021729 0.062134 -0.083374 0.042247 0.120806 -0.162103
0.004639 0.054443 -0.092163 0.009019 0.105854 -0.179192
0.023682 0.034424 -0.101074 0.046044 0.066930 -0.196518
0.006470 -0.001221 -0.095337 0.012579 -0.002373 -0.185363
-0.025757 -0.023438 -0.079834 -0.050079 -0.045569 -0.155221
-0.040649 -0.020630 -0.097290 -0.079034 -0.040111 -0.189160
-0.026245 0.001831 -0.135986 -0.051028 0.003560 -0.264397
-0.037109 0.020752 -0.165649 -0.072151 0.040348 -0.322071
-0.010986 0.010254 -0.146240 -0.021361 0.019937 -0.284334
-0.004272 -0.004639 -0.104126 -0.008307 -0.009019 -0.202451
0.009033 -0.025146 -0.102539 0.017563 -0.048892 -0.199366
-0.002930 -0.057861 -0.143799 -0.005696 -0.112499 -0.279587
-0.027222 -0.052612 -0.155396 -0.052927 -0.102294 -0.302134
-0.020630 0.012939 -0.139404 -0.040111 0.025158 -0.271043
-0.062744 0.025879 -0.163452 -0.121993 0.050316 -0.317799
-0.037109 0.028809 -0.200073 -0.072151 0.056012 -0.389001
-0.029785 0.041260 -0.188477 -0.057911 0.080221 -0.366453
-0.047363 0.035156 -0.161255 -0.092088 0.068354 -0.313527
