-0.178711 0.018311 -0.254517 -0.347466 0.035601 -0.494854
-0.095825 -0.094360 -0.061279 -0.186312 -0.183464 -0.119145
-0.068604 -0.026489 -0.104004 -0.133385 -0.051503 -0.202214
-0.022827 -0.050903 -0.146240 -0.044383 -0.098971 -0.284334
0.039551 -0.058716 -0.045654 0.076898 -0.114161 -0.088765
0.064697 -0.087891 0.143555 0.125790 -0.170885 0.279112
0.071655 -0.329834 0.355347 0.139319 -0.641293 0.690898
0.040039 -0.269043 0.258667 0.077848 -0.523098 0.502924
-0.212402 0.600098 -0.023438 -0.412972 1.166765 -0.045569
-0.830811 0.177612 -0.008667 -1.615338 0.345330 -0.016851
-0.823853 0.287476 0.522461 -1.601810 0.558936 1.015816
-0.931030 0.105225 0.759888 -1.810194 0.204587 1.477443
-1.196045 -0.176025 1.006714 -2.325460 -0.342245 1.957345
-1.428345 -0.225342 1.150024 -2.777119 -0.438130 2.235983
-1.465088 -0.375000 1.142944 -2.848558 -0.729109 2.222217
-1.379639 -0.397827 0.893433 -2.682420 -0.773492 1.737094
-1.064575 -0.096802 0.412964 -2.069845 -0.188211 0.802922
-0.687866 -0.140503 -0.031982 -1.337412 -0.273179 -0.062183
-0.420654 -0.444702 -0.432861 -0.817875 -0.864631 -0.841609
-0.170410 -0.318359 -0.703979 -0.331327 -0.618983 -1.368741
-0.064209 -0.078369 -0.865234 -0.124841 -0.152372 -1.682268
-0.188354 -0.300049 -0.962036 -0.366216 -0.583382 -1.870479
-0.303711 -0.324829 -1.112061 -0.590503 -0.631562 -2.162170
-0.239136 -0.143311 -1.262817 -0.464950 -0.278637 -2.455285
-0.156250 -0.095581 -1.395874 -0.303796 -0.185837 -2.713986
-0.208862 -0.126343 -1.490967 -0.406089 -0.245647 -2.898874
-0.381470 -0.025024 -1.396606 -0.741688 -0.048655 -2.715410
-0.485962 0.058716 -1.074463 -0.944852 0.114161 -2.089069
-0.349731 0.193359 -0.651855 -0.679980 0.375947 -1.267397
-0.011108 0.300293 -0.298218 -0.021598 0.583857 -0.579822
0.407104 0.215332 -0.010986 0.791530 0.418668 -0.021361
0.669800 0.016968 0.108521 1.302286 0.032990 0.210996
0.835083 -0.117676 0.265869 1.623645 -0.228796 0.516927
1.009033 -0.104980 0.513794 1.961855 -0.204113 0.998965
1.057007 0.080078 0.697388 2.055130 0.155695 1.355925
0.978516 0.136841 0.751099 1.902520 0.266058 1.460355
0.902588 -0.066040 0.629028 1.754894 -0.128401 1.223014
0.549194 -0.130859 0.305542 1.067794 -0.254429 0.594063
0.207764 0.005859 0.009399 0.403953 0.011392 0.018275
0.132813 -0.004028 0.058716 0.258226 -0.007832 0.114161
0.199219 -0.084229 0.022217 0.387339 -0.163765 0.043196
0.038818 -0.067749 -0.104248 0.075474 -0.131724 -0.202689
-0.150757 0.019531 -0.145508 -0.293115 0.037974 -0.282910
-0.057495 0.036255 -0.140869 -0.111787 0.070490 -0.273891
-0.060059 0.033569 -0.091431 -0.116771 0.065269 -0.177768
-0.110229 0.036743 -0.048218 -0.214318 0.071439 -0.093749
-0.117310 0.044800 -0.083862 -0.228084 0.087104 -0.163053
-0.087646 0.041138 -0.142578 -0.170410 0.079984 -0.277213
-0.001709 -0.008545 -0.156372 -0.003323 -0.016614 -0.304033
0.009277 0.036865 -0.164307 0.018038 0.071677 -0.319460
-0.007080 0.051392 -0.126953 -0.013766 0.099920 -0.246834
-0.014160 0.039185 -0.139526 -0.027531 0.076186 -0.271280
-0.031128 0.012207 -0.167236 -0.060522 0.023734 -0.325156
-0.042480 0.003906 -0.142700 -0.082594 0.007595 -0.277451
-0.027466 -0.019409 -0.106812 -0.053402 -0.037737 -0.207673
-0.011963 -0.033203 -0.085938 -0.023259 -0.064557 -0.167088
-0.009888 -0.000732 -0.077026 -0.019225 -0.001424 -0.149762
0.011230 -0.015015 -0.098267 0.021835 -0.029193 -0.191059
0.067993 0.008911 -0.141357 0.132199 0.017326 -0.274840
0.124756 0.045532 -0.186279 0.242562 0.088528 -0.362181
0.106934 0.086548 -0.201538 0.207910 0.168274 -0.391849
0.086670 0.078125 -0.177612 0.168512 0.151898 -0.345330
0.044434 0.092407 -0.158325 0.086392 0.179667 -0.307830
0.074585 0.093628 -0.164917 0.145015 0.182040 -0.320647
0.082886 0.067871 -0.181885 0.161154 0.131961 -0.353637
0.048828 0.051025 -0.176514 0.094936 0.099208 -0.343194
0.064575 0.030762 -0.179077 0.125553 0.059810 -0.348178
0.036743 0.037109 -0.138306 0.071439 0.072151 -0.268907
0.009155 0.027832 -0.128784 0.017801 0.054114 -0.250394
0.026123 -0.014648 -0.131348 0.050791 -0.028481 -0.255378
0.041016 0.008667 -0.095947 0.079746 0.016851 -0.186549
0.043091 0.027588 -0.087769 0.083781 0.053639 -0.170648
0.007813 0.062256 -0.129150 0.015190 0.121044 -0.251106
-0.036377 0.096680 -0.138062 -0.070727 0.187973 -0.268432
-0.065552 0.107666 -0.105591 -0.127452 0.209334 -0.205299
-0.057861 0.118896 -0.096313 -0.112499 0.231169 -0.187261
-0.006592 0.101196 -0.149902 -0.012816 0.196755 -0.291454
0.005493 0.078491 -0.139404 0.010680 0.152610 -0.271043
0.010498 0.086182 -0.104370 0.020411 0.167562 -0.202926
-0.004028 0.084473 -0.128052 -0.007832 0.164239 -0.248970
