0.081421 0.027344 -0.357910 0.158306 0.053164 -0.695882
0.114014 0.011108 -0.288208 0.221676 0.021598 -0.560360
0.021118 0.068481 -0.253906 0.041060 0.133148 -0.493668
0.039185 0.027954 -0.208130 0.076186 0.054351 -0.404665
0.076172 -0.226929 -0.244141 0.148100 -0.441216 -0.474681
0.096069 -0.094727 -0.249146 0.186787 -0.184176 -0.484412
0.042114 -0.097412 -0.319824 0.081882 -0.189398 -0.621832
-0.144165 0.302612 -0.287354 -0.280299 0.588367 -0.558699
-0.443970 0.193604 -0.281982 -0.863207 0.376422 -0.548256
-0.625122 0.304932 -0.061157 -1.215420 0.592876 -0.118907
-0.733032 0.341797 0.297119 -1.425228 0.664553 0.577686
-0.901123 0.185425 0.766846 -1.752046 0.360520 1.490972
-0.973145 0.204224 1.180054 -1.892077 0.397070 2.294369
-1.137939 0.236694 1.548218 -2.212486 0.460203 3.010187
-1.128418 0.293091 1.529419 -2.193974 0.569854 2.973636
-1.213501 0.166626 1.046753 -2.359400 0.323969 2.035193
-0.982544 0.140869 0.613159 -1.910352 0.273891 1.192160
-0.632568 0.253296 0.345581 -1.229897 0.492481 0.671910
-0.220947 0.368530 -0.091553 -0.429586 0.716530 -0.178005
-0.018433 0.372681 -0.637939 -0.035838 0.724600 -1.240340
0.084351 0.297241 -1.033203 0.164002 0.577924 -2.008848
0.118408 0.153687 -1.352051 0.230220 0.298811 -2.628781
0.022583 0.094238 -1.615479 0.043908 0.183227 -3.140961
-0.106201 0.287109 -1.782471 -0.206486 0.558224 -3.465643
-0.175415 0.457397 -1.876831 -0.341058 0.889314 -3.649107
-0.244507 0.500000 -1.754028 -0.475393 0.972146 -3.410342
-0.297119 0.443237 -1.411133 -0.577686 0.861783 -2.743654
-0.164673 0.245361 -1.104004 -0.320172 0.477054 -2.146506
-0.147217 0.120117 -0.813354 -0.286232 0.233543 -1.581398
-0.065430 0.098999 -0.583618 -0.127214 0.192483 -1.134724
0.035522 0.028320 -0.328125 0.069066 0.055063 -0.637971
0.075073 -0.001465 -0.108032 0.145964 -0.002848 -0.210046
0.135010 -0.064087 0.095581 0.262498 -0.124604 0.185837
0.369019 -0.119507 0.244751 0.717480 -0.232356 0.475867
0.558960 -0.113159 0.363037 1.086781 -0.220014 0.705850
0.689331 -0.185547 0.599365 1.340261 -0.360757 1.165341
0.765259 -0.320679 0.735596 1.487886 -0.623493 1.430212
0.849121 -0.339478 0.706543 1.650939 -0.660043 1.373726
0.814697 -0.296997 0.603882 1.584009 -0.577449 1.174122
0.772339 -0.408936 0.532471 1.501652 -0.795090 1.035278
0.581421 -0.500977 0.459717 1.130452 -0.974045 0.893824
0.372559 -0.395264 0.282959 0.724363 -0.768508 0.550155
0.200317 -0.210327 0.100708 0.389475 -0.408937 0.195806
0.137451 -0.069092 0.032837 0.267245 -0.134335 0.063845
-0.006470 -0.074341 -0.037354 -0.012579 -0.144540 -0.072626
-0.051147 -0.056885 -0.107666 -0.099446 -0.110601 -0.209334
-0.052490 0.075195 -0.135010 -0.102056 0.146202 -0.262498
-0.090942 0.177490 -0.125244 -0.176819 0.345093 -0.243511
-0.058960 0.169312 -0.080078 -0.114635 0.329191 -0.155695
-0.093262 0.126831 -0.082886 -0.181328 0.246597 -0.161154
-0.124390 0.083740 -0.076904 -0.241850 0.162815 -0.149524
-0.141724 0.035889 -0.060791 -0.275552 0.069778 -0.118195
-0.086548 0.043701 -0.082397 -0.168274 0.084968 -0.160205
-0.059204 0.092407 -0.091675 -0.115110 0.179667 -0.178243
-0.067139 0.068359 -0.065308 -0.130537 0.132911 -0.126977
-0.055298 0.090820 -0.051880 -0.107515 0.176581 -0.100870
-0.071167 0.108765 -0.054932 -0.138369 0.211470 -0.106803
-0.017090 0.065796 -0.098755 -0.033228 0.127926 -0.192008
0.031616 0.011597 -0.132568 0.061471 0.022547 -0.257752
0.029053 0.000122 -0.123901 0.056487 0.000237 -0.240900
0.019165 -0.006348 -0.104980 0.037262 -0.012342 -0.204113
-0.005615 0.012207 -0.087280 -0.010918 0.023734 -0.169698
-0.021484 0.044312 -0.072632 -0.041772 0.086155 -0.141217
-0.033447 0.069458 -0.070679 -0.065031 0.135047 -0.137420
-0.015381 0.043091 -0.088135 -0.029905 0.083781 -0.171360
-0.002319 0.018799 -0.095703 -0.004509 0.036550 -0.186075
-0.001953 0.022217 -0.099243 -0.003797 0.043196 -0.192958
-0.012939 0.026978 -0.095459 -0.025158 0.052452 -0.185600
-0.028320 0.017944 -0.101807 -0.055063 0.034889 -0.197942
-0.028198 0.026855 -0.132690 -0.054826 0.052215 -0.257989
-0.011353 0.035889 -0.130615 -0.022073 0.069778 -0.253954
-0.028076 0.015503 -0.133179 -0.054588 0.030142 -0.258938
-0.035400 0.013550 -0.134399 -0.068829 0.026345 -0.261312
-0.034302 0.028564 -0.160034 -0.066693 0.055538 -0.311153
-0.023071 0.017700 -0.163574 -0.044857 0.034414 -0.318036
-0.037354 0.023315 -0.151001 -0.072626 0.045332 -0.293590
-0.027344 0.021484 -0.140015 -0.053164 0.041772 -0.272229
-0.017090 0.027710 -0.124634 -0.033228 0.053876 -0.242324
-0.018555 0.042969 -0.140015 -0.036076 0.083544 -0.272229
-0.012207 0.056274 -0.160889 -0.023734 0.109414 -0.312815
