0.019165 0.040283 -0.084351 0.037262 0.078322 -0.164002
-0.026245 0.012207 -0.105835 -0.051028 0.023734 -0.205774
0.033081 0.032959 -0.125610 0.064319 0.064082 -0.244223
-0.043457 -0.022217 -0.153931 -0.084493 -0.043196 -0.299286
-0.001099 0.013916 -0.144653 -0.002136 0.027057 -0.281248
0.095825 0.032959 -0.218140 0.186312 0.064082 -0.424127
-0.028442 -0.206665 -0.230469 -0.055300 -0.401817 -0.448098
-0.031128 -0.510254 -0.225952 -0.060522 -0.992082 -0.439317
-0.059814 -1.040894 -0.259888 -0.116297 -2.023801 -0.505297
0.052490 -0.946777 -0.176025 0.102056 -1.840811 -0.342245
-0.054321 -0.057373 -0.192627 -0.105616 -0.111550 -0.374523
-0.514648 0.020508 -0.207153 -1.000627 0.039873 -0.402766
-0.963623 0.114624 0.089478 -1.873564 0.222863 0.173970
-1.373779 0.402710 0.254761 -2.671028 0.782986 0.495329
-1.537720 0.615234 0.587769 -2.989776 1.196195 1.142793
-1.231689 0.525269 1.129883 -2.394763 1.021275 2.196822
-0.882446 0.485352 1.306152 -1.715733 0.943665 2.539541
-0.699341 0.344116 0.522461 -1.359722 0.669062 1.015816
-0.208130 0.091919 -0.246826 -0.404665 0.178717 -0.479902
0.070313 0.125244 -0.515259 0.136708 0.243511 -1.001813
0.057495 0.318848 -0.494141 0.111787 0.619933 -0.960754
-0.028320 0.297729 -0.404175 -0.055063 0.578873 -0.785834
-0.102661 0.110474 -0.485352 -0.199603 0.214793 -0.943665
-0.019653 0.129639 -0.671387 -0.038212 0.252055 -1.305372
0.152344 0.161011 -0.909302 0.296201 0.313052 -1.767948
0.218750 0.136108 -1.173828 0.425314 0.264634 -2.282264
0.287476 0.144653 -1.396240 0.558936 0.281248 -2.714698
0.324585 0.116699 -1.452026 0.631088 0.226897 -2.823163
0.271484 0.010620 -1.335815 0.527845 0.020649 -2.597215
0.099976 -0.267456 -1.177490 0.194382 -0.520013 -2.289384
-0.008301 -0.225098 -0.910645 -0.016139 -0.437655 -1.770558
-0.082031 -0.061279 -0.634033 -0.159493 -0.119145 -1.232745
-0.107300 -0.020996 -0.401245 -0.208622 -0.040823 -0.780138
-0.056641 -0.034424 -0.344238 -0.110126 -0.066930 -0.669300
0.035156 0.010498 -0.339233 0.068354 0.020411 -0.659569
0.104614 0.016479 -0.223877 0.203401 0.032041 -0.435282
0.123657 -0.011230 -0.034424 0.240426 -0.021835 -0.066930
0.159790 -0.051392 0.172119 0.310678 -0.099920 0.334650
0.264893 -0.035889 0.343750 0.515028 -0.069778 0.668350
0.391235 -0.044067 0.433838 0.760676 -0.085680 0.843507
0.443481 -0.137329 0.565430 0.862257 -0.267008 1.099360
0.467773 -0.222900 0.722290 0.909488 -0.433383 1.404342
0.446655 -0.199829 0.833008 0.868428 -0.388526 1.619610
0.379272 -0.248291 0.801025 0.737416 -0.482750 1.557427
0.430420 -0.229980 0.543335 0.836862 -0.447149 1.056402
0.414429 -0.309937 0.326294 0.805770 -0.602607 0.634411
0.343384 -0.332275 0.255005 0.667638 -0.646040 0.495804
0.198364 -0.221924 0.281128 0.385678 -0.431485 0.546595
0.057373 -0.149292 0.300781 0.111550 -0.290267 0.584806
-0.008423 -0.110229 0.222900 -0.016376 -0.214318 0.433383
-0.037109 -0.037720 0.070679 -0.072151 -0.073338 0.137420
-0.011841 0.006470 -0.032104 -0.023022 0.012579 -0.062420
0.017456 0.046875 -0.099976 0.033940 0.091139 -0.194382
-0.004028 0.067993 -0.122314 -0.007832 0.132199 -0.237815
-0.008179 0.069458 -0.127808 -0.015902 0.135047 -0.248495
-0.037964 0.042847 -0.143311 -0.073813 0.083306 -0.278637
-0.033325 0.071045 -0.151123 -0.064794 0.138132 -0.293827
-0.068359 0.018555 -0.144653 -0.132911 0.036076 -0.281248
-0.081177 -0.012695 -0.138916 -0.157831 -0.024683 -0.270093
-0.088135 -0.035889 -0.118530 -0.171360 -0.069778 -0.230457
-0.086914 -0.018677 -0.097046 -0.168986 -0.036313 -0.188686
-0.059937 0.010986 -0.075928 -0.116534 0.021361 -0.147626
0.005127 0.068726 -0.089233 0.009968 0.133623 -0.173496
0.030396 0.081909 -0.089111 0.059098 0.159255 -0.173258
0.044434 0.026367 -0.078857 0.086392 0.051266 -0.153322
0.061401 0.037598 -0.091553 0.119382 0.073101 -0.178005
0.023315 0.069214 -0.091919 0.045332 0.134572 -0.178717
-0.015137 0.091064 -0.108398 -0.029430 0.177056 -0.210758
-0.013062 0.117920 -0.112671 -0.025395 0.229271 -0.219065
-0.012329 0.093750 -0.134766 -0.023971 0.182277 -0.262024
0.005615 0.062012 -0.143433 0.010918 0.120569 -0.278875
0.000977 0.046143 -0.132813 0.001899 0.089715 -0.258226
-0.020630 0.025635 -0.105591 -0.040111 0.049841 -0.205299
-0.015015 0.036377 -0.105591 -0.029193 0.070727 -0.205299
-0.015869 0.011108 -0.121094 -0.030854 0.021598 -0.235442
0.008179 0.010376 -0.118042 0.015902 0.020174 -0.229508
0.008179 0.002441 -0.101318 0.015902 0.004747 -0.196992
0.023071 -0.016846 -0.105957 0.044857 -0.032753 -0.206011
0.025024 -0.033813 -0.104004 0.048655 -0.065743 -0.202214
0.013550 -0.025024 -0.092041 0.026345 -0.048655 -0.178955
