-0.088745 0.016479 -0.188354 -0.172546 0.032041 -0.366216
-0.158081 0.033691 -0.153320 -0.307356 0.065506 -0.298099
-0.267578 0.008667 -0.280518 -0.520250 0.016851 -0.545408
-0.188965 -0.151367 -0.371948 -0.367403 -0.294302 -0.723176
-0.045288 -0.444336 -0.397339 -0.088053 -0.863919 -0.772543
-0.080444 -0.770874 -0.299072 -0.156407 -1.498804 -0.581484
-0.043701 -0.278320 -0.121948 -0.084968 -0.541136 -0.237103
-0.113892 -0.145874 -0.138062 -0.221438 -0.283622 -0.268432
-0.358765 -0.299072 -0.159546 -0.697543 -0.581484 -0.310204
-0.500000 -0.441284 -0.092163 -0.972146 -0.857985 -0.179192
-0.579224 -0.344482 -0.002808 -1.126180 -0.669774 -0.005459
-0.743042 -0.238892 0.120850 -1.444690 -0.464475 0.234967
-0.864258 -0.361328 0.413940 -1.680369 -0.702527 0.804821
-0.953491 -0.346802 0.728516 -1.853865 -0.674284 1.416447
-1.237183 0.140015 1.227661 -2.405444 0.272229 2.386931
-1.615601 0.751709 1.579224 -3.141199 1.461541 3.070471
-1.615845 0.832520 1.183228 -3.141673 1.618661 2.300539
-1.389893 0.329590 0.874390 -2.702357 0.640819 1.700068
-1.455811 0.027100 0.812866 -2.830520 0.052690 1.580449
-1.205933 -0.007568 -0.089600 -2.344685 -0.014715 -0.174208
-0.582764 0.139038 -0.778931 -1.133062 0.270331 -1.514468
-0.080688 0.249512 -0.681396 -0.156882 0.485124 -1.324834
0.130005 0.360229 -0.733521 0.252767 0.700391 -1.426178
0.152832 0.517700 -1.078857 0.297150 1.006560 -2.097613
0.189941 0.693604 -1.606934 0.369301 1.348567 -3.124347
0.372314 0.710449 -1.889526 0.723888 1.381320 -3.673790
0.398682 0.519775 -1.945313 0.775153 1.010595 -3.782255
0.308350 0.320313 -2.011475 0.599522 0.622781 -3.910893
0.278320 0.403442 -1.983398 0.541136 0.784410 -3.856305
0.159302 0.243164 -1.653076 0.309729 0.472782 -3.214062
0.005859 0.257324 -1.260864 0.011392 0.500313 -2.451488
-0.151978 0.275879 -0.928955 -0.295489 0.536389 -1.806160
-0.193604 0.259766 -0.704590 -0.376422 0.505060 -1.369928
-0.036133 0.266113 -0.596802 -0.070253 0.517402 -1.160357
0.198120 0.184814 -0.406006 0.385203 0.359333 -0.789394
0.272339 0.038696 -0.242188 0.529506 0.075237 -0.470883
0.261597 0.056641 0.031494 0.508620 0.110126 0.061234
0.328369 0.044434 0.392700 0.638445 0.086392 0.763524
0.455688 -0.031982 0.614868 0.885991 -0.062183 1.195483
0.619141 -0.135498 0.695068 1.203790 -0.263448 1.351416
0.795532 -0.176636 0.772217 1.546747 -0.343431 1.501415
0.919067 -0.059204 0.878662 1.786935 -0.115110 1.708375
0.951416 0.158081 1.003662 1.849830 0.307356 1.951412
0.864502 0.194580 1.136963 1.680844 0.378320 2.210588
0.647705 0.134521 1.116699 1.259328 0.261549 2.171189
0.465454 0.010986 1.033936 0.904979 0.021361 2.010272
0.392212 -0.084595 0.830933 0.762574 -0.164477 1.615575
0.336792 -0.214844 0.549194 0.654822 -0.417719 1.067794
0.267456 -0.148804 0.308228 0.520013 -0.289318 0.599284
0.246948 -0.113525 0.090088 0.480139 -0.220726 0.175157
0.269165 -0.149780 -0.085571 0.523335 -0.291217 -0.166376
0.210327 -0.030151 -0.157959 0.408937 -0.058623 -0.307118
0.179810 0.096802 -0.153564 0.349602 0.188211 -0.298574
0.240967 0.111816 -0.112671 0.468510 0.217404 -0.219065
0.220947 0.039307 -0.092407 0.429586 0.076424 -0.179667
0.164673 -0.011353 -0.041870 0.320172 -0.022073 -0.081408
0.097900 -0.030029 -0.038818 0.190347 -0.058386 -0.075474
0.016113 0.025024 -0.090332 0.031329 0.048655 -0.175632
-0.036377 0.121948 -0.164795 -0.070727 0.237103 -0.320409
-0.077759 0.077515 -0.258057 -0.151186 0.150711 -0.501737
-0.055908 0.076172 -0.240479 -0.108702 0.148100 -0.467560
-0.006836 0.097900 -0.121460 -0.013291 0.190347 -0.236154
0.023315 0.130493 -0.081787 0.045332 0.253717 -0.159018
0.003418 0.098633 -0.095337 0.006646 0.191771 -0.185363
-0.033691 0.015015 -0.148315 -0.065506 0.029193 -0.288368
-0.023315 0.000366 -0.185913 -0.045332 0.000712 -0.361469
0.009033 0.014893 -0.164429 0.017563 0.028956 -0.319697
0.010742 0.033447 -0.138062 0.020886 0.065031 -0.268432
0.006958 0.035645 -0.108643 0.013528 0.069303 -0.211233
0.012695 0.014404 -0.095947 0.024683 0.028006 -0.186549
0.036499 -0.017944 -0.166992 0.070965 -0.034889 -0.324682
0.026245 -0.032959 -0.160522 0.051028 -0.064082 -0.312102
-0.019287 -0.000732 -0.140991 -0.037500 -0.001424 -0.274128
-0.003296 -0.000488 -0.140625 -0.006408 -0.000949 -0.273416
-0.021362 0.078003 -0.095215 -0.041535 0.151660 -0.185125
-0.011841 0.065430 -0.067993 -0.023022 0.127214 -0.132199
-0.020386 0.015869 -0.085815 -0.039636 0.030854 -0.166850
-0.012573 -0.004639 -0.092285 -0.024446 -0.009019 -0.179429
-0.022583 0.033569 -0.106323 -0.043908 0.065269 -0.206723
-0.012329 0.046997 -0.123901 -0.023971 0.091376 -0.240900
