-0.014648 -0.006348 -0.348267 -0.028481 -0.012342 -0.677132
-0.293457 -0.087158 -0.316650 -0.570566 -0.169461 -0.615661
-0.531250 0.069580 -0.469971 -1.032905 0.135284 -0.913760
-0.454468 0.135132 -0.561401 -0.883618 0.262736 -1.091528
-0.087524 0.018188 -0.389404 -0.170173 0.035364 -0.757115
0.033569 -0.080566 -0.182129 0.065269 -0.156645 -0.354112
0.146118 0.071167 -0.035156 0.284096 0.138369 -0.068354
0.115967 -0.171143 -0.014160 0.225473 -0.332751 -0.027531
-0.040527 -0.513062 -0.053345 -0.078797 -0.997541 -0.103718
-0.219849 -0.630371 -0.111816 -0.427450 -1.225625 -0.217404
-0.390137 -0.736572 0.085938 -0.758540 -1.432111 0.167088
-0.575317 -1.028320 0.321533 -1.118585 -1.999355 0.625154
-0.901123 -0.970093 0.726685 -1.752046 -1.886143 1.412887
-1.116211 -0.740723 0.944336 -2.170239 -1.440181 1.836064
-0.839844 -0.244873 1.081909 -1.632901 -0.476105 2.103547
-0.407959 0.136475 1.118774 -0.793191 0.265346 2.175224
-0.168091 0.111450 0.709961 -0.326818 0.216692 1.380371
-0.434937 -0.002808 0.218628 -0.845643 -0.005459 0.425076
-0.776001 0.282593 -0.384644 -1.508772 0.549443 -0.747859
-0.762695 0.691650 -0.475586 -1.482902 1.344770 -0.924678
-0.584595 1.038574 -0.409546 -1.136623 2.019291 -0.796277
-0.627319 0.893677 -0.600708 -1.219692 1.737568 -1.167952
-0.702148 0.717163 -1.088989 -1.365181 1.394374 -2.117313
-0.363403 0.516724 -1.592529 -0.706562 1.004661 -3.096341
0.055176 0.369995 -1.784180 0.107278 0.719378 -3.468966
0.138184 0.266479 -1.793457 0.268669 0.518114 -3.487004
0.221191 0.246826 -1.680542 0.430061 0.479902 -3.267464
0.283569 0.399658 -1.349731 0.551341 0.777052 -2.624272
0.236328 0.320190 -0.758057 0.459491 0.622544 -1.473883
0.145020 0.369019 -0.378906 0.281960 0.717480 -0.736704
0.102661 0.352173 -0.266479 0.199603 0.684727 -0.518114
0.254395 0.207031 -0.212646 0.494617 0.402529 -0.413447
0.487305 0.033936 -0.063477 0.947462 0.065981 -0.123417
0.660156 -0.038330 0.234009 1.283536 -0.074525 0.454981
0.801147 0.075317 0.627075 1.557664 0.146439 1.219217
0.912964 -0.029785 1.000732 1.775068 -0.057911 1.945716
0.845093 -0.304565 1.095825 1.643107 -0.592164 2.130604
0.701660 -0.439819 0.915283 1.364232 -0.855137 1.779577
0.654541 -0.401978 0.621826 1.272619 -0.781562 1.209011
0.606689 -0.357422 0.351196 1.179581 -0.694932 0.682828
0.465210 -0.295166 0.199097 0.904504 -0.573889 0.387102
0.318481 -0.135742 0.083740 0.619221 -0.263922 0.162815
0.170166 -0.060791 0.077148 0.330852 -0.118195 0.149999
-0.001587 -0.095459 0.163330 -0.003085 -0.185600 0.317561
-0.026001 0.013550 0.210083 -0.050553 0.026345 0.408463
-0.028564 -0.022461 0.108398 -0.055538 -0.043671 0.210758
0.018311 -0.080444 -0.010864 0.035601 -0.156407 -0.021123
0.043945 -0.167480 -0.074341 0.085443 -0.325631 -0.144540
0.074951 -0.049927 -0.040405 0.145727 -0.097072 -0.078560
0.064453 0.041382 -0.004028 0.125316 0.080458 -0.007832
0.042847 0.046265 -0.046631 0.083306 0.089952 -0.090664
0.060181 -0.016724 -0.094727 0.117009 -0.032516 -0.184176
0.068237 -0.009399 -0.121582 0.132673 -0.018275 -0.236391
0.037720 0.096436 -0.078735 0.073338 0.187499 -0.153084
-0.006226 0.078735 -0.052368 -0.012104 0.153084 -0.101819
-0.029297 0.036255 -0.081055 -0.056962 0.070490 -0.157594
-0.040527 0.033569 -0.097656 -0.078797 0.065269 -0.189872
-0.053589 0.041870 -0.095093 -0.104192 0.081408 -0.184888
-0.075195 0.037476 -0.127563 -0.146202 0.072863 -0.248021
-0.088501 0.056030 -0.143677 -0.172072 0.108939 -0.279350
-0.069214 0.067139 -0.133423 -0.134572 0.130537 -0.259413
-0.057861 0.034424 -0.136475 -0.112499 0.066930 -0.265346
-0.035522 0.004028 -0.138184 -0.069066 0.007832 -0.268669
-0.014893 0.017822 -0.134277 -0.028956 0.034652 -0.261074
-0.009521 0.040161 -0.141357 -0.018513 0.078085 -0.274840
-0.017334 0.043579 -0.148560 -0.033702 0.084730 -0.288843
-0.011353 0.069092 -0.148071 -0.022073 0.134335 -0.287894
0.000610 0.058472 -0.140991 0.001187 0.113686 -0.274128
-0.000244 0.041992 -0.141846 -0.000475 0.081645 -0.275789
-0.018799 0.028809 -0.141357 -0.036550 0.056012 -0.274840
-0.023682 0.038940 -0.137329 -0.046044 0.075712 -0.267008
-0.000488 0.119873 -0.130737 -0.000949 0.233068 -0.254191
0.009277 0.129272 -0.156982 0.018038 0.251343 -0.305220
-0.011108 0.041016 -0.170288 -0.021598 0.079746 -0.331090
0.012939 0.024536 -0.136108 0.025158 0.047705 -0.264634
0.005615 0.016235 -0.083618 0.010918 0.031566 -0.162578
-0.029053 -0.011108 -0.098755 -0.056487 -0.021598 -0.192008
-0.036743 -0.032959 -0.146729 -0.071439 -0.064082 -0.285283
-0.006836 -0.011841 -0.128784 -0.013291 -0.023022 -0.250394
0.020264 0.014404 -0.078613 0.039398 0.028006 -0.152847
