-0.087769 0.037720 0.013428 -0.170648 0.073338 0.026107
-0.209351 0.150024 0.118774 -0.407039 0.291691 0.230932
-0.431396 0.140747 0.079956 -0.838761 0.273653 0.155458
-0.520264 0.029297 0.138550 -1.011544 0.056962 0.269381
-0.487793 0.092773 0.295898 -0.948412 0.180379 0.575313
-0.436279 0.404297 0.495239 -0.848254 0.786071 0.962890
-0.335938 -0.071411 0.675537 -0.653160 -0.138844 1.313441
-0.134399 0.272827 0.815308 -0.261312 0.530456 1.585196
-0.110352 0.240845 0.741699 -0.214556 0.468272 1.442080
-0.208496 -0.355591 0.420044 -0.405377 -0.691372 0.816688
-0.297241 -0.865234 0.240723 -0.577924 -1.682268 0.468035
-0.563477 -0.713867 0.598755 -1.095563 -1.387966 1.164154
-0.730957 -0.487427 1.215576 -1.421194 -0.947700 2.363435
-0.769287 -0.313721 1.495361 -1.495718 -0.609965 2.907418
-0.692383 -0.288940 1.422119 -1.346194 -0.561784 2.765014
-0.586182 -0.349487 1.007568 -1.139708 -0.679505 1.959007
-0.490601 -0.346680 0.470581 -0.953871 -0.674046 0.914947
-0.385986 -0.379272 0.053711 -0.750470 -0.737416 0.104430
-0.297363 -0.300415 -0.072388 -0.578161 -0.584094 -0.140743
-0.318237 -0.210449 -0.086548 -0.618746 -0.409175 -0.168274
-0.435547 -0.384277 -0.208374 -0.846830 -0.747147 -0.405140
-0.605469 -0.569946 -0.487183 -1.177208 -1.108142 -0.947225
-0.589355 -0.084839 -0.904541 -1.145879 -0.164952 -1.758692
-0.384888 0.354248 -0.984009 -0.748334 0.688762 -1.913200
-0.280518 -0.156372 -0.838623 -0.545408 -0.304033 -1.630528
-0.417603 -0.674561 -1.106079 -0.811941 -1.311542 -2.150540
-0.707520 -0.058105 -1.590332 -1.375624 -0.112974 -3.092069
-0.793335 0.596436 -1.475708 -1.542475 1.159645 -2.869207
-0.723511 0.605835 -0.806885 -1.406716 1.177920 -1.568819
-0.747925 0.221558 -0.285522 -1.454184 0.430773 -0.555139
-0.820190 0.090210 -0.290527 -1.594689 0.175394 -0.564870
-0.629517 0.269653 -0.442383 -1.223964 0.524285 -0.860121
-0.203857 0.170898 -0.273926 -0.396358 0.332276 -0.532592
0.184204 -0.106201 -0.055786 0.358146 -0.206486 -0.108465
0.496216 0.001343 0.060181 0.964788 0.002611 0.117009
0.919556 0.562134 0.190674 1.787884 1.092952 0.370726
1.425293 1.112061 0.464966 2.771185 2.162170 0.904029
1.560547 1.188232 0.617188 3.034158 2.310270 1.199993
1.460815 0.959839 0.532104 2.840251 1.866207 1.034566
1.186035 0.792236 0.276245 2.305998 1.540338 0.537101
0.765137 0.687744 0.209473 1.487649 1.337175 0.407276
0.435059 0.442261 0.322388 0.845881 0.859884 0.626816
0.241943 0.178955 0.282959 0.470408 0.347941 0.550155
0.098633 -0.030273 0.077759 0.191771 -0.058860 0.151186
0.093262 -0.042725 -0.125122 0.181328 -0.083069 -0.243274
0.179443 0.190308 -0.088257 0.348890 0.370014 -0.171597
0.101929 0.315674 0.022705 0.198179 0.613762 0.044145
-0.013428 0.333862 0.044312 -0.026107 0.649126 0.086155
-0.036255 0.491699 0.052124 -0.070490 0.956007 0.101344
-0.087646 0.307739 0.006592 -0.170410 0.598335 0.012816
-0.114136 -0.055542 -0.053223 -0.221913 -0.107990 -0.103480
-0.032715 -0.080200 -0.031982 -0.063607 -0.155933 -0.062183
0.027222 0.092407 -0.071045 0.052927 0.179667 -0.138132
0.050903 0.127075 -0.113647 0.098971 0.247071 -0.220964
0.094482 0.033081 -0.171265 0.183701 0.064319 -0.332988
0.086914 0.048584 -0.219604 0.168986 0.094461 -0.426975
0.041138 0.117676 -0.163086 0.079984 0.228796 -0.317087
-0.013428 0.134033 -0.115479 -0.026107 0.260600 -0.224524
-0.053589 0.102173 -0.093872 -0.104192 0.198654 -0.182515
-0.054932 0.033081 -0.117554 -0.106803 0.064319 -0.228559
-0.036499 -0.012573 -0.138916 -0.070965 -0.024446 -0.270093
-0.040527 0.014282 -0.121826 -0.078797 0.027769 -0.236866
-0.063354 0.049561 -0.051880 -0.123180 0.096360 -0.100870
-0.098511 0.020996 -0.083862 -0.191534 0.040823 -0.163053
-0.109253 -0.078613 -0.202515 -0.212420 -0.152847 -0.393748
-0.076050 -0.062500 -0.245850 -0.147863 -0.121518 -0.478003
-0.031250 0.061890 -0.161011 -0.060759 0.120332 -0.313052
-0.010376 0.057983 -0.095825 -0.020174 0.112737 -0.186312
0.019653 0.015381 -0.101929 0.038212 0.029905 -0.198179
0.017212 0.080933 -0.126221 0.033465 0.157357 -0.245410
-0.001587 0.163208 -0.102661 -0.003085 0.317324 -0.199603
0.009521 0.067627 -0.092773 0.018513 0.131487 -0.180379
0.023682 -0.073486 -0.128418 0.046044 -0.142879 -0.249682
0.004761 -0.151123 -0.153564 0.009256 -0.293827 -0.298574
-0.018799 -0.100342 -0.141724 -0.036550 -0.195094 -0.275552
-0.054443 -0.029419 -0.124390 -0.105854 -0.057199 -0.241850
-0.089722 -0.045288 -0.131958 -0.174445 -0.088053 -0.256565
-0.114380 -0.092896 -0.182007 -0.222388 -0.180616 -0.353874
-0.121582 -0.110596 -0.210327 -0.236391 -0.215030 -0.408937
-0.121216 -0.088623 -0.182617 -0.235679 -0.172309 -0.355061
