0.317993 -0.408813 -0.468750 0.618271 -0.794853 -0.911387
0.295898 -0.219116 -0.432739 0.575313 -0.426026 -0.841371
0.230469 0.083862 -0.335449 0.448098 0.163053 -0.652211
0.141113 0.140991 -0.176880 0.274365 0.274128 -0.343906
-0.022217 0.137695 -0.203125 -0.043196 0.267720 -0.394934
-0.199341 0.312500 -0.158569 -0.387577 0.607591 -0.308305
-0.260376 0.462891 0.004150 -0.506247 0.899994 0.008070
-0.312744 0.238403 0.172729 -0.608066 0.463526 0.335836
-0.387939 -0.039185 0.345215 -0.754267 -0.076186 0.671198
-0.578735 -0.212280 0.631592 -1.125230 -0.412735 1.227999
-0.780640 -0.291870 0.912964 -1.517791 -0.567481 1.775068
-0.948853 -0.459229 1.071655 -1.844846 -0.892874 2.083610
-1.108765 -0.512207 1.079102 -2.155762 -0.995880 2.098088
-0.835083 -0.393677 1.092041 -1.623645 -0.765422 2.123246
-0.259644 -0.401611 0.873169 -0.504823 -0.780850 1.697695
-0.066406 -0.481812 0.538818 -0.129113 -0.936782 1.047620
-0.113281 -0.347900 0.343140 -0.220252 -0.676420 0.667164
-0.075562 -0.228516 0.171631 -0.146914 -0.444301 0.333700
-0.139038 -0.335083 -0.056885 -0.270331 -0.651499 -0.110601
-0.253784 -0.409302 -0.385010 -0.493430 -0.795802 -0.748571
-0.393066 -0.386841 -0.766235 -0.764236 -0.752131 -1.489785
-0.543335 -0.215820 -1.012451 -1.056402 -0.419618 -1.968500
-0.750854 0.060181 -1.183350 -1.459880 0.117009 -2.300777
-0.908325 -0.058716 -1.256592 -1.766049 -0.114161 -2.443181
-0.690552 -0.162476 -1.401245 -1.342634 -0.315900 -2.724429
-0.416504 -0.095947 -1.323364 -0.809805 -0.186549 -2.573006
-0.278809 -0.040405 -1.089966 -0.542085 -0.078560 -2.119211
-0.342773 0.032471 -0.916870 -0.666452 0.063133 -1.782663
-0.343628 0.108643 -0.853027 -0.668113 0.211233 -1.658534
-0.323486 0.312622 -0.649780 -0.628952 0.607828 -1.263362
-0.288574 0.492188 -0.363770 -0.561072 0.956956 -0.707274
-0.005249 0.588989 -0.073730 -0.010206 1.145167 -0.143354
0.336304 0.590942 0.155029 0.653872 1.148964 0.301422
0.589111 0.509888 0.275757 1.145404 0.991370 0.536152
0.817993 0.465454 0.276245 1.590417 0.904979 0.537101
0.873657 0.506226 0.407104 1.698644 0.984250 0.791530
0.745483 0.487427 0.539917 1.449437 0.947700 1.049756
0.578125 0.378174 0.457153 1.124044 0.735280 0.888839
0.453613 0.283081 0.233643 0.881957 0.550392 0.454269
0.459106 0.226196 0.167847 0.892637 0.439792 0.326343
0.492554 0.114136 0.203369 0.957668 0.221913 0.395409
0.324219 0.001465 0.094604 0.630376 0.002848 0.183939
0.219727 -0.077515 -0.022583 0.427213 -0.150711 -0.043908
0.215942 -0.024658 -0.107788 0.419855 -0.047943 -0.209571
0.095215 0.132568 -0.170166 0.185125 0.257752 -0.330852
-0.069580 0.232544 -0.091064 -0.135284 0.452133 -0.177056
0.000854 0.109619 -0.113403 0.001661 0.213132 -0.220489
0.014648 0.055908 -0.186768 0.028481 0.108702 -0.363131
-0.100464 0.129761 -0.179932 -0.195331 0.252293 -0.349840
-0.118652 0.130615 -0.191162 -0.230695 0.253954 -0.371675
-0.028931 0.085327 -0.128540 -0.056250 0.165901 -0.249919
-0.037476 0.109741 -0.068115 -0.072863 0.213369 -0.132436
-0.049683 0.122070 -0.091553 -0.096597 0.237340 -0.178005
-0.029297 0.090820 -0.123291 -0.056962 0.176581 -0.239714
-0.010864 0.066772 -0.148071 -0.021123 0.129825 -0.287894
0.070679 0.032959 -0.144409 0.137420 0.064082 -0.280774
0.084717 0.011230 -0.096313 0.164714 0.021835 -0.187261
0.075562 0.027466 -0.057251 0.146914 0.053402 -0.111313
0.092896 0.097656 -0.025391 0.180616 0.189872 -0.049367
0.052612 0.158813 -0.072266 0.102294 0.308780 -0.140505
0.065796 0.169434 -0.103149 0.127926 0.329428 -0.200553
0.128906 0.083984 -0.113770 0.250631 0.163290 -0.221201
0.119629 0.098389 -0.109009 0.232593 0.191296 -0.211945
0.038208 0.205566 -0.043091 0.074288 0.399681 -0.083781
0.051636 0.336548 0.002686 0.100395 0.654347 0.005221
0.058228 0.474854 -0.023315 0.113211 0.923254 -0.045332
-0.014648 0.570801 -0.061279 -0.028481 1.109803 -0.119145
-0.027344 0.481934 0.013062 -0.053164 0.937019 0.025395
0.021240 0.333496 0.029419 0.041297 0.648414 0.057199
-0.024414 0.185181 -0.058228 -0.047468 0.360045 -0.113211
-0.069458 0.015503 -0.208618 -0.135047 0.030142 -0.405615
-0.079102 -0.013184 -0.252686 -0.153797 -0.025633 -0.491294
-0.047974 0.057861 -0.192871 -0.093275 0.112499 -0.374998
0.014893 0.152344 -0.085571 0.028956 0.296201 -0.166376
0.024414 0.224487 -0.035645 0.047468 0.436469 -0.069303
-0.004639 0.220581 -0.017334 -0.009019 0.428874 -0.033702
-0.041016 0.107300 -0.028442 -0.079746 0.208622 -0.055300
-0.069092 0.082153 0.045532 -0.134335 0.159730 0.088528
-0.088013 0.152100 0.158813 -0.171122 0.295726 0.308780
-0.051758 0.265137 0.129028 -0.100632 0.515503 0.250869
