0.031860 -0.103882 -0.892944 0.061946 -0.201977 -1.736144
-0.131470 -0.030762 -0.790283 -0.255615 -0.059810 -1.536541
-0.343018 -0.047363 -0.634155 -0.666926 -0.092088 -1.232983
-0.327637 0.015625 -0.349854 -0.637021 0.030380 -0.680217
-0.165283 0.228394 -0.087280 -0.321359 0.444064 -0.169698
-0.128662 0.176270 0.145874 -0.250157 0.342719 0.283622
-0.111450 0.198120 0.558350 -0.216692 0.385203 1.085594
-0.115601 0.332397 0.729492 -0.224761 0.646278 1.418346
-0.223755 -0.404297 0.395020 -0.435045 -0.786071 0.768033
-0.205933 -0.324341 0.425537 -0.400393 -0.630613 0.827368
-0.302734 -0.646240 0.274902 -0.588604 -1.256480 0.534490
-0.526001 -0.851074 0.373901 -1.022699 -1.654737 0.726973
-0.698242 -0.714111 0.577515 -1.357586 -1.388441 1.122857
-0.707397 -0.551025 0.971069 -1.375387 -1.071354 1.888042
-0.654785 -0.461182 1.342407 -1.273093 -0.896672 2.610031
-0.543945 -0.387207 1.152344 -1.057588 -0.752843 2.240492
-0.516479 -0.101318 0.722412 -1.004187 -0.196992 1.404580
-0.535400 0.097168 0.317871 -1.040974 0.188923 0.618034
-0.487305 0.109497 -0.084229 -0.947462 0.212894 -0.163765
-0.316650 0.059448 -0.519409 -0.615661 0.115585 -1.009883
-0.203857 -0.109375 -0.895630 -0.396358 -0.212657 -1.741366
-0.226074 -0.183838 -1.274292 -0.439554 -0.357434 -2.477595
-0.315674 -0.029053 -1.615234 -0.613762 -0.056487 -3.140487
-0.384277 0.071289 -1.825073 -0.747147 0.138607 -3.548475
-0.567505 0.126465 -1.832397 -1.103395 0.245885 -3.562715
-0.630249 0.011719 -1.500488 -1.225388 0.022785 -2.917387
-0.338989 0.121460 -1.081787 -0.659094 0.236154 -2.103310
-0.043335 0.305054 -0.738403 -0.084256 0.593113 -1.435671
0.196533 0.445557 -0.343384 0.382118 0.866292 -0.667638
0.449463 0.419556 0.030273 0.873887 0.815739 0.058860
0.668213 0.259277 0.177124 1.299201 0.504111 0.344381
0.855103 0.122070 0.276733 1.662569 0.237340 0.538050
1.063721 0.060059 0.321045 2.068183 0.116771 0.624205
1.243530 0.063477 0.474121 2.417785 0.123417 0.921830
1.339355 0.011108 0.728394 2.604098 0.021598 1.416209
1.231812 0.011108 0.729248 2.395001 0.021598 1.417871
1.133667 -0.019897 0.487427 2.204179 -0.038686 0.947700
0.938232 0.013672 0.280518 1.824197 0.026582 0.545408
0.408569 0.264038 0.150391 0.794378 0.513367 0.292403
-0.159424 0.269287 0.091309 -0.309966 0.523573 0.177531
-0.365479 0.212280 0.041870 -0.710597 0.412735 0.081408
-0.327515 0.137207 0.014771 -0.636784 0.266770 0.028718
-0.197998 0.010498 -0.013306 -0.384966 0.020411 -0.025870
-0.020142 -0.009888 -0.143677 -0.039161 -0.019225 -0.279350
0.020874 -0.014893 -0.217285 0.040585 -0.028956 -0.422466
0.023315 -0.034790 -0.143311 0.045332 -0.067642 -0.278637
0.048828 0.028931 -0.071045 0.094936 0.056250 -0.138132
0.034302 0.072021 -0.136230 0.066693 0.140031 -0.264872
0.036011 0.048706 -0.179565 0.070015 0.094699 -0.349128
0.030029 0.098511 -0.192139 0.058386 0.191534 -0.373574
0.017212 0.088379 -0.205566 0.033465 0.171834 -0.399681
0.021362 0.077759 -0.197266 0.041535 0.151186 -0.383542
0.015625 0.115356 -0.192261 0.030380 0.224287 -0.373811
-0.010010 0.057251 -0.213135 -0.019462 0.111313 -0.414396
-0.047485 0.027344 -0.209595 -0.092325 0.053164 -0.407513
-0.069336 0.042725 -0.162231 -0.134809 0.083069 -0.315425
-0.042725 0.059570 -0.110229 -0.083069 0.115822 -0.214318
0.015015 0.020142 -0.136963 0.029193 0.039161 -0.266296
-0.001709 0.031250 -0.235840 -0.003323 0.060759 -0.458541
-0.002319 0.102417 -0.211304 -0.004509 0.199128 -0.410836
0.060791 0.121582 -0.128052 0.118195 0.236391 -0.248970
0.124268 0.107544 -0.096680 0.241612 0.209097 -0.187973
0.154541 0.117310 -0.079224 0.300473 0.228084 -0.154034
0.154663 0.141357 -0.108398 0.300710 0.274840 -0.210758
0.155518 0.191528 -0.118774 0.302372 0.372387 -0.230932
0.142090 0.211304 -0.191895 0.276264 0.410836 -0.373099
0.101074 0.235229 -0.241089 0.196518 0.457355 -0.468747
0.103516 0.265259 -0.220093 0.201265 0.515740 -0.427925
0.114990 0.255005 -0.198730 0.223575 0.495804 -0.386390
0.100830 0.262573 -0.181274 0.196043 0.510519 -0.352450
0.051514 0.199585 -0.157837 0.100158 0.388051 -0.306881
0.008179 0.062378 -0.155518 0.015902 0.121281 -0.302372
-0.039429 -0.068726 -0.242432 -0.076661 -0.133623 -0.471358
-0.052734 -0.080566 -0.269043 -0.102531 -0.156645 -0.523098
-0.069946 0.015259 -0.225830 -0.135996 0.029668 -0.439080
-0.106812 0.074219 -0.088013 -0.207673 0.144303 -0.171122
-0.078247 0.158569 -0.036011 -0.152135 0.308305 -0.070015
-0.056519 0.271362 -0.119629 -0.109889 0.527607 -0.232593
-0.103149 0.146484 -0.190308 -0.200553 0.284808 -0.370014
-0.114624 -0.016113 -0.270752 -0.222863 -0.031329 -0.526421
