0.037109 -0.071167 -0.306885 0.072151 -0.138369 -0.596673
0.125244 -0.124634 -0.243774 0.243511 -0.242324 -0.473969
0.056030 0.000488 -0.312622 0.108939 0.000949 -0.607828
-0.005615 -0.068848 -0.213989 -0.010918 -0.133860 -0.416058
0.039673 -0.293457 -0.095947 0.077136 -0.570566 -0.186549
0.057251 -0.813477 -0.177002 0.111313 -1.581636 -0.344143
-0.077637 -1.015259 -0.225220 -0.150948 -1.973959 -0.437893
-0.332642 -0.972046 -0.036133 -0.646752 -1.889941 -0.070253
-0.618774 -0.112793 0.591431 -1.203078 -0.219302 1.149914
-0.774170 0.897461 1.401367 -1.505212 1.744926 2.724666
-0.828369 0.266602 1.661133 -1.610591 0.518351 3.229727
-0.899170 0.019409 1.724121 -1.748249 0.037737 3.352194
-0.875366 0.043457 1.739258 -1.701967 0.084493 3.381624
-0.595459 0.093750 1.149902 -1.157746 0.182277 2.235745
-0.231689 -0.109009 0.523560 -0.450472 -0.211945 1.017952
-0.103394 -0.239258 0.371094 -0.201027 -0.465187 0.721514
-0.018433 -0.060059 0.276978 -0.035838 -0.116771 0.538525
0.122070 0.068115 -0.039429 0.237340 0.132436 -0.076661
0.196411 0.148560 -0.529053 0.381881 0.288843 -1.028633
0.217041 0.130493 -0.827881 0.421991 0.253717 -1.609642
0.104126 0.020142 -0.925293 0.202451 0.039161 -1.799039
-0.127930 0.016724 -1.055420 -0.248733 0.032516 -2.052044
-0.280762 0.184326 -1.265625 -0.545883 0.358384 -2.460744
-0.354004 0.350098 -1.523926 -0.688287 0.680692 -2.962956
-0.383789 0.373413 -1.734619 -0.746198 0.726024 -3.372606
-0.403931 0.413330 -1.931763 -0.785359 0.803634 -3.755910
-0.418213 0.506836 -2.052734 -0.813128 0.985437 -3.991114
-0.481812 0.511230 -1.908691 -0.936782 0.993981 -3.711053
-0.281006 0.608521 -1.465210 -0.546357 1.183141 -2.848795
-0.002686 0.302979 -0.887939 -0.005221 0.589079 -1.726413
0.227417 0.025757 -0.243652 0.442165 0.050079 -0.473731
0.283691 -0.087891 0.069702 0.551579 -0.170885 0.135521
0.264771 -0.074829 0.119873 0.514791 -0.145490 0.233068
0.304321 -0.167114 0.303589 0.591689 -0.324919 0.590265
0.422729 -0.212769 0.460083 0.821909 -0.413684 0.894536
0.514526 -0.153931 0.534668 1.000389 -0.299286 1.039550
0.567871 -0.186768 0.572998 1.104107 -0.363131 1.114075
0.593750 -0.322266 0.554810 1.154423 -0.626578 1.078712
0.628662 -0.388672 0.561035 1.222302 -0.755691 1.090816
0.578003 -0.285278 0.528320 1.123806 -0.554664 1.027209
0.470459 -0.231567 0.502197 0.914709 -0.450235 0.976418
0.367432 -0.181885 0.391968 0.714394 -0.353637 0.762100
0.203857 -0.071655 0.292603 0.396358 -0.139319 0.568905
0.071167 -0.001221 0.194458 0.138369 -0.002373 0.378083
0.034302 0.014038 0.057739 0.066693 0.027294 0.112262
0.016479 0.014038 -0.064819 0.032041 0.027294 -0.126028
-0.030029 0.044312 -0.072998 -0.058386 0.086155 -0.141929
-0.068848 0.026123 -0.041504 -0.133860 0.050791 -0.080696
-0.072754 -0.013916 -0.054565 -0.141455 -0.027057 -0.106091
-0.060425 0.007446 -0.116943 -0.117483 0.014478 -0.227372
-0.072388 0.014404 -0.123901 -0.140743 0.028006 -0.240900
-0.053955 -0.007080 -0.080811 -0.104904 -0.013766 -0.157119
-0.011719 0.035278 -0.048950 -0.022785 0.068591 -0.095173
0.033813 -0.025146 -0.078125 0.065743 -0.048892 -0.151898
0.005249 -0.038452 -0.180786 0.010206 -0.074762 -0.351501
0.000854 -0.009155 -0.189209 0.001661 -0.017801 -0.367877
-0.016479 0.009766 -0.157227 -0.032041 0.018987 -0.305694
-0.045044 0.015503 -0.145996 -0.087579 0.030142 -0.283859
-0.037720 -0.018066 -0.136353 -0.073338 -0.035126 -0.265109
-0.031738 -0.056885 -0.126221 -0.061708 -0.110601 -0.245410
-0.028198 -0.085327 -0.147583 -0.054826 -0.165901 -0.286944
0.003418 -0.059326 -0.160889 0.006646 -0.115347 -0.312815
0.011230 -0.004517 -0.173218 0.021835 -0.008782 -0.336786
0.033691 0.044556 -0.189087 0.065506 0.086629 -0.367640
0.058716 0.008423 -0.191284 0.114161 0.016376 -0.371912
0.035156 -0.005005 -0.189331 0.068354 -0.009731 -0.368115
-0.000732 0.045776 -0.191040 -0.001424 0.089003 -0.371438
0.000854 0.048950 -0.195068 0.001661 0.095173 -0.379270
0.012085 0.025146 -0.194092 0.023497 0.048892 -0.377371
0.003662 0.015747 -0.175415 0.007120 0.030617 -0.341058
-0.015991 -0.025024 -0.171753 -0.031092 -0.048655 -0.333938
-0.037109 -0.004028 -0.153076 -0.072151 -0.007832 -0.297625
-0.053467 0.031616 -0.145142 -0.103955 0.061471 -0.282198
-0.032837 0.025146 -0.161133 -0.063845 0.048892 -0.313289
-0.026611 0.031982 -0.170532 -0.051740 0.062183 -0.331564
-0.021851 0.038086 -0.159668 -0.042484 0.074050 -0.310441
0.001831 0.062622 -0.130737 0.003560 0.121756 -0.254191
-0.009277 0.054688 -0.144653 -0.018038 0.106328 -0.281248
-0.004395 0.020020 -0.126343 -0.008544 0.038924 -0.245647
-0.014771 0.025391 -0.114746 -0.028718 0.049367 -0.223100
