0.004028 -0.120361 -0.172852 0.007832 -0.234018 -0.336074
0.082153 0.005371 -0.300903 0.159730 0.010443 -0.585044
-0.055176 -0.189331 -0.423096 -0.107278 -0.368115 -0.822621
-0.059814 -0.034546 -0.222290 -0.116297 -0.067167 -0.432197
-0.033813 -0.033691 -0.104248 -0.065743 -0.065506 -0.202689
-0.045410 -0.073975 -0.103149 -0.088291 -0.143828 -0.200553
0.002441 -0.364380 -0.119141 0.004747 -0.708461 -0.231644
-0.003662 -0.051147 -0.137451 -0.007120 -0.099446 -0.267245
-0.269043 0.183594 0.039917 -0.523098 0.356960 0.077610
-0.299194 0.306030 0.452759 -0.581721 0.595012 0.880295
-0.484497 0.208008 0.596680 -0.942004 0.404428 1.160119
-0.828979 0.055054 0.583008 -1.611778 0.107040 1.133537
-0.950928 0.092163 0.703857 -1.848881 0.179192 1.368504
-0.965942 -0.076904 0.936768 -1.878074 -0.149524 1.821349
-1.074341 -0.421021 1.116699 -2.088832 -0.818587 2.171189
-1.138672 -0.453125 0.981445 -2.213910 -0.881007 1.908216
-0.736084 0.243042 0.252808 -1.431162 0.472545 0.491532
-0.409424 0.561768 -0.293091 -0.796039 1.092240 -0.569854
-0.269897 0.576782 -0.514893 -0.524759 1.121433 -1.001101
-0.207642 0.471313 -0.802979 -0.403716 0.916371 -1.561224
-0.154907 0.345337 -1.081909 -0.301185 0.671436 -2.103547
-0.133911 0.372070 -1.429077 -0.260362 0.723413 -2.778543
-0.005615 0.409668 -1.838013 -0.010918 0.796514 -3.573633
-0.045410 0.388306 -2.077393 -0.088291 0.754979 -4.039057
-0.048096 0.376709 -2.086548 -0.093512 0.732432 -4.056858
0.093872 0.340210 -1.790283 0.182515 0.661467 -3.480833
0.052734 0.326416 -1.404785 0.102531 0.634648 -2.731312
-0.027832 0.238525 -0.849731 -0.054114 0.463763 -1.652126
-0.016968 0.080322 -0.530518 -0.032990 0.156170 -1.031481
-0.002075 -0.000122 -0.378052 -0.004035 -0.000237 -0.735043
0.070679 -0.022949 -0.077881 0.137420 -0.044620 -0.151423
0.160889 -0.066650 0.187256 0.312815 -0.129588 0.364080
0.236694 -0.166138 0.327759 0.460203 -0.323020 0.637259
0.397095 -0.193115 0.471558 0.772068 -0.375472 0.916846
0.547363 -0.277588 0.642822 1.064234 -0.539712 1.249834
0.650269 -0.572754 0.859619 1.264312 -1.113601 1.671350
0.787964 -0.501465 1.268311 1.532032 -0.974994 2.465966
0.861816 -0.300903 1.329590 1.675622 -0.585044 2.585110
0.786011 -0.246582 0.816650 1.528234 -0.479427 1.587806
0.606934 -0.257568 0.458618 1.180056 -0.500788 0.891687
0.552246 -0.164673 0.278809 1.073727 -0.320172 0.542085
0.408691 -0.009521 0.134766 0.794615 -0.018513 0.262024
0.244385 0.216919 0.022339 0.475155 0.421754 0.043433
0.002686 0.282104 -0.056885 0.005221 0.548493 -0.110601
-0.098022 0.231812 -0.117676 -0.190584 0.450709 -0.228796
-0.081543 0.234985 -0.147949 -0.158543 0.456880 -0.287656
-0.045898 0.240601 -0.152222 -0.089240 0.467798 -0.295963
0.008301 0.151611 -0.189697 0.016139 0.294777 -0.368827
0.055542 -0.011230 -0.220581 0.107990 -0.021835 -0.428874
0.056885 -0.084351 -0.136963 0.110601 -0.164002 -0.266296
0.039917 -0.039429 -0.079102 0.077610 -0.076661 -0.153797
0.023804 -0.055542 -0.066406 0.046281 -0.107990 -0.129113
0.021729 -0.014648 -0.121338 0.042247 -0.028481 -0.235916
0.021484 -0.052368 -0.164795 0.041772 -0.101819 -0.320409
-0.006348 -0.034180 -0.211182 -0.012342 -0.066455 -0.410599
-0.006348 0.031616 -0.195313 -0.012342 0.061471 -0.379744
-0.055664 0.084473 -0.177979 -0.108227 0.164239 -0.346042
-0.066040 0.049316 -0.180176 -0.128401 0.095885 -0.350314
-0.008545 0.000488 -0.168701 -0.016614 0.000949 -0.328004
0.022339 0.005981 -0.173462 0.043433 0.011630 -0.337261
0.000854 0.060181 -0.188721 0.001661 0.117009 -0.366928
-0.006592 0.098511 -0.174561 -0.012816 0.191534 -0.339397
-0.001953 0.094849 -0.197266 -0.003797 0.184413 -0.383542
-0.002319 0.070801 -0.199585 -0.004509 0.137657 -0.388051
-0.018555 0.046753 -0.152344 -0.036076 0.090901 -0.296201
-0.015503 0.013184 -0.096924 -0.030142 0.025633 -0.188448
-0.044800 -0.013794 -0.082642 -0.087104 -0.026819 -0.160679
-0.052002 -0.005127 -0.090820 -0.101107 -0.009968 -0.176581
-0.024292 0.040039 -0.112305 -0.047231 0.077848 -0.218353
-0.009521 0.045776 -0.124390 -0.018513 0.089003 -0.241850
-0.007080 0.041260 -0.127441 -0.013766 0.080221 -0.247783
-0.003906 0.057007 -0.149780 -0.007595 0.110838 -0.291217
0.002319 0.055664 -0.162842 0.004509 0.108227 -0.316612
0.007324 0.085327 -0.159790 0.014240 0.165901 -0.310678
0.030762 0.080811 -0.147827 0.059810 0.157119 -0.287419
0.057739 0.054077 -0.147705 0.112262 0.105142 -0.287182
0.070801 0.034424 -0.117676 0.137657 0.066930 -0.228796
0.076050 0.022217 -0.077515 0.147863 0.043196 -0.150711
0.061890 -0.020508 -0.063599 0.120332 -0.039873 -0.123654
-0.001831 -0.026611 -0.064941 -0.003560 -0.051740 -0.126265
