0.118530 -0.034790 -0.373413 0.230457 -0.067642 -0.726024
0.058472 -0.080811 -0.325073 0.113686 -0.157119 -0.632037
-0.040405 -0.014404 -0.332764 -0.078560 -0.028006 -0.646990
-0.060181 0.129517 -0.270264 -0.117009 0.251818 -0.525471
-0.208496 0.061646 -0.228638 -0.405377 0.119857 -0.444538
-0.297607 0.055176 -0.141602 -0.578636 0.107278 -0.275315
-0.427246 -0.294067 -0.019531 -0.830691 -0.571753 -0.037974
-0.626221 -0.689697 0.174683 -1.217556 -1.340973 0.339634
-0.865845 -0.325562 0.630981 -1.683455 -0.632987 1.226812
-1.115967 0.994385 1.104370 -2.169765 1.933374 2.147218
-1.740234 0.242798 1.031982 -3.383523 0.472070 2.006475
-1.832031 0.137573 1.020386 -3.562003 0.267482 1.983927
-1.593872 0.424683 1.316284 -3.098952 0.825707 2.559240
-1.255371 0.397583 1.019897 -2.440808 0.773017 1.982978
-0.343872 0.244385 0.103149 -0.668588 0.475155 0.200553
0.161255 0.077271 -0.732178 0.313527 0.150236 -1.423567
0.318604 0.054688 -0.990967 0.619458 0.106328 -1.926728
0.520752 0.147583 -1.090088 1.012494 0.286944 -2.119449
0.552979 0.204346 -1.211426 1.075151 0.397308 -2.355365
0.446533 0.276855 -1.364136 0.868191 0.538288 -2.652278
0.198608 0.254517 -1.564697 0.386153 0.494854 -3.042228
0.003540 0.454834 -1.734375 0.006883 0.884330 -3.372131
-0.132080 0.680054 -1.820190 -0.256802 1.322223 -3.538981
-0.287964 0.426147 -1.731689 -0.559886 0.828555 -3.366909
-0.346191 -0.005859 -1.389404 -0.673097 -0.011392 -2.701407
-0.257935 -0.098511 -0.878540 -0.501500 -0.191534 -1.708138
-0.200317 0.011841 -0.380005 -0.389475 0.023022 -0.738840
-0.175659 0.133057 0.006104 -0.341533 0.258701 0.011867
-0.069214 -0.045898 0.242676 -0.134572 -0.089240 0.471832
0.122314 -0.298096 0.304199 0.237815 -0.579585 0.591452
0.300659 -0.346069 0.309814 0.584569 -0.672860 0.602370
0.406860 -0.222778 0.323853 0.791055 -0.433146 0.629664
0.541504 -0.180542 0.443970 1.052842 -0.351026 0.863207
0.780640 -0.403442 0.698486 1.517791 -0.784410 1.358061
0.945190 -0.667358 0.838257 1.837726 -1.297539 1.629816
0.926025 -0.750977 0.878906 1.800463 -1.460117 1.708850
0.717285 -0.564575 0.763428 1.394611 -1.097699 1.484326
0.609009 -0.421021 0.417114 1.184091 -0.818587 0.810992
0.577026 -0.409668 0.284424 1.121907 -0.796514 0.553003
0.406982 -0.348389 0.244995 0.791292 -0.677369 0.476342
0.188965 -0.286743 0.211914 0.367403 -0.557512 0.412023
0.057007 -0.252808 0.096436 0.110838 -0.491532 0.187499
-0.010620 -0.157837 -0.041626 -0.020649 -0.306881 -0.080933
-0.033936 -0.128906 -0.027588 -0.065981 -0.250631 -0.053639
-0.052979 -0.096436 -0.011719 -0.103006 -0.187499 -0.022785
-0.021729 -0.046997 -0.083740 -0.042247 -0.091376 -0.162815
-0.018311 -0.000977 -0.115601 -0.035601 -0.001899 -0.224761
-0.032471 0.018188 -0.095215 -0.063133 0.035364 -0.185125
-0.035034 0.042236 -0.107544 -0.068117 0.082120 -0.209097
-0.014893 0.019531 -0.097656 -0.028956 0.037974 -0.189872
-0.026001 -0.024292 -0.092651 -0.050553 -0.047231 -0.180141
-0.062134 0.002075 -0.110718 -0.120806 0.004035 -0.215268
-0.067139 -0.013428 -0.095215 -0.130537 -0.026107 -0.185125
-0.051392 -0.006592 -0.084717 -0.099920 -0.012816 -0.164714
-0.033936 0.013184 -0.062012 -0.065981 0.025633 -0.120569
-0.031372 -0.009644 -0.052246 -0.060996 -0.018750 -0.101582
-0.020752 -0.006348 -0.064819 -0.040348 -0.012342 -0.126028
-0.003296 -0.000122 -0.084839 -0.006408 -0.000237 -0.164952
0.014038 0.002563 -0.100464 0.027294 0.004984 -0.195331
0.040039 -0.018555 -0.098511 0.077848 -0.036076 -0.191534
0.059570 -0.024414 -0.076050 0.115822 -0.047468 -0.147863
0.057495 -0.029663 -0.081299 0.111787 -0.057674 -0.158069
0.024414 -0.026123 -0.102905 0.047468 -0.050791 -0.200078
0.001831 -0.022949 -0.105347 0.003560 -0.044620 -0.204825
-0.002930 0.022217 -0.111938 -0.005696 0.043196 -0.217641
-0.034180 0.015503 -0.136841 -0.066455 0.030142 -0.266058
-0.024170 0.010376 -0.153442 -0.046993 0.020174 -0.298337
-0.018188 -0.006836 -0.129517 -0.035364 -0.013291 -0.251818
-0.034424 -0.018311 -0.120483 -0.066930 -0.035601 -0.234255
-0.042358 -0.001343 -0.133301 -0.082357 -0.002611 -0.259176
-0.020020 0.017212 -0.122559 -0.038924 0.033465 -0.238290
-0.006958 0.015381 -0.108765 -0.013528 0.029905 -0.211470
-0.019165 0.006714 -0.116455 -0.037262 0.013054 -0.226423
-0.015991 0.017090 -0.110718 -0.031092 0.033228 -0.215268
-0.000610 0.024780 -0.117065 -0.001187 0.048180 -0.227609
0.019653 0.026367 -0.131226 0.038212 0.051266 -0.255141
0.028076 0.020142 -0.118530 0.054588 0.039161 -0.230457
0.037720 0.037354 -0.098755 0.073338 0.072626 -0.192008
0.037964 0.050781 -0.099487 0.073813 0.098734 -0.193432
0.040649 0.043335 -0.109741 0.079034 0.084256 -0.213369
