0.189087 0.013672 -0.184814 0.367640 0.026582 -0.359333
0.235352 0.092896 -0.150513 0.457592 0.180616 -0.292641
0.062744 0.114990 -0.257813 0.121993 0.223575 -0.501263
0.013916 0.039917 -0.196289 0.027057 0.077610 -0.381643
0.013916 -0.052856 -0.201416 0.027057 -0.102768 -0.391611
-0.050293 -0.059082 -0.246216 -0.097784 -0.114873 -0.478715
-0.211670 0.041016 -0.415649 -0.411548 0.079746 -0.808144
-0.211548 0.117065 -0.367432 -0.411311 0.227609 -0.714394
-0.208984 0.164429 -0.218140 -0.406327 0.319697 -0.424127
-0.230835 0.117310 -0.122559 -0.448810 0.228084 -0.238290
-0.114014 0.144897 -0.160767 -0.221676 0.281723 -0.312577
0.006836 0.246948 -0.271606 0.013291 0.480139 -0.528082
0.034546 0.390137 -0.420532 0.067167 0.758540 -0.817637
0.161377 0.464355 -0.408936 0.313764 0.902842 -0.795090
0.091064 0.346558 -0.285034 0.177056 0.673809 -0.554190
-0.253174 0.135254 -0.058594 -0.492244 0.262973 -0.113923
-0.641968 -0.081299 0.466797 -1.248173 -0.158069 0.907589
-1.115356 -0.436279 1.097168 -2.168578 -0.848254 2.133214
-1.319824 -0.574341 1.534424 -2.566123 -1.116686 2.983367
-1.192505 -0.380981 1.300903 -2.318577 -0.740739 2.529335
-0.929199 -0.166260 0.901489 -1.806634 -0.323257 1.752758
-0.690674 0.076172 0.640137 -1.342871 0.148100 1.244612
-0.485352 0.222046 0.429321 -0.943665 0.431722 0.834726
-0.152466 0.254761 0.089233 -0.296438 0.495329 0.173496
0.041748 0.115479 -0.329590 0.081170 0.224524 -0.640819
0.096558 0.005249 -0.670532 0.187736 0.010206 -1.303710
0.090820 0.130249 -0.917603 0.176581 0.253242 -1.784087
-0.059814 0.118286 -1.038940 -0.116297 0.229983 -2.020003
-0.249023 0.025391 -1.186401 -0.484174 0.049367 -2.306710
-0.376709 0.053223 -1.373291 -0.732432 0.103480 -2.670078
-0.305542 0.271606 -1.404541 -0.594063 0.528082 -2.730837
-0.346313 0.438354 -1.239746 -0.673334 0.852289 -2.410428
-0.448120 0.450562 -0.989990 -0.871276 0.876023 -1.924830
-0.432495 0.484619 -0.741821 -0.840897 0.942241 -1.442317
-0.282959 0.377686 -0.591553 -0.550155 0.734331 -1.150151
-0.205811 0.136719 -0.463501 -0.400156 0.265821 -0.901181
-0.162598 0.045288 -0.310791 -0.316137 0.088053 -0.604268
-0.174072 0.061768 -0.165649 -0.338447 0.120094 -0.322071
-0.107788 0.205322 -0.040649 -0.209571 0.399206 -0.079034
-0.007324 0.279663 0.042725 -0.014240 0.543747 0.083069
0.117798 0.161011 0.064087 0.229033 0.313052 0.124604
0.294800 0.045532 0.112305 0.573177 0.088528 0.218353
0.490967 0.047607 0.255493 0.954583 0.092563 0.496753
0.730347 0.165894 0.498291 1.420007 0.322545 0.968823
0.864746 0.064331 0.740845 1.681319 0.125078 1.440418
0.752930 -0.229370 0.669434 1.463915 -0.445962 1.301574
0.824463 -0.427368 0.630127 1.602996 -0.830928 1.225151
0.778442 -0.365601 0.698242 1.513519 -0.710834 1.357586
0.590820 -0.361816 0.649902 1.148727 -0.703477 1.263600
0.399536 -0.419067 0.459839 0.776815 -0.814789 0.894061
0.283691 -0.473633 0.240112 0.551579 -0.920880 0.466848
0.134033 -0.491821 0.110107 0.260600 -0.956244 0.214081
0.073730 -0.264038 0.022095 0.143354 -0.513367 0.042959
0.026245 -0.060547 -0.015869 0.051028 -0.117721 -0.030854
-0.083252 -0.089844 -0.084106 -0.161866 -0.174682 -0.163527
-0.123535 -0.073364 -0.153076 -0.240188 -0.142642 -0.297625
-0.119995 0.008789 -0.198242 -0.233305 0.017089 -0.385441
-0.016113 0.106323 -0.194336 -0.031329 0.206723 -0.377846
-0.001953 0.134521 -0.199341 -0.003797 0.261549 -0.387577
-0.021240 0.084961 -0.210571 -0.041297 0.165189 -0.409412
-0.013184 0.019165 -0.206421 -0.025633 0.037262 -0.401342
-0.003784 0.037476 -0.173950 -0.007358 0.072863 -0.338210
0.031616 0.092407 -0.151611 0.061471 0.179667 -0.294777
0.051880 0.115234 -0.136963 0.100870 0.224049 -0.266296
0.032715 0.030762 -0.105225 0.063607 0.059810 -0.204587
-0.004639 -0.000488 -0.090698 -0.009019 -0.000949 -0.176344
0.000366 0.133423 -0.069946 0.000712 0.259413 -0.135996
-0.004272 0.148071 -0.060425 -0.008307 0.287894 -0.117483
-0.010742 0.064209 -0.090088 -0.020886 0.124841 -0.175157
-0.013550 -0.029785 -0.124512 -0.026345 -0.057911 -0.242087
-0.010010 0.009399 -0.097778 -0.019462 0.018275 -0.190110
-0.028442 0.020264 -0.065918 -0.055300 0.039398 -0.128164
-0.048706 0.007080 -0.066284 -0.094699 0.013766 -0.128876
-0.008179 0.017090 -0.116943 -0.015902 0.033228 -0.227372
0.026001 0.003540 -0.135498 0.050553 0.006883 -0.263448
0.073242 0.039307 -0.123413 0.142404 0.076424 -0.239951
0.103027 0.053345 -0.105103 0.200315 0.103718 -0.204350
0.092285 0.066895 -0.123413 0.179429 0.130062 -0.239951
0.059082 0.036987 -0.114746 0.114873 0.071914 -0.223100
0.051392 0.063965 -0.102905 0.099920 0.124366 -0.200078
