0.038086 0.216553 -0.080566 0.074050 0.421042 -0.156645
-0.025269 0.736206 0.088379 -0.049129 1.431399 0.171834
0.024292 0.822144 0.123291 0.047231 1.598487 0.239714
0.093628 0.298584 -0.093628 0.182040 0.580534 -0.182040
0.011963 -0.052856 -0.283447 0.023259 -0.102768 -0.551104
0.017090 -0.493042 -0.198242 0.033228 -0.958617 -0.385441
0.368530 -0.581177 0.012695 0.716530 -1.129977 0.024683
0.559448 -2.079468 -0.388428 1.087731 -4.043092 -0.755217
0.375244 -2.441772 -0.755737 0.729584 -4.747518 -1.469374
0.435181 -1.041992 0.054810 0.846118 -2.025937 0.106566
0.655029 2.319702 0.611938 1.273568 4.510178 1.189787
0.426025 3.320313 -0.111694 0.828318 6.455656 -0.217166
-0.088379 0.607178 -0.510376 -0.171834 1.180531 -0.992320
-0.041992 0.280029 -0.378052 -0.081645 0.544459 -0.735043
-0.086914 0.282715 -0.362549 -0.168986 0.549680 -0.704901
-0.384644 -0.190063 -0.054565 -0.747859 -0.369539 -0.106091
-1.102905 0.044189 0.826172 -2.144369 0.085917 1.606319
-1.678101 0.339722 1.691650 -3.262717 0.660518 3.289062
-2.047485 0.302490 1.959717 -3.980909 0.588129 3.810261
-2.090088 0.137329 2.034912 -4.063740 0.267008 3.956463
-1.778809 0.164429 1.905762 -3.458523 0.319697 3.705357
-1.302979 0.316528 1.572388 -2.533370 0.615423 3.057180
-0.924683 0.137207 0.902588 -1.797853 0.266770 1.754894
-0.497925 -0.157593 0.149048 -0.968111 -0.306406 0.289792
-0.062866 -0.275513 -0.236084 -0.122230 -0.535677 -0.459016
0.190308 -0.029053 -0.433838 0.370014 -0.056487 -0.843507
0.219849 0.137085 -0.644165 0.427450 0.266533 -1.252445
0.142090 0.030396 -0.815552 0.276264 0.059098 -1.585670
-0.029297 -0.130005 -0.872314 -0.056962 -0.252767 -1.696034
-0.189941 -0.128906 -1.001343 -0.369301 -0.250631 -1.946902
-0.288086 -0.002686 -1.207642 -0.560123 -0.005221 -2.348007
-0.398926 -0.068970 -1.378906 -0.775628 -0.134097 -2.680996
-0.394653 -0.231445 -1.534668 -0.767321 -0.449997 -2.983842
-0.297607 -0.074097 -1.682495 -0.578636 -0.144066 -3.271261
-0.196411 0.132446 -1.584595 -0.381881 0.257514 -3.080914
-0.029541 0.145874 -1.226563 -0.057436 0.283622 -2.384795
0.031372 0.106934 -0.942017 0.060996 0.207910 -1.831555
-0.045898 0.222168 -0.711060 -0.089240 0.431959 -1.382507
-0.062378 0.270874 -0.372314 -0.121281 0.526658 -0.723888
0.194824 0.143311 -0.084229 0.378795 0.278637 -0.163765
0.370850 0.014648 0.100220 0.721040 0.028481 0.194856
0.339233 -0.026733 0.287964 0.659569 -0.051978 0.559886
0.393677 -0.056519 0.458130 0.765422 -0.109889 0.890738
0.501709 -0.097290 0.545532 0.975469 -0.189160 1.060674
0.716553 -0.164917 0.524048 1.393188 -0.320647 1.018902
0.607300 -0.115601 0.381714 1.180768 -0.224761 0.742163
0.276855 -0.005005 0.295776 0.538288 -0.009731 0.575076
0.156372 -0.096802 0.195435 0.304033 -0.188211 0.379982
0.112183 -0.172974 0.040039 0.218116 -0.336311 0.077848
0.017212 -0.155640 -0.002808 0.033465 -0.302609 -0.005459
-0.029785 -0.134277 0.029297 -0.057911 -0.261074 0.056962
-0.070923 -0.097778 -0.010010 -0.137895 -0.190110 -0.019462
-0.109741 -0.024292 -0.086914 -0.213369 -0.047231 -0.168986
-0.088013 -0.003052 -0.131348 -0.171122 -0.005934 -0.255378
-0.052002 0.040283 -0.088379 -0.101107 0.078322 -0.171834
-0.062622 0.090210 -0.099976 -0.121756 0.175394 -0.194382
-0.083618 0.040039 -0.087402 -0.162578 0.077848 -0.169936
-0.082886 0.007935 -0.090332 -0.161154 0.015427 -0.175632
-0.070923 0.019287 -0.104614 -0.137895 0.037500 -0.203401
-0.025635 0.006714 -0.114014 -0.049841 0.013054 -0.221676
0.057251 -0.007935 -0.128784 0.111313 -0.015427 -0.250394
0.100586 -0.008789 -0.135132 0.195568 -0.017089 -0.262736
0.103271 -0.027832 -0.113037 0.200790 -0.054114 -0.219777
0.084717 -0.044556 -0.117676 0.164714 -0.086629 -0.228796
0.056641 -0.064941 -0.102417 0.110126 -0.126265 -0.199128
-0.029907 -0.048096 -0.116089 -0.058148 -0.093512 -0.225711
-0.081177 -0.040894 -0.123047 -0.157831 -0.079509 -0.239239
-0.050659 -0.031250 -0.111450 -0.098496 -0.060759 -0.216692
0.000244 -0.004761 -0.088867 0.000475 -0.009256 -0.172784
-0.000122 0.020020 -0.093140 -0.000237 0.038924 -0.181091
0.005493 0.015503 -0.099731 0.010680 0.030142 -0.193907
-0.001831 -0.001587 -0.118652 -0.003560 -0.003085 -0.230695
-0.046021 0.021118 -0.134155 -0.089477 0.041060 -0.260837
-0.040649 0.034912 -0.134888 -0.079034 0.067879 -0.262261
0.001343 0.057373 -0.131226 0.002611 0.111550 -0.255141
0.005615 0.085205 -0.119019 0.010918 0.165664 -0.231407
0.015015 0.078369 -0.129150 0.029193 0.152372 -0.251106
0.003784 0.057251 -0.136597 0.007358 0.111313 -0.265584
-0.031616 0.049316 -0.127563 -0.061471 0.095885 -0.248021
-0.060791 0.063599 -0.099854 -0.118195 0.123654 -0.194144
