0.284302 0.105957 -0.413086 0.552766 0.206011 -0.803160
0.180542 0.288330 -0.299072 0.351026 0.560598 -0.581484
-0.017944 0.116211 -0.195190 -0.034889 0.225948 -0.379507
-0.201294 -0.056641 -0.058594 -0.391374 -0.110126 -0.113923
-0.340942 -0.288940 0.073364 -0.662891 -0.561784 0.142642
-0.377441 -0.369019 0.098022 -0.733856 -0.717480 0.190584
-0.449463 -0.101318 0.144531 -0.873887 -0.196992 0.281011
-0.770142 0.110840 0.347046 -1.497380 0.215505 0.674758
-0.987061 0.138794 0.651855 -1.919134 0.269856 1.267397
-1.208252 0.100586 0.934814 -2.349194 0.195568 1.817552
-1.379883 -0.049316 1.156006 -2.682894 -0.095885 2.247612
-1.513672 0.023193 1.339355 -2.943020 0.045095 2.604098
-1.505127 0.473877 1.308716 -2.926406 0.921355 2.544525
-1.356079 0.740479 0.895752 -2.636613 1.439706 1.741603
-1.239868 0.454346 0.401245 -2.410665 0.883381 0.780138
-0.917969 0.074585 -0.161377 -1.784799 0.145015 -0.313764
-0.401611 0.041870 -0.678345 -0.780850 0.081408 -1.318900
0.004761 0.107666 -1.078369 0.009256 0.209334 -2.096664
0.119995 0.068604 -1.378784 0.233305 0.133385 -2.680758
0.202393 0.052246 -1.763062 0.393510 0.101582 -3.427906
0.410034 0.027832 -2.283081 0.797226 0.054114 -4.438975
0.604004 -0.105103 -2.635864 1.174360 -0.204350 -5.124889
0.596924 -0.262939 -2.594238 1.160594 -0.511231 -5.043956
0.416870 -0.522461 -2.358887 0.810517 -1.015816 -4.586364
0.230347 -0.474487 -2.043823 0.447861 -0.922542 -3.973788
0.035522 -0.382324 -1.612061 0.069066 -0.743350 -3.134316
-0.142334 -0.205566 -1.137451 -0.276739 -0.399681 -2.211537
-0.211060 -0.000488 -0.593628 -0.410361 -0.000949 -1.154186
-0.157349 -0.019531 -0.071167 -0.305932 -0.037974 -0.138369
0.003784 0.025146 0.335815 0.007358 0.048892 0.652923
0.177124 0.106079 0.702148 0.344381 0.206249 1.365181
0.380127 0.248047 0.889282 0.739078 0.482275 1.729024
0.628906 0.282837 0.958374 1.222777 0.549917 1.863359
0.775879 0.107422 1.212524 1.508535 0.208859 2.357501
0.791626 -0.123047 1.514160 1.539152 -0.239239 2.943969
0.798462 -0.216675 1.581177 1.552443 -0.421279 3.074269
0.785889 -0.205200 1.387817 1.527997 -0.398969 2.698322
0.609375 0.043579 1.016968 1.184803 0.084730 1.977282
0.388062 0.068237 0.548706 0.754505 0.132673 1.066845
0.295288 -0.115601 0.307861 0.574126 -0.224761 0.598572
0.314453 -0.097168 0.216309 0.611389 -0.188923 0.420567
0.280762 -0.065552 0.188721 0.545883 -0.127452 0.366928
0.194092 -0.009521 0.195557 0.377371 -0.018513 0.380219
0.160278 -0.006836 0.136597 0.311628 -0.013291 0.265584
0.154053 0.064209 0.118164 0.299523 0.124841 0.229745
0.150146 0.200562 0.128540 0.291929 0.389950 0.249919
0.123047 0.252930 0.084351 0.239239 0.491769 0.164002
0.055542 0.162598 0.011230 0.107990 0.316137 0.021835
-0.006348 0.137817 -0.077637 -0.012342 0.267957 -0.150948
-0.062134 0.198853 -0.108887 -0.120806 0.386627 -0.211708
-0.079834 0.211060 -0.132080 -0.155221 0.410361 -0.256802
-0.049805 0.132568 -0.154175 -0.096835 0.257752 -0.299761
-0.059082 0.107910 -0.162231 -0.114873 0.209809 -0.315425
-0.078735 0.087036 -0.177979 -0.153084 0.169224 -0.346042
-0.067749 0.041992 -0.191528 -0.131724 0.081645 -0.372387
-0.037964 0.044556 -0.185181 -0.073813 0.086629 -0.360045
-0.022583 0.055420 -0.165161 -0.043908 0.107752 -0.321121
-0.029663 0.079834 -0.174194 -0.057674 0.155221 -0.338685
-0.030518 0.078491 -0.230591 -0.059335 0.152610 -0.448336
-0.030151 0.063354 -0.223633 -0.058623 0.123180 -0.434807
-0.017334 0.077881 -0.211670 -0.033702 0.151423 -0.411548
-0.023193 0.086426 -0.200684 -0.045095 0.168037 -0.390187
-0.045532 0.090820 -0.184204 -0.088528 0.176581 -0.358146
-0.022827 0.109741 -0.199219 -0.044383 0.213369 -0.387339
-0.027710 0.102417 -0.225708 -0.053876 0.199128 -0.438842
-0.026489 0.061646 -0.238037 -0.051503 0.119857 -0.462814
0.012451 0.013794 -0.171021 0.024209 0.026819 -0.332514
-0.009766 0.003662 -0.109253 -0.018987 0.007120 -0.212420
-0.025879 0.005371 -0.117188 -0.050316 0.010443 -0.227847
0.001831 0.039063 -0.143066 0.003560 0.075949 -0.278163
-0.023193 0.050537 -0.143433 -0.045095 0.098259 -0.278875
-0.017090 0.061646 -0.119385 -0.033228 0.119857 -0.232119
-0.034912 0.019653 -0.117676 -0.067879 0.038212 -0.228796
-0.049438 -0.002197 -0.132813 -0.096123 -0.004272 -0.258226
-0.064941 0.017090 -0.146606 -0.126265 0.033228 -0.285046
-0.083618 0.011475 -0.131714 -0.162578 0.022310 -0.256090
-0.056274 0.019043 -0.134766 -0.109414 0.037025 -0.262024
-0.067139 0.017456 -0.137817 -0.130537 0.033940 -0.267957
-0.082764 0.005615 -0.149048 -0.160917 0.010918 -0.289792
-0.079102 0.032349 -0.162109 -0.153797 0.062895 -0.315188
