-0.146484 -0.217773 -0.175415 -0.284808 -0.423415 -0.341058
-0.032471 -0.132935 -0.102539 -0.063133 -0.258464 -0.199366
0.052490 0.109741 -0.171143 0.102056 0.213369 -0.332751
0.119995 0.116943 -0.114868 0.233305 0.227372 -0.223337
0.019531 -0.260986 -0.015015 0.037974 -0.507434 -0.029193
-0.023438 -0.712891 0.093872 -0.045569 -1.386067 0.182515
0.142090 -0.305054 -0.067993 0.276264 -0.593113 -0.132199
0.127075 0.106934 -0.187256 0.247071 0.207910 -0.364080
-0.040649 0.372681 -0.106567 -0.079034 0.724600 -0.207198
-0.258057 0.487549 -0.104126 -0.501737 0.947937 -0.202451
-0.419800 0.355225 -0.002075 -0.816213 0.690660 -0.004035
-0.299561 0.166748 0.035645 -0.582433 0.324207 0.069303
-0.020996 0.303223 -0.003906 -0.040823 0.589553 -0.007595
-0.060913 0.328857 -0.076782 -0.118433 0.639395 -0.149287
-0.350586 0.229370 -0.298584 -0.681641 0.445962 -0.580534
-0.653931 0.225342 -0.258545 -1.271432 0.438130 -0.502687
-1.244751 -0.200928 -0.023682 -2.420159 -0.390662 -0.046044
-1.636963 -0.009277 0.439331 -3.182733 -0.018038 0.854188
-1.423706 0.146729 0.692627 -2.768100 0.285283 1.346669
-1.229248 0.322510 0.507690 -2.390017 0.627053 0.987098
-0.925415 0.292480 0.268066 -1.799277 0.568667 0.521199
-0.751709 0.195068 0.008545 -1.461541 0.379270 0.016614
-0.499023 0.165161 -0.155762 -0.970247 0.321121 -0.302846
-0.232422 0.281860 -0.396851 -0.451896 0.548019 -0.771593
0.051758 0.495483 -0.665771 0.100632 0.963364 -1.294454
0.261108 0.486206 -0.895386 0.507671 0.945326 -1.740891
0.343506 0.277588 -1.181641 0.667876 0.539712 -2.297454
0.402954 0.084229 -1.494995 0.783460 0.163765 -2.906707
0.410889 0.298462 -1.753662 0.798887 0.580297 -3.409631
0.321289 0.511963 -1.706909 0.624680 0.995405 -3.318729
0.160156 0.167847 -1.504517 0.311390 0.326343 -2.925219
0.061157 0.121216 -1.306396 0.118907 0.235679 -2.540016
-0.118652 0.301880 -0.883911 -0.230695 0.586943 -1.718581
-0.228760 0.063843 -0.591187 -0.444776 0.124129 -1.149439
-0.098022 -0.006226 -0.526855 -0.190584 -0.012104 -1.024361
0.000000 -0.030029 -0.317749 0.000000 -0.058386 -0.617797
0.144043 -0.155762 -0.048828 0.280062 -0.302846 -0.094936
0.276367 -0.155029 0.122925 0.537338 -0.301422 0.239002
0.377808 -0.169434 0.274780 0.734568 -0.329428 0.534253
0.519653 -0.213135 0.449829 1.010358 -0.414396 0.874599
0.592896 -0.250610 0.529541 1.152762 -0.487260 1.029582
0.709351 -0.297974 0.651733 1.379184 -0.579348 1.267160
0.736694 -0.377441 0.743652 1.432349 -0.733856 1.445877
0.745728 -0.349487 0.806030 1.449912 -0.679505 1.567158
0.649414 -0.361938 0.881104 1.262650 -0.703714 1.713122
0.593750 -0.326538 0.742798 1.154423 -0.634885 1.444216
0.532349 -0.301392 0.528687 1.035041 -0.585993 1.027921
0.459106 -0.244263 0.400757 0.892637 -0.474918 0.779188
0.356079 -0.108521 0.307251 0.692322 -0.210996 0.597386
0.214966 -0.017456 0.174805 0.417956 -0.033940 0.339871
0.131470 0.009155 0.053955 0.255615 0.017801 0.104904
0.046875 0.001587 -0.020142 0.091139 0.003085 -0.039161
-0.001953 0.016602 -0.064453 -0.003797 0.032278 -0.125316
-0.050781 0.013916 -0.101074 -0.098734 0.027057 -0.196518
-0.057983 0.055176 -0.134888 -0.112737 0.107278 -0.262261
-0.049194 0.102173 -0.161987 -0.095648 0.198654 -0.314951
-0.056030 0.072510 -0.182007 -0.108939 0.140980 -0.353874
-0.084717 0.029053 -0.175171 -0.164714 0.056487 -0.340583
-0.047119 0.041504 -0.156982 -0.091613 0.080696 -0.305220
-0.071167 0.062378 -0.174561 -0.138369 0.121281 -0.339397
-0.113281 0.035645 -0.170166 -0.220252 0.069303 -0.330852
-0.057129 0.006958 -0.148560 -0.111075 0.013528 -0.288843
0.005249 0.041748 -0.158447 0.010206 0.081170 -0.308068
-0.021606 0.040527 -0.155640 -0.042009 0.078797 -0.302609
-0.027466 0.029541 -0.167114 -0.053402 0.057436 -0.324919
-0.025879 -0.009033 -0.144287 -0.050316 -0.017563 -0.280536
-0.036011 0.000244 -0.118652 -0.070015 0.000475 -0.230695
-0.040039 0.001953 -0.078125 -0.077848 0.003797 -0.151898
-0.028809 0.001587 -0.076782 -0.056012 0.003085 -0.149287
-0.008545 -0.000854 -0.104248 -0.016614 -0.001661 -0.202689
-0.030029 0.010986 -0.125366 -0.058386 0.021361 -0.243748
-0.048828 0.011108 -0.099854 -0.094936 0.021598 -0.194144
-0.038452 0.020386 -0.076904 -0.074762 0.039636 -0.149524
-0.061401 0.062500 -0.090332 -0.119382 0.121518 -0.175632
-0.083984 0.073120 -0.119873 -0.163290 0.142167 -0.233068
-0.037964 0.102783 -0.099731 -0.073813 0.199841 -0.193907
-0.053345 0.108154 -0.115112 -0.103718 0.210283 -0.223812
-0.027466 0.110352 -0.114380 -0.053402 0.214556 -0.222388
-0.030151 0.113281 -0.119507 -0.058623 0.220252 -0.232356
-0.042847 0.082642 -0.118042 -0.083306 0.160679 -0.229508
