0.067139 -0.238647 0.081787 0.130537 -0.464000 0.159018
-0.202881 0.096680 -0.036621 -0.394460 0.187973 -0.071202
-0.100952 -0.008179 -0.017090 -0.196280 -0.015902 -0.033228
-0.003052 -0.218750 -0.052979 -0.005934 -0.425314 -0.103006
0.024170 -0.348755 -0.145996 0.046993 -0.678081 -0.283859
0.013428 -0.474976 -0.244629 0.026107 -0.923491 -0.475630
0.023071 -0.533691 -0.714233 0.044857 -1.037652 -1.388678
0.048584 -0.349487 -0.551514 0.094461 -0.679505 -1.072303
0.348145 -0.125122 -0.469849 0.676894 -0.243274 -0.913523
-0.014404 0.342773 -0.208374 -0.028006 0.666452 -0.405140
-0.494385 0.621948 -0.269653 -0.961228 1.209249 -0.524285
-0.547607 0.406128 -0.149048 -1.064708 0.789631 -0.289792
-0.517456 0.567505 0.181519 -1.006086 1.103395 0.352925
-0.425659 0.197144 0.465820 -0.827606 0.383305 0.905691
-0.620117 -0.359863 0.773315 -1.205689 -0.699679 1.503551
-1.217773 -0.656494 1.262207 -2.367707 -1.276416 2.454098
-1.325562 -0.511230 1.629150 -2.577278 -0.993981 3.167543
-1.783691 -0.153076 1.772095 -3.468016 -0.297625 3.445469
-1.466309 -0.151001 1.307007 -2.850931 -0.293590 2.541203
-0.595581 -0.144409 0.672485 -1.157983 -0.280774 1.307508
-0.422363 0.023560 0.400635 -0.821197 0.045807 0.778951
-0.351685 0.224609 0.254517 -0.683777 0.436706 0.494854
-0.222900 0.442139 -0.045410 -0.433383 0.859646 -0.088291
-0.061646 0.214966 -0.312866 -0.119857 0.417956 -0.608303
0.047119 -0.084595 -0.391724 0.091613 -0.164477 -0.761625
0.116699 -0.236328 -0.611694 0.226897 -0.459491 -1.189312
0.189453 -0.331055 -0.873291 0.368352 -0.643667 -1.697932
0.077637 -0.206787 -1.067871 0.150948 -0.402054 -2.076253
0.044312 0.017822 -1.309692 0.086155 0.034652 -2.546424
0.015015 0.076294 -1.583496 0.029193 0.148338 -3.078778
-0.068481 0.170288 -1.692749 -0.133148 0.331090 -3.291198
-0.054077 0.268799 -1.597412 -0.105142 0.522623 -3.105835
-0.296997 0.518188 -1.247559 -0.577449 1.007509 -2.425618
-0.329712 0.334595 -0.906250 -0.641056 0.650550 -1.762014
-0.216064 0.223511 -0.687744 -0.420092 0.434570 -1.337175
-0.253540 0.515625 -0.441040 -0.492956 1.002525 -0.857510
-0.227539 0.675415 -0.153564 -0.442402 1.313204 -0.298574
0.039673 0.518311 0.148682 0.077136 1.007747 0.289080
0.391479 0.180786 0.301147 0.761150 0.351501 0.585518
0.562256 0.061279 0.398926 1.093189 0.119145 0.775628
0.582275 0.184204 0.546265 1.132113 0.358146 1.062098
0.586304 0.188599 0.709229 1.139945 0.366691 1.378947
0.582642 -0.045776 0.768066 1.132825 -0.089003 1.493345
0.420898 -0.105835 0.685791 0.818349 -0.205774 1.333378
0.305176 0.020752 0.490967 0.593351 0.040348 0.954583
0.207275 -0.075928 0.429321 0.403004 -0.147626 0.834726
0.152344 -0.205933 0.381348 0.296201 -0.400393 0.741451
0.114990 -0.343018 0.260376 0.223575 -0.666926 0.506247
0.012573 -0.348999 0.130737 0.024446 -0.678556 0.254191
-0.106445 -0.211914 0.003174 -0.206961 -0.412023 0.006171
-0.133057 -0.084595 -0.099609 -0.258701 -0.164477 -0.193670
-0.117310 -0.046753 -0.185059 -0.228084 -0.090901 -0.359808
-0.119873 -0.022583 -0.247192 -0.233068 -0.043908 -0.480614
-0.062012 -0.014526 -0.341309 -0.120569 -0.028243 -0.663603
0.021484 0.027222 -0.417480 0.041772 0.052927 -0.811704
0.040039 0.163086 -0.409912 0.077848 0.317087 -0.796989
-0.021729 0.219971 -0.352783 -0.042247 0.427687 -0.685913
-0.079224 0.091309 -0.267212 -0.154034 0.177531 -0.519538
-0.082642 -0.034180 -0.184814 -0.160679 -0.066455 -0.359333
-0.025146 -0.064941 -0.145996 -0.048892 -0.126265 -0.283859
0.011963 -0.080200 -0.106567 0.023259 -0.155933 -0.207198
0.009766 -0.049072 -0.114868 0.018987 -0.095411 -0.223337
0.031860 -0.034912 -0.122925 0.061946 -0.067879 -0.239002
0.061523 -0.103271 -0.052734 0.119620 -0.200790 -0.102531
0.122314 0.060669 -0.074951 0.237815 0.117958 -0.145727
0.120483 0.139526 -0.109985 0.234255 0.271280 -0.213844
0.098022 0.176025 -0.194336 0.190584 0.342245 -0.377846
0.150757 0.177856 -0.279541 0.293115 0.345805 -0.543509
0.095947 0.141968 -0.234009 0.186549 0.276027 -0.454981
-0.046997 -0.008667 -0.195068 -0.091376 -0.016851 -0.379270
-0.023315 -0.035889 -0.148560 -0.045332 -0.069778 -0.288843
-0.053101 -0.017090 -0.171387 -0.103243 -0.033228 -0.333226
0.006714 -0.046631 -0.198120 0.013054 -0.090664 -0.385203
0.013550 -0.030029 -0.251831 0.026345 -0.058386 -0.489633
0.002319 0.017212 -0.240356 0.004509 0.033465 -0.467323
-0.045654 0.050171 -0.197388 -0.088765 0.097547 -0.383779
0.009644 0.023682 -0.179077 0.018750 0.046044 -0.348178
-0.005005 0.071411 -0.137939 -0.009731 0.138844 -0.268195
-0.041260 0.088745 -0.130859 -0.080221 0.172546 -0.254429
-0.076782 -0.012329 -0.109619 -0.149287 -0.023971 -0.213132
