0.071777 -0.084839 -0.213989 0.139556 -0.164952 -0.416058
-0.087524 -0.074585 -0.009888 -0.170173 -0.145015 -0.019225
-0.224731 -0.170288 0.004883 -0.436943 -0.331090 0.009494
-0.247314 -0.012939 -0.056641 -0.480851 -0.025158 -0.110126
-0.226929 0.170898 -0.039795 -0.441216 0.332276 -0.077373
-0.255737 0.448853 -0.027954 -0.497228 0.872700 -0.054351
-0.399170 0.285522 -0.065308 -0.776103 0.555139 -0.126977
-0.392456 0.552368 0.174438 -0.763049 1.073965 0.339159
-0.963379 -0.015503 0.434814 -1.873090 -0.030142 0.845406
-1.316040 -0.375854 0.760620 -2.558766 -0.730771 1.478867
-1.263550 -0.304688 0.853882 -2.456709 -0.592401 1.660195
-1.447754 -0.241699 0.894287 -2.814856 -0.469934 1.738755
-1.380981 -0.557495 0.685791 -2.685031 -1.083933 1.333378
-0.639771 -0.723511 0.643921 -1.243900 -1.406716 1.251970
-0.194458 -0.418823 0.653320 -0.378083 -0.814315 1.270245
-0.087524 -0.352051 0.267700 -0.170173 -0.684489 0.520487
-0.057373 -0.265869 0.056885 -0.111550 -0.516927 0.110601
-0.080688 -0.137329 -0.141479 -0.156882 -0.267008 -0.275077
-0.019653 -0.041016 -0.431274 -0.038212 -0.079746 -0.838523
0.041260 -0.111328 -0.656006 0.080221 -0.216454 -1.275467
-0.106445 -0.105347 -0.912109 -0.206961 -0.204825 -1.773407
-0.304443 -0.151978 -0.828125 -0.591927 -0.295489 -1.610116
-0.359497 -0.072998 -0.737183 -0.698967 -0.141929 -1.433298
-0.359619 -0.235107 -0.859985 -0.699205 -0.457117 -1.672062
-0.230469 -0.330811 -1.071045 -0.448098 -0.643192 -2.082424
-0.237915 -0.167603 -1.306885 -0.462576 -0.325868 -2.540965
-0.370850 0.013672 -1.364502 -0.721040 0.026582 -2.652990
-0.306519 0.033813 -1.276733 -0.595961 0.065743 -2.482342
-0.254761 0.113403 -1.168335 -0.495329 0.220489 -2.271584
-0.258301 -0.053711 -0.871582 -0.502212 -0.104430 -1.694610
-0.186279 -0.158569 -0.586670 -0.362181 -0.308305 -1.140657
-0.048462 0.138550 -0.324951 -0.094224 0.269381 -0.631800
0.040527 0.481812 0.072632 0.078797 0.936782 0.141217
0.147461 0.642334 0.340210 0.286707 1.248885 0.661467
0.482666 0.726685 0.518921 0.938443 1.412887 1.008934
0.747192 0.772705 0.644287 1.452760 1.502364 1.252682
0.784668 0.687012 0.696777 1.525623 1.335751 1.354738
1.018066 0.744873 0.683594 1.979418 1.448250 1.329106
1.211304 0.979126 0.612915 2.355128 1.903706 1.191686
0.963501 0.998535 0.463379 1.873327 1.941444 0.900944
0.585205 0.606812 0.341064 1.137809 1.179819 0.663129
0.187988 0.280273 0.149658 0.365504 0.544933 0.290979
0.103760 0.241211 0.165649 0.201739 0.468984 0.322071
0.200562 0.155762 0.257446 0.389950 0.302846 0.500551
0.153687 0.073975 0.191528 0.298811 0.143828 0.372387
0.095215 0.083740 0.058228 0.185125 0.162815 0.113211
0.020020 0.051270 -0.078491 0.038924 0.099683 -0.152610
-0.022095 -0.017212 -0.108276 -0.042959 -0.033465 -0.210521
-0.084839 -0.008057 -0.102173 -0.164952 -0.015664 -0.198654
-0.096436 0.058228 -0.154785 -0.187499 0.113211 -0.300947
-0.054565 0.030518 -0.192627 -0.106091 0.059335 -0.374523
-0.031494 -0.000244 -0.172363 -0.061234 -0.000475 -0.335124
-0.046509 0.043457 -0.115112 -0.090427 0.084493 -0.223812
-0.067993 0.088867 -0.054810 -0.132199 0.172784 -0.106566
-0.067383 0.085327 -0.086548 -0.131012 0.165901 -0.168274
-0.061401 0.050415 -0.157959 -0.119382 0.098022 -0.307118
-0.053711 0.061890 -0.169189 -0.104430 0.120332 -0.328954
-0.055908 0.099976 -0.132324 -0.108702 0.194382 -0.257277
-0.041504 0.067505 -0.102417 -0.080696 0.131249 -0.199128
-0.014648 0.042847 -0.107422 -0.028481 0.083306 -0.208859
-0.010132 0.019775 -0.130859 -0.019699 0.038449 -0.254429
-0.013916 0.016968 -0.122070 -0.027057 0.032990 -0.237340
-0.005737 -0.002686 -0.097534 -0.011155 -0.005221 -0.189635
0.008667 -0.025879 -0.083984 0.016851 -0.050316 -0.163290
0.008667 -0.025024 -0.080444 0.016851 -0.048655 -0.156407
0.010132 -0.009888 -0.066650 0.019699 -0.019225 -0.129588
0.005005 0.013550 -0.060303 0.009731 0.026345 -0.117246
-0.007568 0.005981 -0.073242 -0.014715 0.011630 -0.142404
-0.012085 0.012329 -0.083008 -0.023497 0.023971 -0.161391
-0.010010 0.018921 -0.089600 -0.019462 0.036788 -0.174208
-0.026245 0.031982 -0.119873 -0.051028 0.062183 -0.233068
-0.021240 0.016113 -0.147583 -0.041297 0.031329 -0.286944
-0.003296 -0.004150 -0.144531 -0.006408 -0.008070 -0.281011
0.004517 -0.000610 -0.121460 0.008782 -0.001187 -0.236154
0.000854 0.002075 -0.108032 0.001661 0.004035 -0.210046
-0.003906 0.000732 -0.119751 -0.007595 0.001424 -0.232831
-0.012939 -0.000244 -0.134521 -0.025158 -0.000475 -0.261549
-0.024658 0.009399 -0.140991 -0.047943 0.018275 -0.274128
-0.013306 0.008301 -0.136963 -0.025870 0.016139 -0.266296
-0.006836 0.005005 -0.135498 -0.013291 0.009731 -0.263448
