0.191162 -0.130127 -0.264526 0.371675 -0.253005 -0.514316
0.106934 -0.173584 -0.278442 0.207910 -0.337498 -0.541373
-0.020142 -0.122070 -0.275269 -0.039161 -0.237340 -0.535202
-0.013306 -0.079468 -0.227539 -0.025870 -0.154509 -0.442402
-0.010864 -0.105347 -0.240967 -0.021123 -0.204825 -0.468510
0.001343 -0.039673 -0.111328 0.002611 -0.077136 -0.216454
0.138184 0.123047 0.126831 0.268669 0.239239 0.246597
0.214233 0.008057 0.182739 0.416532 0.015664 0.355298
-0.036987 0.785400 -0.030396 -0.071914 1.527047 -0.059098
-0.344971 0.250000 -0.209106 -0.670724 0.486073 -0.406564
-0.108765 0.062866 -0.002441 -0.211470 0.122230 -0.004747
-0.072876 0.285400 -0.254639 -0.141692 0.554902 -0.495092
-0.210571 0.225342 -0.382813 -0.409412 0.438130 -0.744299
-0.149170 0.583862 -0.397949 -0.290030 1.135199 -0.773729
-0.032471 0.536255 -0.350708 -0.063133 1.042636 -0.681879
-0.083740 -0.107178 -0.275146 -0.162815 -0.208385 -0.534965
-0.543945 -0.341064 -0.148926 -1.057588 -0.663129 -0.289555
-0.812500 -0.400635 0.197876 -1.579737 -0.778951 0.384729
-1.108887 -0.598633 0.493408 -2.155999 -1.163917 0.959329
-1.166870 -0.641968 0.707886 -2.268736 -1.248173 1.376336
-1.215454 -0.443359 1.009644 -2.363197 -0.862020 1.963042
-1.185303 -0.499268 1.299683 -2.304574 -0.970722 2.526962
-0.942749 -0.601440 1.064331 -1.832979 -1.169376 2.069370
-0.605591 -0.608032 0.699829 -1.177445 -1.182192 1.360672
-0.489380 -0.564087 0.591797 -0.951497 -1.096749 1.150626
-0.636230 -0.379028 0.659058 -1.237018 -0.736942 1.281400
-0.680054 0.102417 1.062866 -1.322223 0.199128 2.066522
-0.599243 0.320435 1.271851 -1.165103 0.623018 2.472848
-0.340942 -0.038330 0.322021 -0.662891 -0.074525 0.626104
-0.176880 -0.166260 -0.550659 -0.343906 -0.323257 -1.070642
-0.199341 -0.053101 -0.807373 -0.387577 -0.103243 -1.569769
-0.239990 -0.069946 -1.022095 -0.466611 -0.135996 -1.987250
-0.174194 -0.139526 -1.152466 -0.338685 -0.271280 -2.240730
-0.105591 0.242432 -1.300415 -0.205299 0.471358 -2.528386
-0.161865 0.333618 -1.237549 -0.314713 0.648651 -2.406156
-0.261475 0.308960 -1.134277 -0.508383 0.600708 -2.205366
-0.390015 0.403198 -0.956177 -0.758302 0.783935 -1.859086
-0.338989 0.346069 -0.668945 -0.659094 0.672860 -1.300625
-0.126953 0.184570 -0.555664 -0.246834 0.358858 -1.080373
0.003662 0.245972 -0.488892 0.007120 0.478241 -0.950548
0.162964 0.298706 -0.261719 0.316849 0.580772 -0.508858
0.287476 0.268799 -0.128296 0.558936 0.522623 -0.249445
0.489258 0.224731 -0.027466 0.951260 0.436943 -0.053402
0.757935 0.174194 0.190674 1.473646 0.338685 0.370726
0.982666 0.071167 0.374268 1.910589 0.138369 0.727685
1.061035 -0.105347 0.510376 2.062962 -0.204825 0.992320
0.954468 -0.082397 0.599365 1.855764 -0.160205 1.165341
0.831543 0.133911 0.540894 1.616762 0.260362 1.051655
0.673462 0.171265 0.422852 1.309406 0.332988 0.822147
0.434570 0.005005 0.398193 0.844931 0.009731 0.774204
0.311523 -0.028564 0.269287 0.605692 -0.055538 0.523573
0.186890 -0.002441 0.064087 0.363368 -0.004747 0.124604
0.163452 0.092651 -0.121948 0.317799 0.180141 -0.237103
0.163452 0.206665 -0.164917 0.317799 0.401817 -0.320647
0.082031 0.275513 -0.146240 0.159493 0.535677 -0.284334
0.049072 0.315674 -0.174561 0.095411 0.613762 -0.339397
0.046997 0.465942 -0.155151 0.091376 0.905928 -0.301659
0.072998 0.320068 -0.049438 0.141929 0.622306 -0.096123
0.020752 0.069214 -0.046265 0.040348 0.134572 -0.089952
-0.027832 -0.056030 -0.158203 -0.054114 -0.108939 -0.307593
0.048584 0.208984 -0.205566 0.094461 0.406327 -0.399681
0.061401 0.266602 -0.205078 0.119382 0.518351 -0.398732
0.054932 0.242676 -0.201538 0.106803 0.471832 -0.391849
0.040039 0.190674 -0.174683 0.077848 0.370726 -0.339634
-0.007813 0.172119 -0.148804 -0.015190 0.334650 -0.289318
-0.050049 0.135254 -0.145142 -0.097310 0.262973 -0.282198
-0.026123 0.111450 -0.156250 -0.050791 0.216692 -0.303796
-0.014282 0.114380 -0.175659 -0.027769 0.222388 -0.341533
-0.033081 0.028442 -0.169922 -0.064319 0.055300 -0.330378
-0.073730 0.015625 -0.238281 -0.143354 0.030380 -0.463288
-0.059448 0.033813 -0.232544 -0.115585 0.065743 -0.452133
-0.020752 0.035278 -0.192749 -0.040348 0.068591 -0.374760
-0.043213 0.087280 -0.202637 -0.084018 0.169698 -0.393985
-0.053955 0.112915 -0.197144 -0.104904 0.219540 -0.383305
0.006592 0.048218 -0.168335 0.012816 0.093749 -0.327292
0.027466 -0.045776 -0.141968 0.053402 -0.089003 -0.276027
0.125977 -0.135620 -0.087646 0.244935 -0.263685 -0.170410
0.161133 -0.169800 -0.118652 0.313289 -0.330140 -0.230695
0.064209 -0.127930 -0.194214 0.124841 -0.248733 -0.377608
-0.023438 -0.106567 -0.182617 -0.045569 -0.207198 -0.355061
