-0.231201 0.045044 -0.350342 -0.449522 0.087579 -0.681167
-0.187500 0.051758 -0.344360 -0.364555 0.100632 -0.669537
-0.030884 0.010254 -0.291504 -0.060047 0.019937 -0.566769
0.064819 0.002930 -0.134888 0.126028 0.005696 -0.262261
0.006958 -0.141357 -0.154419 0.013528 -0.274840 -0.300235
-0.003174 -0.273926 -0.277466 -0.006171 -0.532592 -0.539474
-0.073730 -0.282471 -0.130127 -0.143354 -0.549205 -0.253005
-0.253540 -0.461670 -0.078613 -0.492956 -0.897621 -0.152847
-0.394287 -0.145020 -0.118164 -0.766609 -0.281960 -0.229745
-0.540405 -0.134888 0.056763 -1.050705 -0.262261 0.110363
-0.599854 -0.412476 0.448853 -1.166290 -0.801973 0.872700
-0.643921 -0.581299 0.787109 -1.251970 -1.130214 1.530370
-0.764648 -0.325195 1.037720 -1.486700 -0.632275 2.017630
-0.682129 0.491943 1.120728 -1.326257 0.956481 2.179021
-0.618652 0.451050 0.703613 -1.202841 0.876972 1.368029
-0.447876 -0.221558 0.180786 -0.870802 -0.430773 0.351501
-0.468262 -0.566650 -0.032715 -0.910437 -1.101734 -0.063607
-0.286621 -0.354248 -0.116699 -0.557275 -0.688762 -0.226897
-0.211182 0.164673 -0.174683 -0.410599 0.320172 -0.339634
-0.166382 0.217407 -0.435303 -0.323495 0.422703 -0.846355
-0.227661 0.013794 -0.826660 -0.442640 0.026819 -1.607268
-0.377075 0.147217 -1.255371 -0.733144 0.286232 -2.440808
-0.580688 0.351929 -1.467041 -1.129028 0.684252 -2.852355
-0.617188 0.092529 -1.481689 -1.199993 0.179904 -2.880836
-0.369385 -0.067017 -1.605713 -0.718192 -0.130300 -3.121974
-0.262329 0.221924 -1.699951 -0.510044 0.431485 -3.305201
-0.289795 0.398193 -1.641235 -0.563446 0.774204 -3.191040
-0.315796 0.232056 -1.295410 -0.613999 0.451184 -2.518655
-0.179810 0.196167 -0.765625 -0.349602 0.381406 -1.488598
-0.006592 0.264771 -0.299194 -0.012816 0.514791 -0.581721
0.113892 0.070068 -0.025635 0.221438 0.136233 -0.049841
0.267578 -0.098511 0.172119 0.520250 -0.191534 0.334650
0.441284 -0.143799 0.263062 0.857985 -0.279587 0.511468
0.707886 -0.194946 0.295532 1.376336 -0.379032 0.574601
1.003540 -0.237549 0.352417 1.951174 -0.461864 0.685201
1.154907 -0.195679 0.479858 2.245476 -0.380456 0.932985
1.034912 -0.044678 0.557007 2.012171 -0.086867 1.082984
0.915405 0.037109 0.597168 1.779815 0.072151 1.161069
0.818604 -0.001587 0.671021 1.591604 -0.003085 1.304659
0.658081 0.064087 0.650024 1.279501 0.124604 1.263837
0.492554 0.094604 0.428955 0.957668 0.183939 0.834014
0.456665 0.005249 0.170654 0.887890 0.010206 0.331802
0.369873 -0.063354 0.055420 0.719141 -0.123180 0.107752
0.238159 0.040405 0.036377 0.463051 0.078560 0.070727
0.080078 0.198486 0.009644 0.155695 0.385915 0.018750
-0.028320 0.266235 -0.016846 -0.055063 0.517639 -0.032753
0.011108 0.248047 -0.029785 0.021598 0.482275 -0.057911
0.098022 0.161011 -0.013916 0.190584 0.313052 -0.027057
0.096924 0.073853 -0.017578 0.188448 0.143591 -0.034177
0.068848 0.008667 -0.034546 0.133860 0.016851 -0.067167
0.086060 -0.077148 -0.041626 0.167325 -0.149999 -0.080933
0.100464 0.000732 -0.033691 0.195331 0.001424 -0.065506
0.065796 0.074463 -0.057251 0.127926 0.144778 -0.111313
0.004883 0.075684 -0.139404 0.009494 0.147151 -0.271043
-0.017822 0.054077 -0.187012 -0.034652 0.105142 -0.363605
-0.004517 0.054810 -0.152100 -0.008782 0.106566 -0.295726
0.006592 0.099243 -0.115479 0.012816 0.192958 -0.224524
-0.003784 0.106323 -0.130615 -0.007358 0.206723 -0.253954
-0.005615 0.091675 -0.158447 -0.010918 0.178243 -0.308068
-0.010010 0.074707 -0.177734 -0.019462 0.145252 -0.345567
-0.020508 0.026978 -0.171265 -0.039873 0.052452 -0.332988
-0.001709 0.006226 -0.161743 -0.003323 0.012104 -0.314476
0.048340 0.031128 -0.125732 0.093987 0.060522 -0.244460
0.052490 -0.000977 -0.105103 0.102056 -0.001899 -0.204350
0.001221 -0.030640 -0.119995 0.002373 -0.059572 -0.233305
-0.048096 -0.003052 -0.116333 -0.093512 -0.005934 -0.226185
-0.092529 -0.016357 -0.104614 -0.179904 -0.031804 -0.203401
-0.102905 0.003784 -0.112183 -0.200078 0.007358 -0.218116
-0.092163 0.029663 -0.122070 -0.179192 0.057674 -0.237340
-0.064941 0.032837 -0.117432 -0.126265 0.063845 -0.228321
-0.021973 0.033569 -0.107544 -0.042721 0.065269 -0.209097
-0.013062 -0.021973 -0.135132 -0.025395 -0.042721 -0.262736
-0.042725 -0.036499 -0.146729 -0.083069 -0.070965 -0.285283
-0.042236 -0.043701 -0.112305 -0.082120 -0.084968 -0.218353
-0.039795 -0.065430 -0.062378 -0.077373 -0.127214 -0.121281
-0.098877 -0.084106 -0.055054 -0.192246 -0.163527 -0.107040
-0.144775 -0.152466 -0.098999 -0.281486 -0.296438 -0.192483
-0.154785 -0.244751 -0.161499 -0.300947 -0.475867 -0.314001
-0.132202 -0.185303 -0.177734 -0.257040 -0.360283 -0.345567
-0.122437 -0.275879 -0.131470 -0.238052 -0.536389 -0.255615
