0.077148 -0.097656 -0.186523 0.149999 -0.189872 -0.362656
0.159058 -0.056274 -0.213379 0.309254 -0.109414 -0.414871
0.043335 -0.127563 -0.224487 0.084256 -0.248021 -0.436469
-0.030640 -0.195801 -0.143921 -0.059572 -0.380694 -0.279824
-0.113281 -0.483643 -0.151611 -0.220252 -0.940342 -0.294777
0.035767 -0.991699 -0.440918 0.069541 -1.928152 -0.857273
0.105835 -1.067993 -0.411133 0.205774 -2.076490 -0.799362
-0.004150 -0.530273 -0.176147 -0.008070 -1.031006 -0.342482
-0.510132 -0.200073 -0.072998 -0.991845 -0.389001 -0.141929
-0.946045 -0.357056 0.153198 -1.839387 -0.694220 0.297862
-1.066162 -0.465576 0.560913 -2.072930 -0.905216 1.090579
-1.104370 -0.202637 0.824219 -2.147218 -0.393985 1.602522
-1.201660 0.296143 1.057739 -2.336378 0.575788 2.056554
-1.321167 0.218872 1.355591 -2.568734 0.425551 2.635664
-1.105957 -0.491089 1.026123 -2.150303 -0.954820 1.995082
-0.849854 -0.555786 0.440430 -1.652363 -1.080610 0.856324
-0.906494 0.556152 0.239380 -1.762489 1.081322 0.465424
-1.035400 1.348022 0.259888 -2.013120 2.620949 0.505297
-0.777710 0.814087 -0.005859 -1.512095 1.582822 -0.011392
-0.409912 0.080078 -0.632080 -0.796989 0.155695 -1.228948
-0.083740 -0.316284 -1.303223 -0.162815 -0.614949 -2.533845
-0.138550 -0.397095 -1.716675 -0.269381 -0.772068 -3.337716
-0.458374 0.328613 -2.196899 -0.891213 0.638920 -4.271413
-0.200073 0.034790 -1.591309 -0.389001 0.067642 -3.093968
0.119751 -0.012207 -1.317261 0.232831 -0.023734 -2.561139
-0.143555 0.422119 -1.406006 -0.279112 0.820723 -2.733685
-0.332397 0.566162 -1.189209 -0.646278 1.100784 -2.312169
-0.244263 0.498169 -1.172729 -0.474918 0.968586 -2.280128
-0.011353 0.334961 -1.415161 -0.022073 0.651262 -2.751486
0.211304 0.205078 -1.360474 0.410836 0.398732 -2.645158
0.231201 0.109497 -0.840210 0.449522 0.212894 -1.633613
0.181030 0.102417 -0.299683 0.351976 0.199128 -0.582670
0.212280 0.224121 -0.012085 0.412735 0.435757 -0.023497
0.381470 0.211548 0.202881 0.741688 0.411311 0.394460
0.606934 -0.079590 0.407837 1.180056 -0.154746 0.792954
0.743774 -0.406372 0.592407 1.446114 -0.790106 1.151812
0.731323 -0.272827 0.889282 1.421906 -0.530456 1.729024
0.637695 0.044678 1.131958 1.239866 0.086867 2.200856
0.857056 0.238525 0.954346 1.666366 0.463763 1.855526
1.023315 -0.036377 0.552124 1.989624 -0.070727 1.073490
0.995117 -0.211426 0.549316 1.934798 -0.411073 1.068031
0.766724 -0.057373 0.720947 1.490734 -0.111550 1.401732
0.564575 0.133911 0.646118 1.097699 0.260362 1.256242
0.341431 0.341675 0.534058 0.663841 0.664315 1.038364
0.163086 0.395386 0.445557 0.317087 0.768745 0.866292
0.094971 0.344604 0.227783 0.184651 0.670012 0.442877
0.063721 0.276245 0.033691 0.123892 0.537101 0.065506
0.114014 0.266479 0.001099 0.221676 0.518114 0.002136
0.272095 0.327271 -0.004883 0.529032 0.636309 -0.009494
0.308472 0.242554 -0.061646 0.599759 0.471595 -0.119857
0.251953 0.083252 -0.190430 0.489870 0.161866 -0.370251
0.265137 0.115601 -0.254761 0.515503 0.224761 -0.495329
0.390015 0.199707 -0.161377 0.758302 0.388289 -0.313764
0.195313 0.140747 -0.092651 0.379744 0.273653 -0.180141
-0.169556 0.152222 0.027710 -0.329666 0.295963 0.053876
-0.141479 0.178467 0.026001 -0.275077 0.346992 0.050553
-0.130615 0.145996 -0.156738 -0.253954 0.283859 -0.304745
-0.120850 0.100098 -0.183472 -0.234967 0.194619 -0.356722
-0.116089 0.032715 -0.185791 -0.225711 0.063607 -0.361232
-0.116089 0.017700 -0.208130 -0.225711 0.034414 -0.404665
-0.114014 0.121704 -0.154907 -0.221676 0.236628 -0.301185
-0.133423 0.134644 -0.056274 -0.259413 0.261786 -0.109414
-0.125854 0.139038 -0.037842 -0.244698 0.270331 -0.073575
-0.088135 0.120239 -0.091431 -0.171360 0.233780 -0.177768
-0.013184 0.064453 -0.104126 -0.025633 0.125316 -0.202451
0.014526 0.029541 -0.107666 0.028243 0.057436 -0.209334
0.036255 -0.015015 -0.129639 0.070490 -0.029193 -0.252055
0.027588 -0.013794 -0.127563 0.053639 -0.026819 -0.248021
0.015747 -0.010620 -0.084839 0.030617 -0.020649 -0.164952
0.024048 0.064941 -0.088135 0.046756 0.126265 -0.171360
0.034180 0.091675 -0.110840 0.066455 0.178243 -0.215505
0.053101 0.051147 -0.112183 0.103243 0.099446 -0.218116
0.048950 -0.025269 -0.063843 0.095173 -0.049129 -0.124129
0.003296 0.023193 -0.065430 0.006408 0.045095 -0.127214
-0.008423 0.108643 -0.146973 -0.016376 0.211233 -0.285758
0.010742 0.101318 -0.133545 0.020886 0.196992 -0.259650
-0.057129 0.011841 -0.144653 -0.111075 0.023022 -0.281248
-0.041382 -0.033936 -0.101196 -0.080458 -0.065981 -0.196755
-0.096436 0.102661 -0.125610 -0.187499 0.199603 -0.244223
-0.097290 0.213257 -0.131592 -0.189160 0.414633 -0.255853
