-0.034912 0.233765 0.148438 -0.067879 0.454507 0.288606
0.112915 0.323364 0.072144 0.219540 0.628714 0.140268
0.006348 0.131836 -0.164673 0.012342 0.256328 -0.320172
-0.000610 -0.029297 -0.299316 -0.001187 -0.056962 -0.581958
-0.100098 -0.095093 -0.393066 -0.194619 -0.184888 -0.764236
-0.129395 -0.257568 -0.288086 -0.251581 -0.500788 -0.560123
-0.056274 -1.416748 -0.468262 -0.109414 -2.754571 -0.910437
0.255005 0.416138 -0.492798 0.495804 0.809093 -0.958143
-0.291870 0.943726 -0.722900 -0.567481 1.834878 -1.405529
-0.759033 0.462036 -0.565430 -1.475782 0.898333 -1.099360
-1.104858 -0.547119 0.164551 -2.148167 -1.063759 0.319935
-1.464722 -0.435547 1.370850 -2.847846 -0.846830 2.665331
-1.747437 0.221069 2.138428 -3.397526 0.429823 4.157727
-1.524170 0.906006 1.661987 -2.963431 1.761540 3.231388
-1.003418 0.844482 0.858765 -1.950937 1.641920 1.669689
-0.902466 0.285034 0.464844 -1.754657 0.554190 0.903792
-0.588013 -0.036865 0.023193 -1.143268 -0.071677 0.045095
-0.129395 0.101318 -0.397095 -0.251581 0.196992 -0.772068
0.019409 0.329224 -0.779175 0.037737 0.640107 -1.514943
-0.030273 0.402344 -1.176758 -0.058860 0.782274 -2.287960
0.050903 0.157959 -1.434937 0.098971 0.307118 -2.789935
0.099854 -0.109375 -1.750854 0.194144 -0.212657 -3.404172
0.046265 -0.024170 -1.946777 0.089952 -0.046993 -3.785103
-0.002686 0.339355 -1.872437 -0.005221 0.659806 -3.640563
-0.138916 0.412598 -1.792480 -0.270093 0.802210 -3.485105
-0.180176 0.185547 -1.625732 -0.350314 0.360757 -3.160898
-0.111450 0.135254 -1.152588 -0.216692 0.262973 -2.240967
-0.212646 -0.009644 -0.615967 -0.413447 -0.018750 -1.197619
-0.349365 -0.083008 -0.289307 -0.679268 -0.161391 -0.562496
-0.261719 -0.029907 -0.083984 -0.508858 -0.058148 -0.163290
-0.092896 -0.034424 0.171021 -0.180616 -0.066930 0.332514
0.174561 -0.047729 0.398193 0.339397 -0.092800 0.774204
0.362061 -0.084961 0.501587 0.703951 -0.165189 0.975231
0.426880 -0.216919 0.532593 0.829979 -0.421754 1.035516
0.488647 -0.369263 0.654907 0.950073 -0.717954 1.273331
0.571045 -0.371826 0.833862 1.110278 -0.722938 1.621271
0.607910 -0.262085 0.894775 1.181955 -0.509570 1.739704
0.518311 -0.306885 0.809570 1.007747 -0.596673 1.574041
0.532104 -0.302246 0.573120 1.034566 -0.587655 1.114313
0.521973 -0.115356 0.460205 1.014867 -0.224287 0.894773
0.394897 0.037354 0.492920 0.767796 0.072626 0.958380
0.253296 0.100830 0.506348 0.492481 0.196043 0.984487
0.175415 0.127197 0.312500 0.341058 0.247309 0.607591
0.116821 0.183105 0.111938 0.227135 0.356010 0.217641
0.084106 0.169678 0.058716 0.163527 0.329903 0.114161
0.133301 0.124756 -0.000732 0.259176 0.242562 -0.001424
0.192383 0.039551 -0.027100 0.374048 0.076898 -0.052690
0.184082 0.067627 -0.066772 0.357909 0.131487 -0.129825
0.127075 0.118530 -0.149780 0.247071 0.230457 -0.291217
0.045288 0.059814 -0.155640 0.088053 0.116297 -0.302609
0.007324 0.096436 -0.126221 0.014240 0.187499 -0.245410
0.042603 0.102295 -0.099243 0.082832 0.198891 -0.192958
-0.025391 -0.023071 -0.110229 -0.049367 -0.044857 -0.214318
-0.015381 -0.013794 -0.151123 -0.029905 -0.026819 -0.293827
-0.017090 -0.037231 -0.171387 -0.033228 -0.072389 -0.333226
0.008179 0.028809 -0.160278 0.015902 0.056012 -0.311628
-0.004761 0.040283 -0.155640 -0.009256 0.078322 -0.302609
-0.028076 0.019287 -0.117554 -0.054588 0.037500 -0.228559
-0.015137 0.052124 -0.110474 -0.029430 0.101344 -0.214793
-0.003418 0.051514 -0.135864 -0.006646 0.100158 -0.264160
-0.011230 0.026733 -0.122803 -0.021835 0.051978 -0.238764
-0.023071 0.020386 -0.091797 -0.044857 0.039636 -0.178480
-0.007935 0.029053 -0.065918 -0.015427 0.056487 -0.128164
-0.023682 0.000488 -0.109863 -0.046044 0.000949 -0.213606
-0.015259 -0.006104 -0.152100 -0.029668 -0.011867 -0.295726
-0.031738 -0.013062 -0.132690 -0.061708 -0.025395 -0.257989
-0.006104 0.082642 -0.091309 -0.011867 0.160679 -0.177531
-0.052612 0.118286 -0.068848 -0.102294 0.229983 -0.133860
-0.038086 0.073730 -0.049438 -0.074050 0.143354 -0.096123
-0.023071 0.017212 -0.074707 -0.044857 0.033465 -0.145252
-0.027222 0.081177 -0.071167 -0.052927 0.157831 -0.138369
-0.026123 0.176270 -0.026978 -0.050791 0.342719 -0.052452
-0.042114 0.141479 -0.028198 -0.081882 0.275077 -0.054826
-0.076050 -0.031738 -0.121948 -0.147863 -0.061708 -0.237103
-0.074707 -0.123535 -0.194824 -0.145252 -0.240188 -0.378795
-0.073730 -0.060669 -0.152710 -0.143354 -0.117958 -0.296913
-0.053955 -0.045410 -0.150024 -0.104904 -0.088291 -0.291691
-0.035034 -0.008667 -0.111694 -0.068117 -0.016851 -0.217166
-0.092896 -0.021606 -0.127441 -0.180616 -0.042009 -0.247783
-0.097290 0.006714 -0.149414 -0.189160 0.013054 -0.290505
