-0.252563 0.076782 -0.067383 -0.491057 0.149287 -0.131012
-0.287964 0.038086 -0.016357 -0.559886 0.074050 -0.031804
-0.147583 -0.018555 -0.132690 -0.286944 -0.036076 -0.257989
-0.028442 -0.174316 -0.172363 -0.055300 -0.338922 -0.335124
0.079834 -0.258667 -0.209595 0.155221 -0.502924 -0.407513
0.173462 0.078369 -0.388306 0.337261 0.152372 -0.754979
0.231812 0.169922 -0.266968 0.450709 0.330378 -0.519063
0.472900 0.335815 -0.075195 0.919456 0.652923 -0.146202
0.928955 0.338623 -0.078735 1.806160 0.658382 -0.153084
1.229004 0.146729 -0.094604 2.389542 0.285283 -0.183939
1.465332 -0.123779 0.008667 2.849033 -0.240663 0.016851
1.485474 -0.258179 0.120972 2.888194 -0.501975 0.235204
1.438477 -0.229492 0.160767 2.796818 -0.446200 0.312577
1.289917 -0.117065 0.169067 2.507975 -0.227609 0.328716
1.152100 -0.024658 0.209717 2.240018 -0.047943 0.407751
1.030640 0.005859 0.211304 2.003864 0.011392 0.410836
0.834839 -0.039795 0.021606 1.623170 -0.077373 0.042009
0.644287 0.027710 -0.144165 1.252682 0.053876 -0.280299
0.436035 0.125366 -0.177246 0.847780 0.243748 -0.344618
0.194092 0.032593 -0.111938 0.377371 0.063370 -0.217641
-0.030884 -0.009155 -0.065552 -0.060047 -0.017801 -0.127452
-0.242065 0.006348 -0.059082 -0.470646 0.012342 -0.114873
-0.425293 -0.083130 -0.092529 -0.826894 -0.161629 -0.179904
-0.570190 -0.069336 -0.166260 -1.108616 -0.134809 -0.323257
-0.730225 -0.045044 -0.210327 -1.419770 -0.087579 -0.408937
-0.898926 -0.103516 -0.217407 -1.747774 -0.201265 -0.422703
-1.040649 -0.206421 -0.243530 -2.023326 -0.401342 -0.473494
-1.151245 -0.223389 -0.287109 -2.238356 -0.434333 -0.558224
-1.304321 -0.187622 -0.285889 -2.535981 -0.364792 -0.555851
-1.311279 -0.152222 -0.245850 -2.549509 -0.295963 -0.478003
-1.161987 -0.191284 -0.152588 -2.259242 -0.371912 -0.296675
-1.032593 -0.282471 -0.121826 -2.007662 -0.549205 -0.236866
-0.910767 -0.474487 -0.249268 -1.770796 -0.922542 -0.484649
-0.819092 -0.366333 -0.443726 -1.592553 -0.712258 -0.862732
-0.640503 -0.214478 -0.366943 -1.245324 -0.417007 -0.713445
-0.453003 -0.213379 -0.169922 -0.880770 -0.414871 -0.330378
-0.208862 -0.157959 -0.005737 -0.406089 -0.307118 -0.011155
0.063477 0.076050 0.007935 0.123417 0.147863 0.015427
0.126221 0.038574 -0.068237 0.245410 0.075000 -0.132673
0.131836 -0.023804 -0.139160 0.256328 -0.046281 -0.270568
0.104126 0.077515 -0.137695 0.202451 0.150711 -0.267720
0.060547 0.123169 -0.104248 0.117721 0.239476 -0.202689
0.016724 0.071533 -0.030396 0.032516 0.139081 -0.059098
-0.004639 0.110352 0.018188 -0.009019 0.214556 0.035364
-0.004517 0.108398 0.009888 -0.008782 0.210758 0.019225
-0.002197 0.079956 -0.056030 -0.004272 0.155458 -0.108939
-0.006958 0.067871 -0.106567 -0.013528 0.131961 -0.207198
0.003662 0.102539 -0.112305 0.007120 0.199366 -0.218353
0.025269 0.063477 -0.108398 0.049129 0.123417 -0.210758
0.046753 0.003418 -0.096558 0.090901 0.006646 -0.187736
0.045776 -0.017822 -0.084961 0.089003 -0.034652 -0.165189
0.045288 0.040039 -0.078125 0.088053 0.077848 -0.151898
0.025269 0.100342 -0.073730 0.049129 0.195094 -0.143354
0.013550 0.056274 -0.074829 0.026345 0.109414 -0.145490
0.024902 0.011963 -0.076416 0.048417 0.023259 -0.148575
0.017090 -0.014526 -0.086060 0.033228 -0.028243 -0.167325
0.033325 -0.032959 -0.080933 0.064794 -0.064082 -0.157357
0.028442 -0.010010 -0.058350 0.055300 -0.019462 -0.113449
0.014893 0.020386 -0.043213 0.028956 0.039636 -0.084018
-0.007324 -0.023315 -0.053589 -0.014240 -0.045332 -0.104192
0.010010 -0.019897 -0.091675 0.019462 -0.038686 -0.178243
0.016968 0.009644 -0.098511 0.032990 0.018750 -0.191534
0.036865 0.059204 -0.091797 0.071677 0.115110 -0.178480
0.046387 0.068481 -0.104126 0.090189 0.133148 -0.202451
0.044556 0.040039 -0.126587 0.086629 0.077848 -0.246122
0.025146 0.030640 -0.151001 0.048892 0.059572 -0.293590
-0.006348 0.062256 -0.181030 -0.012342 0.121044 -0.351976
-0.031860 0.053101 -0.177979 -0.061946 0.103243 -0.346042
-0.055664 0.022827 -0.157837 -0.108227 0.044383 -0.306881
-0.092041 0.023071 -0.154053 -0.178955 0.044857 -0.299523
-0.082642 -0.023560 -0.147217 -0.160679 -0.045807 -0.286232
-0.032715 -0.031006 -0.124390 -0.063607 -0.060284 -0.241850
-0.024780 -0.051392 -0.111084 -0.048180 -0.099920 -0.215980
-0.001709 -0.022583 -0.123901 -0.003323 -0.043908 -0.240900
-0.011841 0.002930 -0.108032 -0.023022 0.005696 -0.210046
-0.020142 -0.006226 -0.083984 -0.039161 -0.012104 -0.163290
-0.018799 0.002808 -0.087524 -0.036550 0.005459 -0.170173
-0.028687 -0.005371 -0.098755 -0.055775 -0.010443 -0.192008
-0.042358 0.018066 -0.123413 -0.082357 0.035126 -0.239951
-0.047607 0.014771 -0.136475 -0.092563 0.028718 -0.265346
