0.591797 -0.198730 -0.035400 1.150626 -0.386390 -0.068829
0.587158 -0.258667 -0.158081 1.141607 -0.502924 -0.307356
0.791748 -0.162598 -0.219116 1.539389 -0.316137 -0.426026
1.152466 -0.117798 -0.213013 2.240730 -0.229033 -0.414159
1.547119 -0.234741 -0.193970 3.008051 -0.456405 -0.377134
1.698242 -0.165405 -0.119141 3.301878 -0.321596 -0.231644
2.036865 -0.465576 -0.224121 3.960260 -0.905216 -0.435757
2.285645 -0.319214 -0.311279 4.443960 -0.620645 -0.605218
2.326904 -0.374756 -0.437866 4.524180 -0.728635 -0.851340
2.293945 -0.592529 -0.457642 4.460099 -1.152050 -0.889789
2.252441 -0.611816 -0.529541 4.379403 -1.189550 -1.029582
1.937134 -0.523926 -0.586792 3.766353 -1.018664 -1.140895
1.465698 -0.437622 -0.566040 2.849745 -0.850865 -1.100547
1.018921 -0.304688 -0.451294 1.981079 -0.592401 -0.877447
0.634521 -0.106812 -0.338745 1.233695 -0.207673 -0.658619
0.303467 0.089355 -0.223877 0.590028 0.173733 -0.435282
-0.016235 0.123535 -0.124390 -0.031566 0.240188 -0.241850
-0.342041 0.064087 -0.047607 -0.665027 0.124604 -0.092563
-0.683838 0.033081 0.020508 -1.329580 0.064319 0.039873
-0.994873 0.082275 0.082642 -1.934323 0.159967 0.160679
-1.311890 0.153320 0.155762 -2.550696 0.298099 0.302846
-1.629639 0.257202 0.255371 -3.168493 0.500076 0.496516
-1.990479 0.411255 0.333130 -3.870071 0.799599 0.647702
-2.344604 0.639893 0.365967 -4.558595 1.244138 0.711546
-2.461914 0.636108 0.405762 -4.786679 1.236780 0.788919
-2.568359 0.629272 0.347656 -4.993639 1.223489 0.675945
-2.482910 0.569092 0.107056 -4.827501 1.106480 0.208147
-2.120605 0.474609 -0.116455 -4.123075 0.922779 -0.226423
-1.639526 0.618042 -0.141113 -3.187717 1.201654 -0.274365
-1.191162 0.575562 -0.090820 -2.315967 1.119059 -0.176581
-1.080078 0.273804 -0.167480 -2.099987 0.532354 -0.325631
-0.996826 0.322388 -0.174805 -1.938121 0.626816 -0.339871
-0.549438 0.252197 -0.034546 -1.068269 0.490345 -0.067167
-0.000366 -0.051270 -0.013428 -0.000712 -0.099683 -0.026107
0.278564 -0.250610 -0.184326 0.541611 -0.487260 -0.358384
0.273560 -0.223022 -0.300293 0.531880 -0.433621 -0.583857
0.123169 0.018311 -0.305786 0.239476 0.035601 -0.594537
0.030273 0.132324 -0.225220 0.058860 0.257277 -0.437893
0.029297 0.068970 -0.162842 0.056962 0.134097 -0.316612
0.017944 0.003174 -0.175903 0.034889 0.006171 -0.342007
-0.045410 0.047974 -0.214111 -0.088291 0.093275 -0.416295
-0.045898 0.086548 -0.183228 -0.089240 0.168274 -0.356248
-0.025269 0.057007 -0.167114 -0.049129 0.110838 -0.324919
-0.011719 0.046997 -0.158569 -0.022785 0.091376 -0.308305
-0.000610 0.047119 -0.138794 -0.001187 0.091613 -0.269856
-0.000854 0.045410 -0.126465 -0.001661 0.088291 -0.245885
-0.002197 0.050293 -0.126099 -0.004272 0.097784 -0.245173
0.019531 0.033691 -0.140015 0.037974 0.065506 -0.272229
0.039185 0.012817 -0.155029 0.076186 0.024921 -0.301422
0.036621 0.027100 -0.151733 0.071202 0.052690 -0.295014
0.030518 0.029785 -0.147461 0.059335 0.057911 -0.286707
0.033691 0.007446 -0.127808 0.065506 0.014478 -0.248495
0.034790 -0.019287 -0.104248 0.067642 -0.037500 -0.202689
0.016602 -0.028931 -0.091431 0.032278 -0.056250 -0.177768
-0.004883 -0.024536 -0.088013 -0.009494 -0.047705 -0.171122
-0.014771 -0.005981 -0.098267 -0.028718 -0.011630 -0.191059
-0.029785 0.021362 -0.104980 -0.057911 0.041535 -0.204113
-0.017822 0.037354 -0.109863 -0.034652 0.072626 -0.213606
0.011108 0.036987 -0.105469 0.021598 0.071914 -0.205062
0.034668 0.056885 -0.098999 0.067405 0.110601 -0.192483
0.050903 0.062622 -0.102661 0.098971 0.121756 -0.199603
0.063721 0.039185 -0.101318 0.123892 0.076186 -0.196992
0.059692 0.029175 -0.100830 0.116059 0.056724 -0.196043
0.037720 0.058105 -0.095947 0.073338 0.112974 -0.186549
0.030151 0.087646 -0.081665 0.058623 0.170410 -0.158781
0.033325 0.085205 -0.061646 0.064794 0.165664 -0.119857
0.026245 0.066284 -0.061890 0.051028 0.128876 -0.120332
0.021240 0.067627 -0.062866 0.041297 0.131487 -0.122230
0.018433 0.072998 -0.077759 0.035838 0.141929 -0.151186
0.008057 0.042236 -0.117554 0.015664 0.082120 -0.228559
-0.000610 0.000610 -0.159058 -0.001187 0.001187 -0.309254
-0.017334 -0.007690 -0.197754 -0.033702 -0.014952 -0.384491
-0.034058 0.007202 -0.219482 -0.066218 0.014003 -0.426738
-0.021973 0.011230 -0.195313 -0.042721 0.021835 -0.379744
0.000854 0.002319 -0.127197 0.001661 0.004509 -0.247309
0.015137 -0.000732 -0.053711 0.029430 -0.001424 -0.104430
0.020264 -0.010010 -0.013062 0.039398 -0.019462 -0.025395
-0.005737 0.000488 -0.023315 -0.011155 0.000949 -0.045332
-0.049805 0.014160 -0.075928 -0.096835 0.027531 -0.147626
-0.088867 0.019653 -0.129150 -0.172784 0.038212 -0.251106
