-0.530762 0.473022 -0.006836 -1.031956 0.919694 -0.013291
-0.259033 0.457275 0.082153 -0.503636 0.889077 0.159730
0.038696 0.078369 -0.015625 0.075237 0.152372 -0.030380
0.086304 -0.139526 -0.124023 0.167800 -0.271280 -0.241138
0.019653 -0.315186 -0.075317 0.038212 -0.612813 -0.146439
-0.090210 -0.363403 -0.018188 -0.175394 -0.706562 -0.035364
-0.208130 -0.284058 -0.082397 -0.404665 -0.552291 -0.160205
0.152222 0.131470 -0.142090 0.295963 0.255615 -0.276264
0.684448 0.229980 -0.127197 1.330767 0.447149 -0.247309
1.134766 0.048462 -0.000488 2.206315 0.094224 -0.000949
1.363281 0.012451 0.040405 2.650616 0.024209 0.078560
1.456909 -0.054199 0.083862 2.832656 -0.105379 0.163053
1.530640 -0.183472 0.194580 2.976010 -0.356722 0.378320
1.675049 -0.312744 0.290161 3.256783 -0.608066 0.564158
1.725830 -0.408081 0.292603 3.355517 -0.793429 0.568905
1.653687 -0.355957 0.192627 3.215249 -0.692084 0.374523
1.485840 -0.186401 0.139038 2.888906 -0.362419 0.270331
1.311768 -0.135498 0.152100 2.550459 -0.263448 0.295726
1.159546 -0.262085 0.145752 2.254495 -0.509570 0.283384
0.937866 -0.236328 0.073120 1.823485 -0.459491 0.142167
0.618164 -0.197388 0.064697 1.201891 -0.383779 0.125790
0.348877 -0.045166 -0.031250 0.678319 -0.087816 -0.060759
0.086426 0.066406 -0.204468 0.168037 0.129113 -0.397545
-0.154053 -0.050781 -0.291992 -0.299523 -0.098734 -0.567718
-0.348877 -0.165161 -0.303589 -0.678319 -0.321121 -0.590265
-0.601440 -0.046875 -0.263306 -1.169376 -0.091139 -0.511943
-0.859619 0.004883 -0.211548 -1.671350 0.009494 -0.411311
-1.090820 -0.060791 -0.234375 -2.120873 -0.118195 -0.455693
-1.309814 0.002686 -0.359131 -2.546661 0.005221 -0.698255
-1.592285 -0.003662 -0.338745 -3.095867 -0.007120 -0.658619
-1.802246 0.087402 -0.315063 -3.504092 0.169936 -0.612575
-2.079346 0.398315 -0.372437 -4.042854 0.774441 -0.724125
-2.096680 0.624268 -0.365723 -4.076557 1.213758 -0.711071
-1.763794 0.416748 -0.245972 -3.429330 0.810280 -0.478241
-1.458130 0.324585 -0.213623 -2.835030 0.631088 -0.415345
-0.915649 0.186035 -0.272827 -1.780290 0.361707 -0.530456
-0.461670 0.010376 -0.340576 -0.897621 0.020174 -0.662179
-0.296143 -0.177856 -0.315063 -0.575788 -0.345805 -0.612575
-0.211792 -0.207397 -0.189331 -0.411785 -0.403241 -0.368115
-0.112793 -0.144043 -0.157349 -0.219302 -0.280062 -0.305932
-0.038574 -0.136719 -0.162231 -0.075000 -0.265821 -0.315425
-0.001709 -0.181885 -0.135376 -0.003323 -0.353637 -0.263210
0.026367 -0.031982 -0.092163 0.051266 -0.062183 -0.179192
0.067871 0.131104 -0.100464 0.131961 0.254903 -0.195331
0.118774 0.121704 -0.112793 0.230932 0.236628 -0.219302
0.177612 0.038208 -0.099854 0.345330 0.074288 -0.194144
0.191162 -0.048218 -0.078857 0.371675 -0.093749 -0.153322
0.102295 0.043335 -0.083496 0.198891 0.084256 -0.162341
0.022949 0.098267 -0.109009 0.044620 0.191059 -0.211945
0.016968 0.022461 -0.133179 0.032990 0.043671 -0.258938
0.026611 0.000488 -0.141113 0.051740 0.000949 -0.274365
0.029175 0.028442 -0.131470 0.056724 0.055300 -0.255615
0.020752 0.027344 -0.108276 0.040348 0.053164 -0.210521
0.027832 0.037476 -0.107666 0.054114 0.072863 -0.209334
0.029175 0.026367 -0.101318 0.056724 0.051266 -0.196992
0.014648 0.010132 -0.087280 0.028481 0.019699 -0.169698
0.015625 0.038818 -0.113159 0.030380 0.075474 -0.220014
0.015015 0.020386 -0.128662 0.029193 0.039636 -0.250157
0.023315 -0.010742 -0.120728 0.045332 -0.020886 -0.234730
0.036377 -0.020874 -0.114014 0.070727 -0.040585 -0.221676
0.034668 0.016846 -0.126465 0.067405 0.032753 -0.245885
0.048828 0.001831 -0.127808 0.094936 0.003560 -0.248495
0.031494 -0.020630 -0.102905 0.061234 -0.040111 -0.200078
-0.034790 -0.042725 -0.120972 -0.067642 -0.083069 -0.235204
0.015747 0.002075 -0.141968 0.030617 0.004035 -0.276027
0.040649 0.005615 -0.111328 0.079034 0.010918 -0.216454
0.017700 -0.044067 -0.101074 0.034414 -0.085680 -0.196518
-0.022339 -0.092407 -0.112549 -0.043433 -0.179667 -0.218828
0.024048 -0.087769 -0.106689 0.046756 -0.170648 -0.207435
0.046509 -0.173218 -0.104492 0.090427 -0.336786 -0.203163
0.043457 -0.159546 -0.122803 0.084493 -0.310204 -0.238764
-0.004883 0.036133 -0.128052 -0.009494 0.070253 -0.248970
-0.039063 0.122559 -0.118530 -0.075949 0.238290 -0.230457
-0.020874 0.096680 -0.118286 -0.040585 0.187973 -0.229983
-0.009521 0.043823 -0.136597 -0.018513 0.085205 -0.265584
0.009155 -0.003784 -0.140259 0.017801 -0.007358 -0.272704
0.018677 0.033569 -0.135864 0.036313 0.065269 -0.264160
0.021851 0.052979 -0.132813 0.042484 0.103006 -0.258226
0.017700 0.024414 -0.127686 0.034414 0.047468 -0.248258
0.005127 -0.025635 -0.119629 0.009968 -0.049841 -0.232593
