-0.311035 -0.452393 -0.255127 -0.604743 -0.879583 -0.496041
-0.488159 -0.264893 -0.300659 -0.949124 -0.515028 -0.584569
-0.355835 -0.132813 -0.206421 -0.691847 -0.258226 -0.401342
-0.212891 0.066284 -0.066162 -0.413921 0.128876 -0.128638
-0.258301 0.398682 0.120239 -0.502212 0.775153 0.233780
-0.163086 0.545288 0.264526 -0.317087 1.060199 0.514316
0.382446 0.349976 0.168823 0.743587 0.680455 0.328242
1.030884 -0.077026 -0.035400 2.004339 -0.149762 -0.068829
1.587280 0.026978 -0.058594 3.086136 0.052452 -0.113923
1.784424 0.224976 -0.108521 3.469440 0.437418 -0.210996
1.917236 0.512695 -0.135742 3.727667 0.996829 -0.263922
1.990723 0.173828 -0.081787 3.870545 0.337973 -0.159018
2.134766 0.036621 -0.129272 4.150607 0.071202 -0.251343
2.127686 0.130005 -0.235352 4.136841 0.252767 -0.457592
2.119995 0.196167 -0.302490 4.121889 0.381406 -0.588129
2.075195 -0.080078 -0.371704 4.034785 -0.155695 -0.722701
2.032593 -0.315552 -0.467773 3.951953 -0.613525 -0.909488
1.912231 -0.554443 -0.533569 3.717936 -1.078000 -1.037414
1.596558 -0.586426 -0.562988 3.104174 -1.140183 -1.094613
1.147827 -0.462036 -0.552612 2.231711 -0.898333 -1.074440
0.674683 -0.250000 -0.461914 1.311780 -0.486073 -0.898096
0.275269 -0.161255 -0.322876 0.535202 -0.313527 -0.627765
-0.096069 -0.210449 -0.143677 -0.186787 -0.409175 -0.279350
-0.452637 -0.284790 0.013794 -0.880058 -0.553715 0.026819
-0.718018 -0.287964 0.131226 -1.396036 -0.559886 0.255141
-0.975952 -0.262573 0.218872 -1.897536 -0.510519 0.425551
-1.236816 -0.117065 0.249146 -2.404732 -0.227609 0.484412
-1.498047 -0.040649 0.333740 -2.912640 -0.079034 0.648888
-1.893433 0.121948 0.462646 -3.681385 0.237103 0.899520
-2.127319 0.482422 0.474243 -4.136129 0.937969 0.922067
-2.135620 0.868652 0.348633 -4.152268 1.688913 0.677844
-2.284424 1.002441 0.254028 -4.441586 1.949038 0.493905
-2.176636 0.819702 0.152344 -4.232015 1.593740 0.296201
-1.855591 0.136230 0.144775 -3.607810 0.264872 0.281486
-1.665894 -0.154297 0.015747 -3.238983 -0.299998 0.030617
-1.583008 0.129883 -0.076904 -3.077829 0.252530 -0.149524
-1.496460 0.299561 -0.062012 -2.909554 0.582433 -0.120569
-1.398438 0.462769 -0.093506 -2.718970 0.899757 -0.181803
-1.049927 0.295288 -0.098267 -2.041364 0.574126 -0.191059
-0.494629 -0.223633 -0.189087 -0.961703 -0.434807 -0.367640
-0.161133 -0.335815 -0.330444 -0.313289 -0.652923 -0.642480
0.035767 -0.169800 -0.281128 0.069541 -0.330140 -0.546595
0.243896 -0.149902 -0.152222 0.474206 -0.291454 -0.295963
0.374146 -0.229980 -0.116333 0.727448 -0.447149 -0.226185
0.399536 -0.318359 -0.129639 0.776815 -0.618983 -0.252055
0.298706 -0.292236 -0.156250 0.580772 -0.568193 -0.303796
0.138794 -0.151855 -0.144043 0.269856 -0.295251 -0.280062
-0.008179 -0.024414 -0.124634 -0.015902 -0.047468 -0.242324
-0.066528 -0.001099 -0.094604 -0.129350 -0.002136 -0.183939
-0.084106 -0.001343 -0.078491 -0.163527 -0.002611 -0.152610
-0.085449 -0.013794 -0.083008 -0.166138 -0.026819 -0.161391
-0.064209 -0.029053 -0.096558 -0.124841 -0.056487 -0.187736
-0.039185 -0.033447 -0.103516 -0.076186 -0.065031 -0.201265
-0.017334 -0.041626 -0.104370 -0.033702 -0.080933 -0.202926
0.013062 -0.051270 -0.094727 0.025395 -0.099683 -0.184176
0.038696 -0.066650 -0.090088 0.075237 -0.129588 -0.175157
0.027222 -0.100342 -0.093018 0.052927 -0.195094 -0.180853
-0.004028 -0.114136 -0.077271 -0.007832 -0.221913 -0.150236
-0.044800 -0.068604 -0.057373 -0.087104 -0.133385 -0.111550
-0.079346 -0.017578 -0.057739 -0.154271 -0.034177 -0.112262
-0.093140 -0.008057 -0.054565 -0.181091 -0.015664 -0.106091
-0.084839 0.012817 -0.063599 -0.164952 0.024921 -0.123654
-0.061279 0.036377 -0.071411 -0.119145 0.070727 -0.138844
-0.033447 0.051392 -0.079102 -0.065031 0.099920 -0.153797
-0.001465 0.045044 -0.093384 -0.002848 0.087579 -0.181565
0.025757 0.031860 -0.102905 0.050079 0.061946 -0.200078
0.032959 0.036987 -0.106445 0.064082 0.071914 -0.206961
0.031738 0.051147 -0.099609 0.061708 0.099446 -0.193670
0.031006 0.045776 -0.105347 0.060284 0.089003 -0.204825
0.022217 0.042969 -0.113403 0.043196 0.083544 -0.220489
0.008545 0.024902 -0.114746 0.016614 0.048417 -0.223100
-0.005981 0.037231 -0.119507 -0.011630 0.072389 -0.232356
-0.019653 0.046631 -0.122070 -0.038212 0.090664 -0.237340
-0.011475 0.035767 -0.115845 -0.022310 0.069541 -0.225236
-0.001465 0.019287 -0.111084 -0.002848 0.037500 -0.215980
-0.002441 0.008057 -0.108887 -0.004747 0.015664 -0.211708
-0.013062 0.006104 -0.113892 -0.025395 0.011867 -0.221438
-0.020752 -0.006958 -0.115723 -0.040348 -0.013528 -0.224999
-0.029907 -0.011475 -0.113770 -0.058148 -0.022310 -0.221201
-0.038452 -0.014648 -0.119629 -0.074762 -0.028481 -0.232593
