-0.386353 0.057007 -0.179810 -0.751182 0.110838 -0.349602
-0.444092 0.085693 -0.145630 -0.863444 0.166613 -0.283147
-0.328491 0.061768 -0.092285 -0.638683 0.120094 -0.179429
-0.190674 0.054810 -0.159790 -0.370726 0.106566 -0.310678
-0.110840 -0.013062 -0.192749 -0.215505 -0.025395 -0.374760
-0.048950 0.016479 -0.202881 -0.095173 0.032041 -0.394460
0.038208 0.094971 -0.312134 0.074288 0.184651 -0.606879
0.497437 0.316650 -0.309326 0.967162 0.615661 -0.601420
0.926147 0.356323 -0.183105 1.800701 0.692796 -0.356010
1.245605 0.207764 0.026001 2.421820 0.403953 0.050553
1.470459 -0.060181 0.183350 2.859001 -0.117009 0.356485
1.571411 -0.299194 0.223633 3.055281 -0.581721 0.434807
1.720459 -0.303467 0.223877 3.345074 -0.590028 0.435282
1.925049 -0.415527 0.233032 3.742856 -0.807906 0.453083
1.996826 -0.377563 0.205322 3.882412 -0.734093 0.399206
1.898071 -0.235107 0.169556 3.690404 -0.457117 0.329666
1.621948 -0.217163 0.109497 3.153540 -0.422228 0.212894
1.350830 -0.187500 0.097412 2.626408 -0.364555 0.189398
1.084961 -0.124023 0.045166 2.109480 -0.241138 0.087816
0.819458 -0.132935 -0.031982 1.593265 -0.258464 -0.062183
0.569702 -0.097046 -0.105957 1.107667 -0.188686 -0.206011
0.265991 -0.060547 -0.126465 0.517164 -0.117721 -0.245885
-0.079712 0.006592 -0.118164 -0.154983 0.012816 -0.229745
-0.414307 0.034058 -0.124023 -0.805533 0.066218 -0.241138
-0.719849 0.054443 -0.149658 -1.399596 0.105854 -0.290979
-0.971191 0.011963 -0.192871 -1.888279 0.023259 -0.374998
-1.195435 -0.057739 -0.236572 -2.324273 -0.112262 -0.459965
-1.439331 -0.033447 -0.304321 -2.798479 -0.065031 -0.591689
-1.687866 0.082397 -0.387207 -3.281704 0.160205 -0.752843
-1.945190 0.238647 -0.415649 -3.782017 0.464000 -0.808144
-2.396484 0.682251 -0.337891 -4.659464 1.326495 -0.656958
-2.457153 1.382202 -0.283203 -4.777422 2.687404 -0.550629
-1.739868 0.942261 -0.468018 -3.382811 1.832030 -0.909963
-0.934937 -0.345703 -0.738403 -1.817789 -0.672148 -1.435671
-0.549316 -1.029053 -0.690918 -1.068031 -2.000779 -1.343346
-0.444092 -0.370972 -0.429199 -0.863444 -0.721277 -0.834488
-0.440918 0.405762 -0.261963 -0.857273 0.788919 -0.509332
-0.235474 0.288574 -0.165161 -0.457829 0.561072 -0.321121
0.009399 -0.234009 -0.092651 0.018275 -0.454981 -0.180141
0.066895 -0.323242 -0.067993 0.130062 -0.628477 -0.132199
-0.000732 0.001343 -0.119873 -0.001424 0.002611 -0.233068
-0.093140 0.168579 -0.121094 -0.181091 0.327767 -0.235442
-0.062866 0.087891 -0.085083 -0.122230 0.170885 -0.165426
0.032471 -0.030029 -0.049438 0.063133 -0.058386 -0.096123
0.058228 -0.008545 -0.012207 0.113211 -0.016614 -0.023734
0.010010 0.050415 0.012207 0.019462 0.098022 0.023734
-0.026733 -0.023926 0.011475 -0.051978 -0.046519 0.022310
-0.056396 -0.070923 -0.019287 -0.109651 -0.137895 -0.037500
-0.045776 -0.068237 -0.083130 -0.089003 -0.132673 -0.161629
-0.040283 -0.058350 -0.121948 -0.078322 -0.113449 -0.237103
-0.011597 -0.029419 -0.137451 -0.022547 -0.057199 -0.267245
0.019897 -0.057861 -0.109863 0.038686 -0.112499 -0.213606
0.019653 -0.107666 -0.054199 0.038212 -0.209334 -0.105379
-0.010498 -0.108398 -0.004639 -0.020411 -0.210758 -0.009019
-0.041138 -0.075928 0.021973 -0.079984 -0.147626 0.042721
-0.042603 -0.065430 0.015991 -0.082832 -0.127214 0.031092
0.038696 -0.015625 -0.024414 0.075237 -0.030380 -0.047468
0.074707 0.005981 -0.072021 0.145252 0.011630 -0.140031
0.075806 0.000854 -0.104614 0.147388 0.001661 -0.203401
0.058594 -0.042236 -0.115601 0.113923 -0.082120 -0.224761
0.042358 -0.069458 -0.102173 0.082357 -0.135047 -0.198654
0.031860 -0.049561 -0.101318 0.061946 -0.096360 -0.196992
0.027832 -0.006958 -0.101807 0.054114 -0.013528 -0.197942
0.014771 0.030029 -0.096802 0.028718 0.058386 -0.188211
0.048706 0.058838 -0.082031 0.094699 0.114398 -0.159493
-0.056519 0.000366 -0.111084 -0.109889 0.000712 -0.215980
0.033691 0.015015 -0.152100 0.065506 0.029193 -0.295726
0.034668 0.026367 -0.141724 0.067405 0.051266 -0.275552
0.034668 0.038696 -0.142212 0.067405 0.075237 -0.276501
0.032593 0.064087 -0.148926 0.063370 0.124604 -0.289555
0.034058 0.055176 -0.132446 0.066218 0.107278 -0.257514
0.031616 0.038086 -0.123291 0.061471 0.074050 -0.239714
0.016357 0.062500 -0.123535 0.031804 0.121518 -0.240188
0.001587 0.028442 -0.108765 0.003085 0.055300 -0.211470
-0.009277 -0.010132 -0.092285 -0.018038 -0.019699 -0.179429
-0.017212 -0.010864 -0.093994 -0.033465 -0.021123 -0.182752
-0.030884 -0.012329 -0.095581 -0.060047 -0.023971 -0.185837
-0.045532 -0.003662 -0.105103 -0.088528 -0.007120 -0.204350
-0.060791 0.012085 -0.121338 -0.118195 0.023497 -0.235916
-0.072632 -0.000244 -0.122681 -0.141217 -0.000475 -0.238527
