0.038696 -0.453125 -0.402832 0.075237 -0.881007 -0.783223
0.060547 -0.254028 -0.242432 0.117721 -0.493905 -0.471358
-0.138062 -0.025269 -0.218140 -0.268432 -0.049129 -0.424127
-0.175903 0.072632 -0.130615 -0.342007 0.141217 -0.253954
-0.113647 -0.086304 -0.132324 -0.220964 -0.167800 -0.257277
-0.074829 -0.021484 -0.076172 -0.145490 -0.041772 -0.148100
0.042358 -0.132568 -0.185059 0.082357 -0.257752 -0.359808
0.717041 0.285278 0.108521 1.394137 0.554664 0.210996
1.086060 0.167358 0.254028 2.111617 0.325394 0.493905
1.362793 0.008911 0.210693 2.649667 0.017326 0.409649
1.669556 -0.093994 0.078735 3.246103 -0.182752 0.153084
1.973877 0.031860 -0.050171 3.837792 0.061946 -0.097547
2.110474 0.002319 -0.102905 4.103376 0.004509 -0.200078
2.222656 -0.102661 -0.186768 4.321492 -0.199603 -0.363131
2.346069 -0.126465 -0.371338 4.561443 -0.245885 -0.721989
2.339478 -0.174561 -0.560669 4.548626 -0.339397 -1.090104
2.213013 -0.170654 -0.618774 4.302742 -0.331802 -1.203078
1.973022 -0.125488 -0.580444 3.836131 -0.243986 -1.128553
1.668579 -0.094727 -0.591187 3.244204 -0.184176 -1.149439
1.292480 -0.054077 -0.561279 2.512959 -0.105142 -1.091291
0.889404 0.004028 -0.427124 1.729261 0.007832 -0.830454
0.523926 0.018188 -0.326782 1.018664 0.035364 -0.635360
0.216553 0.059448 -0.261963 0.421042 0.115585 -0.509332
-0.027954 0.059937 -0.212402 -0.054351 0.116534 -0.412972
-0.267090 0.014771 -0.163940 -0.519301 0.028718 -0.318748
-0.541626 -0.048462 -0.083374 -1.053079 -0.094224 -0.162103
-0.842773 -0.120361 -0.013062 -1.638597 -0.234018 -0.025395
-1.142334 -0.130737 0.052124 -2.221030 -0.254191 0.101344
-1.499146 -0.054199 0.133911 -2.914776 -0.105379 0.260362
-1.846313 -0.026733 0.218140 -3.589772 -0.051978 0.424127
-2.123413 -0.170776 0.235474 -4.128534 -0.332039 0.457829
-2.311279 -0.450195 0.214111 -4.493801 -0.875311 0.416295
-2.351440 -0.552490 0.236084 -4.571886 -1.074202 0.459016
-2.005249 -0.202881 0.190674 -3.898789 -0.394460 0.370726
-1.736206 -0.016724 0.161865 -3.375691 -0.032516 0.314713
-1.695313 -0.191772 0.170654 -3.296182 -0.372862 0.331802
-1.477417 -0.143311 0.084106 -2.872530 -0.278637 0.163527
-1.198730 -0.065796 -0.007690 -2.330682 -0.127926 -0.014952
-1.013672 -0.138306 -0.044800 -1.970874 -0.268907 -0.087104
-0.924316 -0.117554 0.084839 -1.797141 -0.228559 0.164952
-0.902588 0.313965 0.234009 -1.754894 0.610439 0.454981
-0.816284 0.685303 0.220093 -1.587094 1.332428 0.427925
-0.474487 0.663452 0.156738 -0.922542 1.289944 0.304745
0.037109 0.309448 0.014282 0.072151 0.601658 0.027769
0.448242 0.019043 -0.150513 0.871514 0.037025 -0.292641
0.547607 -0.101807 -0.157471 1.064708 -0.197942 -0.306169
0.426270 -0.099243 -0.086792 0.828792 -0.192958 -0.168749
0.224243 -0.015503 -0.035156 0.435994 -0.030142 -0.068354
0.066895 0.067505 -0.005615 0.130062 0.131249 -0.010918
-0.019287 0.075073 0.019531 -0.037500 0.145964 0.037974
-0.051270 0.030151 -0.001953 -0.099683 0.058623 -0.003797
-0.057373 0.026001 -0.033447 -0.111550 0.050553 -0.065031
-0.043945 0.053711 -0.030640 -0.085443 0.104430 -0.059572
0.008057 0.079224 -0.030151 0.015664 0.154034 -0.058623
0.084106 0.076172 -0.027100 0.163527 0.148100 -0.052690
0.156982 0.027832 -0.034180 0.305220 0.054114 -0.066455
0.217529 -0.002075 -0.028687 0.422940 -0.004035 -0.055775
0.234497 0.000977 -0.001343 0.455931 0.001899 -0.002611
0.191650 0.026367 -0.002686 0.372624 0.051266 -0.005221
0.117188 0.052856 -0.033203 0.227847 0.102768 -0.064557
0.066650 0.021240 -0.063354 0.129588 0.041297 -0.123180
0.023071 -0.019165 -0.053223 0.044857 -0.037262 -0.103480
-0.010986 -0.041870 -0.049194 -0.021361 -0.081408 -0.095648
-0.064819 -0.056152 -0.081787 -0.126028 -0.109177 -0.159018
-0.098145 -0.060547 -0.134644 -0.190822 -0.117721 -0.261786
-0.103516 -0.067017 -0.179321 -0.201265 -0.130300 -0.348653
-0.078735 -0.029053 -0.183228 -0.153084 -0.056487 -0.356248
-0.027954 0.025635 -0.180664 -0.054351 0.049841 -0.351264
0.012329 0.003174 -0.176514 0.023971 0.006171 -0.343194
0.029175 -0.003296 -0.158081 0.056724 -0.006408 -0.307356
0.030151 -0.001587 -0.119385 0.058623 -0.003085 -0.232119
0.009766 -0.003418 -0.099243 0.018987 -0.006646 -0.192958
-0.013184 -0.031494 -0.091431 -0.025633 -0.061234 -0.177768
-0.027100 -0.046021 -0.086182 -0.052690 -0.089477 -0.167562
-0.057983 -0.035767 -0.116211 -0.112737 -0.069541 -0.225948
-0.056030 -0.014648 -0.132935 -0.108939 -0.028481 -0.258464
-0.041504 -0.005615 -0.149292 -0.080696 -0.010918 -0.290267
-0.046875 -0.020996 -0.146118 -0.091139 -0.040823 -0.284096
-0.051270 -0.022705 -0.124390 -0.099683 -0.044145 -0.241850
-0.049805 -0.016602 -0.108398 -0.096835 -0.032278 -0.210758
