-0.258545 0.233643 -0.300049 -0.502687 0.454269 -0.583382
-0.446045 0.166504 -0.390625 -0.867241 0.323732 -0.759489
-0.444214 -0.023438 -0.259644 -0.863681 -0.045569 -0.504823
-0.439697 -0.217651 -0.155884 -0.854900 -0.423178 -0.303084
-0.349731 -0.304443 -0.095093 -0.679980 -0.591927 -0.184888
-0.067139 -0.286621 -0.146606 -0.130537 -0.557275 -0.285046
0.249268 -0.344604 -0.166138 0.484649 -0.670012 -0.323020
0.556641 -0.271729 -0.135620 1.082272 -0.528319 -0.263685
1.054810 0.132446 -0.141724 2.050857 0.257514 -0.275552
1.544434 0.326294 -0.159424 3.002829 0.634411 -0.309966
1.748413 0.178223 0.000854 3.399425 0.346517 0.001661
1.825439 0.012329 0.148926 3.549187 0.023971 0.289555
1.863281 -0.063110 0.247925 3.622762 -0.122705 0.482038
1.794678 -0.044312 0.318359 3.489377 -0.086155 0.618983
1.690918 -0.108765 0.357666 3.287638 -0.211470 0.695407
1.525269 -0.249268 0.321533 2.965567 -0.484649 0.625154
1.277466 -0.302124 0.222778 2.483766 -0.587417 0.433146
1.043579 -0.214844 0.149658 2.029022 -0.417719 0.290979
0.874756 -0.026855 0.105347 1.700781 -0.052215 0.204825
0.631470 0.071899 0.031494 1.227761 0.139793 0.061234
0.247314 0.110962 -0.093018 0.480851 0.215742 -0.180853
-0.102173 0.095947 -0.139282 -0.198654 0.186549 -0.270805
-0.392090 0.014526 -0.147949 -0.762337 0.028243 -0.287656
-0.598267 0.016113 -0.231445 -1.163205 0.031329 -0.449997
-0.800903 0.042969 -0.328735 -1.557190 0.083544 -0.639157
-1.012207 0.058716 -0.446777 -1.968026 0.114161 -0.868665
-1.268921 0.030762 -0.504028 -2.467152 0.059810 -0.979978
-1.573364 -0.079834 -0.472290 -3.059079 -0.155221 -0.918270
-1.790283 -0.201538 -0.437866 -3.480833 -0.391849 -0.851340
-1.916870 -0.247437 -0.392090 -3.726954 -0.481089 -0.762337
-1.909546 -0.282349 -0.299438 -3.712714 -0.548968 -0.582196
-1.688965 -0.297729 -0.110229 -3.283840 -0.578873 -0.214318
-1.293945 -0.158936 0.011597 -2.515807 -0.309017 0.022547
-0.806274 0.156738 -0.045532 -1.567633 0.304745 -0.088528
-0.488403 0.450928 -0.215942 -0.949598 0.876735 -0.419855
-0.359253 0.267822 -0.293701 -0.698492 0.520725 -0.571041
-0.227539 -0.112915 -0.227417 -0.442402 -0.219540 -0.442165
-0.062744 -0.295654 -0.115234 -0.121993 -0.574838 -0.224049
0.088989 -0.253052 -0.090088 0.173021 -0.492006 -0.175157
0.081421 -0.013916 -0.184937 0.158306 -0.027057 -0.359571
-0.018555 0.204590 -0.224243 -0.036076 0.397782 -0.435994
-0.054810 0.131592 -0.169556 -0.106566 0.255853 -0.329666
-0.026367 -0.068115 -0.088257 -0.051266 -0.132436 -0.171597
0.010986 -0.044067 -0.072144 0.021361 -0.085680 -0.140268
-0.001587 0.089478 -0.087036 -0.003085 0.173970 -0.169224
-0.012207 0.072998 -0.121338 -0.023734 0.141929 -0.235916
0.022339 -0.017090 -0.156860 0.043433 -0.033228 -0.304982
0.054077 -0.050781 -0.167358 0.105142 -0.098734 -0.325394
0.030029 -0.058350 -0.135742 0.058386 -0.113449 -0.263922
0.002808 -0.089722 -0.098022 0.005459 -0.174445 -0.190584
-0.000122 -0.105713 -0.080933 -0.000237 -0.205537 -0.157357
0.001343 -0.137939 -0.071899 0.002611 -0.268195 -0.139793
-0.012695 -0.116943 -0.061401 -0.024683 -0.227372 -0.119382
0.016357 -0.022949 -0.076416 0.031804 -0.044620 -0.148575
0.027832 0.007568 -0.102783 0.054114 0.014715 -0.199841
0.029297 -0.044922 -0.114746 0.056962 -0.087341 -0.223100
0.051270 -0.017090 -0.143188 0.099683 -0.033228 -0.278400
0.056885 0.035034 -0.171875 0.110601 0.068117 -0.334175
0.073120 0.058105 -0.183716 0.142167 0.112974 -0.357197
0.077637 0.061279 -0.189087 0.150948 0.119145 -0.367640
0.067993 0.058472 -0.177124 0.132199 0.113686 -0.344381
0.050903 0.051880 -0.152222 0.098971 0.100870 -0.295963
0.029541 0.036255 -0.139038 0.057436 0.070490 -0.270331
0.000610 0.032715 -0.130737 0.001187 0.063607 -0.254191
-0.015625 0.020386 -0.117920 -0.030380 0.039636 -0.229271
-0.026733 0.006836 -0.106567 -0.051978 0.013291 -0.207198
-0.030396 0.009277 -0.114990 -0.059098 0.018038 -0.223575
-0.028931 -0.006226 -0.123413 -0.056250 -0.012104 -0.239951
-0.030640 -0.015381 -0.126221 -0.059572 -0.029905 -0.245410
-0.030518 0.005371 -0.127441 -0.059335 0.010443 -0.247783
-0.023926 0.002686 -0.121948 -0.046519 0.005221 -0.237103
-0.017578 -0.013550 -0.124268 -0.034177 -0.026345 -0.241612
-0.021484 0.045776 -0.146606 -0.041772 0.089003 -0.285046
-0.031738 0.067993 -0.155884 -0.061708 0.132199 -0.303084
-0.039063 0.045166 -0.145264 -0.075949 0.087816 -0.282435
-0.050171 0.024414 -0.140137 -0.097547 0.047468 -0.272467
-0.044189 0.023315 -0.139404 -0.085917 0.045332 -0.271043
-0.047729 0.037842 -0.143921 -0.092800 0.073575 -0.279824
-0.038208 0.051025 -0.143066 -0.074288 0.099208 -0.278163
-0.024170 0.048584 -0.140259 -0.046993 0.094461 -0.272704
