-0.325684 0.038452 -0.168335 -0.633224 0.074762 -0.327292
-0.205322 0.214722 -0.176880 -0.399206 0.417482 -0.343906
-0.066528 0.334106 -0.247070 -0.129350 0.649600 -0.480377
-0.030029 0.246094 -0.214600 -0.058386 0.478478 -0.417244
0.032349 0.219849 -0.177124 0.062895 0.427450 -0.344381
0.002808 0.099731 -0.167114 0.005459 0.193907 -0.324919
0.040283 -0.107666 -0.167725 0.078322 -0.209334 -0.326106
0.219238 -0.061401 -0.263916 0.426263 -0.119382 -0.513130
0.195801 0.240723 -0.448364 0.380694 0.468035 -0.871751
-0.125488 0.299927 -0.600098 -0.243986 0.583145 -1.166765
0.098877 0.137451 -0.256470 0.192246 0.267245 -0.498652
0.565918 0.222778 -0.067627 1.100310 0.433146 -0.131487
1.072754 0.488403 -0.065796 2.085747 0.949598 -0.127926
1.250122 0.193970 0.010010 2.430602 0.377134 0.019462
1.290283 -0.138428 0.041626 2.508687 -0.269144 0.080933
1.386841 -0.299561 0.036865 2.696423 -0.582433 0.071677
1.460815 -0.409424 0.040527 2.840251 -0.796039 0.078797
1.499512 -0.376343 0.037109 2.915488 -0.731720 0.072151
1.544678 -0.352417 0.016602 3.003304 -0.685201 0.032278
1.526001 -0.302856 -0.029419 2.966991 -0.588841 -0.057199
1.421387 -0.296265 -0.054688 2.763590 -0.576025 -0.106328
1.264893 -0.441284 -0.046875 2.459320 -0.857985 -0.091139
0.990112 -0.449341 -0.107422 1.925067 -0.873650 -0.208859
0.705566 -0.174683 -0.166260 1.371827 -0.339634 -0.323257
0.429321 0.158813 -0.166504 0.834726 0.308780 -0.323732
0.142578 0.198364 -0.138672 0.277213 0.385678 -0.269619
-0.160767 0.069580 -0.131348 -0.312577 0.135284 -0.255378
-0.399170 0.018921 -0.113403 -0.776103 0.036788 -0.220489
-0.610840 0.082764 -0.109375 -1.187651 0.160917 -0.212657
-0.844482 0.105347 -0.102295 -1.641920 0.204825 -0.198891
-1.064209 0.020020 -0.084351 -2.069133 0.038924 -0.164002
-1.254761 0.070923 -0.077393 -2.439621 0.137895 -0.150474
-1.427490 0.145752 -0.092529 -2.775457 0.283384 -0.179904
-1.617188 0.112183 -0.102783 -3.144284 0.218116 -0.199841
-1.731689 0.166260 -0.126099 -3.366909 0.323257 -0.245173
-1.713013 0.187622 -0.134277 -3.330596 0.364792 -0.261074
-1.534180 0.049316 -0.071655 -2.982893 0.095885 -0.139319
-1.349487 -0.060547 0.007202 -2.623797 -0.117721 0.014003
-1.140381 0.087158 -0.069946 -2.217233 0.169461 -0.135996
-0.889282 0.250732 -0.251587 -1.729024 0.487497 -0.489158
-0.714844 0.141602 -0.295410 -1.389865 0.275315 -0.574363
-0.573853 -0.160645 -0.159790 -1.115737 -0.312340 -0.310678
-0.393677 -0.218262 -0.033447 -0.765422 -0.424364 -0.065031
-0.134277 -0.052490 -0.036499 -0.261074 -0.102056 -0.070965
0.069336 0.081543 -0.126953 0.134809 0.158543 -0.246834
0.138916 0.031738 -0.216675 0.270093 0.061708 -0.421279
0.101685 -0.028442 -0.229126 0.197704 -0.055300 -0.445488
0.040771 -0.011719 -0.154785 0.079272 -0.022785 -0.300947
0.001953 0.017822 -0.045654 0.003797 0.034652 -0.088765
-0.004517 0.094971 0.032104 -0.008782 0.184651 0.062420
-0.020752 0.143066 0.027954 -0.040348 0.278163 0.054351
-0.076904 0.077393 -0.040039 -0.149524 0.150474 -0.077848
-0.014404 0.027832 -0.120605 -0.028006 0.054114 -0.234492
0.060425 0.078735 -0.205933 0.117483 0.153084 -0.400393
0.073486 0.117065 -0.234741 0.142879 0.227609 -0.456405
0.046021 0.097168 -0.202637 0.089477 0.188923 -0.393985
0.034668 0.029053 -0.174561 0.067405 0.056487 -0.339397
0.015503 -0.021240 -0.148926 0.030142 -0.041297 -0.289555
-0.011230 -0.018799 -0.115967 -0.021835 -0.036550 -0.225473
0.004761 0.064575 -0.123535 0.009256 0.125553 -0.240188
0.018188 0.115723 -0.141602 0.035364 0.224999 -0.275315
0.013550 0.087402 -0.148315 0.026345 0.169936 -0.288368
0.015991 0.034302 -0.140869 0.031092 0.066693 -0.273891
0.018799 0.033325 -0.127930 0.036550 0.064794 -0.248733
0.006592 0.051025 -0.128418 0.012816 0.099208 -0.249682
0.010498 0.063110 -0.135864 0.020411 0.122705 -0.264160
0.018555 0.033813 -0.119873 0.036076 0.065743 -0.233068
0.015991 0.011475 -0.094604 0.031092 0.022310 -0.183939
0.019409 0.024536 -0.078735 0.037737 0.047705 -0.153084
0.009277 0.036011 -0.071411 0.018038 0.070015 -0.138844
-0.004150 0.022217 -0.069824 -0.008070 0.043196 -0.135759
-0.020386 -0.000488 -0.069580 -0.039636 -0.000949 -0.135284
-0.034790 0.011597 -0.088501 -0.067642 0.022547 -0.172072
-0.041382 -0.016113 -0.099365 -0.080458 -0.031329 -0.193195
-0.040161 -0.035156 -0.095825 -0.078085 -0.068354 -0.186312
-0.034058 -0.015015 -0.098999 -0.066218 -0.029193 -0.192483
-0.017944 -0.020996 -0.101563 -0.034889 -0.040823 -0.197467
0.005371 -0.018188 -0.103271 0.010443 -0.035364 -0.200790
0.022217 0.023071 -0.112793 0.043196 0.044857 -0.219302
0.021851 0.054199 -0.117676 0.042484 0.105379 -0.228796
