-0.695801 -0.039185 -0.217773 -1.352840 -0.076186 -0.423415
-0.630249 -0.098267 -0.181641 -1.225388 -0.191059 -0.353162
-0.533081 0.123291 -0.166748 -1.036465 0.239714 -0.324207
-0.290161 0.300659 -0.073608 -0.564158 0.584569 -0.143116
0.109863 -0.031738 -0.121826 0.213606 -0.061708 -0.236866
0.683105 -0.204224 -0.101807 1.328156 -0.397070 -0.197942
1.054932 0.063721 -0.046509 2.051095 0.123892 -0.090427
1.288330 0.212402 0.023682 2.504889 0.412972 0.046044
1.527100 0.312256 0.013672 2.969127 0.607116 0.026582
1.695068 0.179810 -0.018311 3.295707 0.349602 -0.035601
1.822266 0.237793 -0.009277 3.543016 0.462339 -0.018038
1.905029 0.355469 0.020020 3.703933 0.691135 0.038924
2.029785 0.351685 -0.025513 3.946494 0.683777 -0.049604
1.933350 0.010376 -0.209839 3.758996 0.020174 -0.407988
1.482910 0.055298 -0.248535 2.883210 0.107515 -0.483225
1.067993 0.370728 -0.168701 2.076490 0.720802 -0.328004
0.915649 0.386108 -0.130615 1.780290 0.750707 -0.253954
0.843384 0.280884 -0.121704 1.639784 0.546120 -0.236628
0.820923 0.268433 -0.144165 1.596113 0.521911 -0.280299
0.589478 0.207520 -0.172119 1.146116 0.403478 -0.334650
0.245605 0.106445 -0.196289 0.477529 0.206961 -0.381643
-0.092285 0.024536 -0.226685 -0.179429 0.047705 -0.440741
-0.234375 -0.051514 -0.217529 -0.455693 -0.100158 -0.422940
-0.363037 -0.168457 -0.193604 -0.705850 -0.327530 -0.376422
-0.560547 -0.194824 -0.173340 -1.089867 -0.378795 -0.337023
-0.901489 -0.156372 -0.095947 -1.752758 -0.304033 -0.186549
-1.228638 -0.032471 -0.012573 -2.388830 -0.063133 -0.024446
-1.314941 0.051514 0.019531 -2.556630 0.100158 0.037974
-1.402954 -0.090698 -0.029541 -2.727752 -0.176344 -0.057436
-1.656982 -0.329468 -0.065186 -3.221657 -0.640581 -0.126740
-2.042114 -0.475342 -0.044922 -3.970466 -0.924203 -0.087341
-1.818970 -0.724731 -0.193848 -3.536608 -1.409089 -0.376896
-1.582520 -0.781494 -0.400879 -3.076880 -1.519452 -0.779426
-1.359863 -0.355713 -0.441895 -2.643971 -0.691610 -0.859172
-1.517944 -0.005615 -0.223389 -2.951326 -0.010918 -0.434333
-1.352051 0.025391 -0.193481 -2.628781 0.049367 -0.376184
-0.536011 0.056030 -0.318359 -1.042161 0.108939 -0.618983
0.033203 0.051880 -0.252808 0.064557 0.100870 -0.491532
0.050415 0.029541 -0.176758 0.098022 0.057436 -0.343669
-0.041626 0.006836 -0.106323 -0.080933 0.013291 -0.206723
-0.144165 -0.009033 -0.049194 -0.280299 -0.017563 -0.095648
-0.162842 0.031250 -0.025513 -0.316612 0.060759 -0.049604
-0.074341 0.013672 -0.044556 -0.144540 0.026582 -0.086629
-0.038940 -0.019043 -0.078613 -0.075712 -0.037025 -0.152847
-0.120361 0.031616 -0.099365 -0.234018 0.061471 -0.193195
-0.176758 0.103638 -0.093018 -0.343669 0.201502 -0.180853
-0.187256 0.149902 -0.078125 -0.364080 0.291454 -0.151898
-0.158203 0.129761 -0.057983 -0.307593 0.252293 -0.112737
-0.073608 0.003540 -0.053223 -0.143116 0.006883 -0.103480
-0.001465 -0.039673 -0.041382 -0.002848 -0.077136 -0.080458
-0.004272 0.066650 0.000488 -0.008307 0.129588 0.000949
-0.078979 0.259888 0.008301 -0.153559 0.505297 0.016139
-0.118652 0.302246 0.014893 -0.230695 0.587655 0.028956
-0.109619 0.189575 -0.027710 -0.213132 0.368589 -0.053876
-0.020874 0.104126 -0.100342 -0.040585 0.202451 -0.195094
0.020874 0.068237 -0.129883 0.040585 0.132673 -0.252530
0.006348 0.082520 -0.124390 0.012342 0.160442 -0.241850
-0.045166 0.170410 -0.080933 -0.087816 0.331327 -0.157357
-0.091553 0.261353 -0.053467 -0.178005 0.508146 -0.103955
-0.104248 0.253540 -0.058350 -0.202689 0.492956 -0.113449
-0.064331 0.157471 -0.097534 -0.125078 0.306169 -0.189635
-0.000610 0.034058 -0.142700 -0.001187 0.066218 -0.277451
0.026367 -0.000366 -0.169067 0.051266 -0.000712 -0.328716
0.019043 0.041260 -0.141357 0.037025 0.080221 -0.274840
0.005615 0.041504 -0.092163 0.010918 0.080696 -0.179192
-0.000366 0.056641 -0.065063 -0.000712 0.110126 -0.126502
0.000977 0.050537 -0.071411 0.001899 0.098259 -0.138844
-0.007080 0.071289 -0.094849 -0.013766 0.138607 -0.184413
0.003418 0.055420 -0.105591 0.006646 0.107752 -0.205299
0.004517 0.031250 -0.119263 0.008782 0.060759 -0.231881
-0.014160 0.008301 -0.129883 -0.027531 0.016139 -0.252530
-0.021729 0.025513 -0.130127 -0.042247 0.049604 -0.253005
-0.041504 0.032959 -0.123657 -0.080696 0.064082 -0.240426
-0.041260 0.039429 -0.130005 -0.080221 0.076661 -0.252767
-0.035034 0.013184 -0.123291 -0.068117 0.025633 -0.239714
-0.034424 -0.001465 -0.117554 -0.066930 -0.002848 -0.228559
-0.025269 0.024170 -0.113892 -0.049129 0.046993 -0.221438
-0.010376 0.035400 -0.119873 -0.020174 0.068829 -0.233068
0.003052 0.032104 -0.118774 0.005934 0.062420 -0.230932
0.000732 0.039795 -0.121826 0.001424 0.077373 -0.236866
