-0.034424 -0.383545 -0.292114 -0.066930 -0.745723 -0.567955
0.240234 -0.379639 -0.230469 0.467086 -0.738128 -0.448098
-0.093018 -0.009399 -0.173828 -0.180853 -0.018275 -0.337973
-0.101685 0.134277 -0.117310 -0.197704 0.261074 -0.228084
-0.025391 0.055420 -0.194092 -0.049367 0.107752 -0.377371
0.103149 0.036377 -0.160156 0.200553 0.070727 -0.311390
-0.086182 0.209106 -0.043457 -0.167562 0.406564 -0.084493
-0.338745 0.428223 -0.029419 -0.658619 0.832590 -0.057199
-0.119751 0.519775 0.053101 -0.232831 1.010595 0.103243
0.459229 0.307129 0.117798 0.892874 0.597148 0.229033
1.120728 -0.073730 0.068481 2.179021 -0.143354 0.133148
1.659790 -0.277344 -0.081909 3.227116 -0.539237 -0.159255
2.143677 -0.193848 -0.246948 4.167933 -0.376896 -0.480139
2.301636 -0.094849 -0.285034 4.475051 -0.184413 -0.554190
2.291260 -0.053467 -0.267822 4.454877 -0.103955 -0.520725
2.324829 0.030762 -0.268799 4.520146 0.059810 -0.522623
2.348145 0.048828 -0.266846 4.565478 0.094936 -0.518826
2.202637 -0.027588 -0.360474 4.282568 -0.053639 -0.700866
1.864990 -0.048950 -0.474854 3.626085 -0.095173 -0.923254
1.529785 -0.085205 -0.467407 2.974349 -0.165664 -0.908776
1.186890 -0.060303 -0.403809 2.307660 -0.117246 -0.785122
0.804199 0.012329 -0.320923 1.563598 0.023971 -0.623968
0.442993 0.037476 -0.242310 0.861308 0.072863 -0.471120
0.095947 0.059692 -0.179565 0.186549 0.116059 -0.349128
-0.186768 0.029785 -0.139160 -0.363131 0.057911 -0.270568
-0.409424 -0.037964 -0.106934 -0.796039 -0.073813 -0.207910
-0.663452 0.013306 -0.066284 -1.289944 0.025870 -0.128876
-0.986206 0.024780 0.001831 -1.917472 0.048180 0.003560
-1.334717 -0.025391 0.031128 -2.595079 -0.049367 0.060522
-1.690918 -0.008301 0.068359 -3.287638 -0.016139 0.132911
-1.995239 0.009766 0.131104 -3.879327 0.018987 0.254903
-2.167969 -0.033203 0.209839 -4.215163 -0.064557 0.407988
-2.389404 0.254395 0.184448 -4.645699 0.494617 0.358621
-2.515015 0.595215 -0.098755 -4.889922 1.157271 -0.192008
-2.072144 -0.208618 -0.324097 -4.028852 -0.405615 -0.630138
-1.294800 -0.772583 -0.229980 -2.517468 -1.502127 -0.447149
-0.738281 -0.700806 0.110474 -1.435434 -1.362571 0.214793
-0.783447 -0.343262 -0.066406 -1.523250 -0.667401 -0.129113
-1.349121 -0.068970 -0.278076 -2.623085 -0.134097 -0.540661
-1.229614 0.044922 0.016846 -2.390729 0.087341 0.032753
-0.457153 0.257690 0.308716 -0.888839 0.501025 0.600234
-0.016113 0.187378 0.246704 -0.031329 0.364317 0.479665
0.132935 0.140747 0.031982 0.258464 0.273653 0.062183
0.163696 0.144531 -0.082764 0.318273 0.281011 -0.160917
0.119873 0.130005 -0.102417 0.233068 0.252767 -0.199128
0.049194 0.094482 -0.098389 0.095648 0.183701 -0.191296
-0.023926 0.082642 -0.072144 -0.046519 0.160679 -0.140268
-0.118408 0.100830 -0.052734 -0.230220 0.196043 -0.102531
-0.195190 0.121582 -0.060669 -0.379507 0.236391 -0.117958
-0.201416 0.117065 -0.078735 -0.391611 0.227609 -0.153084
-0.163818 0.100830 -0.100464 -0.318511 0.196043 -0.195331
-0.110474 0.079224 -0.119629 -0.214793 0.154034 -0.232593
-0.052124 0.036499 -0.115112 -0.101344 0.070965 -0.223812
0.004028 -0.005737 -0.104492 0.007832 -0.011155 -0.203163
0.046265 -0.021729 -0.099609 0.089952 -0.042247 -0.193670
0.050415 -0.000854 -0.089478 0.098022 -0.001661 -0.173970
0.038940 0.044800 -0.079346 0.075712 0.087104 -0.154271
0.015015 0.062866 -0.075562 0.029193 0.122230 -0.146914
-0.001343 0.042236 -0.093872 -0.002611 0.082120 -0.182515
0.000122 0.031372 -0.109253 0.000237 0.060996 -0.212420
-0.013672 0.051392 -0.108398 -0.026582 0.099920 -0.210758
-0.016113 0.061890 -0.101685 -0.031329 0.120332 -0.197704
0.003418 0.035522 -0.111694 0.006646 0.069066 -0.217166
0.005737 0.025879 -0.125000 0.011155 0.050316 -0.243036
0.007202 0.019165 -0.122437 0.014003 0.037262 -0.238052
0.011963 0.008423 -0.113037 0.023259 0.016376 -0.219777
0.006470 0.013184 -0.106812 0.012579 0.025633 -0.207673
-0.008667 0.024536 -0.107544 -0.016851 0.047705 -0.209097
-0.013672 0.031738 -0.100952 -0.026582 0.061708 -0.196280
-0.010132 0.021606 -0.096558 -0.019699 0.042009 -0.187736
-0.009888 0.019775 -0.103027 -0.019225 0.038449 -0.200315
-0.004150 0.018555 -0.102417 -0.008070 0.036076 -0.199128
0.000732 0.032471 -0.107300 0.001424 0.063133 -0.208622
0.004028 0.026611 -0.114990 0.007832 0.051740 -0.223575
0.010986 0.012817 -0.110352 0.021361 0.024921 -0.214556
0.012939 0.005615 -0.104736 0.025158 0.010918 -0.203638
0.002686 0.018066 -0.100586 0.005221 0.035126 -0.195568
-0.005493 0.028809 -0.102539 -0.010680 0.056012 -0.199366
-0.006836 0.030518 -0.107788 -0.013291 0.059335 -0.209571
-0.009155 0.024536 -0.121826 -0.017801 0.047705 -0.236866
