-0.338501 -0.034668 -0.264282 -0.658145 -0.067405 -0.513842
0.025269 -0.112183 -0.216675 0.049129 -0.218116 -0.421279
-0.056763 0.118042 -0.311646 -0.110363 0.229508 -0.605930
-0.038818 0.192627 -0.345215 -0.075474 0.374523 -0.671198
0.029419 0.174927 -0.370117 0.057199 0.340109 -0.719616
0.080200 0.217285 -0.212524 0.155933 0.422466 -0.413209
0.076050 0.493774 0.186401 0.147863 0.960041 0.362419
-0.070923 0.789551 0.262939 -0.137895 1.535117 0.511231
0.508423 0.604980 0.259155 0.988522 1.176258 0.503873
1.333618 -0.280029 0.059082 2.592943 -0.544459 0.114873
1.820313 -0.839966 -0.093628 3.539218 -1.633139 -0.182040
1.969849 -0.661865 -0.092407 3.829960 -1.286859 -0.179667
2.060059 -0.157837 0.058472 4.005355 -0.306881 0.113686
2.143433 0.072144 0.235962 4.167458 0.140268 0.458779
2.227417 0.068481 0.334717 4.330748 0.133148 0.650787
2.380127 -0.097778 0.331543 4.627661 -0.190110 0.644616
2.448242 -0.236206 0.284912 4.760097 -0.459253 0.553952
2.317627 -0.381348 0.225586 4.506143 -0.741451 0.438605
1.927734 -0.416016 0.157959 3.748078 -0.808856 0.307118
1.313599 -0.353149 0.059937 2.554019 -0.686625 0.116534
0.792480 -0.186523 -0.020142 1.540813 -0.362656 -0.039161
0.525269 -0.075562 -0.042847 1.021275 -0.146914 -0.083306
0.304810 0.005859 -0.058594 0.592639 0.011392 -0.113923
0.039917 0.054077 -0.095215 0.077610 0.105142 -0.185125
-0.234009 0.071289 -0.094849 -0.454981 0.138607 -0.184413
-0.515259 0.127686 -0.084106 -1.001813 0.248258 -0.163527
-0.776001 0.196899 -0.139038 -1.508772 0.382830 -0.270331
-1.042725 0.218018 -0.252563 -2.027361 0.423890 -0.491057
-1.311157 0.180176 -0.305298 -2.549272 0.350314 -0.593588
-1.598877 0.153198 -0.295288 -3.108683 0.297862 -0.574126
-1.874756 0.162109 -0.222168 -3.645072 0.315188 -0.431959
-2.062378 0.071167 -0.122192 -4.009864 0.138369 -0.237578
-2.225098 -0.021973 -0.160156 -4.326239 -0.042721 -0.311390
-2.215210 0.065918 -0.510010 -4.307014 0.128164 -0.991608
-1.571045 -0.253784 -0.474243 -3.054569 -0.493430 -0.922067
-0.774170 -0.802734 -0.124512 -1.505212 -1.560750 -0.242087
-0.492310 -1.033325 0.210449 -0.957193 -2.009085 0.409175
-0.687500 -0.245850 0.359619 -1.336700 -0.478003 0.699205
-0.937988 0.989868 0.118652 -1.823723 1.924592 0.230695
-0.840454 1.084229 -0.081543 -1.634088 2.108056 -0.158543
-0.547119 0.363281 -0.199585 -1.063759 0.706325 -0.388051
-0.448730 0.026001 -0.274902 -0.872463 0.050553 -0.534490
-0.305786 0.047363 -0.216431 -0.594537 0.092088 -0.420804
-0.116943 0.125366 -0.126099 -0.227372 0.243748 -0.245173
0.006714 0.187866 -0.103394 0.013054 0.365267 -0.201027
0.018311 0.171875 -0.109497 0.035601 0.334175 -0.212894
-0.002075 0.113281 -0.146362 -0.004035 0.220252 -0.284571
-0.011963 0.058472 -0.195313 -0.023259 0.113686 -0.379744
-0.027588 0.014893 -0.202026 -0.053639 0.028956 -0.392798
-0.045288 -0.033081 -0.172607 -0.088053 -0.064319 -0.335599
-0.054688 -0.047852 -0.133301 -0.106328 -0.093037 -0.259176
-0.076416 0.024780 -0.120728 -0.148575 0.048180 -0.234730
-0.077637 0.058838 -0.118164 -0.150948 0.114398 -0.229745
-0.041260 0.024658 -0.121094 -0.080221 0.047943 -0.235442
0.005493 -0.005005 -0.138794 0.010680 -0.009731 -0.269856
0.016357 -0.009766 -0.150879 0.031804 -0.018987 -0.293353
0.012573 -0.017212 -0.142456 0.024446 -0.033465 -0.276976
0.007690 -0.013550 -0.125977 0.014952 -0.026345 -0.244935
-0.009644 -0.020508 -0.110840 -0.018750 -0.039873 -0.215505
-0.025757 -0.015747 -0.101807 -0.050079 -0.030617 -0.197942
-0.030762 0.011719 -0.090332 -0.059810 0.022785 -0.175632
-0.026733 0.003906 -0.085693 -0.051978 0.007595 -0.166613
-0.026001 -0.006226 -0.097778 -0.050553 -0.012104 -0.190110
-0.028076 0.012939 -0.108521 -0.054588 0.025158 -0.210996
-0.027344 0.006470 -0.118896 -0.053164 0.012579 -0.231169
-0.022583 -0.002686 -0.123047 -0.043908 -0.005221 -0.239239
-0.013550 0.005981 -0.117310 -0.026345 0.011630 -0.228084
-0.010010 0.019409 -0.109985 -0.019462 0.037737 -0.213844
-0.008545 0.011108 -0.115112 -0.016614 0.021598 -0.223812
-0.005371 -0.004639 -0.123413 -0.010443 -0.009019 -0.239951
-0.002319 0.004028 -0.120850 -0.004509 0.007832 -0.234967
-0.019043 0.023682 -0.127319 -0.037025 0.046044 -0.247546
-0.035278 0.023560 -0.146118 -0.068591 0.045807 -0.284096
-0.034424 0.006348 -0.146729 -0.066930 0.012342 -0.285283
-0.028076 0.005005 -0.134521 -0.054588 0.009731 -0.261549
-0.032837 0.033203 -0.125122 -0.063845 0.064557 -0.243274
-0.036133 0.046387 -0.116943 -0.070253 0.090189 -0.227372
-0.037598 0.055054 -0.136719 -0.073101 0.107040 -0.265821
-0.034424 0.052612 -0.157715 -0.066930 0.102294 -0.306644
-0.018555 0.032227 -0.152954 -0.036076 0.062658 -0.297387
