-0.214233 0.227173 -0.088135 -0.416532 0.441690 -0.171360
-0.226807 0.203003 -0.052002 -0.440978 0.394697 -0.101107
-0.120483 0.145508 -0.050171 -0.234255 0.282910 -0.097547
-0.020630 0.049194 -0.034790 -0.040111 0.095648 -0.067642
0.036011 -0.205811 -0.031616 0.070015 -0.400156 -0.061471
0.099121 -0.421265 -0.101685 0.192720 -0.819061 -0.197704
0.062256 -0.123047 -0.264648 0.121044 -0.239239 -0.514554
-0.061646 0.322510 -0.389648 -0.119857 0.627053 -0.757590
0.022339 0.448608 -0.337524 0.043433 0.872226 -0.656246
0.160889 0.498901 -0.303467 0.312815 0.970010 -0.590028
0.562988 0.575073 -0.302979 1.094613 1.118110 -0.589079
1.067627 0.463013 -0.209961 2.075778 0.900232 -0.408225
1.359253 0.205078 -0.142700 2.642784 0.398732 -0.277451
1.471191 0.041626 -0.111938 2.860425 0.080933 -0.217641
1.592651 -0.069580 -0.073975 3.096579 -0.135284 -0.143828
1.597290 -0.172241 -0.053955 3.105598 -0.334887 -0.104904
1.433838 -0.092163 -0.022339 2.787799 -0.179192 -0.043433
1.318237 0.094727 0.002808 2.563038 0.184176 0.005459
1.271606 0.102417 0.041260 2.472374 0.199128 0.080221
1.233154 -0.090576 0.041992 2.397612 -0.176106 0.081645
1.144165 -0.194214 0.008301 2.224591 -0.377608 0.016139
1.004028 -0.125366 0.018066 1.952124 -0.243748 0.035126
0.794067 -0.026001 0.044189 1.543899 -0.050553 0.085917
0.511841 -0.032104 0.042480 0.995168 -0.062420 0.082594
0.105835 -0.066772 -0.009888 0.205774 -0.129825 -0.019225
-0.198120 0.002930 -0.097778 -0.385203 0.005696 -0.190110
-0.386230 0.054199 -0.159546 -0.750945 0.105379 -0.310204
-0.567749 0.023193 -0.202026 -1.103870 0.045095 -0.392798
-0.771973 -0.000854 -0.231812 -1.500940 -0.001661 -0.450709
-0.983887 -0.036499 -0.241333 -1.912963 -0.070965 -0.469222
-1.204590 -0.028076 -0.244995 -2.342074 -0.054588 -0.476342
-1.483887 -0.013428 -0.226196 -2.885108 -0.026107 -0.439792
-1.757935 0.031616 -0.254150 -3.417938 0.061471 -0.494142
-1.916748 0.120972 -0.293579 -3.726717 0.235204 -0.570803
-1.880493 0.173096 -0.264038 -3.656227 0.336549 -0.513367
-1.578247 0.125122 -0.218262 -3.068573 0.243274 -0.424364
-1.277222 0.131226 -0.199707 -2.483291 0.255141 -0.388289
-1.051880 0.303223 -0.206177 -2.045161 0.589553 -0.400868
-0.891235 0.411499 -0.203491 -1.732821 0.800074 -0.395646
-0.791138 0.188477 -0.165283 -1.538202 0.366453 -0.321359
-0.572021 -0.251099 -0.172119 -1.112177 -0.488209 -0.334650
-0.284790 -0.414917 -0.206909 -0.553715 -0.806720 -0.402292
-0.066284 -0.154907 -0.231445 -0.128876 -0.301185 -0.449997
-0.011230 0.019287 -0.170410 -0.021835 0.037500 -0.331327
0.021484 -0.023926 -0.125732 0.041772 -0.046519 -0.244460
0.129395 -0.134888 -0.161255 0.251581 -0.262261 -0.313527
0.156372 -0.158081 -0.165894 0.304033 -0.307356 -0.322545
0.073608 -0.067383 -0.116333 0.143116 -0.131012 -0.226185
-0.040527 -0.107910 -0.041748 -0.078797 -0.209809 -0.081170
-0.076538 -0.264038 0.003174 -0.148812 -0.513367 0.006171
-0.054688 -0.372559 -0.006226 -0.106328 -0.724363 -0.012104
-0.032349 -0.165527 -0.055054 -0.062895 -0.321833 -0.107040
-0.012939 0.008301 -0.085083 -0.025158 0.016139 -0.165426
-0.000366 0.006348 -0.096924 -0.000712 0.012342 -0.188448
0.012207 -0.020386 -0.112061 0.023734 -0.039636 -0.217878
0.031128 -0.027710 -0.109009 0.060522 -0.053876 -0.211945
0.055664 -0.004761 -0.096558 0.108227 -0.009256 -0.187736
0.073120 0.011719 -0.083496 0.142167 0.022785 -0.162341
0.083862 -0.105591 -0.087280 0.163053 -0.205299 -0.169698
0.067505 -0.252319 -0.116455 0.131249 -0.490582 -0.226423
0.069946 -0.063721 -0.145874 0.135996 -0.123892 -0.283622
0.049683 0.204956 -0.140015 0.096597 0.398494 -0.272229
0.043213 0.119019 -0.139404 0.084018 0.231407 -0.271043
0.044800 0.024902 -0.155884 0.087104 0.048417 -0.303084
0.032104 0.042358 -0.172363 0.062420 0.082357 -0.335124
0.021240 0.048218 -0.168213 0.041297 0.093749 -0.327055
0.021240 0.047485 -0.150757 0.041297 0.092325 -0.293115
0.019531 0.040283 -0.132080 0.037974 0.078322 -0.256802
0.019043 0.052124 -0.115112 0.037025 0.101344 -0.223812
0.022461 0.028564 -0.105957 0.043671 0.055538 -0.206011
0.020508 0.019531 -0.105957 0.039873 0.037974 -0.206011
0.017212 0.010986 -0.117798 0.033465 0.021361 -0.229033
0.017944 0.023193 -0.124878 0.034889 0.045095 -0.242799
0.022217 0.025635 -0.119019 0.043196 0.049841 -0.231407
0.030518 0.029907 -0.115112 0.059335 0.058148 -0.223812
0.042603 0.047729 -0.115845 0.082832 0.092800 -0.225236
0.043823 0.055908 -0.108276 0.085205 0.108702 -0.210521
0.026855 0.057251 -0.099976 0.052215 0.111313 -0.194382
-0.001709 0.020996 -0.078735 -0.003323 0.040823 -0.153084
-0.034668 -0.004883 -0.076782 -0.067405 -0.009494 -0.149287
