-0.045898 0.183838 -0.249146 -0.089240 0.357434 -0.484412
0.196045 0.370605 -0.103149 0.381168 0.720565 -0.200553
0.465942 0.177856 -0.110229 0.905928 0.345805 -0.214318
0.826904 0.096191 -0.050537 1.607743 0.187024 -0.098259
1.279175 0.184204 -0.022705 2.487089 0.358146 -0.044145
1.780640 0.368042 0.192383 3.462083 0.715581 0.374048
2.104126 0.247925 0.087646 4.091034 0.482038 0.170410
2.125488 0.198608 -0.122192 4.132569 0.386153 -0.237578
1.854126 0.132446 -0.245728 3.604962 0.257514 -0.477766
1.619141 0.052002 -0.295532 3.148082 0.101107 -0.574601
1.493652 -0.031006 -0.316406 2.904096 -0.060284 -0.615186
1.593994 0.143799 -0.330078 3.099190 0.279587 -0.641768
1.679932 -0.078613 -0.436646 3.266277 -0.152847 -0.848966
1.591187 -0.079956 -0.468262 3.093731 -0.155458 -0.910437
1.426880 0.043701 -0.330078 2.774271 0.084968 -0.641768
1.162598 0.181763 -0.156982 2.260429 0.353400 -0.305220
0.901001 0.180664 -0.095947 1.751809 0.351264 -0.186549
0.599976 0.128540 -0.056519 1.166528 0.249919 -0.109889
0.322266 0.070557 -0.094849 0.626578 0.137183 -0.184413
0.052124 -0.019409 -0.110596 0.101344 -0.037737 -0.215030
-0.177734 -0.098389 -0.097534 -0.345567 -0.191296 -0.189635
-0.485962 -0.129639 -0.067505 -0.944852 -0.252055 -0.131249
-0.780151 -0.085815 -0.028320 -1.516842 -0.166850 -0.055063
-1.017578 0.011597 0.011353 -1.978469 0.022547 0.022073
-1.307861 0.047974 0.031738 -2.542864 0.093275 0.061708
-1.534912 0.055542 0.024292 -2.984317 0.107990 0.047231
-1.857422 -0.132935 -0.009766 -3.611370 -0.258464 -0.018987
-2.027954 -0.216309 -0.110962 -3.942934 -0.420567 -0.215742
-1.874756 -0.258667 -0.235229 -3.645072 -0.502924 -0.457355
-1.586304 -0.321899 -0.267822 -3.084237 -0.625866 -0.520725
-1.394775 -0.339478 -0.227539 -2.711850 -0.660043 -0.442402
-1.316650 -0.230225 -0.185669 -2.559952 -0.447624 -0.360995
-0.944702 -0.071533 -0.173828 -1.836776 -0.139081 -0.337973
-0.671021 0.129150 -0.125610 -1.304659 0.251106 -0.244223
-0.752075 -0.033691 -0.203247 -1.462253 -0.065506 -0.395172
-0.622070 -0.326782 -0.325073 -1.209486 -0.635360 -0.632037
-0.265747 -0.228394 -0.210815 -0.516690 -0.444064 -0.409887
-0.124878 -0.113892 -0.115601 -0.242799 -0.221438 -0.224761
-0.149048 -0.112183 -0.171143 -0.289792 -0.218116 -0.332751
-0.091431 -0.054932 -0.188232 -0.177768 -0.106803 -0.365979
-0.057495 -0.005737 -0.148315 -0.111787 -0.011155 -0.288368
-0.087280 0.029053 -0.120239 -0.169698 0.056487 -0.233780
-0.087891 0.052124 -0.096313 -0.170885 0.101344 -0.187261
-0.062744 0.075439 -0.088257 -0.121993 0.146676 -0.171597
-0.040283 0.125732 -0.102295 -0.078322 0.244460 -0.198891
-0.070679 0.121460 -0.112061 -0.137420 0.236154 -0.217878
-0.080444 0.120483 -0.106689 -0.156407 0.234255 -0.207435
-0.090332 0.114868 -0.097656 -0.175632 0.223337 -0.189872
-0.073364 0.093384 -0.094604 -0.142642 0.181565 -0.183939
-0.038208 0.076172 -0.093872 -0.074288 0.148100 -0.182515
-0.014648 0.072998 -0.102051 -0.028481 0.141929 -0.198416
-0.023682 0.070557 -0.102051 -0.046044 0.137183 -0.198416
-0.020874 0.124878 -0.124634 -0.040585 0.242799 -0.242324
-0.049194 0.127197 -0.124390 -0.095648 0.247309 -0.241850
-0.082886 0.074829 -0.105103 -0.161154 0.145490 -0.204350
-0.058228 0.074707 -0.095459 -0.113211 0.145252 -0.185600
-0.016357 0.037231 -0.087891 -0.031804 0.072389 -0.170885
-0.008057 0.025757 -0.095459 -0.015664 0.050079 -0.185600
-0.015381 0.026611 -0.099243 -0.029905 0.051740 -0.192958
-0.029785 0.001465 -0.100342 -0.057911 0.002848 -0.195094
-0.046143 -0.010742 -0.104004 -0.089715 -0.020886 -0.202214
-0.042480 -0.001587 -0.113403 -0.082594 -0.003085 -0.220489
-0.042603 -0.002808 -0.120605 -0.082832 -0.005459 -0.234492
-0.034668 0.009644 -0.120117 -0.067405 0.018750 -0.233543
-0.028809 0.019897 -0.126343 -0.056012 0.038686 -0.245647
-0.029175 0.010376 -0.132690 -0.056724 0.020174 -0.257989
-0.043945 0.005859 -0.136230 -0.085443 0.011392 -0.264872
-0.065918 0.026001 -0.154175 -0.128164 0.050553 -0.299761
-0.060303 0.047974 -0.172852 -0.117246 0.093275 -0.336074
-0.032227 0.062866 -0.174072 -0.062658 0.122230 -0.338447
0.000732 0.052734 -0.161377 0.001424 0.102531 -0.313764
0.009521 0.044800 -0.144531 0.018513 0.087104 -0.281011
-0.025024 0.050903 -0.127197 -0.048655 0.098971 -0.247309
-0.015503 0.060791 -0.111084 -0.030142 0.118195 -0.215980
-0.010376 0.031006 -0.084351 -0.020174 0.060284 -0.164002
0.013794 0.028198 -0.070313 0.026819 0.054826 -0.136708
0.045166 0.037231 -0.064209 0.087816 0.072389 -0.124841
0.049438 0.054932 -0.088745 0.096123 0.106803 -0.172546
0.043945 0.062378 -0.110474 0.085443 0.121281 -0.214793
0.027710 0.058716 -0.085693 0.053876 0.114161 -0.166613
