-0.308228 -0.242188 -0.181152 -0.599284 -0.470883 -0.352213
-0.627686 -0.178955 -0.151855 -1.220404 -0.347941 -0.295251
-0.673828 -0.047485 -0.117920 -1.310118 -0.092325 -0.229271
-0.539429 0.140381 -0.020020 -1.048807 0.272941 -0.038924
-0.242188 -0.022339 -0.019165 -0.470883 -0.043433 -0.037262
0.400757 0.044434 0.094604 0.779188 0.086392 0.183939
0.703491 0.163452 0.191772 1.367792 0.317799 0.372862
1.074951 0.256836 0.314453 2.090019 0.499364 0.611389
1.490845 -0.058472 0.275635 2.898637 -0.113686 0.535914
2.152588 -0.295410 0.098511 4.185258 -0.574363 0.191534
2.595947 -0.185059 -0.072021 5.047278 -0.359808 -0.140031
2.788330 -0.098877 -0.114258 5.421327 -0.192246 -0.222151
2.822144 -0.024780 -0.085327 5.487070 -0.048180 -0.165901
2.667603 0.084229 -0.012573 5.186597 0.163765 -0.024446
2.552979 0.158203 0.080933 4.963735 0.307593 0.157357
2.521484 0.117065 0.107544 4.902501 0.227609 0.209097
2.253418 -0.010254 0.138428 4.381302 -0.019937 0.269144
1.734497 -0.140869 0.216797 3.372368 -0.273891 0.421516
1.157471 -0.012695 0.207642 2.250461 -0.024683 0.403716
0.726196 0.211792 0.165283 1.411937 0.411785 0.321359
0.405029 0.254761 0.152710 0.787495 0.495329 0.296913
0.157471 0.141113 0.198853 0.306169 0.274365 0.386627
-0.164063 0.069092 0.214722 -0.318985 0.134335 0.417482
-0.455078 0.074341 0.236328 -0.884805 0.144540 0.459491
-0.749634 0.131714 0.187866 -1.457507 0.256090 0.365267
-1.078369 0.209229 0.078003 -2.096664 0.406801 0.151660
-1.364380 0.269043 0.050293 -2.652752 0.523098 0.097784
-1.679321 0.282104 0.174438 -3.265090 0.548493 0.339159
-2.094116 0.343018 0.448608 -4.071573 0.666926 0.872226
-2.336304 0.571655 0.629272 -4.542456 1.111465 1.223489
-2.547607 0.813843 0.584595 -4.953292 1.582348 1.136623
-2.898926 1.060913 0.444946 -5.636357 2.062724 0.865105
-2.645020 0.534790 0.395020 -5.142689 1.039788 0.768033
-1.571167 0.002563 0.083130 -3.054807 0.004984 0.161629
-1.086548 0.211792 -0.096191 -2.112566 0.411785 -0.187024
-1.150024 0.386597 0.107178 -2.235983 0.751657 0.208385
-0.868042 -0.024170 0.059326 -1.687727 -0.046993 0.115347
-0.571167 -0.245728 -0.222290 -1.110515 -0.477766 -0.432197
-0.650757 0.034058 -0.229858 -1.265261 0.066218 -0.446912
-0.513306 0.226685 0.031982 -0.998016 0.440741 0.062183
-0.174927 0.217163 0.132324 -0.340109 0.422228 0.257277
0.055786 0.125854 0.005005 0.108465 0.244698 0.009731
0.126343 0.054077 -0.166382 0.245647 0.105142 -0.323495
0.077881 0.088135 -0.226563 0.151423 0.171360 -0.440504
0.064941 0.155029 -0.133545 0.126265 0.301422 -0.259650
0.077881 0.160156 -0.026733 0.151423 0.311390 -0.051978
0.031128 0.160889 -0.011597 0.060522 0.312815 -0.022547
-0.053223 0.130005 -0.029175 -0.103480 0.252767 -0.056724
-0.087646 0.105469 -0.068359 -0.170410 0.205062 -0.132911
-0.068848 0.081787 -0.070190 -0.133860 0.159018 -0.136471
-0.018677 0.044067 -0.048096 -0.036313 0.085680 -0.093512
0.017090 0.048462 -0.079346 0.033228 0.094224 -0.154271
0.035278 0.063232 -0.121582 0.068591 0.122942 -0.236391
0.051392 0.054321 -0.138184 0.099920 0.105616 -0.268669
0.063599 0.035889 -0.136841 0.123654 0.069778 -0.266058
0.060181 0.041992 -0.140503 0.117009 0.081645 -0.273179
0.043701 0.064331 -0.136597 0.084968 0.125078 -0.265584
0.029541 0.069092 -0.138794 0.057436 0.134335 -0.269856
0.023926 0.049805 -0.149414 0.046519 0.096835 -0.290505
0.015381 0.032837 -0.153198 0.029905 0.063845 -0.297862
-0.015381 0.052002 -0.165283 -0.029905 0.101107 -0.321359
-0.035400 0.054321 -0.160156 -0.068829 0.105616 -0.311390
-0.034790 0.012817 -0.149536 -0.067642 0.024921 -0.290742
-0.027710 -0.032593 -0.133423 -0.053876 -0.063370 -0.259413
-0.039551 -0.021606 -0.136108 -0.076898 -0.042009 -0.264634
-0.054077 -0.008423 -0.141113 -0.105142 -0.016376 -0.274365
-0.050415 -0.019287 -0.135132 -0.098022 -0.037500 -0.262736
-0.033325 -0.036743 -0.125977 -0.064794 -0.071439 -0.244935
-0.011108 -0.057495 -0.119019 -0.021598 -0.111787 -0.231407
-0.004395 -0.057739 -0.121338 -0.008544 -0.112262 -0.235916
-0.013794 -0.013672 -0.112427 -0.026819 -0.026582 -0.218590
-0.026978 0.012085 -0.113525 -0.052452 0.023497 -0.220726
-0.020630 -0.011597 -0.124390 -0.040111 -0.022547 -0.241850
-0.013062 -0.026978 -0.129028 -0.025395 -0.052452 -0.250869
-0.013794 -0.002563 -0.127075 -0.026819 -0.004984 -0.247071
-0.017334 0.011230 -0.130371 -0.033702 0.021835 -0.253479
-0.020020 0.010864 -0.131592 -0.038924 0.021123 -0.255853
-0.024536 0.005981 -0.144653 -0.047705 0.011630 -0.281248
-0.041504 0.024170 -0.167725 -0.080696 0.046993 -0.326106
-0.046997 0.026123 -0.178223 -0.091376 0.050791 -0.346517
