-0.277710 0.509644 -0.070068 -0.539949 0.990896 -0.136233
-0.146729 0.444580 -0.037109 -0.285283 0.864393 -0.072151
-0.156982 0.262939 -0.054199 -0.305220 0.511231 -0.105379
-0.061646 0.107178 -0.134644 -0.119857 0.208385 -0.261786
-0.003662 -0.160034 -0.235840 -0.007120 -0.311153 -0.458541
0.049927 -0.355591 -0.375244 0.097072 -0.691372 -0.729584
0.043945 -0.573242 -0.525757 0.085443 -1.114550 -1.022225
-0.072632 -0.122070 -0.357422 -0.141217 -0.237340 -0.694932
-0.203613 1.404907 -0.207886 -0.395884 2.731549 -0.404191
-0.024658 1.150146 -0.111206 -0.047943 2.236220 -0.216217
0.506958 0.996460 0.026855 0.985674 1.937409 0.052215
0.842285 0.816772 0.198242 1.637648 1.588044 0.385441
1.065674 0.552368 0.327026 2.071981 1.073965 0.635835
1.342407 0.151733 0.365723 2.610031 0.295014 0.711071
1.529419 -0.101318 0.389160 2.973636 -0.196992 0.756641
1.553467 -0.167725 0.412354 3.020392 -0.326106 0.801735
1.398560 -0.306274 0.504883 2.719208 -0.595487 0.981639
1.067505 -0.302368 0.471558 2.075541 -0.587892 0.916846
0.782959 -0.162720 0.244507 1.522301 -0.316375 0.475393
0.579834 -0.059448 -0.011230 1.127366 -0.115585 -0.021835
0.568481 -0.172974 -0.106445 1.105294 -0.336311 -0.206961
0.425659 -0.176880 -0.126831 0.827606 -0.343906 -0.246597
0.151245 -0.044189 -0.145386 0.294065 -0.085917 -0.282672
-0.140503 0.003540 -0.233398 -0.273179 0.006883 -0.453795
-0.394897 -0.052368 -0.265747 -0.767796 -0.101819 -0.516690
-0.560059 -0.116577 -0.285034 -1.088917 -0.226660 -0.554190
-0.746216 -0.144897 -0.322266 -1.450861 -0.281723 -0.626578
-0.979004 -0.150269 -0.345215 -1.903469 -0.292166 -0.671198
-1.217651 -0.250732 -0.327393 -2.367469 -0.487497 -0.636547
-1.466797 -0.381714 -0.307373 -2.851881 -0.742163 -0.597623
-1.667847 -0.341431 -0.230103 -3.242780 -0.663841 -0.447386
-1.591553 -0.152588 -0.187012 -3.094443 -0.296675 -0.363605
-1.265869 -0.048340 -0.126343 -2.461219 -0.093987 -0.245647
-1.007202 -0.136719 -0.081055 -1.958295 -0.265821 -0.157594
-0.631958 -0.144043 -0.167847 -1.228711 -0.280062 -0.326343
-0.446289 0.123901 -0.369263 -0.867716 0.240900 -0.717954
-0.270142 0.270996 -0.349609 -0.525234 0.526895 -0.679743
-0.028198 0.136475 -0.203857 -0.054826 0.265346 -0.396358
0.035645 0.040894 -0.143066 0.069303 0.079509 -0.278163
0.037231 0.134888 -0.136963 0.072389 0.262261 -0.266296
0.065430 0.044922 -0.146851 0.127214 0.087341 -0.285520
0.088623 -0.073608 -0.133423 0.172309 -0.143116 -0.259413
-0.011108 -0.042358 -0.067871 -0.021598 -0.082357 -0.131961
-0.149536 0.072388 -0.016235 -0.290742 0.140743 -0.031566
-0.117554 0.030762 -0.015869 -0.228559 0.059810 -0.030854
0.019165 -0.047729 -0.096436 0.037262 -0.092800 -0.187499
0.129395 0.026855 -0.137695 0.251581 0.052215 -0.267720
0.123535 0.102295 -0.136108 0.240188 0.198891 -0.264634
0.085327 0.095947 -0.154419 0.165901 0.186549 -0.300235
0.058472 0.075928 -0.150879 0.113686 0.147626 -0.293353
-0.066772 0.044556 -0.125854 -0.129825 0.086629 -0.244698
-0.087891 0.010254 -0.080444 -0.170885 0.019937 -0.156407
-0.020508 0.017822 -0.074341 -0.039873 0.034652 -0.144540
-0.035522 -0.009399 -0.102905 -0.069066 -0.018275 -0.200078
-0.025513 -0.042725 -0.126831 -0.049604 -0.083069 -0.246597
-0.010864 -0.017822 -0.132813 -0.021123 -0.034652 -0.258226
-0.007690 0.073486 -0.146362 -0.014952 0.142879 -0.284571
-0.000977 0.056396 -0.152466 -0.001899 0.109651 -0.296438
-0.009521 0.011475 -0.122803 -0.018513 0.022310 -0.238764
-0.046021 0.012939 -0.107422 -0.089477 0.025158 -0.208859
-0.086914 0.020508 -0.118896 -0.168986 0.039873 -0.231169
-0.085693 0.023804 -0.146606 -0.166613 0.046281 -0.285046
-0.082642 0.009277 -0.160889 -0.160679 0.018038 -0.312815
-0.071045 -0.043213 -0.134766 -0.138132 -0.084018 -0.262024
-0.021240 -0.084473 -0.089600 -0.041297 -0.164239 -0.174208
0.031372 -0.106445 -0.079468 0.060996 -0.206961 -0.154509
-0.011597 -0.085938 -0.105591 -0.022547 -0.167088 -0.205299
0.011841 -0.046509 -0.129395 0.023022 -0.090427 -0.251581
0.025269 0.005371 -0.146729 0.049129 0.010443 -0.285283
0.040283 0.014282 -0.145752 0.078322 0.027769 -0.283384
0.031738 0.008057 -0.118408 0.061708 0.015664 -0.230220
-0.012939 0.010254 -0.072632 -0.025158 0.019937 -0.141217
-0.006226 -0.013550 -0.059814 -0.012104 -0.026345 -0.116297
0.019653 -0.008789 -0.107056 0.038212 -0.017089 -0.208147
-0.015625 0.007202 -0.121338 -0.030380 0.014003 -0.235916
-0.044312 -0.012085 -0.088257 -0.086155 -0.023497 -0.171597
-0.025513 -0.040039 -0.060913 -0.049604 -0.077848 -0.118433
0.015991 -0.052002 -0.047852 0.031092 -0.101107 -0.093037
0.025391 -0.051880 -0.036743 0.049367 -0.100870 -0.071439
0.006348 0.003052 -0.076294 0.012342 0.005934 -0.148338
