-0.181885 -0.172241 -0.371704 -0.353637 -0.334887 -0.722701
-0.107544 -0.068359 -0.239746 -0.209097 -0.132911 -0.466136
-0.291626 0.008911 -0.251099 -0.567006 0.017326 -0.488209
-0.283569 0.079224 -0.166138 -0.551341 0.154034 -0.323020
-0.140991 0.081299 -0.049072 -0.274128 0.158069 -0.095411
0.035034 -0.004883 -0.049438 0.068117 -0.009494 -0.096123
0.079834 0.211792 -0.077515 0.155221 0.411785 -0.150711
-0.130859 0.239624 -0.177002 -0.254429 0.465899 -0.344143
0.221680 0.480347 -0.094360 0.431010 0.933934 -0.183464
0.788330 0.468506 0.075684 1.532744 0.910912 0.147151
1.248901 0.342529 0.174072 2.428228 0.665977 0.338447
1.493896 0.327148 0.164551 2.904570 0.636072 0.319935
1.891479 0.255737 0.210938 3.677588 0.497228 0.410124
2.361084 0.030518 0.217041 4.590636 0.059335 0.421991
2.619507 -0.140869 0.158447 5.093085 -0.273891 0.308068
2.661499 -0.157471 0.045044 5.174730 -0.306169 0.087579
2.527466 -0.045288 -0.149780 4.914131 -0.088053 -0.291217
2.302734 -0.078613 -0.286499 4.477187 -0.152847 -0.557038
1.971436 -0.178101 -0.355591 3.833045 -0.346279 -0.691372
1.498535 -0.150757 -0.390381 2.913589 -0.293115 -0.759014
1.086792 -0.077148 -0.375854 2.113040 -0.149999 -0.730771
0.803589 -0.089600 -0.312134 1.562411 -0.174208 -0.606879
0.532471 -0.117676 -0.253296 1.035278 -0.228796 -0.492481
0.265625 -0.108643 -0.204346 0.516452 -0.211233 -0.397308
-0.053345 -0.094482 -0.170166 -0.103718 -0.183701 -0.330852
-0.367188 -0.128418 -0.099731 -0.713920 -0.249682 -0.193907
-0.632080 -0.219727 0.025635 -1.228948 -0.427213 0.049841
-0.907837 -0.259277 0.125366 -1.765100 -0.504111 0.243748
-1.224609 -0.278442 0.119995 -2.380998 -0.541373 0.233305
-1.542480 -0.296997 0.106567 -2.999032 -0.577449 0.207198
-1.871460 -0.407227 0.195679 -3.638664 -0.791767 0.380456
-2.319580 -0.458984 0.414673 -4.509940 -0.892399 0.806245
-2.526978 -0.200195 0.518311 -4.913181 -0.389238 1.007747
-2.263184 -0.003540 0.265259 -4.400289 -0.006883 0.515740
-1.729858 -0.291626 0.052856 -3.363349 -0.567006 0.102768
-1.246582 -0.281616 -0.027222 -2.423719 -0.547544 -0.052927
-1.120605 0.099365 0.062378 -2.178784 0.193195 0.121281
-1.093872 0.142456 0.121582 -2.126806 0.276976 0.236391
-0.812744 -0.083984 0.047485 -1.580212 -0.163290 0.092325
-0.512085 -0.258423 0.066772 -0.995642 -0.502449 0.129825
-0.312256 -0.100342 0.166504 -0.607116 -0.195094 0.323732
-0.222412 0.237915 0.225586 -0.432434 0.462576 0.438605
-0.162842 0.377808 0.149658 -0.316612 0.734568 0.290979
-0.096069 0.264526 -0.009277 -0.186787 0.514316 -0.018038
-0.024780 0.083862 -0.185547 -0.048180 0.163053 -0.360757
-0.018066 0.033447 -0.244385 -0.035126 0.065031 -0.475155
-0.046387 0.108276 -0.172119 -0.090189 0.210521 -0.334650
-0.044312 0.138062 -0.112915 -0.086155 0.268432 -0.219540
0.005493 0.055664 -0.133545 0.010680 0.108227 -0.259650
0.034302 0.015015 -0.173828 0.066693 0.029193 -0.337973
0.002930 0.059570 -0.187866 0.005696 0.115822 -0.365267
-0.038208 0.074463 -0.165283 -0.074288 0.144778 -0.321359
-0.046997 0.077881 -0.130859 -0.091376 0.151423 -0.254429
-0.046021 0.081909 -0.117188 -0.089477 0.159255 -0.227847
-0.046631 0.090942 -0.123901 -0.090664 0.176819 -0.240900
-0.027588 0.079834 -0.110107 -0.053639 0.155221 -0.214081
0.002319 0.058228 -0.102539 0.004509 0.113211 -0.199366
0.028687 0.029541 -0.082520 0.055775 0.057436 -0.160442
0.027588 0.044556 -0.064453 0.053639 0.086629 -0.125316
-0.003784 0.077393 -0.055786 -0.007358 0.150474 -0.108465
-0.018433 0.084351 -0.046265 -0.035838 0.164002 -0.089952
-0.023926 0.068604 -0.045532 -0.046519 0.133385 -0.088528
-0.034424 0.046753 -0.054321 -0.066930 0.090901 -0.105616
-0.054688 0.040405 -0.077515 -0.106328 0.078560 -0.150711
-0.052856 0.039673 -0.082764 -0.102768 0.077136 -0.160917
-0.021606 0.020020 -0.069214 -0.042009 0.038924 -0.134572
-0.001221 0.000244 -0.059082 -0.002373 0.000475 -0.114873
-0.013794 0.011597 -0.076904 -0.026819 0.022547 -0.149524
-0.031860 0.030396 -0.111084 -0.061946 0.059098 -0.215980
-0.023071 0.031128 -0.119873 -0.044857 0.060522 -0.233068
-0.019409 0.045776 -0.130005 -0.037737 0.089003 -0.252767
-0.016479 0.042969 -0.143555 -0.032041 0.083544 -0.279112
-0.005493 0.033569 -0.131470 -0.010680 0.065269 -0.255615
-0.008545 0.034180 -0.118530 -0.016614 0.066455 -0.230457
-0.018066 0.053955 -0.118286 -0.035126 0.104904 -0.229983
-0.001343 0.055176 -0.111206 -0.002611 0.107278 -0.216217
0.015869 0.048828 -0.106934 0.030854 0.094936 -0.207910
0.020386 0.030029 -0.103271 0.039636 0.058386 -0.200790
0.010742 0.029053 -0.106934 0.020886 0.056487 -0.207910
-0.010254 0.018433 -0.120117 -0.019937 0.035838 -0.233543
