-0.308960 0.377441 -0.468384 -0.600708 0.733856 -0.910675
-0.121948 0.246582 -0.624146 -0.237103 0.479427 -1.213521
0.109009 -0.096680 -0.641968 0.211945 -0.187973 -1.248173
0.219849 -0.259277 -0.472656 0.427450 -0.504111 -0.918982
0.105713 -0.361206 -0.298828 0.205537 -0.702290 -0.581009
0.022827 -0.472290 -0.053101 0.044383 -0.918270 -0.103243
0.010620 -0.469971 0.043213 0.020649 -0.913760 0.084018
-0.069214 -0.186890 0.004517 -0.134572 -0.363368 0.008782
-0.228027 -0.114990 0.000122 -0.443352 -0.223575 0.000237
-0.201538 0.089844 0.049194 -0.391849 0.174682 0.095648
0.097290 0.431274 0.070923 0.189160 0.838523 0.137895
0.528564 0.541260 0.039185 1.027683 1.052367 0.076186
0.886230 0.302368 -0.011963 1.723090 0.587892 -0.023259
1.156860 0.037964 -0.044678 2.249274 0.073813 -0.086867
1.329834 -0.057251 -0.084961 2.585585 -0.111313 -0.165189
1.422607 -0.101440 -0.033691 2.765964 -0.197230 -0.065506
1.510864 -0.219727 0.051025 2.937561 -0.427213 0.099208
1.565674 -0.332397 0.025024 3.044127 -0.646278 0.048655
1.456177 -0.272461 -0.065796 2.831232 -0.529743 -0.127926
1.308716 -0.139038 -0.137329 2.544525 -0.270331 -0.267008
1.167480 -0.083130 -0.161865 2.269922 -0.161629 -0.314713
1.005615 -0.094116 -0.149292 1.955209 -0.182989 -0.290267
0.882446 -0.074341 -0.160645 1.715733 -0.144540 -0.312340
0.742676 -0.065552 -0.186035 1.443978 -0.127452 -0.361707
0.515869 -0.054810 -0.180054 1.003000 -0.106566 -0.350077
0.238037 -0.060913 -0.129272 0.462814 -0.118433 -0.251343
-0.065796 -0.069824 -0.092896 -0.127926 -0.135759 -0.180616
-0.316040 -0.017700 -0.063477 -0.614474 -0.034414 -0.123417
-0.517456 -0.000977 -0.067017 -1.006086 -0.001899 -0.130300
-0.737549 -0.061157 -0.084717 -1.434010 -0.118907 -0.164714
-0.941528 -0.138672 -0.071899 -1.830606 -0.269619 -0.139793
-1.117065 -0.116577 -0.072754 -2.171901 -0.226660 -0.141455
-1.290283 -0.082275 -0.082642 -2.508687 -0.159967 -0.160679
-1.455566 -0.110107 -0.015015 -2.830045 -0.214081 -0.029193
-1.453857 -0.150757 0.027588 -2.826723 -0.293115 0.053639
-1.320923 -0.208008 0.000488 -2.568259 -0.404428 0.000949
-1.311646 -0.229004 -0.065430 -2.550221 -0.445250 -0.127214
-1.284180 -0.021240 -0.132568 -2.496820 -0.041297 -0.257752
-1.196289 0.299072 -0.126587 -2.325935 0.581484 -0.246122
-0.963135 0.342651 -0.124634 -1.872615 0.666214 -0.242324
-0.648926 0.245850 -0.188110 -1.261701 0.478003 -0.365741
-0.513306 0.039917 -0.259277 -0.998016 0.077610 -0.504111
-0.431885 0.051514 -0.311279 -0.839710 0.100158 -0.605218
-0.328857 0.099731 -0.320557 -0.639395 0.193907 -0.623256
-0.220825 -0.037354 -0.280029 -0.429349 -0.072626 -0.544459
-0.060669 -0.088135 -0.288330 -0.117958 -0.171360 -0.560598
0.034912 0.054199 -0.276855 0.067879 0.105379 -0.538288
0.055176 0.186035 -0.219482 0.107278 0.361707 -0.426738
0.054321 0.212891 -0.158813 0.105616 0.413921 -0.308780
0.060547 0.116211 -0.097656 0.117721 0.225948 -0.189872
0.070190 0.028809 -0.062988 0.136471 0.056012 -0.122468
0.015015 0.087524 -0.054932 0.029193 0.170173 -0.106803
-0.049805 0.103394 -0.047241 -0.096835 0.201027 -0.091851
-0.016724 0.047607 -0.052979 -0.032516 0.092563 -0.103006
0.024536 0.017822 -0.084473 0.047705 0.034652 -0.164239
0.006958 -0.010986 -0.084473 0.013528 -0.021361 -0.164239
-0.012573 -0.023438 -0.048218 -0.024446 -0.045569 -0.093749
-0.007690 -0.037354 -0.025024 -0.014952 -0.072626 -0.048655
0.011230 -0.032471 -0.032715 0.021835 -0.063133 -0.063607
0.046021 -0.030396 -0.054321 0.089477 -0.059098 -0.105616
0.067383 -0.050171 -0.065430 0.131012 -0.097547 -0.127214
0.079102 -0.052612 -0.054199 0.153797 -0.102294 -0.105379
0.081787 -0.082764 -0.027588 0.159018 -0.160917 -0.053639
0.075562 -0.106201 -0.028687 0.146914 -0.206486 -0.055775
0.047363 -0.116211 -0.046997 0.092088 -0.225948 -0.091376
0.020874 -0.109619 -0.056641 0.040585 -0.213132 -0.110126
0.011597 -0.030396 -0.064941 0.022547 -0.059098 -0.126265
0.011230 0.009277 -0.072266 0.021835 0.018038 -0.140505
0.012207 0.012085 -0.098389 0.023734 0.023497 -0.191296
0.022095 -0.002563 -0.121704 0.042959 -0.004984 -0.236628
0.036987 0.036865 -0.141479 0.071914 0.071677 -0.275077
0.023804 0.053467 -0.135620 0.046281 0.103955 -0.263685
0.005859 0.042847 -0.126587 0.011392 0.083306 -0.246122
-0.012573 0.028931 -0.136841 -0.024446 0.056250 -0.266058
-0.035156 0.025513 -0.140625 -0.068354 0.049604 -0.273416
-0.036133 0.040283 -0.144775 -0.070253 0.078322 -0.281486
-0.006836 0.036743 -0.143066 -0.013291 0.071439 -0.278163
0.009155 0.065552 -0.140747 0.017801 0.127452 -0.273653
0.019165 0.087280 -0.138794 0.037262 0.169698 -0.269856
0.018555 0.072510 -0.130859 0.036076 0.140980 -0.254429
