-0.406860 0.064209 -0.340820 -0.791055 0.124841 -0.662654
-0.457153 -0.044678 -0.327881 -0.888839 -0.086867 -0.637496
-0.219238 0.089478 -0.247070 -0.426263 0.173970 -0.480377
-0.098389 0.057495 -0.227539 -0.191296 0.111787 -0.442402
-0.017822 -0.158447 -0.164917 -0.034652 -0.308068 -0.320647
0.427734 -0.375122 -0.063843 0.831640 -0.729347 -0.124129
1.311035 0.000122 0.156738 2.549035 0.000237 0.304745
1.907104 0.128052 0.137573 3.707967 0.248970 0.267482
2.258301 0.158325 0.109985 4.390795 0.307830 0.213844
2.351563 0.245361 0.218262 4.572123 0.477054 0.424364
2.266968 0.289917 0.349854 4.407647 0.563683 0.680217
2.232544 0.417236 0.330200 4.340716 0.811229 0.642005
2.405884 0.538818 0.381470 4.677740 1.047620 0.741688
2.400757 0.278564 0.351440 4.667771 0.541611 0.683303
2.051880 0.019531 0.214966 3.989453 0.037974 0.417956
1.595581 -0.176758 0.026489 3.102275 -0.343669 0.051503
1.246582 -0.459717 -0.176392 2.423719 -0.893824 -0.342957
1.078735 -0.483032 -0.252686 2.097376 -0.939156 -0.491294
0.714844 -0.320679 -0.271240 1.389865 -0.623493 -0.527370
0.149414 -0.077148 -0.149536 0.290505 -0.149999 -0.290742
-0.333496 0.011597 0.007080 -0.648414 0.022547 0.013766
-0.624878 -0.009521 -0.016602 -1.214945 -0.018513 -0.032278
-0.890625 -0.100220 -0.062622 -1.731635 -0.194856 -0.121756
-1.313721 -0.039673 -0.042236 -2.554256 -0.077136 -0.082120
-1.702515 0.192139 -0.034912 -3.310185 0.373574 -0.067879
-1.812256 0.257813 -0.125610 -3.523554 0.501263 -0.244223
-1.904175 0.180176 -0.293091 -3.702271 0.350314 -0.569854
-2.168823 0.221313 -0.444580 -4.216825 0.430298 -0.864393
-2.364014 0.312622 -0.444336 -4.596332 0.607828 -0.863919
-2.138672 0.403809 -0.298462 -4.158202 0.785122 -0.580297
-1.728027 0.031982 -0.378540 -3.359789 0.062183 -0.735992
-1.382080 -0.291382 -0.558716 -2.687167 -0.566531 -1.086306
-1.125122 -0.202026 -0.521851 -2.187565 -0.392798 -1.014630
-0.864502 -0.007935 -0.192749 -1.680844 -0.015427 -0.374760
-0.595093 0.125854 0.060181 -1.157034 0.244698 0.117009
-0.267456 0.063232 -0.016113 -0.520013 0.122942 -0.031329
0.020264 -0.092041 -0.226318 0.039398 -0.178955 -0.440029
0.171509 -0.103882 -0.279785 0.333463 -0.201977 -0.543984
0.128662 0.016724 -0.196167 0.250157 0.032516 -0.381406
0.086792 0.084473 -0.080688 0.168749 0.164239 -0.156882
0.065796 0.062500 -0.073242 0.127926 0.121518 -0.142404
0.026611 0.049072 -0.120728 0.051740 0.095411 -0.234730
-0.054443 0.070190 -0.165771 -0.105854 0.136471 -0.322308
-0.112061 0.111206 -0.173828 -0.217878 0.216217 -0.337973
-0.134155 0.136719 -0.150879 -0.260837 0.265821 -0.293353
-0.135376 0.135498 -0.139038 -0.263210 0.263448 -0.270331
-0.117798 0.128662 -0.137939 -0.229033 0.250157 -0.268195
-0.084229 0.085327 -0.119385 -0.163765 0.165901 -0.232119
-0.018311 0.048584 -0.102417 -0.035601 0.094461 -0.199128
0.041626 0.022217 -0.084229 0.080933 0.043196 -0.163765
0.088867 0.020752 -0.062988 0.172784 0.040348 -0.122468
0.078003 0.031372 -0.055542 0.151660 0.060996 -0.107990
0.059326 0.037354 -0.054932 0.115347 0.072626 -0.106803
0.029541 0.038208 -0.092773 0.057436 0.074288 -0.180379
0.010498 0.068115 -0.118408 0.020411 0.132436 -0.230220
-0.001099 0.049805 -0.110352 -0.002136 0.096835 -0.214556
0.031006 0.039551 -0.096802 0.060284 0.076898 -0.188211
0.025391 0.079346 -0.089600 0.049367 0.154271 -0.174208
0.012085 0.076660 -0.107666 0.023497 0.149050 -0.209334
0.010132 0.041626 -0.110840 0.019699 0.080933 -0.215505
0.019897 0.031982 -0.116089 0.038686 0.062183 -0.225711
0.013672 0.036499 -0.122314 0.026582 0.070965 -0.237815
-0.004761 0.057007 -0.128296 -0.009256 0.110838 -0.249445
-0.016357 0.056030 -0.124634 -0.031804 0.108939 -0.242324
-0.008545 0.026123 -0.112549 -0.016614 0.050791 -0.218828
0.012207 -0.019897 -0.081299 0.023734 -0.038686 -0.158069
0.014160 -0.015869 -0.050537 0.027531 -0.030854 -0.098259
-0.009399 0.002808 -0.056030 -0.018275 0.005459 -0.108939
-0.001709 0.035278 -0.100098 -0.003323 0.068591 -0.194619
-0.004517 0.039917 -0.129395 -0.008782 0.077610 -0.251581
-0.004272 0.043335 -0.138794 -0.008307 0.084256 -0.269856
-0.002930 0.039673 -0.134155 -0.005696 0.077136 -0.260837
0.003784 0.025513 -0.125244 0.007358 0.049604 -0.243511
0.003052 0.034912 -0.126221 0.005934 0.067879 -0.245410
-0.012451 0.033081 -0.116699 -0.024209 0.064319 -0.226897
-0.020752 0.020020 -0.111572 -0.040348 0.038924 -0.216929
-0.022461 0.026611 -0.119751 -0.043671 0.051740 -0.232831
-0.021118 0.011719 -0.126221 -0.041060 0.022785 -0.245410
-0.010986 0.013306 -0.121948 -0.021361 0.025870 -0.237103
-0.005737 0.001343 -0.112305 -0.011155 0.002611 -0.218353
