-0.335205 -0.144287 -0.247192 -0.651736 -0.280536 -0.480614
-0.530640 0.143188 -0.400391 -1.031718 0.278400 -0.778476
-0.490845 0.136108 -0.309448 -0.954345 0.264634 -0.601658
-0.091919 0.319336 -0.300171 -0.178717 0.620882 -0.583620
0.131226 0.444214 -0.254150 0.255141 0.863681 -0.494142
0.593872 0.459961 -0.242432 1.154660 0.894298 -0.471358
1.179932 0.326782 -0.263550 2.294131 0.635360 -0.512418
1.251953 -0.041260 -0.286987 2.434162 -0.080221 -0.557987
1.587769 -0.143188 -0.113037 3.087085 -0.278400 -0.219777
1.789185 -0.215942 0.073486 3.478697 -0.419855 0.142879
1.851318 -0.165649 0.092529 3.599503 -0.322071 0.179904
1.824341 -0.069214 0.120605 3.547050 -0.134572 0.234492
1.829834 -0.149048 0.128418 3.557731 -0.289792 0.249682
1.760132 -0.168213 0.080200 3.422210 -0.327055 0.155933
1.557251 -0.031250 0.044434 3.027750 -0.060759 0.086392
1.358765 0.008789 0.094604 2.641835 0.017089 0.183939
1.183472 -0.124756 0.181885 2.301014 -0.242562 0.353637
1.020020 -0.195923 0.178711 1.983215 -0.380931 0.347466
0.850098 -0.023560 0.078369 1.652838 -0.045807 0.152372
0.444824 0.067993 -0.035034 0.864868 0.132199 -0.068117
0.019531 0.010864 -0.060181 0.037974 0.021123 -0.117009
-0.291870 -0.015381 -0.033691 -0.567481 -0.029905 -0.065506
-0.579346 0.026855 -0.053345 -1.126417 0.052215 -0.103718
-0.843506 0.022217 -0.064575 -1.640021 0.043196 -0.125553
-1.116089 -0.061157 -0.023682 -2.170002 -0.118907 -0.046044
-1.404297 -0.096313 0.030396 -2.730363 -0.187261 0.059098
-1.506226 0.063354 -0.069092 -2.928542 0.123180 -0.134335
-1.518433 0.202393 -0.206909 -2.952276 0.393510 -0.402292
-1.733154 0.296997 -0.193237 -3.369757 0.577449 -0.375710
-1.885742 0.419434 -0.290527 -3.666433 0.815501 -0.564870
-1.832397 0.370972 -0.378906 -3.562715 0.721277 -0.736704
-1.518677 0.197754 -0.258911 -2.952750 0.384491 -0.503399
-1.258057 0.177612 -0.093628 -2.446029 0.345330 -0.182040
-1.150024 0.332153 -0.147339 -2.235983 0.645803 -0.286470
-0.951172 0.489746 -0.346436 -1.849355 0.952209 -0.673572
-0.514038 0.300415 -0.341919 -0.999440 0.584094 -0.664790
-0.078247 -0.027954 -0.212769 -0.152135 -0.054351 -0.413684
0.114014 -0.127563 -0.180054 0.221676 -0.248021 -0.350077
0.112671 0.019287 -0.206543 0.219065 0.037500 -0.401580
0.066162 0.104370 -0.212036 0.128638 0.202926 -0.412260
0.038696 -0.046265 -0.134033 0.075237 -0.089952 -0.260600
-0.007446 -0.125366 -0.094238 -0.014478 -0.243748 -0.183227
-0.144043 0.023560 -0.093506 -0.280062 0.045807 -0.181803
-0.193359 0.045532 -0.124512 -0.375947 0.088528 -0.242087
-0.142334 -0.071655 -0.170044 -0.276739 -0.139319 -0.330615
-0.026733 -0.110840 -0.198486 -0.051978 -0.215505 -0.385915
0.022705 -0.052979 -0.186646 0.044145 -0.103006 -0.362893
0.038086 0.049194 -0.163818 0.074050 0.095648 -0.318511
0.076904 0.083496 -0.141968 0.149524 0.162341 -0.276027
0.019287 0.067505 -0.174194 0.037500 0.131249 -0.338685
0.084961 0.083252 -0.172852 0.165189 0.161866 -0.336074
0.035522 0.048706 -0.147949 0.069066 0.094699 -0.287656
-0.015747 0.035767 -0.149414 -0.030617 0.069541 -0.290505
-0.001099 0.031006 -0.141968 -0.002136 0.060284 -0.276027
-0.034180 0.035767 -0.144409 -0.066455 0.069541 -0.280774
-0.010498 0.049072 -0.158569 -0.020411 0.095411 -0.308305
0.011841 0.033569 -0.155151 0.023022 0.065269 -0.301659
0.015625 0.023071 -0.141479 0.030380 0.044857 -0.275077
0.003174 0.047974 -0.134766 0.006171 0.093275 -0.262024
-0.005005 0.047363 -0.122437 -0.009731 0.092088 -0.238052
-0.007446 0.026367 -0.114136 -0.014478 0.051266 -0.221913
-0.002930 0.018555 -0.119507 -0.005696 0.036076 -0.232356
0.000244 0.024658 -0.125244 0.000475 0.047943 -0.243511
-0.008789 0.026855 -0.125122 -0.017089 0.052215 -0.243274
-0.015869 0.043335 -0.119263 -0.030854 0.084256 -0.231881
-0.025146 0.033081 -0.119629 -0.048892 0.064319 -0.232593
-0.023804 0.021973 -0.124878 -0.046281 0.042721 -0.242799
-0.025269 0.011963 -0.114990 -0.049129 0.023259 -0.223575
-0.018555 0.003174 -0.103149 -0.036076 0.006171 -0.200553
-0.034058 -0.007080 -0.103149 -0.066218 -0.013766 -0.200553
-0.017090 0.023560 -0.118164 -0.033228 0.045807 -0.229745
-0.017456 0.032715 -0.125732 -0.033940 0.063607 -0.244460
-0.019409 0.019653 -0.137451 -0.037737 0.038212 -0.267245
-0.021973 0.019653 -0.132935 -0.042721 0.038212 -0.258464
-0.018677 0.013184 -0.122192 -0.036313 0.025633 -0.237578
-0.023071 0.000366 -0.119263 -0.044857 0.000712 -0.231881
-0.029053 -0.011841 -0.117920 -0.056487 -0.023022 -0.229271
-0.031982 -0.021851 -0.120117 -0.062183 -0.042484 -0.233543
-0.026733 0.007324 -0.125854 -0.051978 0.014240 -0.244698
-0.021484 0.030396 -0.133545 -0.041772 0.059098 -0.259650
