0.180542 -0.782837 0.348999 0.351026 -1.522063 0.678556
0.595093 -1.148193 0.286743 1.157034 -2.232423 0.557512
1.036255 -0.928223 0.196167 2.014782 -1.804736 0.381406
1.557373 -0.446533 0.356567 3.027987 -0.868191 0.693271
2.147827 -0.248901 0.576416 4.176003 -0.483937 1.120721
2.383179 -0.322632 0.655029 4.633595 -0.627290 1.273568
2.126099 -0.567139 0.252319 4.133756 -1.102683 0.490582
1.855835 -0.622070 -0.374512 3.608284 -1.209486 -0.728160
1.898315 -0.061157 -0.624634 3.690879 -0.118907 -1.214470
2.005493 0.192383 -0.404663 3.899264 0.374048 -0.786783
2.049561 0.262817 -0.272461 3.984943 0.510994 -0.529743
1.907715 0.258179 -0.265015 3.709154 0.501975 -0.515266
1.630981 0.182983 -0.318237 3.171103 0.355773 -0.618746
1.308228 0.062012 -0.319946 2.543576 0.120569 -0.622069
1.000854 -0.001709 -0.261963 1.945953 -0.003323 -0.509332
0.703125 0.029053 -0.134277 1.367080 0.056487 -0.261074
0.469849 0.072632 -0.025635 0.913523 0.141217 -0.049841
0.265381 0.035034 0.001709 0.515978 0.068117 0.003323
-0.052246 0.022827 -0.023804 -0.101582 0.044383 -0.046281
-0.313477 0.004517 0.012939 -0.609490 0.008782 0.025158
-0.542847 -0.006104 0.047974 -1.055452 -0.011867 0.093275
-0.832031 -0.029297 0.021729 -1.617711 -0.056962 0.042247
-1.134399 0.018433 -0.035278 -2.205603 0.035838 -0.068591
-1.497437 0.036377 -0.040894 -2.911453 0.070727 -0.079509
-1.872681 0.061035 -0.135132 -3.641037 0.118670 -0.262736
-2.232788 0.172729 -0.310669 -4.341191 0.335836 -0.604031
-2.612549 0.410889 -0.329102 -5.079557 0.798887 -0.639869
-2.541626 0.988770 -0.318604 -4.941662 1.922456 -0.619458
-1.983643 1.100586 -0.364380 -3.856780 2.139860 -0.708461
-2.347046 0.387207 -0.530640 -4.563342 0.752843 -1.031718
-2.873535 0.586670 -0.806152 -5.586990 1.140657 -1.567395
-2.396973 0.986450 -1.011475 -4.660414 1.917947 -1.966602
-1.336792 1.019409 -0.302124 -2.599113 1.982029 -0.587417
-0.431641 0.620972 0.319336 -0.839235 1.207350 0.620882
0.098145 0.170532 0.129761 0.190822 0.331564 0.252293
0.084229 0.039063 -0.542847 0.163765 0.075949 -1.055452
-0.004517 0.029663 -0.799805 -0.008782 0.057674 -1.555054
0.254761 -0.134155 -0.478027 0.495329 -0.260837 -0.929425
0.454346 -0.088501 -0.154175 0.883381 -0.172072 -0.299761
0.406982 -0.025024 0.010376 0.791292 -0.048655 0.020174
0.247437 0.010620 0.077515 0.481089 0.020649 0.150711
0.094238 -0.009521 0.066406 0.183227 -0.018513 0.129113
0.011963 -0.022095 0.022583 0.023259 -0.042959 0.043908
-0.064575 0.003052 0.000366 -0.125553 0.005934 0.000712
-0.100098 0.009888 -0.004761 -0.194619 0.019225 -0.009256
-0.115723 -0.005249 -0.025024 -0.224999 -0.010206 -0.048655
-0.120483 -0.023926 -0.031616 -0.234255 -0.046519 -0.061471
-0.092285 -0.007202 -0.052979 -0.179429 -0.014003 -0.103006
-0.056641 0.036255 -0.104248 -0.110126 0.070490 -0.202689
0.004395 0.014038 -0.098511 0.008544 0.027294 -0.191534
0.057983 0.000366 -0.107788 0.112737 0.000712 -0.209571
0.075806 0.002686 -0.134888 0.147388 0.005221 -0.262261
0.058228 0.008911 -0.137695 0.113211 0.017326 -0.267720
0.036011 0.006958 -0.119385 0.070015 0.013528 -0.232119
0.012939 0.022095 -0.101807 0.025158 0.042959 -0.197942
-0.004883 0.037720 -0.097046 -0.009494 0.073338 -0.188686
-0.012695 0.039429 -0.103271 -0.024683 0.076661 -0.200790
-0.015381 0.029297 -0.111084 -0.029905 0.056962 -0.215980
-0.019897 0.011475 -0.107544 -0.038686 0.022310 -0.209097
-0.025513 0.016479 -0.106079 -0.049604 0.032041 -0.206249
-0.028687 0.013672 -0.109619 -0.055775 0.026582 -0.213132
-0.024292 0.014282 -0.119385 -0.047231 0.027769 -0.232119
-0.028198 0.014038 -0.117065 -0.054826 0.027294 -0.227609
-0.024414 0.011841 -0.114624 -0.047468 0.023022 -0.222863
-0.019409 0.018799 -0.108765 -0.037737 0.036550 -0.211470
-0.009766 0.004639 -0.109741 -0.018987 0.009019 -0.213369
-0.001953 0.002319 -0.121948 -0.003797 0.004509 -0.237103
-0.013916 0.013062 -0.135010 -0.027057 0.025395 -0.262498
-0.015259 0.020508 -0.135986 -0.029668 0.039873 -0.264397
-0.008301 0.012939 -0.129639 -0.016139 0.025158 -0.252055
-0.001465 0.016968 -0.151123 -0.002848 0.032990 -0.293827
0.011597 0.015625 -0.176392 0.022547 0.030380 -0.342957
0.015625 0.005493 -0.163330 0.030380 0.010680 -0.317561
-0.003906 0.016113 -0.161865 -0.007595 0.031329 -0.314713
-0.014282 0.027710 -0.154785 -0.027769 0.053876 -0.300947
-0.013428 0.020874 -0.151001 -0.026107 0.040585 -0.293590
-0.018433 0.019165 -0.153076 -0.035838 0.037262 -0.297625
-0.019043 0.018433 -0.139404 -0.037025 0.035838 -0.271043
-0.021729 0.025635 -0.128784 -0.042247 0.049841 -0.250394
-0.022949 0.025024 -0.130615 -0.044620 0.048655 -0.253954
