0.011841 -0.307739 -0.206909 0.023022 -0.598335 -0.402292
0.047363 -0.204224 -0.154297 0.092088 -0.397070 -0.299998
-0.186890 -0.048096 -0.147827 -0.363368 -0.093512 -0.287419
-0.164307 0.054077 -0.071655 -0.319460 0.105142 -0.139319
-0.040771 0.030518 -0.017822 -0.079272 0.059335 -0.034652
-0.022705 0.101318 0.012573 -0.044145 0.196992 0.024446
-0.115234 0.402954 0.047974 -0.224049 0.783460 0.093275
-0.029297 0.350708 0.127930 -0.056962 0.681879 0.248733
0.271729 0.340454 0.090698 0.528319 0.661942 0.176344
0.888428 0.200073 -0.013916 1.727363 0.389001 -0.027057
1.511108 0.110229 -0.068848 2.938035 0.214318 -0.133860
1.707520 0.142822 -0.240112 3.319916 0.277688 -0.466848
1.782593 0.307861 -0.263550 3.465880 0.598572 -0.512418
1.969849 0.358276 -0.171875 3.829960 0.696594 -0.334175
2.157349 0.218262 -0.173950 4.194515 0.424364 -0.338210
2.248657 0.050293 -0.271362 4.372046 0.097784 -0.527607
2.231567 0.049316 -0.348755 4.338818 0.095885 -0.678081
2.116333 0.038330 -0.402710 4.114769 0.074525 -0.782986
1.932129 -0.105591 -0.461914 3.756622 -0.205299 -0.898096
1.604858 -0.184326 -0.472900 3.120313 -0.358384 -0.919456
1.194092 -0.142700 -0.478394 2.321663 -0.277451 -0.930137
0.824341 -0.050415 -0.409668 1.602759 -0.098022 -0.796514
0.485229 -0.033569 -0.270264 0.943428 -0.065269 -0.525471
0.186646 -0.018555 -0.135132 0.362893 -0.036076 -0.262736
-0.108765 -0.047729 -0.042358 -0.211470 -0.092800 -0.082357
-0.389160 -0.156128 0.035767 -0.756641 -0.303558 0.069541
-0.666870 -0.236938 0.118896 -1.296590 -0.460678 0.231169
-0.935059 -0.274170 0.214600 -1.818027 -0.533066 0.417244
-1.244995 -0.254883 0.270752 -2.420634 -0.495567 0.526421
-1.616577 -0.186035 0.327759 -3.143097 -0.361707 0.637259
-1.903687 -0.253784 0.497070 -3.701322 -0.493430 0.966450
-2.067017 -0.424438 0.675659 -4.018883 -0.825232 1.313679
-2.010376 -0.468506 0.652344 -3.908757 -0.910912 1.268346
-1.735718 -0.423828 0.479126 -3.374742 -0.824045 0.931561
-1.480591 -0.285034 0.352173 -2.878700 -0.554190 0.684727
-1.320068 -0.105957 0.286011 -2.566598 -0.206011 0.556088
-1.168457 -0.100830 0.279907 -2.271821 -0.196043 0.544221
-1.004639 -0.143677 0.275879 -1.953310 -0.279350 0.536389
-0.872925 -0.164673 0.208130 -1.697220 -0.320172 0.404665
-0.847656 -0.049561 0.156616 -1.648091 -0.096360 0.304508
-0.816284 0.206299 0.176392 -1.587094 0.401105 0.342957
-0.621094 0.409546 0.119263 -1.207587 0.796277 0.231881
-0.355347 0.350098 -0.018555 -0.690898 0.680692 -0.036076
-0.079834 0.208618 -0.164185 -0.155221 0.405615 -0.319223
0.095581 0.036865 -0.213745 0.185837 0.071677 -0.415583
0.125854 0.031860 -0.196777 0.244698 0.061946 -0.382593
0.100220 0.114990 -0.183228 0.194856 0.223575 -0.356248
0.098999 0.114868 -0.168823 0.192483 0.223337 -0.328242
0.056519 0.088867 -0.177856 0.109889 0.172784 -0.345805
0.007446 0.091187 -0.166626 0.014478 0.177293 -0.323969
-0.027832 0.088867 -0.145386 -0.054114 0.172784 -0.282672
-0.035889 0.084595 -0.127686 -0.069778 0.164477 -0.248258
-0.037842 0.099976 -0.106567 -0.073575 0.194382 -0.207198
-0.026855 0.116699 -0.102539 -0.052215 0.226897 -0.199366
-0.020142 0.119141 -0.122925 -0.039161 0.231644 -0.239002
-0.021606 0.107788 -0.136719 -0.042009 0.209571 -0.265821
-0.039063 0.113403 -0.153320 -0.075949 0.220489 -0.298099
-0.052124 0.133179 -0.151978 -0.101344 0.258938 -0.295489
-0.031738 0.120117 -0.145264 -0.061708 0.233543 -0.282435
-0.010498 0.094727 -0.148315 -0.020411 0.184176 -0.288368
0.012939 0.062622 -0.136230 0.025158 0.121756 -0.264872
0.042358 0.028320 -0.091797 0.082357 0.055063 -0.178480
0.048462 0.024658 -0.064453 0.094224 0.047943 -0.125316
0.030151 0.009766 -0.061157 0.058623 0.018987 -0.118907
0.004272 -0.000977 -0.074341 0.008307 -0.001899 -0.144540
-0.033569 0.023682 -0.082642 -0.065269 0.046044 -0.160679
-0.036377 0.027222 -0.094116 -0.070727 0.052927 -0.182989
-0.023193 0.017822 -0.105835 -0.045095 0.034652 -0.205774
-0.014160 0.027954 -0.100952 -0.027531 0.054351 -0.196280
-0.026489 0.045898 -0.105835 -0.051503 0.089240 -0.205774
-0.030518 0.036011 -0.109985 -0.059335 0.070015 -0.213844
-0.001221 -0.003296 -0.093018 -0.002373 -0.006408 -0.180853
0.004395 0.002319 -0.087402 0.008544 0.004509 -0.169936
0.005249 0.017700 -0.079712 0.010206 0.034414 -0.154983
0.036377 0.016602 -0.062622 0.070727 0.032278 -0.121756
0.064209 0.035645 -0.042603 0.124841 0.069303 -0.082832
0.078125 0.050781 -0.036865 0.151898 0.098734 -0.071677
0.100586 0.083130 -0.037598 0.195568 0.161629 -0.073101
0.103394 0.074829 -0.070679 0.201027 0.145490 -0.137420
0.073242 0.021851 -0.106934 0.142404 0.042484 -0.207910
