-0.379272 -0.113403 -0.113892 -0.737416 -0.220489 -0.221438
-0.430420 0.188232 -0.337646 -0.836862 0.365979 -0.656483
-0.188232 0.289551 -0.453491 -0.365979 0.562971 -0.881719
0.109863 0.184570 -0.354492 0.213606 0.358858 -0.689236
0.265625 0.174927 -0.228882 0.516452 0.340109 -0.445013
0.465942 0.367432 -0.122437 0.905928 0.714394 -0.238052
0.706055 0.565308 -0.134399 1.372776 1.099123 -0.261312
0.874268 0.455200 -0.081787 1.699831 0.885042 -0.159018
1.040894 0.202759 -0.034546 2.023801 0.394222 -0.067167
1.229126 0.009277 -0.079468 2.389779 0.018038 -0.154509
1.368042 -0.104736 -0.092773 2.659873 -0.203638 -0.180379
1.521118 -0.249390 -0.076172 2.957497 -0.484886 -0.148100
1.527100 -0.332275 -0.088379 2.969127 -0.646040 -0.171834
1.458618 -0.299683 -0.116699 2.835979 -0.582670 -0.226897
1.325317 -0.261475 -0.137817 2.576803 -0.508383 -0.267957
1.130859 -0.275879 -0.114990 2.198720 -0.536389 -0.223575
1.001221 -0.264160 -0.128174 1.946665 -0.513604 -0.249207
0.888672 -0.142334 -0.163086 1.727837 -0.276739 -0.317087
0.678345 -0.017578 -0.229492 1.318900 -0.034177 -0.446200
0.410278 0.017090 -0.253296 0.797701 0.033228 -0.492481
0.130127 0.082031 -0.250366 0.253005 0.159493 -0.486785
-0.162109 0.149292 -0.221802 -0.315188 0.290267 -0.431247
-0.437012 0.148926 -0.174805 -0.849678 0.289555 -0.339871
-0.664917 0.169922 -0.141724 -1.292793 0.330378 -0.275552
-0.888916 0.110596 -0.114136 -1.728312 0.215030 -0.221913
-1.095215 0.051270 -0.090454 -2.129417 0.099683 -0.175869
-1.301758 0.078369 -0.085083 -2.530997 0.152372 -0.165426
-1.513062 0.185547 -0.084106 -2.941833 0.360757 -0.163527
-1.687866 0.221191 -0.038818 -3.281704 0.430061 -0.075474
-1.716675 0.235107 -0.040649 -3.337716 0.457117 -0.079034
-1.672729 0.165405 -0.007080 -3.252274 0.321596 -0.013766
-1.439941 0.079224 -0.017212 -2.799666 0.154034 -0.033465
-1.101440 0.163452 -0.181030 -2.141521 0.317799 -0.351976
-0.677002 -0.035522 -0.194458 -1.316289 -0.069066 -0.378083
-0.485596 0.080566 -0.246582 -0.944140 0.156645 -0.479427
-0.498535 -0.058228 -0.170044 -0.969298 -0.113211 -0.330615
-0.372192 -0.156128 -0.076294 -0.723651 -0.303558 -0.148338
-0.092529 -0.291016 -0.094971 -0.179904 -0.565819 -0.184651
0.081177 -0.317383 -0.192139 0.157831 -0.617085 -0.373574
0.094604 -0.089600 -0.202515 0.183939 -0.174208 -0.393748
0.061279 0.105469 -0.128540 0.119145 0.205062 -0.249919
0.070557 0.093750 -0.083252 0.137183 0.182277 -0.161866
0.100220 0.045776 -0.080688 0.194856 0.089003 -0.156882
0.100098 0.017456 -0.083862 0.194619 0.033940 -0.163053
0.065430 0.070801 -0.052002 0.127214 0.137657 -0.101107
0.041260 0.096069 -0.022095 0.080221 0.186787 -0.042959
0.017700 0.026733 -0.058594 0.034414 0.051978 -0.113923
-0.002686 -0.009033 -0.085083 -0.005221 -0.017563 -0.165426
-0.005737 0.018311 -0.072510 -0.011155 0.035601 -0.140980
0.018921 0.027710 -0.072021 0.036788 0.053876 -0.140031
0.056885 0.008545 -0.076904 0.110601 0.016614 -0.149524
0.077759 -0.016968 -0.078369 0.151186 -0.032990 -0.152372
0.083862 -0.030884 -0.075684 0.163053 -0.060047 -0.147151
0.056030 -0.026855 -0.053467 0.108939 -0.052215 -0.103955
0.020264 -0.039429 -0.030396 0.039398 -0.076661 -0.059098
-0.002197 -0.080933 -0.044678 -0.004272 -0.157357 -0.086867
-0.013550 -0.105835 -0.052979 -0.026345 -0.205774 -0.103006
-0.025391 -0.103394 -0.062134 -0.049367 -0.201027 -0.120806
-0.042114 -0.079224 -0.091919 -0.081882 -0.154034 -0.178717
-0.038696 -0.033203 -0.118042 -0.075237 -0.064557 -0.229508
-0.020752 -0.019043 -0.112183 -0.040348 -0.037025 -0.218116
-0.003296 0.003906 -0.112549 -0.006408 0.007595 -0.218828
0.043579 0.037354 -0.141724 0.084730 0.072626 -0.275552
0.040039 0.070313 -0.213745 0.077848 0.136708 -0.415583
-0.007935 0.025635 -0.218628 -0.015427 0.049841 -0.425076
-0.062866 -0.014893 -0.179932 -0.122230 -0.028956 -0.349840
-0.102539 -0.031250 -0.142334 -0.199366 -0.060759 -0.276739
-0.109863 -0.051758 -0.133911 -0.213606 -0.100632 -0.260362
-0.086304 -0.067627 -0.145874 -0.167800 -0.131487 -0.283622
-0.039917 -0.016724 -0.170898 -0.077610 -0.032516 -0.332276
0.001099 0.027710 -0.174683 0.002136 0.053876 -0.339634
0.028320 0.078125 -0.150879 0.055063 0.151898 -0.293353
0.067139 0.088013 -0.106323 0.130537 0.171122 -0.206723
0.072510 0.100586 -0.051392 0.140980 0.195568 -0.099920
0.031982 0.038818 -0.057983 0.062183 0.075474 -0.112737
0.083618 0.016479 -0.108643 0.162578 0.032041 -0.211233
0.024902 0.018921 -0.146240 0.048417 0.036788 -0.284334
-0.026611 0.032471 -0.156494 -0.051740 0.063133 -0.304270
-0.041992 0.018066 -0.140259 -0.081645 0.035126 -0.272704
-0.041504 0.016968 -0.127319 -0.080696 0.032990 -0.247546
