-0.825317 0.006592 -0.721313 -1.604658 0.012816 -1.402444
-0.608765 0.422485 -0.255615 -1.183616 0.821435 -0.496991
-0.475708 0.276611 -0.068970 -0.924915 0.537813 -0.134097
-0.166260 0.029297 -0.133301 -0.323257 0.056962 -0.259176
0.011597 -0.029053 -0.237183 0.022547 -0.056487 -0.461152
0.220703 -0.045166 -0.230957 0.429111 -0.087816 -0.449048
0.384521 0.188721 0.042236 0.747622 0.366928 0.082120
-0.244141 0.676758 0.239868 -0.474681 1.315814 0.466374
-0.337280 0.479980 0.041992 -0.655771 0.933222 0.081645
0.433105 0.343262 0.208618 0.842083 0.667401 0.405615
1.189819 -0.051270 0.154419 2.313356 -0.099683 0.300235
1.839722 -0.258423 0.059937 3.576955 -0.502449 0.116534
2.109253 -0.248047 0.006836 4.101003 -0.482275 0.013291
2.049927 -0.078613 -0.068237 3.985655 -0.152847 -0.132673
2.059814 -0.002808 0.036133 4.004880 -0.005459 0.070253
2.237305 -0.152344 0.101074 4.349973 -0.296201 0.196518
2.319946 -0.358643 0.011108 4.510652 -0.697306 0.021598
2.296631 -0.462769 -0.086914 4.465320 -0.899757 -0.168986
2.132446 -0.406006 -0.153076 4.146098 -0.789394 -0.297625
1.943115 -0.343384 -0.249390 3.777983 -0.667638 -0.484886
1.759399 -0.346313 -0.330078 3.420785 -0.673334 -0.641768
1.478394 -0.328857 -0.334229 2.874428 -0.639395 -0.649838
1.109253 -0.252319 -0.284058 2.156711 -0.490582 -0.552291
0.710693 -0.136597 -0.231323 1.381795 -0.265584 -0.449760
0.383545 -0.041382 -0.154663 0.745723 -0.080458 -0.300710
0.046509 0.013550 -0.090820 0.090427 0.026345 -0.176581
-0.295776 0.060181 -0.045776 -0.575076 0.117009 -0.089003
-0.575562 0.089478 -0.002197 -1.119059 0.173970 -0.004272
-0.841187 0.137817 0.017090 -1.635512 0.267957 0.033228
-1.140137 0.156982 -0.019409 -2.216758 0.305220 -0.037737
-1.451904 0.173218 -0.008911 -2.822925 0.336786 -0.017326
-1.695923 0.191162 0.083984 -3.297369 0.371675 0.163290
-1.847412 0.195923 0.205322 -3.591908 0.380931 0.399206
-1.857544 -0.000854 0.293335 -3.611607 -0.001661 0.570329
-1.976929 -0.256470 0.233521 -3.843726 -0.498652 0.454032
-2.159058 -0.354858 0.048462 -4.197838 -0.689948 0.094224
-1.971069 -0.451416 0.016235 -3.832334 -0.877684 0.031566
-1.281860 -0.322998 0.094849 -2.492310 -0.628002 0.184413
-0.871704 -0.367798 0.268311 -1.694847 -0.715106 0.521674
-1.051270 -0.230469 0.337769 -2.043975 -0.448098 0.656721
-1.566040 0.798340 0.296265 -3.044838 1.552205 0.576025
-1.736938 1.762695 0.239502 -3.377115 3.427194 0.465662
-1.229980 1.532104 0.048706 -2.391441 2.978858 0.094699
-0.665283 0.567627 -0.254272 -1.293505 1.103632 -0.494380
-0.167969 -0.287109 -0.535156 -0.326580 -0.558224 -1.040500
0.122437 -0.301270 -0.539917 0.238052 -0.585756 -1.049756
0.258301 0.056763 -0.323120 0.502212 0.110363 -0.628240
0.314941 0.177002 -0.122803 0.612338 0.344143 -0.238764
0.288086 0.135620 -0.049438 0.560123 0.263685 -0.096123
0.231934 -0.004272 -0.060669 0.450947 -0.008307 -0.117958
0.122925 -0.087158 -0.090820 0.239002 -0.169461 -0.176581
-0.013672 -0.047119 -0.083252 -0.026582 -0.091613 -0.161866
-0.076172 0.002686 -0.035278 -0.148100 0.005221 -0.068591
-0.058105 0.007690 0.002563 -0.112974 0.014952 0.004984
-0.054077 0.003296 -0.023682 -0.105142 0.006408 -0.046044
-0.042969 -0.011475 -0.049072 -0.083544 -0.022310 -0.095411
-0.006714 -0.019897 -0.070435 -0.013054 -0.038686 -0.136945
0.021851 -0.021851 -0.092285 0.042484 -0.042484 -0.179429
0.028931 -0.002197 -0.104736 0.056250 -0.004272 -0.203638
0.029053 0.039185 -0.111206 0.056487 0.076186 -0.216217
0.011108 0.074463 -0.111084 0.021598 0.144778 -0.215980
0.012939 0.069580 -0.104004 0.025158 0.135284 -0.202214
-0.010010 0.078979 -0.112671 -0.019462 0.153559 -0.219065
-0.024536 0.070801 -0.132324 -0.047705 0.137657 -0.257277
-0.029053 0.070923 -0.149292 -0.056487 0.137895 -0.290267
-0.027222 0.088867 -0.155518 -0.052927 0.172784 -0.302372
-0.010742 0.080688 -0.144287 -0.020886 0.156882 -0.280536
-0.001343 0.057861 -0.137573 -0.002611 0.112499 -0.267482
0.003418 0.047607 -0.133911 0.006646 0.092563 -0.260362
-0.006226 0.070923 -0.136230 -0.012104 0.137895 -0.264872
-0.020386 0.084839 -0.146484 -0.039636 0.164952 -0.284808
-0.031128 0.076782 -0.167480 -0.060522 0.149287 -0.325631
-0.027954 0.069458 -0.180664 -0.054351 0.135047 -0.351264
-0.017944 0.036499 -0.175049 -0.034889 0.070965 -0.340346
-0.022705 0.049438 -0.166748 -0.044145 0.096123 -0.324207
-0.028564 0.067871 -0.155396 -0.055538 0.131961 -0.302134
-0.019287 0.059448 -0.139160 -0.037500 0.115585 -0.270568
0.004517 0.020752 -0.132324 0.008782 0.040348 -0.257277
0.008057 0.030884 -0.144775 0.015664 0.060047 -0.281486
0.013550 0.038208 -0.135620 0.026345 0.074288 -0.263685
