-0.309937 -0.006226 -0.047974 -0.602607 -0.012104 -0.093275
-0.222046 -0.010254 -0.160156 -0.431722 -0.019937 -0.311390
-0.027954 -0.102173 -0.293091 -0.054351 -0.198654 -0.569854
0.032104 -0.148315 -0.241333 0.062420 -0.288368 -0.469222
0.028442 -0.113892 -0.067505 0.055300 -0.221438 -0.131249
0.333618 0.077759 0.150391 0.648651 0.151186 0.292403
1.001465 0.223389 0.179199 1.947140 0.434333 0.348416
1.531250 0.111694 -0.036987 2.977196 0.217166 -0.071914
1.795410 0.243286 -0.068604 3.490801 0.473019 -0.133385
1.842529 0.241821 -0.086670 3.582414 0.470171 -0.168512
1.780151 0.321289 -0.023315 3.461133 0.624680 -0.045332
1.562256 0.234741 -0.015381 3.037481 0.456405 -0.029905
1.508057 0.273071 -0.004761 2.932102 0.530930 -0.009256
1.592529 0.201050 -0.052246 3.096341 0.390899 -0.101582
1.587524 -0.057373 -0.218018 3.086610 -0.111550 -0.423890
1.601685 -0.212891 -0.327759 3.114142 -0.413921 -0.637259
1.428467 -0.105347 -0.440063 2.777356 -0.204825 -0.855612
1.194580 0.034790 -0.419067 2.322612 0.067642 -0.814789
0.885498 0.421387 -0.228027 1.721666 0.819299 -0.443352
0.751221 0.944702 -0.082275 1.460592 1.836776 -0.159967
0.628052 0.657104 -0.271240 1.221116 1.277603 -0.527370
0.072632 0.365723 -0.365967 0.141217 0.711071 -0.711546
-0.486694 0.132324 -0.331299 -0.946276 0.257277 -0.644142
-0.861938 0.047363 -0.321289 -1.675860 0.092088 -0.624680
-1.094849 0.062134 -0.381104 -2.128705 0.120806 -0.740976
-1.358276 -0.035278 -0.367920 -2.640885 -0.068591 -0.715344
-1.701172 -0.017212 -0.331177 -3.307574 -0.033465 -0.643904
-2.020020 -0.011597 -0.410278 -3.927507 -0.022547 -0.797701
-2.185059 -0.059326 -0.523315 -4.248391 -0.115347 -1.017478
-2.081665 -0.392578 -0.633667 -4.047364 -0.763286 -1.232033
-1.975342 -0.466431 -0.619263 -3.840641 -0.906877 -1.204027
-1.826416 -0.310547 -0.550659 -3.551085 -0.603794 -1.070642
-1.288208 -0.223633 -0.366333 -2.504652 -0.434807 -0.712258
-0.598511 -0.379517 -0.290283 -1.163679 -0.737891 -0.564395
-0.551636 -0.552979 -0.253784 -1.072541 -1.075151 -0.493430
-0.615723 -0.145752 -0.135864 -1.197144 -0.283384 -0.264160
-0.219482 -0.026245 -0.085815 -0.426738 -0.051028 -0.166850
0.129639 -0.142334 -0.143677 0.252055 -0.276739 -0.279350
0.210815 -0.086060 -0.152344 0.409887 -0.167325 -0.296201
0.107544 -0.097656 -0.132935 0.209097 -0.189872 -0.258464
0.048218 -0.013672 -0.125977 0.093749 -0.026582 -0.244935
0.039551 0.031860 -0.135620 0.076898 0.061946 -0.263685
0.025513 0.022095 -0.122314 0.049604 0.042959 -0.237815
0.047241 0.037476 -0.140747 0.091851 0.072863 -0.273653
0.019897 -0.002808 -0.166016 0.038686 -0.005459 -0.322783
-0.041870 0.021240 -0.162109 -0.081408 0.041297 -0.315188
-0.074585 0.073608 -0.138672 -0.145015 0.143116 -0.269619
-0.047607 0.116699 -0.123535 -0.092563 0.226897 -0.240188
-0.002197 0.075806 -0.112793 -0.004272 0.147388 -0.219302
0.017212 0.026611 -0.124878 0.033465 0.051740 -0.242799
-0.000610 0.060913 -0.128906 -0.001187 0.118433 -0.250631
-0.027100 0.102173 -0.122925 -0.052690 0.198654 -0.239002
-0.028320 0.122559 -0.113403 -0.055063 0.238290 -0.220489
-0.015869 0.120728 -0.093018 -0.030854 0.234730 -0.180853
-0.018066 0.116699 -0.087646 -0.035126 0.226897 -0.170410
-0.022339 0.129395 -0.092773 -0.043433 0.251581 -0.180379
0.003906 0.137939 -0.089233 0.007595 0.268195 -0.173496
0.037964 0.087280 -0.077271 0.073813 0.169698 -0.150236
0.014526 0.072144 -0.058594 0.028243 0.140268 -0.113923
-0.021606 0.088745 -0.056396 -0.042009 0.172546 -0.109651
-0.028076 0.084229 -0.061646 -0.054588 0.163765 -0.119857
-0.024658 0.072021 -0.063721 -0.047943 0.140031 -0.123892
-0.018921 0.061523 -0.068970 -0.036788 0.119620 -0.134097
-0.016724 0.042358 -0.087158 -0.032516 0.082357 -0.169461
-0.011963 0.053589 -0.097778 -0.023259 0.104192 -0.190110
-0.015747 0.043091 -0.091797 -0.030617 0.083781 -0.178480
-0.015381 0.034912 -0.066040 -0.029905 0.067879 -0.128401
-0.017822 0.033569 -0.051514 -0.034652 0.065269 -0.100158
-0.039917 0.052246 -0.088623 -0.077610 0.101582 -0.172309
-0.047363 0.086426 -0.113892 -0.092088 0.168037 -0.221438
-0.044434 0.064331 -0.122437 -0.086392 0.125078 -0.238052
-0.056152 0.037964 -0.114990 -0.109177 0.073813 -0.223575
-0.060059 0.043945 -0.105835 -0.116771 0.085443 -0.205774
-0.037598 0.027710 -0.095459 -0.073101 0.053876 -0.185600
-0.052979 0.020996 -0.115234 -0.103006 0.040823 -0.224049
-0.088135 0.008423 -0.127441 -0.171360 0.016376 -0.247783
-0.105225 0.005493 -0.119019 -0.204587 0.010680 -0.231407
-0.112427 0.005737 -0.104248 -0.218590 0.011155 -0.202689
-0.096680 0.014404 -0.101440 -0.187973 0.028006 -0.197230
-0.044189 0.013306 -0.105469 -0.085917 0.025870 -0.205062
