-0.481689 0.005493 -0.046509 -0.936545 0.010680 -0.090427
-0.485962 -0.181274 0.045044 -0.944852 -0.352450 0.087579
-0.234253 -0.182983 -0.037354 -0.455456 -0.355773 -0.072626
-0.125488 -0.037109 -0.121094 -0.243986 -0.072151 -0.235442
0.013306 0.215210 -0.219971 0.025870 0.418431 -0.427687
0.179688 0.246338 -0.243286 0.349365 0.478953 -0.473019
0.320190 -0.189697 -0.184937 0.622544 -0.368827 -0.359571
0.280029 -0.181519 0.033691 0.544459 -0.352925 0.065506
0.153931 0.265625 -0.016235 0.299286 0.516452 -0.031566
0.263306 0.332275 -0.142456 0.511943 0.646040 -0.276976
0.544678 0.690308 -0.299438 1.059012 1.342159 -0.582196
0.767090 0.572998 -0.332153 1.491446 1.114075 -0.645803
1.217407 -0.107666 -0.037109 2.366995 -0.209334 -0.072151
1.372803 -0.110962 -0.075928 2.669129 -0.215742 -0.147626
1.455444 -0.131226 -0.073730 2.829808 -0.255141 -0.143354
1.476563 -0.332275 -0.031006 2.870868 -0.646040 -0.060284
1.542480 -0.556274 -0.028442 2.999032 -1.081560 -0.055300
1.553955 -0.461548 -0.106689 3.021342 -0.897384 -0.207435
1.398438 -0.132202 -0.093262 2.718970 -0.257040 -0.181328
1.116333 0.068726 -0.038086 2.170477 0.133623 -0.074050
0.859009 0.024414 -0.033936 1.670164 0.047468 -0.065981
0.656616 -0.037354 -0.082520 1.276653 -0.072626 -0.160442
0.478882 -0.048950 -0.126831 0.931086 -0.095173 -0.246597
0.255005 -0.098267 -0.099121 0.495804 -0.191059 -0.192720
0.002930 -0.129028 -0.073486 0.005696 -0.250869 -0.142879
-0.289429 -0.060669 -0.067139 -0.562734 -0.117958 -0.130537
-0.560303 0.061401 -0.094727 -1.089392 0.119382 -0.184176
-0.771484 0.028931 -0.103394 -1.499991 0.056250 -0.201027
-0.959839 -0.071533 -0.089233 -1.866207 -0.139081 -0.173496
-1.158447 -0.131958 -0.068237 -2.252359 -0.256565 -0.132673
-1.343994 -0.094482 -0.065796 -2.613117 -0.183701 -0.127926
-1.537598 0.036011 -0.088867 -2.989538 0.070015 -0.172784
-1.739380 0.165039 -0.066772 -3.381862 0.320884 -0.129825
-1.798950 0.164917 0.003784 -3.497684 0.320647 0.007358
-1.620605 0.270630 -0.064209 -3.150930 0.526183 -0.124841
-1.357178 0.297607 -0.172974 -2.638749 0.578636 -0.336311
-0.985474 0.029541 -0.142700 -1.916048 0.057436 -0.277451
-0.733887 -0.182739 -0.090576 -1.426890 -0.355298 -0.176106
-0.697021 -0.098511 -0.064209 -1.355213 -0.191534 -0.124841
-0.590576 -0.052856 -0.021851 -1.148252 -0.102768 -0.042484
-0.239624 -0.153687 -0.066040 -0.465899 -0.298811 -0.128401
0.024292 -0.205566 -0.172974 0.047231 -0.399681 -0.336311
0.061768 -0.163330 -0.198364 0.120094 -0.317561 -0.385678
0.056763 -0.029419 -0.170044 0.110363 -0.057199 -0.330615
0.062622 0.014038 -0.139282 0.121756 0.027294 -0.270805
0.058838 0.007690 -0.122437 0.114398 0.014952 -0.238052
0.042847 0.056396 -0.097778 0.083306 0.109651 -0.190110
0.010376 0.085449 -0.049927 0.020174 0.166138 -0.097072
0.005493 0.028198 -0.064575 0.010680 0.054826 -0.125553
0.018799 0.058472 -0.138184 0.036550 0.113686 -0.268669
0.020874 0.039185 -0.176147 0.040585 0.076186 -0.342482
0.021729 0.004517 -0.176392 0.042247 0.008782 -0.342957
-0.004517 0.020508 -0.173218 -0.008782 0.039873 -0.336786
-0.031250 0.000610 -0.144897 -0.060759 0.001187 -0.281723
-0.012451 -0.009277 -0.097656 -0.024209 -0.018038 -0.189872
0.025879 0.000366 -0.073730 0.050316 0.000712 -0.143354
0.067017 0.020264 -0.071167 0.130300 0.039398 -0.138369
0.088501 0.031982 -0.057129 0.172072 0.062183 -0.111075
0.095459 0.029297 -0.047974 0.185600 0.056962 -0.093275
0.066528 0.016235 -0.062988 0.129350 0.031566 -0.122468
0.020264 0.025269 -0.083252 0.039398 0.049129 -0.161866
-0.018677 0.008545 -0.071777 -0.036313 0.016614 -0.139556
-0.020386 0.002197 -0.075073 -0.039636 0.004272 -0.145964
-0.019409 -0.038818 -0.100464 -0.037737 -0.075474 -0.195331
0.011719 -0.047974 -0.128418 0.022785 -0.093275 -0.249682
0.012817 0.022339 -0.132935 0.024921 0.043433 -0.258464
-0.017822 0.116943 -0.106323 -0.034652 0.227372 -0.206723
-0.034180 0.173584 -0.083374 -0.066455 0.337498 -0.162103
0.005371 0.132446 -0.080322 0.010443 0.257514 -0.156170
0.042969 0.041748 -0.074341 0.083544 0.081170 -0.144540
0.053101 -0.023071 -0.056641 0.103243 -0.044857 -0.110126
0.050415 -0.000977 -0.070190 0.098022 -0.001899 -0.136471
0.058228 0.018433 -0.088013 0.113211 0.035838 -0.171122
0.067017 0.037354 -0.074707 0.130300 0.072626 -0.145252
0.011841 0.061646 -0.098267 0.023022 0.119857 -0.191059
0.071655 0.135010 -0.178711 0.139319 0.262498 -0.347466
0.072021 0.151611 -0.202515 0.140031 0.294777 -0.393748
0.050415 0.141235 -0.186768 0.098022 0.274603 -0.363131
0.035034 0.131226 -0.183105 0.068117 0.255141 -0.356010
0.019409 0.114746 -0.177856 0.037737 0.223100 -0.345805
