-0.341675 0.547241 -0.273560 -0.664315 1.063997 -0.531880
-0.302856 0.242432 -0.299927 -0.588841 0.471358 -0.583145
-0.149170 0.120850 -0.290649 -0.290030 0.234967 -0.565107
0.002930 0.162476 -0.285156 0.005696 0.315900 -0.554427
0.077515 0.432251 -0.256592 0.150711 0.840422 -0.498889
0.425537 0.793945 -0.085815 0.827368 1.543661 -0.166850
0.982300 1.100098 -0.000244 1.909877 2.138911 -0.000475
1.197021 0.686279 0.207397 2.327359 1.334327 0.403241
1.416260 0.031006 0.679688 2.753622 0.060284 1.321511
1.714600 0.298950 1.272949 3.333682 0.581246 2.474984
2.033813 1.464722 1.759033 3.954326 2.847846 3.420074
2.091553 1.343384 2.145142 4.066588 2.611930 4.170781
1.833496 1.076782 2.076050 3.564851 2.093579 4.036446
1.342285 1.037720 1.542847 2.609794 2.017630 2.999744
0.849731 1.408813 1.433228 1.652126 2.739144 2.786612
0.034668 0.328125 1.340454 0.067405 0.637971 2.606234
0.035400 0.054443 0.717773 0.068829 0.105854 1.395561
0.096436 0.230103 0.080444 0.187499 0.447386 0.156407
-0.135864 0.211182 -0.315918 -0.264160 0.410599 -0.614237
-0.353394 -0.103394 -0.485718 -0.687100 -0.201027 -0.944377
-0.501465 -0.352295 -0.569336 -0.974994 -0.684964 -1.106955
-0.611938 -0.362793 -0.710449 -1.189787 -0.705375 -1.381320
-0.746582 -0.443481 -0.868896 -1.451573 -0.862257 -1.689388
-0.983765 -0.532837 -1.039551 -1.912725 -1.035990 -2.021190
-1.217407 -0.673584 -1.198242 -2.366995 -1.309644 -2.329732
-1.495972 -1.038452 -1.276245 -2.908605 -2.019054 -2.481393
-1.765869 -1.317993 -1.340576 -3.433365 -2.562563 -2.606471
-1.979614 -1.197388 -1.364868 -3.848947 -2.328071 -2.653702
-2.202515 -0.903564 -1.247070 -4.282331 -1.756793 -2.424668
-2.044556 -1.194214 -0.976440 -3.975212 -2.321900 -1.898485
-1.216064 -0.997803 -0.671509 -2.364384 -1.940019 -1.305609
-0.519287 -0.641357 -0.359253 -1.009646 -1.246986 -0.698492
-0.128662 -0.417480 -0.136353 -0.250157 -0.811704 -0.265109
0.008057 -0.117676 0.013794 0.015664 -0.228796 0.026819
0.064819 0.156982 0.055786 0.126028 0.305220 0.108465
0.078979 0.199829 0.034546 0.153559 0.388526 0.067167
0.078857 0.050049 0.019409 0.153322 0.097310 0.037737
0.050293 -0.036011 0.007813 0.097784 -0.070015 0.015190
0.070190 -0.000610 -0.000244 0.136471 -0.001187 -0.000475
0.074585 0.044556 -0.038208 0.145015 0.086629 -0.074288
0.049194 0.053589 -0.073120 0.095648 0.104192 -0.142167
0.027954 0.096069 -0.125488 0.054351 0.186787 -0.243986
-0.018188 0.072388 -0.138062 -0.035364 0.140743 -0.268432
-0.050659 0.001953 -0.101440 -0.098496 0.003797 -0.197230
-0.046631 -0.065796 -0.091919 -0.090664 -0.127926 -0.178717
-0.061035 -0.016235 -0.137939 -0.118670 -0.031566 -0.268195
-0.071289 0.021484 -0.144287 -0.138607 0.041772 -0.280536
-0.067017 -0.030151 -0.108887 -0.130300 -0.058623 -0.211708
-0.040649 -0.020630 -0.117554 -0.079034 -0.040111 -0.228559
-0.018555 0.008057 -0.134033 -0.036076 0.015664 -0.260600
0.017212 0.050171 -0.130493 0.033465 0.097547 -0.253717
0.016479 0.064697 -0.132813 0.032041 0.125790 -0.258226
0.003662 0.031860 -0.127930 0.007120 0.061946 -0.248733
-0.018188 0.019653 -0.121704 -0.035364 0.038212 -0.236628
-0.038330 0.001343 -0.120361 -0.074525 0.002611 -0.234018
-0.054565 -0.024780 -0.132324 -0.106091 -0.048180 -0.257277
-0.054443 -0.043335 -0.129761 -0.105854 -0.084256 -0.252293
-0.047363 -0.064331 -0.128906 -0.092088 -0.125078 -0.250631
-0.031494 -0.053467 -0.137207 -0.061234 -0.103955 -0.266770
-0.017944 0.005615 -0.130615 -0.034889 0.010918 -0.253954
0.006470 0.041992 -0.134155 0.012579 0.081645 -0.260837
0.032715 0.049561 -0.137451 0.063607 0.096360 -0.267245
0.017334 0.051514 -0.125488 0.033702 0.100158 -0.243986
-0.019165 0.030884 -0.123047 -0.037262 0.060047 -0.239239
-0.052734 0.005737 -0.130737 -0.102531 0.011155 -0.254191
-0.089355 0.016479 -0.150146 -0.173733 0.032041 -0.291929
-0.064331 0.002197 -0.145264 -0.125078 0.004272 -0.282435
-0.032715 -0.024292 -0.130371 -0.063607 -0.047231 -0.253479
-0.004395 -0.031860 -0.123291 -0.008544 -0.061946 -0.239714
-0.005371 0.025513 -0.131104 -0.010443 0.049604 -0.254903
-0.005737 0.085815 -0.140259 -0.011155 0.166850 -0.272704
0.000610 0.090820 -0.126587 0.001187 0.176581 -0.246122
-0.004883 0.038818 -0.110840 -0.009494 0.075474 -0.215505
-0.017334 0.001587 -0.114502 -0.033702 0.003085 -0.222625
-0.052368 0.029419 -0.133789 -0.101819 0.057199 -0.260125
-0.060181 -0.000366 -0.144043 -0.117009 -0.000712 -0.280062
-0.057373 -0.024780 -0.139893 -0.111550 -0.048180 -0.271992
-0.029785 -0.030884 -0.142944 -0.057911 -0.060047 -0.277925
-0.020630 0.040771 -0.148926 -0.040111 0.079272 -0.289555
-0.005249 0.074829 -0.142334 -0.010206 0.145490 -0.276739
