-0.159302 0.358521 -0.159302 -0.309729 0.697068 -0.309729
-0.201294 0.189087 -0.174561 -0.391374 0.367640 -0.339397
-0.102539 0.012329 -0.201538 -0.199366 0.023971 -0.391849
0.018921 -0.045288 -0.272583 0.036788 -0.088053 -0.529981
0.163574 -0.069458 -0.319580 0.318036 -0.135047 -0.621357
0.334473 -0.255859 -0.356445 0.650312 -0.497465 -0.693034
0.386719 -0.844482 -0.398315 0.751894 -1.641920 -0.774441
0.237427 -0.427856 -0.394775 0.461627 -0.831878 -0.767558
0.391968 -0.161743 -0.287109 0.762100 -0.314476 -0.558224
0.946045 0.461060 -0.181396 1.839387 0.896434 -0.352688
1.242676 0.606445 -0.255615 2.416124 1.179107 -0.496991
1.431274 0.285522 -0.270752 2.782815 0.555139 -0.526421
1.581299 -0.076172 -0.258545 3.074506 -0.148100 -0.502687
1.700317 -0.320313 -0.308472 3.305913 -0.622781 -0.599759
1.673584 -0.459229 -0.330200 3.253935 -0.892874 -0.642005
1.658691 -0.551514 -0.335083 3.224980 -1.072303 -0.651499
1.577393 -0.276123 -0.310425 3.066911 -0.536864 -0.603556
1.370850 -0.215210 -0.225708 2.665331 -0.418431 -0.438842
1.148560 -0.189209 -0.205322 2.233135 -0.367877 -0.399206
0.882568 -0.447144 -0.187500 1.715970 -0.869377 -0.364555
0.693970 -0.532715 -0.197388 1.349280 -1.035753 -0.383779
0.493164 -0.130127 -0.186523 0.958855 -0.253005 -0.362656
0.155396 0.057129 -0.219971 0.302134 0.111075 -0.427687
-0.184204 0.110229 -0.180420 -0.358146 0.214318 -0.350789
-0.472168 0.188599 -0.166382 -0.918032 0.366691 -0.323495
-0.750854 0.277710 -0.216187 -1.459880 0.539949 -0.420330
-0.951904 0.317139 -0.194946 -1.850780 0.616610 -0.379032
-1.094482 0.151245 -0.068359 -2.127993 0.294065 -0.132911
-1.246948 0.102539 0.023438 -2.424431 0.199366 0.045569
-1.351318 0.095703 -0.004395 -2.627357 0.186075 -0.008544
-1.517090 -0.015869 0.008179 -2.949665 -0.030854 0.015902
-1.881104 -0.335083 0.227905 -3.657414 -0.651499 0.443114
-1.999146 0.363647 0.316040 -3.886922 0.707037 0.614474
-1.807861 0.854736 0.059448 -3.515010 1.661857 0.115585
-1.400757 0.801758 0.009399 -2.723480 1.558851 0.018275
-1.163940 1.362793 -0.321655 -2.263040 2.649667 -0.625392
-0.767334 0.675537 -0.442261 -1.491921 1.313441 -0.859884
-0.442383 -0.189941 -0.363892 -0.860121 -0.369301 -0.707511
-0.252686 -0.459717 -0.296143 -0.491294 -0.893824 -0.575788
-0.179688 -0.395264 -0.281616 -0.349365 -0.768508 -0.547544
-0.074219 -0.235962 -0.272339 -0.144303 -0.458779 -0.529506
0.096802 -0.086792 -0.254639 0.188211 -0.168749 -0.495092
0.135376 -0.015625 -0.292847 0.263210 -0.030380 -0.569379
0.136475 0.186523 -0.408447 0.265346 0.362656 -0.794141
0.145020 0.246094 -0.400635 0.281960 0.478478 -0.778951
0.061890 0.260376 -0.330444 0.120332 0.506247 -0.642480
-0.098511 0.125610 -0.198608 -0.191534 0.244223 -0.386153
-0.148438 0.109009 -0.110107 -0.288606 0.211945 -0.214081
-0.187012 0.074341 -0.086182 -0.363605 0.144540 -0.167562
-0.351440 0.217773 -0.078491 -0.683303 0.423415 -0.152610
-0.416016 0.080200 -0.108398 -0.808856 0.155933 -0.210758
0.096436 -0.001465 0.132446 0.187499 -0.002848 0.257514
0.220459 -0.078979 0.079834 0.428637 -0.153559 0.155221
0.142334 -0.321899 -0.047607 0.276739 -0.625866 -0.092563
0.179443 -0.208252 -0.174927 0.348890 -0.404903 -0.340109
0.163086 -0.016846 -0.193237 0.317087 -0.032753 -0.375710
0.083252 0.010864 -0.122803 0.161866 0.021123 -0.238764
0.078003 -0.074707 -0.139648 0.151660 -0.145252 -0.271517
0.031128 -0.065796 -0.211182 0.060522 -0.127926 -0.410599
-0.062744 0.114136 -0.177124 -0.121993 0.221913 -0.344381
-0.041260 0.112915 -0.131104 -0.080221 0.219540 -0.254903
-0.004639 -0.004395 -0.125122 -0.009019 -0.008544 -0.243274
-0.036499 -0.054321 -0.139404 -0.070965 -0.105616 -0.271043
-0.120728 -0.192261 -0.118164 -0.234730 -0.373811 -0.229745
-0.134033 -0.078857 -0.093994 -0.260600 -0.153322 -0.182752
-0.133667 -0.181763 -0.176025 -0.259888 -0.353400 -0.342245
-0.273438 -0.220459 -0.343384 -0.531642 -0.428637 -0.667638
-0.378174 -0.414185 -0.423096 -0.735280 -0.805296 -0.822621
-0.411499 -0.591675 -0.280151 -0.800074 -1.150388 -0.544696
0.044678 -0.153320 0.030762 0.086867 -0.298099 0.059810
0.114258 -0.310791 0.032104 0.222151 -0.604268 0.062420
0.065796 -0.622559 -0.130615 0.127926 -1.210436 -0.253954
0.183960 -0.473145 -0.163574 0.357672 -0.919931 -0.318036
0.046509 -0.222290 -0.056763 0.090427 -0.432197 -0.110363
-0.000732 -0.014160 -0.034546 -0.001424 -0.027531 -0.067167
-0.028076 0.204712 -0.130981 -0.054588 0.398020 -0.254666
-0.043335 -0.250854 -0.024292 -0.084256 -0.487734 -0.047231
0.188110 -0.308838 0.171753 0.365741 -0.600471 0.333938
0.193237 -0.365967 0.197632 0.375710 -0.711546 0.384254
0.056641 -0.109497 0.112061 0.110126 -0.212894 0.217878
