-0.354004 -0.375977 -0.228271 -0.688287 -0.731008 -0.443826
-0.432129 -0.211182 -0.221680 -0.840185 -0.410599 -0.431010
-0.273193 -0.070068 -0.154785 -0.531168 -0.136233 -0.300947
-0.093262 0.020752 -0.094360 -0.181328 0.040348 -0.183464
0.069580 0.005981 -0.065308 0.135284 0.011630 -0.126977
0.198608 0.082275 -0.062378 0.386153 0.159967 -0.121281
-0.066284 0.437744 0.006592 -0.128876 0.851102 0.012816
-0.311646 0.605225 0.023804 -0.605930 1.176733 0.046281
-0.154175 0.451416 0.069336 -0.299761 0.877684 0.134809
0.413330 0.144897 0.109863 0.803634 0.281723 0.213606
1.144165 -0.113525 0.048340 2.224591 -0.220726 0.093987
1.663574 -0.361328 -0.063110 3.234473 -0.702527 -0.122705
1.891357 -0.378174 -0.156494 3.677350 -0.735280 -0.304270
1.965698 -0.249512 -0.189331 3.821891 -0.485124 -0.368115
2.020996 -0.214478 -0.165161 3.929406 -0.417007 -0.321121
2.024292 -0.252075 -0.181274 3.935814 -0.490108 -0.352450
2.033203 -0.292236 -0.232300 3.953140 -0.568193 -0.451659
2.086060 -0.376709 -0.305054 4.055908 -0.732432 -0.593113
2.041626 -0.421143 -0.337769 3.969516 -0.818824 -0.656721
1.793945 -0.342163 -0.310791 3.487953 -0.665265 -0.604268
1.434326 -0.221802 -0.251587 2.788748 -0.431247 -0.489158
1.099243 -0.150879 -0.225830 2.137249 -0.293353 -0.439080
0.772095 -0.103516 -0.220093 1.501177 -0.201265 -0.427925
0.490967 -0.051880 -0.214722 0.954583 -0.100870 -0.417482
0.266479 0.031250 -0.166870 0.518114 0.060759 -0.324444
0.071777 0.071655 -0.092163 0.139556 0.139319 -0.179192
-0.133057 0.076050 -0.028076 -0.258701 0.147863 -0.054588
-0.392578 0.114746 0.000366 -0.763286 0.223100 0.000712
-0.656128 0.170044 -0.015625 -1.275704 0.330615 -0.030380
-0.892212 0.195923 -0.075073 -1.734720 0.380931 -0.145964
-1.110474 0.201416 -0.107910 -2.159085 0.391611 -0.209809
-1.398438 0.159912 -0.057007 -2.718970 0.310916 -0.110838
-1.727539 0.188843 0.026367 -3.358840 0.367165 0.051266
-1.914917 0.298706 0.036865 -3.723157 0.580772 0.071677
-2.027466 -0.243774 0.006348 -3.941985 -0.473969 0.012342
-1.948853 -1.288452 0.261108 -3.789138 -2.505127 0.507671
-1.370972 -1.161743 0.568115 -2.665569 -2.258768 1.104582
-1.072998 -0.516357 0.693604 -2.086221 -1.003949 1.348567
-1.490601 0.069946 0.428711 -2.898162 0.135996 0.833539
-1.648315 0.536621 0.076538 -3.204806 1.043348 0.148812
-1.485474 0.381470 0.045288 -2.888194 0.741688 0.088053
-1.153687 0.093384 0.139893 -2.243103 0.181565 0.271992
-0.731567 0.008179 0.174805 -1.422380 0.015902 0.339871
-0.478760 0.153931 0.096191 -0.930849 0.299286 0.187024
-0.301270 0.401855 -0.098389 -0.585756 0.781324 -0.191296
-0.061646 0.377686 -0.233521 -0.119857 0.734331 -0.454032
0.167725 0.189941 -0.295532 0.326106 0.369301 -0.574601
0.264038 0.053101 -0.292358 0.513367 0.103243 -0.568430
0.224854 0.056519 -0.226563 0.437181 0.109889 -0.440504
0.104492 0.132080 -0.141235 0.203163 0.256802 -0.274603
-0.006104 0.182251 -0.076904 -0.011867 0.354349 -0.149524
-0.060913 0.189087 -0.049561 -0.118433 0.367640 -0.096360
-0.090210 0.158203 -0.054810 -0.175394 0.307593 -0.106566
-0.084106 0.098145 -0.073364 -0.163527 0.190822 -0.142642
-0.059326 0.053589 -0.097656 -0.115347 0.104192 -0.189872
-0.053833 0.079468 -0.111328 -0.104667 0.154509 -0.216454
-0.048950 0.101074 -0.113647 -0.095173 0.196518 -0.220964
-0.023560 0.102905 -0.103394 -0.045807 0.200078 -0.201027
-0.010132 0.083252 -0.102905 -0.019699 0.161866 -0.200078
0.004883 0.039063 -0.120117 0.009494 0.075949 -0.233543
0.002686 0.049805 -0.133545 0.005221 0.096835 -0.259650
-0.005249 0.071533 -0.128540 -0.010206 0.139081 -0.249919
-0.008911 0.072510 -0.129272 -0.017326 0.140980 -0.251343
-0.018799 0.076416 -0.142944 -0.036550 0.148575 -0.277925
-0.012207 0.049927 -0.142456 -0.023734 0.097072 -0.276976
-0.011108 0.039307 -0.141235 -0.021598 0.076424 -0.274603
-0.003174 0.023071 -0.141724 -0.006171 0.044857 -0.275552
-0.003296 0.025024 -0.146973 -0.006408 0.048655 -0.285758
-0.001465 0.024414 -0.142822 -0.002848 0.047468 -0.277688
0.011719 -0.009644 -0.140747 0.022785 -0.018750 -0.273653
0.025757 -0.039063 -0.152466 0.050079 -0.075949 -0.296438
0.025024 0.003662 -0.157837 0.048655 0.007120 -0.306881
0.007324 0.049316 -0.152344 0.014240 0.095885 -0.296201
0.007690 0.040161 -0.152466 0.014952 0.078085 -0.296438
0.003418 0.031494 -0.155518 0.006646 0.061234 -0.302372
-0.009888 0.037842 -0.146484 -0.019225 0.073575 -0.284808
-0.014282 0.068359 -0.138306 -0.027769 0.132911 -0.268907
-0.019897 0.065063 -0.128296 -0.038686 0.126502 -0.249445
-0.031006 0.048584 -0.130005 -0.060284 0.094461 -0.252767
-0.028809 0.011353 -0.125244 -0.056012 0.022073 -0.243511
