-0.300659 0.267090 -0.078003 -0.584569 0.519301 -0.151660
-0.284058 0.037964 -0.189575 -0.552291 0.073813 -0.368589
-0.059448 -0.049438 -0.333008 -0.115585 -0.096123 -0.647464
-0.009644 0.115967 -0.286865 -0.018750 0.225473 -0.557750
0.104126 0.347046 -0.239380 0.202451 0.674758 -0.465424
0.247681 0.312500 -0.230103 0.481563 0.607591 -0.447386
0.303101 0.155518 -0.311401 0.589316 0.302372 -0.605455
0.500977 0.247681 -0.363525 0.974045 0.481563 -0.706799
0.774536 0.010498 -0.145508 1.505924 0.020411 -0.282910
1.216309 -0.003296 0.041382 2.364859 -0.006408 0.080458
1.698730 -0.058350 0.100464 3.302827 -0.113449 0.195331
1.901367 -0.444336 0.156616 3.696812 -0.863919 0.304508
1.952881 -0.560059 0.087402 3.796970 -1.088917 0.169936
1.919922 -0.348999 0.031372 3.732888 -0.678556 0.060996
1.757446 -0.275024 0.075317 3.416988 -0.534728 0.146439
1.525391 -0.265381 0.130981 2.965804 -0.515978 0.254666
1.354736 -0.309204 0.129028 2.634002 -0.601183 0.250869
1.218994 -0.437256 0.052856 2.370080 -0.850153 0.102768
1.044189 -0.478027 -0.022949 2.030209 -0.929425 -0.044620
0.779175 -0.162598 -0.078979 1.514943 -0.316137 -0.153559
0.454590 0.059326 -0.081299 0.883855 0.115347 -0.158069
0.080322 0.092651 -0.028809 0.156170 0.180141 -0.056012
-0.297363 0.069336 0.003540 -0.578161 0.134809 0.006883
-0.576172 0.093262 -0.072510 -1.120246 0.181328 -0.140980
-0.764404 0.098511 -0.217163 -1.486225 0.191534 -0.422228
-0.984131 0.102783 -0.271362 -1.913437 0.199841 -0.527607
-1.235229 0.074585 -0.237061 -2.401646 0.145015 -0.460915
-1.458862 0.113281 -0.215454 -2.836454 0.220252 -0.418906
-1.646362 0.179810 -0.212891 -3.201008 0.349602 -0.413921
-1.750854 0.208008 -0.154663 -3.404172 0.404428 -0.300710
-1.836914 0.286621 -0.087646 -3.571496 0.557275 -0.170410
-1.758179 0.235229 -0.055908 -3.418412 0.457355 -0.108702
-1.586426 0.187378 -0.070801 -3.084474 0.364317 -0.137657
-1.365845 0.393555 -0.146973 -2.655601 0.765185 -0.285758
-1.065430 0.527832 -0.226440 -2.071506 1.026259 -0.440266
-0.876099 0.318481 -0.206787 -1.703391 0.619221 -0.402054
-0.744507 0.155029 -0.175293 -1.447538 0.301422 -0.340821
-0.511108 0.098999 -0.132813 -0.993744 0.192483 -0.258226
-0.288452 0.120361 -0.136475 -0.560835 0.234018 -0.265346
-0.130493 0.007446 -0.126221 -0.253717 0.014478 -0.245410
0.001099 -0.165527 -0.122070 0.002136 -0.321833 -0.237340
0.090820 -0.213501 -0.134155 0.176581 -0.415108 -0.260837
0.065918 -0.211304 -0.106079 0.128164 -0.410836 -0.206249
-0.018433 -0.118164 -0.080688 -0.035838 -0.229745 -0.156882
-0.091187 -0.053955 -0.054565 -0.177293 -0.104904 -0.106091
-0.071899 -0.099609 -0.036011 -0.139793 -0.193670 -0.070015
-0.000977 -0.105957 -0.066650 -0.001899 -0.206011 -0.129588
0.033447 -0.070557 -0.115479 0.065031 -0.137183 -0.224524
0.024902 -0.050293 -0.132324 0.048417 -0.097784 -0.257277
-0.007935 -0.066284 -0.103516 -0.015427 -0.128876 -0.201265
-0.013062 -0.062012 -0.080444 -0.025395 -0.120569 -0.156407
-0.006592 -0.098877 -0.063477 -0.012816 -0.192246 -0.123417
-0.015015 -0.063477 -0.076660 -0.029193 -0.123417 -0.149050
-0.004028 0.010010 -0.121338 -0.007832 0.019462 -0.235916
0.030518 0.009521 -0.159790 0.059335 0.018513 -0.310678
0.051758 0.013794 -0.150269 0.100632 0.026819 -0.292166
0.058716 0.066406 -0.121216 0.114161 0.129113 -0.235679
0.064941 0.076660 -0.139893 0.126265 0.149050 -0.271992
0.070435 0.105957 -0.171997 0.136945 0.206011 -0.334412
0.043945 0.087280 -0.169067 0.085443 0.169698 -0.328716
0.027466 0.063110 -0.195923 0.053402 0.122705 -0.380931
0.037720 0.100586 -0.214844 0.073338 0.195568 -0.417719
0.035522 0.104980 -0.229614 0.069066 0.204113 -0.446437
0.029175 0.115845 -0.241943 0.056724 0.225236 -0.470408
0.009033 0.113892 -0.243652 0.017563 0.221438 -0.473731
-0.025391 0.066040 -0.223267 -0.049367 0.128401 -0.434095
-0.015015 0.048096 -0.213257 -0.029193 0.093512 -0.414633
-0.023193 0.004761 -0.170410 -0.045095 0.009256 -0.331327
-0.014893 0.039063 -0.195923 -0.028956 0.075949 -0.380931
-0.018677 0.042480 -0.195923 -0.036313 0.082594 -0.380931
-0.025635 0.004761 -0.159546 -0.049841 0.009256 -0.310204
-0.033325 -0.023438 -0.122681 -0.064794 -0.045569 -0.238527
-0.033569 -0.026855 -0.089111 -0.065269 -0.052215 -0.173258
-0.024902 -0.029053 -0.074097 -0.048417 -0.056487 -0.144066
-0.024170 -0.020874 -0.091797 -0.046993 -0.040585 -0.178480
-0.025269 0.008545 -0.110107 -0.049129 0.016614 -0.214081
-0.026489 -0.004395 -0.101074 -0.051503 -0.008544 -0.196518
-0.010986 0.007446 -0.107910 -0.021361 0.014478 -0.209809
-0.003418 0.029663 -0.121460 -0.006646 0.057674 -0.236154
0.007935 -0.012451 -0.125977 0.015427 -0.024209 -0.244935
