-0.127075 -0.027832 -0.158325 -0.247071 -0.054114 -0.307830
-0.112671 -0.069092 -0.069458 -0.219065 -0.134335 -0.135047
-0.040161 0.034668 -0.061401 -0.078085 0.067405 -0.119382
-0.091187 -0.059814 -0.178223 -0.177293 -0.116297 -0.346517
-0.110229 -0.184570 -0.138916 -0.214318 -0.358858 -0.270093
-0.016846 -0.300415 -0.005127 -0.032753 -0.584094 -0.009968
0.015991 -0.151611 0.099121 0.031092 -0.294777 0.192720
-0.257324 0.242798 0.061523 -0.500313 0.472070 0.119620
-0.314819 0.289307 -0.075806 -0.612101 0.562496 -0.147388
0.072998 0.330933 -0.093506 0.141929 0.643430 -0.181803
0.581909 0.140503 -0.069092 1.131401 0.273179 -0.134335
1.059937 0.151733 0.056763 2.060826 0.295014 0.110363
1.360596 0.084473 0.168457 2.645395 0.164239 0.327530
1.565674 0.016235 0.156860 3.044127 0.031566 0.304982
1.590698 0.011230 0.113037 3.092781 0.021835 0.219777
1.538086 -0.014404 0.055908 2.990488 -0.028006 0.108702
1.491211 0.059814 0.036621 2.899349 0.116297 0.071202
1.339600 -0.055420 -0.055908 2.604572 -0.107752 -0.108702
1.127563 0.037720 -0.071899 2.192312 0.073338 -0.139793
0.846680 0.094727 -0.092163 1.646192 0.184176 -0.179192
0.589966 0.134644 -0.097656 1.147066 0.261786 -0.189872
0.472900 0.097656 -0.052246 0.919456 0.189872 -0.101582
0.328735 0.132080 -0.052490 0.639157 0.256802 -0.102056
0.169434 0.197998 -0.118408 0.329428 0.384966 -0.230220
0.016846 0.219360 -0.193115 0.032753 0.426500 -0.375472
-0.241577 0.145020 -0.185181 -0.469696 0.281960 -0.360045
-0.567383 -0.008789 -0.186401 -1.103158 -0.017089 -0.362419
-0.868530 0.078369 -0.236206 -1.688676 0.152372 -0.459253
-1.084106 0.152710 -0.355225 -2.107819 0.296913 -0.690660
-1.195435 -0.038818 -0.516113 -2.324273 -0.075474 -1.003475
-1.246460 -0.289551 -0.616455 -2.423482 -0.562971 -1.198568
-1.403564 -0.313843 -0.698364 -2.728939 -0.610202 -1.357824
-1.559570 -0.017700 -0.683838 -3.032259 -0.034414 -1.329580
-1.720459 -0.033813 -0.698364 -3.345074 -0.065743 -1.357824
-1.787964 -0.080566 -0.745850 -3.476323 -0.156645 -1.450149
-1.291260 0.160034 -0.438110 -2.510586 0.311153 -0.851814
-0.667725 -0.100708 -0.330566 -1.298251 -0.195806 -0.642717
-0.284668 -0.404419 -0.402344 -0.553478 -0.786308 -0.782274
-0.315918 -0.495483 -0.305542 -0.614237 -0.963364 -0.594063
-0.483276 -0.250732 -0.033447 -0.939630 -0.487497 -0.065031
-0.331665 -0.026001 0.113770 -0.644854 -0.050553 0.221201
-0.020264 -0.016968 0.039429 -0.039398 -0.032990 0.076661
0.250854 -0.072021 -0.084717 0.487734 -0.140031 -0.164714
0.320068 -0.140381 -0.156982 0.622306 -0.272941 -0.305220
0.204102 -0.096069 -0.161987 0.396833 -0.186787 -0.314951
0.082764 0.002075 -0.116821 0.160917 0.004035 -0.227135
-0.004150 0.030151 -0.070313 -0.008070 0.058623 -0.136708
-0.045288 0.062866 -0.039795 -0.088053 0.122230 -0.077373
-0.056519 0.049805 -0.012573 -0.109889 0.096835 -0.024446
-0.065430 0.047119 -0.036865 -0.127214 0.091613 -0.071677
-0.087524 0.064697 -0.067627 -0.170173 0.125790 -0.131487
-0.007324 0.088989 -0.057251 -0.014240 0.173021 -0.111313
0.093872 0.031738 -0.046021 0.182515 0.061708 -0.089477
0.145142 0.022949 -0.045654 0.282198 0.044620 -0.088765
0.173584 0.033325 -0.033813 0.337498 0.064794 -0.065743
0.176025 0.030396 -0.058594 0.342245 0.059098 -0.113923
0.145752 0.051025 -0.119995 0.283384 0.099208 -0.233305
0.100220 0.019653 -0.199097 0.194856 0.038212 -0.387102
0.051880 0.039185 -0.197388 0.100870 0.076186 -0.383779
-0.001343 0.062622 -0.155273 -0.002611 0.121756 -0.301897
-0.032837 0.099121 -0.124878 -0.063845 0.192720 -0.242799
-0.042114 0.101563 -0.117920 -0.081882 0.197467 -0.229271
-0.027466 0.114136 -0.121948 -0.053402 0.221913 -0.237103
-0.023071 0.072998 -0.121216 -0.044857 0.141929 -0.235679
-0.021118 0.075562 -0.106201 -0.041060 0.146914 -0.206486
-0.019165 0.091309 -0.103516 -0.037262 0.177531 -0.201265
0.007202 0.091309 -0.092896 0.014003 0.177531 -0.180616
0.026245 0.088623 -0.100220 0.051028 0.172309 -0.194856
0.011108 0.092163 -0.119385 0.021598 0.179192 -0.232119
-0.023071 0.095825 -0.127441 -0.044857 0.186312 -0.247783
-0.056152 0.124878 -0.135254 -0.109177 0.242799 -0.262973
-0.069946 0.112793 -0.146729 -0.135996 0.219302 -0.285283
-0.049805 0.098755 -0.141235 -0.096835 0.192008 -0.274603
-0.028076 0.115845 -0.147095 -0.054588 0.225236 -0.285995
-0.006104 0.098633 -0.142700 -0.011867 0.191771 -0.277451
0.027100 0.073120 -0.130981 0.052690 0.142167 -0.254666
0.028442 0.071045 -0.110474 0.055300 0.138132 -0.214793
0.018066 0.069336 -0.085693 0.035126 0.134809 -0.166613
0.017700 0.078369 -0.089844 0.034414 0.152372 -0.174682
0.020020 0.064331 -0.119507 0.038924 0.125078 -0.232356
