-0.257935 0.072754 -0.160522 -0.501500 0.141455 -0.312102
-0.326416 0.225098 -0.269409 -0.634648 0.437655 -0.523810
-0.263428 0.174927 -0.287476 -0.512180 0.340109 -0.558936
-0.105347 0.189575 -0.275024 -0.204825 0.368589 -0.534728
0.062378 0.120361 -0.229370 0.121281 0.234018 -0.445962
0.130127 0.002930 -0.215088 0.253005 0.005696 -0.418194
0.261475 0.110352 -0.256348 0.508383 0.214556 -0.498415
0.471191 0.419312 -0.265259 0.916134 0.815264 -0.515740
0.693848 0.429932 -0.185059 1.349042 0.835912 -0.359808
0.968018 0.328735 -0.144165 1.882108 0.639157 -0.280299
1.133789 0.078491 -0.099243 2.204417 0.152610 -0.192958
1.176147 -0.122437 -0.017700 2.286774 -0.238052 -0.034414
1.219604 -0.034058 0.000977 2.371267 -0.066218 0.001899
1.265747 -0.014160 0.055176 2.460981 -0.027531 0.107278
1.315308 -0.159058 0.023193 2.557342 -0.309254 0.045095
1.319336 -0.273438 -0.088135 2.565174 -0.531642 -0.171360
1.216431 -0.228027 -0.151855 2.365096 -0.443352 -0.295251
1.065552 -0.087402 -0.135742 2.071743 -0.169936 -0.263922
0.912964 0.013794 -0.121948 1.775068 0.026819 -0.237103
0.789429 0.002075 -0.127930 1.534880 0.004035 -0.248733
0.582764 0.068970 -0.220947 1.133062 0.134097 -0.429586
0.346802 0.176147 -0.256348 0.674284 0.342482 -0.498415
0.120972 0.111206 -0.143188 0.235204 0.216217 -0.278400
-0.156860 0.019531 -0.032715 -0.304982 0.037974 -0.063607
-0.448242 -0.085693 0.019775 -0.871514 -0.166613 0.038449
-0.718262 -0.159668 0.006226 -1.396510 -0.310441 0.012104
-0.962646 -0.146851 -0.013916 -1.871665 -0.285520 -0.027057
-1.172852 -0.086792 -0.017578 -2.280365 -0.168749 -0.034177
-1.368164 0.025024 -0.027344 -2.660110 0.048655 -0.053164
-1.568848 0.092163 -0.049438 -3.050297 0.179192 -0.096123
-1.679688 0.039307 -0.046021 -3.265802 0.076424 -0.089477
-1.661621 0.089111 -0.091675 -3.230676 0.173258 -0.178243
-1.468628 0.004272 -0.066650 -2.855441 0.008307 -0.129588
-1.171143 -0.063599 0.021362 -2.277043 -0.123654 0.041535
-0.829712 0.014893 -0.032227 -1.613202 0.028956 -0.062658
-0.567749 0.023804 -0.163208 -1.103870 0.046281 -0.317324
-0.415527 -0.018066 -0.234619 -0.807906 -0.035126 -0.456168
-0.350220 0.082397 -0.275146 -0.680929 0.160205 -0.534965
-0.260498 0.102905 -0.252441 -0.506484 0.200078 -0.490820
-0.122070 -0.059570 -0.206421 -0.237340 -0.115822 -0.401342
0.022705 -0.122559 -0.187622 0.044145 -0.238290 -0.364792
0.098511 -0.071167 -0.188721 0.191534 -0.138369 -0.366928
0.063477 -0.059814 -0.166626 0.123417 -0.116297 -0.323969
-0.001709 -0.071655 -0.126709 -0.003323 -0.139319 -0.246359
0.028809 -0.015991 -0.136353 0.056012 -0.031092 -0.265109
0.058838 0.054321 -0.163574 0.114398 0.105616 -0.318036
0.050415 0.093140 -0.157227 0.098022 0.181091 -0.305694
0.034546 0.027466 -0.135254 0.067167 0.053402 -0.262973
0.056519 -0.021118 -0.142090 0.109889 -0.041060 -0.276264
0.102173 0.009766 -0.152832 0.198654 0.018987 -0.297150
0.102173 0.022705 -0.115967 0.198654 0.044145 -0.225473
0.064209 -0.041504 -0.057129 0.124841 -0.080696 -0.111075
0.022461 -0.080078 -0.011230 0.043671 -0.155695 -0.021835
0.000854 -0.080811 0.016479 0.001661 -0.157119 0.032041
-0.002808 -0.111206 -0.001465 -0.005459 -0.216217 -0.002848
0.033447 -0.082886 -0.048218 0.065031 -0.161154 -0.093749
0.047241 -0.035645 -0.067627 0.091851 -0.069303 -0.131487
0.065918 -0.000977 -0.075073 0.128164 -0.001899 -0.145964
0.075806 0.007568 -0.077759 0.147388 0.014715 -0.151186
0.078735 -0.007568 -0.088867 0.153084 -0.014715 -0.172784
0.061157 -0.003296 -0.088623 0.118907 -0.006408 -0.172309
0.034668 0.013550 -0.068115 0.067405 0.026345 -0.132436
0.008057 -0.020874 -0.051392 0.015664 -0.040585 -0.099920
-0.010376 -0.037598 -0.057861 -0.020174 -0.073101 -0.112499
-0.027710 -0.009277 -0.078857 -0.053876 -0.018038 -0.153322
-0.030151 -0.006348 -0.105469 -0.058623 -0.012342 -0.205062
-0.006592 0.030396 -0.123535 -0.012816 0.059098 -0.240188
0.031982 0.066772 -0.108276 0.062183 0.129825 -0.210521
-0.022217 0.051147 -0.091919 -0.043196 0.099446 -0.178717
0.020508 0.056030 -0.140015 0.039873 0.108939 -0.272229
0.037231 0.075073 -0.168091 0.072389 0.145964 -0.326818
0.015137 0.071045 -0.165161 0.029430 0.138132 -0.321121
-0.004272 0.049805 -0.166504 -0.008307 0.096835 -0.323732
-0.017212 0.038574 -0.168091 -0.033465 0.075000 -0.326818
-0.023071 0.033936 -0.165649 -0.044857 0.065981 -0.322071
-0.021118 0.048340 -0.166626 -0.041060 0.093987 -0.323969
-0.012085 0.051392 -0.164917 -0.023497 0.099920 -0.320647
-0.007813 0.058472 -0.158325 -0.015190 0.113686 -0.307830
-0.007446 0.071045 -0.151611 -0.014478 0.138132 -0.294777
-0.016846 0.054688 -0.141968 -0.032753 0.106328 -0.276027
