-0.204468 0.105347 -0.229126 -0.397545 0.204825 -0.445488
-0.101807 0.162964 -0.095337 -0.197942 0.316849 -0.185363
0.119751 0.260620 -0.031616 0.232831 0.506721 -0.061471
0.187012 0.270386 -0.043335 0.363605 0.525709 -0.084256
0.354248 0.265137 0.140015 0.688762 0.515503 0.272229
0.752686 0.415894 0.503540 1.463440 0.808618 0.979029
1.175171 0.416016 0.525635 2.284875 0.808856 1.021987
1.572632 -0.020508 0.420288 3.057655 -0.039873 0.817163
1.950439 -0.109009 0.390869 3.792223 -0.211945 0.759964
2.119629 -0.068604 0.434082 4.121177 -0.133385 0.843982
2.129639 -0.163574 0.473145 4.140639 -0.318036 0.919931
2.148560 -0.252930 0.346680 4.177426 -0.491769 0.674046
2.052368 -0.289795 0.106079 3.990402 -0.563446 0.206249
1.859253 -0.214478 0.078979 3.614930 -0.417007 0.153559
1.784668 -0.230835 0.100464 3.469915 -0.448810 0.195331
1.665649 -0.315674 0.016724 3.238508 -0.613762 0.032516
1.370239 -0.325562 -0.121948 2.664145 -0.632987 -0.237103
0.939087 -0.324951 -0.199463 1.825859 -0.631800 -0.387814
0.561890 -0.072144 -0.159302 1.092477 -0.140268 -0.309729
0.227539 0.111206 -0.171265 0.442402 0.216217 -0.332988
-0.171509 0.030273 -0.235474 -0.333463 0.058860 -0.457829
-0.579590 -0.136108 -0.223633 -1.126892 -0.264634 -0.434807
-0.842651 -0.314819 -0.159302 -1.638360 -0.612101 -0.309729
-0.984009 -0.474365 -0.103149 -1.913200 -0.922304 -0.200553
-0.994141 -0.186646 -0.080200 -1.932899 -0.362893 -0.155933
-1.087036 0.035400 -0.112549 -2.113515 0.068829 -0.218828
-1.252075 0.074951 -0.145020 -2.434399 0.145727 -0.281960
-1.311768 -0.142456 -0.254883 -2.550459 -0.276976 -0.495567
-1.512939 -0.304321 -0.337402 -2.941596 -0.591689 -0.656009
-1.710815 0.095703 -0.252686 -3.326324 0.186075 -0.491294
-1.688110 0.569946 -0.247681 -3.282179 1.108142 -0.481563
-1.310913 0.116211 -0.411743 -2.548797 0.225948 -0.800549
-0.818726 0.077881 -0.461060 -1.591841 0.151423 -0.896434
-0.701172 0.788940 -0.183228 -1.363283 1.533930 -0.356248
-1.042358 0.822876 -0.096191 -2.026649 1.599911 -0.187024
-1.085938 0.277954 -0.226563 -2.111379 0.540424 -0.440504
-0.605591 -0.163208 -0.317261 -1.177445 -0.317324 -0.616847
-0.377319 -0.193726 -0.364746 -0.733619 -0.376659 -0.709173
-0.351318 -0.137573 -0.291870 -0.683065 -0.267482 -0.567481
-0.236206 -0.103027 -0.132568 -0.459253 -0.200315 -0.257752
-0.095947 -0.106323 -0.057739 -0.186549 -0.206723 -0.112262
0.038940 -0.026733 -0.040771 0.075712 -0.051978 -0.079272
0.256714 0.029053 -0.002197 0.499127 0.056487 -0.004272
0.341675 -0.022095 -0.023926 0.664315 -0.042959 -0.046519
0.343506 0.003418 -0.040283 0.667876 0.006646 -0.078322
0.345581 0.041016 -0.028809 0.671910 0.079746 -0.056012
0.294312 0.124023 -0.004028 0.572227 0.241138 -0.007832
0.165771 0.063965 -0.020386 0.322308 0.124366 -0.039636
0.054077 0.026123 -0.045044 0.105142 0.050791 -0.087579
-0.006714 0.019897 -0.080688 -0.013054 0.038686 -0.156882
-0.028809 -0.024536 -0.123901 -0.056012 -0.047705 -0.240900
-0.025024 -0.025024 -0.127686 -0.048655 -0.048655 -0.248258
-0.026978 -0.013062 -0.116577 -0.052452 -0.025395 -0.226660
-0.050537 -0.008057 -0.102539 -0.098259 -0.015664 -0.199366
-0.057861 0.001953 -0.103271 -0.112499 0.003797 -0.200790
-0.045532 -0.004639 -0.116211 -0.088528 -0.009019 -0.225948
-0.003052 -0.000366 -0.118896 -0.005934 -0.000712 -0.231169
0.006104 -0.007446 -0.132690 0.011867 -0.014478 -0.257989
-0.017578 0.019653 -0.130859 -0.034177 0.038212 -0.254429
0.004150 0.011597 -0.112427 0.008070 0.022547 -0.218590
0.005615 0.020142 -0.093994 0.010918 0.039161 -0.182752
-0.006348 0.042603 -0.088135 -0.012342 0.082832 -0.171360
-0.027588 0.036377 -0.089355 -0.053639 0.070727 -0.173733
-0.016357 0.063232 -0.087646 -0.031804 0.122942 -0.170410
-0.008301 0.049072 -0.120850 -0.016139 0.095411 -0.234967
0.036865 0.041260 -0.117554 0.071677 0.080221 -0.228559
0.038818 0.044556 -0.124023 0.075474 0.086629 -0.241138
0.016235 0.018433 -0.136597 0.031566 0.035838 -0.265584
-0.006348 0.055908 -0.140747 -0.012342 0.108702 -0.273653
-0.010254 0.018311 -0.153564 -0.019937 0.035601 -0.298574
0.021729 0.024780 -0.139648 0.042247 0.048180 -0.271517
0.046631 0.015259 -0.124023 0.090664 0.029668 -0.241138
0.016968 0.037109 -0.124390 0.032990 0.072151 -0.241850
0.004517 0.037354 -0.132324 0.008782 0.072626 -0.257277
0.035767 0.000854 -0.119263 0.069541 0.001661 -0.231881
0.069458 -0.022705 -0.104980 0.135047 -0.044145 -0.204113
0.106689 -0.012573 -0.080566 0.207435 -0.024446 -0.156645
0.096924 0.031250 -0.053223 0.188448 0.060759 -0.103480
0.064453 0.011841 -0.054932 0.125316 0.023022 -0.106803
0.044189 -0.017700 -0.068604 0.085917 -0.034414 -0.133385
