-0.167236 -0.038086 -0.251465 -0.325156 -0.074050 -0.488921
-0.146118 0.124268 -0.181885 -0.284096 0.241612 -0.353637
-0.292358 0.245239 -0.216431 -0.568430 0.476817 -0.420804
-0.355225 0.267578 -0.277588 -0.690660 0.520250 -0.539712
-0.283936 0.232300 -0.184692 -0.552054 0.451659 -0.359096
0.057861 -0.020996 0.010254 0.112499 -0.040823 0.019937
0.522095 -0.314087 0.213623 1.015104 -0.610677 0.415345
1.041992 -0.669189 0.334961 2.025937 -1.301099 0.651262
1.450317 -0.457520 0.214355 2.819840 -0.889551 0.416770
1.781860 -0.289429 0.079102 3.464456 -0.562734 0.153797
2.124390 -0.343262 -0.044312 4.130433 -0.667401 -0.086155
2.379150 -0.266235 -0.065308 4.625762 -0.517639 -0.126977
2.568848 -0.147705 -0.035889 4.994589 -0.287182 -0.069778
2.645874 -0.164429 -0.059937 5.144351 -0.319697 -0.116534
2.533813 -0.203491 -0.162476 4.926472 -0.395646 -0.315900
2.184204 -0.269775 -0.235107 4.246730 -0.524522 -0.457117
1.680664 -0.338623 -0.293701 3.267701 -0.658382 -0.571041
1.346802 -0.395020 -0.249512 2.618575 -0.768033 -0.485124
1.080078 -0.274292 -0.208008 2.099987 -0.533304 -0.404428
0.753052 -0.098999 -0.202026 1.464152 -0.192483 -0.392798
0.403320 0.025757 -0.189819 0.784172 0.050079 -0.369064
0.090088 0.038452 -0.161621 0.175157 0.074762 -0.314239
-0.248169 -0.068970 -0.138672 -0.482513 -0.134097 -0.269619
-0.581299 -0.183960 -0.111084 -1.130214 -0.357672 -0.215980
-0.890625 -0.207520 -0.123169 -1.731635 -0.403478 -0.239476
-1.197266 -0.125488 -0.118530 -2.327833 -0.243986 -0.230457
-1.567139 -0.084839 -0.096680 -3.046975 -0.164952 -0.187973
-1.928345 -0.048340 -0.019653 -3.749264 -0.093987 -0.038212
-2.326660 -0.055176 0.111450 -4.523706 -0.107278 0.216692
-2.636963 -0.005493 0.278320 -5.127025 -0.010680 0.541136
-2.934570 0.239014 0.293823 -5.705660 0.464712 0.571278
-2.959473 0.641479 0.194580 -5.754078 1.247223 0.378320
-2.390381 1.030396 -0.109619 -4.647597 2.003389 -0.213132
-1.786865 0.445801 -0.171265 -3.474187 0.866767 -0.332988
-1.112915 -0.398804 -0.049316 -2.163831 -0.775391 -0.095885
-0.521973 -0.780273 -0.000977 -1.014867 -1.517079 -0.001899
-0.376343 -0.461548 0.150757 -0.731720 -0.897384 0.293115
-0.428101 0.162598 0.250854 -0.832352 0.316137 0.487734
-0.367432 0.492310 0.093872 -0.714394 0.957193 0.182515
-0.204468 0.447876 -0.125488 -0.397545 0.870802 -0.243986
-0.010376 0.260742 -0.242920 -0.020174 0.506959 -0.472307
0.107300 0.142212 -0.221313 0.208622 0.276501 -0.430298
0.084106 0.189575 -0.182617 0.163527 0.368589 -0.355061
-0.062378 0.268555 -0.157593 -0.121281 0.522149 -0.306406
-0.126099 0.243164 -0.111816 -0.245173 0.472782 -0.217404
-0.152832 0.248291 -0.127075 -0.297150 0.482750 -0.247071
-0.141968 0.255127 -0.170654 -0.276027 0.496041 -0.331802
-0.115112 0.164673 -0.201416 -0.223812 0.320172 -0.391611
-0.050659 0.092041 -0.191895 -0.098496 0.178955 -0.373099
0.003296 0.056763 -0.141357 0.006408 0.110363 -0.274840
0.032715 0.036133 -0.090698 0.063607 0.070253 -0.176344
0.048340 0.029297 -0.055664 0.093987 0.056962 -0.108227
0.072388 0.045410 -0.032715 0.140743 0.088291 -0.063607
0.052246 0.097046 -0.056519 0.101582 0.188686 -0.109889
0.007813 0.146973 -0.099609 0.015190 0.285758 -0.193670
0.005249 0.115723 -0.118164 0.010206 0.224999 -0.229745
0.024048 0.078979 -0.119751 0.046756 0.153559 -0.232831
0.035645 0.068726 -0.117065 0.069303 0.133623 -0.227609
0.023071 0.090820 -0.130371 0.044857 0.176581 -0.253479
0.017456 0.079468 -0.141357 0.033940 0.154509 -0.274840
0.036133 0.059814 -0.133545 0.070253 0.116297 -0.259650
0.063232 0.028809 -0.110107 0.122942 0.056012 -0.214081
0.070190 0.040283 -0.097168 0.136471 0.078322 -0.188923
0.073975 0.045776 -0.084106 0.143828 0.089003 -0.163527
0.070313 0.049438 -0.077393 0.136708 0.096123 -0.150474
0.065674 0.053833 -0.089722 0.127689 0.104667 -0.174445
0.054321 0.042114 -0.112305 0.105616 0.081882 -0.218353
0.030029 0.027100 -0.141968 0.058386 0.052690 -0.276027
0.008545 0.003418 -0.141235 0.016614 0.006646 -0.274603
0.000366 0.002930 -0.131714 0.000712 0.005696 -0.256090
-0.003906 0.018066 -0.136475 -0.007595 0.035126 -0.265346
0.003296 -0.001587 -0.151245 0.006408 -0.003085 -0.294065
0.016968 -0.022461 -0.151855 0.032990 -0.043671 -0.295251
0.008423 -0.007568 -0.141113 0.016376 -0.014715 -0.274365
0.000488 -0.005981 -0.122314 0.000949 -0.011630 -0.237815
-0.010986 -0.002808 -0.114136 -0.021361 -0.005459 -0.221913
-0.009766 0.001465 -0.113892 -0.018987 0.002848 -0.221438
-0.007935 0.004028 -0.118652 -0.015427 0.007832 -0.230695
-0.003906 0.009888 -0.119263 -0.007595 0.019225 -0.231881
0.002075 0.005127 -0.117432 0.004035 0.009968 -0.228321
