-0.033447 -0.231079 -0.163086 -0.065031 -0.449285 -0.317087
-0.248779 -0.166748 -0.223145 -0.483700 -0.324207 -0.433858
-0.303589 -0.048828 -0.260620 -0.590265 -0.094936 -0.506721
-0.328979 0.064941 -0.262451 -0.639632 0.126265 -0.510282
-0.271851 0.104980 -0.159180 -0.528557 0.204113 -0.309492
-0.237427 0.113159 0.069092 -0.461627 0.220014 0.134335
-0.044556 0.200195 0.343628 -0.086629 0.389238 0.668113
0.705933 0.183105 0.112915 1.372539 0.356010 0.219540
1.426880 -0.207642 -0.286743 2.774271 -0.403716 -0.557512
1.760132 -0.139282 -0.556030 3.422210 -0.270805 -1.081085
1.902710 0.170532 -0.505249 3.699423 0.331564 -0.982351
2.045654 0.351440 -0.398804 3.977349 0.683303 -0.775391
2.144897 0.410767 -0.298950 4.170306 0.798650 -0.581246
2.207275 0.195068 -0.296875 4.291587 0.379270 -0.577212
2.283569 -0.047119 -0.310303 4.439925 -0.091613 -0.603319
2.289429 -0.187256 -0.361328 4.451317 -0.364080 -0.702527
2.036621 -0.166748 -0.433838 3.959785 -0.324207 -0.843507
1.653809 -0.132446 -0.433838 3.215486 -0.257514 -0.843507
1.300781 -0.139404 -0.382202 2.529098 -0.271043 -0.743112
1.009766 -0.064819 -0.286499 1.963279 -0.126028 -0.557038
0.688477 -0.049561 -0.245483 1.338599 -0.096360 -0.477291
0.354492 -0.034668 -0.204590 0.689236 -0.067405 -0.397782
0.051758 -0.017944 -0.171753 0.100632 -0.034889 -0.333938
-0.275269 -0.041870 -0.131104 -0.535202 -0.081408 -0.254903
-0.576050 -0.093262 -0.059326 -1.120009 -0.181328 -0.115347
-0.838745 -0.182495 -0.011353 -1.630765 -0.354824 -0.022073
-1.117310 -0.197632 0.020630 -2.172376 -0.384254 0.040111
-1.417236 -0.167480 0.062134 -2.755521 -0.325631 0.120806
-1.687378 -0.104736 0.063599 -3.280755 -0.203638 0.123654
-1.873291 -0.261719 0.173706 -3.642224 -0.508858 0.337735
-2.096680 -0.512573 0.358154 -4.076557 -0.996592 0.696356
-2.473267 -0.348755 0.377197 -4.808752 -0.678081 0.733381
-2.559326 -0.114258 0.290771 -4.976077 -0.222151 0.565345
-2.455688 0.198853 0.181274 -4.774574 0.386627 0.352450
-2.174683 0.564575 0.100708 -4.228217 1.097699 0.195806
-1.646362 0.261475 0.009399 -3.201008 0.508383 0.018275
-1.093018 -0.101318 -0.114624 -2.125145 -0.196992 -0.222863
-0.723877 -0.391479 -0.160156 -1.407428 -0.761150 -0.311390
-0.618774 -0.138550 -0.060181 -1.203078 -0.269381 -0.117009
-0.495239 0.245972 0.110962 -0.962890 0.478241 0.215742
-0.168823 0.222168 0.078491 -0.328242 0.431959 0.152610
0.193481 -0.050415 -0.067993 0.376184 -0.098022 -0.132199
0.393066 -0.279785 -0.194214 0.764236 -0.543984 -0.377608
0.384888 -0.300049 -0.235840 0.748334 -0.583382 -0.458541
0.234619 -0.194336 -0.209473 0.456168 -0.377846 -0.407276
0.086548 -0.045288 -0.133911 0.168274 -0.088053 -0.260362
0.032715 0.065186 -0.068237 0.063607 0.126740 -0.132673
0.010742 0.075439 -0.044312 0.020886 0.146676 -0.086155
-0.006104 0.108643 -0.068604 -0.011867 0.211233 -0.133385
-0.062500 0.127197 -0.098633 -0.121518 0.247309 -0.191771
-0.082642 0.124512 -0.110229 -0.160679 0.242087 -0.214318
-0.065186 0.112793 -0.091675 -0.126740 0.219302 -0.178243
-0.020142 0.076660 -0.055664 -0.039161 0.149050 -0.108227
0.030762 0.075562 -0.041870 0.059810 0.146914 -0.081408
0.066162 0.075439 -0.037476 0.128638 0.146676 -0.072863
0.079468 0.068359 -0.040161 0.154509 0.132911 -0.078085
0.056885 0.082642 -0.080322 0.110601 0.160679 -0.156170
0.046387 0.088745 -0.118286 0.090189 0.172546 -0.229983
0.042236 0.089233 -0.141846 0.082120 0.173496 -0.275789
0.017334 0.083496 -0.155762 0.033702 0.162341 -0.302846
-0.013184 0.074829 -0.137939 -0.025633 0.145490 -0.268195
-0.029175 0.073242 -0.122803 -0.056724 0.142404 -0.238764
-0.052612 0.073486 -0.122314 -0.102294 0.142879 -0.237815
-0.052002 0.067871 -0.122925 -0.101107 0.131961 -0.239002
-0.014526 0.068970 -0.117432 -0.028243 0.134097 -0.228321
0.012085 0.047241 -0.105469 0.023497 0.091851 -0.205062
0.023315 0.022461 -0.104004 0.045332 0.043671 -0.202214
0.009155 0.021851 -0.106934 0.017801 0.042484 -0.207910
-0.012939 0.030884 -0.107666 -0.025158 0.060047 -0.209334
-0.014893 0.040161 -0.117920 -0.028956 0.078085 -0.229271
-0.014526 0.035156 -0.135620 -0.028243 0.068354 -0.263685
-0.006958 0.023071 -0.147583 -0.013528 0.044857 -0.286944
-0.009399 0.028687 -0.154297 -0.018275 0.055775 -0.299998
-0.015137 0.021118 -0.151733 -0.029430 0.041060 -0.295014
-0.033081 0.024658 -0.151245 -0.064319 0.047943 -0.294065
-0.032227 0.013428 -0.142334 -0.062658 0.026107 -0.276739
-0.042603 0.008423 -0.140259 -0.082832 0.016376 -0.272704
-0.045410 0.017456 -0.140259 -0.088291 0.033940 -0.272704
-0.025757 0.000977 -0.123657 -0.050079 0.001899 -0.240426
-0.007080 0.014282 -0.115967 -0.013766 0.027769 -0.225473
