-0.266113 0.005737 -0.018799 -0.517402 0.011155 -0.036550
-0.036987 0.174194 0.034790 -0.071914 0.338685 0.067642
0.094482 0.230103 0.051636 0.183701 0.447386 0.100395
0.365479 0.504395 0.081421 0.710597 0.980690 0.158306
0.965820 0.861328 -0.023560 1.877836 1.674673 -0.045807
1.504639 0.813965 -0.101807 2.925456 1.582585 -0.197942
1.583252 0.270752 -0.083862 3.078304 0.526421 -0.163053
1.440796 0.332275 0.047974 2.801327 0.646040 0.093275
1.631592 0.148071 -0.010254 3.172290 0.287894 -0.019937
2.044800 0.544189 -0.247314 3.975687 1.058063 -0.480851
1.804077 1.121216 -0.078857 3.507652 2.179971 -0.153322
1.358276 0.947021 0.251465 2.640885 1.841286 0.488921
1.024658 0.121704 0.161133 1.992234 0.236628 0.313289
0.755737 -0.343140 -0.264282 1.469374 -0.667164 -0.513842
0.399536 -0.081665 -0.510742 0.776815 -0.158781 -0.993032
-0.129272 0.124878 -0.485474 -0.251343 0.242799 -0.943902
-0.493164 -0.087646 -0.395996 -0.958855 -0.170410 -0.769932
-0.720825 -0.445313 -0.286377 -1.401494 -0.865817 -0.556800
-0.904297 -0.539673 -0.234253 -1.758217 -1.049281 -0.455456
-1.033813 -0.311157 -0.275024 -2.010035 -0.604980 -0.534728
-1.115479 -0.246094 -0.278442 -2.168816 -0.478478 -0.541373
-1.322021 -0.420776 -0.289551 -2.570395 -0.818112 -0.562971
-1.522217 -0.616455 -0.148315 -2.959633 -1.198568 -0.288368
-1.695801 -0.582520 -0.072266 -3.297131 -1.132588 -0.140505
-1.584473 -0.503784 -0.090088 -3.080677 -0.979503 -0.175157
-1.367920 -0.495361 -0.049683 -2.659635 -0.963127 -0.096597
-1.171265 -0.386841 -0.086548 -2.277280 -0.752131 -0.168274
-0.869507 -0.187378 -0.119873 -1.690575 -0.364317 -0.233068
-0.455078 0.230103 -0.045044 -0.884805 0.447386 -0.087579
-0.161987 0.537598 0.097900 -0.314951 1.045247 0.190347
0.133057 0.247192 0.122437 0.258701 0.480614 0.238052
0.273804 -0.183350 -0.067505 0.532354 -0.356485 -0.131249
0.190186 -0.262329 -0.256104 0.369776 -0.510044 -0.497940
0.068481 0.091553 -0.173950 0.133148 0.178005 -0.338210
0.009399 0.156860 -0.064575 0.018275 0.304982 -0.125553
0.079956 0.062256 -0.091553 0.155458 0.121044 -0.178005
0.110229 0.102539 -0.165771 0.214318 0.199366 -0.322308
0.034668 0.124634 -0.178711 0.067405 0.242324 -0.347466
-0.033813 0.028564 -0.134521 -0.065743 0.055538 -0.261549
-0.028320 -0.005005 -0.084351 -0.055063 -0.009731 -0.164002
-0.009644 0.006104 -0.065796 -0.018750 0.011867 -0.127926
-0.014648 -0.007202 -0.103516 -0.028481 -0.014003 -0.201265
-0.029663 -0.059082 -0.097534 -0.057674 -0.114873 -0.189635
0.007324 0.008911 -0.088989 0.014240 0.017326 -0.173021
0.022583 0.018799 -0.092041 0.043908 0.036550 -0.178955
-0.002197 0.013794 -0.122437 -0.004272 0.026819 -0.238052
-0.029175 -0.005859 -0.133057 -0.056724 -0.011392 -0.258701
-0.021240 0.041992 -0.120850 -0.041297 0.081645 -0.234967
-0.003906 0.048218 -0.124512 -0.007595 0.093749 -0.242087
-0.001831 -0.008545 -0.159180 -0.003560 -0.016614 -0.309492
-0.003418 -0.042725 -0.150269 -0.006646 -0.083069 -0.292166
-0.006348 -0.022583 -0.120850 -0.012342 -0.043908 -0.234967
-0.019897 0.030884 -0.112427 -0.038686 0.060047 -0.218590
-0.026611 0.008301 -0.116943 -0.051740 0.016139 -0.227372
-0.024536 -0.022217 -0.117676 -0.047705 -0.043196 -0.228796
-0.014771 0.012085 -0.126953 -0.028718 0.023497 -0.246834
-0.027710 0.014038 -0.133545 -0.053876 0.027294 -0.259650
-0.039673 -0.010498 -0.117920 -0.077136 -0.020411 -0.229271
-0.016968 0.011108 -0.113525 -0.032990 0.021598 -0.220726
-0.006470 0.031250 -0.114136 -0.012579 0.060759 -0.221913
0.005859 0.027832 -0.116455 0.011392 0.054114 -0.226423
0.001465 0.018921 -0.120850 0.002848 0.036788 -0.234967
-0.006470 0.039917 -0.130615 -0.012579 0.077610 -0.253954
-0.026855 -0.007324 -0.121216 -0.052215 -0.014240 -0.235679
-0.016479 -0.016602 -0.116577 -0.032041 -0.032278 -0.226660
-0.009521 -0.006348 -0.101929 -0.018513 -0.012342 -0.198179
-0.004272 -0.009155 -0.100464 -0.008307 -0.017801 -0.195331
-0.017334 -0.016479 -0.104736 -0.033702 -0.032041 -0.203638
-0.027344 -0.007080 -0.118774 -0.053164 -0.013766 -0.230932
-0.019409 0.010986 -0.106934 -0.037737 0.021361 -0.207910
-0.030396 0.016846 -0.113037 -0.059098 0.032753 -0.219777
-0.040405 -0.014038 -0.127197 -0.078560 -0.027294 -0.247309
-0.027710 -0.021606 -0.134521 -0.053876 -0.042009 -0.261549
-0.010132 -0.032471 -0.122559 -0.019699 -0.063133 -0.238290
-0.015015 -0.026245 -0.117432 -0.029193 -0.051028 -0.228321
-0.018555 0.003052 -0.104370 -0.036076 0.005934 -0.202926
-0.023926 0.028931 -0.111816 -0.046519 0.056250 -0.217404
-0.030029 0.003174 -0.115356 -0.058386 0.006171 -0.224287
-0.017578 -0.016968 -0.113159 -0.034177 -0.032990 -0.220014
-0.018188 -0.009277 -0.116943 -0.035364 -0.018038 -0.227372
