-0.501221 -0.038818 -0.126465 -0.974519 -0.075474 -0.245885
-0.457153 0.245239 -0.056763 -0.888839 0.476817 -0.110363
-0.357422 0.133545 -0.140015 -0.694932 0.259650 -0.272229
-0.171509 0.111206 -0.112793 -0.333463 0.216217 -0.219302
0.212280 0.205933 0.029175 0.412735 0.400393 0.056724
0.815186 -0.008667 0.210571 1.584958 -0.016851 0.409412
1.543579 -0.253418 0.334351 3.001168 -0.492718 0.650075
2.173706 -0.326660 0.099121 4.226318 -0.635123 0.192720
2.448486 -0.237915 -0.089233 4.760571 -0.462576 -0.173496
2.604248 -0.013062 -0.152100 5.063417 -0.025395 -0.295726
2.730957 0.116821 -0.170532 5.309777 0.227135 -0.331564
2.728516 0.041260 -0.064209 5.305030 0.080221 -0.124841
2.499268 -0.177002 -0.034790 4.859305 -0.344143 -0.067642
2.096313 -0.271362 -0.188354 4.075845 -0.527607 -0.366216
1.593506 -0.130127 -0.296143 3.098240 -0.253005 -0.575788
1.172241 -0.014526 -0.261719 2.279179 -0.028243 -0.508858
0.830811 -0.017090 -0.166016 1.615338 -0.033228 -0.322783
0.560913 -0.013184 -0.137329 1.090579 -0.025633 -0.267008
0.301880 0.015137 -0.177002 0.586943 0.029430 -0.344143
-0.009155 -0.005493 -0.206665 -0.017801 -0.010680 -0.401817
-0.426514 -0.083618 -0.223022 -0.829267 -0.162578 -0.433621
-0.811768 -0.159668 -0.223755 -1.578313 -0.310441 -0.435045
-1.121948 -0.182983 -0.214844 -2.181395 -0.355773 -0.417719
-1.455444 -0.183716 -0.215698 -2.829808 -0.357197 -0.419380
-1.897583 -0.158936 -0.211426 -3.689455 -0.309017 -0.411073
-2.282349 -0.061523 -0.213867 -4.437551 -0.119620 -0.415820
-2.276367 0.183838 -0.346680 -4.425921 0.357434 -0.674046
-1.798828 0.301880 -0.564575 -3.497447 0.586943 -1.097699
-1.635376 0.109985 -0.610596 -3.179648 0.213844 -1.187176
-1.886353 -0.426514 -0.359741 -3.667619 -0.829267 -0.699442
-1.722412 -0.382935 -0.131104 -3.348871 -0.744536 -0.254903
-1.193115 -0.239136 0.092407 -2.319764 -0.464950 0.179667
-0.924805 -0.360840 0.067749 -1.798090 -0.701578 0.131724
-1.030029 -0.380493 0.098877 -2.002677 -0.739790 0.192246
-1.088867 -0.067871 0.150391 -2.117075 -0.131961 0.292403
-0.895142 0.077148 0.280029 -1.740416 0.149999 0.544459
-0.400024 -0.002563 0.286743 -0.777764 -0.004984 0.557512
-0.043823 -0.058472 0.092773 -0.085205 -0.113686 0.180379
0.003906 0.041626 -0.149658 0.007595 0.080933 -0.290979
0.005493 0.156738 -0.172852 0.010680 0.304745 -0.336074
0.140015 0.193359 -0.071899 0.272229 0.375947 -0.139793
0.218872 0.149048 -0.049683 0.425551 0.289792 -0.096597
0.183594 0.073486 -0.072876 0.356960 0.142879 -0.141692
0.099976 0.033569 -0.093628 0.194382 0.065269 -0.182040
0.036743 0.061157 -0.101196 0.071439 0.118907 -0.196755
0.024414 0.034790 -0.076050 0.047468 0.067642 -0.147863
0.012329 0.033203 -0.082397 0.023971 0.064557 -0.160205
-0.044556 0.075195 -0.106934 -0.086629 0.146202 -0.207910
-0.067505 0.087769 -0.130737 -0.131249 0.170648 -0.254191
-0.047974 0.052979 -0.133057 -0.093275 0.103006 -0.258701
-0.009521 0.019653 -0.124268 -0.018513 0.038212 -0.241612
0.003906 0.002808 -0.106812 0.007595 0.005459 -0.207673
-0.013428 0.009521 -0.105835 -0.026107 0.018513 -0.205774
-0.031616 0.014771 -0.113403 -0.061471 0.028718 -0.220489
-0.033691 0.016846 -0.122925 -0.065506 0.032753 -0.239002
-0.019165 0.014160 -0.128174 -0.037262 0.027531 -0.249207
-0.023315 0.032593 -0.130615 -0.045332 0.063370 -0.253954
-0.020264 0.032104 -0.116333 -0.039398 0.062420 -0.226185
-0.009277 0.032227 -0.113525 -0.018038 0.062658 -0.220726
-0.005127 0.036255 -0.115234 -0.009968 0.070490 -0.224049
0.007690 0.031860 -0.122559 0.014952 0.061946 -0.238290
0.000610 0.031860 -0.127563 0.001187 0.061946 -0.248021
-0.014160 0.040649 -0.128296 -0.027531 0.079034 -0.249445
-0.024780 0.059082 -0.135742 -0.048180 0.114873 -0.263922
-0.015869 0.057495 -0.138672 -0.030854 0.111787 -0.269619
-0.002808 0.053711 -0.133057 -0.005459 0.104430 -0.258701
0.007813 0.052979 -0.119507 0.015190 0.103006 -0.232356
0.001099 0.052490 -0.125244 0.002136 0.102056 -0.243511
0.001587 0.044189 -0.141479 0.003085 0.085917 -0.275077
0.001831 0.032837 -0.149902 0.003560 0.063845 -0.291454
-0.002197 0.017212 -0.146118 -0.004272 0.033465 -0.284096
-0.002808 0.005493 -0.120361 -0.005459 0.010680 -0.234018
-0.010376 0.005493 -0.113159 -0.020174 0.010680 -0.220014
-0.019775 -0.002319 -0.114868 -0.038449 -0.004509 -0.223337
-0.024658 0.008179 -0.125000 -0.047943 0.015902 -0.243036
-0.024902 0.004639 -0.134888 -0.048417 0.009019 -0.262261
-0.029907 0.010254 -0.141479 -0.058148 0.019937 -0.275077
-0.026978 0.013550 -0.138428 -0.052452 0.026345 -0.269144
-0.014893 0.014404 -0.121338 -0.028956 0.028006 -0.235916
-0.010742 0.014160 -0.108398 -0.020886 0.027531 -0.210758
