-0.287476 0.062866 -0.228394 -0.558936 0.122230 -0.444064
-0.270752 0.008545 -0.265625 -0.526421 0.016614 -0.516452
-0.230835 -0.042725 -0.264893 -0.448810 -0.083069 -0.515028
-0.149780 -0.091187 -0.190308 -0.291217 -0.177293 -0.370014
0.236450 -0.139282 -0.071777 0.459728 -0.270805 -0.139556
0.924561 -0.137329 0.082520 1.797615 -0.267008 0.160442
1.641357 -0.003418 0.288940 3.191278 -0.006646 0.561784
1.968872 -0.050903 0.121094 3.828061 -0.098971 0.235442
2.154419 0.196533 0.066895 4.188818 0.382118 0.130062
2.110840 0.052856 -0.081787 4.104088 0.102768 -0.159018
1.968140 -0.110718 -0.203125 3.826638 -0.215268 -0.394934
1.808838 0.045776 -0.201904 3.516908 0.089003 -0.392561
1.782715 0.045776 -0.198364 3.466118 0.089003 -0.385678
1.650635 -0.205566 -0.346802 3.209315 -0.399681 -0.674284
1.363159 -0.144775 -0.331543 2.650379 -0.281486 -0.644616
1.123413 0.083252 -0.224121 2.184243 0.161866 -0.435757
0.784180 -0.004272 -0.196411 1.524674 -0.008307 -0.381881
0.345825 -0.041260 -0.174561 0.672385 -0.080221 -0.339397
-0.234619 0.094849 -0.104248 -0.456168 0.184413 -0.202689
-0.756104 0.151245 -0.116577 -1.470086 0.294065 -0.226660
-1.014282 0.245483 -0.072998 -1.972060 0.477291 -0.141929
-1.070435 0.291992 -0.093384 -2.081237 0.567718 -0.181565
-1.074585 0.091431 -0.172607 -2.089307 0.177768 -0.335599
-1.244629 -0.083130 -0.180176 -2.419922 -0.161629 -0.350314
-1.577148 -0.137207 -0.120483 -3.066437 -0.266770 -0.234255
-1.915771 -0.068359 -0.043945 -3.724818 -0.132911 -0.085443
-2.078857 0.108887 -0.040527 -4.041905 0.211708 -0.078797
-2.112305 0.194336 -0.107666 -4.106936 0.377846 -0.209334
-1.983765 0.415649 -0.262939 -3.857017 0.808144 -0.511231
-1.471313 0.439575 -0.462402 -2.860662 0.854662 -0.899045
-0.719360 0.233032 -0.473389 -1.398646 0.453083 -0.920406
-0.168945 -0.268311 -0.474365 -0.328479 -0.521674 -0.922304
0.012451 -0.269409 -0.381226 0.024209 -0.523810 -0.741214
-0.078125 -0.069458 -0.251099 -0.151898 -0.135047 -0.488209
-0.070068 -0.081055 -0.129395 -0.136233 -0.157594 -0.251581
0.016968 -0.087646 0.018188 0.032990 -0.170410 0.035364
0.120117 -0.084229 0.041382 0.233543 -0.163765 0.080458
0.120728 -0.138428 -0.042358 0.234730 -0.269144 -0.082357
0.040039 -0.051636 -0.114624 0.077848 -0.100395 -0.222863
0.009033 0.018066 -0.119629 0.017563 0.035126 -0.232593
0.040161 0.002686 -0.103271 0.078085 0.005221 -0.200790
0.024780 0.036865 -0.137207 0.048180 0.071677 -0.266770
0.014893 0.025146 -0.157471 0.028956 0.048892 -0.306169
0.025635 0.015137 -0.145630 0.049841 0.029430 -0.283147
0.043823 0.073608 -0.102051 0.085205 0.143116 -0.198416
0.037964 0.076172 -0.088623 0.073813 0.148100 -0.172309
0.010010 0.101807 -0.097656 0.019462 0.197942 -0.189872
-0.000488 0.129517 -0.109375 -0.000949 0.251818 -0.212657
0.028687 0.116821 -0.106689 0.055775 0.227135 -0.207435
0.036865 0.076416 -0.093506 0.071677 0.148575 -0.181803
0.028931 0.085449 -0.060913 0.056250 0.166138 -0.118433
0.011475 0.101563 -0.054810 0.022310 0.197467 -0.106566
0.007446 0.113403 -0.062744 0.014478 0.220489 -0.121993
0.019775 0.147461 -0.045776 0.038449 0.286707 -0.089003
0.031982 0.098511 -0.035034 0.062183 0.191534 -0.068117
0.018311 0.043579 -0.040771 0.035601 0.084730 -0.079272
-0.019775 0.063721 -0.073730 -0.038449 0.123892 -0.143354
-0.036011 0.050293 -0.113770 -0.070015 0.097784 -0.221201
-0.001099 0.034790 -0.118896 -0.002136 0.067642 -0.231169
0.020508 0.036987 -0.104736 0.039873 0.071914 -0.203638
0.005981 0.056152 -0.100220 0.011630 0.109177 -0.194856
-0.015991 0.073364 -0.111450 -0.031092 0.142642 -0.216692
-0.027954 0.085449 -0.129761 -0.054351 0.166138 -0.252293
-0.034302 0.079834 -0.143799 -0.066693 0.155221 -0.279587
-0.023193 0.086426 -0.133423 -0.045095 0.168037 -0.259413
-0.024292 0.067261 -0.122437 -0.047231 0.130774 -0.238052
-0.012817 0.047974 -0.133301 -0.024921 0.093275 -0.259176
0.014282 0.055908 -0.139893 0.027769 0.108702 -0.271992
0.024658 0.053833 -0.141724 0.047943 0.104667 -0.275552
0.016479 0.050537 -0.128296 0.032041 0.098259 -0.249445
-0.045532 0.067017 -0.121582 -0.088528 0.130300 -0.236391
-0.053467 0.047363 -0.114136 -0.103955 0.092088 -0.221913
-0.030273 0.000488 -0.117065 -0.058860 0.000949 -0.227609
-0.011841 -0.018677 -0.138550 -0.023022 -0.036313 -0.269381
0.002319 0.022827 -0.146484 0.004509 0.044383 -0.284808
-0.002563 0.032349 -0.156006 -0.004984 0.062895 -0.303321
0.001953 0.050171 -0.138428 0.003797 0.097547 -0.269144
0.007935 0.040405 -0.125244 0.015427 0.078560 -0.243511
-0.005371 0.039917 -0.133179 -0.010443 0.077610 -0.258938
-0.012573 0.040161 -0.146240 -0.024446 0.078085 -0.284334
