-0.180176 0.334839 -0.142822 -0.350314 0.651024 -0.277688
-0.259033 0.071167 -0.031250 -0.503636 0.138369 -0.060759
-0.202881 -0.043335 -0.097534 -0.394460 -0.084256 -0.189635
-0.146851 -0.017334 -0.162231 -0.285520 -0.033702 -0.315425
0.043335 -0.127441 -0.175781 0.084256 -0.247783 -0.341770
0.313232 -0.326660 -0.221069 0.609015 -0.635123 -0.429823
0.659790 -0.565430 -0.247803 1.282824 -1.099360 -0.481801
1.051514 -0.289429 -0.214478 2.044449 -0.562734 -0.417007
1.119141 0.101685 -0.048828 2.175936 0.197704 -0.094936
1.154785 0.713745 0.258911 2.245239 1.387729 0.503399
1.386230 1.013306 0.517822 2.695236 1.970162 1.006797
1.797119 0.327148 0.538330 3.494124 0.636072 1.046671
2.083008 0.372803 0.484619 4.049974 0.724837 0.942241
1.857300 0.494995 0.317017 3.611132 0.962415 0.616373
1.562500 0.480103 0.306396 3.037956 0.933459 0.595724
1.190063 0.176514 0.343628 2.313830 0.343194 0.668113
0.864624 -0.016235 0.342407 1.681081 -0.031566 0.665739
0.711914 0.088745 0.293701 1.384169 0.172546 0.571041
0.485229 0.048462 0.206299 0.943428 0.094224 0.401105
0.302124 -0.013550 0.057129 0.587417 -0.026345 0.111075
0.017822 -0.116211 -0.054810 0.034652 -0.225948 -0.106566
-0.337769 -0.269409 -0.123413 -0.656721 -0.523810 -0.239951
-0.673950 -0.259277 -0.247681 -1.310356 -0.504111 -0.481563
-0.905884 -0.203613 -0.379150 -1.761302 -0.395884 -0.737179
-1.151367 -0.289673 -0.496338 -2.238594 -0.563209 -0.965026
-1.452759 -0.367188 -0.543457 -2.824587 -0.713920 -1.056639
-1.715088 -0.320313 -0.604004 -3.334631 -0.622781 -1.174360
-1.955200 -0.202881 -0.707031 -3.801479 -0.394460 -1.374675
-1.917847 -0.078369 -0.719238 -3.728853 -0.152372 -1.398409
-1.801147 -0.138062 -0.599609 -3.501956 -0.268432 -1.165815
-1.378052 -0.253174 -0.331909 -2.679334 -0.492244 -0.645328
-0.801758 -0.065063 -0.166626 -1.558851 -0.126502 -0.323969
-0.742188 0.157104 -0.306274 -1.443029 0.305457 -0.595487
-0.742432 0.133545 -0.365234 -1.443504 0.259650 -0.710122
-0.358521 -0.071045 -0.286987 -0.697068 -0.138132 -0.557987
0.053223 -0.087036 -0.186646 0.103480 -0.169224 -0.362893
0.188110 0.028687 -0.167480 0.365741 0.055775 -0.325631
0.078979 0.072876 -0.137085 0.153559 0.141692 -0.266533
-0.013672 0.051636 -0.101074 -0.026582 0.100395 -0.196518
-0.053345 0.016357 -0.090454 -0.103718 0.031804 -0.175869
-0.089233 -0.099365 -0.122681 -0.173496 -0.193195 -0.238527
-0.164917 -0.224365 -0.160278 -0.320647 -0.436231 -0.311628
-0.188477 -0.165649 -0.138794 -0.366453 -0.322071 -0.269856
-0.083862 -0.000366 -0.113647 -0.163053 -0.000712 -0.220964
0.046997 0.030884 -0.088745 0.091376 0.060047 -0.172546
0.114014 0.020142 -0.095215 0.221676 0.039161 -0.185125
0.097778 0.017212 -0.112915 0.190110 0.033465 -0.219540
0.065063 0.053711 -0.109253 0.126502 0.104430 -0.212420
0.046997 0.064941 -0.056152 0.091376 0.126265 -0.109177
0.044678 0.034302 -0.039795 0.086867 0.066693 -0.077373
0.026245 -0.012695 -0.071289 0.051028 -0.024683 -0.138607
-0.008911 -0.081787 -0.107056 -0.017326 -0.159018 -0.208147
-0.010620 -0.040405 -0.129761 -0.020649 -0.078560 -0.252293
-0.016235 0.040527 -0.149658 -0.031566 0.078797 -0.290979
0.012207 0.041870 -0.168335 0.023734 0.081408 -0.327292
0.010254 0.029541 -0.152344 0.019937 0.057436 -0.296201
0.031738 0.034058 -0.144897 0.061708 0.066218 -0.281723
0.041992 0.063354 -0.159912 0.081645 0.123180 -0.310916
0.033325 0.099487 -0.171021 0.064794 0.193432 -0.332514
0.039673 0.079590 -0.191162 0.077136 0.154746 -0.371675
0.031494 0.039307 -0.184814 0.061234 0.076424 -0.359333
-0.038208 -0.004517 -0.143799 -0.074288 -0.008782 -0.279587
-0.049561 -0.022217 -0.139160 -0.096360 -0.043196 -0.270568
-0.070068 -0.036499 -0.124878 -0.136233 -0.070965 -0.242799
-0.047363 -0.012817 -0.125366 -0.092088 -0.024921 -0.243748
-0.011841 0.018921 -0.144653 -0.023022 0.036788 -0.281248
0.010376 0.031006 -0.146973 0.020174 0.060284 -0.285758
0.004517 0.027954 -0.117676 0.008782 0.054351 -0.228796
-0.006348 0.009155 -0.094238 -0.012342 0.017801 -0.183227
-0.009399 -0.015259 -0.081665 -0.018275 -0.029668 -0.158781
-0.024658 -0.029907 -0.075806 -0.047943 -0.058148 -0.147388
-0.029785 -0.015625 -0.109375 -0.057911 -0.030380 -0.212657
-0.043579 -0.005981 -0.156006 -0.084730 -0.011630 -0.303321
-0.040649 -0.024048 -0.136475 -0.079034 -0.046756 -0.265346
0.003540 -0.044067 -0.118408 0.006883 -0.085680 -0.230220
0.023315 -0.022461 -0.134033 0.045332 -0.043671 -0.260600
0.050781 0.028687 -0.163086 0.098734 0.055775 -0.317087
0.028076 0.034912 -0.151001 0.054588 0.067879 -0.293590
0.007813 0.041260 -0.121948 0.015190 0.080221 -0.237103
0.002686 0.031250 -0.101196 0.005221 0.060759 -0.196755
