-0.716064 -0.187988 -0.265869 -1.392238 -0.365504 -0.516927
-0.395386 -0.156494 -0.219482 -0.768745 -0.304270 -0.426738
-0.306641 0.139404 -0.192383 -0.596199 0.271043 -0.374048
-0.076172 0.230225 -0.197388 -0.148100 0.447624 -0.383779
0.288208 -0.079834 -0.195679 0.560360 -0.155221 -0.380456
0.930298 -0.239014 -0.034058 1.808770 -0.464712 -0.066218
1.005249 -0.032471 0.106689 1.954497 -0.063133 0.207435
1.220703 0.216675 0.003296 2.373403 0.421279 0.006408
1.500732 0.410400 0.197266 2.917861 0.797938 0.383542
1.825317 0.271240 0.343140 3.548949 0.527370 0.667164
2.228149 -0.089478 0.325806 4.332172 -0.173970 0.633461
2.386108 -0.376709 0.145752 4.639290 -0.732432 0.283384
2.361450 -0.436157 -0.049683 4.591348 -0.848017 -0.096597
2.277222 -0.435913 -0.139526 4.427583 -0.847542 -0.271280
2.051270 -0.364502 -0.198975 3.988266 -0.708698 -0.386865
1.677856 -0.226685 -0.308838 3.262242 -0.440741 -0.600471
1.249878 -0.121216 -0.321899 2.430127 -0.235679 -0.625866
0.888672 -0.048462 -0.277222 1.727837 -0.094224 -0.539000
0.611938 0.041504 -0.227661 1.189787 0.080696 -0.442640
0.370361 0.077026 -0.179810 0.720090 0.149762 -0.349602
0.098999 0.055298 -0.176392 0.192483 0.107515 -0.342957
-0.211548 0.056152 -0.189697 -0.411311 0.109177 -0.368827
-0.496460 0.027588 -0.141724 -0.965263 0.053639 -0.275552
-0.779663 0.114990 -0.093994 -1.515892 0.223575 -0.182752
-1.059570 0.197876 -0.100830 -2.060114 0.384729 -0.196043
-1.365234 0.263794 -0.130371 -2.654414 0.512892 -0.253479
-1.712524 0.372192 -0.115356 -3.329647 0.723651 -0.224287
-2.044067 0.540649 -0.152222 -3.974263 1.051180 -0.295963
-2.380737 0.624878 -0.178833 -4.628848 1.214945 -0.347704
-2.354736 0.421753 -0.192993 -4.578294 0.820011 -0.375235
-2.160278 0.236694 -0.262939 -4.200211 0.460203 -0.511231
-2.170410 0.494141 -0.400024 -4.219910 0.960754 -0.777764
-2.053711 0.589844 -0.483521 -3.993013 1.146828 -0.940105
-1.433228 0.187134 -0.343872 -2.786612 0.363843 -0.668588
-0.903442 0.000244 -0.277344 -1.756555 0.000475 -0.539237
-0.766846 -0.057739 -0.186890 -1.490972 -0.112262 -0.363368
-0.715820 0.053345 -0.133057 -1.391763 0.103718 -0.258701
-0.557373 0.266479 -0.115356 -1.083696 0.518114 -0.224287
-0.208862 0.231689 -0.111206 -0.406089 0.450472 -0.216217
0.082642 0.053223 -0.202515 0.160679 0.103480 -0.393748
0.189331 -0.011108 -0.271729 0.368115 -0.021598 -0.528319
0.203125 -0.016479 -0.230713 0.394934 -0.032041 -0.448573
0.192627 -0.025635 -0.108521 0.374523 -0.049841 -0.210996
0.177490 -0.008789 -0.012939 0.345093 -0.017089 -0.025158
0.141724 0.044434 0.006958 0.275552 0.086392 0.013528
0.082520 0.040527 -0.022583 0.160442 0.078797 -0.043908
0.066528 -0.025879 -0.046265 0.129350 -0.050316 -0.089952
0.067261 -0.068726 -0.066895 0.130774 -0.133623 -0.130062
0.053955 -0.060303 -0.071045 0.104904 -0.117246 -0.138132
0.037842 -0.037354 -0.067993 0.073575 -0.072626 -0.132199
0.024780 -0.010986 -0.075806 0.048180 -0.021361 -0.147388
0.030273 0.017334 -0.087036 0.058860 0.033702 -0.169224
0.038208 0.029419 -0.104004 0.074288 0.057199 -0.202214
0.040161 0.034058 -0.125244 0.078085 0.066218 -0.243511
0.044678 0.041504 -0.139160 0.086867 0.080696 -0.270568
0.057251 0.045532 -0.138550 0.111313 0.088528 -0.269381
0.058716 0.059082 -0.138062 0.114161 0.114873 -0.268432
0.049438 0.072754 -0.138184 0.096123 0.141455 -0.268669
0.037109 0.079224 -0.148682 0.072151 0.154034 -0.289080
0.033569 0.059570 -0.161255 0.065269 0.115822 -0.313527
0.016235 0.060791 -0.163574 0.031566 0.118195 -0.318036
0.005981 0.059204 -0.154785 0.011630 0.115110 -0.300947
0.013794 0.041870 -0.151123 0.026819 0.081408 -0.293827
0.009033 0.035034 -0.154663 0.017563 0.068117 -0.300710
0.012695 0.036743 -0.139526 0.024683 0.071439 -0.271280
0.017334 0.029175 -0.129272 0.033702 0.056724 -0.251343
0.006836 0.010986 -0.134766 0.013291 0.021361 -0.262024
-0.008301 0.000610 -0.148315 -0.016139 0.001187 -0.288368
-0.015015 -0.027832 -0.141968 -0.029193 -0.054114 -0.276027
-0.030151 -0.023071 -0.140259 -0.058623 -0.044857 -0.272704
-0.029053 -0.020264 -0.125122 -0.056487 -0.039398 -0.243274
-0.014038 -0.050293 -0.107178 -0.027294 -0.097784 -0.208385
-0.015869 -0.058960 -0.110718 -0.030854 -0.114635 -0.215268
-0.025513 -0.046631 -0.108398 -0.049604 -0.090664 -0.210758
-0.026733 -0.049683 -0.099609 -0.051978 -0.096597 -0.193670
-0.039429 -0.041626 -0.103516 -0.076661 -0.080933 -0.201265
-0.037476 -0.037598 -0.098999 -0.072863 -0.073101 -0.192483
-0.036011 -0.037231 -0.099365 -0.070015 -0.072389 -0.193195
-0.035156 -0.037354 -0.104980 -0.068354 -0.072626 -0.204113
-0.039307 -0.035889 -0.097046 -0.076424 -0.069778 -0.188686
