-0.456543 -0.109619 -0.116089 -0.887653 -0.213132 -0.225711
-0.670776 -0.574341 0.054565 -1.304185 -1.116686 0.106091
-0.390381 -0.138428 -0.121338 -0.759014 -0.269144 -0.235916
-0.084717 -0.090576 -0.213257 -0.164714 -0.176106 -0.414633
0.069946 -0.140381 -0.207397 0.135996 -0.272941 -0.403241
-0.007324 -0.191895 -0.112671 -0.014240 -0.373099 -0.219065
0.017700 0.115234 -0.072998 0.034414 0.224049 -0.141929
0.210205 0.306274 0.012451 0.408700 0.595487 0.024209
0.610229 0.234985 -0.035400 1.186464 0.456880 -0.068829
1.164551 -0.001709 0.000977 2.264226 -0.003323 0.001899
1.597778 -0.126343 -0.016479 3.106547 -0.245647 -0.032041
1.830200 -0.129395 -0.109497 3.558443 -0.251581 -0.212894
1.952637 -0.112427 -0.091797 3.796495 -0.218590 -0.178480
2.082031 -0.018188 -0.050537 4.048076 -0.035364 -0.098259
2.250610 -0.007813 0.062378 4.375843 -0.015190 0.121281
2.420044 -0.131104 0.062988 4.705271 -0.254903 0.122468
2.495850 -0.258179 -0.061768 4.852659 -0.501975 -0.120094
2.369141 -0.256470 -0.156860 4.606300 -0.498652 -0.304982
1.964844 -0.245850 -0.197388 3.820229 -0.478003 -0.383779
1.448730 -0.249512 -0.181274 2.816755 -0.485124 -0.352450
1.070435 -0.109009 -0.171875 2.081237 -0.211945 -0.334175
0.818726 0.062012 -0.113037 1.591841 0.120569 -0.219777
0.549683 0.151123 -0.052002 1.068743 0.293827 -0.101107
0.243774 0.157715 -0.042725 0.473969 0.306644 -0.083069
-0.042236 0.144775 -0.040527 -0.082120 0.281486 -0.078797
-0.326904 0.099121 -0.049805 -0.635597 0.192720 -0.096835
-0.567627 0.071655 -0.057617 -1.103632 0.139319 -0.112025
-0.814209 0.061279 -0.048828 -1.583060 0.119145 -0.094936
-1.101440 0.049561 -0.040527 -2.141521 0.096360 -0.078797
-1.415039 0.106201 -0.069946 -2.751249 0.206486 -0.135996
-1.815063 0.168579 -0.045654 -3.529013 0.327767 -0.088765
-2.300049 0.218994 0.037354 -4.471966 0.425788 0.072626
-2.615234 0.239136 0.186157 -5.084778 0.464950 0.361944
-2.553467 0.060303 0.177856 -4.964684 0.117246 0.345805
-2.335815 -0.149536 0.034058 -4.541506 -0.290742 0.066218
-1.718994 -0.246338 0.025757 -3.342226 -0.478953 0.050079
-1.151855 -0.283447 0.116699 -2.239543 -0.551104 0.226897
-1.001587 -0.076294 0.038208 -1.947377 -0.148338 0.074288
-0.986572 0.133545 0.040894 -1.918184 0.259650 0.079509
-0.907837 0.236694 0.160278 -1.765100 0.460203 0.311628
-0.753662 0.340576 0.193970 -1.465339 0.662179 0.377134
-0.521362 0.356323 0.082275 -1.013680 0.692796 0.159967
-0.295898 0.216919 -0.083130 -0.575313 0.421754 -0.161629
-0.164673 0.145508 -0.205078 -0.320172 0.282910 -0.398732
-0.078369 0.192505 -0.266235 -0.152372 0.374286 -0.517639
0.019043 0.175293 -0.262207 0.037025 0.340821 -0.509807
0.086304 0.100708 -0.208618 0.167800 0.195806 -0.405615
0.114258 0.047607 -0.162231 0.222151 0.092563 -0.315425
0.100464 0.013672 -0.129517 0.195331 0.026582 -0.251818
0.027588 0.008667 -0.106567 0.053639 0.016851 -0.207198
-0.016846 0.027954 -0.088135 -0.032753 0.054351 -0.171360
-0.047241 0.049316 -0.080444 -0.091851 0.095885 -0.156407
-0.046631 0.064941 -0.090210 -0.090664 0.126265 -0.175394
-0.025391 0.036499 -0.094482 -0.049367 0.070965 -0.183701
0.000732 0.025879 -0.075562 0.001424 0.050316 -0.146914
0.015015 0.029541 -0.058105 0.029193 0.057436 -0.112974
0.014038 0.021973 -0.052734 0.027294 0.042721 -0.102531
0.017456 0.020386 -0.055786 0.033940 0.039636 -0.108465
0.018799 0.002075 -0.062500 0.036550 0.004035 -0.121518
0.013062 -0.011963 -0.066284 0.025395 -0.023259 -0.128876
-0.001221 0.020386 -0.100708 -0.002373 0.039636 -0.195806
-0.022095 0.034180 -0.131104 -0.042959 0.066455 -0.254903
-0.019531 0.035278 -0.137451 -0.037974 0.068591 -0.267245
-0.013672 0.034790 -0.139160 -0.026582 0.067642 -0.270568
-0.015015 0.029175 -0.130859 -0.029193 0.056724 -0.254429
-0.012451 0.023926 -0.122437 -0.024209 0.046519 -0.238052
-0.015381 0.016113 -0.117310 -0.029905 0.031329 -0.228084
-0.024658 0.029419 -0.118286 -0.047943 0.057199 -0.229983
-0.022705 0.024658 -0.102661 -0.044145 0.047943 -0.199603
-0.016602 0.011475 -0.089966 -0.032278 0.022310 -0.174920
-0.016724 0.005859 -0.082275 -0.032516 0.011392 -0.159967
-0.022583 0.007324 -0.073242 -0.043908 0.014240 -0.142404
-0.028931 0.024658 -0.098633 -0.056250 0.047943 -0.191771
-0.035034 0.013428 -0.124634 -0.068117 0.026107 -0.242324
-0.029785 0.019287 -0.142212 -0.057911 0.037500 -0.276501
-0.014648 0.019409 -0.137085 -0.028481 0.037737 -0.266533
0.003418 0.018066 -0.115112 0.006646 0.035126 -0.223812
0.014160 0.017578 -0.090942 0.027531 0.034177 -0.176819
0.011963 0.025269 -0.095825 0.023259 0.049129 -0.186312
0.003418 0.018555 -0.117798 0.006646 0.036076 -0.229033
