-0.429932 0.215088 -0.039673 -0.835912 0.418194 -0.077136
-0.593506 0.414307 0.015625 -1.153948 0.805533 0.030380
-0.703369 0.409424 -0.018188 -1.367555 0.796039 -0.035364
-0.723145 0.125122 -0.044312 -1.406004 0.243274 -0.086155
-0.729492 -0.015991 -0.202759 -1.418346 -0.031092 -0.394222
-0.730469 0.185669 -0.166748 -1.420244 0.360995 -0.324207
-0.432861 0.472290 0.201172 -0.841609 0.918270 0.391137
0.337036 0.400391 0.463501 0.655297 0.778476 0.901181
1.197998 -0.020630 0.431763 2.329257 -0.040111 0.839473
1.836060 0.331787 0.563110 3.569835 0.645091 1.094851
2.093140 0.081787 0.510742 4.069674 0.159018 0.993032
2.336060 -0.050659 0.478271 4.541981 -0.098496 0.929899
2.490723 -0.267700 0.252197 4.842691 -0.520487 0.490345
2.472778 -0.189819 0.150879 4.807802 -0.369064 0.293353
2.352295 -0.253174 0.071777 4.573547 -0.492244 0.139556
2.271973 -0.433105 -0.127563 4.417377 -0.842083 -0.248021
2.171509 -0.597534 -0.261963 4.222046 -1.161781 -0.509332
1.817261 -0.646240 -0.290405 3.533285 -1.256480 -0.564633
1.387573 -0.651001 -0.339478 2.697847 -1.265736 -0.660043
0.999146 -0.422974 -0.321411 1.942630 -0.822384 -0.624917
0.632446 -0.087646 -0.299683 1.229660 -0.170410 -0.582670
0.317017 0.044067 -0.162964 0.616373 0.085680 -0.316849
0.000977 0.031250 -0.031616 0.001899 0.060759 -0.061471
-0.312378 0.032227 0.022949 -0.607354 0.062658 0.044620
-0.625610 0.052612 0.009155 -1.216369 0.102294 0.017801
-0.944092 0.118774 -0.039429 -1.835590 0.230932 -0.076661
-1.271729 0.227295 -0.033813 -2.472611 0.441928 -0.065743
-1.552368 0.311035 0.024780 -3.018256 0.604743 0.048180
-1.770142 0.354492 0.048462 -3.441671 0.689236 0.094224
-1.956787 0.321045 0.002319 -3.804565 0.624205 0.004509
-2.193848 -0.252319 -0.139282 -4.265480 -0.490582 -0.270805
-2.443848 -1.543701 -0.420532 -4.751553 -3.001405 -0.817637
-2.122192 -0.999023 -0.667236 -4.126161 -1.942393 -1.297302
-0.887939 -0.021606 -0.322998 -1.726413 -0.042009 -0.628002
-0.662964 -0.153687 -0.101563 -1.288995 -0.298811 -0.197467
-1.001587 0.021118 -0.109497 -1.947377 0.041060 -0.212894
-1.000610 0.163208 -0.185547 -1.945478 0.317324 -0.360757
-0.775391 0.231689 -0.236206 -1.507586 0.450472 -0.459253
-0.511841 0.484253 -0.203369 -0.995168 0.941529 -0.395409
-0.273315 0.231689 -0.161011 -0.531405 0.450472 -0.313052
-0.031494 -0.044434 -0.190430 -0.061234 -0.086392 -0.370251
0.053589 -0.075073 -0.174438 0.104192 -0.145964 -0.339159
0.004272 0.049927 -0.159302 0.008307 0.097072 -0.309729
-0.019531 0.295654 -0.135376 -0.037974 0.574838 -0.263210
0.058228 0.230225 -0.136963 0.113211 0.447624 -0.266296
0.144897 0.054565 -0.157715 0.281723 0.106091 -0.306644
0.176880 0.059814 -0.176636 0.343906 0.116297 -0.343431
0.176147 0.190674 -0.114746 0.342482 0.370726 -0.223100
0.169312 0.229126 -0.075317 0.329191 0.445488 -0.146439
0.092651 0.296265 -0.107788 0.180141 0.576025 -0.209571
-0.048340 0.383057 -0.140015 -0.093987 0.744774 -0.272229
-0.170410 0.420898 -0.184814 -0.331327 0.818349 -0.359333
-0.204956 0.626709 -0.122192 -0.398494 1.218505 -0.237578
-0.223022 0.710938 -0.055542 -0.433621 1.382270 -0.107990
-0.137451 0.358887 -0.048584 -0.267245 0.697780 -0.094461
0.090210 0.413574 -0.246460 0.175394 0.804109 -0.479190
0.029175 0.339111 -0.263184 0.056724 0.659331 -0.511706
-0.115479 0.394287 -0.221558 -0.224524 0.766609 -0.430773
-0.219727 0.474243 -0.228516 -0.427213 0.922067 -0.444301
-0.235596 0.514526 -0.263306 -0.458067 1.000389 -0.511943
-0.164551 0.411743 -0.382080 -0.319935 0.800549 -0.742875
-0.007935 0.391235 -0.434570 -0.015427 0.760676 -0.844931
0.120117 0.172485 -0.270630 0.233543 0.335362 -0.526183
0.135376 0.103149 -0.059082 0.263210 0.200553 -0.114873
0.099731 0.077148 -0.055542 0.193907 0.149999 -0.107990
0.176880 0.021362 -0.074585 0.343906 0.041535 -0.145015
0.312378 -0.046631 -0.134521 0.607354 -0.090664 -0.261549
0.352295 -0.231079 -0.157471 0.684964 -0.449285 -0.306169
0.273926 -0.624023 -0.234253 0.532592 -1.213284 -0.455456
0.149292 -0.667236 -0.356567 0.290267 -1.297302 -0.693271
0.158569 -0.401123 -0.356689 0.308305 -0.779900 -0.693508
0.227173 -0.247437 -0.129639 0.441690 -0.481089 -0.252055
0.194702 -0.285767 -0.100952 0.378558 -0.555614 -0.196280
0.277344 -0.425049 -0.214844 0.539237 -0.826419 -0.417719
0.431030 -0.370850 -0.250732 0.838049 -0.721040 -0.487497
0.501709 -0.544434 -0.287842 0.975469 -1.058538 -0.559648
0.372559 -0.426758 -0.314697 0.724363 -0.829742 -0.611863
0.237061 -0.339355 -0.282715 0.460915 -0.659806 -0.549680
0.072388 -0.178589 -0.193970 0.140743 -0.347229 -0.377134
0.083130 -0.238892 -0.240479 0.161629 -0.464475 -0.467560
