-0.114502 0.312622 0.026733 -0.222625 0.607828 0.051978
-0.044189 0.280762 -0.012085 -0.085917 0.545883 -0.023497
0.150024 0.267944 0.150391 0.291691 0.520962 0.292403
0.472778 0.169922 0.334229 0.919219 0.330378 0.649838
0.979004 -0.031982 0.464111 1.903469 -0.062183 0.902368
1.445068 -0.235840 0.519165 2.809634 -0.458541 1.009408
1.874512 -0.359863 0.414673 3.644598 -0.699679 0.806245
2.109497 -0.284424 0.137451 4.101478 -0.553003 0.267245
2.301147 -0.461792 -0.052612 4.474102 -0.897858 -0.102294
2.586792 -0.798950 -0.088135 5.029478 -1.553392 -0.171360
2.732544 -0.820801 -0.133667 5.312862 -1.595876 -0.259888
2.652344 -0.844971 -0.229004 5.156929 -1.642869 -0.445250
2.463379 -0.613403 -0.316895 4.789527 -1.192635 -0.616135
2.148804 -0.290039 -0.354614 4.177901 -0.563920 -0.689474
1.693237 -0.161255 -0.302368 3.292147 -0.313527 -0.587892
1.210571 -0.119629 -0.215332 2.353703 -0.232593 -0.418668
0.813599 -0.109131 -0.181274 1.581873 -0.212182 -0.352450
0.472168 -0.047852 -0.215820 0.918032 -0.093037 -0.419618
0.168701 0.033447 -0.222534 0.328004 0.065031 -0.432671
-0.161255 0.094238 -0.219849 -0.313527 0.183227 -0.427450
-0.494751 0.056519 -0.168457 -0.961940 0.109889 -0.327530
-0.806641 0.031128 -0.098022 -1.568345 0.060522 -0.190584
-1.088257 0.052612 -0.145142 -2.115889 0.102294 -0.282198
-1.382202 0.072021 -0.218872 -2.687404 0.140031 -0.425551
-1.649536 0.078613 -0.248901 -3.207179 0.152847 -0.483937
-2.016724 0.087036 -0.191650 -3.921099 0.169224 -0.372624
-2.504395 0.064697 -0.027588 -4.869273 0.125790 -0.053639
-2.839233 0.063477 0.089600 -5.520298 0.123417 0.174208
-2.561035 0.078613 0.113159 -4.979399 0.152847 0.220014
-1.817993 0.210205 -0.128906 -3.534709 0.408700 -0.250631
-1.394165 0.392578 -0.295288 -2.710663 0.763286 -0.574126
-1.522827 0.506714 -0.291138 -2.960820 0.985200 -0.566057
-1.387207 0.562866 -0.157837 -2.697135 1.094376 -0.306881
-0.945190 0.351074 -0.107788 -1.837726 0.682591 -0.209571
-0.593506 0.199585 -0.292236 -1.153948 0.388051 -0.568193
-0.487549 0.190063 -0.355103 -0.947937 0.369539 -0.690423
-0.303711 0.180054 -0.227417 -0.590503 0.350077 -0.442165
-0.026978 0.115112 -0.047974 -0.052452 0.223812 -0.093275
0.151001 0.084229 -0.028809 0.293590 0.163765 -0.056012
0.194458 0.095825 -0.147217 0.378083 0.186312 -0.286232
0.170654 0.092163 -0.259399 0.331802 0.179192 -0.504348
0.190308 0.044556 -0.308472 0.370014 0.086629 -0.599759
0.188354 0.032715 -0.300171 0.366216 0.063607 -0.583620
0.148926 0.034058 -0.232666 0.289555 0.066218 -0.452371
0.091919 0.101685 -0.151733 0.178717 0.197704 -0.295014
0.003174 0.169312 -0.140747 0.006171 0.329191 -0.273653
-0.013428 0.081909 -0.124756 -0.026107 0.159255 -0.242562
0.014404 0.026001 -0.132568 0.028006 0.050553 -0.257752
0.008179 0.064087 -0.133179 0.015902 0.124604 -0.258938
-0.010742 0.087891 -0.103394 -0.020886 0.170885 -0.201027
-0.019409 0.058838 -0.075439 -0.037737 0.114398 -0.146676
-0.019775 0.040649 -0.082886 -0.038449 0.079034 -0.161154
-0.021729 0.013062 -0.096924 -0.042247 0.025395 -0.188448
-0.013672 0.006226 -0.104614 -0.026582 0.012104 -0.203401
-0.010376 0.036987 -0.089111 -0.020174 0.071914 -0.173258
-0.005005 0.058838 -0.066528 -0.009731 0.114398 -0.129350
-0.006958 0.053101 -0.064087 -0.013528 0.103243 -0.124604
-0.012939 0.041748 -0.084961 -0.025158 0.081170 -0.165189
-0.017822 0.055054 -0.137085 -0.034652 0.107040 -0.266533
-0.008667 0.064209 -0.149170 -0.016851 0.124841 -0.290030
-0.013794 0.054565 -0.133179 -0.026819 0.106091 -0.258938
-0.030518 0.027344 -0.107788 -0.059335 0.053164 -0.209571
-0.032227 0.015991 -0.109741 -0.062658 0.031092 -0.213369
-0.049072 0.014160 -0.123901 -0.095411 0.027531 -0.240900
-0.058594 0.011841 -0.140503 -0.113923 0.023022 -0.273179
-0.047607 0.005615 -0.129150 -0.092563 0.010918 -0.251106
-0.025635 -0.003418 -0.107056 -0.049841 -0.006646 -0.208147
-0.030640 -0.006226 -0.106445 -0.059572 -0.012104 -0.206961
-0.032593 -0.002197 -0.122437 -0.063370 -0.004272 -0.238052
-0.031494 -0.005371 -0.127686 -0.061234 -0.010443 -0.248258
-0.026611 0.006714 -0.118530 -0.051740 0.013054 -0.230457
-0.027710 0.023193 -0.106445 -0.053876 0.045095 -0.206961
-0.023193 0.030273 -0.098145 -0.045095 0.058860 -0.190822
-0.019653 0.007935 -0.094727 -0.038212 0.015427 -0.184176
-0.033081 -0.006470 -0.121582 -0.064319 -0.012579 -0.236391
-0.043213 -0.000488 -0.130615 -0.084018 -0.000949 -0.253954
-0.043091 0.026367 -0.135864 -0.083781 0.051266 -0.264160
-0.047729 0.035034 -0.137695 -0.092800 0.068117 -0.267720
-0.049316 0.030151 -0.149170 -0.095885 0.058623 -0.290030
-0.048096 0.026245 -0.161011 -0.093512 0.051028 -0.313052
