-0.301270 0.155762 -0.260376 -0.585756 0.302846 -0.506247
-0.386108 0.231812 -0.156494 -0.750707 0.450709 -0.304270
-0.439575 -0.007935 -0.088135 -0.854662 -0.015427 -0.171360
-0.246216 -0.168457 -0.093384 -0.478715 -0.327530 -0.181565
0.031494 -0.170410 -0.023438 0.061234 -0.331327 -0.045569
0.299683 -0.117432 0.112061 0.582670 -0.228321 0.217878
0.682739 0.167603 0.126953 1.327444 0.325868 0.246834
1.162109 0.065430 0.045654 2.259480 0.127214 0.088765
1.303833 0.189209 -0.298096 2.535032 0.367877 -0.579585
1.275024 0.385742 -0.645264 2.479019 0.749995 -1.254581
1.445435 0.477417 -0.867432 2.810346 0.928238 -1.686540
1.562866 0.655151 -1.047852 3.038668 1.273805 -2.037329
1.522583 0.862671 -1.166748 2.960345 1.677284 -2.268498
1.277466 0.830688 -1.040405 2.483766 1.615101 -2.022851
0.919434 0.504028 -0.897339 1.787647 0.979978 -1.744688
0.199829 0.182983 -0.638062 0.388526 0.355773 -1.240578
-0.785400 -0.167236 -0.096558 -1.527047 -0.325156 -0.187736
-1.389160 -0.413330 0.456177 -2.700933 -0.803634 0.886941
-2.123291 -0.805664 1.046753 -4.128297 -1.566446 2.035193
-2.976685 -1.017700 1.244751 -5.787543 -1.978706 2.420159
-2.671509 -0.574707 0.425659 -5.194192 -1.117398 0.827606
-1.795898 -0.433228 -0.177368 -3.491750 -0.842321 -0.344855
-1.320313 -0.439453 -0.512573 -2.567073 -0.854425 -0.996592
-0.735962 -0.372559 -0.693237 -1.430925 -0.724363 -1.347855
-0.106812 -0.108032 -0.784912 -0.207673 -0.210046 -1.526098
0.401855 0.099365 -0.781372 0.781324 0.193195 -1.519215
0.967896 0.137207 -0.751465 1.881871 0.266770 -1.461067
1.488770 0.196045 -0.660889 2.894602 0.381168 -1.284960
1.797852 0.340454 -0.420898 3.495548 0.661942 -0.818349
1.841919 0.346191 -0.325073 3.581228 0.673097 -0.632037
1.961304 0.204468 -0.407593 3.813346 0.397545 -0.792479
1.980103 0.163696 -0.568604 3.849897 0.318273 -1.105531
1.646362 0.263062 -0.631470 3.201008 0.511468 -1.227761
1.100952 0.267456 -0.547485 2.140572 0.520013 -1.064471
0.515503 0.155151 -0.491943 1.002288 0.301659 -0.956481
-0.011597 0.105469 -0.560303 -0.022547 0.205062 -1.089392
-0.341431 -0.039185 -0.561157 -0.663841 -0.076186 -1.091053
-0.624634 -0.236694 -0.492310 -1.214470 -0.460203 -0.957193
-1.005859 -0.405396 -0.369751 -1.955684 -0.788207 -0.718904
-1.500366 -0.480713 -0.291992 -2.917150 -0.934646 -0.567718
-1.800293 -0.249878 -0.249023 -3.500294 -0.485836 -0.484174
-1.912109 0.005249 -0.181641 -3.717698 0.010206 -0.353162
-1.562500 0.074585 -0.130493 -3.037956 0.145015 -0.253717
-1.115234 0.275269 -0.233398 -2.168341 0.535202 -0.453795
-0.633423 0.353638 -0.318970 -1.231559 0.687575 -0.620170
-0.389648 0.239502 -0.466309 -0.757590 0.465662 -0.906640
-0.214722 0.158325 -0.444214 -0.417482 0.307830 -0.863681
-0.074097 0.261841 -0.255737 -0.144066 0.509095 -0.497228
0.037598 0.381836 -0.148315 0.073101 0.742400 -0.288368
0.382935 0.170532 -0.094360 0.744536 0.331564 -0.183464
0.597656 -0.155029 -0.065063 1.162018 -0.301422 -0.126502
0.488770 -0.284058 -0.058716 0.950311 -0.552291 -0.114161
0.275513 -0.120850 -0.013550 0.535677 -0.234967 -0.026345
0.153198 0.064697 0.017090 0.297862 0.125790 0.033228
0.085205 0.089233 0.016846 0.165664 0.173496 0.032753
-0.046143 0.034546 0.030273 -0.089715 0.067167 0.058860
-0.221191 0.059937 0.027344 -0.430061 0.116534 0.053164
-0.234009 0.088013 0.003540 -0.454981 0.171122 0.006883
-0.076172 -0.011597 -0.071899 -0.148100 -0.022547 -0.139793
0.096558 -0.052979 -0.165161 0.187736 -0.103006 -0.321121
0.071899 -0.068848 -0.173218 0.139793 -0.133860 -0.336786
-0.052368 -0.067139 -0.139404 -0.101819 -0.130537 -0.271043
-0.115601 -0.073608 -0.079224 -0.224761 -0.143116 -0.154034
-0.127686 -0.089355 -0.054565 -0.248258 -0.173733 -0.106091
-0.092041 -0.072510 -0.084717 -0.178955 -0.140980 -0.164714
-0.027344 -0.025391 -0.110962 -0.053164 -0.049367 -0.215742
0.000122 -0.032837 -0.095581 0.000237 -0.063845 -0.185837
-0.105225 -0.075928 -0.080444 -0.204587 -0.147626 -0.156407
-0.067993 -0.062744 -0.074463 -0.132199 -0.121993 -0.144778
-0.032715 -0.055298 -0.076538 -0.063607 -0.107515 -0.148812
-0.029785 -0.046753 -0.087524 -0.057911 -0.090901 -0.170173
-0.038574 -0.001099 -0.086548 -0.075000 -0.002136 -0.168274
-0.023315 0.017334 -0.093262 -0.045332 0.033702 -0.181328
-0.008667 -0.016113 -0.109741 -0.016851 -0.031329 -0.213369
-0.019409 -0.009155 -0.123413 -0.037737 -0.017801 -0.239951
-0.035645 0.013062 -0.125000 -0.069303 0.025395 -0.243036
-0.019775 0.056641 -0.138184 -0.038449 0.110126 -0.268669
0.008911 0.064941 -0.137207 0.017326 0.126265 -0.266770
0.020996 0.031738 -0.115723 0.040823 0.061708 -0.224999
0.002319 0.014404 -0.128540 0.004509 0.028006 -0.249919
