-0.423218 -0.205811 -0.238037 -0.822859 -0.400156 -0.462814
-0.358398 0.345703 0.061523 -0.696831 0.672148 0.119620
-0.345337 0.268555 0.223999 -0.671436 0.522149 0.435519
-0.331909 0.049194 0.286011 -0.645328 0.095648 0.556088
-0.201904 -0.292480 0.336426 -0.392561 -0.568667 0.654110
0.102417 -0.439819 0.537720 0.199128 -0.855137 1.045484
0.531982 -0.116211 0.546997 1.034329 -0.225948 1.063522
0.916992 -0.112305 0.426514 1.782900 -0.218353 0.829267
1.149414 -0.126343 0.247192 2.234796 -0.245647 0.480614
1.274658 -0.079346 -0.050049 2.478307 -0.154271 -0.097310
1.346191 0.002686 -0.428345 2.617389 0.005221 -0.832827
1.363892 0.190186 -0.716919 2.651803 0.369776 -1.393899
1.372070 0.484619 -0.827148 2.667705 0.942241 -1.608218
1.396118 0.836670 -0.761719 2.714461 1.626730 -1.481003
1.182617 0.785034 -0.670776 2.299353 1.526335 -1.304185
0.869629 0.696655 -0.590942 1.690812 1.354501 -1.148964
0.476563 0.531982 -0.557861 0.926576 1.034329 -1.084645
-0.035400 0.197144 -0.383545 -0.068829 0.383305 -0.745723
-0.813965 -0.270996 -0.069824 -1.582585 -0.526895 -0.135759
-1.681274 -0.555664 0.272827 -3.268888 -1.080373 0.530456
-2.424194 -0.771851 0.462158 -4.713341 -1.500703 0.898570
-3.083374 -0.660278 0.288940 -5.994978 -1.283774 0.561784
-2.510742 -0.156250 -0.239136 -4.881615 -0.303796 -0.464950
-2.156494 -0.314575 -0.542725 -4.192853 -0.611626 -1.055215
-1.736816 -0.317993 -0.718384 -3.376878 -0.618271 -1.396748
-1.342773 -0.023560 -0.794189 -2.610743 -0.045807 -1.544136
-1.093506 0.148926 -0.836182 -2.126094 0.289555 -1.625781
-0.286011 0.173584 -0.764282 -0.556088 0.337498 -1.485988
0.478271 -0.097656 -0.719482 0.929899 -0.189872 -1.398884
0.987183 -0.284180 -0.720093 1.919371 -0.552528 -1.400070
1.420288 -0.376221 -0.756226 2.761454 -0.731483 -1.470323
1.778198 -0.469482 -0.791870 3.457336 -0.912811 -1.539626
2.088623 -0.484253 -0.849487 4.060892 -0.941529 -1.651651
2.329346 -0.320923 -0.979370 4.528927 -0.623968 -1.904181
2.287598 -0.067139 -1.031982 4.447757 -0.130537 -2.006475
1.965210 0.091675 -1.017578 3.820941 0.178243 -1.978469
1.506592 0.176636 -0.997681 2.929254 0.343431 -1.939782
1.062988 0.152344 -0.947021 2.066759 0.296201 -1.841286
0.704834 -0.106323 -0.909546 1.370403 -0.206723 -1.768422
0.552734 -0.209351 -0.865479 1.074677 -0.407039 -1.682743
0.423828 -0.041504 -0.767700 0.824045 -0.080696 -1.492633
0.069580 0.022827 -0.687744 0.135284 0.044383 -1.337175
-0.431274 -0.207520 -0.556030 -0.838523 -0.403478 -1.081085
-0.969849 -0.398560 -0.220459 -1.885669 -0.774916 -0.428637
-1.511841 -0.349365 0.135864 -2.939459 -0.679268 0.264160
-1.862061 -0.165527 0.319946 -3.620389 -0.321833 0.622069
-2.231567 -0.184326 0.442383 -4.338818 -0.358384 0.860121
-2.592896 -0.087280 0.348999 -5.041345 -0.169698 0.678556
-2.421875 0.132324 0.202271 -4.708831 0.257277 0.393273
-1.986816 0.160156 0.071655 -3.862951 0.311390 0.139319
-1.554688 0.055054 0.054199 -3.022766 0.107040 0.105379
-0.997437 0.089233 0.088867 -1.939307 0.173496 0.172784
-0.409424 0.149536 0.083496 -0.796039 0.290742 0.162341
-0.122070 0.098999 0.026123 -0.237340 0.192483 0.050791
0.000732 0.165039 -0.023560 0.001424 0.320884 -0.045807
0.079346 0.194092 -0.047363 0.154271 0.377371 -0.092088
0.118164 0.157227 -0.064575 0.229745 0.305694 -0.125553
0.123779 0.121826 -0.089355 0.240663 0.236866 -0.173733
0.088745 0.049072 -0.109863 0.172546 0.095411 -0.213606
0.037231 0.004517 -0.100708 0.072389 0.008782 -0.195806
0.039795 -0.019775 -0.071899 0.077373 -0.038449 -0.139793
0.053223 -0.041138 -0.068604 0.103480 -0.079984 -0.133385
0.045776 -0.043457 -0.071045 0.089003 -0.084493 -0.138132
0.050415 -0.035278 -0.075806 0.098022 -0.068591 -0.147388
0.068481 -0.000122 -0.106567 0.133148 -0.000237 -0.207198
0.111084 0.054688 -0.110107 0.215980 0.106328 -0.214081
0.152588 0.087158 -0.074585 0.296675 0.169461 -0.145015
0.151611 0.110474 -0.053711 0.294777 0.214793 -0.104430
0.109619 0.156616 -0.055420 0.213132 0.304508 -0.107752
0.084717 0.172241 -0.075439 0.164714 0.334887 -0.146676
0.047852 0.187378 -0.061646 0.093037 0.364317 -0.119857
0.003906 0.190186 -0.051392 0.007595 0.369776 -0.099920
0.007690 0.125366 -0.064575 0.014952 0.243748 -0.125553
0.016724 0.050049 -0.102051 0.032516 0.097310 -0.198416
-0.008423 0.018799 -0.131348 -0.016376 0.036550 -0.255378
-0.049072 0.009766 -0.139526 -0.095411 0.018987 -0.271280
-0.089600 0.037964 -0.132080 -0.174208 0.073813 -0.256802
-0.104004 0.044434 -0.157837 -0.202214 0.086392 -0.306881
-0.086914 0.021118 -0.185303 -0.168986 0.041060 -0.360283
-0.079834 -0.000732 -0.187378 -0.155221 -0.001424 -0.364317
