-0.437012 -0.399658 0.130737 -0.849678 -0.777052 0.254191
-0.546997 -0.247192 0.296387 -1.063522 -0.480614 0.576262
-0.599365 -0.232056 0.344238 -1.165341 -0.451184 0.669300
-0.483643 -0.145508 0.527832 -0.940342 -0.282910 1.026259
-0.260010 -0.368408 0.648071 -0.505535 -0.716293 1.260040
0.014404 -0.542114 0.710205 0.028006 -1.054028 1.380846
0.449829 -0.467651 0.614868 0.874599 -0.909251 1.195483
0.941772 -0.302124 0.406982 1.831080 -0.587417 0.791292
1.328247 0.026123 0.276367 2.582500 0.050791 0.537338
1.435913 -0.013184 0.055298 2.791834 -0.025633 0.107515
1.442139 -0.076660 -0.302612 2.803938 -0.149050 -0.588367
1.414429 -0.022095 -0.566162 2.750062 -0.042959 -1.100784
1.468018 0.114746 -0.834839 2.854254 0.223100 -1.623170
1.506836 0.184204 -1.090942 2.929729 0.358146 -2.121110
1.467773 0.363281 -1.166016 2.853780 0.706325 -2.267074
1.255371 0.631470 -1.131104 2.440808 1.227761 -2.199195
0.948608 0.802246 -1.020752 1.844371 1.559800 -1.984639
0.653564 0.821289 -0.798096 1.270720 1.596825 -1.551731
0.204956 0.639038 -0.628174 0.398494 1.242476 -1.221353
-0.306519 0.376587 -0.335693 -0.595961 0.732195 -0.652686
-0.960571 -0.042480 -0.127197 -1.867631 -0.082594 -0.247309
-1.610840 -0.229492 -0.074707 -3.131943 -0.446200 -0.145252
-2.278931 -0.381348 -0.047241 -4.430906 -0.741451 -0.091851
-2.899536 -0.653564 0.020142 -5.637544 -1.270720 0.039161
-3.300659 -0.856567 -0.006958 -6.417444 -1.665417 -0.013528
-3.073364 -0.857544 -0.225098 -5.975516 -1.667315 -0.437655
-2.307495 -0.673218 -0.549683 -4.486444 -1.308932 -1.068743
-1.384033 -0.413452 -0.648926 -2.690964 -0.803872 -1.261701
-0.674072 -0.202026 -0.623657 -1.310593 -0.392798 -1.212572
-0.093750 -0.270508 -0.587769 -0.182277 -0.525946 -1.142793
0.474976 -0.312988 -0.542603 0.923491 -0.608540 -1.054978
0.963501 -0.221313 -0.462891 1.873327 -0.430298 -0.899994
1.402344 -0.264038 -0.368408 2.726565 -0.513367 -0.716293
1.739990 -0.258179 -0.383545 3.383049 -0.501975 -0.745723
1.953735 -0.143433 -0.531128 3.798631 -0.278875 -1.032668
2.006958 0.046753 -0.697021 3.902112 0.090901 -1.355213
1.947754 0.165161 -0.856689 3.787002 0.321121 -1.665654
1.823486 0.155640 -0.975220 3.545389 0.302609 -1.896111
1.690796 0.057983 -1.026489 3.287400 0.112737 -1.995794
1.554932 -0.030640 -1.019287 3.023241 -0.059572 -1.981791
1.342529 -0.061890 -0.994263 2.610268 -0.120332 -1.933137
0.963135 -0.044067 -0.960327 1.872615 -0.085680 -1.867156
0.436401 -0.132690 -0.972290 0.848491 -0.257989 -1.890415
0.063843 -0.360352 -0.995239 0.124129 -0.700629 -1.935035
-0.345459 -0.631958 -0.959473 -0.671673 -1.228711 -1.865495
-0.774170 -0.713013 -0.881592 -1.505212 -1.386305 -1.714072
-1.280640 -0.514038 -0.808228 -2.489937 -0.999440 -1.571430
-1.840576 -0.039551 -0.708496 -3.578617 -0.076898 -1.377523
-2.162964 0.492432 -0.540405 -4.205432 0.957431 -1.050705
-2.423462 0.368164 -0.326782 -4.711916 0.715818 -0.635360
-2.520752 -0.043701 -0.267578 -4.901077 -0.084968 -0.520250
-1.856689 -0.121216 0.007568 -3.609946 -0.235679 0.014715
-0.803101 -0.146606 0.251343 -1.561462 -0.285046 0.488684
-0.410889 -0.161377 0.058838 -0.798887 -0.313764 0.114398
-0.319580 0.097412 -0.057861 -0.621357 0.189398 -0.112499
-0.219482 0.209595 -0.180786 -0.426738 0.407513 -0.351501
-0.105103 0.124390 -0.316284 -0.204350 0.241850 -0.614949
0.030396 0.057495 -0.354614 0.059098 0.111787 -0.689474
0.107422 0.070557 -0.281738 0.208859 0.137183 -0.547781
0.050293 0.128906 -0.222900 0.097784 0.250631 -0.433383
-0.003540 0.176392 -0.195435 -0.006883 0.342957 -0.379982
0.057373 0.090698 -0.184692 0.111550 0.176344 -0.359096
0.151489 -0.022705 -0.166382 0.294539 -0.044145 -0.323495
0.167725 -0.097656 -0.131470 0.326106 -0.189872 -0.255615
0.100098 -0.125244 -0.094849 0.194619 -0.243511 -0.184413
0.007568 -0.071411 -0.060791 0.014715 -0.138844 -0.118195
-0.024170 -0.028320 -0.035400 -0.046993 -0.055063 -0.068829
-0.004150 -0.006958 -0.061523 -0.008070 -0.013528 -0.119620
0.023682 0.001831 -0.081665 0.046044 0.003560 -0.158781
0.053955 0.007080 -0.053223 0.104904 0.013766 -0.103480
0.082031 0.028442 -0.021118 0.159493 0.055300 -0.041060
0.100342 0.035278 0.007690 0.195094 0.068591 0.014952
0.078979 0.005371 0.002686 0.153559 0.010443 0.005221
0.052368 -0.002563 -0.014038 0.101819 -0.004984 -0.027294
0.066162 -0.014038 -0.035645 0.128638 -0.027294 -0.069303
0.095703 -0.043213 -0.031860 0.186075 -0.084018 -0.061946
0.090454 -0.040771 -0.024414 0.175869 -0.079272 -0.047468
0.042114 -0.028442 0.003784 0.081882 -0.055300 0.007358
-0.012085 0.011108 0.010986 -0.023497 0.021598 0.021361
-0.024292 0.013550 0.022339 -0.047231 0.026345 0.043433
