-0.271973 0.008545 -0.249268 -0.528794 0.016614 -0.484649
-0.362061 -0.124634 -0.250000 -0.703951 -0.242324 -0.486073
-0.394897 0.005737 -0.086060 -0.767796 0.011155 -0.167325
-0.533936 -0.214966 0.086792 -1.038126 -0.417956 0.168749
-0.707642 -0.450562 0.245239 -1.375862 -0.876023 0.476817
-0.698608 -0.514771 0.559814 -1.358298 -1.000864 1.088443
-0.290894 -0.380005 0.807373 -0.565582 -0.738840 1.569769
0.352905 -0.208130 0.800171 0.686151 -0.404665 1.555766
1.055786 0.008667 0.766846 2.052756 0.016851 1.490972
1.437744 0.024902 0.570679 2.795394 0.048417 1.109566
1.535645 -0.154053 0.323975 2.985741 -0.299523 0.629901
1.621460 -0.046509 0.056641 3.152591 -0.090427 0.110126
1.972656 0.231323 -0.157104 3.835419 0.449760 -0.305457
2.236206 0.418701 -0.238281 4.347836 0.814077 -0.463288
2.127075 0.383911 -0.248535 4.135654 0.746435 -0.483225
1.770264 0.348999 -0.409302 3.441909 0.678556 -0.795802
1.405396 0.433838 -0.424927 2.732499 0.843507 -0.826182
0.992676 0.531494 -0.410645 1.930051 1.033380 -0.798413
0.449463 0.483276 -0.387939 0.873887 0.939630 -0.754267
-0.266602 0.080933 -0.330078 -0.518351 0.157357 -0.641768
-1.039429 -0.191040 -0.214722 -2.020952 -0.371438 -0.417482
-1.633179 -0.240356 -0.121094 -3.175376 -0.467323 -0.235442
-2.191528 -0.258301 -0.108765 -4.260970 -0.502212 -0.211470
-2.760132 0.009766 -0.307495 -5.366501 0.018987 -0.597860
-3.013062 0.629517 -0.522827 -5.858270 1.223964 -1.016528
-2.774658 1.071289 -0.474609 -5.394745 2.082898 -0.922779
-2.414307 0.608032 -0.551758 -4.694116 1.182192 -1.072778
-2.067261 -0.073975 -0.571167 -4.019358 -0.143828 -1.110515
-1.330933 -0.009399 -0.373657 -2.587721 -0.018275 -0.726499
-0.236084 0.407349 -0.315308 -0.459016 0.792005 -0.613050
0.556152 0.150391 -0.517212 1.081322 0.292403 -1.005611
1.114014 -0.216431 -0.633789 2.165967 -0.420804 -1.232271
1.671021 -0.224976 -0.519409 3.248951 -0.437418 -1.009883
1.928589 -0.150024 -0.474731 3.749739 -0.291691 -0.923016
1.922852 -0.196533 -0.456909 3.738584 -0.382118 -0.888365
1.892822 -0.201538 -0.403076 3.680198 -0.391849 -0.783698
1.803711 -0.295532 -0.383789 3.506940 -0.574601 -0.746198
1.737915 -0.288330 -0.434570 3.379014 -0.560598 -0.844931
1.764282 -0.141724 -0.491577 3.430279 -0.275552 -0.955769
1.620117 -0.191284 -0.358398 3.149980 -0.371912 -0.696831
1.298340 -0.274170 -0.219116 2.524351 -0.533066 -0.426026
0.828247 -0.301758 -0.334717 1.610354 -0.586705 -0.650787
0.414307 -0.265381 -0.559692 0.805533 -0.515978 -1.088205
0.178955 -0.139038 -0.631592 0.347941 -0.270331 -1.227999
0.043335 -0.000488 -0.642090 0.084256 -0.000949 -1.248410
-0.165161 -0.078369 -0.638916 -0.321121 -0.152372 -1.242239
-0.537720 -0.155151 -0.682983 -1.045484 -0.301659 -1.327919
-0.920776 -0.114380 -0.749634 -1.790258 -0.222388 -1.457507
-1.298340 -0.012573 -0.724976 -2.524351 -0.024446 -1.409564
-1.653198 0.129883 -0.676636 -3.214299 0.252530 -1.315577
-1.865845 0.161865 -0.648071 -3.627746 0.314713 -1.260040
-2.005005 0.029175 -0.576294 -3.898314 0.056724 -1.120484
-1.961426 -0.054443 -0.388184 -3.813584 -0.105854 -0.754742
-1.570068 -0.144165 -0.125244 -3.052671 -0.280299 -0.243511
-1.168213 -0.126587 -0.110718 -2.271347 -0.246122 -0.215268
-0.805786 0.243286 -0.145386 -1.566683 0.473019 -0.282672
-0.597900 0.489868 -0.155762 -1.162493 0.952447 -0.302846
-0.550659 0.416016 -0.126221 -1.070642 0.808856 -0.245410
-0.392578 0.273804 -0.128296 -0.763286 0.532354 -0.249445
-0.177856 0.174805 -0.124878 -0.345805 0.339871 -0.242799
-0.077148 0.074341 -0.094360 -0.149999 0.144540 -0.183464
-0.097168 -0.014648 -0.033081 -0.188923 -0.028481 -0.064319
-0.105957 -0.046509 0.011963 -0.206011 -0.090427 0.023259
-0.086426 -0.084106 0.007935 -0.168037 -0.163527 0.015427
-0.048340 -0.114868 -0.011353 -0.093987 -0.223337 -0.022073
-0.025879 -0.059570 -0.073364 -0.050316 -0.115822 -0.142642
-0.014648 0.020264 -0.126709 -0.028481 0.039398 -0.246359
0.003418 0.062256 -0.132080 0.006646 0.121044 -0.256802
0.006592 -0.003174 -0.100708 0.012816 -0.006171 -0.195806
-0.005981 -0.039429 -0.083496 -0.011630 -0.076661 -0.162341
0.007080 -0.024292 -0.091187 0.013766 -0.047231 -0.177293
0.029785 -0.004150 -0.128052 0.057911 -0.008070 -0.248970
0.041016 0.010254 -0.160767 0.079746 0.019937 -0.312577
0.036255 0.019409 -0.134644 0.070490 0.037737 -0.261786
0.021484 -0.011841 -0.098145 0.041772 -0.023022 -0.190822
0.020142 -0.010864 -0.069702 0.039161 -0.021123 -0.135521
0.026733 -0.009399 -0.061401 0.051978 -0.018275 -0.119382
0.040894 -0.041382 -0.059326 0.079509 -0.080458 -0.115347
0.040161 -0.033936 -0.083496 0.078085 -0.065981 -0.162341
0.024414 -0.008057 -0.125977 0.047468 -0.015664 -0.244935
