-0.353027 0.180664 0.345093 -0.686388 0.351264 0.670961
-0.313599 -0.056885 0.132935 -0.609727 -0.110601 0.258464
-0.013062 -0.229248 0.070068 -0.025395 -0.445725 0.136233
0.342773 -0.417358 0.055664 0.666452 -0.811466 0.108227
0.680176 -0.394897 0.146606 1.322460 -0.767796 0.285046
0.846436 -0.466187 0.307251 1.645718 -0.906403 0.597386
1.136597 -0.387207 0.323730 2.209875 -0.752843 0.629426
1.354980 -0.259644 -0.014404 2.634477 -0.504823 -0.028006
1.232788 -0.238892 -0.448730 2.396899 -0.464475 -0.872463
1.080811 -0.129028 -0.773560 2.101411 -0.250869 -1.504025
1.197632 0.076660 -1.075439 2.328546 0.149050 -2.090968
1.169312 0.267456 -1.326782 2.273483 0.520013 -2.579652
1.003540 0.603516 -1.577271 1.951174 1.173410 -3.066674
0.925293 0.952393 -1.587646 1.799039 1.851729 -3.086848
0.874756 0.857666 -1.328613 1.700781 1.667553 -2.583212
0.605591 0.839111 -1.010254 1.177445 1.631477 -1.964228
-0.199341 0.161865 -0.688477 -0.387577 0.314713 -1.338599
-0.849365 0.096802 -0.149902 -1.651414 0.188211 -0.291454
-1.177979 -0.165527 0.187134 -2.290334 -0.321833 0.363843
-1.403564 -0.350220 0.249634 -2.728939 -0.680929 0.485361
-1.774658 -0.238281 0.478027 -3.450453 -0.463288 0.929425
-2.743774 -0.018066 0.562500 -5.334698 -0.035126 1.093664
-2.989624 -0.131348 0.056519 -5.812701 -0.255378 0.109889
-1.730591 -0.565796 -0.134644 -3.364773 -1.100072 -0.261786
-0.415283 -0.613159 -0.366821 -0.807432 -1.192160 -0.713208
0.237671 -0.418213 -0.446167 0.462102 -0.813128 -0.867479
0.689331 0.193481 -0.441650 1.340261 0.376184 -0.858697
0.958740 0.307983 -0.509644 1.864071 0.598810 -0.990896
1.040771 -0.038086 -0.680054 2.023563 -0.074050 -1.322223
1.281372 -0.395020 -0.664307 2.491361 -0.768033 -1.291606
1.432617 -0.453613 -0.684448 2.785426 -0.881957 -1.330767
1.424194 0.090210 -0.974243 2.769049 0.175394 -1.894213
1.453369 0.337769 -1.098389 2.825773 0.656721 -2.135588
1.423706 0.391846 -1.226685 2.768100 0.761862 -2.385032
1.288940 -0.025879 -0.946655 2.506076 -0.050316 -1.840574
0.935425 -0.098511 -0.564575 1.818739 -0.191534 -1.097699
0.273926 -0.010132 -0.612915 0.532592 -0.019699 -1.191686
-0.079102 -0.079712 -0.765015 -0.153797 -0.154983 -1.487412
-0.086548 -0.348633 -0.938721 -0.168274 -0.677844 -1.825147
-0.481445 -0.951172 -0.808105 -0.936070 -1.849355 -1.571193
-0.913086 -0.154663 -0.625977 -1.775305 -0.300710 -1.217081
-1.689575 0.153442 -0.746094 -3.285027 0.298337 -1.450624
-2.720337 -0.589355 -0.821045 -5.289128 -1.145879 -1.596351
-3.156738 -0.436646 -0.857788 -6.137620 -0.848966 -1.667790
-2.938843 0.044312 -0.503540 -5.713967 0.086155 -0.979029
-1.559570 -0.204834 0.212646 -3.032259 -0.398257 0.413447
-0.329224 0.269409 0.176147 -0.640107 0.523810 0.342482
0.050781 0.283936 -0.070923 0.098734 0.552054 -0.137895
0.322266 0.242676 -0.304688 0.626578 0.471832 -0.592401
0.559082 0.538086 -0.174438 1.087018 1.046196 -0.339159
0.683716 0.396484 0.063477 1.329343 0.770881 0.123417
0.382080 0.116333 -0.069702 0.742875 0.226185 -0.135521
0.274048 0.257446 -0.225708 0.532829 0.500551 -0.438842
0.119751 0.299194 -0.273560 0.232831 0.581721 -0.531880
-0.221313 -0.049316 -0.237915 -0.430298 -0.095885 -0.462576
-0.452637 -0.408203 -0.009033 -0.880058 -0.793666 -0.017563
-0.542969 -0.334106 0.062012 -1.055690 -0.649600 0.120569
-0.344727 -0.320068 -0.038940 -0.670249 -0.622306 -0.075712
-0.019531 -0.202393 -0.090576 -0.037974 -0.393510 -0.176106
0.145630 -0.347656 -0.237427 0.283147 -0.675945 -0.461627
0.043457 -0.524048 -0.340698 0.084493 -1.018902 -0.662417
-0.080322 -0.352783 -0.265747 -0.156170 -0.685913 -0.516690
-0.227417 -0.259399 -0.132813 -0.442165 -0.504348 -0.258226
-0.177612 -0.395874 -0.087891 -0.345330 -0.769695 -0.170885
-0.008667 -0.148560 -0.115479 -0.016851 -0.288843 -0.224524
-0.011230 -0.039185 -0.034546 -0.021835 -0.076186 -0.067167
0.126953 -0.171997 -0.088379 0.246834 -0.334412 -0.171834
0.166992 -0.109253 -0.157837 0.324682 -0.212420 -0.306881
0.028198 0.119507 0.064697 0.054826 0.232356 0.125790
-0.017822 0.262451 0.075684 -0.034652 0.510282 0.147151
0.068481 0.210815 0.044312 0.133148 0.409887 0.086155
0.251221 -0.245117 0.114746 0.488446 -0.476579 0.223100
0.313354 -0.509399 0.244751 0.609253 -0.990421 0.475867
0.081299 0.064087 -0.056885 0.158069 0.124604 -0.110601
0.008423 0.138306 -0.186279 0.016376 0.268907 -0.362181
0.009644 0.061157 -0.214355 0.018750 0.118907 -0.416770
0.031372 0.113281 -0.247437 0.060996 0.220252 -0.481089
-0.002563 0.062378 -0.171875 -0.004984 0.121281 -0.334175
-0.116943 0.010498 -0.112793 -0.227372 0.020411 -0.219302
-0.121582 -0.094849 -0.110962 -0.236391 -0.184413 -0.215742
