-0.460327 0.260498 -0.061035 -0.895010 0.506484 -0.118670
-0.202759 0.083130 -0.056519 -0.394222 0.161629 -0.109889
0.034668 -0.056152 -0.076172 0.067405 -0.109177 -0.148100
0.328369 -0.047241 -0.174194 0.638445 -0.091851 -0.338685
0.460693 -0.040649 -0.315552 0.895722 -0.079034 -0.613525
0.609497 0.001099 -0.388672 1.185040 0.002136 -0.755691
0.871460 -0.041870 -0.321899 1.694372 -0.081408 -0.625866
1.115601 0.266846 -0.426025 2.169053 0.518826 -0.828318
1.244995 0.444702 -0.783447 2.420634 0.864631 -1.523250
1.300659 0.362915 -1.033081 2.528861 0.705613 -2.008611
1.316528 0.353882 -1.157104 2.559715 0.688049 -2.249748
1.303467 0.433350 -1.251709 2.534320 0.842558 -2.433687
1.162720 0.406006 -1.170898 2.260666 0.789394 -2.276568
0.707886 0.098511 -0.941406 1.376336 0.191534 -1.830368
-0.011475 -0.222412 -0.529663 -0.022310 -0.432434 -1.029819
-0.837158 -0.296509 -0.041260 -1.627680 -0.576500 -0.080221
-1.410645 -0.264526 0.421753 -2.742704 -0.514316 0.820011
-1.970093 -0.406982 0.940063 -3.830435 -0.791292 1.827757
-2.817505 -0.864136 1.490845 -5.478051 -1.680132 2.898637
-3.193970 -0.968384 1.729980 -6.210009 -1.882820 3.363586
-2.257935 -0.352051 0.567017 -4.390083 -0.684489 1.102446
-1.066528 -0.273193 -0.318359 -2.073642 -0.531168 -0.618983
-0.597412 -0.207764 -0.557495 -1.161543 -0.403953 -1.083933
0.052368 0.024902 -0.717651 0.101819 0.048417 -1.395324
0.607788 0.232422 -0.888550 1.181717 0.451896 -1.727600
0.974243 0.223022 -0.893433 1.894213 0.433621 -1.737094
1.291382 0.077881 -0.838989 2.510823 0.151423 -1.631240
1.568115 0.053589 -0.793335 3.048873 0.104192 -1.542475
1.673462 0.254028 -0.833374 3.253698 0.493905 -1.620322
1.873535 0.386841 -1.128540 3.642699 0.752131 -2.194211
1.678833 0.377563 -1.164063 3.264141 0.734093 -2.263277
1.241333 0.282349 -1.183350 2.413513 0.548968 -2.300777
0.826538 0.146973 -1.129517 1.607031 0.285758 -2.196110
0.508789 0.191162 -1.063599 0.989234 0.371675 -2.067946
0.249023 0.225342 -0.924194 0.484174 0.438130 -1.796903
-0.055420 -0.005371 -0.733032 -0.107752 -0.010443 -1.425228
-0.461914 -0.396118 -0.640869 -0.898096 -0.770169 -1.246037
-0.946899 -0.566284 -0.628052 -1.841049 -1.101022 -1.221116
-1.440918 -0.554443 -0.442383 -2.801565 -1.078000 -0.860121
-1.936401 -0.453979 -0.260986 -3.764929 -0.882668 -0.507434
-2.151245 -0.282715 -0.260742 -4.182648 -0.549680 -0.506959
-1.482544 -0.021729 -0.298584 -2.882498 -0.042247 -0.580534
-0.545776 0.045288 -0.325073 -1.061148 0.088053 -0.632037
-0.271484 -0.021606 -0.322144 -0.527845 -0.042009 -0.626341
-0.135864 0.119873 -0.296509 -0.264160 0.233068 -0.576500
-0.092163 0.239624 -0.204346 -0.179192 0.465899 -0.397308
-0.150879 0.175537 -0.130127 -0.293353 0.341295 -0.253005
-0.134766 0.071167 -0.121826 -0.262024 0.138369 -0.236866
0.041748 -0.005981 -0.130249 0.081170 -0.011630 -0.253242
0.163208 -0.049927 -0.170044 0.317324 -0.097072 -0.330615
0.188354 -0.037109 -0.206909 0.366216 -0.072151 -0.402292
0.112427 0.038818 -0.187012 0.218590 0.075474 -0.363605
0.045288 0.093872 -0.163452 0.088053 0.182515 -0.317799
-0.035645 0.104370 -0.119629 -0.069303 0.202926 -0.232593
-0.068970 0.073364 -0.047241 -0.134097 0.142642 -0.091851
-0.123657 0.077881 -0.008545 -0.240426 0.151423 -0.016614
-0.133545 0.064209 -0.019409 -0.259650 0.124841 -0.037737
-0.043091 0.072876 -0.028076 -0.083781 0.141692 -0.054588
-0.006348 0.059814 -0.093140 -0.012342 0.116297 -0.181091
0.117188 0.079590 -0.132935 0.227847 0.154746 -0.258464
0.188721 0.053711 -0.117554 0.366928 0.104430 -0.228559
0.080933 -0.037354 -0.072021 0.157357 -0.072626 -0.140031
-0.023682 -0.024292 -0.080688 -0.046044 -0.047231 -0.156882
-0.044556 0.004150 -0.126587 -0.086629 0.008070 -0.246122
-0.055420 -0.030884 -0.171631 -0.107752 -0.060047 -0.333700
-0.064209 -0.070923 -0.170776 -0.124841 -0.137895 -0.332039
-0.055664 -0.097900 -0.110352 -0.108227 -0.190347 -0.214556
-0.039551 -0.075562 -0.072144 -0.076898 -0.146914 -0.140268
-0.012085 -0.055542 -0.052979 -0.023497 -0.107990 -0.103006
0.007813 -0.071411 -0.058594 0.015190 -0.138844 -0.113923
0.008667 -0.063477 -0.067871 0.016851 -0.123417 -0.131961
-0.002686 -0.041382 -0.069946 -0.005221 -0.080458 -0.135996
-0.005249 -0.022339 -0.066772 -0.010206 -0.043433 -0.129825
-0.004272 -0.022583 -0.067017 -0.008307 -0.043908 -0.130300
0.004395 -0.005615 -0.080811 0.008544 -0.010918 -0.157119
0.008545 0.005981 -0.085693 0.016614 0.011630 -0.166613
0.015625 0.022217 -0.088013 0.030380 0.043196 -0.171122
0.013062 0.029297 -0.089233 0.025395 0.056962 -0.173496
-0.004272 0.012329 -0.114136 -0.008307 0.023971 -0.221913
-0.013672 0.019165 -0.129883 -0.026582 0.037262 -0.252530
