-0.061768 0.024658 0.007202 -0.120094 0.047943 0.014003
-0.249390 0.429199 0.233887 -0.484886 0.834488 0.454744
-0.377319 0.226318 0.100708 -0.733619 0.440029 0.195806
-0.257935 -0.045044 0.157227 -0.501500 -0.087579 0.305694
0.062012 -0.251221 0.339722 0.120569 -0.488446 0.660518
0.328003 -0.305298 0.478638 0.637733 -0.593588 0.930611
0.511841 -0.209839 0.377319 0.995168 -0.407988 0.733619
0.651367 -0.054932 0.351440 1.266448 -0.106803 0.683303
0.773438 0.143433 0.178955 1.503788 0.278875 0.347941
0.814087 0.292236 -0.141113 1.582822 0.568193 -0.274365
0.829590 0.314697 -0.468628 1.612965 0.611863 -0.911149
0.885986 0.210327 -0.710938 1.722616 0.408937 -1.382270
1.000977 0.208008 -0.859497 1.946190 0.404428 -1.671113
0.943848 0.307617 -0.878540 1.835115 0.598098 -1.708138
0.737183 0.362793 -0.800415 1.433298 0.705375 -1.556240
0.471069 0.295532 -0.677002 0.915896 0.574601 -1.316289
0.093628 0.143188 -0.564941 0.182040 0.278400 -1.098411
-0.383667 -0.044067 -0.446655 -0.745961 -0.085680 -0.868428
-0.813599 -0.195313 -0.347168 -1.581873 -0.379744 -0.674996
-1.237427 -0.312500 -0.388550 -2.405918 -0.607591 -0.755454
-1.563721 -0.379517 -0.460815 -3.040329 -0.737891 -0.895960
-1.849976 -0.482056 -0.452759 -3.596892 -0.937257 -0.880295
-2.118164 -0.705200 -0.295654 -4.118329 -1.371115 -0.574838
-2.329102 -0.685059 -0.277832 -4.528452 -1.331954 -0.540186
-2.066162 -0.362549 -0.290039 -4.017221 -0.704901 -0.563920
-1.646606 -0.296875 -0.509033 -3.201483 -0.577212 -0.989709
-1.347900 -0.398438 -0.658325 -2.620711 -0.774679 -1.279976
-1.035278 -0.588623 -0.623901 -2.012883 -1.144455 -1.213046
-0.739258 -0.426758 -0.588257 -1.437333 -0.829742 -1.143743
-0.293945 -0.101074 -0.568481 -0.571515 -0.196518 -1.105294
0.289673 -0.101074 -0.642090 0.563209 -0.196518 -1.248410
0.817993 -0.063477 -0.688354 1.590417 -0.123417 -1.338362
1.458984 0.006592 -0.573120 2.836691 0.012816 -1.114313
2.064331 -0.035034 -0.447388 4.013661 -0.068117 -0.869852
2.214478 0.167358 -0.503662 4.305590 0.325394 -0.979266
2.069702 0.373169 -0.678101 4.024105 0.725549 -1.318425
1.935303 0.426270 -0.748047 3.762793 0.828792 -1.454421
1.769531 0.366333 -0.718750 3.440485 0.712258 -1.397460
1.562134 0.317749 -0.618408 3.037244 0.617797 -1.202366
1.400146 0.360352 -0.538574 2.722293 0.700629 -1.047145
1.210083 0.386108 -0.561768 2.352754 0.750707 -1.092240
0.966431 0.283081 -0.607056 1.879023 0.550392 -1.180293
0.661743 0.137451 -0.616943 1.286622 0.267245 -1.199518
0.300903 0.083740 -0.587524 0.585044 0.162815 -1.142319
-0.073364 0.109009 -0.589478 -0.142642 0.211945 -1.146116
-0.301758 0.213135 -0.664185 -0.586705 0.414396 -1.291368
-0.494141 0.235840 -0.711914 -0.960754 0.458541 -1.384169
-0.786255 0.091064 -0.703735 -1.528709 0.177056 -1.368267
-1.118896 -0.016602 -0.658447 -2.175461 -0.032278 -1.280213
-1.350220 0.003906 -0.610352 -2.625221 0.007595 -1.186701
-1.648682 0.114136 -0.665527 -3.205518 0.221913 -1.293979
-1.848999 0.245361 -0.677002 -3.594993 0.477054 -1.316289
-1.878906 0.276123 -0.594116 -3.653142 0.536864 -1.155135
-1.560913 0.273438 -0.480469 -3.034870 0.531642 -0.934171
-1.137451 0.132935 -0.399902 -2.211537 0.258464 -0.777527
-0.957397 0.011597 -0.283081 -1.861460 0.022547 -0.550392
-0.719238 0.067261 -0.125854 -1.398409 0.130774 -0.244698
-0.441040 0.135620 -0.067993 -0.857510 0.263685 -0.132199
-0.245850 0.065430 -0.143799 -0.478003 0.127214 -0.279587
-0.125366 -0.002930 -0.128540 -0.243748 -0.005696 -0.249919
-0.043823 0.032349 -0.098633 -0.085205 0.062895 -0.191771
0.025757 0.153442 -0.140015 0.050079 0.298337 -0.272229
0.034058 0.238037 -0.156006 0.066218 0.462814 -0.303321
0.060303 0.236328 -0.122681 0.117246 0.459491 -0.238527
0.134155 0.167236 -0.071045 0.260837 0.325156 -0.138132
0.170532 0.072510 -0.039795 0.331564 0.140980 -0.077373
0.157959 0.034790 -0.046143 0.307118 0.067642 -0.089715
0.148071 0.065308 -0.063232 0.287894 0.126977 -0.122942
0.140381 0.079834 -0.075073 0.272941 0.155221 -0.145964
0.131226 0.038086 -0.082031 0.255141 0.074050 -0.159493
0.112061 0.022949 -0.062988 0.217878 0.044620 -0.122468
0.057739 0.032837 -0.053467 0.112262 0.063845 -0.103955
0.031982 0.042114 -0.053711 0.062183 0.081882 -0.104430
0.019165 0.013916 -0.091309 0.037262 0.027057 -0.177531
0.008667 0.013672 -0.098999 0.016851 0.026582 -0.192483
-0.005249 -0.016357 -0.084473 -0.010206 -0.031804 -0.164239
-0.004761 -0.027222 -0.062622 -0.009256 -0.052927 -0.121756
-0.031006 -0.024170 -0.060059 -0.060284 -0.046993 -0.116771
-0.063599 -0.018188 -0.042969 -0.123654 -0.035364 -0.083544
-0.035400 -0.001343 -0.049561 -0.068829 -0.002611 -0.096360
