-0.862793 -0.036011 -0.279175 -1.677521 -0.070015 -0.542797
-0.840210 -0.114136 -0.169922 -1.633613 -0.221913 -0.330378
-0.874390 -0.039551 -0.022461 -1.700068 -0.076898 -0.043671
-0.948975 0.044434 0.011597 -1.845083 0.086392 0.022547
-0.882813 -0.184814 0.066772 -1.716445 -0.359333 0.129825
-0.406616 -0.305420 0.237427 -0.790581 -0.593825 0.461627
0.437378 -0.187256 0.501343 0.850390 -0.364080 0.974757
1.247559 -0.069092 0.462402 2.425618 -0.134335 0.899045
1.486328 -0.079834 0.375977 2.889855 -0.155221 0.731008
1.221558 -0.203369 0.251709 2.375064 -0.395409 0.489396
1.114624 -0.154297 0.130859 2.167154 -0.299998 0.254429
1.148438 -0.149658 0.054077 2.232897 -0.290979 0.105142
1.358521 -0.236938 -0.096191 2.641360 -0.460678 -0.187024
1.553833 -0.243530 -0.342896 3.021105 -0.473494 -0.666689
1.596436 -0.192261 -0.508179 3.103936 -0.373811 -0.988048
1.431152 0.225098 -0.561646 2.782578 0.437655 -1.092003
1.167969 0.700317 -0.565063 2.270872 1.361621 -1.098648
0.883911 0.758301 -0.503540 1.718581 1.474358 -0.979029
0.430664 0.600708 -0.427612 0.837337 1.167952 -0.831403
0.015015 0.542358 -0.303101 0.029193 1.054503 -0.589316
-0.434937 0.397339 -0.178223 -0.845643 0.772543 -0.346517
-1.045532 0.113892 -0.023071 -2.032820 0.221438 -0.044857
-1.688599 -0.147827 0.103516 -3.283128 -0.287419 0.201265
-2.359985 -0.539063 0.106323 -4.588500 -1.048095 0.206723
-2.647339 -0.650024 -0.210815 -5.147199 -1.263837 -0.409887
-2.737427 -0.519165 -0.753906 -5.322356 -1.009408 -1.465814
-2.643677 -0.284058 -1.154663 -5.140079 -0.552291 -2.245002
-2.296631 -0.077026 -1.291992 -4.465320 -0.149762 -2.512010
-1.897827 -0.077881 -1.187866 -3.689929 -0.151423 -2.309558
-0.967896 -0.029297 -0.851074 -1.881871 -0.056962 -1.654737
0.234497 -0.010498 -0.444580 0.455931 -0.020411 -0.864393
0.814819 -0.077026 -0.256714 1.584246 -0.149762 -0.499127
1.183472 -0.303345 -0.206055 2.301014 -0.589791 -0.400630
1.581299 -0.471313 -0.257813 3.074506 -0.916371 -0.501263
1.901245 -0.596069 -0.365723 3.696575 -1.158933 -0.711071
2.039673 -0.592163 -0.470581 3.965719 -1.151338 -0.914947
2.080200 -0.354248 -0.507446 4.044516 -0.688762 -0.986624
2.007080 -0.061401 -0.621460 3.902349 -0.119382 -1.208299
1.742798 0.102661 -0.783203 3.388507 0.199603 -1.522775
1.406860 0.050049 -0.809937 2.735347 0.097310 -1.574753
1.092773 -0.121704 -0.849854 2.124670 -0.236628 -1.652363
0.828003 -0.399536 -0.934448 1.609879 -0.776815 -1.816840
0.620850 -0.485718 -0.993896 1.207113 -0.944377 -1.932425
0.401123 -0.361450 -1.047485 0.779900 -0.702765 -2.036617
0.165527 -0.157227 -1.033203 0.321833 -0.305694 -2.008848
-0.146973 -0.092041 -0.927002 -0.285758 -0.178955 -1.802362
-0.507690 -0.123047 -0.760986 -0.987098 -0.239239 -1.479579
-0.937134 -0.139771 -0.561646 -1.822061 -0.271755 -1.092003
-1.373535 -0.244019 -0.287354 -2.670553 -0.474443 -0.558699
-1.714233 -0.296265 0.080322 -3.332970 -0.576025 0.156170
-2.052612 -0.310547 0.310547 -3.990877 -0.603794 0.603794
-1.950928 -0.340942 0.442871 -3.793172 -0.662891 0.861071
-1.812134 -0.763184 0.187988 -3.523317 -1.483851 0.365504
-1.261353 -1.283325 -0.443726 -2.452437 -2.495158 -0.862732
-0.686890 -0.852051 -0.724487 -1.335514 -1.656635 -1.408615
-0.406738 0.032227 -0.294678 -0.790818 0.062658 -0.572939
-0.416138 0.397583 0.040283 -0.809093 0.773017 0.078322
-0.388916 0.361572 -0.036499 -0.756166 0.703002 -0.070965
-0.116211 0.428345 -0.150757 -0.225948 0.832827 -0.293115
0.095947 0.422974 -0.173462 0.186549 0.822384 -0.337261
0.100586 0.285400 -0.109497 0.195568 0.554902 -0.212894
0.009521 0.170044 -0.051392 0.018513 0.330615 -0.099920
-0.084106 0.151733 -0.013062 -0.163527 0.295014 -0.025395
-0.110840 0.155518 -0.018555 -0.215505 0.302372 -0.036076
-0.105469 0.119141 -0.072876 -0.205062 0.231644 -0.141692
-0.084839 0.019043 -0.121338 -0.164952 0.037025 -0.235916
-0.034668 -0.006226 -0.117554 -0.067405 -0.012104 -0.228559
-0.039063 0.030273 -0.085693 -0.075949 0.058860 -0.166613
-0.000977 0.083740 -0.066772 -0.001899 0.162815 -0.129825
0.023315 0.093506 -0.073242 0.045332 0.181803 -0.142404
-0.036743 0.081543 -0.080933 -0.071439 0.158543 -0.157357
-0.066406 0.063965 -0.108765 -0.129113 0.124366 -0.211470
-0.032471 0.042114 -0.138916 -0.063133 0.081882 -0.270093
0.008301 -0.053223 -0.174194 0.016139 -0.103480 -0.338685
0.058716 -0.192139 -0.200439 0.114161 -0.373574 -0.389713
0.148315 -0.149536 -0.191895 0.288368 -0.290742 -0.373099
0.162231 0.090454 -0.122437 0.315425 0.175869 -0.238052
0.044556 0.252197 -0.023071 0.086629 0.490345 -0.044857
-0.068604 0.223633 -0.002441 -0.133385 0.434807 -0.004747
-0.054565 0.027954 -0.072144 -0.106091 0.054351 -0.140268
