-0.372437 -0.023071 -0.000977 -0.724125 -0.044857 -0.001899
-0.215820 0.236938 0.072021 -0.419618 0.460678 0.140031
-0.142822 0.269897 0.167114 -0.277688 0.524759 0.324919
-0.297241 0.015991 0.321289 -0.577924 0.031092 0.624680
-0.398804 -0.177002 0.390381 -0.775391 -0.344143 0.759014
0.029175 -0.231567 0.374756 0.056724 -0.450235 0.728635
0.573120 -0.187622 0.356079 1.114313 -0.364792 0.692322
0.755615 -0.274658 0.298096 1.469136 -0.534016 0.579585
0.971313 -0.024902 0.165405 1.888517 -0.048417 0.321596
1.148682 0.148682 -0.016235 2.233372 0.289080 -0.031566
1.283691 0.055542 -0.210693 2.495870 0.107990 -0.409649
1.476074 -0.030518 -0.366821 2.869919 -0.059335 -0.713208
1.572510 0.099365 -0.507690 3.057418 0.193195 -0.987098
1.510986 0.312866 -0.623413 2.937798 0.608303 -1.212097
1.292114 0.464478 -0.685303 2.512247 0.903080 -1.332428
0.978760 0.423950 -0.672729 1.902994 0.824283 -1.307982
0.570190 0.274414 -0.617310 1.108616 0.533541 -1.200230
0.088745 0.267456 -0.521240 0.172546 0.520013 -1.013443
-0.452271 0.114990 -0.357056 -0.879346 0.223575 -0.694220
-1.085327 -0.113770 -0.189209 -2.110193 -0.221201 -0.367877
-1.803223 -0.124390 -0.005249 -3.505991 -0.241850 -0.010206
-2.598267 -0.180054 0.153687 -5.051788 -0.350077 0.298811
-3.188354 -0.347534 -0.091431 -6.199091 -0.675708 -0.177768
-2.488037 -0.106567 -0.434326 -4.837470 -0.207198 -0.844457
-1.709351 -0.126221 -0.591309 -3.323476 -0.245410 -1.149676
-1.398193 -0.238770 -0.733032 -2.718496 -0.464238 -1.425228
-1.296387 -0.380371 -0.628174 -2.520554 -0.739552 -1.221353
-1.031006 -0.229980 -0.393677 -2.004576 -0.447149 -0.765422
-0.386108 -0.095825 -0.318726 -0.750707 -0.186312 -0.619695
0.231934 -0.339111 -0.410034 0.450947 -0.659331 -0.797226
0.820801 -0.466797 -0.408447 1.595876 -0.907589 -0.794141
1.401611 -0.389038 -0.290161 2.725141 -0.756404 -0.564158
1.840576 -0.407715 -0.316162 3.578617 -0.792717 -0.614711
2.080322 -0.444214 -0.490112 4.044753 -0.863681 -0.952921
2.165527 -0.430176 -0.645630 4.210417 -0.836387 -1.255293
2.015747 -0.432495 -0.733765 3.919200 -0.840897 -1.426652
1.781494 -0.280640 -0.764404 3.463744 -0.545645 -1.486225
1.514648 -0.030884 -0.795044 2.944918 -0.060047 -1.545797
1.176636 0.061646 -0.775757 2.287723 0.119857 -1.508298
0.799683 -0.074829 -0.784546 1.554816 -0.145490 -1.525386
0.423950 -0.266602 -0.821045 0.824283 -0.518351 -1.596351
0.155029 -0.148071 -0.771240 0.301422 -0.287894 -1.499516
-0.145142 0.212769 -0.643921 -0.282198 0.413684 -1.251970
-0.517578 0.140991 -0.514038 -1.006323 0.274128 -0.999440
-0.988647 -0.274536 -0.329224 -1.922219 -0.533778 -0.640107
-1.474976 -0.253296 -0.185791 -2.867783 -0.492481 -0.361232
-1.672974 0.189575 -0.051392 -3.252748 0.368589 -0.099920
-2.000610 0.339111 -0.043213 -3.889770 0.659331 -0.084018
-2.273560 0.219727 -0.127075 -4.420463 0.427213 -0.247071
-2.391357 0.156494 -0.205811 -4.649496 0.304270 -0.400156
-2.059814 0.318359 -0.098389 -4.004880 0.618983 -0.191296
-1.137573 0.387939 0.012695 -2.211774 0.754267 0.024683
-0.368652 0.332764 0.037964 -0.716768 0.646990 0.073813
-0.069702 0.306885 -0.061890 -0.135521 0.596673 -0.120332
0.142700 0.335327 -0.132324 0.277451 0.651974 -0.257277
0.329590 0.297363 -0.145874 0.640819 0.578161 -0.283622
0.405762 0.218262 -0.186523 0.788919 0.424364 -0.362656
0.346069 0.116333 -0.212402 0.672860 0.226185 -0.412972
0.215820 0.028320 -0.177856 0.419618 0.055063 -0.345805
0.128662 -0.021240 -0.112061 0.250157 -0.041297 -0.217878
0.094360 -0.024780 -0.072998 0.183464 -0.048180 -0.141929
0.060913 -0.049805 -0.034912 0.118433 -0.096835 -0.067879
0.020020 -0.104370 -0.000488 0.038924 -0.202926 -0.000949
-0.000977 -0.080566 -0.002075 -0.001899 -0.156645 -0.004035
0.020752 -0.046631 -0.059814 0.040348 -0.090664 -0.116297
0.040527 -0.024902 -0.102783 0.078797 -0.048417 -0.199841
0.038696 0.000977 -0.087769 0.075237 0.001899 -0.170648
0.024780 -0.008423 -0.100342 0.048180 -0.016376 -0.195094
0.004272 -0.011597 -0.114746 0.008307 -0.022547 -0.223100
-0.015381 0.000244 -0.109131 -0.029905 0.000475 -0.212182
-0.033325 0.015625 -0.116211 -0.064794 0.030380 -0.225948
-0.026245 0.040771 -0.129028 -0.051028 0.079272 -0.250869
-0.025269 0.049438 -0.145264 -0.049129 0.096123 -0.282435
-0.025879 0.020752 -0.157837 -0.050316 0.040348 -0.306881
-0.016479 0.040039 -0.152588 -0.032041 0.077848 -0.296675
-0.005981 0.060547 -0.133789 -0.011630 0.117721 -0.260125
-0.003296 0.084595 -0.156006 -0.006408 0.164477 -0.303321
0.003296 0.076904 -0.165405 0.006408 0.149524 -0.321596
-0.007446 0.057739 -0.142700 -0.014478 0.112262 -0.277451
-0.021606 0.069946 -0.145020 -0.042009 0.135996 -0.281960
