-1.008057 0.238403 0.292358 -1.959956 0.463526 0.568430
-0.778564 0.171265 0.163696 -1.513756 0.332988 0.318273
-0.500122 0.145508 0.171509 -0.972383 0.282910 0.333463
-0.468994 0.041626 0.289429 -0.911861 0.080933 0.562734
-0.429565 -0.135864 0.467163 -0.835200 -0.264160 0.908301
-0.258301 -0.288574 0.623657 -0.502212 -0.561072 1.212572
-0.029785 0.046021 0.881958 -0.057911 0.089477 1.714784
0.259766 0.172485 0.795166 0.505060 0.335362 1.546035
0.352051 -0.086060 0.600952 0.684489 -0.167325 1.168426
0.247681 -0.279053 0.084961 0.481563 -0.542560 0.165189
0.144775 -0.598633 -0.339233 0.281486 -1.163917 -0.659569
0.323608 -0.826172 -0.495972 0.629189 -1.606319 -0.964314
0.768799 -0.600830 -0.645386 1.494769 -1.168189 -1.254818
1.257813 -0.279419 -0.859863 2.445554 -0.543272 -1.671825
1.643555 -0.108276 -1.088013 3.195549 -0.210521 -2.115414
1.817139 0.094971 -1.123047 3.533047 0.184651 -2.183531
1.777222 0.167969 -1.081055 3.455437 0.326580 -2.101886
1.483398 0.327148 -0.977295 2.884159 0.636072 -1.900146
1.057373 0.516357 -0.901367 2.055841 1.003949 -1.752521
0.641602 0.557495 -0.778076 1.247460 1.083933 -1.512807
-0.073120 0.016235 -0.547852 -0.142167 0.031566 -1.065183
-0.926392 -0.314209 -0.308472 -1.801175 -0.610914 -0.599759
-1.532837 -0.333618 -0.088135 -2.980282 -0.648651 -0.171360
-2.146484 -0.481812 0.097168 -4.173391 -0.936782 0.188923
-2.561157 -0.474731 0.115234 -4.979637 -0.923016 0.224049
-2.642334 -0.665649 0.074219 -5.137468 -1.294217 0.144303
-2.259033 -0.840210 0.061401 -4.392220 -1.633613 0.119382
-1.668823 -0.791748 -0.079956 -3.244679 -1.539389 -0.155458
-1.104980 -0.656006 -0.308228 -2.148404 -1.275467 -0.599284
-0.708374 -0.481323 -0.332031 -1.377286 -0.935833 -0.645566
-0.076050 -0.322021 -0.361450 -0.147863 -0.626104 -0.702765
0.623413 -0.231445 -0.361816 1.212097 -0.449997 -0.703477
1.038940 -0.136597 -0.469482 2.020003 -0.265584 -0.912811
1.510864 -0.079712 -0.619263 2.937561 -0.154983 -1.204027
1.938232 -0.040527 -0.765015 3.768489 -0.078797 -1.487412
2.176025 0.033569 -0.883789 4.230828 0.065269 -1.718344
2.341675 0.123901 -0.982788 4.552899 0.240900 -1.910827
2.366821 0.198608 -1.031372 4.601791 0.386153 -2.005288
1.807007 0.290161 -1.056152 3.513348 0.564158 -2.053468
1.412231 0.337280 -1.017578 2.745790 0.655771 -1.978469
1.137085 0.264648 -0.947998 2.210825 0.514554 -1.843185
0.771362 0.067383 -0.869995 1.499753 0.131012 -1.691524
0.333618 -0.053223 -0.793579 0.648651 -0.103480 -1.542949
-0.205688 -0.093872 -0.668701 -0.399918 -0.182515 -1.300150
-0.794434 -0.154419 -0.535522 -1.544611 -0.300235 -1.041212
-1.275879 -0.235840 -0.458252 -2.480681 -0.458541 -0.890975
-1.649902 -0.207275 -0.391235 -3.207891 -0.403004 -0.760676
-2.047607 -0.159180 -0.203491 -3.981146 -0.309492 -0.395646
-2.669678 -0.176392 0.149658 -5.190632 -0.342957 0.290979
-2.816284 0.153564 -0.002441 -5.475677 0.298574 -0.004747
-2.364136 0.472168 -0.213379 -4.596569 0.918032 -0.414871
-1.510864 0.595825 -0.325684 -2.937561 1.158458 -0.633224
-0.567993 0.590698 -0.393555 -1.104344 1.148490 -0.765185
0.120117 0.649536 -0.417969 0.233543 1.262888 -0.812653
0.347900 0.533691 -0.421509 0.676420 1.037652 -0.819536
0.270264 0.420776 -0.387085 0.525471 0.818112 -0.752606
0.271362 0.364624 -0.315552 0.527607 0.708935 -0.613525
0.225830 0.279419 -0.266357 0.439080 0.543272 -0.517877
0.178955 0.178467 -0.246826 0.347941 0.346992 -0.479902
0.178711 0.042114 -0.214600 0.347466 0.081882 -0.417244
0.137573 0.000122 -0.169556 0.267482 0.000237 -0.329666
0.088867 0.014404 -0.114990 0.172784 0.028006 -0.223575
0.045410 0.037842 -0.111938 0.088291 0.073575 -0.217641
0.064941 0.011230 -0.154663 0.126265 0.021835 -0.300710
0.120483 -0.072510 -0.178833 0.234255 -0.140980 -0.347704
0.146118 -0.073608 -0.149048 0.284096 -0.143116 -0.289792
0.065186 0.009521 -0.143188 0.126740 0.018513 -0.278400
-0.027588 0.023193 -0.134644 -0.053639 0.045095 -0.261786
-0.055908 -0.033203 -0.105225 -0.108702 -0.064557 -0.204587
0.003296 0.006226 -0.133911 0.006408 0.012104 -0.260362
0.081787 0.025146 -0.173340 0.159018 0.048892 -0.337023
0.080566 0.033691 -0.193604 0.156645 0.065506 -0.376422
0.036621 0.050171 -0.178101 0.071202 0.097547 -0.346279
0.006104 0.022339 -0.150879 0.011867 0.043433 -0.293353
-0.038940 0.004150 -0.150879 -0.075712 0.008070 -0.293353
-0.052856 -0.014282 -0.125977 -0.102768 -0.027769 -0.244935
-0.063843 -0.023315 -0.091309 -0.124129 -0.045332 -0.177531
-0.070190 -0.010986 -0.094727 -0.136471 -0.021361 -0.184176
-0.018677 0.024048 -0.116577 -0.036313 0.046756 -0.226660
0.020386 0.040039 -0.131836 0.039636 0.077848 -0.256328
