-0.697388 -0.128174 0.161377 -1.355925 -0.249207 0.313764
-0.574951 0.031860 0.216919 -1.117873 0.061946 0.421754
-0.552856 -0.115601 0.201782 -1.074914 -0.224761 0.392323
-0.454834 -0.289551 0.299927 -0.884330 -0.562971 0.583145
-0.094971 -0.307983 0.483521 -0.184651 -0.598810 0.940105
0.443237 -0.076294 0.452881 0.861783 -0.148338 0.880532
0.894287 -0.247925 0.300537 1.738755 -0.482038 0.584332
1.265991 -0.194580 0.115845 2.461456 -0.378320 0.225236
1.445923 -0.106323 -0.142090 2.811296 -0.206723 -0.276264
1.476807 -0.166626 -0.316650 2.871343 -0.323969 -0.615661
1.471802 -0.098511 -0.359985 2.861612 -0.191534 -0.699916
1.534302 0.034668 -0.395264 2.983130 0.067405 -0.768508
1.618042 0.226929 -0.385742 3.145946 0.441216 -0.749995
1.566650 0.310181 -0.428467 3.046025 0.603082 -0.833064
1.322876 0.409912 -0.496704 2.572057 0.796989 -0.965738
0.979736 0.618774 -0.564697 1.904893 1.203078 -1.097936
0.657715 0.695068 -0.556641 1.278789 1.351416 -1.082272
0.265259 0.416992 -0.553833 0.515740 0.810754 -1.076813
-0.441406 0.076050 -0.425903 -0.858222 0.147863 -0.828080
-1.267456 -0.071655 -0.297119 -2.464304 -0.139319 -0.577686
-1.983398 0.132446 -0.102539 -3.856305 0.257514 -0.199366
-2.853271 -0.021240 -0.018311 -5.547592 -0.041297 -0.035601
-3.263672 -0.398926 -0.151001 -6.345530 -0.775628 -0.293590
-2.431030 -0.018677 -0.515259 -4.726632 -0.036313 -1.001813
-1.882568 0.225830 -0.902832 -3.660262 0.439080 -1.755369
-1.825195 0.073730 -0.912842 -3.548712 0.143354 -1.774831
-1.325684 0.024414 -0.696167 -2.577516 0.047468 -1.353552
-0.536743 -0.028442 -0.445068 -1.043585 -0.055300 -0.865343
0.071045 -0.187134 -0.327148 0.138132 -0.363843 -0.636072
0.629639 -0.345215 -0.295288 1.224201 -0.671198 -0.574126
1.023926 -0.431885 -0.348877 1.990810 -0.839710 -0.678319
1.353882 -0.502075 -0.458496 2.632341 -0.976181 -0.891450
1.643555 -0.514282 -0.666992 3.195549 -0.999915 -1.296827
1.933838 -0.385986 -0.851563 3.759945 -0.750470 -1.655686
2.114746 -0.231934 -0.976807 4.111683 -0.450947 -1.899197
1.995239 -0.135132 -1.072754 3.879327 -0.262736 -2.085747
1.727173 -0.028809 -0.986450 3.358128 -0.056012 -1.917947
1.424072 0.068970 -0.846191 2.768812 0.134097 -1.645243
1.091187 0.068481 -0.809814 2.121585 0.133148 -1.574515
0.699585 0.040649 -0.741333 1.360197 0.079034 -1.441368
0.318726 -0.084473 -0.606689 0.619695 -0.164239 -1.179581
0.033081 -0.229248 -0.571899 0.064319 -0.445725 -1.111939
-0.239258 -0.261353 -0.536743 -0.465187 -0.508146 -1.043585
-0.539673 -0.085205 -0.437622 -1.049281 -0.165664 -0.850865
-0.941284 0.004639 -0.236328 -1.830131 0.009019 -0.459491
-1.320068 -0.045410 -0.014648 -2.566598 -0.088291 -0.028481
-1.562134 -0.095459 0.063721 -3.037244 -0.185600 0.123892
-1.729370 -0.108887 0.009277 -3.362400 -0.211708 0.018038
-1.856323 -0.162720 -0.068359 -3.609234 -0.316375 -0.132911
-1.750732 -0.105713 -0.031372 -3.403934 -0.205537 -0.060996
-1.184570 0.194702 0.039795 -2.303150 0.378558 0.077373
-0.788086 0.300049 0.091919 -1.532269 0.583382 0.178717
-0.703979 0.183105 0.034912 -1.368741 0.356010 0.067879
-0.525879 0.205444 -0.069458 -1.022462 0.399444 -0.135047
-0.231689 0.243652 -0.110229 -0.450472 0.473731 -0.214318
-0.089844 0.220337 -0.048584 -0.174682 0.428399 -0.094461
-0.025146 0.193970 -0.026001 -0.048892 0.377134 -0.050553
0.017090 0.119141 -0.039307 0.033228 0.231644 -0.076424
0.054565 0.089722 -0.018677 0.106091 0.174445 -0.036313
0.071777 0.058105 -0.015259 0.139556 0.112974 -0.029668
0.085815 0.021240 -0.029785 0.166850 0.041297 -0.057911
0.073730 0.045410 -0.051270 0.143354 0.088291 -0.099683
0.033569 0.014771 -0.040527 0.065269 0.028718 -0.078797
0.008545 -0.034546 -0.035156 0.016614 -0.067167 -0.068354
0.023560 -0.013916 -0.068726 0.045807 -0.027057 -0.133623
0.030273 -0.024658 -0.087769 0.058860 -0.047943 -0.170648
0.029541 -0.050171 -0.083008 0.057436 -0.097547 -0.161391
0.031372 -0.024658 -0.067627 0.060996 -0.047943 -0.131487
0.027100 0.005737 -0.058716 0.052690 0.011155 -0.114161
0.026978 0.001221 -0.062500 0.052452 0.002373 -0.121518
-0.002319 -0.016846 -0.067505 -0.004509 -0.032753 -0.131249
-0.034668 -0.019653 -0.084717 -0.067405 -0.038212 -0.164714
-0.037109 0.002808 -0.106201 -0.072151 0.005459 -0.206486
-0.031494 0.024536 -0.147461 -0.061234 0.047705 -0.286707
-0.048340 0.022827 -0.165527 -0.093987 0.044383 -0.321833
-0.078003 0.027588 -0.166138 -0.151660 0.053639 -0.323020
-0.095825 0.047363 -0.192627 -0.186312 0.092088 -0.374523
-0.096191 0.061401 -0.215332 -0.187024 0.119382 -0.418668
-0.084717 0.053955 -0.216309 -0.164714 0.104904 -0.420567
-0.055298 0.087646 -0.204346 -0.107515 0.170410 -0.397308
