-0.525024 -0.312622 0.015259 -1.020801 -0.607828 0.029668
-0.433105 -0.232178 0.150024 -0.842083 -0.451421 0.291691
-0.444824 -0.463867 0.198242 -0.864868 -0.901893 0.385441
-0.470581 -0.577271 0.295288 -0.914947 -1.122382 0.574126
-0.372192 -0.600586 0.448364 -0.723651 -1.167714 0.871751
-0.086426 -0.473511 0.511353 -0.168037 -0.920643 0.994218
0.318970 -0.342896 0.505981 0.620170 -0.666689 0.983775
0.691650 -0.184082 0.457397 1.344770 -0.357909 0.889314
0.955688 0.102173 0.364868 1.858137 0.198654 0.709410
1.178345 0.239990 0.142456 2.291046 0.466611 0.276976
1.422607 0.415527 -0.043579 2.765964 0.807906 -0.084730
1.612915 0.233521 -0.345947 3.135977 0.454032 -0.672622
1.695923 -0.001221 -0.747437 3.297369 -0.002373 -1.453235
1.593506 0.113647 -0.991211 3.098240 0.220964 -1.927203
1.361572 0.515869 -0.996582 2.647294 1.003000 -1.937646
1.050293 0.887085 -0.898926 2.042076 1.724752 -1.747774
0.632690 0.942749 -0.827393 1.230135 1.832979 -1.608692
0.134766 0.921143 -0.734131 0.262024 1.790970 -1.427364
-0.584595 0.611938 -0.717651 -1.136623 1.189787 -1.395324
-1.354492 -0.067993 -0.594482 -2.633528 -0.132199 -1.155847
-2.298462 -0.697388 -0.415161 -4.468880 -1.355925 -0.807194
-3.385132 -1.217896 -0.045532 -6.581684 -2.367944 -0.088528
-4.000000 -1.223755 0.103027 -7.777166 -2.379336 0.200315
-3.034668 -0.141724 0.158813 -5.900280 -0.275552 0.308780
-1.222046 0.129639 -0.079590 -2.376014 0.252055 -0.154746
-0.278076 -0.477905 -0.798584 -0.540661 -0.929187 -1.552680
0.004517 -0.769043 -0.949707 0.008782 -1.495244 -1.846507
0.304810 -0.445679 -0.633057 0.592639 -0.866529 -1.230847
0.862061 -0.116577 -0.504272 1.676097 -0.226660 -0.980453
1.129028 -0.097656 -0.475586 2.195160 -0.189872 -0.924678
1.344238 -0.113281 -0.657715 2.613591 -0.220252 -1.278789
1.724243 0.042480 -0.799194 3.352432 0.082594 -1.553867
2.093872 0.129517 -0.911255 4.071098 0.251818 -1.771745
2.372192 0.219604 -0.839355 4.612234 0.426975 -1.631952
2.166260 0.347412 -0.735596 4.211841 0.675470 -1.430212
1.777466 0.311279 -0.786499 3.455912 0.605218 -1.529184
1.537842 0.213013 -0.860107 2.990013 0.414159 -1.672300
1.319092 0.130127 -0.960205 2.564699 0.253005 -1.866919
1.083740 0.047729 -1.035889 2.107107 0.092800 -2.014070
0.682251 -0.013184 -0.967529 1.326495 -0.025633 -1.881159
0.018555 -0.203369 -0.846680 0.036076 -0.395409 -1.646192
-0.738770 -0.373901 -0.825684 -1.436383 -0.726973 -1.605370
-1.065796 -0.116943 -0.929932 -2.072218 -0.227372 -1.808058
-1.472534 0.094116 -1.196167 -2.863036 0.182989 -2.325697
-2.135498 -0.100586 -1.392090 -4.152031 -0.195568 -2.706629
-2.653320 -0.409912 -1.178589 -5.158828 -0.796989 -2.291520
-2.892700 0.004639 -0.193115 -5.624253 0.009019 -0.375472
-2.039917 0.809937 0.359497 -3.966193 1.574753 0.698967
-1.265503 0.643066 -0.101440 -2.460507 1.250309 -0.197230
-0.495605 0.210205 -0.496338 -0.963602 0.408700 -0.965026
-0.002075 0.035522 -0.551880 -0.004035 0.069066 -1.073015
0.139893 0.030396 -0.308472 0.271992 0.059098 -0.599759
0.081055 -0.008423 -0.137573 0.157594 -0.016376 -0.267482
-0.081421 -0.109863 -0.065186 -0.158306 -0.213606 -0.126740
-0.071289 -0.072021 0.000366 -0.138607 -0.140031 0.000712
0.072021 -0.015625 0.008911 0.140031 -0.030380 0.017326
0.164795 -0.024170 -0.049194 0.320409 -0.046993 -0.095648
0.191528 -0.031982 -0.110718 0.372387 -0.062183 -0.215268
0.214233 -0.037598 -0.091797 0.416532 -0.073101 -0.178480
0.146240 -0.065674 -0.105835 0.284334 -0.127689 -0.205774
0.078247 -0.114502 -0.114502 0.152135 -0.222625 -0.222625
0.084473 -0.134033 -0.093750 0.164239 -0.260600 -0.182277
0.077271 -0.150879 -0.087646 0.150236 -0.293353 -0.170410
0.055054 -0.148071 -0.062622 0.107040 -0.287894 -0.121756
0.023560 -0.104736 -0.013428 0.045807 -0.203638 -0.026107
0.006958 -0.106934 -0.026855 0.013528 -0.207910 -0.052215
0.024902 -0.103394 -0.060547 0.048417 -0.201027 -0.117721
0.017578 -0.114624 -0.100220 0.034177 -0.222863 -0.194856
-0.012329 -0.070923 -0.131836 -0.023971 -0.137895 -0.256328
-0.028442 -0.056763 -0.163696 -0.055300 -0.110363 -0.318273
-0.018188 -0.002563 -0.197021 -0.035364 -0.004984 -0.383067
-0.025269 -0.020386 -0.214600 -0.049129 -0.039636 -0.417244
-0.028687 -0.019287 -0.178955 -0.055775 -0.037500 -0.347941
-0.014771 0.037598 -0.147217 -0.028718 0.073101 -0.286232
-0.021729 0.089844 -0.098511 -0.042247 0.174682 -0.191534
-0.072510 0.234253 0.025513 -0.140980 0.455456 0.049604
-0.143555 0.288696 0.156372 -0.279112 0.561310 0.304033
-0.160034 0.176025 0.151001 -0.311153 0.342245 0.293590
-0.082520 -0.019409 0.058228 -0.160442 -0.037737 0.113211
0.044800 -0.089600 -0.045410 0.087104 -0.174208 -0.088291
