-0.371094 0.127441 -0.053711 -0.721514 0.247783 -0.104430
-0.432251 0.363525 0.337524 -0.840422 0.706799 0.656246
-0.480103 0.114502 0.386963 -0.933459 0.222625 0.752369
-0.274658 -0.313477 0.302734 -0.534016 -0.609490 0.588604
0.111938 -0.449829 0.285278 0.217641 -0.874599 0.554664
0.428711 -0.528809 0.347290 0.833539 -1.028158 0.675233
0.716919 -0.442749 0.419678 1.393899 -0.860833 0.815976
0.931763 -0.109863 0.318848 1.811618 -0.213606 0.619933
1.062012 0.071533 -0.028198 2.064861 0.139081 -0.054826
1.158447 -0.000244 -0.451904 2.252359 -0.000475 -0.878634
1.247559 0.131226 -0.700439 2.425618 0.255141 -1.361859
1.257324 0.315918 -0.745361 2.444605 0.614237 -1.449200
1.168335 0.598999 -0.682617 2.271584 1.164629 -1.327207
0.979858 0.747681 -0.605835 1.905131 1.453709 -1.177920
0.761108 0.586914 -0.569214 1.479817 1.141132 -1.106718
0.488281 0.404175 -0.470825 0.949361 0.785834 -0.915421
0.083374 0.538330 -0.336792 0.162103 1.046671 -0.654822
-0.457886 0.563477 -0.146240 -0.890263 1.095563 -0.284334
-1.240967 -0.052002 -0.188843 -2.412801 -0.101107 -0.367165
-2.077393 -0.660767 -0.417480 -4.039057 -1.284723 -0.811704
-2.778687 -0.708862 -0.512451 -5.402577 -1.378235 -0.996355
-2.943970 -0.398682 -0.413574 -5.723936 -0.775153 -0.804109
-2.221191 -0.041016 -0.319702 -4.318644 -0.079746 -0.621594
-1.364624 -0.171387 -0.446045 -2.653227 -0.333226 -0.867241
-0.744385 -0.421997 -0.554443 -1.447301 -0.820485 -1.078000
-0.049072 -0.504883 -0.605469 -0.095411 -0.981639 -1.177208
0.521851 -0.459595 -0.524048 1.014630 -0.893586 -1.018902
0.875000 -0.345703 -0.426270 1.701255 -0.672148 -0.828792
1.138062 -0.199463 -0.447021 2.212723 -0.387814 -0.869140
1.529419 -0.048462 -0.503540 2.973636 -0.094224 -0.979029
1.904907 0.010498 -0.555664 3.703695 0.020411 -1.080373
2.070801 0.071045 -0.545044 4.026241 0.138132 -1.059724
2.111938 0.124634 -0.606445 4.106224 0.242324 -1.179107
1.965088 0.251709 -0.650146 3.820704 0.489396 -1.264074
1.534058 0.366211 -0.691895 2.982655 0.712021 -1.345245
1.281006 0.339478 -0.688232 2.490649 0.660043 -1.338125
1.164673 0.204834 -0.741333 2.264464 0.398257 -1.441368
0.962769 0.110840 -0.810303 1.871903 0.215505 -1.575465
0.563721 -0.080688 -0.801392 1.096037 -0.156882 -1.558139
0.015503 -0.457153 -0.828613 0.030142 -0.888839 -1.611066
-0.453247 -0.947998 -1.021484 -0.881244 -1.843185 -1.986063
-0.827393 -0.827148 -1.220581 -1.608692 -1.608218 -2.373166
-1.190186 0.033813 -1.183350 -2.314068 0.065743 -2.300777
-1.616089 0.443604 -1.053101 -3.142148 0.862495 -2.047535
-2.115356 0.384644 -0.904175 -4.112870 0.747859 -1.757980
-2.436646 -0.003540 -0.751953 -4.737549 -0.006883 -1.462016
-2.501465 -0.175049 -0.856689 -4.863577 -0.340346 -1.665654
-2.062012 0.306763 -0.563843 -4.009152 0.596436 -1.096275
-1.021851 0.489868 -0.271240 -1.986776 0.952447 -0.527370
-0.257813 0.290894 -0.285278 -0.501263 0.565582 -0.554664
-0.083862 0.167603 -0.341187 -0.163053 0.325868 -0.663366
-0.031372 0.069824 -0.309692 -0.060996 0.135759 -0.602132
0.010376 0.010254 -0.192383 0.020174 0.019937 -0.374048
0.001587 -0.009155 -0.061279 0.003085 -0.017801 -0.119145
0.044922 -0.051758 -0.034058 0.087341 -0.100632 -0.066218
0.155640 -0.079224 -0.034302 0.302609 -0.154034 -0.066693
0.264648 -0.094482 -0.067383 0.514554 -0.183701 -0.131012
0.291138 -0.151367 -0.117554 0.566057 -0.294302 -0.228559
0.209229 -0.205322 -0.122681 0.406801 -0.399206 -0.238527
0.194824 -0.127075 -0.086304 0.378795 -0.247071 -0.167800
0.230469 -0.046143 -0.120728 0.448098 -0.089715 -0.234730
0.195190 -0.053467 -0.169312 0.379507 -0.103955 -0.329191
0.145752 -0.046265 -0.165283 0.283384 -0.089952 -0.321359
0.125732 -0.080566 -0.142944 0.244460 -0.156645 -0.277925
0.114624 -0.028320 -0.163208 0.222863 -0.055063 -0.317324
0.120483 0.039673 -0.161133 0.234255 0.077136 -0.313289
0.101318 0.058472 -0.163330 0.196992 0.113686 -0.317561
0.072876 0.024292 -0.162476 0.141692 0.047231 -0.315900
0.035034 -0.004150 -0.146240 0.068117 -0.008070 -0.284334
0.010986 -0.006958 -0.126099 0.021361 -0.013528 -0.245173
-0.018921 -0.026855 -0.089966 -0.036788 -0.052215 -0.174920
-0.046509 -0.020630 -0.054443 -0.090427 -0.040111 -0.105854
-0.003052 -0.007935 -0.046143 -0.005934 -0.015427 -0.089715
0.049561 -0.008667 -0.068726 0.096360 -0.016851 -0.133623
0.035767 -0.024170 -0.102417 0.069541 -0.046993 -0.199128
0.060547 0.060547 -0.113525 0.117721 0.117721 -0.220726
0.072632 0.061523 -0.136719 0.141217 0.119620 -0.265821
0.053955 0.022705 -0.133423 0.104904 0.044145 -0.259413
-0.005859 -0.029053 -0.121948 -0.011392 -0.056487 -0.237103
-0.066284 -0.065674 -0.058472 -0.128876 -0.127689 -0.113686
