-0.427979 -0.016724 0.091797 -0.832115 -0.032516 0.178480
-0.426270 -0.004883 0.239624 -0.828792 -0.009494 0.465899
-0.469727 -0.376099 0.318848 -0.913285 -0.731245 0.619933
-0.322266 -0.578491 0.380127 -0.626578 -1.124756 0.739078
0.049561 -0.654297 0.571289 0.096360 -1.272144 1.110753
0.484985 -0.401001 0.669434 0.942953 -0.779663 1.301574
0.855103 -0.351929 0.449463 1.662569 -0.684252 0.873887
1.219727 -0.169067 0.025513 2.371504 -0.328716 0.049604
1.467285 -0.098267 -0.371460 2.852830 -0.191059 -0.722227
1.553833 -0.118774 -0.749878 3.021105 -0.230932 -1.457981
1.608276 -0.016724 -1.009277 3.126958 -0.032516 -1.962330
1.605103 0.140259 -1.192261 3.120787 0.272704 -2.318103
1.480957 0.531860 -1.244751 2.879412 1.034092 -2.420159
1.159790 0.821899 -1.128418 2.254970 1.598012 -2.193974
0.767090 0.807007 -1.023438 1.491446 1.569057 -1.989861
0.483765 0.700439 -0.829468 0.940580 1.361859 -1.612727
0.068726 0.467407 -0.485962 0.133623 0.908776 -0.944852
-0.724854 -0.012939 -0.196655 -1.409327 -0.025158 -0.382355
-1.646484 -0.222534 0.079956 -3.201246 -0.432671 0.155458
-2.310059 -0.353027 0.433838 -4.491427 -0.686388 0.843507
-2.874756 -0.696045 0.592041 -5.589364 -1.353314 1.151100
-3.054321 -0.869141 0.317871 -5.938491 -1.689863 0.618034
-2.633545 -0.923706 -0.246582 -5.120379 -1.795954 -0.479427
-1.965088 -0.935181 -0.598267 -3.820704 -1.818264 -1.163205
-1.013306 -0.674194 -0.767090 -1.970162 -1.310830 -1.491446
0.164673 -0.251099 -0.830444 0.320172 -0.488209 -1.614626
0.869751 -0.047852 -0.707520 1.691050 -0.093037 -1.375624
1.132813 0.002563 -0.634155 2.202518 0.004984 -1.232983
1.322388 0.140015 -0.737549 2.571107 0.272229 -1.434010
1.538452 0.174316 -0.911621 2.991199 0.338922 -1.772457
1.690186 0.088379 -0.946533 3.286214 0.171834 -1.840337
1.713013 -0.005737 -0.941040 3.330596 -0.011155 -1.829656
1.667847 0.159790 -0.964722 3.242780 0.310678 -1.875700
1.509644 0.410889 -0.918335 2.935187 0.798887 -1.785511
1.170898 0.484619 -0.820190 2.276568 0.942241 -1.594689
0.755615 0.430786 -0.812866 1.469136 0.837574 -1.580449
0.419922 0.366333 -0.934814 0.816451 0.712258 -1.817552
0.248413 0.371094 -0.940918 0.482987 0.721514 -1.829419
-0.184082 0.247437 -0.787476 -0.357909 0.481089 -1.531082
-0.883911 0.000244 -0.569214 -1.718581 0.000475 -1.106718
-1.627563 -0.201294 -0.460815 -3.164458 -0.391374 -0.895960
-1.988037 -0.138916 -0.436157 -3.865324 -0.270093 -0.848017
-1.992920 -0.206177 -0.315552 -3.874817 -0.400868 -0.613525
-1.759399 -0.263062 -0.260498 -3.420785 -0.511468 -0.506484
-1.429565 -0.214478 -0.325439 -2.779492 -0.417007 -0.632749
-1.075317 -0.049683 -0.301514 -2.090731 -0.096597 -0.586231
-0.683105 -0.060303 -0.299438 -1.328156 -0.117246 -0.582196
-0.186890 -0.156616 -0.374023 -0.363368 -0.304508 -0.727211
0.073486 -0.078491 -0.240234 0.142879 -0.152610 -0.467086
0.011597 0.025024 -0.026001 0.022547 0.048655 -0.050553
-0.046143 0.074829 0.035889 -0.089715 0.145490 0.069778
-0.001587 0.081543 -0.018555 -0.003085 0.158543 -0.036076
0.056641 0.076538 -0.087524 0.110126 0.148812 -0.170173
0.060913 0.115723 -0.090576 0.118433 0.224999 -0.176106
0.015503 0.124390 -0.057007 0.030142 0.241850 -0.110838
-0.008545 0.130737 -0.010620 -0.016614 0.254191 -0.020649
-0.026611 0.221436 0.017090 -0.051740 0.430535 0.033228
-0.076660 0.199707 -0.015503 -0.149050 0.388289 -0.030142
-0.082886 0.178223 -0.071411 -0.161154 0.346517 -0.138844
-0.066528 0.269409 -0.065186 -0.129350 0.523810 -0.126740
-0.129639 0.314575 0.004028 -0.252055 0.611626 0.007832
-0.183472 0.171387 -0.012207 -0.356722 0.333226 -0.023734
-0.129761 -0.026001 -0.080688 -0.252293 -0.050553 -0.156882
-0.016724 -0.079956 -0.135620 -0.032516 -0.155458 -0.263685
0.038940 -0.013916 -0.166870 0.075712 -0.027057 -0.324444
0.026733 0.110352 -0.147827 0.051978 0.214556 -0.287419
0.018311 0.108154 -0.149658 0.035601 0.210283 -0.290979
0.037598 0.044434 -0.108765 0.073101 0.086392 -0.211470
0.051514 0.007080 -0.094971 0.100158 0.013766 -0.184651
0.045898 0.020630 -0.082397 0.089240 0.040111 -0.160205
0.007935 0.031494 -0.082520 0.015427 0.061234 -0.160442
-0.033936 0.048340 -0.112061 -0.065981 0.093987 -0.217878
-0.051147 0.053589 -0.150513 -0.099446 0.104192 -0.292641
-0.056152 0.054077 -0.142090 -0.109177 0.105142 -0.276264
-0.060425 0.043457 -0.117798 -0.117483 0.084493 -0.229033
-0.041626 0.017944 -0.111206 -0.080933 0.034889 -0.216217
-0.036377 -0.017944 -0.112061 -0.070727 -0.034889 -0.217878
-0.059326 -0.036865 -0.102417 -0.115347 -0.071677 -0.199128
-0.069458 -0.038330 -0.105469 -0.135047 -0.074525 -0.205062
-0.062012 -0.034790 -0.139038 -0.120569 -0.067642 -0.270331
