-0.080688 0.070068 -0.379517 -0.156882 0.136233 -0.737891
-0.243408 0.210327 -0.399780 -0.473257 0.408937 -0.777289
-0.464111 0.054443 -0.286743 -0.902368 0.105854 -0.557512
-0.572754 0.020996 -0.056152 -1.113601 0.040823 -0.109177
-0.643677 -0.130127 0.228394 -1.251495 -0.253005 0.444064
-0.572266 -0.318481 0.596558 -1.112651 -0.619221 1.159882
-0.198730 -0.036255 0.940796 -0.386390 -0.070490 1.829182
0.191406 0.106445 0.942505 0.372150 0.206961 1.832504
0.411255 -0.231934 0.552368 0.799599 -0.450947 1.073965
0.425781 -0.742554 0.083618 0.827843 -1.443741 0.162578
0.637573 -0.901611 -0.068115 1.239628 -1.752995 -0.132436
1.153320 -0.942627 -0.167114 2.242391 -1.832742 -0.324919
2.080688 -0.654907 -0.255249 4.045465 -1.273331 -0.496279
2.833008 -0.116333 -0.412231 5.508193 -0.226185 -0.801498
2.815918 0.277588 -0.507813 5.474966 0.539712 -0.987336
2.345215 0.185913 -0.652344 4.559782 0.361469 -1.268346
1.795166 -0.107666 -0.823486 3.490326 -0.209334 -1.601098
1.188965 -0.103760 -0.863403 2.311694 -0.201739 -1.678708
0.579956 0.014648 -0.824951 1.127604 0.028481 -1.603946
0.221680 0.048828 -0.850708 0.431010 0.094936 -1.654024
0.062012 0.069580 -0.838745 0.120569 0.135284 -1.630765
-0.232422 0.074341 -0.749756 -0.451896 0.144540 -1.457744
-0.738037 0.079102 -0.604614 -1.434959 0.153797 -1.175546
-1.284912 0.072388 -0.491455 -2.498244 0.140743 -0.955532
-1.682373 0.188721 -0.531128 -3.271024 0.366928 -1.032668
-1.949341 0.278809 -0.691772 -3.790087 0.542085 -1.345007
-2.218872 0.193481 -0.731689 -4.314134 0.376184 -1.422618
-2.476440 0.006104 -0.645996 -4.814922 0.011867 -1.256005
-2.521729 0.018921 -0.513428 -4.902976 0.036788 -0.998253
-2.539063 0.082764 -0.366577 -4.936678 0.160917 -0.712733
-2.276611 -0.020020 0.044800 -4.426396 -0.038924 0.087104
-1.652832 -0.302979 0.466919 -3.213588 -0.589079 0.907827
-1.008179 -0.620117 0.618774 -1.960193 -1.205689 1.203078
-0.539551 -0.822998 0.662598 -1.049044 -1.600148 1.288283
-0.045532 -0.588623 0.545532 -0.088528 -1.144455 1.060674
0.589355 -0.450195 0.194824 1.145879 -0.875311 0.378795
1.183228 -0.548950 -0.205566 2.300539 -1.067319 -0.399681
1.711670 -0.599609 -0.461426 3.327986 -1.165815 -0.897146
2.229370 -0.443237 -0.553711 4.334546 -0.861783 -1.076576
2.524536 -0.297729 -0.662109 4.908434 -0.578873 -1.287334
2.419067 -0.305298 -0.913208 4.703372 -0.593588 -1.775543
1.916992 -0.343140 -0.996704 3.727192 -0.667164 -1.937883
1.474243 -0.321777 -0.942993 2.866359 -0.625629 -1.833454
1.352417 -0.262939 -0.963989 2.629493 -0.511231 -1.874276
1.203247 -0.062866 -0.826416 2.339463 -0.122230 -1.606794
0.950562 -0.052246 -0.742065 1.848169 -0.101582 -1.442792
0.663574 -0.231812 -0.770386 1.290182 -0.450709 -1.497855
0.437012 -0.424438 -0.751953 0.849678 -0.825232 -1.462016
0.183594 -0.490234 -0.700928 0.356960 -0.953159 -1.362808
-0.199341 -0.511475 -0.586182 -0.387577 -0.994456 -1.139708
-0.761108 -0.418701 -0.389404 -1.479817 -0.814077 -0.757115
-1.272583 -0.092529 -0.288940 -2.474272 -0.179904 -0.561784
-1.627075 0.107666 -0.292969 -3.163509 0.209334 -0.569617
-1.857300 0.049316 -0.216553 -3.611132 0.095885 -0.421042
-2.183716 -0.155640 0.021484 -4.245780 -0.302609 0.041772
-2.372681 0.066040 0.073242 -4.613183 0.128401 0.142404
-2.117920 0.708862 -0.081299 -4.117854 1.378235 -0.158069
-1.689209 0.802002 -0.088379 -3.284315 1.559326 -0.171834
-1.269653 0.483032 -0.077637 -2.468576 0.939156 -0.150948
-0.749390 0.274658 -0.053589 -1.457032 0.534016 -0.104192
-0.263062 0.133301 -0.118286 -0.511468 0.259176 -0.229983
-0.029297 0.023071 -0.164307 -0.056962 0.044857 -0.319460
-0.032593 0.050049 -0.126343 -0.063370 0.097310 -0.245647
-0.028687 0.062378 -0.084351 -0.055775 0.121281 -0.164002
0.080322 -0.050537 -0.058350 0.156170 -0.098259 -0.113449
0.219116 -0.180054 -0.073486 0.426026 -0.350077 -0.142879
0.274170 -0.257935 -0.105835 0.533066 -0.501500 -0.205774
0.241699 -0.170410 -0.099365 0.469934 -0.331327 -0.193195
0.142212 -0.041504 -0.062500 0.276501 -0.080696 -0.121518
0.068359 -0.012085 -0.013062 0.132911 -0.023497 -0.025395
0.076416 -0.042603 0.037720 0.148575 -0.082832 0.073338
0.093018 -0.088135 0.079468 0.180853 -0.171360 0.154509
0.077881 -0.084351 0.091675 0.151423 -0.164002 0.178243
0.035034 -0.023682 0.053833 0.068117 -0.046044 0.104667
-0.015259 0.002197 0.021118 -0.029668 0.004272 0.041060
-0.070068 -0.014038 0.034912 -0.136233 -0.027294 0.067879
-0.109009 -0.065552 0.088135 -0.211945 -0.127452 0.171360
-0.125122 -0.083496 0.123779 -0.243274 -0.162341 0.240663
-0.135132 -0.040283 0.091187 -0.262736 -0.078322 0.177293
-0.114380 0.011230 0.039185 -0.222388 0.021835 0.076186
