-0.081299 0.355957 -0.067383 -0.158069 0.692084 -0.131012
-0.126221 0.050415 -0.053345 -0.245410 0.098022 -0.103718
0.062256 0.129028 -0.122559 0.121044 0.250869 -0.238290
0.264771 0.149414 -0.253052 0.514791 0.290505 -0.492006
0.664307 0.105347 -0.281616 1.291606 0.204825 -0.547544
1.119995 0.027588 -0.312500 2.177597 0.053639 -0.607591
1.389038 -0.632935 -0.529175 2.700695 -1.230609 -1.028870
1.627808 -0.375122 -0.827515 3.164933 -0.729347 -1.608930
1.569214 0.102417 -1.026123 3.051009 0.199128 -1.995082
1.293091 0.318237 -1.134888 2.514146 0.618746 -2.206553
0.997070 0.381714 -1.265991 1.938595 0.742163 -2.461456
1.194092 0.672607 -1.310181 2.321663 1.307745 -2.547373
1.299194 0.688843 -1.157715 2.526013 1.339311 -2.250935
0.753174 0.238037 -0.901733 1.464390 0.462814 -1.753233
-0.293823 -0.126709 -0.645142 -0.571278 -0.246359 -1.254343
-1.396118 -0.382446 -0.255737 -2.714461 -0.743587 -0.497228
-2.511230 -0.841675 0.546997 -4.882565 -1.636461 1.063522
-3.221558 -1.376343 1.590210 -6.263648 -2.676012 3.091832
-3.074707 -1.309204 2.090576 -5.978127 -2.545475 4.064690
-2.834351 -0.789429 1.583618 -5.510804 -1.534880 3.079015
-2.046509 -0.586182 0.621338 -3.979010 -1.139708 1.208062
-0.598511 -0.353638 -0.500122 -1.163679 -0.687575 -0.972383
0.298706 -0.196167 -1.101074 0.580772 -0.381406 -2.140809
0.732422 -0.014771 -1.009766 1.424042 -0.028718 -1.963279
1.215698 0.301514 -0.844360 2.363672 0.586231 -1.641683
1.855835 0.395020 -1.003784 3.608284 0.768033 -1.951649
2.170898 0.332275 -1.249268 4.220860 0.646040 -2.428941
2.070435 0.469238 -1.207275 4.025528 0.912336 -2.347296
1.943481 0.665649 -1.079956 3.778695 1.294217 -2.099750
1.769165 0.676392 -0.949829 3.439773 1.315103 -1.846745
1.374146 0.512939 -0.961670 2.671740 0.997304 -1.869767
0.927612 0.357788 -0.997314 1.803549 0.695644 -1.939070
0.505005 0.140991 -1.038940 0.981877 0.274128 -2.020003
-0.015137 -0.078369 -0.897949 -0.029430 -0.152372 -1.745875
-0.599976 -0.265503 -0.656494 -1.166528 -0.516215 -1.276416
-1.117188 -0.542725 -0.488281 -2.172138 -1.055215 -0.949361
-1.703735 -0.748657 -0.407837 -3.312558 -1.455608 -0.792954
-2.061768 -0.736450 -0.260376 -4.008677 -1.431874 -0.506247
-2.145630 -0.594360 0.007935 -4.171730 -1.155610 0.015427
-1.737793 -0.359131 0.185913 -3.378776 -0.698255 0.361469
-1.124023 -0.202271 0.082153 -2.185429 -0.393273 0.159730
-0.707275 -0.171387 -0.200195 -1.375150 -0.333226 -0.389238
-0.532715 -0.166260 -0.213989 -1.035753 -0.323257 -0.416058
-0.371094 0.090332 -0.138672 -0.721514 0.175632 -0.269619
-0.044556 0.213623 -0.178711 -0.086629 0.415345 -0.347466
0.179199 0.061157 -0.286011 0.348416 0.118907 -0.556088
0.191528 -0.012207 -0.332397 0.372387 -0.023734 -0.646278
0.146240 0.002930 -0.287720 0.284334 0.005696 -0.559411
0.127808 0.001221 -0.193237 0.248495 0.002373 -0.375710
0.134766 -0.001953 -0.163574 0.262024 -0.003797 -0.318036
0.144409 -0.087769 -0.170776 0.280774 -0.170648 -0.332039
0.119873 -0.117798 -0.179077 0.233068 -0.229033 -0.348178
-0.019287 -0.136230 -0.126831 -0.037500 -0.264872 -0.246597
-0.185181 -0.151123 -0.059448 -0.360045 -0.293827 -0.115585
-0.264771 -0.166992 -0.012939 -0.514791 -0.324682 -0.025158
-0.199463 -0.125000 -0.034180 -0.387814 -0.243036 -0.066455
-0.036987 -0.116211 -0.123657 -0.071914 -0.225948 -0.240426
0.157471 -0.130249 -0.189453 0.306169 -0.253242 -0.368352
0.068726 -0.240234 -0.171753 0.133623 -0.467086 -0.333938
-0.128052 -0.059814 -0.109253 -0.248970 -0.116297 -0.212420
0.003296 0.151001 -0.082886 0.006408 0.293590 -0.161154
0.137695 -0.089844 -0.078247 0.267720 -0.174682 -0.152135
0.088257 -0.021240 -0.109497 0.171597 -0.041297 -0.212894
0.011475 0.134766 -0.153687 0.022310 0.262024 -0.298811
0.044312 0.087769 -0.157349 0.086155 0.170648 -0.305932
0.052734 -0.015747 -0.117920 0.102531 -0.030617 -0.229271
0.045044 -0.015015 -0.120972 0.087579 -0.029193 -0.235204
0.041382 -0.012329 -0.118408 0.080458 -0.023971 -0.230220
0.081909 0.114136 -0.100220 0.159255 0.221913 -0.194856
-0.074951 -0.127197 -0.080078 -0.145727 -0.247309 -0.155695
-0.013916 -0.052368 -0.084351 -0.027057 -0.101819 -0.164002
-0.007568 0.042603 -0.101563 -0.014715 0.082832 -0.197467
0.003418 0.105835 -0.097046 0.006646 0.205774 -0.188686
0.017700 0.118042 -0.092651 0.034414 0.229508 -0.180141
0.029541 0.134521 -0.121948 0.057436 0.261549 -0.237103
0.032837 0.079956 -0.132690 0.063845 0.155458 -0.257989
0.051270 -0.006104 -0.131348 0.099683 -0.011867 -0.255378
0.056763 -0.041626 -0.146729 0.110363 -0.080933 -0.285283
0.038086 -0.033325 -0.144897 0.074050 -0.064794 -0.281723
0.017944 -0.001587 -0.131104 0.034889 -0.003085 -0.254903
