-0.786621 -0.481567 0.110107 -1.529421 -0.936307 0.214081
-0.625732 -0.548096 -0.147827 -1.216606 -1.065658 -0.287419
-0.571411 -0.344849 -0.212158 -1.110990 -0.670486 -0.412497
-0.257446 0.070923 -0.190796 -0.500551 0.137895 -0.370963
0.223511 0.223389 -0.312012 0.434570 0.434333 -0.606642
0.816406 0.230103 -0.564331 1.587332 0.447386 -1.097224
1.150024 0.363403 -0.762695 2.235983 0.706562 -1.482902
1.089722 0.471069 -0.821533 2.118737 0.915896 -1.597300
1.027954 0.709106 -0.925171 1.998643 1.378710 -1.798802
1.236450 0.986694 -1.073975 2.404020 1.918422 -2.088120
1.493530 1.051270 -1.220093 2.903858 2.043975 -2.372216
1.440796 0.844727 -1.237305 2.801327 1.642395 -2.405681
1.053955 0.589478 -1.069946 2.049196 1.146116 -2.080288
0.459473 0.348022 -0.642090 0.893349 0.676657 -1.248410
-0.477173 0.106567 -0.211304 -0.927763 0.207198 -0.410836
-1.192749 -0.235840 0.266113 -2.319052 -0.458541 0.517402
-1.808350 -0.626953 0.754761 -3.515959 -1.218980 1.467475
-2.661255 -0.974609 1.125122 -5.174255 -1.894925 2.187565
-3.164795 -0.533691 0.917603 -6.153284 -1.037652 1.784087
-2.355835 0.078369 0.118530 -4.580430 0.152372 0.230457
-1.016602 0.299805 -0.417480 -1.976570 0.582908 -0.811704
-0.263428 0.245605 -0.741943 -0.512180 0.477529 -1.442554
0.401855 0.280396 -0.729736 0.781324 0.545171 -1.418820
1.244507 0.400513 -0.569214 2.419684 0.778713 -1.106718
1.761108 0.445801 -0.436768 3.424108 0.866767 -0.849204
2.124268 0.535767 -0.369507 4.130196 1.041687 -0.718429
2.211670 0.688599 -0.430420 4.300131 1.338837 -0.836862
2.278198 0.660522 -0.743652 4.429482 1.284248 -1.445877
2.183838 0.292480 -0.821045 4.246017 0.568667 -1.596351
1.795410 0.117310 -0.774048 3.490801 0.228084 -1.504975
0.894409 0.094238 -0.849976 1.738992 0.183227 -1.652600
0.204956 -0.054077 -0.820435 0.398494 -0.105142 -1.595164
-0.218506 -0.087036 -0.793213 -0.424839 -0.169224 -1.542237
-0.713257 -0.208862 -0.690308 -1.386779 -0.406089 -1.342159
-1.179565 -0.374512 -0.507813 -2.293419 -0.728160 -0.987336
-1.505493 -0.498901 -0.407227 -2.927118 -0.970010 -0.791767
-1.696167 -0.468750 -0.395630 -3.297843 -0.911387 -0.769220
-1.913940 -0.227173 -0.314575 -3.721258 -0.441690 -0.611626
-1.824097 0.011353 -0.211548 -3.546576 0.022073 -0.411311
-1.092163 0.098755 -0.091919 -2.123483 0.192008 -0.178717
-0.557495 0.007935 -0.069580 -1.083933 0.015427 -0.135284
-0.260010 -0.033447 -0.133179 -0.505535 -0.065031 -0.258938
-0.099854 -0.003052 -0.179810 -0.194144 -0.005934 -0.349602
-0.001587 0.021484 -0.204102 -0.003085 0.041772 -0.396833
0.113403 0.058472 -0.196777 0.220489 0.113686 -0.382593
0.220459 0.128052 -0.183228 0.428637 0.248970 -0.356248
0.158569 0.131348 -0.156982 0.308305 0.255378 -0.305220
0.063843 0.087646 -0.138916 0.124129 0.170410 -0.270093
0.078979 0.010132 -0.131836 0.153559 0.019699 -0.256328
0.063599 0.051025 -0.122803 0.123654 0.099208 -0.238764
0.079102 0.143555 -0.087280 0.153797 0.279112 -0.169698
0.011475 0.072266 -0.051880 0.022310 0.140505 -0.100870
-0.050171 -0.022217 -0.024048 -0.097547 -0.043196 -0.046756
-0.043701 -0.000488 -0.038940 -0.084968 -0.000949 -0.075712
-0.018066 0.032837 -0.086914 -0.035126 0.063845 -0.168986
-0.004395 -0.005615 -0.112549 -0.008544 -0.010918 -0.218828
-0.008789 -0.045776 -0.102173 -0.017089 -0.089003 -0.198654
-0.029419 -0.035767 -0.066650 -0.057199 -0.069541 -0.129588
-0.036621 -0.009155 -0.049683 -0.071202 -0.017801 -0.096597
-0.044678 -0.025879 -0.012207 -0.086867 -0.050316 -0.023734
-0.018066 -0.032349 -0.046387 -0.035126 -0.062895 -0.090189
0.025513 -0.023193 -0.093140 0.049604 -0.045095 -0.181091
-0.047119 -0.046631 -0.096924 -0.091613 -0.090664 -0.188448
-0.081909 -0.047852 -0.103027 -0.159255 -0.093037 -0.200315
-0.024902 -0.071045 -0.122192 -0.048417 -0.138132 -0.237578
-0.028809 -0.058838 -0.134155 -0.056012 -0.114398 -0.260837
0.013306 0.005981 -0.095459 0.025870 0.011630 -0.185600
-0.093994 -0.029663 -0.106934 -0.182752 -0.057674 -0.207910
0.031982 0.000366 -0.124390 0.062183 0.000712 -0.241850
0.040283 0.030029 -0.131104 0.078322 0.058386 -0.254903
0.009766 -0.005127 -0.132446 0.018987 -0.009968 -0.257514
-0.008667 0.003662 -0.129028 -0.016851 0.007120 -0.250869
0.013672 0.018188 -0.136475 0.026582 0.035364 -0.265346
0.001221 -0.017700 -0.141968 0.002373 -0.034414 -0.276027
-0.046265 -0.024414 -0.146973 -0.089952 -0.047468 -0.285758
-0.065918 -0.011230 -0.143799 -0.128164 -0.021835 -0.279587
-0.040039 -0.008667 -0.132935 -0.077848 -0.016851 -0.258464
-0.029419 -0.010498 -0.126587 -0.057199 -0.020411 -0.246122
-0.006470 -0.046021 -0.119019 -0.012579 -0.089477 -0.231407
-0.023438 -0.060425 -0.130249 -0.045569 -0.117483 -0.253242
