-0.423096 -0.099365 0.313110 -0.822621 -0.193195 0.608778
-0.213623 -0.099121 0.160156 -0.415345 -0.192720 0.311390
-0.132446 -0.168091 -0.023926 -0.257514 -0.326818 -0.046519
0.081299 -0.156006 -0.142456 0.158069 -0.303321 -0.276976
0.358398 -0.199585 -0.317993 0.696831 -0.388051 -0.618271
0.794312 -0.101196 -0.483398 1.544373 -0.196755 -0.939868
1.132202 -0.063354 -0.647827 2.201331 -0.123180 -1.259565
1.261475 0.047485 -0.740601 2.452674 0.092325 -1.439944
1.316528 0.217651 -0.803345 2.559715 0.423178 -1.561936
1.265015 0.316406 -0.982544 2.459557 0.615186 -1.910352
1.302002 0.492065 -1.192505 2.531471 0.956719 -2.318577
1.321899 0.628662 -1.275879 2.570158 1.222302 -2.480681
1.302246 0.619873 -1.258423 2.531946 1.205214 -2.446741
1.173218 0.475708 -1.124146 2.281077 0.924915 -2.185667
0.819580 0.247314 -0.880859 1.593503 0.480851 -1.712647
0.146362 -0.208374 -0.255615 0.284571 -0.405140 -0.496991
-0.900879 -0.392822 0.390381 -1.751571 -0.763761 0.759014
-1.858398 -0.230835 0.918457 -3.613269 -0.448810 1.785748
-2.722168 -0.561890 1.392090 -5.292688 -1.092477 2.706629
-2.987305 -1.031250 1.701782 -5.808191 -2.005051 3.308761
-2.340454 -0.948120 0.990356 -4.550525 -1.843422 1.925542
-1.628052 -0.544800 -0.236450 -3.165407 -1.059250 -0.459728
-0.950684 -0.425171 -0.632202 -1.848406 -0.826656 -1.229185
-0.257813 -0.192627 -0.683350 -0.501263 -0.374523 -1.328631
0.190308 -0.150146 -0.765747 0.370014 -0.291929 -1.488836
0.400391 -0.066528 -0.998535 0.778476 -0.129350 -1.941444
0.774292 0.169312 -1.107300 1.505449 0.329191 -2.152914
1.115112 0.350220 -1.008667 2.168103 0.680929 -1.961143
1.276001 0.360718 -0.875732 2.480918 0.701341 -1.702679
1.407837 0.351196 -0.855469 2.737246 0.682828 -1.663281
1.715698 0.410156 -0.851318 3.335818 0.797463 -1.655211
1.700562 0.495972 -0.818237 3.306387 0.964314 -1.590892
1.228516 0.533081 -0.819824 2.388593 1.036465 -1.593977
0.894897 0.498779 -0.831299 1.739942 0.969772 -1.616287
0.669312 0.420166 -0.802612 1.301337 0.816925 -1.560512
0.372314 0.369385 -0.838135 0.723888 0.718192 -1.629578
-0.028320 0.189453 -0.747559 -0.055063 0.368352 -1.453472
-0.386353 -0.096802 -0.478394 -0.751182 -0.188211 -0.930137
-0.829712 -0.319336 -0.243408 -1.613202 -0.620882 -0.473257
-1.316284 -0.336182 -0.204834 -2.559240 -0.653635 -0.398257
-1.730591 -0.345947 -0.280151 -3.364773 -0.672622 -0.544696
-2.023804 -0.268188 -0.331909 -3.934865 -0.521437 -0.645328
-2.165039 -0.171631 -0.240845 -4.209467 -0.333700 -0.468272
-1.890137 -0.041260 -0.243896 -3.674977 -0.080221 -0.474206
-1.212402 0.009033 -0.289551 -2.357264 0.017563 -0.562971
-0.524902 -0.061890 -0.293823 -1.020563 -0.120332 -0.571278
-0.376221 -0.203979 -0.233521 -0.731483 -0.396596 -0.454032
-0.411987 -0.196533 -0.073364 -0.801023 -0.382118 -0.142642
0.000610 -0.128906 -0.046021 0.001187 -0.250631 -0.089477
0.271362 -0.097656 -0.201538 0.527607 -0.189872 -0.391849
0.253540 -0.134155 -0.268555 0.492956 -0.260837 -0.522149
0.053711 -0.152954 -0.105835 0.104430 -0.297387 -0.205774
-0.027710 -0.061279 0.061646 -0.053876 -0.119145 0.119857
-0.079346 0.031128 0.179321 -0.154271 0.060522 0.348653
-0.281738 0.069824 0.189941 -0.547781 0.135759 0.369301
0.000122 -0.197388 -0.016724 0.000237 -0.383779 -0.032516
0.420776 0.167480 -0.225586 0.818112 0.325631 -0.438605
0.202393 0.092285 -0.153320 0.393510 0.179429 -0.298099
-0.017456 -0.181641 -0.096436 -0.033940 -0.353162 -0.187499
-0.136108 -0.239380 -0.095337 -0.264634 -0.465424 -0.185363
-0.057739 -0.186768 -0.125244 -0.112262 -0.363131 -0.243511
0.148071 -0.086426 -0.127319 0.287894 -0.168037 -0.247546
0.087646 -0.046021 -0.083130 0.170410 -0.089477 -0.161629
0.006226 -0.039795 -0.080811 0.012104 -0.077373 -0.157119
0.015747 0.018433 -0.121948 0.030617 0.035838 -0.237103
0.032837 0.065796 -0.136719 0.063845 0.127926 -0.265821
0.034058 0.080078 -0.148193 0.066218 0.155695 -0.288131
0.024048 0.065063 -0.157227 0.046756 0.126502 -0.305694
0.006470 0.028442 -0.150513 0.012579 0.055300 -0.292641
-0.012329 0.034302 -0.138794 -0.023971 0.066693 -0.269856
-0.019043 0.011108 -0.123901 -0.037025 0.021598 -0.240900
-0.012573 0.018677 -0.111816 -0.024446 0.036313 -0.217404
0.006958 0.045410 -0.124390 0.013528 0.088291 -0.241850
0.017090 0.050903 -0.133545 0.033228 0.098971 -0.259650
0.024658 0.040771 -0.130981 0.047943 0.079272 -0.254666
0.009399 0.045654 -0.126831 0.018275 0.088765 -0.246597
0.001709 0.026001 -0.138794 0.003323 0.050553 -0.269856
-0.008911 0.034302 -0.142090 -0.017326 0.066693 -0.276264
-0.008667 0.033691 -0.146362 -0.016851 0.065506 -0.284571
-0.008057 0.038330 -0.145142 -0.015664 0.074525 -0.282198
