-0.734741 0.052246 -0.193359 -1.428551 0.101582 -0.375947
-0.715454 -0.010620 -0.032227 -1.391051 -0.020649 -0.062658
-0.369141 -0.208496 0.103271 -0.717717 -0.405377 0.200790
0.146240 -0.279907 0.036743 0.284334 -0.544221 0.071439
0.508545 -0.233276 -0.047119 0.988760 -0.453557 -0.091613
0.937134 0.392944 -0.209961 1.822061 0.763998 -0.408225
1.200562 0.384766 -0.406006 2.334242 0.748097 -0.789394
1.096924 0.320068 -0.725586 2.132740 0.622306 -1.410751
0.880371 0.438599 -0.912598 1.711698 0.852764 -1.774356
1.079346 0.905029 -1.112305 2.098563 1.759641 -2.162645
1.329834 1.281982 -1.248535 2.585585 2.492548 -2.427516
1.280273 1.216797 -1.288208 2.489225 2.365808 -2.504652
0.975952 0.817627 -1.240479 1.897536 1.589705 -2.411852
0.354614 0.530151 -0.943848 0.689474 1.030769 -1.835115
-0.327148 0.279663 -0.585205 -0.636072 0.543747 -1.137809
-0.851807 -0.018433 -0.283936 -1.656160 -0.035838 -0.552054
-1.255737 -0.307617 -0.012573 -2.441519 -0.598098 -0.024446
-1.721191 -0.655396 0.417236 -3.346498 -1.274280 0.811229
-2.028931 -1.163452 1.059570 -3.944833 -2.262090 2.060114
-1.999512 -1.132935 0.950317 -3.887634 -2.202755 1.847694
-1.572388 -0.597046 0.189697 -3.057180 -1.160831 0.368827
-0.998535 -0.324707 -0.619019 -1.941444 -0.631325 -1.203553
-0.307861 -0.450562 -1.039429 -0.598572 -0.876023 -2.020952
0.265991 -0.228149 -0.973389 0.517164 -0.443589 -1.892551
0.729126 0.270386 -0.643311 1.417634 0.525709 -1.250783
1.171631 0.387939 -0.233154 2.277992 0.754267 -0.453320
1.484253 0.283569 -0.134155 2.885821 0.551341 -0.260837
1.651855 0.233398 -0.207520 3.211689 0.453795 -0.403478
1.760498 0.159790 -0.393799 3.422922 0.310678 -0.765660
1.746582 0.128906 -0.565796 3.395865 0.250631 -1.100072
1.394775 0.233398 -0.825317 2.711850 0.453795 -1.604658
0.939941 0.305176 -0.916504 1.827520 0.593351 -1.781951
0.491943 0.260864 -0.969849 0.956481 0.507196 -1.885669
0.031982 0.104126 -1.160400 0.062183 0.202451 -2.256157
-0.551636 -0.170288 -1.088257 -1.072541 -0.331090 -2.115889
-1.231445 -0.452393 -0.712646 -2.394289 -0.879583 -1.385593
-1.766479 -0.520752 -0.340942 -3.434551 -1.012494 -0.662891
-2.093750 -0.313843 -0.013062 -4.070860 -0.610202 -0.025395
-2.182739 0.016235 0.219971 -4.243882 0.031566 0.427687
-1.663330 -0.014526 0.377930 -3.233999 -0.028243 0.734806
-0.911255 -0.110352 0.280396 -1.771745 -0.214556 0.545171
-0.178223 -0.061035 -0.097290 -0.346517 -0.118670 -0.189160
0.107422 -0.063965 -0.340332 0.208859 -0.124366 -0.661705
0.089600 0.003662 -0.230103 0.174208 0.007120 -0.447386
-0.013916 0.200439 -0.030640 -0.027057 0.389713 -0.059572
-0.004639 0.141968 0.112549 -0.009019 0.276027 0.218828
0.060181 -0.092773 0.001343 0.117009 -0.180379 0.002611
0.137207 -0.152100 -0.158203 0.266770 -0.295726 -0.307593
0.192627 -0.021484 -0.123657 0.374523 -0.041772 -0.240426
0.152344 0.040894 -0.073242 0.296201 0.079509 -0.142404
0.043701 0.031860 -0.082031 0.084968 0.061946 -0.159493
-0.030396 0.052002 -0.088135 -0.059098 0.101107 -0.171360
0.042114 0.161743 -0.074951 0.081882 0.314476 -0.145727
0.074341 0.174194 -0.023926 0.144540 0.338685 -0.046519
0.067139 0.119019 0.020264 0.130537 0.231407 0.039398
0.097900 0.111694 0.047363 0.190347 0.217166 0.092088
0.104614 0.048584 -0.026367 0.203401 0.094461 -0.051266
0.077026 0.034546 -0.115845 0.149762 0.067167 -0.225236
0.015747 0.058594 -0.159424 0.030617 0.113923 -0.309966
0.020630 0.128174 -0.150513 0.040111 0.249207 -0.292641
0.061157 0.233521 -0.099609 0.118907 0.454032 -0.193670
0.076294 0.116333 -0.098022 0.148338 0.226185 -0.190584
0.107422 -0.031006 -0.163696 0.208859 -0.060284 -0.318273
0.086060 -0.058960 -0.168091 0.167325 -0.114635 -0.326818
0.016113 -0.013672 -0.098755 0.031329 -0.026582 -0.192008
-0.070190 0.001099 -0.037476 -0.136471 0.002136 -0.072863
-0.075073 0.052612 -0.043579 -0.145964 0.102294 -0.084730
-0.028442 0.130859 -0.083984 -0.055300 0.254429 -0.163290
0.008911 0.061279 -0.104614 0.017326 0.119145 -0.203401
-0.010498 -0.027588 -0.130615 -0.020411 -0.053639 -0.253954
-0.029541 -0.085693 -0.141357 -0.057436 -0.166613 -0.274840
-0.009155 -0.103149 -0.162109 -0.017801 -0.200553 -0.315188
0.025513 -0.059570 -0.171631 0.049604 -0.115822 -0.333700
0.009766 -0.025879 -0.153809 0.018987 -0.050316 -0.299049
-0.019531 0.002441 -0.123779 -0.037974 0.004747 -0.240663
-0.019409 -0.022583 -0.126709 -0.037737 -0.043908 -0.246359
-0.004517 -0.056030 -0.158691 -0.008782 -0.108939 -0.308542
-0.024170 -0.080322 -0.152344 -0.046993 -0.156170 -0.296201
-0.085205 -0.098267 -0.117554 -0.165664 -0.191059 -0.228559
-0.090454 -0.076660 -0.107788 -0.175869 -0.149050 -0.209571
