-0.454346 -0.252319 0.837769 -0.883381 -0.490582 1.628866
-0.572754 0.152100 0.668457 -1.113601 0.295726 1.299675
-0.609497 -0.160767 0.369263 -1.185040 -0.312577 0.717954
-0.528564 -0.400146 0.449097 -1.027683 -0.778001 0.873175
-0.389648 -0.505615 0.465698 -0.757590 -0.983063 0.905453
0.172241 -0.392700 0.230103 0.334887 -0.763524 0.447386
0.662354 -0.139648 -0.035156 1.287808 -0.271517 -0.068354
1.163940 0.214478 -0.596191 2.263040 0.417007 -1.159170
1.208618 0.182495 -1.002197 2.349906 0.354824 -1.948564
1.085938 0.440063 -1.209717 2.111379 0.855612 -2.352042
1.078979 0.933960 -1.421631 2.097851 1.815891 -2.764065
1.380737 1.112671 -1.668091 2.684556 2.163357 -3.243255
1.455688 1.055176 -1.650024 2.830283 2.051569 -3.208129
1.205688 0.977417 -1.432983 2.344210 1.900384 -2.786138
0.693115 0.802490 -1.093628 1.347618 1.560275 -2.126332
0.144165 0.417603 -0.698242 0.280299 0.811941 -1.357586
-0.601440 0.005493 -0.286987 -1.169376 0.010680 -0.557987
-1.272827 -0.197266 0.169800 -2.474747 -0.383542 0.330140
-1.997925 -0.554688 0.672119 -3.884548 -1.078474 1.306796
-2.660400 -0.724976 0.875000 -5.172594 -1.409564 1.701255
-2.695313 -0.539795 0.415039 -5.240473 -1.049519 0.806957
-2.054199 -0.354126 -0.277344 -3.993962 -0.688524 -0.539237
-0.923950 -0.184448 -0.617798 -1.796429 -0.358621 -1.201179
-0.182861 -0.375122 -0.611328 -0.355536 -0.729347 -1.188600
0.180786 -0.384277 -0.747681 0.351501 -0.747147 -1.453709
0.704956 -0.151001 -0.742798 1.370640 -0.293590 -1.444216
1.500977 0.010986 -0.567383 2.918336 0.021361 -1.103158
2.120483 0.073242 -0.506470 4.122838 0.142404 -0.984725
2.209961 0.225342 -0.460327 4.296809 0.438130 -0.895010
1.886597 0.369629 -0.504761 3.668094 0.718666 -0.981402
1.806274 0.316040 -0.664429 3.511924 0.614474 -1.291843
1.640381 0.159424 -0.865356 3.189379 0.309966 -1.682505
1.152832 0.174683 -0.846069 2.241442 0.339634 -1.645005
0.809937 0.251953 -0.828613 1.574753 0.489870 -1.611066
0.593628 0.002319 -0.912109 1.154186 0.004509 -1.773407
0.273315 -0.275513 -0.919678 0.531405 -0.535677 -1.788122
-0.471680 -0.343140 -0.823486 -0.917083 -0.667164 -1.601098
-1.180298 -0.338257 -0.635864 -2.294843 -0.657670 -1.236306
-1.808350 -0.413330 -0.433594 -3.515959 -0.803634 -0.843033
-2.329956 0.000732 -0.204346 -4.530114 0.001424 -0.397308
-2.941284 0.196533 -0.122437 -5.718714 0.382118 -0.238052
-2.938721 0.032104 -0.269287 -5.713730 0.062420 -0.523573
-1.575806 0.105225 -0.079102 -3.063826 0.204587 -0.153797
-0.318970 0.109619 -0.137817 -0.620170 0.213132 -0.267957
0.045654 -0.066162 -0.239624 0.088765 -0.128638 -0.465899
0.185059 0.013672 -0.209106 0.359808 0.026582 -0.406564
0.249634 0.165527 -0.136963 0.485361 0.321833 -0.266296
0.209351 0.170410 -0.114136 0.407039 0.331327 -0.221913
0.210938 0.036255 -0.142456 0.410124 0.070490 -0.276976
0.262329 -0.023926 -0.158203 0.510044 -0.046519 -0.307593
0.282471 0.021118 -0.154297 0.549205 0.041060 -0.299998
0.246460 0.068481 -0.129639 0.479190 0.133148 -0.252055
0.175171 0.027588 -0.105103 0.340583 0.053639 -0.204350
0.087891 -0.011841 -0.146362 0.170885 -0.023022 -0.284571
0.059082 -0.007080 -0.167725 0.114873 -0.013766 -0.326106
0.012817 0.085571 -0.155640 0.024921 0.166376 -0.302609
-0.046387 0.132690 -0.104248 -0.090189 0.257989 -0.202689
-0.044556 0.103882 -0.061157 -0.086629 0.201977 -0.118907
-0.030884 0.037720 -0.079956 -0.060047 0.073338 -0.155458
-0.007813 -0.026245 -0.130737 -0.015190 -0.051028 -0.254191
0.071655 0.110229 -0.153687 0.139319 0.214318 -0.298811
0.052490 0.286011 -0.107422 0.102056 0.556088 -0.208859
-0.003784 0.249756 -0.111816 -0.007358 0.485598 -0.217404
0.019287 -0.080811 -0.233398 0.037500 -0.157119 -0.453795
0.074585 -0.259399 -0.248291 0.145015 -0.504348 -0.482750
0.105469 -0.136108 -0.173340 0.205062 -0.264634 -0.337023
0.051636 -0.012085 -0.093994 0.100395 -0.023497 -0.182752
0.071411 -0.058472 -0.039429 0.138844 -0.113686 -0.076661
-0.185059 -0.145020 -0.094849 -0.359808 -0.281960 -0.184413
-0.169800 -0.139771 -0.115479 -0.330140 -0.271755 -0.224524
-0.016479 -0.079590 -0.135498 -0.032041 -0.154746 -0.263448
0.040771 0.002930 -0.110474 0.079272 0.005696 -0.214793
-0.006592 -0.013550 -0.111450 -0.012816 -0.026345 -0.216692
-0.028931 -0.020264 -0.139526 -0.056250 -0.039398 -0.271280
-0.017456 0.004883 -0.149658 -0.033940 0.009494 -0.290979
-0.022461 -0.003418 -0.134766 -0.043671 -0.006646 -0.262024
-0.036621 -0.022095 -0.135986 -0.071202 -0.042959 -0.264397
-0.042358 -0.023926 -0.139160 -0.082357 -0.046519 -0.270568
-0.039673 -0.004395 -0.123169 -0.077136 -0.008544 -0.239476
-0.044312 -0.025513 -0.117554 -0.086155 -0.049604 -0.228559
