-0.372192 -0.014526 0.205811 -0.723651 -0.028243 0.400156
-0.600220 -0.041016 0.034180 -1.167002 -0.079746 0.066455
-0.469238 -0.214478 0.058350 -0.912336 -0.417007 0.113449
-0.273071 -0.159424 0.050781 -0.530930 -0.309966 0.098734
-0.152954 -0.210815 0.011719 -0.297387 -0.409887 0.022785
0.236938 -0.341309 -0.087769 0.460678 -0.663603 -0.170648
0.878418 -0.042480 -0.294434 1.707901 -0.082594 -0.572465
1.297485 0.260498 -0.587402 2.522690 0.506484 -1.142081
1.392944 0.385742 -0.869507 2.708290 0.749995 -1.690575
1.464355 1.158081 -1.173828 2.847134 2.251647 -2.282264
1.563721 1.299438 -1.535034 3.040329 2.526487 -2.984554
1.752686 1.295776 -1.513672 3.407732 2.519367 -2.943020
1.584351 1.158813 -1.282715 3.080440 2.253071 -2.493972
1.123047 0.805176 -1.139771 2.183531 1.565497 -2.216046
0.529297 0.446777 -0.934448 1.029107 0.868665 -1.816840
-0.416260 0.104736 -0.440308 -0.809330 0.203638 -0.856086
-1.322144 -0.234985 0.042725 -2.570633 -0.456880 0.083069
-1.817139 -0.618286 0.494995 -3.533047 -1.202129 0.962415
-2.651123 -1.134766 0.972412 -5.154556 -2.206315 1.890653
-3.477295 -0.759888 1.173218 -6.760875 -1.477443 2.281077
-3.599121 -0.421875 0.498779 -6.997741 -0.820248 0.969772
-2.163818 -0.305176 -0.217896 -4.207094 -0.593351 -0.423652
-0.606201 -0.366089 -0.853394 -1.178632 -0.711784 -1.659246
0.129395 -0.223999 -0.958740 0.251581 -0.435519 -1.864071
0.600464 -0.037231 -0.961060 1.167477 -0.072389 -1.868580
1.207031 0.069458 -0.890869 2.346821 0.135047 -1.732109
2.058960 0.100708 -0.740234 4.003219 0.195806 -1.439232
2.568481 0.280884 -0.862793 4.993877 0.546120 -1.677521
2.562744 0.558472 -0.939941 4.982722 1.085832 -1.827520
2.479126 0.619629 -0.937378 4.820144 1.204739 -1.822536
2.086182 0.451172 -0.880737 4.056146 0.877210 -1.712410
1.514160 0.342041 -0.941650 2.943969 0.665027 -1.830843
0.884399 0.369751 -1.139771 1.719530 0.718904 -2.216046
0.366211 0.260376 -1.119385 0.712021 0.506247 -2.176410
-0.143921 -0.083496 -0.916016 -0.279824 -0.162341 -1.781001
-0.730957 -0.539063 -0.663330 -1.421194 -1.048095 -1.289707
-1.479736 -0.843506 -0.527466 -2.877039 -1.640021 -1.025547
-2.107788 -0.614746 -0.449219 -4.098155 -1.195246 -0.873412
-2.401489 0.192871 -0.294800 -4.669196 0.374998 -0.573177
-2.507080 0.224609 -0.176270 -4.874495 0.436706 -0.342719
-1.574707 0.121216 0.010132 -3.061690 0.235679 0.019699
-0.780640 0.116943 0.106812 -1.517791 0.227372 0.207673
-0.601318 0.108643 -0.028320 -1.169138 0.211233 -0.055063
-0.211670 0.166504 -0.213745 -0.411548 0.323732 -0.415583
0.010620 0.166260 -0.238892 0.020649 0.323257 -0.464475
0.045410 0.192627 -0.194092 0.088291 0.374523 -0.377371
0.102539 0.175171 -0.155518 0.199366 0.340583 -0.302372
0.186401 0.042725 -0.118896 0.362419 0.083069 -0.231169
0.237671 -0.061279 -0.093872 0.462102 -0.119145 -0.182515
0.211548 -0.034546 -0.106689 0.411311 -0.067167 -0.207435
0.126953 0.010498 -0.082397 0.246834 0.020411 -0.160205
0.042603 0.086060 -0.055176 0.082832 0.167325 -0.107278
-0.030273 0.099487 -0.058716 -0.058860 0.193432 -0.114161
-0.070313 0.091309 -0.093140 -0.136708 0.177531 -0.181091
-0.027466 0.105469 -0.099243 -0.053402 0.205062 -0.192958
0.011108 0.081177 -0.078613 0.021598 0.157831 -0.152847
0.060181 0.052979 -0.064209 0.117009 0.103006 -0.124841
0.125000 0.074463 -0.087524 0.243036 0.144778 -0.170173
0.125854 0.070557 -0.094360 0.244698 0.137183 -0.183464
-0.029053 0.034424 -0.099609 -0.056487 0.066930 -0.193670
-0.098145 -0.006958 -0.147583 -0.190822 -0.013528 -0.286944
-0.074951 0.004761 -0.205688 -0.145727 0.009256 -0.399918
-0.023193 0.027710 -0.222290 -0.045095 0.053876 -0.432197
0.015991 0.015503 -0.195435 0.031092 0.030142 -0.379982
0.041016 0.033569 -0.129028 0.079746 0.065269 -0.250869
0.000854 0.018188 -0.083984 0.001661 0.035364 -0.163290
-0.021973 -0.014404 -0.087158 -0.042721 -0.028006 -0.169461
-0.005859 -0.015869 -0.112671 -0.011392 -0.030854 -0.219065
0.002319 -0.007446 -0.123901 0.004509 -0.014478 -0.240900
0.002686 0.031006 -0.126221 0.005221 0.060284 -0.245410
0.003418 0.042236 -0.133789 0.006646 0.082120 -0.260125
-0.009399 0.032959 -0.133667 -0.018275 0.064082 -0.259888
0.030762 -0.012939 -0.113159 0.059810 -0.025158 -0.220014
-0.163818 -0.059814 -0.109985 -0.318511 -0.116297 -0.213844
-0.150146 0.013062 -0.122559 -0.291929 0.025395 -0.238290
-0.014771 -0.055664 -0.135986 -0.028718 -0.108227 -0.264397
0.014282 -0.027954 -0.159790 0.027769 -0.054351 -0.310678
-0.050537 -0.006470 -0.184448 -0.098259 -0.012579 -0.358621
-0.089722 -0.020386 -0.161255 -0.174445 -0.039636 -0.313527
-0.062378 -0.041016 -0.119507 -0.121281 -0.079746 -0.232356
