0.051636 0.291260 0.242554 0.100395 0.566294 0.471595
0.094727 0.070557 0.008301 0.184176 0.137183 0.016139
0.208130 0.010986 -0.140991 0.404665 0.021361 -0.274128
0.340210 0.041748 -0.197754 0.661467 0.081170 -0.384491
0.634033 0.116455 -0.251099 1.232745 0.226423 -0.488209
0.976807 0.104370 -0.407104 1.899197 0.202926 -0.791530
1.215698 0.130371 -0.675903 2.363672 0.253479 -1.314153
1.309692 0.258057 -0.801147 2.546424 0.501737 -1.557664
1.287964 0.275635 -0.961060 2.504177 0.535914 -1.868580
1.266602 0.391724 -1.090088 2.462643 0.761625 -2.119449
1.302612 0.450928 -1.208252 2.532658 0.876735 -2.349194
1.402832 0.696533 -1.156250 2.727515 1.354264 -2.248087
0.970947 0.563110 -1.007324 1.887805 1.094851 -1.958532
0.157959 0.126343 -0.892822 0.307118 0.245647 -1.735907
-0.715210 -0.539551 -0.650146 -1.390577 -1.049044 -1.264074
-1.306885 -1.289795 -0.212646 -2.540965 -2.507737 -0.413447
-1.657227 -2.092773 0.328735 -3.222132 -4.068962 0.639157
-2.102295 -2.325684 0.785645 -4.087474 -4.521807 1.527522
-2.640137 -1.461670 1.082153 -5.133196 -2.841913 2.104022
-2.794312 -0.167114 1.201538 -5.432957 -0.324919 2.336140
-1.238159 -0.029175 0.432617 -2.407342 -0.056724 0.841134
0.055908 -0.411743 -0.464355 0.108702 -0.800549 -0.902842
0.494751 -0.253052 -0.709839 0.961940 -0.492006 -1.380134
0.805176 0.358276 -0.631592 1.565497 0.696594 -1.227999
1.108032 0.622681 -0.592529 2.154338 1.210673 -1.152050
1.428223 0.584473 -0.651245 2.776881 1.136385 -1.266210
1.879761 0.616943 -0.845947 3.654803 1.199518 -1.644768
1.915771 0.637085 -1.003662 3.724818 1.238679 -1.951412
1.836914 0.632690 -0.993164 3.571496 1.230135 -1.931001
1.690552 0.594116 -0.923096 3.286926 1.155135 -1.794767
1.234131 0.496826 -0.873413 2.399510 0.965975 -1.698170
0.692383 0.461792 -0.943359 1.346194 0.897858 -1.834166
0.260742 0.243896 -1.031128 0.506959 0.474206 -2.004813
-0.195068 -0.134766 -1.000732 -0.379270 -0.262024 -1.945716
-0.776978 -0.426514 -0.825562 -1.510671 -0.829267 -1.605132
-1.444214 -0.550781 -0.578003 -2.807973 -1.070879 -1.123806
-2.027710 -0.602173 -0.333496 -3.942460 -1.170800 -0.648414
-2.327759 -0.623169 -0.043091 -4.525842 -1.211622 -0.083781
-2.207153 -0.540771 0.126465 -4.291350 -1.051417 0.245885
-1.679443 -0.301758 0.087158 -3.265328 -0.586705 0.169461
-0.903687 -0.142700 0.010864 -1.757030 -0.277451 0.021123
-0.230347 0.061035 -0.031128 -0.447861 0.118670 -0.060522
-0.039673 0.231445 0.024536 -0.077136 0.449997 0.047705
-0.064697 0.246948 0.062866 -0.125790 0.480139 0.122230
0.208740 0.192871 -0.062378 0.405852 0.374998 -0.121281
0.538940 0.011353 -0.130737 1.047857 0.022073 -0.254191
0.627686 -0.106934 -0.151489 1.220404 -0.207910 -0.294539
0.388916 -0.008667 -0.170410 0.756166 -0.016851 -0.331327
0.101563 0.153442 -0.195313 0.197467 0.298337 -0.379744
-0.041504 0.075684 -0.144531 -0.080696 0.147151 -0.281011
-0.099976 -0.046875 -0.136108 -0.194382 -0.091139 -0.264634
-0.163086 -0.005859 -0.164551 -0.317087 -0.011392 -0.319935
-0.220215 -0.008057 -0.115845 -0.428162 -0.015664 -0.225236
-0.216187 -0.065796 -0.099487 -0.420330 -0.127926 -0.193432
-0.077148 -0.088867 -0.141113 -0.149999 -0.172784 -0.274365
0.172363 -0.015625 -0.158691 0.335124 -0.030380 -0.308542
0.105591 -0.041504 -0.125854 0.205299 -0.080696 -0.244698
-0.087280 -0.099487 -0.135742 -0.169698 -0.193432 -0.263922
-0.113159 -0.132324 -0.173828 -0.220014 -0.257277 -0.337973
-0.053833 -0.107666 -0.176270 -0.104667 -0.209334 -0.342719
-0.018433 -0.093628 -0.157837 -0.035838 -0.182040 -0.306881
-0.047974 -0.117554 -0.125488 -0.093275 -0.228559 -0.243986
-0.098145 -0.172974 -0.102539 -0.190822 -0.336311 -0.199366
-0.077271 -0.240967 -0.096191 -0.150236 -0.468510 -0.187024
-0.051514 -0.305908 -0.116943 -0.100158 -0.594775 -0.227372
-0.041748 -0.176392 -0.133545 -0.081170 -0.342957 -0.259650
0.016235 0.048096 -0.121704 0.031566 0.093512 -0.236628
0.053345 0.027100 -0.109497 0.103718 0.052690 -0.212894
0.047241 -0.024780 -0.122925 0.091851 -0.048180 -0.239002
0.027344 -0.046753 -0.119751 0.053164 -0.090901 -0.232831
0.024658 -0.030518 -0.112183 0.047943 -0.059335 -0.218116
0.005981 0.010986 -0.115845 0.011630 0.021361 -0.225236
-0.005371 -0.014282 -0.108032 -0.010443 -0.027769 -0.210046
-0.012695 -0.046387 -0.098877 -0.024683 -0.090189 -0.192246
-0.019165 -0.067627 -0.081665 -0.037262 -0.131487 -0.158781
-0.015869 -0.040527 -0.084717 -0.030854 -0.078797 -0.164714
-0.018799 0.027588 -0.103149 -0.036550 0.053639 -0.200553
-0.018555 0.045654 -0.122681 -0.036076 0.088765 -0.238527
0.012207 0.032593 -0.127441 0.023734 0.063370 -0.247783
0.011230 -0.008667 -0.119141 0.021835 -0.016851 -0.231644
