-0.527954 -0.157227 0.317505 -1.026497 -0.305694 0.617322
-0.272827 -0.141602 0.222168 -0.530456 -0.275315 0.431959
-0.123413 -0.255371 0.251343 -0.239951 -0.496516 0.488684
0.039673 -0.258423 0.193726 0.077136 -0.502449 0.376659
0.357910 -0.256592 0.136597 0.695882 -0.498889 0.265584
0.697754 -0.544312 -0.111328 1.356637 -1.058300 -0.216454
0.971558 -0.165283 -0.573486 1.888991 -0.321359 -1.115025
1.072998 0.153809 -0.973877 2.086221 0.299049 -1.893501
0.958130 0.465088 -1.211670 1.862884 0.904266 -2.355840
1.077148 0.989258 -1.342407 2.094291 1.923406 -2.610031
1.362427 1.378784 -1.168579 2.648955 2.680758 -2.272058
1.287964 1.527222 -1.003296 2.504177 2.969364 -1.950700
0.970581 1.260254 -0.792969 1.887093 2.450301 -1.541762
0.486328 0.685303 -0.613281 0.945564 1.332428 -1.192398
-0.370605 0.131104 -0.235229 -0.720565 0.254903 -0.457355
-1.126953 -0.104370 0.203125 -2.191125 -0.202926 0.394934
-1.818237 -0.432007 0.594971 -3.535183 -0.839947 1.156797
-2.689575 -0.852539 0.904541 -5.229319 -1.657585 1.758692
-2.756958 -0.790161 0.665771 -5.360330 -1.536304 1.294454
-1.842163 -0.760132 -0.145142 -3.581702 -1.477918 -0.282198
-1.123535 -0.475098 -0.514648 -2.184480 -0.923728 -1.000627
-0.782837 -0.169678 -0.536743 -1.522063 -0.329903 -1.043585
-0.305420 -0.143799 -0.639771 -0.593825 -0.279587 -1.243900
0.461914 -0.133911 -0.723511 0.898096 -0.260362 -1.406716
1.055786 -0.068481 -0.715942 2.052756 -0.133148 -1.392001
1.433594 0.040771 -0.636841 2.787324 0.079272 -1.238204
1.796509 0.195190 -0.674072 3.492937 0.379507 -1.310593
2.156006 0.344360 -0.770386 4.191904 0.669537 -1.497855
2.161621 0.366577 -0.972046 4.202822 0.712733 -1.889941
1.845947 0.425659 -1.145874 3.589060 0.827606 -2.227913
1.390381 0.608154 -1.110474 2.703306 1.182429 -2.159085
1.091431 0.567993 -0.921875 2.122060 1.104344 -1.792394
0.781372 0.295532 -0.783813 1.519215 0.574601 -1.523962
0.322510 0.110596 -0.913330 0.627053 0.215030 -1.775780
-0.145874 0.016479 -0.981079 -0.283622 0.032041 -1.907504
-0.567627 -0.185181 -0.922119 -1.103632 -0.360045 -1.792868
-1.049805 -0.437134 -0.718384 -2.041126 -0.849916 -1.396748
-1.503662 -0.643311 -0.515625 -2.923558 -1.250783 -1.002525
-1.886108 -0.684937 -0.297119 -3.667145 -1.331716 -0.577686
-2.146362 -0.490967 0.003662 -4.173154 -0.954583 0.007120
-2.085449 -0.150146 0.134155 -4.054721 -0.291929 0.260837
-1.608276 -0.109497 0.066040 -3.126958 -0.212894 0.128401
-0.705933 -0.005249 -0.103516 -1.372539 -0.010206 -0.201265
-0.224243 -0.332275 -0.335327 -0.435994 -0.646040 -0.651974
-0.262573 -0.397339 -0.204712 -0.510519 -0.772543 -0.398020
-0.270630 0.216064 -0.037109 -0.526183 0.420092 -0.072151
0.141968 0.312134 0.027954 0.276027 0.606879 0.054351
0.589600 -0.107910 -0.169189 1.146354 -0.209809 -0.328954
0.637695 -0.313232 -0.345093 1.239866 -0.609015 -0.670961
0.414307 -0.037476 -0.345459 0.805533 -0.072863 -0.671673
0.257202 0.266479 -0.131104 0.500076 0.518114 -0.254903
0.313354 0.240967 -0.038940 0.609253 0.468510 -0.075712
0.314453 0.049072 -0.064819 0.611389 0.095411 -0.126028
0.122559 0.100464 -0.125366 0.238290 0.195331 -0.243748
-0.083252 0.212280 -0.151611 -0.161866 0.412735 -0.294777
-0.122070 0.174438 -0.125122 -0.237340 0.339159 -0.243274
-0.019043 0.114380 -0.141479 -0.037025 0.222388 -0.275077
0.063110 0.134277 -0.182251 0.122705 0.261074 -0.354349
0.098877 0.148071 -0.155884 0.192246 0.287894 -0.303084
0.045776 0.128784 -0.106689 0.089003 0.250394 -0.207435
0.022095 0.117920 -0.091675 0.042959 0.229271 -0.178243
-0.015381 0.080200 -0.072876 -0.029905 0.155933 -0.141692
-0.061890 0.035278 -0.094849 -0.120332 0.068591 -0.184413
-0.104492 0.038696 -0.141968 -0.203163 0.075237 -0.276027
-0.021851 0.018921 -0.106567 -0.042484 0.036788 -0.207198
-0.035767 -0.033691 -0.089600 -0.069541 -0.065506 -0.174208
-0.006714 -0.024780 -0.113403 -0.013054 -0.048180 -0.220489
0.025635 -0.017212 -0.089600 0.049841 -0.033465 -0.174208
0.026978 -0.048950 -0.028320 0.052452 -0.095173 -0.055063
0.032104 -0.041870 0.000610 0.062420 -0.081408 0.001187
0.029541 -0.018066 -0.004150 0.057436 -0.035126 -0.008070
-0.023071 -0.065674 -0.052979 -0.044857 -0.127689 -0.103006
-0.036621 -0.073242 -0.084717 -0.071202 -0.142404 -0.164714
-0.053589 -0.056152 -0.101807 -0.104192 -0.109177 -0.197942
-0.054199 -0.060791 -0.120483 -0.105379 -0.118195 -0.234255
-0.051758 -0.044067 -0.151489 -0.100632 -0.085680 -0.294539
-0.012451 -0.018555 -0.172363 -0.024209 -0.036076 -0.335124
0.004272 -0.023804 -0.157104 0.008307 -0.046281 -0.305457
-0.001099 -0.004395 -0.131592 -0.002136 -0.008544 -0.255853
-0.008545 0.028564 -0.111206 -0.016614 0.055538 -0.216217
