-0.351196 0.016235 -0.311646 -0.682828 0.031566 -0.605930
-0.198975 0.098511 -0.206055 -0.386865 0.191534 -0.400630
-0.051025 0.194946 -0.086060 -0.099208 0.379032 -0.167325
0.130981 0.094727 -0.079834 0.254666 0.184176 -0.155221
0.265625 -0.058228 0.061035 0.516452 -0.113211 0.118670
0.412842 -0.307007 0.212646 0.802685 -0.596911 0.413447
0.810791 -0.375732 0.408936 1.576414 -0.730533 0.795090
1.276611 -0.381714 0.554199 2.482105 -0.742163 1.077525
1.324707 0.119019 0.624390 2.575617 0.231407 1.213996
1.061401 0.280273 0.380981 2.063674 0.544933 0.740739
0.761597 -0.053101 -0.034546 1.480766 -0.103243 -0.067167
0.703125 -0.286133 -0.313599 1.367080 -0.556326 -0.609727
0.822754 -0.422241 -0.452148 1.599674 -0.820960 -0.879108
0.954224 -0.239746 -0.674927 1.855289 -0.466136 -1.312254
1.027710 0.229614 -0.827515 1.998168 0.446437 -1.608930
0.934570 0.517822 -0.716797 1.817077 1.006797 -1.393662
0.741577 0.494751 -0.590088 1.441842 0.961940 -1.147303
0.590088 0.461060 -0.689209 1.147303 0.896434 -1.340023
0.331909 0.557617 -0.783569 0.645328 1.084170 -1.523487
-0.269165 0.334106 -0.661499 -0.523335 0.649600 -1.286147
-1.014404 0.193604 -0.331787 -1.972298 0.376422 -0.645091
-1.590820 0.272583 0.034668 -3.093019 0.529981 0.067405
-2.154785 0.106445 0.194580 -4.189531 0.206961 0.378320
-2.702148 -0.552246 0.155151 -5.253765 -1.073727 0.301659
-2.646118 -1.135864 0.026245 -5.144825 -2.208451 0.051028
-1.991821 -1.309814 -0.063843 -3.872681 -2.546661 -0.124129
-1.296997 -1.013428 -0.558228 -2.521740 -1.970399 -1.085357
-0.551025 -0.717896 -1.051880 -1.071354 -1.395798 -2.045161
0.468384 -0.236816 -1.239258 0.910675 -0.460440 -2.409479
1.677124 0.098022 -1.289429 3.260818 0.190584 -2.507025
2.404541 0.169067 -1.228882 4.675129 0.328716 -2.389305
2.882446 0.227417 -1.160400 5.604316 0.442165 -2.256157
3.263916 0.613403 -1.104614 6.346004 1.192635 -2.147692
3.496704 0.956177 -1.037354 6.798613 1.859086 -2.016918
3.206909 0.663574 -0.961304 6.235167 1.290182 -1.869055
2.384644 0.241211 -0.852051 4.636443 0.468984 -1.656635
1.486206 -0.011353 -0.686279 2.889618 -0.022073 -1.334327
0.892090 0.032593 -0.604858 1.734483 0.063370 -1.176021
0.720215 0.135498 -0.509766 1.400308 0.263448 -0.991133
0.530273 0.156982 -0.446655 1.031006 0.305220 -0.868428
0.217529 0.056030 -0.480957 0.422940 0.108939 -0.935121
-0.064453 -0.032104 -0.504761 -0.125316 -0.062420 -0.981402
-0.550415 -0.231445 -0.456665 -1.070167 -0.449997 -0.887890
-1.115723 -0.242676 -0.494141 -2.169290 -0.471832 -0.960754
-1.802856 -0.182983 -0.639526 -3.505279 -0.355773 -1.243426
-2.561157 -0.306396 -0.739014 -4.979637 -0.595724 -1.436858
-2.993286 -0.453369 -0.830688 -5.819821 -0.881482 -1.615101
-2.858887 -0.301270 -0.699585 -5.558509 -0.585756 -1.360197
-2.051147 0.286011 -0.375732 -3.988029 0.556088 -0.730533
-1.007935 0.373535 -0.321777 -1.959719 0.726261 -0.625629
-0.524414 0.033569 -0.567627 -1.019614 0.065269 -1.103632
-0.601929 -0.195313 -0.597778 -1.170325 -0.379744 -1.162255
-0.164551 0.143188 -0.687012 -0.319935 0.278400 -1.335751
0.363281 0.234131 -0.355835 0.706325 0.455219 -0.691847
0.364380 0.126709 -0.226440 0.708461 0.246359 -0.440266
0.100952 0.048828 -0.192017 0.196280 0.094936 -0.373336
0.045898 -0.008057 -0.115356 0.089240 -0.015664 -0.224287
0.112305 0.081177 -0.118530 0.218353 0.157831 -0.230457
0.118774 0.093262 -0.111816 0.230932 0.181328 -0.217404
0.132935 0.045776 -0.125854 0.258464 0.089003 -0.244698
0.187622 -0.080200 -0.168945 0.364792 -0.155933 -0.328479
0.242065 -0.155029 -0.208740 0.470646 -0.301422 -0.405852
0.169556 -0.108521 -0.209351 0.329666 -0.210996 -0.407039
0.048828 -0.062622 -0.131470 0.094936 -0.121756 -0.255615
0.021606 -0.032959 -0.060547 0.042009 -0.064082 -0.117721
0.015137 -0.000610 -0.046631 0.029430 -0.001187 -0.090664
0.009277 0.035278 -0.068848 0.018038 0.068591 -0.133860
-0.006958 0.019531 -0.099121 -0.013528 0.037974 -0.192720
-0.024414 0.046021 -0.130737 -0.047468 0.089477 -0.254191
-0.053101 0.047485 -0.168823 -0.103243 0.092325 -0.328242
-0.106323 0.005981 -0.158203 -0.206723 0.011630 -0.307593
-0.118408 -0.006592 -0.129517 -0.230220 -0.012816 -0.251818
-0.106079 -0.010132 -0.112427 -0.206249 -0.019699 -0.218590
-0.046631 -0.019043 -0.076538 -0.090664 -0.037025 -0.148812
-0.005981 -0.034668 -0.048584 -0.011630 -0.067405 -0.094461
-0.004517 -0.044067 -0.042847 -0.008782 -0.085680 -0.083306
-0.021729 -0.034912 -0.073975 -0.042247 -0.067879 -0.143828
-0.030273 -0.037109 -0.106079 -0.058860 -0.072151 -0.206249
-0.045654 -0.010010 -0.131348 -0.088765 -0.019462 -0.255378
-0.045532 -0.005615 -0.150391 -0.088528 -0.010918 -0.292403
