-0.240356 0.155151 -0.243164 -0.467323 0.301659 -0.472782
-0.248901 0.231567 -0.104492 -0.483937 0.450235 -0.203163
-0.394531 -0.197876 -0.093750 -0.767084 -0.384729 -0.182277
-0.450562 -0.265503 0.132324 -0.876023 -0.516215 0.257277
-0.419678 -0.364746 0.373901 -0.815976 -0.709173 0.726973
-0.300049 -0.347900 0.584106 -0.583382 -0.676420 1.135673
-0.060425 -0.379272 0.572266 -0.117483 -0.737416 1.112651
0.273071 -0.486084 0.360840 0.530930 -0.945089 0.701578
0.660278 -0.359863 0.131226 1.283774 -0.699679 0.255141
1.027344 -0.254395 -0.205688 1.997456 -0.494617 -0.399918
1.351929 -0.020874 -0.407715 2.628544 -0.040585 -0.792717
1.571045 0.117798 -0.523071 3.054569 0.229033 -1.017003
1.657349 0.206177 -0.672241 3.222369 0.400868 -1.307033
1.553223 0.248169 -0.818604 3.019918 0.482513 -1.591604
1.169434 0.199463 -0.963623 2.273720 0.387814 -1.873564
0.767212 0.319214 -1.016846 1.491684 0.620645 -1.977045
0.401123 0.310913 -0.878296 0.779900 0.604506 -1.707663
0.090576 0.381592 -0.641113 0.176106 0.741926 -1.246511
-0.306152 0.285889 -0.525269 -0.595249 0.555851 -1.021275
-0.852295 0.021729 -0.369751 -1.657110 0.042247 -0.718904
-1.545166 -0.223389 -0.121704 -3.004253 -0.434333 -0.236628
-2.257935 -0.230469 0.011719 -4.390083 -0.448098 0.022785
-2.642334 -0.211914 0.113281 -5.137468 -0.412023 0.220252
-2.727661 -0.159180 0.252441 -5.303369 -0.309492 0.490820
-2.528442 0.045898 0.113525 -4.916029 0.089240 0.220726
-2.054199 -0.041260 -0.148926 -3.993962 -0.080221 -0.289555
-1.313354 -0.399536 -0.293091 -2.553544 -0.776815 -0.569854
-0.565308 -0.758911 -0.495605 -1.099123 -1.475545 -0.963602
0.142578 -0.616089 -0.562256 0.277213 -1.197856 -1.093189
0.732788 -0.382446 -0.461060 1.424754 -0.743587 -0.896434
1.039917 -0.214600 -0.506836 2.021902 -0.417244 -0.985437
1.314087 -0.109375 -0.652344 2.554968 -0.212657 -1.268346
1.617798 -0.015625 -0.785767 3.145471 -0.030380 -1.527759
1.853516 0.027100 -0.872070 3.603775 0.052690 -1.695559
1.973755 0.011230 -0.898315 3.837555 0.021835 -1.746587
1.901978 0.009155 -0.831787 3.697999 0.017801 -1.617237
1.690796 -0.014893 -0.758423 3.287400 -0.028956 -1.474595
1.407959 -0.102417 -0.771973 2.737483 -0.199128 -1.500940
1.111450 -0.098511 -0.794312 2.160983 -0.191534 -1.544373
0.684204 -0.112305 -0.887817 1.330292 -0.218353 -1.726176
0.276367 -0.211914 -0.932739 0.537338 -0.412023 -1.813517
-0.059204 -0.437866 -0.989746 -0.115110 -0.851340 -1.924355
-0.396973 -0.632324 -1.060425 -0.771831 -1.229423 -2.061775
-0.807129 -0.715576 -0.993408 -1.569294 -1.391289 -1.931475
-1.138916 -0.497803 -0.826782 -2.214385 -0.967874 -1.607506
-1.476807 -0.121948 -0.605957 -2.871343 -0.237103 -1.178157
-1.807251 0.196655 -0.335449 -3.513823 0.382355 -0.652211
-2.060059 0.324097 -0.183105 -4.005355 0.630138 -0.356010
-2.039673 0.393555 -0.103271 -3.965719 0.765185 -0.200790
-1.351074 0.418701 -0.360352 -2.626882 0.814077 -0.700629
-0.604248 0.173950 -0.520996 -1.174834 0.338210 -1.012968
-0.294434 0.130127 -0.315674 -0.572465 0.253005 -0.613762
-0.274780 0.283203 -0.076904 -0.534253 0.550629 -0.149524
-0.362793 0.243408 -0.057373 -0.705375 0.473257 -0.111550
-0.293457 0.252686 -0.154297 -0.570566 0.491294 -0.299998
0.009644 0.234863 -0.203491 0.018750 0.456643 -0.395646
0.170776 0.158691 -0.203003 0.332039 0.308542 -0.394697
0.215210 0.131958 -0.165771 0.418431 0.256565 -0.322308
0.203613 0.115845 -0.124268 0.395884 0.225236 -0.241612
0.170776 0.083496 -0.096680 0.332039 0.162341 -0.187973
0.168457 0.046753 -0.028198 0.327530 0.090901 -0.054826
0.141113 -0.021973 0.016602 0.274365 -0.042721 0.032278
0.071533 -0.079102 0.012451 0.139081 -0.153797 0.024209
0.035522 -0.115967 -0.008057 0.069066 -0.225473 -0.015664
0.031372 -0.092163 -0.014038 0.060996 -0.179192 -0.027294
0.066406 -0.033691 -0.034912 0.129113 -0.065506 -0.067879
0.078613 0.020874 -0.099609 0.152847 0.040585 -0.193670
0.044067 0.042969 -0.137817 0.085680 0.083544 -0.267957
0.008789 0.072021 -0.149780 0.017089 0.140031 -0.291217
-0.026245 0.026611 -0.114868 -0.051028 0.051740 -0.223337
-0.047974 0.030151 -0.106201 -0.093275 0.058623 -0.206486
-0.011841 0.067017 -0.160034 -0.023022 0.130300 -0.311153
0.017578 0.033813 -0.197754 0.034177 0.065743 -0.384491
-0.002563 -0.016357 -0.168091 -0.004984 -0.031804 -0.326818
-0.046509 0.015381 -0.131104 -0.090427 0.029905 -0.254903
-0.041382 0.030884 -0.138184 -0.080458 0.060047 -0.268669
-0.001099 0.025391 -0.166992 -0.002136 0.049367 -0.324682
0.025391 0.042603 -0.155151 0.049367 0.082832 -0.301659
0.012329 0.046143 -0.132202 0.023971 0.089715 -0.257040
-0.011353 0.023193 -0.119751 -0.022073 0.045095 -0.232831
