-0.687256 -0.307739 0.114380 -1.336226 -0.598335 0.222388
-0.569824 0.170898 0.242188 -1.107904 0.332276 0.470883
-0.486450 0.106201 0.298828 -0.945801 0.206486 0.581009
-0.315308 -0.137573 0.355225 -0.613050 -0.267482 0.690660
0.007324 -0.175903 0.524658 0.014240 -0.342007 1.020089
0.436890 0.090088 0.703979 0.849441 0.175157 1.368741
0.817383 0.242310 0.580322 1.589231 0.471120 1.128316
0.990112 0.062988 0.427856 1.925067 0.122468 0.831878
1.065796 0.083984 0.163574 2.072218 0.163290 0.318036
1.065308 0.261230 -0.181274 2.071269 0.507908 -0.352450
1.079590 0.316284 -0.564453 2.099037 0.614949 -1.097461
1.313232 0.341797 -0.881348 2.553307 0.664553 -1.713597
1.579590 0.402588 -1.075073 3.071183 0.782748 -2.090256
1.636230 0.443481 -1.146118 3.181309 0.862257 -2.228388
1.253174 0.486084 -1.086914 2.436535 0.945089 -2.113278
0.937866 0.567017 -0.962769 1.823485 1.102446 -1.871903
0.725708 0.699585 -0.877441 1.410988 1.360197 -1.706002
0.336792 0.672729 -0.741089 0.654822 1.307982 -1.440893
-0.057739 0.438965 -0.557373 -0.112262 0.853476 -1.083696
-0.491821 0.061035 -0.306519 -0.956244 0.118670 -0.595961
-0.968140 -0.228027 0.006226 -1.882346 -0.443352 0.012104
-1.602417 -0.420288 0.184326 -3.115566 -0.817163 0.358384
-2.404907 -0.597778 -0.011353 -4.675841 -1.162255 -0.022073
-2.321411 -0.774292 -0.148682 -4.513500 -1.505449 -0.289080
-2.498901 -1.054321 -0.428955 -4.858593 -2.049908 -0.834014
-2.384155 -0.922241 -0.693970 -4.635493 -1.793106 -1.349280
-1.843140 -0.536743 -0.877563 -3.583601 -1.043585 -1.706239
-1.015137 -0.334106 -0.930298 -1.973722 -0.649600 -1.808770
-0.332031 -0.469238 -0.889648 -0.645566 -0.912336 -1.729736
0.070313 -0.550903 -0.736206 0.136708 -1.071117 -1.431399
0.451538 -0.442383 -0.567261 0.877922 -0.860121 -1.102920
0.769409 -0.490112 -0.493408 1.495956 -0.952921 -0.959329
1.012451 -0.549927 -0.473755 1.968500 -1.069218 -0.921118
1.322510 -0.481689 -0.543945 2.571345 -0.936545 -1.057588
1.727905 -0.306030 -0.661865 3.359552 -0.595012 -1.286859
1.964111 -0.177612 -0.794800 3.818805 -0.345330 -1.545323
1.887817 -0.077881 -0.920166 3.670468 -0.151423 -1.789071
1.682251 0.095093 -1.004883 3.270787 0.184888 -1.953785
1.457886 0.212646 -1.078003 2.834555 0.413447 -2.095952
1.244629 0.271118 -1.145996 2.419922 0.527133 -2.228151
1.018921 0.367432 -1.226318 1.981079 0.714394 -2.384320
0.743408 0.325684 -1.273315 1.445402 0.633224 -2.475697
0.473389 0.118408 -1.236694 0.920406 0.230220 -2.404495
0.238281 -0.064697 -1.257935 0.463288 -0.125790 -2.445792
0.069092 -0.084351 -1.354614 0.134335 -0.164002 -2.633765
-0.160034 0.074585 -1.365845 -0.311153 0.145015 -2.655601
-0.573853 0.134521 -1.169800 -1.115737 0.261549 -2.274432
-0.924927 0.046265 -0.877563 -1.798327 0.089952 -1.706239
-1.161987 0.058472 -0.590088 -2.259242 0.113686 -1.147303
-1.538940 0.132690 -0.441772 -2.992149 0.257989 -0.858934
-1.710571 -0.090820 -0.305054 -3.325849 -0.176581 -0.593113
-1.537842 -0.924683 -0.244141 -2.990013 -1.797853 -0.474681
-0.991821 -1.251221 -0.083008 -1.928390 -2.432738 -0.161391
-0.795776 -0.605347 0.103271 -1.547221 -1.176970 0.200790
-1.011230 -0.240723 0.144775 -1.966127 -0.468035 0.281486
-1.134277 -0.112549 0.117920 -2.205366 -0.218828 0.229271
-1.228394 0.231567 0.114380 -2.388355 0.450235 0.222388
-1.201904 0.681519 0.098877 -2.336853 1.325071 0.192246
-0.894775 0.811279 0.026001 -1.739704 1.577363 0.050553
-0.576538 0.479370 -0.117432 -1.120958 0.932035 -0.228321
-0.211060 0.160889 -0.164917 -0.410361 0.312815 -0.320647
0.079102 0.051514 -0.075684 0.153797 0.100158 -0.147151
0.141479 0.013428 -0.013672 0.275077 0.026107 -0.026582
0.115845 0.013672 -0.021729 0.225236 0.026582 -0.042247
0.088623 0.044922 -0.045898 0.172309 0.087341 -0.089240
0.065918 0.044556 -0.026611 0.128164 0.086629 -0.051740
0.075439 -0.006226 0.027954 0.146676 -0.012104 0.054351
0.096924 -0.068237 0.078491 0.188448 -0.132673 0.152610
0.097534 -0.110107 0.112183 0.189635 -0.214081 0.218116
0.099365 -0.128174 0.104004 0.193195 -0.249207 0.202214
0.067017 -0.124390 0.046021 0.130300 -0.241850 0.089477
0.010376 -0.106934 -0.003052 0.020174 -0.207910 -0.005934
-0.030273 -0.085571 -0.005005 -0.058860 -0.166376 -0.009731
-0.045410 -0.012817 0.001953 -0.088291 -0.024921 0.003797
-0.041992 0.021240 -0.003906 -0.081645 0.041297 -0.007595
-0.031738 0.011230 -0.034546 -0.061708 0.021835 -0.067167
0.009644 0.003662 -0.064819 0.018750 0.007120 -0.126028
0.050415 -0.006348 -0.088013 0.098022 -0.012342 -0.171122
0.033447 -0.005859 -0.103271 0.065031 -0.011392 -0.200790
0.003418 0.041504 -0.140503 0.006646 0.080696 -0.273179
