-1.197632 -0.203125 -0.100342 -2.328546 -0.394934 -0.195094
-0.805054 -0.097168 -0.043823 -1.565259 -0.188923 -0.085205
-0.428711 -0.274536 0.078857 -0.833539 -0.533778 0.153322
-0.374390 -0.401001 0.276489 -0.727923 -0.779663 0.537576
-0.077759 -0.389648 0.395752 -0.151186 -0.757590 0.769457
0.504639 -0.025269 0.426636 0.981165 -0.049129 0.829504
0.805664 0.215332 0.286743 1.566446 0.418668 0.557512
0.982422 0.022217 -0.176392 1.910115 0.043196 -0.342957
1.092163 0.016479 -0.748657 2.123483 0.032041 -1.455608
1.171997 0.146973 -1.013184 2.278704 0.285758 -1.969924
1.279785 0.535889 -1.104370 2.488276 1.041924 -2.147218
1.241577 0.872559 -1.225952 2.413988 1.696508 -2.383609
1.222778 1.071655 -1.378662 2.377438 2.083610 -2.680521
1.226563 1.261475 -1.333008 2.384795 2.452674 -2.591756
1.130005 1.312378 -1.224731 2.197059 2.551646 -2.381235
0.690918 0.829956 -1.085815 1.343346 1.613677 -2.111142
-0.193115 0.163208 -0.584351 -0.375472 0.317324 -1.136148
-1.112427 -0.062134 0.071411 -2.162882 -0.120806 0.138844
-1.717285 -0.134155 0.732422 -3.338903 -0.260837 1.424042
-2.588867 -0.532471 1.360352 -5.033513 -1.035278 2.644920
-3.235596 -1.110962 1.382446 -6.290942 -2.160034 2.687879
-2.615845 -1.215454 0.389771 -5.085965 -2.363197 0.757828
-1.694336 -0.566040 -0.672607 -3.294283 -1.100547 -1.307745
-0.625488 0.121948 -1.063965 -1.216132 0.237103 -2.068658
0.181519 0.203491 -0.979492 0.352925 0.395646 -1.904418
0.794556 -0.028687 -0.740845 1.544848 -0.055775 -1.440418
1.054199 0.072754 -0.679077 2.049671 0.141455 -1.320324
1.424316 0.387817 -0.513306 2.769286 0.754030 -0.998016
2.015259 0.463745 -0.446411 3.918251 0.901656 -0.867953
2.436523 0.442383 -0.623657 4.737312 0.860121 -1.212572
2.365112 0.501343 -0.702515 4.598468 0.974757 -1.365893
1.952759 0.566528 -0.591309 3.796732 1.101496 -1.149676
1.428955 0.496826 -0.571655 2.778305 0.965975 -1.111465
0.928345 0.469482 -0.704468 1.804973 0.912811 -1.369691
0.415283 0.228271 -0.793579 0.807432 0.443826 -1.542949
-0.146851 -0.142822 -0.708252 -0.285520 -0.277688 -1.377048
-0.658813 -0.356323 -0.748657 -1.280926 -0.692796 -1.455608
-1.313843 -0.519775 -0.832031 -2.554493 -1.010595 -1.617711
-1.928589 -0.655396 -0.890381 -3.749739 -1.274280 -1.731160
-2.497803 -0.746704 -0.691650 -4.856457 -1.451810 -1.344770
-2.919800 -0.707886 -0.254150 -5.676942 -1.376336 -0.494142
-2.710571 -0.582520 0.057861 -5.270141 -1.132588 0.112499
-1.173584 -0.349609 0.113647 -2.281790 -0.679743 0.220964
-0.502686 -0.255127 -0.011841 -0.977367 -0.496041 -0.023022
-0.169312 -0.214966 -0.101685 -0.329191 -0.417956 -0.197704
0.002319 -0.105957 -0.099609 0.004509 -0.206011 -0.193670
0.003662 -0.029541 -0.086426 0.007120 -0.057436 -0.168037
-0.109009 0.045166 -0.137207 -0.211945 0.087816 -0.266770
0.043091 -0.079834 -0.218384 0.083781 -0.155221 -0.424602
0.224854 -0.208374 -0.220947 0.437181 -0.405140 -0.429586
0.331787 -0.115723 -0.118530 0.645091 -0.224999 -0.230457
0.353516 0.096069 -0.016724 0.687337 0.186787 -0.032516
0.337891 0.137817 -0.046875 0.656958 0.267957 -0.091139
0.287842 0.022705 -0.138550 0.559648 0.044145 -0.269381
0.146484 -0.083496 -0.109497 0.284808 -0.162341 -0.212894
-0.009644 -0.041870 -0.029663 -0.018750 -0.081408 -0.057674
-0.164307 -0.051147 -0.049072 -0.319460 -0.099446 -0.095411
-0.093140 -0.111938 -0.171143 -0.181091 -0.217641 -0.332751
0.030273 -0.128662 -0.239502 0.058860 -0.250157 -0.465662
-0.031982 -0.143921 -0.184937 -0.062183 -0.279824 -0.359571
0.103027 -0.054810 -0.118164 0.200315 -0.106566 -0.229745
0.132080 0.014648 -0.079346 0.256802 0.028481 -0.154271
0.125977 0.017090 -0.071655 0.244935 0.033228 -0.139319
0.084106 -0.036865 -0.077759 0.163527 -0.071677 -0.151186
0.040161 -0.038574 -0.055298 0.078085 -0.075000 -0.107515
0.004761 -0.050171 -0.051392 0.009256 -0.097547 -0.099920
0.019165 -0.038086 -0.085693 0.037262 -0.074050 -0.166613
0.005981 -0.035278 -0.115234 0.011630 -0.068591 -0.224049
0.010376 -0.059570 -0.145874 0.020174 -0.115822 -0.283622
0.033691 -0.032227 -0.159058 0.065506 -0.062658 -0.309254
0.055298 0.040283 -0.119995 0.107515 0.078322 -0.233305
0.071045 0.049927 -0.084229 0.138132 0.097072 -0.163765
0.065552 0.042603 -0.082886 0.127452 0.082832 -0.161154
0.012695 0.028320 -0.095093 0.024683 0.055063 -0.184888
-0.016357 0.040405 -0.095703 -0.031804 0.078560 -0.186075
0.000977 0.039551 -0.096558 0.001899 0.076898 -0.187736
0.017334 0.006592 -0.112793 0.033702 0.012816 -0.219302
0.028687 0.002319 -0.143066 0.055775 0.004509 -0.278163
0.041382 0.010986 -0.162720 0.080458 0.021361 -0.316375
0.053467 0.049683 -0.164185 0.103955 0.096597 -0.319223
