-0.233765 -0.086426 -0.083496 -0.454507 -0.168037 -0.162341
-0.210693 0.109619 -0.112305 -0.409649 0.213132 -0.218353
-0.290405 0.043091 -0.163208 -0.564633 0.083781 -0.317324
-0.334229 -0.192993 -0.080566 -0.649838 -0.375235 -0.156645
-0.277100 -0.349487 0.030762 -0.538762 -0.679505 0.059810
-0.135498 -0.412598 0.334351 -0.263448 -0.802210 0.650075
0.047485 -0.218140 0.777222 0.092325 -0.424127 1.511146
0.130981 -0.426758 0.817627 0.254666 -0.829742 1.589705
0.260742 -0.422729 0.679443 0.506959 -0.821909 1.321036
0.432007 -0.372192 0.462646 0.839947 -0.723651 0.899520
0.691406 -0.401733 0.142578 1.344295 -0.781087 0.277213
1.030884 -0.343628 -0.169189 2.004339 -0.668113 -0.328954
1.391846 -0.120605 -0.301147 2.706154 -0.234492 -0.585518
1.718994 0.051880 -0.452148 3.342226 0.100870 -0.879108
1.909180 0.166870 -0.568237 3.712002 0.324444 -1.104819
1.767090 0.256348 -0.743042 3.435738 0.498415 -1.444690
1.449463 0.441772 -0.876953 2.818179 0.858934 -1.705053
1.071899 0.691650 -0.826904 2.084085 1.344770 -1.607743
0.668335 0.777832 -0.714233 1.299438 1.512332 -1.388678
0.260498 0.624268 -0.629883 0.506484 1.213758 -1.224676
-0.249023 0.327148 -0.596802 -0.484174 0.636072 -1.160357
-0.896240 0.045654 -0.385254 -1.742552 0.088765 -0.749046
-1.550781 -0.227295 -0.239258 -3.015171 -0.441928 -0.465187
-2.150391 -0.258667 -0.210693 -4.180986 -0.502924 -0.409649
-2.769897 -0.214600 -0.263306 -5.385489 -0.417244 -0.511943
-2.917603 -0.185669 -0.413086 -5.672670 -0.360995 -0.803160
-2.382202 -0.283447 -0.541382 -4.631696 -0.551104 -1.052604
-1.622314 -0.547119 -0.698486 -3.154252 -1.063759 -1.358061
-0.784546 -0.675293 -0.699585 -1.525386 -1.312966 -1.360197
0.123901 -0.496582 -0.529663 0.240900 -0.965500 -1.029819
0.721069 -0.324951 -0.432861 1.401969 -0.631800 -0.841609
1.039673 -0.188110 -0.533081 2.021427 -0.365741 -1.036465
1.390259 -0.075195 -0.606567 2.703068 -0.146202 -1.179344
1.776489 0.049316 -0.687012 3.454013 0.095885 -1.335751
2.082031 0.230347 -0.761719 4.048076 0.447861 -1.481003
2.108887 0.170532 -0.776733 4.100291 0.331564 -1.510196
2.031738 0.075073 -0.809692 3.950292 0.145964 -1.574278
1.627808 0.122681 -0.894043 3.164933 0.238527 -1.738280
1.160034 0.383911 -0.987793 2.255445 0.746435 -1.920558
0.943970 0.608887 -0.855103 1.835352 1.183853 -1.662569
0.794800 0.516235 -0.719360 1.545323 1.003712 -1.398646
0.476807 0.046875 -0.737183 0.927051 0.091139 -1.433298
0.071289 -0.336548 -0.835205 0.138607 -0.654347 -1.623882
-0.179321 -0.199707 -0.792114 -0.348653 -0.388289 -1.540101
-0.506470 -0.001831 -0.584839 -0.984725 -0.003560 -1.137097
-1.035645 -0.161133 -0.642822 -2.013595 -0.313289 -1.249834
-1.467651 -0.216431 -0.845093 -2.853542 -0.420804 -1.643107
-1.862061 -0.082153 -0.943604 -3.620389 -0.159730 -1.834640
-2.342529 0.030640 -0.796021 -4.554560 0.059572 -1.547696
-2.310791 -0.011597 -0.877930 -4.492852 -0.022547 -1.706951
-1.774658 -0.058228 -0.866333 -3.450453 -0.113211 -1.684404
-0.885498 0.143433 -0.700806 -1.721666 0.278875 -1.362571
-0.216187 0.338379 -0.388794 -0.420330 0.657907 -0.755929
-0.266357 0.343506 -0.169067 -0.517877 0.667876 -0.328716
-0.471558 0.411499 -0.103638 -0.916846 0.800074 -0.201502
-0.217896 0.424805 -0.116943 -0.423652 0.825944 -0.227372
0.227295 0.320679 -0.167480 0.441928 0.623493 -0.325631
0.276367 0.248657 -0.170776 0.537338 0.483462 -0.332039
0.179932 0.286133 -0.101196 0.349840 0.556326 -0.196755
0.099731 0.261841 -0.077393 0.193907 0.509095 -0.150474
0.041870 0.182495 -0.084595 0.081408 0.354824 -0.164477
0.040283 0.078125 -0.079590 0.078322 0.151898 -0.154746
0.086548 0.013428 -0.087891 0.168274 0.026107 -0.170885
0.090698 -0.011108 -0.120239 0.176344 -0.021598 -0.233780
0.056152 0.010498 -0.118286 0.109177 0.020411 -0.229983
0.038086 0.007446 -0.084351 0.074050 0.014478 -0.164002
0.036133 0.012451 -0.066650 0.070253 0.024209 -0.129588
0.053345 0.022827 -0.045532 0.103718 0.044383 -0.088528
0.070068 0.008911 -0.016602 0.136233 0.017326 -0.032278
0.070068 -0.017212 -0.001343 0.136233 -0.033465 -0.002611
0.056152 -0.052368 -0.001465 0.109177 -0.101819 -0.002848
0.014648 -0.052368 -0.004395 0.028481 -0.101819 -0.008544
-0.060181 0.000000 -0.014404 -0.117009 0.000000 -0.028006
-0.108887 0.039673 -0.004150 -0.211708 0.077136 -0.008070
-0.090210 0.026245 0.016479 -0.175394 0.051028 0.032041
-0.017456 -0.004517 0.032715 -0.033940 -0.008782 0.063607
-0.008423 -0.019409 0.025879 -0.016376 -0.037737 0.050316
-0.061646 -0.020264 0.018677 -0.119857 -0.039398 0.036313
-0.082520 -0.013672 0.013916 -0.160442 -0.026582 0.027057
-0.066528 -0.016724 -0.020508 -0.129350 -0.032516 -0.039873
