-0.280273 -0.203369 -0.374023 -0.544933 -0.395409 -0.727211
-0.360229 -0.120728 -0.186890 -0.700391 -0.234730 -0.363368
-0.405273 -0.071045 -0.022827 -0.787970 -0.138132 -0.044383
-0.409302 -0.070313 0.225586 -0.795802 -0.136708 0.438605
-0.322998 -0.064453 0.470703 -0.628002 -0.125316 0.915184
-0.240234 -0.327881 0.748657 -0.467086 -0.637496 1.455608
0.047241 -0.218018 0.847290 0.091851 -0.423890 1.647379
0.485107 -0.452759 0.394165 0.943190 -0.880295 0.766372
0.882080 -0.233887 0.141235 1.715021 -0.454744 0.274603
1.130249 -0.068115 0.183228 2.197534 -0.132436 0.356248
1.401611 -0.063721 0.120117 2.725141 -0.123892 0.233543
1.678467 -0.072754 -0.161865 3.263429 -0.141455 -0.314713
1.940308 -0.038574 -0.467651 3.772524 -0.075000 -0.909251
2.019531 0.016968 -0.698730 3.926558 0.032990 -1.358536
1.805664 0.035767 -0.950317 3.510737 0.069541 -1.847694
1.439453 0.122803 -1.186890 2.798717 0.238764 -2.307660
1.001953 0.406494 -1.187500 1.948089 0.790343 -2.308846
0.574951 0.686035 -0.933472 1.117873 1.333852 -1.814941
0.300781 0.792358 -0.765259 0.584806 1.540576 -1.487886
0.045898 0.693359 -0.744629 0.089240 1.348093 -1.447776
-0.444702 0.469360 -0.437500 -0.864631 0.912573 -0.850628
-1.109863 0.083008 -0.113159 -2.157898 0.161391 -0.220014
-1.714844 -0.193970 0.048584 -3.334156 -0.377134 0.094461
-2.239136 -0.340210 0.026733 -4.353533 -0.661467 0.051978
-2.536499 -0.462158 -0.041016 -4.931694 -0.898570 -0.079746
-2.542725 -0.682129 -0.102905 -4.943798 -1.326257 -0.200078
-2.378784 -0.774780 -0.398804 -4.625050 -1.506399 -0.775391
-1.763306 -0.566528 -0.685425 -3.428380 -1.101496 -1.332666
-0.960449 -0.505859 -0.605225 -1.867393 -0.983538 -1.176733
-0.388184 -0.418457 -0.593384 -0.754742 -0.813603 -1.153711
0.078003 -0.213745 -0.705444 0.151660 -0.415583 -1.371590
0.571167 -0.202026 -0.644409 1.110515 -0.392798 -1.252919
1.036743 -0.288208 -0.551025 2.015731 -0.560360 -1.071354
1.434082 -0.208740 -0.502319 2.788274 -0.405852 -0.976655
1.833496 -0.046875 -0.578125 3.564851 -0.091139 -1.124044
2.097168 0.063354 -0.701660 4.077506 0.123180 -1.364232
2.329224 -0.009644 -0.893433 4.528690 -0.018750 -1.737094
2.077393 -0.115356 -1.057617 4.039057 -0.224287 -2.056316
1.655884 -0.041138 -1.161987 3.219521 -0.079984 -2.259242
1.435425 0.253418 -1.126587 2.790884 0.492718 -2.190413
1.354614 0.447754 -1.122925 2.633765 0.870564 -2.183293
1.325073 0.317383 -1.145264 2.576329 0.617085 -2.226727
0.955566 -0.030151 -1.157349 1.857900 -0.058623 -2.250223
0.522827 -0.182617 -1.109131 1.016528 -0.355061 -2.156474
0.071167 -0.174683 -0.998535 0.138369 -0.339634 -1.941444
-0.510010 -0.302490 -0.897705 -0.991608 -0.588129 -1.745400
-1.017822 -0.514893 -0.918701 -1.978943 -1.001101 -1.786223
-1.436279 -0.599365 -0.907959 -2.792546 -1.165341 -1.765337
-1.848022 -0.566650 -0.743530 -3.593095 -1.101734 -1.445640
-2.472168 -0.303711 -0.580322 -4.806615 -0.590503 -1.128316
-3.110229 0.114136 -0.383301 -6.047193 0.221913 -0.745248
-2.995483 0.287354 -0.424927 -5.824093 0.558699 -0.826182
-2.001465 0.124146 -0.384888 -3.891431 0.241375 -0.748334
-0.893555 -0.019775 -0.311157 -1.737331 -0.038449 -0.604980
-0.518555 -0.028320 -0.253174 -1.008222 -0.055063 -0.492244
-0.476318 0.036377 -0.224243 -0.926102 0.070727 -0.435994
-0.355103 0.139893 -0.217041 -0.690423 0.271992 -0.421991
-0.299927 0.087769 -0.165283 -0.583145 0.170648 -0.321359
-0.170532 0.052979 -0.124512 -0.331564 0.103006 -0.242087
-0.005859 -0.016724 -0.172241 -0.011392 -0.032516 -0.334887
0.083618 -0.013184 -0.229736 0.162578 -0.025633 -0.446674
0.093140 0.000366 -0.230835 0.181091 0.000712 -0.448810
0.064819 0.031006 -0.217041 0.126028 0.060284 -0.421991
0.052490 0.010254 -0.173706 0.102056 0.019937 -0.337735
0.007813 -0.060547 -0.120239 0.015190 -0.117721 -0.233780
-0.011963 -0.075562 -0.076416 -0.023259 -0.146914 -0.148575
-0.035767 -0.072510 -0.034912 -0.069541 -0.140980 -0.067879
-0.075562 -0.067017 -0.010864 -0.146914 -0.130300 -0.021123
-0.083618 -0.021606 -0.012207 -0.162578 -0.042009 -0.023734
-0.067627 -0.043701 -0.067383 -0.131487 -0.084968 -0.131012
-0.006348 -0.040894 -0.104736 -0.012342 -0.079509 -0.203638
0.013062 -0.010132 -0.126343 0.025395 -0.019699 -0.245647
0.011108 0.025269 -0.161011 0.021598 0.049129 -0.313052
0.022827 0.065308 -0.170288 0.044383 0.126977 -0.331090
0.033936 0.043213 -0.168091 0.065981 0.084018 -0.326818
0.024902 -0.007446 -0.153198 0.048417 -0.014478 -0.297862
0.000366 0.011719 -0.128052 0.000712 0.022785 -0.248970
-0.024780 0.031494 -0.121094 -0.048180 0.061234 -0.235442
-0.005127 0.033081 -0.138916 -0.009968 0.064319 -0.270093
0.011108 0.022339 -0.150757 0.021598 0.043433 -0.293115
