-0.560669 0.285034 0.106323 -1.090104 0.554190 0.206723
-0.406982 0.139038 0.146118 -0.791292 0.270331 0.284096
-0.112549 -0.015015 0.084473 -0.218828 -0.029193 0.164239
0.128052 -0.125854 0.015015 0.248970 -0.244698 0.029193
0.466797 -0.117065 0.059448 0.907589 -0.227609 0.115585
0.737183 -0.025146 0.023315 1.433298 -0.048892 0.045332
0.951782 0.027100 -0.111206 1.850542 0.052690 -0.216217
1.021606 0.136230 -0.400146 1.986301 0.264872 -0.778001
0.967896 0.244873 -0.687622 1.881871 0.476105 -1.336938
1.008667 0.316284 -0.896973 1.961143 0.614949 -1.743976
1.260132 0.537354 -1.021362 2.450064 1.044772 -1.985826
1.476440 0.867188 -1.165771 2.870631 1.686065 -2.266600
1.489746 0.995117 -1.188110 2.896501 1.934798 -2.310033
1.261475 0.769775 -1.075195 2.452674 1.496668 -2.090493
0.762207 0.497559 -0.836670 1.481953 0.967399 -1.626730
0.055176 0.165283 -0.489624 0.107278 0.321359 -0.951972
-0.538330 -0.318604 -0.085205 -1.046671 -0.619458 -0.165664
-1.008911 -0.697510 0.223267 -1.961617 -1.356162 0.434095
-1.382935 -0.967896 0.548584 -2.688828 -1.881871 1.066607
-1.990845 -1.123535 0.858521 -3.870783 -2.184480 1.669214
-2.580566 -0.901123 0.981812 -5.017374 -1.752046 1.908928
-2.632935 -0.644897 0.741089 -5.119193 -1.253869 1.440893
-1.965210 -0.573608 0.092896 -3.820941 -1.115262 0.180616
-1.157959 -0.498535 -0.418945 -2.251410 -0.969298 -0.814552
-0.739990 -0.490845 -0.673340 -1.438757 -0.954345 -1.309169
-0.325806 -0.404907 -0.792236 -0.633461 -0.787258 -1.540338
0.240356 -0.000366 -0.718262 0.467323 -0.000712 -1.396510
0.706421 0.306519 -0.594849 1.373488 0.595961 -1.156559
1.199951 0.330200 -0.665894 2.333055 0.642005 -1.294691
1.580933 0.401123 -0.764893 3.073794 0.779900 -1.487174
1.900513 0.641724 -0.833008 3.695151 1.247698 -1.619610
2.164307 0.826050 -0.865845 4.208043 1.606082 -1.683455
2.208740 0.847412 -0.888428 4.294435 1.647616 -1.727363
1.852783 0.749756 -1.110352 3.602351 1.457744 -2.158847
1.549561 0.656494 -1.118530 3.012798 1.276416 -2.174749
1.187988 0.648804 -1.004028 2.309796 1.261464 -1.952124
0.767456 0.496094 -0.991699 1.492158 0.964551 -1.928152
0.289795 0.122925 -0.875732 0.563446 0.239002 -1.702679
-0.303833 -0.245361 -0.687378 -0.590740 -0.477054 -1.336463
-0.826782 -0.447876 -0.402222 -1.607506 -0.870802 -0.782036
-1.381836 -0.600220 -0.124878 -2.686692 -1.167002 -0.242799
-2.004761 -0.741089 0.041260 -3.897840 -1.440893 0.080221
-2.526733 -0.545288 0.051880 -4.912706 -1.060199 0.100870
-2.564941 -0.273560 -0.107422 -4.986994 -0.531880 -0.208859
-1.731323 -0.115234 -0.266113 -3.366197 -0.224049 -0.517402
-0.994629 -0.039429 -0.368164 -1.933849 -0.076661 -0.715818
-0.472778 0.056885 -0.409912 -0.919219 0.110601 -0.796989
-0.301270 0.091553 -0.293213 -0.585756 0.178005 -0.570091
-0.439819 0.105835 -0.143433 -0.855137 0.205774 -0.278875
-0.252563 0.070557 -0.023804 -0.491057 0.137183 -0.046281
0.136353 0.008667 -0.040649 0.265109 0.016851 -0.079034
0.372437 -0.004028 -0.171997 0.724125 -0.007832 -0.334412
0.342529 -0.049438 -0.269897 0.665977 -0.096123 -0.524759
0.028931 -0.159546 -0.234253 0.056250 -0.310204 -0.455456
-0.095703 -0.066040 -0.074707 -0.186075 -0.128401 -0.145252
-0.013916 0.076782 -0.010620 -0.027057 0.149287 -0.020649
-0.033813 0.070190 -0.015991 -0.065743 0.136471 -0.031092
-0.066284 0.073364 -0.015747 -0.128876 0.142642 -0.030617
-0.113647 0.036133 -0.015381 -0.220964 0.070253 -0.029905
-0.103882 -0.119263 -0.047852 -0.201977 -0.231881 -0.093037
0.132202 -0.081299 -0.161499 0.257040 -0.158069 -0.314001
0.176636 0.019653 -0.163940 0.343431 0.038212 -0.318748
0.019653 -0.019653 -0.121948 0.038212 -0.038212 -0.237103
-0.081787 -0.096680 -0.131592 -0.159018 -0.187973 -0.255853
-0.089478 -0.079834 -0.133911 -0.173970 -0.155221 -0.260362
-0.053345 -0.064453 -0.108643 -0.103718 -0.125316 -0.211233
0.031250 -0.011841 -0.097168 0.060759 -0.023022 -0.188923
0.065430 0.048950 -0.115601 0.127214 0.095173 -0.224761
0.049805 0.046143 -0.119385 0.096835 0.089715 -0.232119
0.017090 0.027100 -0.111938 0.033228 0.052690 -0.217641
-0.009888 -0.013916 -0.127075 -0.019225 -0.027057 -0.247071
-0.014404 -0.000366 -0.144287 -0.028006 -0.000712 -0.280536
-0.014404 -0.007080 -0.148193 -0.028006 -0.013766 -0.288131
-0.005371 0.006714 -0.146606 -0.010443 0.013054 -0.285046
-0.009155 0.019043 -0.155396 -0.017801 0.037025 -0.302134
0.002441 0.018555 -0.158447 0.004747 0.036076 -0.308068
-0.002075 0.002808 -0.162476 -0.004035 0.005459 -0.315900
-0.013794 0.031616 -0.148438 -0.026819 0.061471 -0.288606
-0.007935 0.046509 -0.138428 -0.015427 0.090427 -0.269144
-0.004761 0.017212 -0.143311 -0.009256 0.033465 -0.278637
