0.239380 0.255859 0.739990 0.465424 0.497465 1.438757
0.294189 0.431885 0.544556 0.571990 0.839710 1.058775
0.081543 -0.017822 0.264771 0.158543 -0.034652 0.514791
-0.028442 -0.501099 0.030518 -0.055300 -0.974282 0.059335
0.043457 -0.530762 0.002930 0.084493 -1.031956 0.005696
0.121094 -0.288086 0.228027 0.235442 -0.560123 0.443352
0.278076 -0.038818 0.350586 0.540661 -0.075474 0.681641
0.623047 0.015747 0.144775 1.211385 0.030617 0.281486
0.975708 -0.133667 -0.239624 1.897061 -0.259888 -0.465899
1.111816 -0.180908 -0.574341 2.161695 -0.351738 -1.116686
1.121338 -0.051636 -0.808472 2.180208 -0.100395 -1.571905
1.192993 0.217529 -1.005981 2.319527 0.422940 -1.955921
1.313965 0.495850 -1.081299 2.554731 0.964076 -2.102360
1.364380 0.444946 -1.216553 2.652752 0.865105 -2.365333
1.265259 0.573364 -1.196655 2.460032 1.114787 -2.326647
1.068726 0.906128 -1.051270 2.077914 1.761777 -2.043975
0.839844 1.072632 -0.836792 1.632901 2.085509 -1.626968
0.455933 0.752686 -0.725708 0.886466 1.463440 -1.410988
-0.154541 0.084961 -0.448364 -0.300473 0.165189 -0.871751
-1.004028 -0.326904 -0.066650 -1.952124 -0.635597 -0.129588
-1.862183 -0.319458 0.324341 -3.620626 -0.621119 0.630613
-2.679199 -0.636719 0.791992 -5.209145 -1.237967 1.539864
-3.315063 -1.044678 0.957886 -6.445450 -2.031158 1.862409
-3.308105 -1.102173 0.633545 -6.431921 -2.142946 1.231796
-2.509277 -0.504761 -0.210205 -4.878767 -0.981402 -0.408700
-1.501343 -0.366333 -0.738281 -2.919048 -0.712258 -1.435434
-1.138062 -0.690308 -0.760620 -2.212723 -1.342159 -1.478867
-0.668701 -0.479736 -0.748413 -1.300150 -0.932747 -1.455133
0.011963 -0.099487 -0.729370 0.023259 -0.193432 -1.418108
0.636108 0.101563 -0.831421 1.236780 0.197467 -1.616525
1.042725 0.042969 -0.988403 2.027361 0.083544 -1.921744
1.410034 0.005859 -1.061523 2.741518 0.011392 -2.063911
1.820435 0.212769 -1.105103 3.539456 0.413684 -2.148642
2.084961 0.418579 -1.166260 4.053772 0.813840 -2.267549
2.063965 0.531616 -1.213379 4.012949 1.033617 -2.359162
1.786255 0.614014 -1.172241 3.473000 1.193822 -2.279179
1.343018 0.576294 -1.068604 2.611218 1.120484 -2.077677
0.961426 0.514893 -1.002441 1.869292 1.001101 -1.949038
0.752808 0.505249 -1.019165 1.463678 0.982351 -1.981554
0.596802 0.505737 -1.009399 1.160357 0.983301 -1.962567
0.331421 0.355713 -0.818115 0.644379 0.691610 -1.590655
-0.201294 -0.009155 -0.602661 -0.391374 -0.017801 -1.171749
-0.974121 -0.313354 -0.409424 -1.893975 -0.609253 -0.796039
-1.533325 -0.412842 -0.293823 -2.981231 -0.802685 -0.571278
-1.891602 -0.515625 -0.274658 -3.677825 -1.002525 -0.534016
-2.138794 -0.510620 -0.314941 -4.158439 -0.992794 -0.612338
-2.143188 -0.425903 -0.216919 -4.166984 -0.828080 -0.421754
-1.733398 -0.116577 -0.041260 -3.370232 -0.226660 -0.080221
-1.188843 0.052490 0.052979 -2.311457 0.102056 0.103006
-0.834106 0.154907 -0.091919 -1.621746 0.301185 -0.178717
-0.566895 0.382935 -0.155029 -1.102208 0.744536 -0.301422
-0.229370 0.532227 -0.081787 -0.445962 1.034804 -0.159018
-0.013672 0.447632 -0.072998 -0.026582 0.870327 -0.141929
0.018433 0.332153 -0.210205 0.035838 0.645803 -0.408700
0.062012 0.260620 -0.248169 0.120569 0.506721 -0.482513
0.094971 0.209595 -0.177490 0.184651 0.407513 -0.345093
0.068359 0.092163 -0.111938 0.132911 0.179192 -0.217641
0.003174 -0.020630 -0.082520 0.006171 -0.040111 -0.160442
-0.085571 -0.122925 -0.097656 -0.166376 -0.239002 -0.189872
-0.147949 -0.154419 -0.091431 -0.287656 -0.300235 -0.177768
-0.119385 -0.138916 -0.074097 -0.232119 -0.270093 -0.144066
-0.063843 -0.136841 -0.066040 -0.124129 -0.266058 -0.128401
-0.041748 -0.108887 -0.063354 -0.081170 -0.211708 -0.123180
-0.046997 -0.086426 -0.072998 -0.091376 -0.168037 -0.141929
-0.034302 -0.079102 -0.099365 -0.066693 -0.153797 -0.193195
-0.021851 -0.102783 -0.095337 -0.042484 -0.199841 -0.185363
-0.015137 -0.111938 -0.077637 -0.029430 -0.217641 -0.150948
-0.024536 -0.060913 -0.091431 -0.047705 -0.118433 -0.177768
-0.030396 -0.050781 -0.128174 -0.059098 -0.098734 -0.249207
-0.015015 -0.070313 -0.150391 -0.029193 -0.136708 -0.292403
0.004272 -0.050659 -0.118042 0.008307 -0.098496 -0.229508
0.031250 -0.040527 -0.116943 0.060759 -0.078797 -0.227372
0.038940 -0.032471 -0.126343 0.075712 -0.063133 -0.245647
0.026611 0.013184 -0.114258 0.051740 0.025633 -0.222151
0.001343 0.032959 -0.116333 0.002611 0.064082 -0.226185
-0.021240 -0.014771 -0.141235 -0.041297 -0.028718 -0.274603
-0.044678 -0.048096 -0.154419 -0.086867 -0.093512 -0.300235
-0.049561 0.001465 -0.181030 -0.096360 0.002848 -0.351976
-0.051636 0.003418 -0.156250 -0.100395 0.006646 -0.303796
-0.057617 -0.046509 -0.116699 -0.112025 -0.090427 -0.226897
