-0.118652 -0.034668 0.066040 -0.230695 -0.067405 0.128401
-0.226318 -0.109131 0.022705 -0.440029 -0.212182 0.044145
-0.141724 -0.214600 0.092407 -0.275552 -0.417244 0.179667
-0.117554 -0.427490 0.274902 -0.228559 -0.831166 0.534490
-0.110962 -0.648315 0.527344 -0.215742 -1.260514 1.025310
0.327026 0.071045 0.233521 0.635835 0.138132 0.454032
0.710083 0.354248 -0.289917 1.380608 0.688762 -0.563683
0.972656 0.237549 -0.587280 1.891127 0.461864 -1.141844
1.100098 0.336548 -0.741577 2.138911 0.654347 -1.441842
1.115112 0.649170 -0.794067 2.168103 1.262176 -1.543899
1.047974 0.734009 -0.917480 2.037566 1.427127 -1.783850
0.984497 0.764038 -1.077759 1.914149 1.485513 -2.095477
0.897217 0.615234 -1.133179 1.744451 1.196195 -2.203230
0.546753 0.324829 -0.967651 1.063047 0.631562 -1.881396
-0.047241 0.036499 -0.630859 -0.091851 0.070965 -1.226575
-0.682861 -0.066650 -0.347046 -1.327682 -0.129588 -0.674758
-1.236328 -0.072021 -0.124634 -2.403782 -0.140031 -0.242324
-1.778687 -0.363403 0.224976 -3.458285 -0.706562 0.437418
-2.254395 -0.541992 0.625732 -4.383200 -1.053791 1.216606
-2.404419 -0.671021 0.743286 -4.674891 -1.304659 1.445165
-2.040161 -0.405396 0.226807 -3.966668 -0.788207 0.440978
-0.886963 -0.128418 -0.577881 -1.724514 -0.249682 -1.123569
-0.088745 -0.217407 -0.792236 -0.172546 -0.422703 -1.540338
0.437866 -0.390503 -0.752197 0.851340 -0.759252 -1.462491
0.720825 -0.300293 -0.571777 1.401494 -0.583857 -1.111702
0.833740 -0.022827 -0.226196 1.621034 -0.044383 -0.439792
1.060913 -0.018555 0.116089 2.062724 -0.036076 0.225711
1.497314 -0.104858 0.162476 2.911216 -0.203875 0.315900
1.974243 -0.056274 -0.087891 3.838504 -0.109414 -0.170885
2.157471 0.276855 -0.422241 4.194752 0.538288 -0.820960
1.996460 0.707397 -0.645386 3.881700 1.375387 -1.254818
1.579834 0.491211 -0.815552 3.071658 0.955057 -1.585670
1.127563 0.160889 -0.901611 2.192312 0.312815 -1.752995
0.614136 -0.033691 -0.968384 1.194059 -0.065506 -1.882820
0.250610 -0.181396 -1.032715 0.487260 -0.352688 -2.007899
-0.194946 -0.623169 -1.128540 -0.379032 -1.211622 -2.194211
-0.823364 -1.071045 -1.303467 -1.600860 -2.082424 -2.534320
-1.328369 -0.926636 -1.283569 -2.582737 -1.801650 -2.495633
-1.737305 -0.442017 -0.783691 -3.377827 -0.859409 -1.523725
-2.054321 0.004883 0.005981 -3.994200 0.009494 0.011630
-1.879028 0.380859 0.483276 -3.653379 0.740502 0.939630
-1.285889 0.707764 0.562500 -2.500143 1.376099 1.093664
-0.711670 0.508545 0.339600 -1.383694 0.988760 0.660281
-0.364502 -0.042603 -0.107544 -0.708698 -0.082832 -0.209097
-0.076782 -0.363647 -0.297607 -0.149287 -0.707037 -0.578636
0.083862 -0.377686 -0.276978 0.163053 -0.734331 -0.538525
0.165161 -0.234863 -0.160156 0.321121 -0.456643 -0.311390
0.147949 -0.179443 -0.170898 0.287656 -0.348890 -0.332276
0.125000 -0.184692 -0.224243 0.243036 -0.359096 -0.435994
0.066895 -0.166870 -0.212524 0.130062 -0.324444 -0.413209
-0.022583 -0.032104 -0.138672 -0.043908 -0.062420 -0.269619
-0.112549 0.103394 -0.066772 -0.218828 0.201027 -0.129825
-0.114258 0.122559 -0.067993 -0.222151 0.238290 -0.132199
-0.068237 0.096924 -0.134521 -0.132673 0.188448 -0.261549
0.178711 0.019653 -0.141724 0.347466 0.038212 -0.275552
0.148193 -0.093994 -0.191284 0.288131 -0.182752 -0.371912
0.053101 -0.069092 -0.204224 0.103243 -0.134335 -0.397070
-0.041138 -0.030396 -0.146240 -0.079984 -0.059098 -0.284334
-0.045776 -0.007690 -0.059570 -0.089003 -0.014952 -0.115822
-0.012939 -0.010864 -0.052246 -0.025158 -0.021123 -0.101582
-0.004395 -0.028564 -0.085815 -0.008544 -0.055538 -0.166850
0.000122 -0.032471 -0.137329 0.000237 -0.063133 -0.267008
0.012817 -0.020264 -0.174927 0.024921 -0.039398 -0.340109
0.019653 -0.025879 -0.167358 0.038212 -0.050316 -0.325394
0.005615 -0.047241 -0.152954 0.010918 -0.091851 -0.297387
-0.029419 -0.053467 -0.142822 -0.057199 -0.103955 -0.277688
-0.079346 -0.060547 -0.154053 -0.154271 -0.117721 -0.299523
-0.062500 -0.026733 -0.152466 -0.121518 -0.051978 -0.296438
-0.025757 -0.038452 -0.132202 -0.050079 -0.074762 -0.257040
-0.009033 -0.022583 -0.129395 -0.017563 -0.043908 -0.251581
-0.007935 -0.028076 -0.121460 -0.015427 -0.054588 -0.236154
-0.019043 -0.056519 -0.122314 -0.037025 -0.109889 -0.237815
-0.014771 -0.040527 -0.125488 -0.028718 -0.078797 -0.243986
-0.010742 -0.052124 -0.114502 -0.020886 -0.101344 -0.222625
0.007935 -0.035889 -0.111206 0.015427 -0.069778 -0.216217
0.019897 -0.002686 -0.115723 0.038686 -0.005221 -0.224999
0.018799 0.006592 -0.138428 0.036550 0.012816 -0.269144
0.007813 0.029419 -0.144165 0.015190 0.057199 -0.280299
-0.009399 0.037598 -0.142944 -0.018275 0.073101 -0.277925
-0.020264 0.024170 -0.138306 -0.039398 0.046993 -0.268907
