0.063843 -0.078491 -0.282349 0.124129 -0.152610 -0.548968
0.101807 0.028320 -0.200684 0.197942 0.055063 -0.390187
0.112061 0.032227 -0.063477 0.217878 0.062658 -0.123417
0.043823 0.029785 0.094116 0.085205 0.057911 0.182989
0.112427 0.015625 0.239624 0.218590 0.030380 0.465899
0.387573 -0.024536 0.232300 0.753555 -0.047705 0.451659
0.846191 0.109009 0.095947 1.645243 0.211945 0.186549
1.388672 0.035034 -0.147095 2.699983 0.068117 -0.285995
1.820435 0.067261 -0.300171 3.539456 0.130774 -0.583620
2.103394 0.359253 -0.288330 4.089611 0.698492 -0.560598
2.293213 0.572754 -0.304932 4.458674 1.113601 -0.592876
2.361572 0.890137 -0.409058 4.591585 1.730685 -0.795327
2.111938 1.168823 -0.336182 4.106224 2.272533 -0.653635
1.645508 1.669189 -0.044800 3.199347 3.245391 -0.087104
0.849243 1.246704 -0.053589 1.651176 2.423956 -0.104192
-0.124878 0.457886 -0.398071 -0.242799 0.890263 -0.773967
-0.870361 -0.200317 -0.779175 -1.692236 -0.389475 -1.514943
-1.367065 -0.415161 -0.892212 -2.657974 -0.807194 -1.734720
-1.815063 -0.457520 -0.773560 -3.529013 -0.889551 -1.504025
-2.683838 -0.524902 -0.614014 -5.218163 -1.020563 -1.193822
-3.453735 -0.675903 -0.620117 -6.715069 -1.314153 -1.205689
-3.886108 -0.979614 -0.388916 -7.555728 -1.904656 -0.756166
-3.251099 -0.763428 0.000488 -6.321084 -1.484326 0.000949
-1.670898 -0.025757 0.025879 -3.248714 -0.050079 0.050316
-1.042603 0.000854 -0.311646 -2.027123 0.001661 -0.605930
-0.689087 -0.356812 -0.642944 -1.339786 -0.693746 -1.250071
0.069824 -0.145142 -0.921265 0.135759 -0.282198 -1.791207
0.890015 0.300903 -0.928345 1.730448 0.585044 -1.804973
1.663330 0.447876 -0.860840 3.233999 0.870802 -1.673724
2.159546 0.323975 -0.754150 4.198787 0.629901 -1.466288
2.188354 0.227051 -0.690430 4.254799 0.441453 -1.342397
1.952881 0.051270 -0.627563 3.796970 0.099683 -1.220166
1.751587 0.042236 -0.555786 3.405596 0.082120 -1.080610
1.593262 0.071289 -0.409546 3.097765 0.138607 -0.796277
1.657593 0.080200 -0.261841 3.222844 0.155933 -0.509095
1.757202 0.079346 -0.225708 3.416513 0.154271 -0.438842
1.583618 0.136230 -0.093140 3.079015 0.264872 -0.181091
1.142944 0.290649 -0.005737 2.222217 0.565107 -0.011155
0.617554 0.436768 -0.033325 1.200704 0.849204 -0.064794
0.124634 0.085693 -0.359131 0.242324 0.166613 -0.698255
-0.277222 -0.163574 -0.583740 -0.539000 -0.318036 -1.134961
-0.624878 -0.088745 -0.514404 -1.214945 -0.172546 -1.000152
-1.041260 -0.255249 -0.448486 -2.024513 -0.496279 -0.871988
-1.472778 -0.418457 -0.434082 -2.863511 -0.813603 -0.843982
-1.836670 -0.118774 -0.564209 -3.571022 -0.230932 -1.096987
-2.231445 -0.397583 -0.700562 -4.338581 -0.773017 -1.362096
-2.452759 -0.443237 -0.597534 -4.768878 -0.861783 -1.161781
-2.352783 0.164063 -0.431274 -4.574497 0.318985 -0.838523
-2.010742 0.544189 -0.187744 -3.909469 1.058063 -0.365029
-1.486206 0.249268 -0.062866 -2.889618 0.484649 -0.122230
-0.790283 -0.060547 -0.063354 -1.536541 -0.117721 -0.123180
-0.150757 -0.069336 -0.107910 -0.293115 -0.134809 -0.209809
0.130249 0.044434 -0.270386 0.253242 0.086392 -0.525709
0.199707 0.169189 -0.370239 0.388289 0.328954 -0.719853
0.144165 0.259155 -0.257080 0.280299 0.503873 -0.499839
0.058960 0.130127 -0.100952 0.114635 0.253005 -0.196280
-0.036499 -0.069092 -0.024292 -0.070965 -0.134335 -0.047231
-0.067871 -0.047607 0.000732 -0.131961 -0.092563 0.001424
-0.041138 -0.111938 0.030273 -0.079984 -0.217641 0.058860
0.012207 -0.185791 0.037231 0.023734 -0.361232 0.072389
0.071533 -0.122192 -0.016602 0.139081 -0.237578 -0.032278
0.089722 -0.118530 -0.064697 0.174445 -0.230457 -0.125790
0.030029 -0.046631 -0.067749 0.058386 -0.090664 -0.131724
-0.047974 0.057495 -0.107178 -0.093275 0.111787 -0.208385
-0.073608 0.015747 -0.127930 -0.143116 0.030617 -0.248733
-0.043457 -0.035156 -0.105957 -0.084493 -0.068354 -0.206011
-0.000488 -0.044312 -0.079102 -0.000949 -0.086155 -0.153797
0.024170 -0.060669 -0.058472 0.046993 -0.117958 -0.113686
0.060059 -0.015381 -0.028076 0.116771 -0.029905 -0.054588
0.088135 0.090088 -0.007446 0.171360 0.175157 -0.014478
0.050293 0.140869 -0.020020 0.097784 0.273891 -0.038924
-0.031738 0.038330 -0.111938 -0.061708 0.074525 -0.217641
-0.110718 -0.041260 -0.223145 -0.215268 -0.080221 -0.433858
-0.127686 0.001343 -0.196411 -0.248258 0.002611 -0.381881
-0.115845 0.075073 -0.191284 -0.225236 0.145964 -0.371912
-0.102539 0.047607 -0.243652 -0.199366 0.092563 -0.473731
-0.110840 -0.022461 -0.232300 -0.215505 -0.043671 -0.451659
-0.068970 0.010132 -0.153076 -0.134097 0.019699 -0.297625
0.032104 0.069092 -0.094482 0.062420 0.134335 -0.183701
0.082764 0.043213 -0.106079 0.160917 0.084018 -0.206249
