-0.619507 -0.005005 0.073242 -1.204502 -0.009731 0.142404
-0.695801 0.454834 0.335815 -1.352840 0.884330 0.652923
-0.754028 0.062866 0.106567 -1.466051 0.122230 0.207198
-0.752930 -0.336304 0.038452 -1.463915 -0.653872 0.074762
-0.353882 -0.259888 0.174438 -0.688049 -0.505297 0.339159
0.391602 -0.040771 0.479614 0.761388 -0.079272 0.932510
1.006714 0.242188 0.682495 1.957345 0.470883 1.326970
1.320557 -0.018433 0.601196 2.567547 -0.035838 1.168901
1.521484 -0.072388 0.251343 2.958209 -0.140743 0.488684
1.593384 -0.027832 -0.162109 3.098003 -0.054114 -0.315188
1.645508 -0.124390 -0.382568 3.199347 -0.241850 -0.743824
1.699463 -0.239258 -0.540527 3.304251 -0.465187 -1.050943
1.711670 -0.141968 -0.629639 3.327986 -0.276027 -1.224201
1.598755 -0.035156 -0.630615 3.108446 -0.068354 -1.226100
1.301270 0.169678 -0.563721 2.530047 0.329903 -1.096037
0.813232 0.270386 -0.539551 1.581161 0.525709 -1.049044
0.217529 0.067749 -0.683838 0.422940 0.131724 -1.329580
-0.428711 -0.253174 -0.745972 -0.833539 -0.492244 -1.450387
-1.065918 -0.451538 -0.684692 -2.072455 -0.877922 -1.331242
-1.646240 -0.705933 -0.694946 -3.200771 -1.372539 -1.351178
-2.400024 -0.834839 -0.644409 -4.666348 -1.623170 -1.252919
-3.290527 -1.200317 -0.213745 -6.397745 -2.333767 -0.415583
-3.389160 -0.898560 0.274414 -6.589516 -1.747062 0.533541
-2.263062 -0.373535 0.388916 -4.400052 -0.726261 0.756166
-0.318237 -0.517700 -0.073242 -0.618746 -1.006560 -0.142404
0.566650 -0.441406 -0.499146 1.101734 -0.858222 -0.970484
0.773193 -0.054199 -0.500366 1.503313 -0.105379 -0.972858
1.070190 0.073242 -0.438110 2.080762 0.142404 -0.851814
1.731567 -0.019287 -0.347534 3.366672 -0.037500 -0.675708
2.374512 -0.117676 -0.341431 4.616743 -0.228796 -0.663841
2.515503 -0.050659 -0.262573 4.890871 -0.098496 -0.510519
2.202637 0.142456 -0.344238 4.282568 0.276976 -0.669300
1.787842 0.119751 -0.457031 3.476086 0.232831 -0.888602
1.481689 0.010132 -0.494751 2.880836 0.019699 -0.961940
1.300781 -0.028931 -0.490479 2.529098 -0.056250 -0.953633
1.106934 -0.065796 -0.498291 2.152202 -0.127926 -0.968823
0.796753 -0.137451 -0.558105 1.549120 -0.267245 -1.085120
0.442749 -0.151611 -0.666992 0.860833 -0.294777 -1.296827
0.185913 -0.092285 -0.747070 0.361469 -0.179429 -1.452523
-0.038452 -0.030396 -0.671265 -0.074762 -0.059098 -1.305134
-0.395264 -0.166992 -0.766724 -0.768508 -0.324682 -1.490734
-0.914551 -0.356689 -0.930664 -1.778153 -0.693508 -1.809482
-1.766235 -0.220459 -1.223755 -3.434077 -0.428637 -2.379336
-2.312012 -0.056030 -1.227295 -4.495225 -0.108939 -2.386219
-2.351318 0.011841 -0.944702 -4.571649 0.023022 -1.836776
-2.271729 0.439697 -0.648804 -4.416903 0.854900 -1.261464
-1.833984 0.735352 -0.406006 -3.565800 1.429738 -0.789394
-0.993896 0.561279 -0.370972 -1.932425 1.091291 -0.721277
-0.430298 0.136719 -0.711182 -0.836625 0.265821 -1.382745
-0.269287 -0.011108 -0.770264 -0.523573 -0.021598 -1.497617
-0.390381 0.057495 -0.422363 -0.759014 0.111787 -0.821197
-0.604492 0.094727 -0.076416 -1.175309 0.184176 -0.148575
-0.608032 0.145874 0.064209 -1.182192 0.283622 0.124841
-0.512939 0.168579 0.111450 -0.997304 0.327767 0.216692
-0.408081 0.096191 0.054077 -0.793429 0.187024 0.105142
-0.304565 0.026123 -0.022217 -0.592164 0.050791 -0.043196
-0.219238 0.003662 -0.072510 -0.426263 0.007120 -0.140980
-0.163696 0.022949 -0.110474 -0.318273 0.044620 -0.214793
-0.149536 0.034180 -0.139160 -0.290742 0.066455 -0.270568
-0.125122 0.066040 -0.121704 -0.243274 0.128401 -0.236628
-0.095581 0.079712 -0.113281 -0.185837 0.154983 -0.220252
-0.079346 0.059326 -0.154053 -0.154271 0.115347 -0.299523
-0.029663 0.019287 -0.163208 -0.057674 0.037500 -0.317324
0.004272 0.002197 -0.137207 0.008307 0.004272 -0.266770
0.007690 0.006836 -0.137207 0.014952 0.013291 -0.266770
0.036011 0.070801 -0.168701 0.070015 0.137657 -0.328004
0.068848 0.099365 -0.184814 0.133860 0.193195 -0.359333
0.008423 0.057861 -0.174927 0.016376 0.112499 -0.340109
-0.055542 0.060669 -0.136963 -0.107990 0.117958 -0.266296
-0.078613 0.068115 -0.127563 -0.152847 0.132436 -0.248021
-0.062988 0.082520 -0.165161 -0.122468 0.160442 -0.321121
-0.030029 0.085327 -0.185547 -0.058386 0.165901 -0.360757
-0.016602 0.059326 -0.183838 -0.032278 0.115347 -0.357434
-0.085449 0.028564 -0.152222 -0.166138 0.055538 -0.295963
-0.083618 0.058472 -0.096191 -0.162578 0.113686 -0.187024
-0.067139 0.074829 -0.055908 -0.130537 0.145490 -0.108702
-0.092773 0.065063 -0.079956 -0.180379 0.126502 -0.155458
-0.086060 0.035767 -0.116699 -0.167325 0.069541 -0.226897
-0.084351 0.007813 -0.151489 -0.164002 0.015190 -0.294539
-0.146851 0.051758 -0.146484 -0.285520 0.100632 -0.284808
