-0.505005 0.035889 0.082764 -0.981877 0.069778 0.160917
-0.464722 -0.028687 0.316772 -0.903554 -0.055775 0.615898
-0.321289 0.208496 0.432739 -0.624680 0.405377 0.841371
-0.309814 -0.011230 0.407837 -0.602370 -0.021835 0.792954
-0.285034 -0.305054 0.324463 -0.554190 -0.593113 0.630850
-0.158569 -0.441406 0.296631 -0.308305 -0.858222 0.576737
0.042480 -0.361206 0.436279 0.082594 -0.702290 0.848254
0.291870 -0.242798 0.520874 0.567481 -0.472070 1.012731
0.565674 -0.389526 0.269287 1.099835 -0.757353 0.523573
0.917236 -0.331177 -0.172241 1.783375 -0.643904 -0.334887
1.262573 -0.166260 -0.553833 2.454811 -0.323257 -1.076813
1.560181 0.073486 -0.737061 3.033446 0.142879 -1.433061
1.725708 0.202026 -0.846680 3.355280 0.392798 -1.646192
1.712036 0.388306 -0.937988 3.328697 0.754979 -1.823723
1.567749 0.472046 -1.059204 3.048161 0.917795 -2.059402
1.323975 0.638550 -1.065674 2.574193 1.241527 -2.071981
0.987915 0.707397 -0.966919 1.920795 1.375387 -1.879972
0.498413 0.504761 -0.798584 0.969060 0.981402 -1.552680
-0.036133 0.198730 -0.515137 -0.070253 0.386390 -1.001576
-0.580444 -0.180054 -0.187256 -1.128553 -0.350077 -0.364080
-1.161255 -0.377808 0.123413 -2.257818 -0.734568 0.239951
-1.800537 -0.316895 0.395752 -3.500769 -0.616135 0.769457
-2.639404 -0.305542 0.515625 -5.131772 -0.594063 1.002525
-2.814087 -0.410278 0.470337 -5.471406 -0.797701 0.914472
-2.359497 -0.218018 0.072754 -4.587550 -0.423890 0.141455
-2.155640 -0.223389 -0.428833 -4.191192 -0.434333 -0.833776
-2.009644 -0.349487 -0.711670 -3.907333 -0.679505 -1.383694
-1.543701 -0.231323 -0.815186 -3.001405 -0.449760 -1.584958
-0.841309 -0.132080 -0.716675 -1.635749 -0.256802 -1.393425
-0.008423 -0.191650 -0.671875 -0.016376 -0.372624 -1.306321
0.524902 -0.334351 -0.622559 1.020563 -0.650075 -1.210436
0.817139 -0.335205 -0.686768 1.588756 -0.651736 -1.335276
1.191284 -0.206909 -0.799072 2.316204 -0.402292 -1.553630
1.754272 -0.046387 -0.960693 3.410817 -0.090189 -1.867868
2.226196 -0.029907 -1.039429 4.328375 -0.058148 -2.020952
2.452026 -0.065430 -1.068481 4.767454 -0.127214 -2.077440
2.423096 0.022949 -1.064453 4.711205 0.044620 -2.069607
2.263306 0.398804 -1.000000 4.400526 0.775391 -1.944292
1.865112 0.606323 -1.010254 3.626322 1.178869 -1.964228
1.405151 0.486206 -1.026123 2.732024 0.945326 -1.995082
0.987793 0.202759 -0.993286 1.920558 0.394222 -1.931238
0.649048 -0.053345 -0.895752 1.261938 -0.103718 -1.741603
0.398438 -0.059448 -0.732788 0.774679 -0.115585 -1.424754
0.127686 -0.057007 -0.666382 0.248258 -0.110838 -1.295641
-0.225098 -0.130859 -0.609741 -0.437655 -0.254429 -1.185515
-0.730713 -0.207153 -0.468872 -1.420719 -0.402766 -0.911624
-1.368164 -0.333252 -0.177002 -2.660110 -0.647939 -0.344143
-1.960815 -0.329224 0.058228 -3.812397 -0.640107 0.113211
-2.324707 -0.330322 0.200684 -4.519908 -0.642243 0.390187
-2.601196 -0.296509 0.269409 -5.057484 -0.576500 0.523810
-2.216797 -0.058716 0.217407 -4.310100 -0.114161 0.422703
-1.614014 0.228027 -0.029053 -3.138113 0.443352 -0.056487
-1.490845 0.186768 -0.227905 -2.898637 0.363131 -0.443114
-1.350464 0.325928 -0.241699 -2.625695 0.633699 -0.469934
-0.999146 0.480103 -0.093750 -1.942630 0.933459 -0.182277
-0.548340 0.424561 -0.010132 -1.066133 0.825469 -0.019699
-0.295410 0.279419 -0.052124 -0.574363 0.543272 -0.101344
-0.156128 0.246094 -0.087524 -0.303558 0.478478 -0.170173
-0.009521 0.320557 -0.102051 -0.018513 0.623256 -0.198416
0.030029 0.278687 -0.133667 0.058386 0.541848 -0.259888
0.061768 0.236206 -0.119629 0.120094 0.459253 -0.232593
0.106079 0.147583 -0.083740 0.206249 0.286944 -0.162815
0.112671 0.078247 -0.063232 0.219065 0.152135 -0.122942
0.109253 0.022583 -0.034912 0.212420 0.043908 -0.067879
0.113892 -0.035767 -0.031982 0.221438 -0.069541 -0.062183
0.095825 -0.053833 -0.027832 0.186312 -0.104667 -0.054114
0.077881 -0.071289 -0.038452 0.151423 -0.138607 -0.074762
0.060547 -0.091064 -0.093750 0.117721 -0.177056 -0.182277
0.035645 -0.096924 -0.129639 0.069303 -0.188448 -0.252055
0.014160 -0.066895 -0.128418 0.027531 -0.130062 -0.249682
0.003540 -0.039307 -0.131226 0.006883 -0.076424 -0.255141
0.010132 -0.037964 -0.132813 0.019699 -0.073813 -0.258226
0.032715 -0.017212 -0.125854 0.063607 -0.033465 -0.244698
0.033936 -0.014038 -0.108398 0.065981 -0.027294 -0.210758
0.024536 -0.028320 -0.081055 0.047705 -0.055063 -0.157594
0.035767 -0.004028 -0.087646 0.069541 -0.007832 -0.170410
0.026489 -0.007690 -0.105103 0.051503 -0.014952 -0.204350
0.006592 0.016357 -0.108643 0.012816 0.031804 -0.211233
-0.010864 0.022705 -0.122559 -0.021123 0.044145 -0.238290
-0.002686 0.034546 -0.121704 -0.005221 0.067167 -0.236628
