-0.822388 -0.322754 0.416138 -1.598961 -0.627528 0.809093
-0.716431 -0.303833 0.362671 -1.392950 -0.590740 0.705138
-0.455322 -0.276367 0.424561 -0.885279 -0.537338 0.825469
-0.186401 -0.282837 0.265137 -0.362419 -0.549917 0.515503
0.278564 -0.348877 0.136597 0.541611 -0.678319 0.265584
0.704590 -0.131348 -0.009277 1.369928 -0.255378 -0.018038
0.906616 0.510742 -0.377930 1.762726 0.993032 -0.734806
0.992798 0.456543 -0.681274 1.930289 0.887653 -1.324596
1.048950 0.185425 -0.838867 2.039465 0.360520 -1.631002
1.090088 0.240356 -0.998657 2.119449 0.467323 -1.941681
1.167847 0.571411 -1.214966 2.270634 1.110990 -2.362248
1.239746 0.826416 -1.385742 2.410428 1.606794 -2.694287
1.286377 0.933960 -1.449585 2.501092 1.815891 -2.818416
1.223755 0.946045 -1.374634 2.379336 1.839387 -2.672689
0.947021 0.666748 -1.200684 1.841286 1.296353 -2.334479
0.401855 0.347656 -0.972290 0.781324 0.675945 -1.890415
-0.523926 0.033447 -0.564575 -1.018664 0.065031 -1.097699
-1.299805 -0.177490 -0.085083 -2.527199 -0.345093 -0.165426
-1.955933 -0.413696 0.336304 -3.802903 -0.804346 0.653872
-2.905396 -0.665649 0.832886 -5.648936 -1.294217 1.619373
-3.439819 -0.635864 1.041260 -6.688012 -1.236306 2.024513
-2.636597 -0.691040 0.473511 -5.126313 -1.343583 0.920643
-1.143799 -0.359741 -0.086914 -2.223878 -0.699442 -0.168986
-0.468140 -0.293579 -0.325928 -0.910200 -0.570803 -0.633699
0.083252 -0.309082 -0.211914 0.161866 -0.600946 -0.412023
0.616699 -0.216064 -0.282349 1.199043 -0.420092 -0.548968
1.054199 -0.192505 -0.593872 2.049671 -0.374286 -1.154660
1.532837 -0.200439 -0.686279 2.980282 -0.389713 -1.334327
1.794556 -0.020752 -0.755127 3.489140 -0.040348 -1.468187
1.638306 0.308105 -0.836304 3.185344 0.599047 -1.626018
1.764404 0.381348 -0.838623 3.430516 0.741451 -1.630528
1.947144 0.277222 -0.921265 3.785815 0.539000 -1.791207
1.688965 0.243652 -0.954224 3.283840 0.473731 -1.855289
0.989136 0.279907 -1.007935 1.923168 0.544221 -1.959719
0.685669 0.325195 -0.868408 1.333140 0.632275 -1.688439
0.488159 0.243408 -0.735840 0.949124 0.473257 -1.430687
0.048340 0.062988 -0.755371 0.093987 0.122468 -1.468662
-0.538696 -0.104614 -0.646606 -1.047383 -0.203401 -1.257192
-1.049927 -0.268921 -0.360474 -2.041364 -0.522861 -0.700866
-1.625488 -0.484741 -0.197144 -3.160423 -0.942478 -0.383305
-2.188721 -0.588745 -0.112793 -4.255511 -1.144692 -0.219302
-2.559814 -0.465698 -0.069092 -4.977026 -0.905453 -0.134335
-2.568237 -0.275391 -0.077881 -4.993402 -0.535440 -0.151423
-1.658081 -0.358154 -0.130737 -3.223793 -0.696356 -0.254191
-0.840576 -0.208618 -0.111572 -1.634325 -0.405615 -0.216929
-0.135620 0.165527 0.004639 -0.263685 0.321833 0.009019
0.213501 0.263428 0.109741 0.415108 0.512180 0.213369
0.173584 0.266479 0.009644 0.337498 0.518114 0.018750
0.508057 0.159912 -0.185669 0.987810 0.310916 -0.360995
0.715332 0.004883 -0.284546 1.390814 0.009494 -0.553240
0.587769 -0.092773 -0.277588 1.142793 -0.180379 -0.539712
0.359131 -0.004150 -0.260742 0.698255 -0.008070 -0.506959
0.183472 0.158936 -0.255615 0.356722 0.309017 -0.496991
0.118774 0.187012 -0.259766 0.230932 0.363605 -0.505060
0.068359 0.139404 -0.249268 0.132911 0.271043 -0.484649
0.017944 0.230347 -0.243530 0.034889 0.447861 -0.473494
-0.010132 0.360352 -0.200195 -0.019699 0.700629 -0.389238
-0.005127 0.379272 -0.176025 -0.009968 0.737416 -0.342245
-0.022339 0.330688 -0.208862 -0.043433 0.642955 -0.406089
0.003418 0.279785 -0.226563 0.006646 0.543984 -0.440504
-0.006226 0.158447 -0.204590 -0.012104 0.308068 -0.397782
-0.009521 0.031128 -0.156616 -0.018513 0.060522 -0.304508
-0.010864 0.049927 -0.153564 -0.021123 0.097072 -0.298574
-0.015869 0.062866 -0.140747 -0.030854 0.122230 -0.273653
-0.046509 0.045044 -0.094604 -0.090427 0.087579 -0.183939
-0.082764 0.058594 -0.069702 -0.160917 0.113923 -0.135521
-0.100708 0.019409 -0.072754 -0.195806 0.037737 -0.141455
-0.089478 0.011230 -0.072754 -0.173970 0.021835 -0.141455
-0.049927 -0.007324 -0.064453 -0.097072 -0.014240 -0.125316
-0.027466 -0.028442 -0.119507 -0.053402 -0.055300 -0.232356
-0.048096 -0.068115 -0.181030 -0.093512 -0.132436 -0.351976
-0.046509 -0.103638 -0.176270 -0.090427 -0.201502 -0.342719
-0.054932 -0.085327 -0.133789 -0.106803 -0.165901 -0.260125
-0.043945 -0.004395 -0.108398 -0.085443 -0.008544 -0.210758
-0.024658 0.043701 -0.117188 -0.047943 0.084968 -0.227847
-0.025757 0.017456 -0.136353 -0.050079 0.033940 -0.265109
-0.050415 -0.011719 -0.120361 -0.098022 -0.022785 -0.234018
-0.057373 -0.013916 -0.093872 -0.111550 -0.027057 -0.182515
-0.044800 -0.000244 -0.097290 -0.087104 -0.000475 -0.189160
-0.030884 -0.016479 -0.146240 -0.060047 -0.032041 -0.284334
