0.010864 -0.101196 0.166626 0.021123 -0.196755 0.323969
-0.079468 -0.086670 0.377808 -0.154509 -0.168512 0.734568
-0.115234 -0.259277 0.646973 -0.224049 -0.504111 1.257903
0.020752 -0.337158 0.887085 0.040348 -0.655534 1.724752
0.533447 -0.287964 0.880249 1.037177 -0.559886 1.711461
1.086182 -0.121094 0.902466 2.111854 -0.235442 1.754657
1.411133 -0.003784 0.623535 2.743654 -0.007358 1.212334
1.518188 0.168457 0.152832 2.951801 0.327530 0.297150
1.453613 0.132568 -0.218750 2.826248 0.257752 -0.425314
1.358521 0.001099 -0.380493 2.641360 0.002136 -0.739790
1.283325 -0.185181 -0.494873 2.495158 -0.360045 -0.962178
1.185303 0.030640 -0.475708 2.304574 0.059572 -0.924915
1.019287 0.289185 -0.411621 1.981791 0.562259 -0.800311
0.826172 0.304688 -0.425049 1.606319 0.592401 -0.826419
0.543945 0.192383 -0.505005 1.057588 0.374048 -0.981877
0.066406 0.175903 -0.536133 0.129113 0.342007 -1.042399
-0.409912 0.089600 -0.417358 -0.796989 0.174208 -0.811466
-1.095337 -0.170898 -0.297607 -2.129654 -0.332276 -0.578636
-1.873169 -0.239868 -0.238403 -3.641987 -0.466374 -0.463526
-2.774292 -0.197632 -0.269409 -5.394032 -0.384254 -0.523810
-3.392090 -0.102051 -0.447388 -6.595212 -0.198416 -0.869852
-3.486938 0.197754 -0.710571 -6.779625 0.384491 -1.381558
-2.770630 0.227905 -0.895996 -5.386912 0.443114 -1.742078
-1.528564 -0.118530 -0.875122 -2.971975 -0.230457 -1.701493
-0.066895 -0.453979 -0.656860 -0.130062 -0.882668 -1.277128
0.870605 -0.438843 -0.311523 1.692711 -0.853238 -0.605692
1.238647 -0.386841 -0.184082 2.408292 -0.752131 -0.357909
1.523438 -0.456543 -0.174194 2.962007 -0.887653 -0.338685
1.855347 -0.457275 -0.214478 3.607335 -0.889077 -0.417007
2.102051 -0.327026 -0.266235 4.087000 -0.635835 -0.517639
2.269287 -0.305298 -0.375366 4.412156 -0.593588 -0.729821
2.261108 -0.387207 -0.501343 4.396254 -0.752843 -0.974757
1.825317 -0.333130 -0.739624 3.548949 -0.647702 -1.438045
1.517944 -0.073730 -0.825562 2.951326 -0.143354 -1.605132
1.353882 0.149414 -0.786133 2.632341 0.290505 -1.528471
0.790894 0.080078 -0.717773 1.537728 0.155695 -1.395561
0.261841 -0.206787 -0.753784 0.509095 -0.402054 -1.465576
-0.148315 -0.455688 -0.910278 -0.288368 -0.885991 -1.769847
-0.254761 -0.242798 -0.918823 -0.495329 -0.472070 -1.786460
-0.492554 -0.023804 -0.956421 -0.957668 -0.046281 -1.859561
-0.935669 -0.135498 -1.084839 -1.819213 -0.263448 -2.109243
-1.215820 -0.355591 -1.205688 -2.363909 -0.691372 -2.344210
-1.414673 -0.342529 -1.346436 -2.750536 -0.665977 -2.617863
-1.416504 -0.040039 -1.407959 -2.754097 -0.077848 -2.737483
-1.725708 0.339111 -1.263428 -3.355280 0.659331 -2.456472
-1.283203 0.726563 -1.218750 -2.494921 1.412649 -2.369605
-0.400391 0.561523 -1.294312 -0.778476 1.091765 -2.516519
0.247070 0.386963 -1.127441 0.480377 0.752369 -2.192075
0.204590 0.448364 -0.806763 0.397782 0.871751 -1.568582
-0.143311 0.382568 -0.484985 -0.278637 0.743824 -0.942953
-0.407959 0.298706 -0.226074 -0.793191 0.580772 -0.439554
-0.435303 0.177002 -0.022705 -0.846355 0.344143 -0.044145
-0.311401 0.116943 0.059692 -0.605455 0.227372 0.116059
-0.165039 0.066650 0.067993 -0.320884 0.129588 0.132199
-0.053955 -0.034912 0.074219 -0.104904 -0.067879 0.144303
0.024414 -0.048584 0.092896 0.047468 -0.094461 0.180616
0.057129 -0.087036 0.103394 0.111075 -0.169224 0.201027
0.071899 -0.136230 0.102417 0.139793 -0.264872 0.199128
0.054199 -0.191895 0.101074 0.105379 -0.373099 0.196518
0.027344 -0.180908 0.074219 0.053164 -0.351738 0.144303
0.020264 -0.093018 0.045410 0.039398 -0.180853 0.088291
0.008789 -0.074829 0.036133 0.017089 -0.145490 0.070253
0.004517 -0.060669 0.012207 0.008782 -0.117958 0.023734
-0.018555 -0.064453 -0.015503 -0.036076 -0.125316 -0.030142
-0.054443 -0.086060 -0.046143 -0.105854 -0.167325 -0.089715
-0.100708 -0.049194 -0.065674 -0.195806 -0.095648 -0.127689
-0.108032 -0.020874 -0.069336 -0.210046 -0.040585 -0.134809
-0.074585 -0.024414 -0.078857 -0.145015 -0.047468 -0.153322
-0.062622 -0.029053 -0.085815 -0.121756 -0.056487 -0.166850
-0.063599 -0.010498 -0.087524 -0.123654 -0.020411 -0.170173
-0.052734 -0.001953 -0.099976 -0.102531 -0.003797 -0.194382
-0.043701 0.035767 -0.142334 -0.084968 0.069541 -0.276739
-0.058350 0.070190 -0.151123 -0.113449 0.136471 -0.293827
-0.027710 0.094116 -0.119873 -0.053876 0.182989 -0.233068
0.006958 0.054077 -0.100342 0.013528 0.105142 -0.195094
0.033936 0.013794 -0.085327 0.065981 0.026819 -0.165901
0.076294 -0.045654 -0.068237 0.148338 -0.088765 -0.132673
0.117188 -0.029419 -0.085083 0.227847 -0.057199 -0.165426
0.083618 -0.007813 -0.104858 0.162578 -0.015190 -0.203875
0.038696 -0.009521 -0.102417 0.075237 -0.018513 -0.199128
