-0.533691 0.081909 0.160522 -1.037652 0.159255 0.312102
-0.691406 0.129395 0.042603 -1.344295 0.251581 0.082832
-0.558350 0.149780 0.005249 -1.085594 0.291217 0.010206
-0.246338 0.075562 0.063721 -0.478953 0.146914 0.123892
0.035645 0.040649 -0.128540 0.069303 0.079034 -0.249919
0.542847 0.024414 -0.423218 1.055452 0.047468 -0.822859
0.901245 0.159424 -0.520142 1.752283 0.309966 -1.011307
1.099609 0.390259 -0.765869 2.137961 0.758777 -1.489073
1.212158 0.546387 -0.989380 2.356789 1.062335 -1.923643
1.403442 0.756958 -1.180542 2.728701 1.471747 -2.295318
1.500244 0.971191 -1.335449 2.916912 1.888279 -2.596503
1.508423 1.069946 -1.336792 2.932814 2.080288 -2.599113
1.351318 0.917847 -1.087280 2.627357 1.784562 -2.113990
0.901367 0.574585 -0.870972 1.752521 1.117161 -1.693423
0.341064 0.200684 -0.723755 0.663129 0.390187 -1.407191
-0.438110 -0.160889 -0.444092 -0.851814 -0.312815 -0.863444
-1.181152 -0.519897 -0.009033 -2.296504 -1.010832 -0.017563
-1.881104 -0.879395 0.370728 -3.657414 -1.709799 0.720802
-2.684937 -0.842041 0.512939 -5.220300 -1.637173 0.997304
-2.942749 -0.449829 0.271484 -5.721562 -0.874599 0.527845
-2.512085 -0.309692 -0.261475 -4.884226 -0.602132 -0.508383
-1.673340 -0.569336 -0.545166 -3.253461 -1.106955 -1.059962
-0.700195 -0.566040 -0.478638 -1.361384 -1.100547 -0.930611
0.083008 -0.107300 -0.426880 0.161391 -0.208622 -0.829979
0.686035 0.356445 -0.490967 1.333852 0.693034 -0.954583
1.305420 0.374146 -0.530396 2.538117 0.727448 -1.031244
1.641968 0.252686 -0.566162 3.192464 0.491294 -1.100784
2.037842 0.247559 -0.429932 3.962159 0.481326 -0.835912
1.966919 0.293701 -0.498657 3.824264 0.571041 -0.969535
1.729248 0.392212 -0.553467 3.362163 0.762574 -1.076101
1.753052 0.369873 -0.585693 3.408444 0.719141 -1.138759
1.514893 0.303711 -0.506592 2.945393 0.590503 -0.984962
0.968140 0.216431 -0.577515 1.882346 0.420804 -1.122857
0.447388 -0.002808 -0.670044 0.869852 -0.005459 -1.302761
0.050049 -0.137573 -0.650024 0.097310 -0.267482 -1.263837
-0.468994 -0.238037 -0.528442 -0.911861 -0.462814 -1.027446
-1.030029 -0.399902 -0.398560 -2.002677 -0.777527 -0.774916
-1.486084 -0.512329 -0.319214 -2.889381 -0.996117 -0.620645
-1.810425 -0.477295 -0.145020 -3.519994 -0.928001 -0.281960
-1.960449 -0.040283 -0.012451 -3.811685 -0.078322 -0.024209
-1.796387 0.110840 -0.079834 -3.492700 0.215505 -0.155221
-1.069336 0.015747 -0.060181 -2.079101 0.030617 -0.117009
-0.513672 0.338135 -0.055298 -0.998728 0.657433 -0.107515
-0.234985 0.493408 -0.055542 -0.456880 0.959329 -0.107990
-0.106934 0.304321 -0.134521 -0.207910 0.591689 -0.261549
0.052734 -0.055176 -0.234375 0.102531 -0.107278 -0.455693
0.175415 -0.229492 -0.248047 0.341058 -0.446200 -0.482275
0.173584 -0.140503 -0.214478 0.337498 -0.273179 -0.417007
0.129395 0.058716 -0.133179 0.251581 0.114161 -0.258938
0.082764 -0.016602 -0.113037 0.160917 -0.032278 -0.219777
0.138062 -0.161987 -0.133179 0.268432 -0.314951 -0.258938
0.071777 -0.072021 -0.158325 0.139556 -0.140031 -0.307830
-0.047119 0.083008 -0.111206 -0.091613 0.161391 -0.216217
-0.064941 0.096069 -0.056885 -0.126265 0.186787 -0.110601
-0.026611 0.028809 -0.055298 -0.051740 0.056012 -0.107515
-0.004639 0.029541 -0.067261 -0.009019 0.057436 -0.130774
0.053467 0.051758 -0.055420 0.103955 0.100632 -0.107752
0.085205 0.052612 -0.054199 0.165664 0.102294 -0.105379
0.078003 0.030151 -0.069580 0.151660 0.058623 -0.135284
0.057129 0.003418 -0.084839 0.111075 0.006646 -0.164952
0.053345 -0.041260 -0.093628 0.103718 -0.080221 -0.182040
0.056763 -0.032104 -0.051270 0.110363 -0.062420 -0.099683
0.032593 0.009399 -0.030640 0.063370 0.018275 -0.059572
0.019531 -0.008179 -0.063721 0.037974 -0.015902 -0.123892
0.021240 -0.078735 -0.100464 0.041297 -0.153084 -0.195331
0.021240 -0.112793 -0.093994 0.041297 -0.219302 -0.182752
-0.001221 -0.137939 -0.076904 -0.002373 -0.268195 -0.149524
-0.007568 -0.152954 -0.071533 -0.014715 -0.297387 -0.139081
-0.017212 -0.134033 -0.041138 -0.033465 -0.260600 -0.079984
-0.135986 -0.117798 -0.048584 -0.264397 -0.229033 -0.094461
0.005371 -0.064453 -0.030151 0.010443 -0.125316 -0.058623
0.088257 -0.110596 -0.077026 0.171597 -0.215030 -0.149762
0.077271 -0.208008 -0.078979 0.150236 -0.404428 -0.153559
0.062134 -0.190552 -0.014160 0.120806 -0.370488 -0.027531
-0.009766 -0.114502 -0.018555 -0.018987 -0.222625 -0.036076
0.025269 -0.161255 -0.010620 0.049129 -0.313527 -0.020649
0.085571 -0.095337 -0.094482 0.166376 -0.185363 -0.183701
0.050049 -0.010254 -0.183716 0.097310 -0.019937 -0.357197
0.011108 0.009888 -0.195313 0.021598 0.019225 -0.379744
-0.002441 -0.051270 -0.152710 -0.004747 -0.099683 -0.296913
