-0.338867 -0.126587 0.010742 -0.658857 -0.246122 0.020886
-0.432373 0.042847 0.161499 -0.840659 0.083306 0.314001
-0.473877 -0.141968 0.243164 -0.921355 -0.276027 0.472782
-0.453857 -0.493774 0.278076 -0.882431 -0.960041 0.540661
-0.451050 -0.918335 0.291748 -0.876972 -1.785511 0.567243
-0.406982 -1.038330 0.420410 -0.791292 -2.018816 0.817400
-0.157471 -0.770630 0.634033 -0.306169 -1.498329 1.232745
0.241821 -0.125977 0.793823 0.470171 -0.244935 1.543424
0.536987 0.098511 0.495117 1.044060 0.191534 0.962652
0.721680 0.192017 0.016357 1.403156 0.373336 0.031804
0.961060 0.221558 -0.152100 1.868580 0.430773 -0.295726
1.265381 -0.069824 -0.559570 2.460269 -0.135759 -1.087968
1.598145 0.110596 -0.817627 3.107259 0.215030 -1.589705
1.815796 0.405396 -0.947998 3.530437 0.788207 -1.843185
1.839233 0.687012 -0.994629 3.576006 1.335751 -1.933849
1.836914 1.031616 -0.780273 3.571496 2.005763 -1.517079
1.596558 0.953613 -0.559448 3.104174 1.854102 -1.087731
1.206787 0.931030 -0.270630 2.346346 1.810194 -0.526183
0.493774 0.642090 -0.323120 0.960041 1.248410 -0.628240
-0.590088 0.266235 -0.180908 -1.147303 0.517639 -0.351738
-1.737915 -0.522827 0.084106 -3.379014 -1.016528 0.163527
-2.168091 -0.451782 -0.061523 -4.215401 -0.878396 -0.119620
-2.458252 -0.086304 -0.177856 -4.779559 -0.167800 -0.345805
-2.746094 -0.349854 -0.206299 -5.339207 -0.680217 -0.401105
-2.706055 -1.042725 -0.171143 -5.261359 -2.027361 -0.332751
-1.921875 -1.157593 -0.039429 -3.736686 -2.250698 -0.076661
-1.192993 -0.443970 -0.206299 -2.319527 -0.863207 -0.401105
-0.885010 -0.276367 -0.381226 -1.720717 -0.537338 -0.741214
-0.590332 -0.359985 -0.493774 -1.147778 -0.699916 -0.960041
-0.068848 -0.320068 -0.546997 -0.133860 -0.622306 -1.063522
0.543213 -0.171631 -0.567871 1.056164 -0.333700 -1.104107
0.687866 -0.330566 -0.640137 1.337412 -0.642717 -1.244612
0.801880 -0.358398 -0.801392 1.559088 -0.696831 -1.558139
1.216064 -0.072998 -0.999512 2.364384 -0.141929 -1.943342
1.739014 0.131226 -1.220093 3.381150 0.255141 -2.372216
2.049805 0.303101 -1.162476 3.985418 0.589316 -2.260191
2.187378 0.453613 -1.006592 4.252901 0.881957 -1.957108
1.757935 0.545898 -0.960083 3.417938 1.061386 -1.866681
1.364624 0.581421 -1.009888 2.653227 1.130452 -1.963516
1.138062 0.481934 -0.960205 2.212723 0.937019 -1.866919
1.044556 0.317871 -0.976563 2.030921 0.618034 -1.898722
0.768921 0.097046 -0.930298 1.495006 0.188686 -1.808770
0.296997 -0.192505 -0.847900 0.577449 -0.374286 -1.648566
-0.175781 -0.130249 -0.667603 -0.341770 -0.253242 -1.298014
-0.711426 0.068970 -0.431641 -1.383219 0.134097 -0.839235
-1.295898 0.111328 -0.329956 -2.519604 0.216454 -0.641531
-1.759033 0.091309 -0.411743 -3.420074 0.177531 -0.800549
-1.969604 -0.028809 -0.485107 -3.829485 -0.056012 -0.943190
-1.676270 0.071045 -0.169189 -3.259157 0.138132 -0.328954
-0.190063 0.594971 -0.288818 -0.369539 1.156797 -0.561547
0.927368 0.991699 -0.522949 1.803074 1.928152 -1.016766
0.967773 -0.088013 -0.319946 1.881634 -0.171122 -0.622069
0.740723 0.507568 -0.360107 1.440181 0.986861 -0.700154
0.477661 0.808105 -0.452148 0.928713 1.571193 -0.879108
0.046631 0.526123 -0.453735 0.090664 1.022937 -0.882194
-0.396973 0.095459 -0.473267 -0.771831 0.185600 -0.920168
-0.739990 -0.222656 -0.394409 -1.438757 -0.432909 -0.766846
-0.720337 -0.297241 -0.319702 -1.400545 -0.577924 -0.621594
-0.445068 -0.173340 -0.273926 -0.865343 -0.337023 -0.532592
-0.220947 -0.182617 -0.157227 -0.429586 -0.355061 -0.305694
-0.084839 -0.131226 -0.061401 -0.164952 -0.255141 -0.119382
-0.227661 -0.251465 -0.032471 -0.442640 -0.488921 -0.063133
-0.470947 -0.418945 -0.060425 -0.915659 -0.814552 -0.117483
-0.431030 -0.278442 -0.014404 -0.838049 -0.541373 -0.028006
-0.214233 -0.167969 0.012085 -0.416532 -0.326580 0.023497
-0.151489 -0.235107 -0.066406 -0.294539 -0.457117 -0.129113
-0.230347 -0.265869 -0.106812 -0.447861 -0.516927 -0.207673
-0.155762 -0.057373 -0.110962 -0.302846 -0.111550 -0.215742
-0.001099 0.140137 -0.103149 -0.002136 0.272467 -0.200553
-0.023071 0.107178 -0.161499 -0.044857 0.208385 -0.314001
-0.067139 0.026367 -0.160400 -0.130537 0.051266 -0.311865
-0.070557 -0.003906 -0.093750 -0.137183 -0.007595 -0.182277
-0.108276 0.021606 -0.100952 -0.210521 0.042009 -0.196280
-0.118164 0.094238 -0.173340 -0.229745 0.183227 -0.337023
-0.078125 0.056763 -0.191040 -0.151898 0.110363 -0.371438
0.007935 0.007568 -0.142578 0.015427 0.014715 -0.277213
0.057251 0.010010 -0.107788 0.111313 0.019462 -0.209571
0.017578 0.073975 -0.141602 0.034177 0.143828 -0.275315
-0.045166 0.033325 -0.144775 -0.087816 0.064794 -0.281486
-0.069946 -0.011719 -0.130371 -0.135996 -0.022785 -0.253479
