-0.420654 0.263428 0.309814 -0.817875 0.512180 0.602370
-0.495361 0.216064 0.426392 -0.963127 0.420092 0.829030
-0.517456 -0.052856 0.211548 -1.006086 -0.102768 0.411311
-0.445313 -0.393311 0.123535 -0.865817 -0.764710 0.240188
-0.277832 -0.412598 0.229248 -0.540186 -0.802210 0.445725
-0.067505 -0.601685 0.442749 -0.131249 -1.169850 0.860833
0.308350 -0.402222 0.644653 0.599522 -0.782036 1.253394
0.677368 0.130493 0.751099 1.317001 0.253717 1.460355
0.874023 0.119141 0.576050 1.699356 0.231644 1.120009
1.015747 -0.141602 0.157349 1.974908 -0.275315 0.305932
1.256348 -0.247681 -0.004028 2.442706 -0.481563 -0.007832
1.591064 -0.244141 -0.020264 3.093493 -0.474681 -0.039398
1.804688 -0.232666 -0.132202 3.508839 -0.452371 -0.257040
1.864746 0.075317 -0.355347 3.625610 0.146439 -0.690898
1.776489 0.491943 -0.567383 3.454013 0.956481 -1.103158
1.531128 0.495850 -0.595825 2.976959 0.964076 -1.158458
1.114746 0.031006 -0.690552 2.167392 0.060284 -1.342634
0.656494 -0.140259 -0.792725 1.276416 -0.272704 -1.541288
0.260498 -0.020752 -0.773193 0.506484 -0.040348 -1.503313
-0.209351 -0.054199 -0.644653 -0.407039 -0.105379 -1.253394
-0.731934 -0.127197 -0.518188 -1.423092 -0.247309 -1.007509
-1.205444 0.046265 -0.425903 -2.343735 0.089952 -0.828080
-1.734375 -0.014771 -0.280396 -3.372131 -0.028718 -0.545171
-2.273804 -0.439941 -0.180054 -4.420938 -0.855374 -0.350077
-2.475830 -0.645264 -0.140747 -4.813735 -1.254581 -0.273653
-2.329956 -0.545288 -0.203857 -4.530114 -1.060199 -0.396358
-1.961182 -0.459229 -0.354126 -3.813109 -0.892874 -0.688524
-1.400024 -0.611816 -0.481079 -2.722056 -1.189550 -0.935358
-0.896973 -0.527344 -0.410767 -1.743976 -1.025310 -0.798650
-0.165283 -0.240723 -0.563843 -0.321359 -0.468035 -1.096275
0.606445 -0.116943 -0.517090 1.179107 -0.227372 -1.005373
1.044678 -0.078613 -0.418091 2.031158 -0.152847 -0.812890
1.355957 -0.081299 -0.390991 2.636376 -0.158069 -0.760201
1.694702 -0.020142 -0.427002 3.294995 -0.039161 -0.830216
1.875854 0.075439 -0.605835 3.647208 0.146676 -1.177920
2.016968 0.098389 -0.808105 3.921574 0.191296 -1.571193
2.381714 0.235352 -0.831543 4.630746 0.457592 -1.616762
2.241333 0.423584 -0.828979 4.357805 0.823571 -1.611778
1.907104 0.384033 -0.858032 3.707967 0.746673 -1.668265
1.334473 0.125000 -0.994141 2.594604 0.243036 -1.932899
0.795654 -0.085571 -1.126343 1.546984 -0.166376 -2.189939
0.176270 -0.337769 -1.094238 0.342719 -0.656721 -2.127518
-0.411621 -0.627808 -0.943481 -0.800311 -1.220641 -1.834403
-0.692261 -0.543579 -0.891968 -1.345957 -1.056876 -1.734245
-0.769287 -0.069946 -1.062012 -1.495718 -0.135996 -2.064861
-0.927002 0.146606 -1.223755 -1.802362 0.285046 -2.379336
-1.216553 -0.219849 -1.189331 -2.365333 -0.427450 -2.312406
-1.389282 -0.441772 -0.958374 -2.701170 -0.858934 -1.863359
-1.702881 -0.212158 -0.637573 -3.310897 -0.412497 -1.239628
-1.938232 0.150024 -0.189941 -3.768489 0.291691 -0.369301
-1.818115 0.167603 -0.159424 -3.534946 0.325868 -0.309966
-1.310791 -0.040894 -0.099243 -2.548560 -0.079509 -0.192958
-0.750488 -0.243408 -0.042725 -1.459168 -0.473257 -0.083069
-0.412720 -0.082031 0.083740 -0.802447 -0.159493 0.162815
-0.262207 0.435059 0.066040 -0.509807 0.845881 0.128401
-0.310181 0.335693 -0.149780 -0.603082 0.652686 -0.291217
-0.137451 0.108521 -0.168213 -0.267245 0.210996 -0.327055
0.067627 0.108154 -0.096924 0.131487 0.210283 -0.188448
0.066895 0.105713 -0.055176 0.130062 0.205537 -0.107278
0.066406 0.036987 -0.089111 0.129113 0.071914 -0.173258
0.099365 0.005981 -0.131958 0.193195 0.011630 -0.256565
0.082520 0.003540 -0.095703 0.160442 0.006883 -0.186075
0.005737 -0.005005 -0.050659 0.011155 -0.009731 -0.098496
0.013184 0.022339 -0.062866 0.025633 0.043433 -0.122230
0.029297 -0.000610 -0.062988 0.056962 -0.001187 -0.122468
-0.008545 -0.015137 -0.058228 -0.016614 -0.029430 -0.113211
-0.036987 0.017578 -0.059082 -0.071914 0.034177 -0.114873
-0.061279 0.023804 -0.053589 -0.119145 0.046281 -0.104192
-0.093262 0.023804 -0.037476 -0.181328 0.046281 -0.072863
-0.115356 -0.037842 -0.050537 -0.224287 -0.073575 -0.098259
-0.102295 -0.057617 -0.057251 -0.198891 -0.112025 -0.111313
-0.076050 -0.010376 -0.062744 -0.147863 -0.020174 -0.121993
-0.055908 0.002075 -0.093384 -0.108702 0.004035 -0.181565
-0.027466 0.031860 -0.119751 -0.053402 0.061946 -0.232831
-0.009766 0.033447 -0.119873 -0.018987 0.065031 -0.233068
-0.017334 0.017700 -0.136230 -0.033702 0.034414 -0.264872
-0.015869 0.024780 -0.159058 -0.030854 0.048180 -0.309254
-0.013184 0.019043 -0.159180 -0.025633 0.037025 -0.309492
-0.011353 0.026611 -0.124146 -0.022073 0.051740 -0.241375
0.007935 0.011230 -0.088989 0.015427 0.021835 -0.173021
