-0.825806 0.111450 0.014771 -1.605607 0.216692 0.028718
-1.014893 0.178101 -0.018921 -1.973247 0.346279 -0.036788
-0.976074 -0.034302 0.142822 -1.897773 -0.066693 0.277688
-0.783203 -0.254639 0.432861 -1.522775 -0.495092 0.841609
-0.569336 -0.222534 0.328003 -1.106955 -0.432671 0.637733
0.064819 -0.152344 0.209229 0.126028 -0.296201 0.406801
0.485718 -0.362671 0.130493 0.944377 -0.705138 0.253717
0.821655 -0.192261 -0.183105 1.597537 -0.373811 -0.356010
0.906128 -0.032471 -0.597778 1.761777 -0.063133 -1.162255
0.893433 0.296021 -0.902954 1.737094 0.575550 -1.755606
1.028931 0.593262 -0.933228 2.000541 1.153474 -1.814466
1.367554 0.814941 -1.164917 2.658923 1.584484 -2.264938
1.458252 0.872559 -1.312988 2.835267 1.696508 -2.552832
1.411987 0.931519 -1.369995 2.745315 1.811144 -2.663670
1.172363 0.957397 -1.289917 2.279416 1.861460 -2.507975
0.629517 0.697632 -1.052612 1.223964 1.356400 -2.046585
-0.173828 0.293091 -0.704224 -0.337973 0.569854 -1.369216
-0.832642 -0.022339 -0.217407 -1.618898 -0.043433 -0.422703
-1.377930 -0.300049 0.306641 -2.679097 -0.583382 0.596199
-2.053955 -0.974976 0.835327 -3.993488 -1.895637 1.624120
-2.773438 -1.389771 1.156616 -5.392371 -2.702119 2.248799
-2.929321 -0.863647 0.963623 -5.695455 -1.679183 1.873564
-1.937378 -0.026123 0.097900 -3.766828 -0.050791 0.190347
-0.724121 -0.055420 -0.507935 -1.407903 -0.107752 -0.987573
-0.006592 -0.190918 -0.722290 -0.012816 -0.371200 -1.404342
0.538696 -0.016479 -0.825928 1.047383 -0.032041 -1.605844
1.056519 0.191284 -0.853149 2.054180 0.371912 -1.658771
1.568848 0.281250 -0.797363 3.050297 0.546832 -1.550307
1.777588 0.370117 -0.694214 3.456149 0.719616 -1.349754
1.710815 0.393555 -0.710083 3.326324 0.765185 -1.380608
1.748901 0.401855 -0.778320 3.400374 0.781324 -1.513282
1.734863 0.378174 -0.783447 3.373080 0.735280 -1.523250
1.375488 0.362793 -0.731934 2.674350 0.705375 -1.423092
0.856445 0.302490 -0.652588 1.665179 0.588129 -1.268821
0.372437 0.130615 -0.652832 0.724125 0.253954 -1.269296
-0.096436 -0.102783 -0.576416 -0.187499 -0.199841 -1.120721
-0.529907 -0.192139 -0.438965 -1.030294 -0.373574 -0.853476
-0.962769 -0.287231 -0.290039 -1.871903 -0.558462 -0.563920
-1.373413 -0.459351 -0.186401 -2.670316 -0.893111 -0.362419
-1.716553 -0.457764 -0.153442 -3.337479 -0.890026 -0.298337
-1.771484 -0.216064 -0.124268 -3.444282 -0.420092 -0.241612
-1.480469 -0.045410 0.001221 -2.878463 -0.088291 0.002373
-1.034180 -0.039917 0.079590 -2.010747 -0.077610 0.154746
-0.739990 0.086426 0.004517 -1.438757 0.168037 0.008782
-0.362793 0.249390 -0.105225 -0.705375 0.484886 -0.204587
0.057983 0.251343 -0.166382 0.112737 0.488684 -0.323495
0.211792 0.188354 -0.162354 0.411785 0.366216 -0.315663
0.210815 0.173584 -0.157593 0.409887 0.337498 -0.306406
0.057983 0.155273 -0.186401 0.112737 0.301897 -0.362419
0.041260 0.081665 -0.172241 0.080221 0.158781 -0.334887
0.144531 0.029053 -0.136108 0.281011 0.056487 -0.264634
0.127441 0.014893 -0.117310 0.247783 0.028956 -0.228084
0.091919 0.064941 -0.130981 0.178717 0.126265 -0.254666
0.024902 0.078857 -0.125610 0.048417 0.153322 -0.244223
-0.039795 0.039551 -0.078003 -0.077373 0.076898 -0.151660
-0.038208 0.055054 -0.057007 -0.074288 0.107040 -0.110838
-0.049072 0.076050 -0.043457 -0.095411 0.147863 -0.084493
-0.026855 0.075562 -0.071289 -0.052215 0.146914 -0.138607
0.000732 0.046875 -0.091797 0.001424 0.091139 -0.178480
0.017700 0.044189 -0.099121 0.034414 0.085917 -0.192720
0.033081 0.039185 -0.119263 0.064319 0.076186 -0.231881
0.032227 0.023804 -0.121826 0.062658 0.046281 -0.236866
0.012451 0.004395 -0.108643 0.024209 0.008544 -0.211233
-0.016357 -0.009766 -0.104736 -0.031804 -0.018987 -0.203638
-0.016357 0.044922 -0.122437 -0.031804 0.087341 -0.238052
0.003296 0.054077 -0.132446 0.006408 0.105142 -0.257514
0.006348 0.010986 -0.129761 0.012342 0.021361 -0.252293
0.002075 -0.013062 -0.123779 0.004035 -0.025395 -0.240663
-0.009888 0.005737 -0.105713 -0.019225 0.011155 -0.205537
-0.012939 0.051270 -0.119019 -0.025158 0.099683 -0.231407
-0.005859 0.034668 -0.156006 -0.011392 0.067405 -0.303321
0.000732 0.021118 -0.156616 0.001424 0.041060 -0.304508
-0.008789 0.003174 -0.123047 -0.017089 0.006171 -0.239239
-0.021240 0.003052 -0.109253 -0.041297 0.005934 -0.212420
-0.013062 0.040649 -0.130127 -0.025395 0.079034 -0.253005
-0.011719 0.024170 -0.142090 -0.022785 0.046993 -0.276264
-0.026855 0.011963 -0.137939 -0.052215 0.023259 -0.268195
-0.042725 0.009155 -0.118042 -0.083069 0.017801 -0.229508
-0.042725 0.004761 -0.103271 -0.083069 0.009256 -0.200790
-0.032959 0.014404 -0.113892 -0.064082 0.028006 -0.221438
