-0.421143 0.029785 -0.115723 -0.818824 0.057911 -0.224999
-0.559814 0.013794 0.025635 -1.088443 0.026819 0.049841
-0.375244 0.041504 0.074951 -0.729584 0.080696 0.145727
0.057983 -0.230225 0.149780 0.112737 -0.447624 0.291217
0.569214 -0.359863 0.257935 1.106718 -0.699679 0.501500
0.946899 -0.221069 0.230591 1.841049 -0.429823 0.448336
1.105591 -0.281738 0.114014 2.149591 -0.547781 0.221676
1.041504 -0.213501 -0.084961 2.024987 -0.415108 -0.165189
0.888428 0.023438 -0.208618 1.727363 0.045569 -0.405615
0.740234 0.413208 -0.344971 1.439232 0.803397 -0.670724
0.664063 0.602539 -0.521484 1.291131 1.171512 -1.013918
0.709961 0.672729 -0.770386 1.380371 1.307982 -1.497855
0.704346 0.818481 -1.010376 1.369453 1.591367 -1.964465
0.629883 1.186035 -1.072632 1.224676 2.305998 -2.085509
0.413940 1.568970 -0.893799 0.804821 3.050535 -1.737806
0.213989 1.503296 -0.659058 0.416058 2.922846 -1.281400
0.029907 0.780396 -0.522949 0.058148 1.517316 -1.016766
-0.465454 0.315430 -0.107666 -0.904979 0.613287 -0.209334
-1.046631 -0.096069 0.182373 -2.034956 -0.186787 0.354586
-1.560669 -0.340210 0.394287 -3.034395 -0.661467 0.766609
-1.954102 -0.546875 0.351807 -3.799343 -1.063285 0.684015
-2.270996 -0.908447 -0.196655 -4.415479 -1.766286 -0.382355
-1.659912 -1.096680 -0.659546 -3.227353 -2.132265 -1.282350
-1.362671 -1.164673 -1.037354 -2.649430 -2.264464 -2.016918
-1.172974 -0.677124 -1.093628 -2.280603 -1.316527 -2.126332
-0.882935 -0.277466 -0.921631 -1.716682 -0.539474 -1.791919
-0.381348 -0.612427 -0.782715 -0.741451 -1.190736 -1.521826
0.178467 -0.790894 -0.769653 0.346992 -1.537728 -1.496431
0.601807 -0.616943 -0.673584 1.170088 -1.199518 -1.309644
1.100464 -0.478760 -0.647949 2.139623 -0.930849 -1.259802
1.464355 -0.466064 -0.685425 2.847134 -0.906165 -1.332666
1.746704 -0.240845 -0.682007 3.396102 -0.468272 -1.326020
1.981201 0.067261 -0.613525 3.852033 0.130774 -1.192872
2.051514 0.319092 -0.642700 3.988741 0.620408 -1.249597
1.906738 0.530518 -0.656738 3.707255 1.031481 -1.276891
1.729614 0.511597 -0.649170 3.362875 0.994693 -1.262176
1.568604 0.493896 -0.729004 3.049823 0.960279 -1.417396
1.316406 0.404053 -0.910767 2.559478 0.785596 -1.770796
1.017822 0.372559 -1.017700 1.978943 0.724363 -1.978706
0.646484 0.232910 -0.981201 1.256954 0.452845 -1.907741
0.250122 -0.063965 -0.920166 0.486310 -0.124366 -1.789071
-0.131470 -0.133789 -0.866943 -0.255615 -0.260125 -1.685591
-0.489746 0.070313 -0.867432 -0.952209 0.136708 -1.686540
-0.843262 0.086670 -0.832886 -1.639547 0.168512 -1.619373
-1.162476 -0.117432 -0.721558 -2.260191 -0.228321 -1.402918
-1.482422 -0.109985 -0.591797 -2.882260 -0.213844 -1.150626
-1.815552 -0.080811 -0.498901 -3.529962 -0.157119 -0.970010
-2.270508 0.135132 -0.528198 -4.414529 0.262736 -1.026971
-2.085449 0.315552 -0.537231 -4.054721 0.613525 -1.044535
-1.445313 0.039795 -0.465820 -2.810109 0.077373 -0.905691
-0.767944 -0.032227 -0.199707 -1.493108 -0.062658 -0.388289
-0.253662 -0.027344 -0.058716 -0.493193 -0.053164 -0.114161
-0.105713 -0.015991 -0.110352 -0.205537 -0.031092 -0.214556
-0.152222 0.014404 -0.121582 -0.295963 0.028006 -0.236391
-0.183838 0.044678 -0.048096 -0.357434 0.086867 -0.093512
-0.139893 0.068726 -0.062988 -0.271992 0.133623 -0.122468
-0.090088 0.056152 -0.124634 -0.175157 0.109177 -0.242324
-0.075562 0.041260 -0.139771 -0.146914 0.080221 -0.271755
-0.051758 0.009521 -0.104004 -0.100632 0.018513 -0.202214
0.008057 -0.028442 -0.033081 0.015664 -0.055300 -0.064319
-0.005005 -0.091431 0.000366 -0.009731 -0.177768 0.000712
-0.031372 -0.076904 0.010010 -0.060996 -0.149524 0.019462
-0.049194 -0.068481 0.001953 -0.095648 -0.133148 0.003797
-0.041260 -0.058960 -0.019653 -0.080221 -0.114635 -0.038212
-0.024902 -0.009155 -0.053589 -0.048417 -0.017801 -0.104192
-0.001953 0.021729 -0.070679 -0.003797 0.042247 -0.137420
0.033691 0.015747 -0.093262 0.065506 0.030617 -0.181328
0.032349 0.000732 -0.120972 0.062895 0.001424 -0.235204
-0.003174 -0.010620 -0.118164 -0.006171 -0.020649 -0.229745
-0.035645 -0.020752 -0.100464 -0.069303 -0.040348 -0.195331
-0.060303 -0.017456 -0.101563 -0.117246 -0.033940 -0.197467
-0.060547 -0.006470 -0.098022 -0.117721 -0.012579 -0.190584
-0.043091 -0.020630 -0.092896 -0.083781 -0.040111 -0.180616
-0.029175 -0.031128 -0.062988 -0.056724 -0.060522 -0.122468
-0.046143 -0.026001 -0.070557 -0.089715 -0.050553 -0.137183
-0.048950 -0.005859 -0.104370 -0.095173 -0.011392 -0.202926
-0.033691 0.003418 -0.115723 -0.065506 0.006646 -0.224999
-0.009766 -0.004028 -0.099731 -0.018987 -0.007832 -0.193907
0.004150 0.000122 -0.111938 0.008070 0.000237 -0.217641
0.012939 -0.004395 -0.129395 0.025158 -0.008544 -0.251581
