-0.641357 -0.009888 0.178589 -1.246986 -0.019225 0.347229
-0.461426 -0.109253 0.210815 -0.897146 -0.212420 0.409887
-0.319580 -0.217773 0.288330 -0.621357 -0.423415 0.560598
-0.128906 -0.149048 0.375610 -0.250631 -0.289792 0.730296
0.264526 -0.015991 0.348877 0.514316 -0.031092 0.678319
0.761841 -0.160767 0.109253 1.481241 -0.312577 0.212420
1.155151 0.118164 -0.373169 2.245951 0.229745 -0.725549
1.273315 0.239380 -0.808228 2.475697 0.465424 -1.571430
1.411133 0.510010 -1.174683 2.743654 0.991608 -2.283926
1.631470 0.771606 -1.520874 3.172053 1.500228 -2.957023
1.755493 1.047607 -1.655762 3.413191 2.036854 -3.219284
1.600708 1.191772 -1.519409 3.112243 2.317153 -2.954175
1.184204 0.920166 -1.160400 2.302438 1.789071 -2.256157
0.363281 0.428955 -0.716309 0.706325 0.834014 -1.392713
-0.589111 -0.033203 -0.178467 -1.145404 -0.064557 -0.346992
-1.384766 -0.275024 0.462158 -2.692388 -0.534728 0.898570
-2.410645 -0.765259 0.948486 -4.686996 -1.487886 1.844134
-3.575073 -1.046631 1.161499 -6.950985 -2.034956 2.258293
-3.889526 -0.444458 0.765991 -7.562374 -0.864156 1.489310
-2.144409 -0.413208 -0.140503 -4.169357 -0.803397 -0.273179
-0.255859 -0.243408 -0.484985 -0.497465 -0.473257 -0.942953
0.080200 -0.370361 -0.605957 0.155933 -0.720090 -1.178157
0.378662 -0.402954 -0.797852 0.736230 -0.783460 -1.551256
0.932861 -0.020752 -1.199829 1.813754 -0.040348 -2.332818
1.561646 0.213745 -1.224121 3.036294 0.415583 -2.380048
2.076538 0.153809 -1.269775 4.037395 0.299049 -2.468814
2.283325 0.196533 -1.026489 4.439450 0.382118 -1.995794
2.058960 0.410645 -0.761108 4.003219 0.798413 -1.479817
2.018921 0.408569 -0.725586 3.925371 0.794378 -1.410751
1.784668 0.338745 -0.888550 3.469915 0.658619 -1.727600
1.265137 0.300415 -0.886597 2.459795 0.584094 -1.723802
0.793335 0.253174 -0.932251 1.542475 0.492244 -1.812568
0.220825 0.104858 -0.947754 0.429349 0.203875 -1.842710
-0.518188 -0.150024 -0.762329 -1.007509 -0.291691 -1.482190
-1.380249 -0.389771 -0.441528 -2.683607 -0.757828 -0.858460
-2.206177 -0.443970 -0.265869 -4.289451 -0.863207 -0.516927
-2.689941 -0.091797 -0.220825 -5.230031 -0.178480 -0.429349
-2.992920 0.501099 -0.154297 -5.819109 0.974282 -0.299998
-2.583984 0.407715 -0.250732 -5.024019 0.792717 -0.487497
-1.164429 0.013672 -0.076050 -2.263989 0.026582 -0.147863
-0.426025 -0.100830 -0.022095 -0.828318 -0.196043 -0.042959
-0.074463 0.072510 -0.059814 -0.144778 0.140980 -0.116297
0.214844 0.141968 -0.097412 0.417719 0.276027 -0.189398
0.261108 0.054565 -0.141235 0.507671 0.106091 -0.274603
0.228638 -0.036133 -0.150391 0.444538 -0.070253 -0.292403
0.160156 -0.070068 -0.138306 0.311390 -0.136233 -0.268907
0.149536 -0.012207 -0.128418 0.290742 -0.023734 -0.249682
0.162842 0.037109 -0.113403 0.316612 0.072151 -0.220489
0.123169 0.028320 -0.145264 0.239476 0.055063 -0.282435
0.127197 0.020752 -0.142090 0.247309 0.040348 -0.276264
0.047852 0.043579 -0.113403 0.093037 0.084730 -0.220489
0.008057 0.060059 -0.109863 0.015664 0.116771 -0.213606
0.033081 0.086914 -0.139282 0.064319 0.168986 -0.270805
0.054321 0.089600 -0.154907 0.105616 0.174208 -0.301185
0.113770 0.097778 -0.172119 0.221201 0.190110 -0.334650
0.104370 0.141113 -0.177246 0.202926 0.274365 -0.344618
0.023193 0.163818 -0.176270 0.045095 0.318511 -0.342719
-0.009888 0.142700 -0.150024 -0.019225 0.277451 -0.291691
-0.010376 0.108887 -0.121338 -0.020174 0.211708 -0.235916
-0.042969 0.083984 -0.122192 -0.083544 0.163290 -0.237578
-0.028442 0.065552 -0.132568 -0.055300 0.127452 -0.257752
-0.028931 0.041504 -0.121460 -0.056250 0.080696 -0.236154
-0.011719 0.027466 -0.123291 -0.022785 0.053402 -0.239714
-0.014648 -0.018677 -0.132568 -0.028481 -0.036313 -0.257752
-0.006226 -0.026001 -0.132324 -0.012104 -0.050553 -0.257277
-0.014404 0.012695 -0.126587 -0.028006 0.024683 -0.246122
-0.016235 0.030640 -0.118164 -0.031566 0.059572 -0.229745
0.002563 0.015381 -0.138550 0.004984 0.029905 -0.269381
-0.024048 0.024658 -0.182495 -0.046756 0.047943 -0.354824
0.024292 0.039307 -0.170654 0.047231 0.076424 -0.331802
0.020020 0.015869 -0.146240 0.038924 0.030854 -0.284334
-0.014648 -0.002563 -0.122192 -0.028481 -0.004984 -0.237578
-0.034546 0.004395 -0.117065 -0.067167 0.008544 -0.227609
-0.032104 -0.010864 -0.120728 -0.062420 -0.021123 -0.234730
-0.032227 -0.006592 -0.110229 -0.062658 -0.012816 -0.214318
-0.014526 0.022095 -0.125488 -0.028243 0.042959 -0.243986
0.006104 0.013794 -0.143799 0.011867 0.026819 -0.279587
0.005493 0.014648 -0.145874 0.010680 0.028481 -0.283622
-0.013428 0.011475 -0.113770 -0.026107 0.022310 -0.221201
-0.021729 0.007446 -0.105957 -0.042247 0.014478 -0.206011
