-0.113892 0.309937 0.537476 -0.221438 0.602607 1.045009
-0.154785 0.214355 0.435425 -0.300947 0.416770 0.846593
-0.316772 -0.074951 0.323364 -0.615898 -0.145727 0.628714
-0.319214 -0.067383 0.315552 -0.620645 -0.131012 0.613525
-0.148193 -0.317383 0.370850 -0.288131 -0.617085 0.721040
0.035278 -0.411133 0.439087 0.068591 -0.799362 0.853713
0.196289 -0.316528 0.442139 0.381643 -0.615423 0.859646
0.427246 -0.281250 0.320313 0.830691 -0.546832 0.622781
0.742920 -0.289917 0.247192 1.444453 -0.563683 0.480614
1.082153 -0.250122 0.062988 2.104022 -0.486310 0.122468
1.097534 -0.405762 -0.285767 2.133926 -0.788919 -0.555614
1.021362 -0.406616 -0.460083 1.985826 -0.790581 -0.894536
0.985352 -0.288208 -0.637817 1.915811 -0.560360 -1.240103
1.204346 -0.099731 -0.739990 2.341599 -0.193907 -1.438757
1.217407 0.138916 -0.799683 2.366995 0.270093 -1.554816
1.026978 0.224731 -0.830933 1.996744 0.436943 -1.615575
0.845947 0.190674 -0.785400 1.644768 0.370726 -1.527047
0.604492 0.166626 -0.718750 1.175309 0.323969 -1.397460
0.252930 0.202026 -0.627441 0.491769 0.392798 -1.219929
-0.275757 0.134521 -0.446655 -0.536152 0.261549 -0.868428
-0.885376 -0.018799 -0.256348 -1.721429 -0.036550 -0.498415
-1.455200 -0.114258 -0.126587 -2.829334 -0.222151 -0.246122
-2.005249 -0.135010 -0.169189 -3.898789 -0.262498 -0.328954
-2.392944 -0.263306 -0.406860 -4.652582 -0.511943 -0.791055
-2.401245 -0.277466 -0.748047 -4.668721 -0.539474 -1.454421
-1.928833 -0.287354 -0.849609 -3.750214 -0.558699 -1.651888
-1.246948 -0.335449 -0.741089 -2.424431 -0.652211 -1.440893
-0.628540 -0.402344 -0.494751 -1.222065 -0.782274 -0.961940
-0.093750 -0.536133 -0.340332 -0.182277 -1.042399 -0.661705
0.463013 -0.556763 -0.329346 0.900232 -1.082509 -0.640344
1.021240 -0.552490 -0.379761 1.985589 -1.074202 -0.738366
1.418091 -0.485107 -0.342896 2.757182 -0.943190 -0.666689
1.581299 -0.396484 -0.397949 3.074506 -0.770881 -0.773729
1.684204 -0.359253 -0.481812 3.274584 -0.698492 -0.936782
1.797607 -0.342041 -0.583740 3.495073 -0.665027 -1.134961
1.548218 -0.295410 -0.750488 3.010187 -0.574363 -1.459168
1.434082 -0.136353 -0.833496 2.788274 -0.265109 -1.620559
1.406250 0.006958 -0.893799 2.734160 0.013528 -1.737806
1.224365 0.000366 -0.975220 2.380523 0.000712 -1.896111
0.629639 -0.017578 -0.936157 1.224201 -0.034177 -1.820163
0.294556 0.024292 -0.886597 0.572702 0.047231 -1.723802
0.069336 0.135132 -0.938232 0.134809 0.262736 -1.824197
-0.256836 0.124634 -0.922485 -0.499364 0.242324 -1.793581
-0.663086 -0.062134 -0.950317 -1.289232 -0.120806 -1.847694
-1.142212 -0.227783 -0.961670 -2.220793 -0.442877 -1.869767
-1.554688 -0.141235 -0.903687 -3.022766 -0.274603 -1.757030
-1.829102 -0.113403 -0.643921 -3.556307 -0.220489 -1.251970
-2.046753 -0.290283 -0.389526 -3.979485 -0.564395 -0.757353
-2.621216 -0.926025 -0.559082 -5.096408 -1.800463 -1.087018
-2.269775 -0.400513 -0.910278 -4.413105 -0.778713 -1.769847
-1.358398 0.145142 -0.508301 -2.641123 0.282198 -0.988285
-0.583862 0.154297 0.054932 -1.135199 0.299998 0.106803
-0.381836 0.394897 -0.155029 -0.742400 0.767796 -0.301422
-0.250488 0.693237 -0.231689 -0.487022 1.347855 -0.450472
-0.007813 0.746582 -0.241577 -0.015190 1.451573 -0.469696
0.046387 0.654419 -0.260010 0.090189 1.272381 -0.505535
0.040039 0.475708 -0.237183 0.077848 0.924915 -0.461152
0.132324 0.345215 -0.213257 0.257277 0.671198 -0.414633
0.216797 0.240234 -0.184326 0.421516 0.467086 -0.358384
0.159546 0.213623 -0.131348 0.310204 0.415345 -0.255378
0.133667 0.246704 -0.062256 0.259888 0.479665 -0.121044
0.160522 0.257446 -0.049194 0.312102 0.500551 -0.095648
0.129028 0.156982 -0.102173 0.250869 0.305220 -0.198654
0.066040 0.058960 -0.175293 0.128401 0.114635 -0.340821
0.069580 0.071411 -0.212158 0.135284 0.138844 -0.412497
0.059937 0.142578 -0.261841 0.116534 0.277213 -0.509095
-0.041260 0.150757 -0.265869 -0.080221 0.293115 -0.516927
-0.020508 0.156128 -0.176880 -0.039873 0.303558 -0.343906
0.079102 0.198364 -0.082886 0.153797 0.385678 -0.161154
0.032715 0.220093 -0.117188 0.063607 0.427925 -0.227847
0.001465 0.292358 -0.153442 0.002848 0.568430 -0.298337
0.009521 0.305908 -0.163940 0.018513 0.594775 -0.318748
0.026367 0.396851 -0.090942 0.051266 0.771593 -0.176819
0.096313 0.506226 -0.021240 0.187261 0.984250 -0.041297
0.142578 0.447510 -0.048218 0.277213 0.870089 -0.093749
0.087036 0.304321 -0.163696 0.169224 0.591689 -0.318273
0.064941 0.199585 -0.170288 0.126265 0.388051 -0.331090
0.000244 0.172607 -0.237549 0.000475 0.335599 -0.461864
-0.300659 0.241577 -0.293579 -0.584569 0.469696 -0.570803
-0.437744 0.677734 -0.266968 -0.851102 1.317713 -0.519063
