-0.588501 0.016968 -0.087158 -1.144217 0.032990 -0.169461
-0.499512 0.057129 0.028442 -0.971196 0.111075 0.055300
-0.359985 -0.055786 -0.002930 -0.699916 -0.108465 -0.005696
-0.253906 -0.035400 0.051270 -0.493668 -0.068829 0.099683
-0.149902 -0.142822 0.120728 -0.291454 -0.277688 0.234730
0.024170 -0.331787 0.239380 0.046993 -0.645091 0.465424
0.198120 -0.364990 0.524170 0.385203 -0.709647 1.019139
0.380005 -0.676758 0.740112 0.738840 -1.315814 1.438994
0.617432 -0.246826 0.740112 1.200467 -0.479902 1.438994
0.803101 -0.451538 0.491699 1.561462 -0.877922 0.956007
1.051270 -0.430298 0.097534 2.043975 -0.836625 0.189635
1.307129 -0.424805 -0.186401 2.541440 -0.825944 -0.362419
1.531372 -0.459106 -0.362915 2.977434 -0.892637 -0.705613
1.719482 -0.068481 -0.517700 3.343175 -0.133148 -1.006560
1.854858 0.419800 -0.756592 3.606386 0.816213 -1.471035
1.882568 0.498901 -0.909424 3.660262 0.970010 -1.768185
1.731689 0.361572 -0.885010 3.366909 0.703002 -1.720717
1.286621 0.342407 -0.801025 2.501567 0.665739 -1.557427
0.800537 0.484131 -0.820068 1.556478 0.941292 -1.594452
0.386719 0.595215 -0.721436 0.751894 1.157271 -1.402681
-0.164795 0.304321 -0.504395 -0.320409 0.591689 -0.980690
-0.946289 -0.076904 -0.236694 -1.839862 -0.149524 -0.460203
-1.730591 -0.162720 0.052124 -3.364773 -0.316375 0.101344
-2.532227 -0.339355 0.360474 -4.923387 -0.659806 0.700866
-3.076660 -0.472900 0.443115 -5.981925 -0.919456 0.861545
-3.121094 -0.374634 -0.017822 -6.068316 -0.728397 -0.034652
-2.333008 -0.243896 -0.391846 -4.536047 -0.474206 -0.761862
-1.326782 -0.450684 -0.558716 -2.579652 -0.876260 -1.086306
-0.653320 -0.670410 -0.607910 -1.270245 -1.303473 -1.181955
-0.491943 -0.780518 -0.457153 -0.956481 -1.517554 -0.888839
0.027710 -0.316528 -0.522461 0.053876 -0.615423 -1.015816
0.607910 -0.158813 -0.485962 1.181955 -0.308780 -0.944852
0.795532 -0.329956 -0.494995 1.546747 -0.641531 -0.962415
1.112915 -0.313477 -0.534546 2.163831 -0.609490 -1.039313
1.546387 -0.179932 -0.615234 3.006627 -0.349840 -1.196195
1.975952 -0.062378 -0.756348 3.841827 -0.121281 -1.470560
2.217407 0.148438 -0.786255 4.311286 0.288606 -1.528709
2.205200 0.332886 -0.673462 4.287552 0.647227 -1.309406
1.736938 0.516846 -0.651978 3.377115 1.004899 -1.267635
1.525391 0.655029 -0.674316 2.965804 1.273568 -1.311068
1.391479 0.624756 -0.760498 2.705442 1.214708 -1.478630
1.243164 0.536255 -0.806519 2.417073 1.042636 -1.568107
0.948730 0.270508 -0.767456 1.844609 0.525946 -1.492158
0.488037 0.062378 -0.732056 0.948886 0.121281 -1.423330
0.010376 -0.059082 -0.678589 0.020174 -0.114873 -1.319375
-0.456787 -0.124023 -0.569214 -0.888127 -0.241138 -1.106718
-1.143677 -0.163452 -0.499512 -2.223641 -0.317799 -0.971196
-1.895142 -0.211914 -0.527466 -3.684708 -0.412023 -1.025547
-2.342163 -0.157715 -0.718994 -4.553848 -0.306644 -1.397934
-2.519043 -0.193604 -0.759033 -4.897754 -0.376422 -1.475782
-2.440796 -0.247070 -0.464722 -4.745619 -0.480377 -0.903554
-1.776245 0.033813 -0.466064 -3.453538 0.065743 -0.906165
-0.763428 0.214844 -0.478149 -1.484326 0.417719 -0.929662
-0.057739 0.317261 -0.329956 -0.112262 0.616847 -0.641531
0.105225 0.340698 -0.225952 0.204587 0.662417 -0.439317
0.131714 0.293457 -0.255981 0.256090 0.570566 -0.497703
0.264771 0.195435 -0.198853 0.514791 0.379982 -0.386627
0.207886 0.076416 -0.162476 0.404191 0.148575 -0.315900
0.100830 0.035400 -0.085327 0.196043 0.068829 -0.165901
0.037842 0.015625 -0.066406 0.073575 0.030380 -0.129113
0.013306 -0.043213 -0.103271 0.025870 -0.084018 -0.200790
-0.011230 -0.109497 -0.103271 -0.021835 -0.212894 -0.200790
-0.012207 -0.108154 -0.050415 -0.023734 -0.210283 -0.098022
-0.019897 -0.120972 -0.017334 -0.038686 -0.235204 -0.033702
-0.038330 -0.061768 -0.039917 -0.074525 -0.120094 -0.077610
-0.052246 -0.020264 -0.051636 -0.101582 -0.039398 -0.100395
-0.080444 -0.047241 -0.040039 -0.156407 -0.091851 -0.077848
-0.106567 -0.021973 -0.047974 -0.207198 -0.042721 -0.093275
-0.104614 0.008667 -0.059814 -0.203401 0.016851 -0.116297
-0.068237 0.017334 -0.077759 -0.132673 0.033702 -0.151186
-0.042603 0.000122 -0.092529 -0.082832 0.000237 -0.179904
-0.029175 -0.040405 -0.077881 -0.056724 -0.078560 -0.151423
-0.039185 -0.061890 -0.075562 -0.076186 -0.120332 -0.146914
0.000000 -0.056763 -0.107056 0.000000 -0.110363 -0.208147
0.064697 -0.053833 -0.142944 0.125790 -0.104667 -0.277925
0.062012 -0.035156 -0.141479 0.120569 -0.068354 -0.275077
0.053223 0.020508 -0.134033 0.103480 0.039873 -0.260600
0.069580 0.002808 -0.083130 0.135284 0.005459 -0.161629
0.070190 -0.015869 -0.065918 0.136471 -0.030854 -0.128164
0.064087 -0.003906 -0.065186 0.124604 -0.007595 -0.126740
