-0.105469 -0.105957 0.015869 -0.205062 -0.206011 0.030854
-0.173462 0.320068 0.061523 -0.337261 0.622306 0.119620
-0.234741 0.119751 0.083984 -0.456405 0.232831 0.163290
-0.059937 -0.304199 0.255249 -0.116534 -0.591452 0.496279
0.237183 -0.719360 0.481567 0.461152 -1.398646 0.936307
0.491821 -0.744995 0.655518 0.956244 -1.448488 1.274517
0.682861 -0.491577 0.633911 1.327682 -0.955769 1.232508
0.823242 -0.211426 0.465576 1.600623 -0.411073 0.905216
0.816895 -0.334839 0.176147 1.588281 -0.651024 0.342482
0.863281 -0.255371 -0.117920 1.678470 -0.496516 -0.229271
0.980591 0.084106 -0.398560 1.906554 0.163527 -0.774916
1.015869 0.241455 -0.709351 1.975146 0.469459 -1.379184
0.988770 0.413940 -0.988403 1.922456 0.804821 -1.921744
0.897461 0.549561 -1.089355 1.744926 1.068506 -2.118025
0.705811 0.743164 -1.073120 1.372302 1.444928 -2.086458
0.476685 0.855225 -0.966919 0.926814 1.662806 -1.879972
0.211304 0.673462 -0.793945 0.410836 1.309406 -1.543661
-0.152100 0.432617 -0.598877 -0.295726 0.841134 -1.164391
-0.634277 0.187012 -0.417603 -1.233220 0.363605 -0.811941
-1.055054 -0.076172 -0.259155 -2.051332 -0.148100 -0.503873
-1.424683 -0.306030 -0.082764 -2.769999 -0.595012 -0.160917
-1.784180 -0.476685 0.016846 -3.468966 -0.926814 0.032753
-2.055542 -0.726929 -0.059692 -3.996573 -1.413361 -0.116059
-2.235229 -0.937134 -0.303955 -4.345938 -1.822061 -0.590977
-2.214600 -0.906128 -0.516357 -4.305828 -1.761777 -1.003949
-1.888550 -0.770996 -0.621582 -3.671891 -1.499041 -1.208537
-1.296509 -0.589722 -0.736572 -2.520791 -1.146591 -1.432111
-0.697388 -0.440796 -0.768066 -1.355925 -0.857036 -1.493345
-0.210693 -0.140991 -0.696533 -0.409649 -0.274128 -1.354264
0.254761 -0.121948 -0.570801 0.495329 -0.237103 -1.109803
0.754761 -0.214722 -0.486694 1.467475 -0.417482 -0.946276
1.191284 -0.299072 -0.354370 2.316204 -0.581484 -0.688999
1.815063 -0.275879 -0.240601 3.529013 -0.536389 -0.467798
2.779297 0.194580 -0.135254 5.403764 0.378320 -0.262973
3.369751 0.755981 0.040283 6.551779 1.469848 0.078322
2.965088 0.911743 0.123779 5.764996 1.772695 0.240663
1.978149 0.514160 -0.198608 3.846099 0.999677 -0.386153
1.060059 0.061279 -0.785034 2.061063 0.119145 -1.526335
0.639648 0.006104 -0.858276 1.243663 0.011867 -1.668740
0.586548 0.032349 -0.714722 1.140420 0.062895 -1.389627
0.550781 -0.122559 -0.688110 1.070879 -0.238290 -1.337887
0.419189 -0.145752 -0.775635 0.815027 -0.283384 -1.508060
0.139893 0.027832 -0.915405 0.271992 0.054114 -1.779815
-0.197876 0.159424 -0.975464 -0.384729 0.309966 -1.896586
-0.538208 0.128052 -0.997925 -1.046433 0.248970 -1.940257
-0.858276 0.038452 -0.997314 -1.668740 0.074762 -1.939070
-1.178955 -0.212402 -0.904907 -2.292233 -0.412972 -1.759404
-1.453735 -0.360840 -0.735840 -2.826485 -0.701578 -1.430687
-1.605957 -0.183960 -0.528076 -3.122449 -0.357672 -1.026734
-1.646729 -0.058472 -0.334106 -3.201720 -0.113686 -0.649600
-1.702271 -0.167480 -0.188232 -3.309710 -0.325631 -0.365979
-1.438721 -0.214111 -0.107056 -2.797293 -0.416295 -0.208147
-1.094727 -0.200439 -0.059814 -2.128468 -0.389713 -0.116297
-0.843750 -0.240356 -0.031738 -1.640496 -0.467323 -0.061708
-0.726807 -0.233521 0.001587 -1.413124 -0.454032 0.003085
-0.625610 -0.071533 0.032593 -1.216369 -0.139081 0.063370
-0.487793 0.016235 0.010010 -0.948412 0.031566 0.019462
-0.338135 -0.003052 -0.022705 -0.657433 -0.005934 -0.044145
-0.190918 0.008423 -0.049072 -0.371200 0.016376 -0.095411
-0.066406 -0.038086 -0.072021 -0.129113 -0.074050 -0.140031
0.020874 -0.094604 -0.079102 0.040585 -0.183939 -0.153797
0.075073 -0.079102 -0.083740 0.145964 -0.153797 -0.162815
0.070313 -0.045288 -0.079834 0.136708 -0.088053 -0.155221
0.045044 -0.024414 -0.067749 0.087579 -0.047468 -0.131724
0.020996 -0.002319 -0.056152 0.040823 -0.004509 -0.109177
-0.003540 -0.011841 -0.056763 -0.006883 -0.023022 -0.110363
-0.014038 -0.020386 -0.078247 -0.027294 -0.039636 -0.152135
-0.004639 -0.039429 -0.080444 -0.009019 -0.076661 -0.156407
-0.012207 -0.061523 -0.075195 -0.023734 -0.119620 -0.146202
-0.011597 -0.057861 -0.071655 -0.022547 -0.112499 -0.139319
-0.015259 -0.035767 -0.073730 -0.029668 -0.069541 -0.143354
-0.015137 -0.009766 -0.073120 -0.029430 -0.018987 -0.142167
-0.001465 -0.002197 -0.077393 -0.002848 -0.004272 -0.150474
-0.007080 -0.002930 -0.086792 -0.013766 -0.005696 -0.168749
-0.016602 -0.026489 -0.082397 -0.032278 -0.051503 -0.160205
-0.025879 -0.052734 -0.076904 -0.050316 -0.102531 -0.149524
-0.044922 -0.050171 -0.068359 -0.087341 -0.097547 -0.132911
-0.051270 -0.027954 -0.094482 -0.099683 -0.054351 -0.183701
-0.036133 -0.024292 -0.103882 -0.070253 -0.047231 -0.201977
-0.023315 -0.010376 -0.086548 -0.045332 -0.020174 -0.168274
