-0.752441 0.050049 0.130249 -1.462965 0.097310 0.253242
-0.458618 0.123047 -0.056763 -0.891687 0.239239 -0.110363
0.005981 0.014526 -0.091431 0.011630 0.028243 -0.177768
0.449707 -0.083374 -0.135254 0.874362 -0.162103 -0.262973
0.703491 -0.113281 -0.115601 1.367792 -0.220252 -0.224761
0.927856 -0.451538 -0.135498 1.804024 -0.877922 -0.263448
1.226685 -0.206177 -0.307739 2.385032 -0.400868 -0.598335
1.157837 0.263916 -0.545776 2.251173 0.513130 -1.061148
1.060181 0.609253 -0.734375 2.061300 1.184565 -1.427839
1.035034 0.799438 -1.020996 2.012408 1.554342 -1.985114
0.983521 0.668335 -1.275146 1.912251 1.299438 -2.479257
1.066284 0.768066 -1.486816 2.073167 1.493345 -2.890805
1.147705 0.903809 -1.359497 2.231473 1.757267 -2.643259
0.756104 0.679810 -0.963745 1.470086 1.321748 -1.873802
0.080078 0.446533 -0.471680 0.155695 0.868191 -0.917083
-0.612427 0.035400 -0.132690 -1.190736 0.068829 -0.257989
-1.358032 -0.478394 0.135376 -2.640411 -0.930137 0.263210
-1.975098 -1.082397 0.525879 -3.840166 -2.104496 1.022462
-2.617798 -1.708130 0.893311 -5.089762 -3.321103 1.736856
-2.586670 -1.607788 1.054443 -5.029241 -3.126009 2.050145
-1.803345 -0.878052 0.794189 -3.506228 -1.707189 1.544136
-1.046631 -0.458374 -0.027100 -2.034956 -0.891213 -0.052690
-0.575195 -0.462036 -0.651978 -1.118347 -0.898333 -1.267635
0.027100 -0.327148 -0.733032 0.052690 -0.636072 -1.425228
0.659790 0.010742 -0.765747 1.282824 0.020886 -1.488836
1.016479 0.229370 -0.638062 1.976333 0.445962 -1.240578
1.395874 0.236816 -0.617310 2.713986 0.460440 -1.200230
1.919434 0.304932 -0.732544 3.731939 0.592876 -1.424279
2.061157 0.448608 -0.864014 4.007491 0.872226 -1.679895
1.875122 0.671509 -0.873657 3.645784 1.305609 -1.698644
1.787598 0.791016 -0.769897 3.475611 1.537965 -1.496905
1.545288 0.735352 -0.734009 3.004491 1.429738 -1.427127
1.061279 0.490112 -0.886963 2.063437 0.952921 -1.724514
0.636841 0.198975 -0.918701 1.238204 0.386865 -1.786223
0.224731 -0.003784 -0.897339 0.436943 -0.007358 -1.744688
-0.246216 -0.037354 -0.798462 -0.478715 -0.072626 -1.552443
-0.736938 -0.180176 -0.518311 -1.432823 -0.350314 -1.007747
-1.197876 -0.339722 -0.322510 -2.329020 -0.660518 -0.627053
-1.517944 -0.461426 -0.277710 -2.951326 -0.897146 -0.539949
-1.759766 -0.493530 -0.205811 -3.421498 -0.959567 -0.400156
-1.753418 -0.467529 -0.134888 -3.409156 -0.909013 -0.262261
-1.617432 -0.469116 0.043091 -3.144759 -0.912099 0.083781
-1.553589 -0.282471 0.093994 -3.020630 -0.549205 0.182752
-1.169189 -0.071533 -0.151611 -2.273245 -0.139081 -0.294777
-0.640869 0.004028 -0.235229 -1.246037 0.007832 -0.457355
-0.031128 -0.016113 -0.260376 -0.060522 -0.031329 -0.506247
0.105957 -0.046387 -0.280029 0.206011 -0.090189 -0.544459
0.046143 -0.031494 -0.220093 0.089715 -0.061234 -0.427925
0.035156 0.074341 -0.152954 0.068354 0.144540 -0.297387
0.148193 0.028320 -0.146118 0.288131 0.055063 -0.284096
0.268555 -0.148926 -0.213623 0.522149 -0.289555 -0.415345
0.163940 -0.216919 -0.264160 0.318748 -0.421754 -0.513604
0.067261 -0.048462 -0.245483 0.130774 -0.094224 -0.477291
-0.021606 0.208496 -0.184570 -0.042009 0.405377 -0.358858
-0.015625 0.156006 -0.105347 -0.030380 0.303321 -0.204825
-0.035645 0.045410 -0.114868 -0.069303 0.088291 -0.223337
-0.054810 0.044800 -0.157104 -0.106566 0.087104 -0.305457
-0.058105 0.049805 -0.145874 -0.112974 0.096835 -0.283622
-0.025269 0.000732 -0.133179 -0.049129 0.001424 -0.258938
0.039429 -0.007324 -0.166870 0.076661 -0.014240 -0.324444
0.073975 0.041504 -0.190430 0.143828 0.080696 -0.370251
0.033813 0.012817 -0.153809 0.065743 0.024921 -0.299049
0.023804 0.018921 -0.112183 0.046281 0.036788 -0.218116
0.045044 0.035767 -0.079346 0.087579 0.069541 -0.154271
-0.015381 -0.004395 -0.062622 -0.029905 -0.008544 -0.121756
0.003906 -0.018799 -0.082275 0.007595 -0.036550 -0.159967
0.038330 -0.000732 -0.106812 0.074525 -0.001424 -0.207673
0.037231 0.016235 -0.133667 0.072389 0.031566 -0.259888
0.012695 0.007813 -0.153687 0.024683 0.015190 -0.298811
-0.015137 0.004028 -0.129761 -0.029430 0.007832 -0.252293
-0.041992 -0.020752 -0.100098 -0.081645 -0.040348 -0.194619
-0.044067 -0.056030 -0.100586 -0.085680 -0.108939 -0.195568
-0.014404 -0.070557 -0.111450 -0.028006 -0.137183 -0.216692
0.008667 -0.041748 -0.098145 0.016851 -0.081170 -0.190822
0.014282 0.005005 -0.098511 0.027769 0.009731 -0.191534
-0.006104 -0.008179 -0.105347 -0.011867 -0.015902 -0.204825
0.029053 0.001099 -0.116455 0.056487 0.002136 -0.226423
0.066162 0.073120 -0.082520 0.128638 0.142167 -0.160442
-0.245117 -0.069702 -0.051758 -0.476579 -0.135521 -0.100632
0.028564 -0.023682 -0.139160 0.055538 -0.046044 -0.270568
