-0.156250 0.114380 0.048706 -0.303796 0.222388 0.094699
-0.097290 0.236816 0.097168 -0.189160 0.460440 0.188923
-0.007202 -0.018188 0.071655 -0.014003 -0.035364 0.139319
0.380249 -0.158081 0.152222 0.739315 -0.307356 0.295963
1.014771 -0.218384 0.259888 1.973010 -0.424602 0.505297
1.545532 -0.122681 0.368286 3.004965 -0.238527 0.716056
1.696045 -0.024902 0.230469 3.297606 -0.048417 0.448098
1.518555 0.119019 -0.035767 2.952513 0.231407 -0.069541
1.307373 0.178101 -0.340454 2.541914 0.346279 -0.661942
1.228149 0.049805 -0.515747 2.387881 0.096835 -1.002763
1.332397 0.107544 -0.625488 2.590569 0.209097 -1.216132
1.472046 0.424316 -0.748169 2.862087 0.824995 -1.454659
1.376221 0.579590 -0.847168 2.675774 1.126892 -1.647142
1.018188 0.703003 -0.852417 1.979655 1.366843 -1.657347
0.535278 0.599243 -0.836182 1.040737 1.165103 -1.625781
0.014526 0.417236 -0.733887 0.028243 0.811229 -1.426890
-0.381958 0.398438 -0.596436 -0.742638 0.774679 -1.159645
-0.714600 0.500244 -0.372192 -1.389390 0.972620 -0.723651
-1.070679 0.542603 -0.199951 -2.081712 1.054978 -0.388763
-1.317505 0.397949 -0.025146 -2.561614 0.773729 -0.048892
-1.566162 0.026611 0.097412 -3.045076 0.051740 0.189398
-1.963623 -0.349243 0.140747 -3.817856 -0.679031 0.273653
-2.360718 -0.625366 0.030396 -4.589924 -1.215894 0.059098
-2.407349 -0.922974 -0.270508 -4.680588 -1.794530 -0.525946
-2.116089 -1.097290 -0.616943 -4.114294 -2.133452 -1.199518
-1.685425 -0.843750 -0.859985 -3.276957 -1.640496 -1.672062
-1.127686 -0.565430 -0.822632 -2.192549 -1.099360 -1.599436
-0.359863 -0.422119 -0.687622 -0.699679 -0.820723 -1.336938
0.591797 -0.283936 -0.398682 1.150626 -0.552054 -0.775153
1.390259 -0.146851 -0.354370 2.703068 -0.285520 -0.688999
2.157959 -0.114868 -0.562988 4.195702 -0.223337 -1.094613
2.955688 0.181641 -0.654175 5.746720 0.353162 -1.271907
3.065674 0.741211 -0.516113 5.960564 1.441130 -1.003475
2.290039 0.643555 -0.633057 4.452504 1.251258 -1.230847
1.460083 0.217041 -1.020508 2.838827 0.421991 -1.984165
1.219727 0.361206 -1.074707 2.371504 0.702290 -2.089544
1.293213 0.768066 -0.839600 2.514383 1.493345 -1.632427
1.119629 0.591553 -0.781006 2.176885 1.150151 -1.518503
0.670288 0.181274 -0.804932 1.303236 0.352450 -1.565022
0.153564 0.076416 -0.814087 0.298574 0.148575 -1.582822
-0.367676 0.171631 -0.833130 -0.714869 0.333700 -1.619847
-0.838501 0.131226 -0.866211 -1.630290 0.255141 -1.684167
-1.174561 -0.031860 -0.847534 -2.283688 -0.061946 -1.647854
-1.431519 -0.202881 -0.840210 -2.783289 -0.394460 -1.633613
-1.745361 -0.311401 -0.828491 -3.393492 -0.605455 -1.610829
-2.098267 -0.277954 -0.763916 -4.079642 -0.540424 -1.485276
-2.430542 -0.149902 -0.736084 -4.725682 -0.291454 -1.431162
-2.604370 -0.106689 -0.581665 -5.063655 -0.207435 -1.130926
-2.238770 0.024048 -0.395142 -4.352821 0.046756 -0.768270
-1.963745 0.510742 -0.239380 -3.818093 0.993032 -0.465424
-1.793579 0.655640 -0.288574 -3.487241 1.274755 -0.561072
-1.065796 0.221313 -0.443237 -2.072218 0.430298 -0.861783
-0.098999 -0.116699 -0.260986 -0.192483 -0.226897 -0.507434
0.253540 -0.083618 -0.189941 0.492956 -0.162578 -0.369301
0.208618 0.039063 -0.199951 0.405615 0.075949 -0.388763
0.164307 0.093262 -0.125977 0.319460 0.181328 -0.244935
0.174316 0.024902 -0.023560 0.338922 0.048417 -0.045807
0.273682 -0.083130 0.037720 0.532117 -0.161629 0.073338
0.332397 -0.142822 0.052856 0.646278 -0.277688 0.102768
0.271484 -0.160400 0.054321 0.527845 -0.311865 0.105616
0.153320 -0.174316 0.063232 0.298099 -0.338922 0.122942
0.088867 -0.115479 0.064575 0.172784 -0.224524 0.125553
0.063599 -0.060547 0.017334 0.123654 -0.117721 0.033702
0.043945 -0.000610 -0.069336 0.085443 -0.001187 -0.134809
0.043457 0.013916 -0.107056 0.084493 0.027057 -0.208147
0.054932 -0.003906 -0.089233 0.106803 -0.007595 -0.173496
0.059204 -0.013916 -0.081787 0.115110 -0.027057 -0.159018
0.031982 -0.020386 -0.104614 0.062183 -0.039636 -0.203401
-0.001343 -0.012207 -0.123901 -0.002611 -0.023734 -0.240900
-0.018066 -0.001831 -0.101196 -0.035126 -0.003560 -0.196755
-0.051147 -0.031860 -0.068115 -0.099446 -0.061946 -0.132436
-0.083496 -0.025757 -0.075195 -0.162341 -0.050079 -0.146202
-0.076904 -0.032593 -0.090820 -0.149524 -0.063370 -0.176581
-0.086304 -0.064819 -0.106812 -0.167800 -0.126028 -0.207673
-0.120605 -0.031738 -0.108765 -0.234492 -0.061708 -0.211470
-0.103271 0.013184 -0.104858 -0.200790 0.025633 -0.203875
-0.050537 0.041138 -0.109985 -0.098259 0.079984 -0.213844
-0.010742 0.035278 -0.122437 -0.020886 0.068591 -0.238052
-0.001953 0.017700 -0.132202 -0.003797 0.034414 -0.257040
-0.005615 0.006348 -0.139771 -0.010918 0.012342 -0.271755
