-0.217407 -0.026001 0.254272 -0.422703 -0.050553 0.494380
-0.375488 0.165161 0.251587 -0.730059 0.321121 0.489158
-0.482666 0.109985 0.262939 -0.938443 0.213844 0.511231
-0.463013 -0.170654 0.356567 -0.900232 -0.331802 0.693271
-0.261841 -0.385742 0.389038 -0.509095 -0.749995 0.756404
0.082886 -0.404907 0.439209 0.161154 -0.787258 0.853950
0.448730 -0.369385 0.261719 0.872463 -0.718192 0.508858
0.759399 -0.299805 0.092896 1.476494 -0.582908 0.180616
1.041870 -0.182861 -0.162109 2.025699 -0.355536 -0.315188
1.310791 -0.016724 -0.381958 2.548560 -0.032516 -0.742638
1.532227 0.259888 -0.533325 2.979095 0.505297 -1.036940
1.631226 0.359985 -0.715576 3.171578 0.699916 -1.391289
1.557739 0.250244 -0.837036 3.028699 0.486548 -1.627442
1.244141 0.247437 -0.884155 2.418972 0.481089 -1.719056
0.810303 0.427002 -0.825195 1.575465 0.830216 -1.604420
0.447388 0.666748 -0.620728 0.869852 1.296353 -1.206875
0.153076 0.599976 -0.456177 0.297625 1.166528 -0.886941
-0.275269 0.298462 -0.255005 -0.535202 0.580297 -0.495804
-0.886841 0.093384 0.004639 -1.724277 0.181565 0.009019
-1.473755 0.073730 0.218994 -2.865409 0.143354 0.425788
-2.091187 -0.062134 0.393188 -4.065876 -0.120806 0.764473
-2.635498 -0.197876 0.454102 -5.124177 -0.384729 0.882906
-2.801147 -0.325562 0.263306 -5.446248 -0.632987 0.511943
-2.466064 -0.400024 -0.160034 -4.794748 -0.777764 -0.311153
-2.077637 -0.396973 -0.526001 -4.039532 -0.771831 -1.022699
-1.775269 -0.287964 -0.663574 -3.451640 -0.559886 -1.290182
-1.399292 -0.188232 -0.643433 -2.720632 -0.365979 -1.251021
-0.790649 -0.204590 -0.485840 -1.537253 -0.397782 -0.944614
-0.180786 -0.355591 -0.437012 -0.351501 -0.691372 -0.849678
0.342163 -0.590332 -0.534180 0.665265 -1.147778 -1.038601
0.852539 -0.619995 -0.618774 1.657585 -1.205451 -1.203078
1.318848 -0.430298 -0.585571 2.564224 -0.836625 -1.138521
1.703857 -0.213867 -0.604980 3.312796 -0.415820 -1.176258
2.004150 -0.058716 -0.750854 3.896653 -0.114161 -1.459880
2.248291 -0.002441 -0.924438 4.371334 -0.004747 -1.797378
2.367188 0.025513 -1.052368 4.602503 0.049604 -2.046111
2.191284 -0.031128 -1.092163 4.260496 -0.060522 -2.123483
1.796143 -0.099976 -1.049805 3.492225 -0.194382 -2.041126
1.403564 -0.051392 -0.964478 2.728939 -0.099920 -1.875226
1.106567 -0.082275 -0.926147 2.151490 -0.159967 -1.800701
0.834351 -0.225708 -0.923950 1.622221 -0.438842 -1.796429
0.498169 -0.353760 -0.958740 0.968586 -0.687812 -1.864071
0.101685 -0.364624 -0.996582 0.197704 -0.708935 -1.937646
-0.196533 -0.384277 -1.000122 -0.382118 -0.747147 -1.944529
-0.535645 -0.490479 -0.736816 -1.041449 -0.953633 -1.432586
-1.108765 -0.458008 -0.322632 -2.155762 -0.890501 -0.627290
-1.799072 -0.298340 0.103271 -3.497921 -0.580060 0.200790
-2.339478 -0.149780 0.478271 -4.548626 -0.291217 0.929899
-2.771973 0.024780 0.657715 -5.389523 0.048180 1.278789
-2.757935 0.415161 0.625610 -5.362229 0.807194 1.216369
-1.873535 0.469360 0.338745 -3.642699 0.912573 0.658619
-1.272705 -0.039551 0.074829 -2.474510 -0.076898 0.145490
-1.067871 -0.288818 0.102905 -2.076253 -0.561547 0.200078
-0.794678 -0.081421 0.238892 -1.545085 -0.158306 0.464475
-0.400879 0.101440 0.253906 -0.779426 0.197230 0.493668
-0.126221 0.157349 0.100220 -0.245410 0.305932 0.194856
-0.016602 0.149536 -0.042847 -0.032278 0.290742 -0.083306
0.111328 0.139648 -0.078491 0.216454 0.271517 -0.152610
0.244263 0.166748 -0.104980 0.474918 0.324207 -0.204113
0.287109 0.140503 -0.131592 0.558224 0.273179 -0.255853
0.258545 0.076172 -0.116821 0.502687 0.148100 -0.227135
0.207886 0.016235 -0.082520 0.404191 0.031566 -0.160442
0.182861 0.005371 -0.087891 0.355536 0.010443 -0.170885
0.155640 0.001221 -0.110840 0.302609 0.002373 -0.215505
0.122437 0.001465 -0.120728 0.238052 0.002848 -0.234730
0.102051 0.007690 -0.162231 0.198416 0.014952 -0.315425
0.114136 0.005127 -0.181763 0.221913 0.009968 -0.353400
0.119141 0.041748 -0.171875 0.231644 0.081170 -0.334175
0.119019 0.071167 -0.167114 0.231407 0.138369 -0.324919
0.134766 0.072388 -0.186890 0.262024 0.140743 -0.363368
0.141968 0.052368 -0.177246 0.276027 0.101819 -0.344618
0.136719 0.071045 -0.169434 0.265821 0.138132 -0.329428
0.119141 0.064087 -0.135864 0.231644 0.124604 -0.264160
0.117676 0.032104 -0.133057 0.228796 0.062420 -0.258701
0.123779 0.028564 -0.156128 0.240663 0.055538 -0.303558
0.104126 0.024414 -0.134033 0.202451 0.047468 -0.260600
0.058594 0.045898 -0.115967 0.113923 0.089240 -0.225473
-0.005127 0.063354 -0.083740 -0.009968 0.123180 -0.162815
-0.059570 0.025146 -0.074951 -0.115822 0.048892 -0.145727
-0.067993 -0.040161 -0.077026 -0.132199 -0.078085 -0.149762
