-0.113281 0.048950 -0.189575 -0.220252 0.095173 -0.368589
-0.079468 0.233276 -0.017944 -0.154509 0.453557 -0.034889
-0.155640 -0.182861 0.052734 -0.302609 -0.355536 0.102531
-0.174072 -0.296509 0.256958 -0.338447 -0.576500 0.499601
0.097046 -0.346436 0.484131 0.188686 -0.673572 0.941292
0.533325 -0.336792 0.809814 1.036940 -0.654822 1.574515
0.896729 -0.211304 0.843018 1.743502 -0.410836 1.639072
1.229492 -0.141602 0.328369 2.390491 -0.275315 0.638445
1.279053 -0.140991 -0.303345 2.486851 -0.274128 -0.589791
1.159424 -0.297852 -0.768066 2.254258 -0.579110 -1.493345
1.136475 -0.136475 -0.982300 2.209638 -0.265346 -1.909877
1.228027 0.513184 -1.103516 2.387643 0.997779 -2.145556
1.262085 1.077393 -1.088379 2.453861 2.094765 -2.116126
1.138306 0.979126 -1.199707 2.213198 1.903706 -2.332580
0.883911 0.770752 -1.216309 1.718581 1.498567 -2.364859
0.411377 0.602905 -0.907349 0.799837 1.172224 -1.764150
-0.150879 0.255737 -0.413330 -0.293353 0.497228 -0.803634
-0.734131 -0.166748 0.041016 -1.427364 -0.324207 0.079746
-1.438599 -0.571411 0.416260 -2.797055 -1.110990 0.809330
-2.133789 -1.035767 0.645508 -4.148708 -2.013832 1.255055
-2.714722 -1.317871 0.490723 -5.278211 -2.562326 0.954108
-2.869507 -1.093384 0.080811 -5.579158 -2.125857 0.157119
-2.390503 -0.504761 -0.471558 -4.647835 -0.981402 -0.916846
-1.454224 -0.152466 -1.038818 -2.827435 -0.296438 -2.019766
-0.740601 -0.395630 -1.161865 -1.439944 -0.769220 -2.259005
-0.293091 -0.528564 -0.843018 -0.569854 -1.027683 -1.639072
0.621826 -0.194946 -0.412231 1.209011 -0.379032 -0.801498
1.457275 0.036987 -0.271606 2.833368 0.071914 -0.528082
1.776367 -0.027710 -0.534790 3.453776 -0.053876 -1.039788
1.931396 -0.038696 -0.743652 3.755198 -0.075237 -1.445877
1.932739 0.156006 -0.908203 3.757809 0.303321 -1.765812
1.787354 0.254883 -1.020630 3.475137 0.495567 -1.984402
1.581787 0.093994 -1.067383 3.075455 0.182752 -2.075304
1.394043 0.083252 -1.060059 2.710426 0.161866 -2.061063
1.155518 0.323853 -0.938110 2.246663 0.629664 -1.823960
0.781128 0.494019 -0.786377 1.518741 0.960516 -1.528946
0.313599 0.353760 -0.761963 0.609727 0.687812 -1.481478
-0.093750 0.057739 -0.810913 -0.182277 0.112262 -1.576651
-0.370728 -0.294678 -0.807129 -0.720802 -0.572939 -1.569294
-0.692871 -0.730713 -0.721436 -1.347143 -1.420719 -1.402681
-1.040527 -0.922485 -0.505493 -2.023089 -1.793581 -0.982826
-1.506714 -0.492065 -0.152832 -2.929491 -0.956719 -0.297150
-1.906006 0.384033 0.215454 -3.705831 0.746673 0.418906
-2.213135 0.989746 0.347534 -4.302979 1.924355 0.675708
-2.164673 0.489380 0.064575 -4.208755 0.951497 0.125553
-1.486694 -0.184937 -0.549683 -2.890567 -0.359571 -1.068743
-0.590454 -0.278564 -0.834106 -1.148015 -0.541611 -1.621746
-0.073364 -0.068726 -0.478882 -0.142642 -0.133623 -0.931086
0.029785 0.251465 0.051880 0.057911 0.488921 0.100870
-0.040039 0.385986 0.278687 -0.077848 0.750470 0.541848
-0.019043 0.286255 0.120605 -0.037025 0.556563 0.234492
0.040771 0.119507 -0.059326 0.079272 0.232356 -0.115347
0.084229 0.049805 -0.133667 0.163765 0.096835 -0.259888
0.081421 0.110474 -0.138306 0.158306 0.214793 -0.268907
0.022339 0.206909 -0.110596 0.043433 0.402292 -0.215030
-0.088013 0.245239 -0.072998 -0.171122 0.476817 -0.141929
-0.177246 0.198608 -0.038330 -0.344618 0.386153 -0.074525
-0.203125 0.050659 -0.027100 -0.394934 0.098496 -0.052690
-0.169434 -0.028198 -0.040771 -0.329428 -0.054826 -0.079272
-0.130737 0.011353 -0.073242 -0.254191 0.022073 -0.142404
-0.095703 0.124756 -0.120483 -0.186075 0.242562 -0.234255
-0.043823 0.180542 -0.143921 -0.085205 0.351026 -0.279824
-0.004395 0.180908 -0.144287 -0.008544 0.351738 -0.280536
-0.009644 0.160034 -0.140503 -0.018750 0.311153 -0.273179
-0.027100 0.117188 -0.124756 -0.052690 0.227847 -0.242562
-0.045654 0.074463 -0.098633 -0.088765 0.144778 -0.191771
-0.056519 0.093140 -0.119507 -0.109889 0.181091 -0.232356
-0.058716 0.144043 -0.133911 -0.114161 0.280062 -0.260362
-0.061768 0.157104 -0.115967 -0.120094 0.305457 -0.225473
-0.034790 0.178101 -0.114258 -0.067642 0.346279 -0.222151
0.006470 0.144775 -0.119629 0.012579 0.281486 -0.232593
0.025146 0.109863 -0.110229 0.048892 0.213606 -0.214318
0.022949 0.039185 -0.094971 0.044620 0.076186 -0.184651
-0.007446 0.018188 -0.086426 -0.014478 0.035364 -0.168037
-0.049561 0.023193 -0.085205 -0.096360 0.045095 -0.165664
-0.074463 0.052734 -0.108032 -0.144778 0.102531 -0.210046
-0.094360 0.048950 -0.142090 -0.183464 0.095173 -0.276264
-0.101318 0.026611 -0.163086 -0.196992 0.051740 -0.317087
-0.083984 0.001465 -0.137695 -0.163290 0.002848 -0.267720
-0.047974 -0.000977 -0.093506 -0.093275 -0.001899 -0.181803
