0.847168 0.589844 -0.327393 1.647142 1.146828 -0.636547
0.851807 0.564331 -0.395996 1.656160 1.097224 -0.769932
0.834839 0.461792 -0.458862 1.623170 0.897858 -0.892162
0.827759 0.421143 -0.510010 1.609404 0.818824 -0.991608
0.825928 0.378540 -0.549805 1.605844 0.735992 -1.068981
0.821899 0.337769 -0.575317 1.598012 0.656721 -1.118585
0.823608 0.313232 -0.591919 1.601335 0.609015 -1.150863
0.824707 0.294800 -0.608521 1.603471 0.573177 -1.183141
0.833008 0.272583 -0.629517 1.619610 0.529981 -1.223964
0.849365 0.256714 -0.650879 1.651414 0.499127 -1.265498
0.891846 0.245361 -0.672119 1.734008 0.477054 -1.306796
0.923706 0.201660 -0.693604 1.795954 0.392086 -1.348567
0.931763 0.152466 -0.715210 1.811618 0.296438 -1.390577
0.917969 0.113770 -0.752808 1.784799 0.221201 -1.463678
0.876587 0.088867 -0.796387 1.704341 0.172784 -1.548408
0.819946 0.072266 -0.847900 1.594215 0.140505 -1.648566
0.735474 0.054565 -0.893921 1.429975 0.106091 -1.738043
0.615601 0.054565 -0.928711 1.196907 0.106091 -1.805685
0.475952 0.069336 -0.956055 0.925390 0.134809 -1.858849
0.328247 0.074707 -0.985107 0.638208 0.145252 -1.915336
0.175293 0.062988 -1.019287 0.340821 0.122468 -1.981791
0.022705 0.046021 -1.058838 0.044145 0.089477 -2.058690
-0.122681 0.019287 -1.110718 -0.238527 0.037500 -2.159559
-0.252930 -0.012939 -1.173584 -0.491769 -0.025158 -2.281790
-0.360229 -0.046509 -1.237183 -0.700391 -0.090427 -2.405444
-0.457397 -0.091553 -1.290527 -0.889314 -0.178005 -2.509161
-0.558594 -0.154663 -1.323975 -1.086069 -0.300710 -2.574193
-0.664429 -0.234253 -1.336304 -1.291843 -0.455456 -2.598164
-0.766968 -0.315186 -1.327759 -1.491209 -0.612813 -2.581550
-0.859253 -0.380859 -1.316040 -1.670638 -0.740502 -2.558766
-0.961304 -0.431152 -1.319702 -1.869055 -0.838286 -2.565886
-1.120850 -0.480957 -1.329590 -2.179259 -0.935121 -2.585110
-1.317383 -0.499023 -1.325439 -2.561376 -0.970247 -2.577041
-1.482544 -0.507813 -1.277344 -2.882498 -0.987336 -2.483529
-1.600586 -0.546143 -1.173950 -3.112006 -1.061860 -2.282501
-1.703613 -0.633911 -0.998779 -3.312321 -1.232508 -1.941918
-1.811035 -0.765747 -0.752197 -3.521180 -1.488836 -1.462491
-1.904053 -0.912109 -0.445923 -3.702034 -1.773407 -0.867004
-1.932617 -1.041870 -0.102783 -3.757571 -2.025699 -0.199841
-1.862427 -1.136108 0.253418 -3.621101 -2.208926 0.492718
-1.702515 -1.191162 0.613159 -3.310185 -2.315967 1.192160
-1.484375 -1.247559 0.982422 -2.886058 -2.425618 1.910115
-1.274292 -1.308594 1.348389 -2.477595 -2.544288 2.621661
-1.073608 -1.354980 1.675415 -2.087408 -2.634477 3.257495
-0.896606 -1.380737 1.951050 -1.743264 -2.684556 3.793410
-0.741821 -1.321289 2.141479 -1.442317 -2.568971 4.163661
-0.608887 -1.143799 2.205200 -1.183853 -2.223878 4.287552
-0.480591 -0.870239 2.131958 -0.934409 -1.691999 4.145148
-0.369019 -0.610718 1.970337 -0.717480 -1.187413 3.830909
-0.318359 -0.380981 1.794556 -0.618983 -0.740739 3.489140
-0.260010 -0.177368 1.604126 -0.505535 -0.344855 3.118889
-0.095703 -0.093628 1.413208 -0.186075 -0.182040 2.747689
0.145386 -0.137451 1.267944 0.282672 -0.267245 2.465254
0.399048 -0.219727 1.177368 0.775865 -0.427213 2.289147
0.635498 -0.270386 1.135498 1.235594 -0.525709 2.207739
0.838135 -0.295532 1.131958 1.629578 -0.574601 2.200856
0.991821 -0.293213 1.152100 1.928390 -0.570091 2.240018
1.102661 -0.222778 1.176392 2.143895 -0.433146 2.287248
1.186523 -0.067505 1.151123 2.306947 -0.131249 2.238119
1.226807 0.109009 1.064209 2.385270 0.211945 2.069133
1.190918 0.255371 0.926392 2.315492 0.496516 1.801175
1.107910 0.387085 0.750488 2.154100 0.752606 1.459168
1.036865 0.486328 0.536011 2.015968 0.945564 1.042161
0.992554 0.504883 0.306274 1.929814 0.981639 0.595487
0.970337 0.465820 0.092285 1.886618 0.905691 0.179429
0.957397 0.408936 -0.086914 1.861460 0.795090 -0.168986
0.948486 0.344727 -0.229980 1.844134 0.670249 -0.447149
0.933716 0.279175 -0.352539 1.815416 0.542797 -0.685439
0.924805 0.242188 -0.483887 1.798090 0.470883 -0.940817
0.927612 0.242798 -0.650757 1.803549 0.472070 -1.265261
0.945801 0.265137 -0.859253 1.838912 0.515503 -1.670638
0.976563 0.286255 -1.099487 1.898722 0.556563 -2.137724
0.993286 0.283081 -1.330811 1.931238 0.550392 -2.587484
0.965820 0.257324 -1.492432 1.877836 0.500313 -2.901722
0.875488 0.244995 -1.544556 1.702204 0.476342 -3.003067
0.730713 0.272949 -1.499023 1.420719 0.530693 -2.914539
0.549072 0.314331 -1.382813 1.067557 0.611151 -2.688591
0.351929 0.360840 -1.223633 0.684252 0.701578 -2.379099
0.169312 0.403076 -1.051392 0.329191 0.783698 -2.044212
0.022339 0.416016 -0.901001 0.043433 0.808856 -1.751809
-0.081299 0.401367 -0.800049 -0.158069 0.780375 -1.555528
-0.145874 0.369995 -0.750732 -0.283622 0.719378 -1.459643
-0.182373 0.330688 -0.724243 -0.354586 0.642955 -1.408140
-0.200439 0.280273 -0.704468 -0.389713 0.544933 -1.369691
-0.207642 0.221191 -0.679810 -0.403716 0.430061 -1.321748
-0.204468 0.174194 -0.649780 -0.397545 0.338685 -1.263362
-0.189575 0.138916 -0.613647 -0.368589 0.270093 -1.193110
-0.180786 0.095093 -0.563721 -0.351501 0.184888 -1.096037
-0.188110 0.048340 -0.500000 -0.365741 0.093987 -0.972146
-0.210083 0.010498 -0.434448 -0.408463 0.020411 -0.844694
-0.233154 -0.011963 -0.371216 -0.453320 -0.023259 -0.721752
-0.251343 -0.020874 -0.310425 -0.488684 -0.040585 -0.603556
-0.267700 -0.016846 -0.255005 -0.520487 -0.032753 -0.495804
-0.273071 -0.000366 -0.215210 -0.530930 -0.000712 -0.418431
-0.256836 0.014526 -0.195557 -0.499364 0.028243 -0.380219
-0.230835 0.013794 -0.184814 -0.448810 0.026819 -0.359333
-0.216919 0.007324 -0.166992 -0.421754 0.014240 -0.324682
-0.209839 -0.006226 -0.143677 -0.407988 -0.012104 -0.279350
-0.201782 -0.031616 -0.116821 -0.392323 -0.061471 -0.227135
-0.192749 -0.057617 -0.087158 -0.374760 -0.112025 -0.169461
-0.187134 -0.067871 -0.062134 -0.363843 -0.131961 -0.120806
-0.179565 -0.067749 -0.052124 -0.349128 -0.131724 -0.101344
-0.170532 -0.058594 -0.051025 -0.331564 -0.113923 -0.099208
-0.163452 -0.047241 -0.046631 -0.317799 -0.091851 -0.090664
-0.156616 -0.039917 -0.045410 -0.304508 -0.077610 -0.088291
-0.147095 -0.042725 -0.053223 -0.285995 -0.083069 -0.103480
-0.137695 -0.052124 -0.058716 -0.267720 -0.101344 -0.114161
-0.133911 -0.056274 -0.053101 -0.260362 -0.109414 -0.103243
-0.134521 -0.044800 -0.045410 -0.261549 -0.087104 -0.088291
-0.134155 -0.029785 -0.040405 -0.260837 -0.057911 -0.078560
-0.130737 -0.021362 -0.030762 -0.254191 -0.041535 -0.059810
-0.122681 -0.017578 -0.012939 -0.238527 -0.034177 -0.025158
-0.110474 -0.010620 0.003784 -0.214793 -0.020649 0.007358
-0.097290 -0.001831 0.015503 -0.189160 -0.003560 0.030142
-0.085815 -0.000122 0.021973 -0.166850 -0.000237 0.042721
-0.079102 -0.004883 0.023682 -0.153797 -0.009494 0.046044
-0.078125 -0.009766 0.021240 -0.151898 -0.018987 0.041297
-0.079102 -0.013672 0.017090 -0.153797 -0.026582 0.033228
-0.078491 -0.020020 0.014404 -0.152610 -0.038924 0.028006
-0.077881 -0.025269 0.015137 -0.151423 -0.049129 0.029430
-0.078247 -0.025635 0.015625 -0.152135 -0.049841 0.030380
-0.079712 -0.019409 0.011475 -0.154983 -0.037737 0.022310
-0.081177 -0.013184 0.005859 -0.157831 -0.025633 0.011392
-0.081299 -0.011353 0.003296 -0.158069 -0.022073 0.006408
-0.078369 -0.009277 0.003906 -0.152372 -0.018038 0.007595
-0.073364 -0.006104 0.004028 -0.142642 -0.011867 0.007832
-0.066040 -0.005249 -0.000122 -0.128401 -0.010206 -0.000237
-0.057373 -0.007935 -0.006104 -0.111550 -0.015427 -0.011867
-0.049194 -0.010132 -0.014771 -0.095648 -0.019699 -0.028718
-0.044067 -0.008301 -0.023560 -0.085680 -0.016139 -0.045807
-0.042969 -0.006226 -0.029785 -0.083544 -0.012104 -0.057911
-0.046265 -0.012817 -0.028687 -0.089952 -0.024921 -0.055775
-0.052124 -0.025757 -0.019409 -0.101344 -0.050079 -0.037737
-0.062744 -0.037109 -0.007202 -0.121993 -0.072151 -0.014003
-0.076050 -0.041138 0.002808 -0.147863 -0.079984 0.005459
-0.082642 -0.038208 0.009399 -0.160679 -0.074288 0.018275
-0.080566 -0.035522 0.011475 -0.156645 -0.069066 0.022310
-0.070313 -0.035156 0.008423 -0.136708 -0.068354 0.016376
-0.058228 -0.035278 0.002441 -0.113211 -0.068591 0.004747
-0.048828 -0.038940 -0.001953 -0.094936 -0.075712 -0.003797
-0.043823 -0.046509 -0.001343 -0.085205 -0.090427 -0.002611
-0.040283 -0.050781 0.000854 -0.078322 -0.098734 0.001661
-0.037231 -0.053589 0.002808 -0.072389 -0.104192 0.005459
-0.034058 -0.056519 0.002686 -0.066218 -0.109889 0.005221
-0.029907 -0.055176 -0.000854 -0.058148 -0.107278 -0.001661
-0.025757 -0.052002 -0.005615 -0.050079 -0.101107 -0.010918
-0.023071 -0.047852 -0.008911 -0.044857 -0.093037 -0.017326
-0.023560 -0.041260 -0.010010 -0.045807 -0.080221 -0.019462
-0.025146 -0.034424 -0.009033 -0.048892 -0.066930 -0.017563
-0.023438 -0.030762 -0.007935 -0.045569 -0.059810 -0.015427
