1.387695 0.645508 -0.345703 2.698084 1.255055 -0.672148
1.491333 0.652710 -0.544434 2.899586 1.269058 -1.058538
1.551880 0.578979 -0.743042 3.017307 1.125705 -1.444690
1.608887 0.529541 -0.923462 3.128145 1.029582 -1.795479
1.623291 0.439819 -1.080322 3.156151 0.855137 -2.100461
1.590454 0.348389 -1.203247 3.092307 0.677369 -2.339463
1.526245 0.277588 -1.295166 2.967466 0.539712 -2.518180
1.449951 0.213745 -1.361328 2.819128 0.415583 -2.646819
1.379761 0.143677 -1.404907 2.682657 0.279350 -2.731549
1.328613 0.068115 -1.439941 2.583212 0.132436 -2.799666
1.297607 -0.015503 -1.477905 2.522927 -0.030142 -2.873479
1.276978 -0.092163 -1.525024 2.482817 -0.179192 -2.965092
1.260010 -0.150879 -1.575439 2.449826 -0.293353 -3.063114
1.229736 -0.196533 -1.613525 2.390966 -0.382118 -3.137164
1.183472 -0.253906 -1.642822 2.301014 -0.493668 -3.194126
1.121704 -0.346558 -1.678223 2.180920 -0.673809 -3.262954
1.037964 -0.419067 -1.706177 2.018105 -0.814789 -3.317305
0.914795 -0.436646 -1.708618 1.778628 -0.848966 -3.322052
0.744263 -0.374756 -1.687256 1.447064 -0.728635 -3.280517
0.532349 -0.252075 -1.649902 1.035041 -0.490108 -3.207891
0.289795 -0.117432 -1.603760 0.563446 -0.228321 -3.118177
0.032959 -0.021240 -1.553955 0.064082 -0.041297 -3.021342
-0.221191 0.013184 -1.501343 -0.430061 0.025633 -2.919048
-0.444824 -0.012329 -1.457031 -0.864868 -0.023971 -2.832894
-0.625366 -0.088013 -1.430664 -1.215894 -0.171122 -2.781628
-0.771240 -0.187256 -1.430420 -1.499516 -0.364080 -2.781153
-0.903687 -0.305298 -1.456909 -1.757030 -0.593588 -2.832656
-1.041626 -0.438354 -1.508667 -2.025225 -0.852289 -2.933289
-1.200806 -0.574585 -1.566528 -2.334716 -1.117161 -3.045788
-1.395752 -0.707764 -1.595581 -2.713749 -1.376099 -3.102275
-1.640259 -0.826782 -1.557373 -3.189142 -1.607506 -3.027987
-1.890747 -0.919678 -1.423950 -3.676164 -1.788122 -2.768574
-2.101318 -0.957520 -1.214722 -4.085576 -1.861697 -2.361773
-2.260864 -0.954834 -0.959351 -4.395780 -1.856476 -1.865257
-2.395020 -0.967041 -0.680908 -4.656616 -1.880210 -1.323884
-2.509155 -0.945435 -0.394043 -4.878530 -1.838200 -0.766134
-2.571167 -0.879639 -0.093994 -4.999098 -1.710274 -0.182752
-2.554810 -0.803589 0.255981 -4.967295 -1.562411 0.497703
-2.446533 -0.763306 0.652222 -4.756774 -1.484089 1.268109
-2.251709 -0.811890 1.071289 -4.377979 -1.578550 2.082898
-1.988281 -0.941895 1.491699 -3.865798 -1.831318 2.900298
-1.669922 -1.078003 1.882690 -3.246815 -2.095952 3.660499
-1.316895 -1.148682 2.206177 -2.560427 -2.233372 4.289451
-0.962769 -1.149292 2.438965 -1.871903 -2.234559 4.742059
-0.654053 -1.147705 2.590820 -1.271669 -2.231473 5.037310
-0.448975 -1.191162 2.715332 -0.872938 -2.315967 5.279397
-0.386108 -1.235718 2.842529 -0.750707 -2.402596 5.526706
-0.361938 -1.243652 2.930908 -0.703714 -2.418023 5.698540
-0.364746 -1.217041 3.011597 -0.709173 -2.366283 5.855422
-0.299438 -1.135132 3.023071 -0.582196 -2.207027 5.877732
-0.127441 -1.003418 2.969849 -0.247783 -1.950937 5.774252
0.154175 -0.825928 2.869995 0.299761 -1.605844 5.580107
0.403198 -0.734619 2.765015 0.783935 -1.428314 5.375995
0.671997 -0.480835 2.585205 1.306558 -0.934883 5.026392
0.963623 -0.158691 2.309082 1.873564 -0.308542 4.489529
1.171875 0.022949 1.962158 2.278467 0.044620 3.815008
1.248047 0.147217 1.634521 2.426567 0.286232 3.177986
1.183838 0.256714 1.389404 2.301726 0.499127 2.701407
1.011353 0.249512 1.147461 1.966364 0.485124 2.230999
0.839966 0.237061 0.869995 1.633139 0.460915 1.691524
0.732422 0.261841 0.552368 1.424042 0.509095 1.073965
0.716797 0.326904 0.190796 1.393662 0.635597 0.370963
0.810425 0.385498 -0.192627 1.575702 0.749521 -0.374523
0.998779 0.436035 -0.482666 1.941918 0.847780 -0.938443
1.223633 0.401855 -0.650269 2.379099 0.781324 -1.264312
1.414063 0.280518 -0.761597 2.749350 0.545408 -1.480766
1.531372 0.175415 -0.871216 2.977434 0.341058 -1.693898
1.581055 0.117798 -0.995850 3.074031 0.229033 -1.936222
1.575562 0.106812 -1.129150 3.063351 0.207673 -2.195398
1.536377 0.073853 -1.246094 2.987165 0.143591 -2.422770
1.474731 0.031128 -1.339844 2.867308 0.060522 -2.605047
1.380981 -0.006592 -1.408569 2.685031 -0.012816 -2.738670
1.258667 -0.009277 -1.447632 2.447216 -0.018038 -2.814618
1.118774 0.021973 -1.460815 2.175224 0.042721 -2.840251
0.960938 0.081177 -1.447021 1.868343 0.157831 -2.813432
0.791016 0.159790 -1.409058 1.537965 0.310678 -2.739619
0.611206 0.235474 -1.349365 1.188363 0.457829 -2.623559
0.431030 0.288086 -1.268799 0.838049 0.560123 -2.466915
0.273926 0.317017 -1.181519 0.532592 0.616373 -2.297217
0.161133 0.325073 -1.105591 0.313289 0.632037 -2.149591
0.092896 0.317627 -1.045776 0.180616 0.617559 -2.033294
0.058472 0.301758 -0.990723 0.113686 0.586705 -1.926254
0.045532 0.283325 -0.929077 0.088528 0.550867 -1.806397
0.036743 0.271362 -0.854004 0.071439 0.527607 -1.660433
0.021484 0.277222 -0.770020 0.041772 0.539000 -1.497143
-0.002197 0.301147 -0.688110 -0.004272 0.585518 -1.337887
-0.033447 0.331665 -0.607910 -0.065031 0.644854 -1.181955
-0.065918 0.361328 -0.529907 -0.128164 0.702527 -1.030294
-0.093994 0.382202 -0.461060 -0.182752 0.743112 -0.896434
-0.115356 0.390869 -0.409546 -0.224287 0.759964 -0.796277
-0.133423 0.380249 -0.373291 -0.259413 0.739315 -0.725787
-0.152100 0.348145 -0.341553 -0.295726 0.676894 -0.664078
-0.171387 0.303833 -0.303589 -0.333226 0.590740 -0.590265
-0.185669 0.246826 -0.258423 -0.360995 0.479902 -0.502449
-0.196167 0.181030 -0.209595 -0.381406 0.351976 -0.407513
-0.206055 0.126709 -0.162231 -0.400630 0.246359 -0.315425
-0.219116 0.105225 -0.122803 -0.426026 0.204587 -0.238764
-0.232544 0.112793 -0.093140 -0.452133 0.219302 -0.181091
-0.245361 0.135132 -0.073853 -0.477054 0.262736 -0.143591
-0.254272 0.154419 -0.065063 -0.494380 0.300235 -0.126502
-0.258057 0.153687 -0.067383 -0.501737 0.298811 -0.131012
-0.256714 0.132568 -0.076904 -0.499127 0.257752 -0.149524
-0.248779 0.094482 -0.088379 -0.483700 0.183701 -0.171834
-0.237305 0.050415 -0.098145 -0.461390 0.098022 -0.190822
-0.224854 0.004150 -0.102051 -0.437181 0.008070 -0.198416
-0.210205 -0.044434 -0.097412 -0.408700 -0.086392 -0.189398
-0.192261 -0.090698 -0.084351 -0.373811 -0.176344 -0.164002
-0.171509 -0.124023 -0.071045 -0.333463 -0.241138 -0.138132
-0.150024 -0.122925 -0.064697 -0.291691 -0.239002 -0.125790
-0.126587 -0.085205 -0.066528 -0.246122 -0.165664 -0.129350
-0.104492 -0.025879 -0.071777 -0.203163 -0.050316 -0.139556
-0.086426 0.033691 -0.075073 -0.168037 0.065506 -0.145964
-0.078369 0.071533 -0.075684 -0.152372 0.139081 -0.147151
-0.080200 0.088989 -0.076050 -0.155933 0.173021 -0.147863
-0.082153 0.092529 -0.078979 -0.159730 0.179904 -0.153559
-0.082275 0.084106 -0.080933 -0.159967 0.163527 -0.157357
-0.083374 0.065918 -0.077148 -0.162103 0.128164 -0.149999
-0.084106 0.041870 -0.065430 -0.163527 0.081408 -0.127214
-0.087036 0.014038 -0.048828 -0.169224 0.027294 -0.094936
-0.087891 -0.006348 -0.031250 -0.170885 -0.012342 -0.060759
-0.083130 -0.009277 -0.016113 -0.161629 -0.018038 -0.031329
-0.073242 -0.002197 -0.001953 -0.142404 -0.004272 -0.003797
-0.061279 0.007935 0.010864 -0.119145 0.015427 0.021123
-0.047607 0.017090 0.023193 -0.092563 0.033228 0.045095
-0.029297 0.028320 0.034180 -0.056962 0.055063 0.066455
-0.010498 0.041504 0.045776 -0.020411 0.080696 0.089003
0.003540 0.052612 0.057007 0.006883 0.102294 0.110838
0.007202 0.067505 0.060303 0.014003 0.131249 0.117246
-0.003784 0.092041 0.052246 -0.007358 0.178955 0.101582
-0.025146 0.116089 0.043945 -0.048892 0.225711 0.085443
-0.050415 0.128052 0.050049 -0.098022 0.248970 0.097310
-0.073364 0.124512 0.068604 -0.142642 0.242087 0.133385
-0.089233 0.101807 0.088379 -0.173496 0.197942 0.171834
-0.092163 0.066040 0.102173 -0.179192 0.128401 0.198654
-0.082153 0.022461 0.105713 -0.159730 0.043671 0.205537
-0.063477 -0.020142 0.099731 -0.123417 -0.039161 0.193907
-0.040894 -0.044922 0.084229 -0.079509 -0.087341 0.163765
-0.021851 -0.042725 0.062866 -0.042484 -0.083069 0.122230
-0.009766 -0.022095 0.039551 -0.018987 -0.042959 0.076898
-0.009521 0.006104 0.019531 -0.018513 0.011867 0.037974
-0.019653 0.033936 0.002197 -0.038212 0.065981 0.004272
-0.035400 0.055542 -0.010132 -0.068829 0.107990 -0.019699
-0.049194 0.062134 -0.019897 -0.095648 0.120806 -0.038686
-0.056641 0.054565 -0.028809 -0.110126 0.106091 -0.056012
-0.057373 0.040283 -0.040527 -0.111550 0.078322 -0.078797
-0.055664 0.030029 -0.050049 -0.108227 0.058386 -0.097310
-0.057251 0.025757 -0.052979 -0.111313 0.050079 -0.103006
-0.061890 0.020264 -0.052979 -0.120332 0.039398 -0.103006
-0.069458 0.012939 -0.056763 -0.135047 0.025158 -0.110363
-0.076416 0.011719 -0.063477 -0.148575 0.022785 -0.123417
