0.352173 0.126221 0.233765 0.684727 0.245410 0.454507
0.420654 0.093018 0.087158 0.817875 0.180853 0.169461
0.494263 0.071899 -0.066650 0.960991 0.139793 -0.129588
0.598633 0.081421 -0.200439 1.163917 0.158306 -0.389713
0.714600 0.089844 -0.306885 1.389390 0.174682 -0.596673
0.816406 0.110718 -0.385254 1.587332 0.215268 -0.749046
0.881592 0.146729 -0.442139 1.714072 0.285283 -0.859646
0.898071 0.161011 -0.472046 1.746112 0.313052 -0.917795
0.873901 0.143921 -0.475464 1.699119 0.279824 -0.924440
0.834473 0.102905 -0.475098 1.622458 0.200078 -0.923728
0.808594 0.050293 -0.498901 1.572142 0.097784 -0.970010
0.813965 -0.000610 -0.537598 1.582585 -0.001187 -1.045247
0.850708 -0.026855 -0.577393 1.654024 -0.052215 -1.122620
0.907959 -0.013672 -0.623413 1.765337 -0.026582 -1.212097
0.980469 0.027954 -0.679077 1.906317 0.054351 -1.320324
1.042603 0.053101 -0.745605 2.027123 0.103243 -1.449674
1.083252 0.072754 -0.820313 2.106158 0.141455 -1.594927
1.098511 0.100098 -0.908325 2.135825 0.194619 -1.766049
1.077759 0.139526 -0.997192 2.095477 0.271280 -1.938833
1.027344 0.167358 -1.094360 1.997456 0.325394 -2.127756
0.954834 0.191895 -1.194092 1.856476 0.373099 -2.321663
0.835693 0.187622 -1.282227 1.624832 0.364792 -2.493022
0.673584 0.166626 -1.332886 1.309644 0.323969 -2.591519
0.492310 0.147949 -1.338135 0.957193 0.287656 -2.601724
0.314209 0.092773 -1.312988 0.610914 0.180379 -2.552832
0.155518 0.052856 -1.269653 0.302372 0.102768 -2.468576
0.019043 -0.023071 -1.220703 0.037025 -0.044857 -2.373403
-0.087646 -0.118042 -1.184448 -0.170410 -0.229508 -2.302913
-0.186035 -0.180176 -1.166870 -0.361707 -0.350314 -2.268736
-0.292358 -0.197632 -1.169312 -0.568430 -0.384254 -2.273483
-0.413940 -0.192871 -1.179688 -0.804821 -0.374998 -2.293657
-0.546631 -0.200684 -1.178345 -1.062810 -0.390187 -2.291046
-0.690674 -0.233887 -1.159058 -1.342871 -0.454744 -2.253546
-0.850464 -0.290161 -1.126831 -1.653550 -0.564158 -2.190888
-1.024780 -0.366699 -1.088745 -1.992472 -0.712970 -2.116838
-1.225220 -0.452515 -1.044312 -2.382185 -0.879820 -2.030446
-1.466309 -0.511353 -0.991333 -2.850931 -0.994218 -1.927440
-1.703369 -0.495239 -0.932007 -3.311846 -0.962890 -1.812093
-1.872559 -0.429932 -0.855103 -3.640800 -0.835912 -1.662569
-1.978149 -0.381226 -0.751221 -3.846099 -0.741214 -1.460592
-2.039917 -0.387451 -0.595947 -3.966193 -0.753318 -1.158695
-2.069336 -0.462402 -0.402588 -4.023393 -0.899045 -0.782748
-2.070190 -0.595215 -0.189819 -4.025054 -1.157271 -0.369064
-2.038696 -0.730225 0.037720 -3.963820 -1.419770 0.073338
-1.933716 -0.829834 0.255005 -3.759707 -1.613439 0.495804
-1.767334 -0.893921 0.461060 -3.436213 -1.738043 0.896434
-1.562012 -0.905396 0.657715 -3.037006 -1.760353 1.278789
-1.332886 -0.864624 0.842163 -2.591519 -1.681081 1.637411
-1.073364 -0.785889 1.005005 -2.086933 -1.527997 1.954023
-0.839600 -0.717163 1.145630 -1.632427 -1.394374 2.227439
-0.666626 -0.659668 1.237915 -1.296115 -1.282587 2.406868
-0.526611 -0.646851 1.283325 -1.023886 -1.257666 2.495158
-0.421997 -0.686890 1.302246 -0.820485 -1.335514 2.531946
-0.355103 -0.729858 1.322388 -0.690423 -1.419058 2.571107
-0.309814 -0.732910 1.360352 -0.602370 -1.424991 2.644920
-0.244751 -0.676392 1.393433 -0.475867 -1.315103 2.709239
-0.126953 -0.573486 1.386230 -0.246834 -1.115025 2.695236
0.024292 -0.477173 1.347290 0.047231 -0.927763 2.619525
0.172852 -0.423828 1.298950 0.336074 -0.824045 2.525538
0.307983 -0.412964 1.258667 0.598810 -0.802922 2.447216
0.430664 -0.411987 1.232422 0.837337 -0.801023 2.396188
0.550415 -0.401123 1.220703 1.070167 -0.779900 2.373403
0.670288 -0.372559 1.211914 1.303236 -0.724363 2.356314
0.786377 -0.314453 1.191895 1.528946 -0.611389 2.317390
0.891357 -0.237061 1.159546 1.733059 -0.460915 2.254495
0.968750 -0.152588 1.131348 1.883533 -0.296675 2.199670
1.013428 -0.067505 1.110352 1.970399 -0.131249 2.158847
1.028931 0.002319 1.082031 2.000541 0.004509 2.103784
1.037720 0.057373 1.034912 2.017630 0.111550 2.012171
1.045410 0.081909 0.951172 2.032582 0.159255 1.849355
1.046265 0.087158 0.829712 2.034244 0.169461 1.613202
1.037598 0.114136 0.677734 2.017392 0.221913 1.317713
1.017944 0.130371 0.501465 1.979181 0.253479 0.974994
1.007202 0.122559 0.294312 1.958295 0.238290 0.572227
1.017334 0.115479 0.089478 1.977994 0.224524 0.173970
1.038330 0.111450 -0.083740 2.018816 0.216692 -0.162815
1.054077 0.107544 -0.212402 2.049433 0.209097 -0.412972
1.068237 0.102295 -0.304565 2.076965 0.198891 -0.592164
1.095093 0.102295 -0.373047 2.129180 0.198891 -0.725312
1.107422 0.087646 -0.435425 2.153151 0.170410 -0.846593
1.078979 0.090942 -0.503418 2.097851 0.176819 -0.978791
1.000732 0.117798 -0.583984 1.945716 0.229033 -1.135436
0.886963 0.153320 -0.680786 1.724514 0.298099 -1.323647
0.776367 0.180908 -0.775635 1.509484 0.351738 -1.508060
0.678223 0.171387 -0.853271 1.318663 0.333226 -1.659009
0.603027 0.141479 -0.904907 1.172461 0.275077 -1.759404
0.549805 0.105103 -0.935059 1.068981 0.204350 -1.818027
0.495972 0.085938 -0.954590 0.964314 0.167088 -1.856001
0.407715 0.084473 -0.965332 0.792717 0.164239 -1.876887
0.289063 0.107544 -0.965210 0.562022 0.209097 -1.876650
0.159668 0.129517 -0.959717 0.310441 0.251818 -1.865969
0.034424 0.135132 -0.946289 0.066930 0.262736 -1.839862
-0.072510 0.132446 -0.926392 -0.140980 0.257514 -1.801175
-0.145874 0.134277 -0.901367 -0.283622 0.261074 -1.752521
-0.187256 0.130737 -0.873291 -0.364080 0.254191 -1.697932
-0.207275 0.126099 -0.844238 -0.403004 0.245173 -1.641445
-0.212524 0.123291 -0.812012 -0.413209 0.239714 -1.578788
-0.220825 0.120850 -0.773682 -0.429349 0.234967 -1.504263
-0.232178 0.121826 -0.721069 -0.451421 0.236866 -1.401969
-0.234131 0.116211 -0.656494 -0.455219 0.225948 -1.276416
-0.231445 0.102905 -0.586548 -0.449997 0.200078 -1.140420
-0.232422 0.086792 -0.517212 -0.451896 0.168749 -1.005611
-0.240845 0.074951 -0.455933 -0.468272 0.145727 -0.886466
-0.254517 0.070557 -0.407715 -0.494854 0.137183 -0.792717
-0.266724 0.084229 -0.373657 -0.518589 0.163765 -0.726499
-0.274902 0.099487 -0.353394 -0.534490 0.193432 -0.687100
-0.277222 0.096802 -0.341797 -0.539000 0.188211 -0.664553
-0.272583 0.087769 -0.332397 -0.529981 0.170648 -0.646278
-0.268921 0.076904 -0.325684 -0.522861 0.149524 -0.633224
-0.266479 0.055298 -0.321045 -0.518114 0.107515 -0.624205
-0.263184 0.022583 -0.306641 -0.511706 0.043908 -0.596199
-0.257690 -0.003418 -0.280518 -0.501025 -0.006646 -0.545408
-0.247681 -0.018433 -0.249023 -0.481563 -0.035838 -0.484174
-0.236572 -0.030151 -0.216309 -0.459965 -0.058623 -0.420567
-0.231323 -0.037354 -0.181763 -0.449760 -0.072626 -0.353400
-0.228516 -0.030640 -0.149902 -0.444301 -0.059572 -0.291454
-0.224487 -0.022095 -0.126709 -0.436469 -0.042959 -0.246359
-0.219238 -0.019897 -0.109619 -0.426263 -0.038686 -0.213132
-0.208496 -0.021729 -0.096558 -0.405377 -0.042247 -0.187736
-0.188843 -0.027222 -0.088257 -0.367165 -0.052927 -0.171597
-0.162964 -0.030884 -0.085327 -0.316849 -0.060047 -0.165901
-0.135376 -0.029785 -0.083252 -0.263210 -0.057911 -0.161866
-0.113037 -0.028687 -0.077026 -0.219777 -0.055775 -0.149762
-0.099976 -0.028564 -0.064941 -0.194382 -0.055538 -0.126265
-0.098755 -0.031860 -0.049561 -0.192008 -0.061946 -0.096360
-0.106689 -0.034180 -0.032837 -0.207435 -0.066455 -0.063845
-0.118164 -0.029297 -0.015625 -0.229745 -0.056962 -0.030380
-0.126831 -0.014404 -0.001221 -0.246597 -0.028006 -0.002373
-0.127319 0.003174 0.001099 -0.247546 0.006171 0.002136
-0.120605 0.014282 -0.008057 -0.234492 0.027769 -0.015664
-0.111572 0.014282 -0.020508 -0.216929 0.027769 -0.039873
-0.104126 0.006226 -0.030640 -0.202451 0.012104 -0.059572
-0.094482 -0.003662 -0.036011 -0.183701 -0.007120 -0.070015
-0.087646 -0.007935 -0.036621 -0.170410 -0.015427 -0.071202
-0.083374 -0.004761 -0.034058 -0.162103 -0.009256 -0.066218
-0.080933 -0.001953 -0.028076 -0.157357 -0.003797 -0.054588
-0.079712 -0.003418 -0.019653 -0.154983 -0.006646 -0.038212
-0.080444 -0.007935 -0.010498 -0.156407 -0.015427 -0.020411
-0.081787 -0.005371 -0.005737 -0.159018 -0.010443 -0.011155
-0.082397 0.003418 -0.003784 -0.160205 0.006646 -0.007358
-0.082520 0.007568 0.000488 -0.160442 0.014715 0.000949
-0.079834 0.007446 0.003174 -0.155221 0.014478 0.006171
-0.076294 0.005615 0.000366 -0.148338 0.010918 0.000712
-0.074951 -0.000488 -0.000610 -0.145727 -0.000949 -0.001187
-0.075928 -0.006714 0.002686 -0.147626 -0.013054 0.005221
-0.078735 -0.011597 0.005005 -0.153084 -0.022547 0.009731
-0.083008 -0.017578 0.002930 -0.161391 -0.034177 0.005696
-0.086548 -0.023071 0.000366 -0.168274 -0.044857 0.000712
-0.092896 -0.022217 0.002686 -0.180616 -0.043196 0.005221
-0.099854 -0.015747 0.012085 -0.194144 -0.030617 0.023497
