0.379883 -0.027588 0.205200 0.738603 -0.053639 0.398969
0.438232 -0.021362 0.213257 0.852052 -0.041535 0.414633
0.503906 -0.060181 0.236816 0.979741 -0.117009 0.460440
0.585571 -0.097534 0.277222 1.138521 -0.189635 0.539000
0.668701 -0.141113 0.315308 1.300150 -0.274365 0.613050
0.765747 -0.154297 0.313721 1.488836 -0.299998 0.609965
0.874634 -0.153198 0.240479 1.700543 -0.297862 0.467560
1.000366 -0.122070 0.113037 1.945004 -0.237340 0.219777
1.150757 -0.074463 -0.034180 2.237407 -0.144778 -0.066455
1.302856 -0.064087 -0.178101 2.533133 -0.124604 -0.346279
1.414063 -0.080933 -0.303223 2.749350 -0.157357 -0.589553
1.465332 -0.076294 -0.424805 2.849033 -0.148338 -0.825944
1.458130 -0.042358 -0.554443 2.835030 -0.082357 -1.078000
1.406372 -0.030273 -0.684082 2.734397 -0.058860 -1.330055
1.328003 -0.074707 -0.801270 2.582025 -0.145252 -1.557902
1.236816 -0.120483 -0.906494 2.404732 -0.234255 -1.762489
1.154663 -0.136230 -1.005249 2.245002 -0.264872 -1.954497
1.091064 -0.126465 -1.108398 2.121347 -0.245885 -2.155050
1.026733 -0.109741 -1.195068 1.996269 -0.213369 -2.323561
0.955688 -0.105103 -1.260864 1.858137 -0.204350 -2.451488
0.893921 -0.127686 -1.310425 1.738043 -0.248258 -2.547848
0.841064 -0.226440 -1.350220 1.635275 -0.440266 -2.625221
0.788940 -0.392334 -1.372559 1.533930 -0.762812 -2.668654
0.722412 -0.564819 -1.381592 1.404580 -1.098173 -2.686217
0.642334 -0.650879 -1.396118 1.248885 -1.265498 -2.714461
0.541138 -0.612305 -1.428101 1.052130 -1.190499 -2.776644
0.405029 -0.458862 -1.472534 0.787495 -0.892162 -2.863036
0.221802 -0.266602 -1.509155 0.431247 -0.518351 -2.934238
-0.006958 -0.071411 -1.521240 -0.013528 -0.138844 -2.957735
-0.250732 0.113892 -1.498169 -0.487497 0.221438 -2.912877
-0.468872 0.212402 -1.455322 -0.911624 0.412972 -2.829571
-0.639404 0.182983 -1.402954 -1.243188 0.355773 -2.727752
-0.755737 0.069336 -1.350952 -1.469374 0.134809 -2.626645
-0.836426 -0.082031 -1.307251 -1.626256 -0.159493 -2.541677
-0.904541 -0.237793 -1.287231 -1.758692 -0.462339 -2.502753
-0.998535 -0.353149 -1.292114 -1.941444 -0.686625 -2.512247
-1.119263 -0.393188 -1.309937 -2.176173 -0.764473 -2.546899
-1.276733 -0.372559 -1.332275 -2.482342 -0.724363 -2.590332
-1.474731 -0.296265 -1.328735 -2.867308 -0.576025 -2.583449
-1.701782 -0.201904 -1.263062 -3.308761 -0.392561 -2.455760
-1.943115 -0.168335 -1.129395 -3.777983 -0.327292 -2.195872
-2.169678 -0.199707 -0.940674 -4.218486 -0.388289 -1.828944
-2.360596 -0.277954 -0.710327 -4.589686 -0.540424 -1.381083
-2.502686 -0.379272 -0.447510 -4.865951 -0.737416 -0.870089
-2.573853 -0.504150 -0.158325 -5.004320 -0.980215 -0.307830
-2.535889 -0.644043 0.156494 -4.930507 -1.252207 0.304270
-2.368164 -0.771362 0.484375 -4.604402 -1.499753 0.941766
-2.094849 -0.885010 0.803101 -4.072997 -1.720717 1.561462
-1.762573 -0.995361 1.085083 -3.426956 -1.935273 2.109718
-1.419312 -1.058594 1.302734 -2.759556 -2.058215 2.532896
-1.102173 -1.084961 1.473511 -2.142946 -2.109480 2.864935
-0.897827 -1.078857 1.624512 -1.745638 -2.097613 3.158525
-0.742798 -1.026489 1.727051 -1.444216 -1.995794 3.357890
-0.646606 -0.982666 1.834961 -1.257192 -1.910589 3.567699
-0.584961 -0.935547 1.923950 -1.137335 -1.818976 3.740720
-0.556152 -0.958496 2.040649 -1.081322 -1.863596 3.967618
-0.545044 -1.004517 2.159912 -1.059724 -1.953073 4.199499
-0.456543 -0.971558 2.236938 -0.887653 -1.888991 4.349261
-0.227295 -0.832397 2.238037 -0.441928 -1.618423 4.351397
0.097778 -0.648315 2.183838 0.190110 -1.260514 4.246017
0.409424 -0.464233 2.065796 0.796039 -0.902605 4.016510
0.632935 -0.368164 1.906494 1.230609 -0.715818 3.706781
0.769897 -0.361694 1.719116 1.496905 -0.703239 3.342463
0.876221 -0.392822 1.505249 1.703629 -0.763761 2.926643
0.985107 -0.438599 1.279907 1.915336 -0.852764 2.488513
1.122070 -0.376587 1.089111 2.181632 -0.732195 2.117550
1.260254 -0.209229 0.969727 2.450301 -0.406801 1.885431
1.358398 -0.060181 0.901001 2.641123 -0.117009 1.751809
1.396973 0.048340 0.879150 2.716122 0.093987 1.709325
1.384399 0.151733 0.876221 2.691676 0.295014 1.703629
1.351929 0.234619 0.847656 2.628544 0.456168 1.648091
1.344238 0.290283 0.795288 2.613591 0.564395 1.546272
1.375732 0.280029 0.692993 2.674825 0.544459 1.347381
1.413208 0.180298 0.507446 2.747689 0.350552 0.986624
1.434326 0.074341 0.256470 2.788748 0.144540 0.498652
1.431519 0.067017 -0.022705 2.783289 0.130300 -0.044145
1.405518 0.127319 -0.289185 2.732736 0.247546 -0.562259
1.371094 0.178345 -0.518921 2.665806 0.346754 -1.008934
1.318237 0.223145 -0.695313 2.563038 0.433858 -1.351890
1.249512 0.238647 -0.815796 2.429415 0.464000 -1.586145
1.149292 0.211060 -0.887695 2.234559 0.410361 -1.725939
1.022583 0.178955 -0.922974 1.988200 0.347941 -1.794530
0.884521 0.134766 -0.930542 1.719768 0.262024 -1.809245
0.742920 0.033447 -0.926758 1.444453 0.065031 -1.801887
0.618164 -0.087036 -0.934326 1.201891 -0.169224 -1.816603
0.528320 -0.148804 -0.980347 1.027209 -0.289318 -1.906080
0.469238 -0.133667 -1.067627 0.912336 -0.259888 -2.075778
0.410278 -0.043945 -1.167603 0.797701 -0.085443 -2.270160
0.335815 0.119507 -1.243652 0.652923 0.232356 -2.418023
0.252197 0.281982 -1.270874 0.490345 0.548256 -2.470950
0.157349 0.364624 -1.254639 0.305932 0.708935 -2.439384
0.056274 0.362183 -1.199707 0.109414 0.704189 -2.332580
-0.044312 0.293213 -1.114624 -0.086155 0.570091 -2.167154
-0.136230 0.184570 -1.013672 -0.264872 0.358858 -1.970874
-0.200317 0.076538 -0.903076 -0.389475 0.148812 -1.755843
-0.231445 -0.000732 -0.790527 -0.449997 -0.001424 -1.537016
-0.253418 -0.027466 -0.678833 -0.492718 -0.053402 -1.319849
-0.264648 0.008789 -0.570557 -0.514554 0.017089 -1.109329
-0.247803 0.078979 -0.476685 -0.481801 0.153559 -0.926814
-0.209595 0.139282 -0.396484 -0.407513 0.270805 -0.770881
-0.173584 0.170166 -0.318237 -0.337498 0.330852 -0.618746
-0.149048 0.176147 -0.240601 -0.289792 0.342482 -0.467798
-0.132935 0.167847 -0.167847 -0.258464 0.326343 -0.326343
-0.125244 0.135254 -0.100952 -0.243511 0.262973 -0.196280
-0.133057 0.079346 -0.040894 -0.258701 0.154271 -0.079509
-0.150757 0.010620 0.011841 -0.293115 0.020649 0.023022
-0.170410 -0.050415 0.052002 -0.331327 -0.098022 0.101107
-0.189209 -0.079590 0.073608 -0.367877 -0.154746 0.143116
-0.206543 -0.075562 0.075928 -0.401580 -0.146914 0.147626
-0.218506 -0.051392 0.060547 -0.424839 -0.099920 0.117721
-0.223511 -0.021851 0.036255 -0.434570 -0.042484 0.070490
-0.223755 0.000854 0.007813 -0.435045 0.001661 0.015190
-0.215698 0.007935 -0.020508 -0.419380 0.015427 -0.039873
-0.198120 0.008545 -0.043091 -0.385203 0.016614 -0.083781
-0.179688 0.010254 -0.057129 -0.349365 0.019937 -0.111075
-0.162476 0.013550 -0.060669 -0.315900 0.026345 -0.117958
-0.150269 0.020264 -0.056641 -0.292166 0.039398 -0.110126
-0.135132 0.034790 -0.046265 -0.262736 0.067642 -0.089952
-0.112915 0.066772 -0.030884 -0.219540 0.129825 -0.060047
-0.087402 0.108398 -0.012329 -0.169936 0.210758 -0.023971
-0.064453 0.144409 0.004150 -0.125316 0.280774 0.008070
-0.051636 0.156860 0.014648 -0.100395 0.304982 0.028481
-0.050415 0.147949 0.014526 -0.098022 0.287656 0.028243
-0.057861 0.129883 0.000854 -0.112499 0.252530 0.001661
-0.068848 0.108521 -0.020386 -0.133860 0.210996 -0.039636
-0.082397 0.080078 -0.040161 -0.160205 0.155695 -0.078085
-0.094727 0.046997 -0.055176 -0.184176 0.091376 -0.107278
-0.101440 0.012695 -0.063232 -0.197230 0.024683 -0.122942
-0.104614 -0.018921 -0.066162 -0.203401 -0.036788 -0.128638
-0.104370 -0.040649 -0.064331 -0.202926 -0.079034 -0.125078
-0.107056 -0.050171 -0.057373 -0.208147 -0.097547 -0.111550
-0.115479 -0.048950 -0.047363 -0.224524 -0.095173 -0.092088
-0.122437 -0.040649 -0.036743 -0.238052 -0.079034 -0.071439
-0.122803 -0.030029 -0.027588 -0.238764 -0.058386 -0.053639
-0.116455 -0.020264 -0.024048 -0.226423 -0.039398 -0.046756
-0.105713 -0.015381 -0.028076 -0.205537 -0.029905 -0.054588
-0.095825 -0.012207 -0.036621 -0.186312 -0.023734 -0.071202
-0.089722 -0.009888 -0.046997 -0.174445 -0.019225 -0.091376
-0.088257 -0.004517 -0.060425 -0.171597 -0.008782 -0.117483
-0.090576 0.004150 -0.072998 -0.176106 0.008070 -0.141929
-0.095703 0.008179 -0.078247 -0.186075 0.015902 -0.152135
-0.101074 0.003662 -0.071655 -0.196518 0.007120 -0.139319
-0.102539 -0.005493 -0.060547 -0.199366 -0.010680 -0.117721
-0.100708 -0.014404 -0.050171 -0.195806 -0.028006 -0.097547
-0.096436 -0.016357 -0.041138 -0.187499 -0.031804 -0.079984
-0.090942 -0.006226 -0.032715 -0.176819 -0.012104 -0.063607
-0.088013 0.007202 -0.022461 -0.171122 0.014003 -0.043671
-0.088989 0.011108 -0.010132 -0.173021 0.021598 -0.019699
-0.092651 0.003906 0.003418 -0.180141 0.007595 0.006646
-0.096069 -0.008789 0.016602 -0.186787 -0.017089 0.032278
