0.685425 -0.121338 0.472900 1.332666 -0.235916 0.919456
0.685791 -0.092163 0.465454 1.333378 -0.179192 0.904979
0.742798 0.006592 0.430908 1.444216 0.012816 0.837811
0.882690 0.098755 0.320190 1.716208 0.192008 0.622544
1.093262 0.154297 0.140015 2.125620 0.299998 0.272229
1.307373 0.173218 -0.076294 2.541914 0.336786 -0.148338
1.486328 0.156128 -0.290283 2.889855 0.303558 -0.564395
1.606445 0.075317 -0.490601 3.123398 0.146439 -0.953871
1.651855 -0.040283 -0.660767 3.211689 -0.078322 -1.284723
1.624512 -0.131836 -0.792725 3.158525 -0.256328 -1.541288
1.547119 -0.165039 -0.903809 3.008051 -0.320884 -1.757267
1.462158 -0.174927 -1.016235 2.842862 -0.340109 -1.975858
1.389648 -0.213379 -1.138916 2.701882 -0.414871 -2.214385
1.344604 -0.296387 -1.288818 2.614303 -0.576262 -2.505839
1.302002 -0.330444 -1.433960 2.531471 -0.642480 -2.788036
1.243652 -0.335449 -1.549316 2.418023 -0.652211 -3.012323
1.177124 -0.362793 -1.621704 2.288672 -0.705375 -3.153066
1.109131 -0.454712 -1.659790 2.156474 -0.884093 -3.227116
1.029175 -0.598022 -1.673950 2.001016 -1.162730 -3.254647
0.931519 -0.700562 -1.670532 1.811144 -1.362096 -3.248002
0.807129 -0.725586 -1.649414 1.569294 -1.410751 -3.206942
0.656250 -0.670288 -1.606934 1.275941 -1.303236 -3.124347
0.464111 -0.518188 -1.555298 0.902368 -1.007509 -3.023952
0.229248 -0.295166 -1.509155 0.445725 -0.573889 -2.934238
-0.039795 -0.075806 -1.473755 -0.077373 -0.147388 -2.865409
-0.316162 0.085693 -1.443726 -0.614711 0.166613 -2.807024
-0.573486 0.141113 -1.415283 -1.115025 0.274365 -2.751723
-0.791260 0.091919 -1.387085 -1.538440 0.178717 -2.696898
-0.959839 -0.022949 -1.354492 -1.866207 -0.044620 -2.633528
-1.101196 -0.173828 -1.308472 -2.141047 -0.337973 -2.544050
-1.246948 -0.322266 -1.245239 -2.424431 -0.626578 -2.421108
-1.380615 -0.434814 -1.174194 -2.684319 -0.845406 -2.282976
-1.505371 -0.524170 -1.097290 -2.926880 -1.019139 -2.133452
-1.643188 -0.549805 -1.015015 -3.194838 -1.068981 -1.973485
-1.802734 -0.515747 -0.934448 -3.505041 -1.002763 -1.816840
-1.976318 -0.496948 -0.833374 -3.842539 -0.966212 -1.620322
-2.149902 -0.516968 -0.697998 -4.180037 -1.005136 -1.357112
-2.311035 -0.543701 -0.525024 -4.493326 -1.057114 -1.020801
-2.439331 -0.592651 -0.319214 -4.742771 -1.152287 -0.620645
-2.502197 -0.634521 -0.080933 -4.865001 -1.233695 -0.157357
-2.465332 -0.699951 0.165771 -4.793324 -1.360909 0.322308
-2.319458 -0.796021 0.409546 -4.509703 -1.547696 0.796277
-2.089600 -0.823364 0.679443 -4.062791 -1.600860 1.321036
-1.817749 -0.796753 0.976074 -3.534234 -1.549120 1.897773
-1.527466 -0.802124 1.265991 -2.969839 -1.559563 2.461456
-1.241211 -0.869141 1.520752 -2.413276 -1.689863 2.956785
-0.992310 -0.936646 1.721558 -1.929339 -1.821112 3.347210
-0.794922 -0.989136 1.879395 -1.545560 -1.923168 3.654091
-0.649780 -1.017334 2.011719 -1.263362 -1.977994 3.911368
-0.516724 -1.022583 2.126831 -1.004661 -1.988200 4.135180
-0.375732 -0.995483 2.237061 -0.730533 -1.935510 4.349498
-0.273071 -0.901123 2.365479 -0.530930 -1.752046 4.599180
-0.209839 -0.784912 2.471069 -0.407988 -1.526098 4.804480
-0.087646 -0.663330 2.481934 -0.170410 -1.289707 4.825603
0.112549 -0.526001 2.418823 0.218828 -1.022699 4.702898
0.328857 -0.399658 2.329468 0.639395 -0.777052 4.529165
0.519653 -0.305054 2.231201 1.010358 -0.593113 4.338106
0.677002 -0.240967 2.099365 1.316289 -0.468510 4.081778
0.821045 -0.203613 1.898315 1.596351 -0.395884 3.690879
0.981812 -0.167236 1.627808 1.908928 -0.325156 3.164933
1.152588 -0.062866 1.308838 2.240967 -0.122230 2.544763
1.302002 0.121216 0.992065 2.531471 0.235679 1.928864
1.424927 0.295044 0.719727 2.770473 0.573651 1.399358
1.501709 0.374023 0.479736 2.919760 0.727211 0.932747
1.539185 0.393188 0.246094 2.992624 0.764473 0.478478
1.531982 0.367554 0.013306 2.978621 0.714632 0.025870
1.507446 0.319580 -0.218140 2.930915 0.621357 -0.424127
1.460815 0.228882 -0.435181 2.840251 0.445013 -0.846118
1.399414 0.122803 -0.633789 2.720869 0.238764 -1.232271
1.346069 -0.002808 -0.822021 2.617151 -0.005459 -1.598249
1.298950 -0.102661 -1.005371 2.525538 -0.199603 -1.954735
1.259888 -0.108032 -1.176270 2.449589 -0.210046 -2.287011
1.236084 -0.037354 -1.316162 2.403308 -0.072626 -2.559003
1.223755 0.070068 -1.417236 2.379336 0.136233 -2.755521
1.213745 0.194824 -1.479004 2.359874 0.378795 -2.875615
1.197754 0.295532 -1.499634 2.328783 0.574601 -2.915725
1.166992 0.318848 -1.478394 2.268973 0.619933 -2.874428
1.105469 0.300171 -1.435913 2.149354 0.583620 -2.791834
1.017944 0.299561 -1.402344 1.979181 0.582433 -2.726565
0.911377 0.308472 -1.384888 1.771983 0.599759 -2.692626
0.794556 0.329590 -1.378174 1.544848 0.640819 -2.679572
0.668457 0.379150 -1.372070 1.299675 0.737179 -2.667705
0.536255 0.444214 -1.359863 1.042636 0.863681 -2.643971
0.406494 0.514893 -1.319824 0.790343 1.001101 -2.566123
0.298340 0.574097 -1.242432 0.580060 1.116211 -2.415649
0.210571 0.575684 -1.144775 0.409412 1.119297 -2.225777
0.138428 0.571777 -1.042847 0.269144 1.111702 -2.027598
0.074707 0.560913 -0.934692 0.145252 1.090579 -1.817315
0.005737 0.524780 -0.816040 0.011155 1.020326 -1.586620
-0.066406 0.481323 -0.683838 -0.129113 0.935833 -1.329580
-0.148926 0.420166 -0.519531 -0.289555 0.816925 -1.010120
-0.237061 0.332642 -0.340088 -0.460915 0.646752 -0.661230
-0.337524 0.208740 -0.163574 -0.656246 0.405852 -0.318036
-0.449463 0.059814 -0.017822 -0.873887 0.116297 -0.034652
-0.572021 -0.060547 0.090088 -1.112177 -0.117721 0.175157
-0.651978 -0.099731 0.156250 -1.267635 -0.193907 0.303796
-0.671509 -0.065186 0.187134 -1.305609 -0.126740 0.363843
-0.640137 0.020142 0.197632 -1.244612 0.039161 0.384254
-0.565186 0.135986 0.185181 -1.098886 0.264397 0.360045
-0.459961 0.249634 0.138672 -0.894298 0.485361 0.269619
-0.334229 0.331665 0.056274 -0.649838 0.644854 0.109414
-0.207031 0.364868 -0.052612 -0.402529 0.709410 -0.102294
-0.107422 0.364868 -0.162354 -0.208859 0.709410 -0.315663
-0.057129 0.333252 -0.238403 -0.111075 0.647939 -0.463526
-0.047485 0.278809 -0.259277 -0.092325 0.542085 -0.504111
-0.067505 0.217041 -0.236816 -0.131249 0.421991 -0.460440
-0.110718 0.163818 -0.203003 -0.215268 0.318511 -0.394697
-0.169312 0.133057 -0.176025 -0.329191 0.258701 -0.342245
-0.226563 0.147949 -0.149902 -0.440504 0.287656 -0.291454
-0.266479 0.188477 -0.125488 -0.518114 0.366453 -0.243986
-0.281006 0.241577 -0.101318 -0.546357 0.469696 -0.196992
-0.275879 0.280762 -0.077393 -0.536389 0.545883 -0.150474
-0.257935 0.286011 -0.053467 -0.501500 0.556088 -0.103955
-0.235107 0.262939 -0.033325 -0.457117 0.511231 -0.064794
-0.208740 0.222412 -0.023682 -0.405852 0.432434 -0.046044
-0.181030 0.176636 -0.027344 -0.351976 0.343431 -0.053164
-0.156860 0.121582 -0.037842 -0.304982 0.236391 -0.073575
-0.141724 0.063110 -0.046143 -0.275552 0.122705 -0.089715
-0.134399 0.016479 -0.051514 -0.261312 0.032041 -0.100158
-0.136230 -0.002075 -0.059326 -0.264872 -0.004035 -0.115347
-0.144653 0.017334 -0.068604 -0.281248 0.033702 -0.133385
-0.156738 0.048828 -0.070679 -0.304745 0.094936 -0.137420
-0.169189 0.060059 -0.060303 -0.328954 0.116771 -0.117246
-0.178345 0.043213 -0.042114 -0.346754 0.084018 -0.081882
-0.186646 0.005127 -0.018921 -0.362893 0.009968 -0.036788
-0.198608 -0.037842 0.007446 -0.386153 -0.073575 0.014478
-0.215698 -0.071045 0.033081 -0.419380 -0.138132 0.064319
-0.239014 -0.076416 0.052734 -0.464712 -0.148575 0.102531
-0.263550 -0.056763 0.059082 -0.512418 -0.110363 0.114873
-0.278076 -0.030151 0.047241 -0.540661 -0.058623 0.091851
-0.276855 -0.013306 0.017456 -0.538288 -0.025870 0.033940
-0.259644 -0.006348 -0.023315 -0.504823 -0.012342 -0.045332
-0.234497 -0.009033 -0.063599 -0.455931 -0.017563 -0.123654
-0.201416 -0.016968 -0.090820 -0.391611 -0.032990 -0.176581
-0.166504 -0.029419 -0.102539 -0.323732 -0.057199 -0.199366
-0.138916 -0.036377 -0.104126 -0.270093 -0.070727 -0.202451
-0.120239 -0.026855 -0.101807 -0.233780 -0.052215 -0.197942
-0.108276 -0.004150 -0.100220 -0.210521 -0.008070 -0.194856
-0.096436 0.017944 -0.097900 -0.187499 0.034889 -0.190347
-0.082397 0.036255 -0.098022 -0.160205 0.070490 -0.190584
-0.070068 0.055420 -0.098633 -0.136233 0.107752 -0.191771
-0.063354 0.069336 -0.095947 -0.123180 0.134809 -0.186549
-0.060059 0.068481 -0.092896 -0.116771 0.133148 -0.180616
-0.056763 0.053589 -0.091309 -0.110363 0.104192 -0.177531
-0.052124 0.030396 -0.093018 -0.101344 0.059098 -0.180853
-0.045410 0.004883 -0.096191 -0.088291 0.009494 -0.187024
-0.037476 -0.015991 -0.096924 -0.072863 -0.031092 -0.188448
-0.035034 -0.023804 -0.092041 -0.068117 -0.046281 -0.178955
-0.039551 -0.022705 -0.082275 -0.076898 -0.044145 -0.159967
-0.044312 -0.017578 -0.073120 -0.086155 -0.034177 -0.142167
