0.486694 0.247437 0.225708 0.946276 0.481089 0.438842
0.546387 0.208984 0.235474 1.062335 0.406327 0.457829
0.596069 0.128662 0.219849 1.158933 0.250157 0.427450
0.675049 0.124268 0.170776 1.312492 0.241612 0.332039
0.755981 0.116699 0.092773 1.469848 0.226897 0.180379
0.819092 0.107422 0.009888 1.592553 0.208859 0.019225
0.861328 0.106445 -0.061890 1.674673 0.206961 -0.120332
0.890381 0.130371 -0.123535 1.731160 0.253479 -0.240188
0.911987 0.146851 -0.192383 1.773169 0.285520 -0.374048
0.939331 0.165283 -0.274780 1.826334 0.321359 -0.534253
0.968140 0.178101 -0.373535 1.882346 0.346279 -0.726261
0.999023 0.194580 -0.485718 1.942393 0.378320 -0.944377
1.028198 0.211548 -0.598389 1.999117 0.411311 -1.163442
1.058960 0.226929 -0.703369 2.058927 0.441216 -1.367555
1.082031 0.233032 -0.797852 2.103784 0.453083 -1.551256
1.069336 0.225708 -0.882568 2.079101 0.438842 -1.715970
1.015015 0.207764 -0.946899 1.973485 0.403953 -1.841049
0.924927 0.161865 -0.996826 1.798327 0.314713 -1.938121
0.809204 0.111450 -1.035522 1.573329 0.216692 -2.013358
0.679688 0.081787 -1.067017 1.321511 0.159018 -2.074591
0.562012 0.057739 -1.092407 1.092715 0.112262 -2.123958
0.433472 -0.004028 -1.114136 0.842795 -0.007832 -2.166205
0.283447 -0.054443 -1.125610 0.551104 -0.105854 -2.188515
0.130249 -0.093750 -1.134766 0.253242 -0.182277 -2.206315
-0.035400 -0.149048 -1.141113 -0.068829 -0.289792 -2.218657
-0.215454 -0.218506 -1.139526 -0.418906 -0.424839 -2.215572
-0.396362 -0.285400 -1.128662 -0.770644 -0.554902 -2.194448
-0.562012 -0.321045 -1.120239 -1.092715 -0.624205 -2.178072
-0.703857 -0.319946 -1.130615 -1.368504 -0.622069 -2.198246
-0.826538 -0.320313 -1.156494 -1.607031 -0.622781 -2.248562
-0.940430 -0.338135 -1.184448 -1.828470 -0.657433 -2.302913
-1.083496 -0.374390 -1.208618 -2.106632 -0.727923 -2.349906
-1.237793 -0.417969 -1.220093 -2.406631 -0.812653 -2.372216
-1.377075 -0.470459 -1.200439 -2.677436 -0.914709 -2.334004
-1.497314 -0.521851 -1.147705 -2.911216 -1.014630 -2.231473
-1.596436 -0.566772 -1.070435 -3.103936 -1.101971 -2.081237
-1.675171 -0.602173 -0.970337 -3.257021 -1.170800 -1.886618
-1.729248 -0.627563 -0.831909 -3.362163 -1.220166 -1.617474
-1.746460 -0.662109 -0.651245 -3.395627 -1.287334 -1.266210
-1.754761 -0.723389 -0.444336 -3.411767 -1.406479 -0.863919
-1.722412 -0.760620 -0.236450 -3.348871 -1.478867 -0.459728
-1.639404 -0.788818 -0.015137 -3.187480 -1.533693 -0.029430
-1.529297 -0.827759 0.234253 -2.973399 -1.609404 0.455456
-1.416748 -0.886353 0.514404 -2.754571 -1.723328 1.000152
-1.309204 -0.958252 0.823120 -2.545475 -1.863121 1.600386
-1.228271 -0.994263 1.138672 -2.388118 -1.933137 2.213910
-1.111328 -0.932739 1.414551 -2.160746 -1.813517 2.750299
-0.987793 -0.777954 1.646606 -1.920558 -1.512570 3.201483
-0.891479 -0.529053 1.838379 -1.733296 -1.028633 3.574345
-0.830200 -0.264038 1.985718 -1.614151 -0.513367 3.860814
-0.762817 -0.057129 2.077271 -1.483139 -0.111075 4.038820
-0.627563 0.054443 2.103638 -1.220166 0.105854 4.090085
-0.393921 0.067871 2.048706 -0.765897 0.131961 3.983282
-0.125732 0.012939 1.921143 -0.244460 0.025158 3.735261
0.150757 -0.044189 1.729980 0.293115 -0.085917 3.363586
0.403564 -0.105835 1.528076 0.784647 -0.205774 2.971026
0.596191 -0.153198 1.356201 1.159170 -0.297862 2.636851
0.735229 -0.144043 1.231445 1.429501 -0.280062 2.394289
0.845581 -0.078125 1.134766 1.644056 -0.151898 2.206315
0.942871 0.020630 1.040039 1.833216 0.040111 2.022139
1.020264 0.126831 0.910645 1.983690 0.246597 1.770558
1.020386 0.202637 0.792969 1.983927 0.393985 1.541762
0.993042 0.306152 0.680542 1.930763 0.595249 1.323172
0.974854 0.388306 0.544067 1.895400 0.754979 1.057826
0.961426 0.411011 0.397339 1.869292 0.799125 0.772543
0.945801 0.379028 0.253784 1.838912 0.736942 0.493430
0.936279 0.318359 0.110107 1.820400 0.618983 0.214081
0.931763 0.256470 -0.032959 1.811618 0.498652 -0.064082
0.919678 0.221191 -0.165283 1.788122 0.430061 -0.321359
0.895752 0.214355 -0.281616 1.741603 0.416770 -0.547544
0.852051 0.225342 -0.376709 1.656635 0.438130 -0.732432
0.795776 0.247192 -0.455566 1.547221 0.480614 -0.885754
0.745117 0.281372 -0.520020 1.448725 0.547069 -1.011070
0.710083 0.326660 -0.578003 1.380608 0.635123 -1.123806
0.692871 0.366455 -0.636963 1.347143 0.712496 -1.238442
0.673218 0.385620 -0.698364 1.308932 0.749758 -1.357824
0.643433 0.387207 -0.748535 1.251021 0.752843 -1.455371
0.600098 0.369263 -0.784546 1.166765 0.717954 -1.525386
0.547485 0.335571 -0.805664 1.064471 0.652448 -1.566446
0.503052 0.300171 -0.808472 0.978079 0.583620 -1.571905
0.451538 0.253906 -0.798950 0.877922 0.493668 -1.553392
0.385254 0.214233 -0.781616 0.749046 0.416532 -1.519690
0.314453 0.196289 -0.761475 0.611389 0.381643 -1.480529
0.245605 0.194458 -0.758057 0.477529 0.378083 -1.473883
0.180908 0.209717 -0.746826 0.351738 0.407751 -1.452048
0.125366 0.235229 -0.729370 0.243748 0.457355 -1.418108
0.083862 0.257813 -0.707642 0.163053 0.501263 -1.375862
0.060181 0.257935 -0.682495 0.117009 0.501500 -1.326970
0.040161 0.228516 -0.645508 0.078085 0.444301 -1.255055
0.018433 0.178955 -0.594849 0.035838 0.347941 -1.156559
-0.010986 0.123169 -0.533325 -0.021361 0.239476 -1.036940
-0.038208 0.080566 -0.468140 -0.074288 0.156645 -0.910200
-0.046143 0.055298 -0.402588 -0.089715 0.107515 -0.782748
-0.035645 0.040771 -0.343262 -0.069303 0.079272 -0.667401
-0.023804 0.030884 -0.296997 -0.046281 0.060047 -0.577449
-0.015869 0.029053 -0.265259 -0.030854 0.056487 -0.515740
-0.011597 0.029053 -0.245117 -0.022547 0.056487 -0.476579
-0.014526 0.033569 -0.229492 -0.028243 0.065269 -0.446200
-0.026489 0.051147 -0.210815 -0.051503 0.099446 -0.409887
-0.048462 0.072266 -0.186157 -0.094224 0.140505 -0.361944
-0.075806 0.082764 -0.159668 -0.147388 0.160917 -0.310441
-0.099854 0.077515 -0.133789 -0.194144 0.150711 -0.260125
-0.120972 0.052490 -0.113770 -0.235204 0.102056 -0.221201
-0.141602 0.014648 -0.099365 -0.275315 0.028481 -0.193195
-0.159302 -0.022827 -0.085083 -0.309729 -0.044383 -0.165426
-0.173340 -0.050781 -0.069580 -0.337023 -0.098734 -0.135284
-0.180176 -0.066650 -0.060791 -0.350314 -0.129588 -0.118195
-0.180908 -0.075195 -0.062256 -0.351738 -0.146202 -0.121044
-0.180542 -0.081421 -0.067017 -0.351026 -0.158306 -0.130300
-0.176392 -0.083008 -0.068237 -0.342957 -0.161391 -0.132673
-0.168945 -0.081055 -0.060791 -0.328479 -0.157594 -0.118195
-0.159790 -0.076172 -0.046997 -0.310678 -0.148100 -0.091376
-0.148804 -0.066162 -0.030396 -0.289318 -0.128638 -0.059098
-0.137329 -0.050293 -0.012207 -0.267008 -0.097784 -0.023734
-0.126587 -0.034546 0.007568 -0.246122 -0.067167 0.014715
-0.115234 -0.029785 0.024414 -0.224049 -0.057911 0.047468
-0.104492 -0.030396 0.034912 -0.203163 -0.059098 0.067879
-0.096313 -0.031250 0.036621 -0.187261 -0.060759 0.071202
-0.089111 -0.031860 0.028198 -0.173258 -0.061946 0.054826
-0.077393 -0.027832 0.014038 -0.150474 -0.054114 0.027294
-0.063599 -0.021484 -0.001099 -0.123654 -0.041772 -0.002136
-0.055176 -0.015015 -0.008789 -0.107278 -0.029193 -0.017089
-0.055054 -0.003784 -0.007324 -0.107040 -0.007358 -0.014240
-0.056519 0.000854 -0.002686 -0.109889 0.001661 -0.005221
-0.054565 -0.004761 -0.001831 -0.106091 -0.009256 -0.003560
-0.053467 -0.008179 -0.005371 -0.103955 -0.015902 -0.010443
-0.054565 0.003906 -0.012085 -0.106091 0.007595 -0.023497
-0.056763 0.014160 -0.018921 -0.110363 0.027531 -0.036788
-0.059326 0.008667 -0.019897 -0.115347 0.016851 -0.038686
-0.064331 -0.005127 -0.016846 -0.125078 -0.009968 -0.032753
-0.074585 -0.016479 -0.014160 -0.145015 -0.032041 -0.027531
-0.081787 -0.020996 -0.013916 -0.159018 -0.040823 -0.027057
-0.083862 -0.023926 -0.017456 -0.163053 -0.046519 -0.033940
-0.088867 -0.028076 -0.023560 -0.172784 -0.054588 -0.045807
-0.093506 -0.023193 -0.032715 -0.181803 -0.045095 -0.063607
-0.091064 -0.020142 -0.041382 -0.177056 -0.039161 -0.080458
-0.087158 -0.026978 -0.041260 -0.169461 -0.052452 -0.080221
-0.087646 -0.041626 -0.030762 -0.170410 -0.080933 -0.059810
-0.090942 -0.049561 -0.020264 -0.176819 -0.096360 -0.039398
-0.090454 -0.047974 -0.016357 -0.175869 -0.093275 -0.031804
-0.085571 -0.044678 -0.016235 -0.166376 -0.086867 -0.031566
-0.078247 -0.041138 -0.017334 -0.152135 -0.079984 -0.033702
-0.076660 -0.038574 -0.023193 -0.149050 -0.075000 -0.045095
-0.081665 -0.041626 -0.029419 -0.158781 -0.080933 -0.057199
-0.087769 -0.054321 -0.034058 -0.170648 -0.105616 -0.066218
-0.093994 -0.059814 -0.035278 -0.182752 -0.116297 -0.068591
-0.100098 -0.055420 -0.032593 -0.194619 -0.107752 -0.063370
-0.104370 -0.047852 -0.026978 -0.202926 -0.093037 -0.052452
-0.103271 -0.042969 -0.018433 -0.200790 -0.083544 -0.035838
-0.101440 -0.044800 -0.012085 -0.197230 -0.087104 -0.023497
