0.855957 0.058960 -0.125000 1.664230 0.114635 -0.243036
0.919556 0.117432 -0.169189 1.787884 0.228321 -0.328954
0.957153 0.094971 -0.214966 1.860985 0.184651 -0.417956
0.985229 0.121826 -0.255249 1.915573 0.236866 -0.496279
0.996704 0.103271 -0.301025 1.937883 0.200790 -0.585281
1.000244 0.061646 -0.335815 1.944766 0.119857 -0.652923
1.031982 -0.000854 -0.375366 2.006475 -0.001661 -0.729821
1.075439 -0.083618 -0.426880 2.090968 -0.162578 -0.829979
1.101563 -0.155396 -0.480225 2.141759 -0.302134 -0.933697
1.108032 -0.183716 -0.531006 2.154338 -0.357197 -1.032430
1.089355 -0.181274 -0.585938 2.118025 -0.352450 -1.139233
1.058350 -0.155029 -0.640381 2.057740 -0.301422 -1.245087
1.048218 -0.134033 -0.705322 2.038041 -0.260600 -1.371352
1.021606 -0.173462 -0.792725 1.986301 -0.337261 -1.541288
0.961792 -0.199463 -0.887451 1.870004 -0.387814 -1.725464
0.902222 -0.183594 -0.999878 1.754182 -0.356960 -1.944054
0.801270 -0.155273 -1.122070 1.557902 -0.301897 -2.181632
0.666870 -0.072021 -1.215454 1.296590 -0.140031 -2.363197
0.531494 0.007446 -1.276855 1.033380 0.014478 -2.482579
0.408691 0.031494 -1.302612 0.794615 0.061234 -2.532658
0.314209 0.016968 -1.305054 0.610914 0.032990 -2.537405
0.247925 -0.010986 -1.298828 0.482038 -0.021361 -2.525301
0.195923 -0.048340 -1.293701 0.380931 -0.093987 -2.515332
0.144531 -0.079102 -1.291504 0.281011 -0.153797 -2.511060
0.081665 -0.093628 -1.294800 0.158781 -0.182040 -2.517468
-0.010498 -0.094116 -1.308716 -0.020411 -0.182989 -2.544525
-0.128418 -0.086304 -1.333496 -0.249682 -0.167800 -2.592705
-0.254272 -0.074829 -1.367798 -0.494380 -0.145490 -2.659398
-0.377319 -0.060303 -1.398560 -0.733619 -0.117246 -2.719208
-0.492554 -0.061035 -1.413452 -0.957668 -0.118670 -2.748163
-0.604736 -0.088257 -1.404907 -1.175784 -0.171597 -2.731549
-0.723999 -0.141968 -1.371948 -1.407665 -0.276027 -2.667467
-0.847900 -0.211792 -1.323975 -1.648566 -0.411785 -2.574193
-0.958984 -0.285278 -1.269653 -1.864545 -0.554664 -2.468576
-1.069580 -0.360352 -1.203491 -2.079576 -0.700629 -2.339938
-1.188232 -0.422607 -1.122681 -2.310270 -0.821672 -2.182819
-1.324463 -0.454346 -1.033325 -2.575142 -0.883381 -2.009085
-1.513672 -0.445801 -0.940552 -2.943020 -0.866767 -1.828707
-1.690796 -0.361816 -0.837402 -3.287400 -0.703477 -1.628154
-1.783691 -0.290161 -0.727661 -3.468016 -0.564158 -1.414785
-1.813232 -0.309692 -0.585449 -3.525453 -0.602132 -1.138284
-1.809937 -0.384888 -0.411621 -3.519044 -0.748334 -0.800311
-1.766235 -0.486328 -0.226807 -3.434077 -0.945564 -0.440978
-1.693481 -0.610962 -0.032471 -3.292622 -1.187888 -0.063133
-1.587280 -0.727539 0.165283 -3.086136 -1.414548 0.321359
-1.458862 -0.817993 0.356567 -2.836454 -1.590417 0.693271
-1.312378 -0.860107 0.528809 -2.551646 -1.672300 1.028158
-1.149292 -0.852539 0.672607 -2.234559 -1.657585 1.307745
-0.984741 -0.817993 0.792603 -1.914624 -1.590417 1.541050
-0.846680 -0.776611 0.894775 -1.646192 -1.509959 1.739704
-0.732666 -0.766724 0.990967 -1.424516 -1.490734 1.926728
-0.684082 -0.777100 1.093872 -1.330055 -1.510908 2.126806
-0.625854 -0.746216 1.177734 -1.216844 -1.450861 2.289859
-0.522827 -0.721802 1.255005 -1.016528 -1.403393 2.440095
-0.394165 -0.689819 1.331299 -0.766372 -1.341210 2.588433
-0.266724 -0.649048 1.399902 -0.518589 -1.261938 2.721818
-0.146851 -0.606934 1.446411 -0.285520 -1.180056 2.812245
-0.033447 -0.554932 1.462402 -0.065031 -1.078949 2.843337
0.070190 -0.501099 1.445313 0.136471 -0.974282 2.810109
0.164795 -0.457520 1.401733 0.320409 -0.889551 2.725379
0.252441 -0.417236 1.348999 0.490820 -0.811229 2.622848
0.330566 -0.387817 1.293457 0.642717 -0.754030 2.514858
0.397461 -0.358521 1.240234 0.772780 -0.697068 2.411377
0.452393 -0.321533 1.194336 0.879583 -0.625154 2.322137
0.500610 -0.278076 1.162964 0.973333 -0.540661 2.261141
0.555908 -0.238770 1.146606 1.080848 -0.464238 2.229337
0.627075 -0.204834 1.137085 1.219217 -0.398257 2.210825
0.707764 -0.167358 1.113647 1.376099 -0.325394 2.165255
0.773560 -0.128418 1.064209 1.504025 -0.249682 2.069133
0.830688 -0.074341 0.986572 1.615101 -0.144540 1.918184
0.888184 -0.014282 0.879028 1.726888 -0.027769 1.709087
0.947754 0.033081 0.746338 1.842710 0.064319 1.451098
1.021973 0.070435 0.590576 1.987013 0.136945 1.148252
1.094727 0.097412 0.430664 2.128468 0.189398 0.837337
1.148193 0.127808 0.276001 2.232423 0.248495 0.536626
1.170166 0.165161 0.130005 2.275144 0.321121 0.252767
1.155029 0.207764 -0.005615 2.245714 0.403953 -0.010918
1.108765 0.240234 -0.128418 2.155762 0.467086 -0.249682
1.036499 0.265137 -0.226074 2.015256 0.515503 -0.439554
0.965332 0.287964 -0.302856 1.876887 0.559886 -0.588841
0.908325 0.286743 -0.369141 1.766049 0.557512 -0.717717
0.861450 0.257324 -0.429932 1.674910 0.500313 -0.835912
0.825562 0.213989 -0.490112 1.605132 0.416058 -0.952921
0.792358 0.163574 -0.564697 1.540576 0.318036 -1.097936
0.736450 0.132813 -0.640381 1.431874 0.258226 -1.245087
0.669434 0.157959 -0.704468 1.301574 0.307118 -1.369691
0.596069 0.201172 -0.762817 1.158933 0.391137 -1.483139
0.506714 0.244019 -0.825928 0.985200 0.474443 -1.605844
0.400391 0.295166 -0.876221 0.778476 0.573889 -1.703629
0.289551 0.338867 -0.911255 0.562971 0.658857 -1.771745
0.192139 0.360352 -0.928833 0.373574 0.700629 -1.805922
0.107788 0.350708 -0.927612 0.209571 0.681879 -1.803549
0.043945 0.312500 -0.907837 0.085443 0.607591 -1.765100
0.002197 0.248779 -0.877930 0.004272 0.483700 -1.706951
-0.025757 0.192017 -0.840698 -0.050079 0.373336 -1.634562
-0.043701 0.162354 -0.794434 -0.084968 0.315663 -1.544611
-0.054077 0.158936 -0.744141 -0.105142 0.309017 -1.446826
-0.058960 0.171875 -0.686157 -0.114635 0.334175 -1.334090
-0.067383 0.184814 -0.630249 -0.131012 0.359333 -1.225388
-0.078247 0.185059 -0.576782 -0.152135 0.359808 -1.121433
-0.087646 0.156250 -0.526855 -0.170410 0.303796 -1.024361
-0.095093 0.108398 -0.482544 -0.184888 0.210758 -0.938206
-0.104980 0.055176 -0.448120 -0.204113 0.107278 -0.871276
-0.120239 0.016357 -0.422119 -0.233780 0.031804 -0.820723
-0.142822 0.005493 -0.400513 -0.277688 0.010680 -0.778713
-0.164917 0.016357 -0.384277 -0.320647 0.031804 -0.747147
-0.171631 0.035156 -0.374512 -0.333700 0.068354 -0.728160
-0.174438 0.054199 -0.366333 -0.339159 0.105379 -0.712258
-0.179199 0.074097 -0.349487 -0.348416 0.144066 -0.679505
-0.190186 0.078735 -0.319702 -0.369776 0.153084 -0.621594
-0.203369 0.059448 -0.276978 -0.395409 0.115585 -0.538525
-0.219482 0.023682 -0.229370 -0.426738 0.046044 -0.445962
-0.237549 -0.011353 -0.187134 -0.461864 -0.022073 -0.363843
-0.253052 -0.031494 -0.154785 -0.492006 -0.061234 -0.300947
-0.261719 -0.036011 -0.133423 -0.508858 -0.070015 -0.259413
-0.261597 -0.035400 -0.122070 -0.508620 -0.068829 -0.237340
-0.251465 -0.035278 -0.113281 -0.488921 -0.068591 -0.220252
-0.236206 -0.032104 -0.102661 -0.459253 -0.062420 -0.199603
-0.216064 -0.025513 -0.091553 -0.420092 -0.049604 -0.178005
-0.192993 -0.019043 -0.083374 -0.375235 -0.037025 -0.162103
-0.171753 -0.009155 -0.075928 -0.333938 -0.017801 -0.147626
-0.152100 0.008057 -0.064453 -0.295726 0.015664 -0.125316
-0.131714 0.035400 -0.056274 -0.256090 0.068829 -0.109414
-0.114014 0.060303 -0.054199 -0.221676 0.117246 -0.105379
-0.108887 0.067871 -0.053589 -0.211708 0.131961 -0.104192
-0.116333 0.065063 -0.051636 -0.226185 0.126502 -0.100395
-0.130981 0.063599 -0.049316 -0.254666 0.123654 -0.095885
-0.146484 0.067017 -0.047485 -0.284808 0.130300 -0.092325
-0.157593 0.065674 -0.046387 -0.306406 0.127689 -0.090189
-0.161255 0.052124 -0.041626 -0.313527 0.101344 -0.080933
-0.159180 0.030640 -0.035645 -0.309492 0.059572 -0.069303
-0.152222 0.016968 -0.034668 -0.295963 0.032990 -0.067405
-0.150391 0.016602 -0.036255 -0.292403 0.032278 -0.070490
-0.153564 0.031860 -0.035156 -0.298574 0.061946 -0.068354
-0.157227 0.044067 -0.032227 -0.305694 0.085680 -0.062658
-0.160400 0.045044 -0.029541 -0.311865 0.087579 -0.057436
-0.159912 0.046997 -0.030762 -0.310916 0.091376 -0.059810
-0.158936 0.040771 -0.034912 -0.309017 0.079272 -0.067879
-0.158691 0.031982 -0.040405 -0.308542 0.062183 -0.078560
-0.162598 0.027832 -0.045410 -0.316137 0.054114 -0.088291
-0.168945 0.027344 -0.046509 -0.328479 0.053164 -0.090427
-0.170288 0.029541 -0.042725 -0.331090 0.057436 -0.083069
-0.164673 0.032227 -0.038574 -0.320172 0.062658 -0.075000
-0.161377 0.032471 -0.033325 -0.313764 0.063133 -0.064794
-0.160278 0.030029 -0.028442 -0.311628 0.058386 -0.055300
-0.159058 0.022949 -0.024414 -0.309254 0.044620 -0.047468
-0.158813 0.020264 -0.022095 -0.308780 0.039398 -0.042959
-0.156982 0.025391 -0.020752 -0.305220 0.049367 -0.040348
-0.148560 0.034790 -0.018433 -0.288843 0.067642 -0.035838
-0.134155 0.044922 -0.016113 -0.260837 0.087341 -0.031329
