0.686157 0.183594 -0.053955 1.334090 0.356960 -0.104904
0.708252 0.152100 -0.047974 1.377048 0.295726 -0.093275
0.689697 0.155884 -0.026611 1.340973 0.303084 -0.051740
0.651855 0.141479 0.006958 1.267397 0.275077 0.013528
0.639404 0.140137 0.026245 1.243188 0.272467 0.051028
0.664673 0.133057 0.012085 1.292318 0.258701 0.023497
0.722412 0.121460 -0.031982 1.404580 0.236154 -0.062183
0.777222 0.097900 -0.093628 1.511146 0.190347 -0.182040
0.813965 0.074219 -0.166748 1.582585 0.144303 -0.324207
0.842407 0.059692 -0.247803 1.637885 0.116059 -0.481801
0.872437 0.054443 -0.333008 1.696271 0.105854 -0.647464
0.901367 0.034790 -0.412598 1.752521 0.067642 -0.802210
0.936157 0.023315 -0.485718 1.820163 0.045332 -0.944377
0.964722 0.024536 -0.563599 1.875700 0.047705 -1.095800
0.951294 0.043579 -0.640137 1.849593 0.084730 -1.244612
0.899902 0.097778 -0.710083 1.749673 0.190110 -1.380608
0.824097 0.138428 -0.774292 1.602284 0.269144 -1.505449
0.735474 0.141357 -0.838745 1.429975 0.274840 -1.630765
0.659912 0.114136 -0.887207 1.283062 0.221913 -1.724989
0.622925 0.054810 -0.927979 1.211147 0.106566 -1.804261
0.599487 -0.038208 -0.980347 1.165578 -0.074288 -1.906080
0.543579 -0.091187 -1.038696 1.056876 -0.177293 -2.019528
0.440674 -0.068604 -1.078003 0.856798 -0.133385 -2.095952
0.303955 0.003296 -1.106567 0.590977 0.006408 -2.151490
0.163574 0.086914 -1.138916 0.318036 0.168986 -2.214385
0.036133 0.138550 -1.175415 0.070253 0.269381 -2.285350
-0.076904 0.139771 -1.208618 -0.149524 0.271755 -2.349906
-0.181152 0.078735 -1.234985 -0.352213 0.153084 -2.401172
-0.281372 -0.026978 -1.252075 -0.547069 -0.052452 -2.434399
-0.377930 -0.144775 -1.260742 -0.734806 -0.281486 -2.451251
-0.475098 -0.247070 -1.256470 -0.923728 -0.480377 -2.442944
-0.578857 -0.322632 -1.240112 -1.125468 -0.627290 -2.411140
-0.694580 -0.376343 -1.214966 -1.350466 -0.731720 -2.362248
-0.822388 -0.421997 -1.182129 -1.598961 -0.820485 -2.298403
-0.988770 -0.478149 -1.145752 -1.922456 -0.929662 -2.227676
-1.216064 -0.529175 -1.089355 -2.364384 -1.028870 -2.118025
-1.448730 -0.581909 -0.998413 -2.816755 -1.131401 -1.941206
-1.645996 -0.663330 -0.892334 -3.200296 -1.289707 -1.734957
-1.821411 -0.779541 -0.772583 -3.541354 -1.515655 -1.502127
-1.973755 -0.886353 -0.622437 -3.837555 -1.723328 -1.210198
-2.093384 -0.959717 -0.438965 -4.070148 -1.865969 -0.853476
-2.165039 -1.009521 -0.229126 -4.209467 -1.962804 -0.445488
-2.154785 -1.032593 -0.008057 -4.189531 -2.007662 -0.015664
-2.079102 -1.075684 0.214722 -4.042380 -2.091443 0.417482
-1.948730 -1.124512 0.448364 -3.788900 -2.186379 0.871751
-1.774170 -1.178467 0.692749 -3.449504 -2.291283 1.346906
-1.566040 -1.205566 0.926758 -3.044838 -2.343973 1.801887
-1.306641 -1.160767 1.125244 -2.540490 -2.256869 2.187803
-1.027832 -1.053589 1.280273 -1.998405 -2.048484 2.489225
-0.741821 -0.899902 1.364380 -1.442317 -1.749673 2.652752
-0.457886 -0.764893 1.393066 -0.890263 -1.487174 2.708527
-0.213501 -0.674927 1.395386 -0.415108 -1.312254 2.713037
-0.029419 -0.617310 1.385620 -0.057199 -1.200230 2.694050
0.091797 -0.585815 1.367920 0.178480 -1.138996 2.659635
0.176514 -0.576782 1.347778 0.343194 -1.121433 2.620474
0.247070 -0.589844 1.339966 0.480377 -1.146828 2.605284
0.306274 -0.599365 1.361450 0.595487 -1.165341 2.647056
0.366089 -0.569092 1.401367 0.711784 -1.106480 2.724666
0.437378 -0.501343 1.435303 0.850390 -0.974757 2.790647
0.522095 -0.420898 1.446655 1.015104 -0.818349 2.812720
0.606689 -0.348267 1.436279 1.179581 -0.677132 2.792546
0.672119 -0.292603 1.411987 1.306796 -0.568905 2.745315
0.716675 -0.250122 1.376099 1.393425 -0.486310 2.675537
0.741577 -0.205688 1.327271 1.441842 -0.399918 2.580601
0.750488 -0.158325 1.270264 1.459168 -0.307830 2.469763
0.752197 -0.119873 1.213379 1.462491 -0.233068 2.359162
0.763184 -0.098755 1.140381 1.483851 -0.192008 2.217233
0.792603 -0.078979 1.035278 1.541050 -0.153559 2.012883
0.827026 -0.049194 0.897583 1.607980 -0.095648 1.745163
0.869019 -0.016602 0.717163 1.689626 -0.032278 1.394374
0.911865 0.010620 0.508667 1.772932 0.020649 0.988997
0.965088 0.027222 0.284058 1.876412 0.052927 0.552291
1.033936 0.027466 0.061890 2.010272 0.053402 0.120332
1.106079 0.036133 -0.132935 2.150540 0.070253 -0.258464
1.165527 0.086182 -0.292358 2.266125 0.167562 -0.568430
1.186768 0.166016 -0.420532 2.307422 0.322783 -0.817637
1.159302 0.246704 -0.520996 2.254021 0.479665 -1.012968
1.098999 0.306641 -0.600586 2.136775 0.596199 -1.167714
1.029663 0.354126 -0.669800 2.001965 0.688524 -1.302286
0.977661 0.377563 -0.741699 1.900858 0.734093 -1.442080
0.912109 0.340698 -0.823608 1.773407 0.662417 -1.601335
0.814941 0.276245 -0.903809 1.584484 0.537101 -1.757267
0.697510 0.208008 -0.963379 1.356162 0.404428 -1.873090
0.570435 0.130859 -0.998657 1.109091 0.254429 -1.941681
0.447998 0.072388 -1.009399 0.871039 0.140743 -1.962567
0.344360 0.045166 -1.005127 0.669537 0.087816 -1.954260
0.280884 0.059814 -1.000854 0.546120 0.116297 -1.945953
0.251953 0.090820 -0.995972 0.489870 0.176581 -1.936459
0.215698 0.114868 -0.990967 0.419380 0.223337 -1.926728
0.174194 0.160156 -0.971069 0.338685 0.311390 -1.888042
0.132080 0.187622 -0.933228 0.256802 0.364792 -1.814466
0.075317 0.188843 -0.879639 0.146439 0.367165 -1.710274
0.000610 0.174683 -0.811157 0.001187 0.339634 -1.577126
-0.079956 0.151978 -0.745239 -0.155458 0.295489 -1.448962
-0.151001 0.126099 -0.687866 -0.293590 0.245173 -1.337412
-0.199097 0.110596 -0.645508 -0.387102 0.215030 -1.255055
-0.219482 0.100342 -0.613770 -0.426738 0.195094 -1.193347
-0.222412 0.077148 -0.588135 -0.432434 0.149999 -1.143505
-0.220337 0.043091 -0.571045 -0.428399 0.083781 -1.110278
-0.216675 0.005249 -0.563477 -0.421279 0.010206 -1.095563
-0.220215 -0.033325 -0.549072 -0.428162 -0.064794 -1.067557
-0.228516 -0.061279 -0.517212 -0.444301 -0.119145 -1.005611
-0.237671 -0.064819 -0.471802 -0.462102 -0.126028 -0.917320
-0.239014 -0.041382 -0.424683 -0.464712 -0.080458 -0.825707
-0.237793 0.000854 -0.376831 -0.462339 0.001661 -0.732669
-0.239746 0.046509 -0.317383 -0.466136 0.090427 -0.617085
-0.240723 0.079102 -0.250366 -0.468035 0.153797 -0.486785
-0.237061 0.089111 -0.188354 -0.460915 0.173258 -0.366216
-0.226074 0.083252 -0.140015 -0.439554 0.161866 -0.272229
-0.211670 0.076294 -0.106689 -0.411548 0.148338 -0.207435
-0.196289 0.074463 -0.095825 -0.381643 0.144778 -0.186312
-0.186401 0.066284 -0.107788 -0.362419 0.128876 -0.209571
-0.182983 0.047485 -0.128784 -0.355773 0.092325 -0.250394
-0.184570 0.024658 -0.149048 -0.358858 0.047943 -0.289792
-0.202026 0.003540 -0.165649 -0.392798 0.006883 -0.322071
-0.220947 0.002197 -0.172607 -0.429586 0.004272 -0.335599
-0.226929 -0.000244 -0.169678 -0.441216 -0.000475 -0.329903
-0.237183 -0.005859 -0.162842 -0.461152 -0.011392 -0.316612
-0.246704 -0.006714 -0.156616 -0.479665 -0.013054 -0.304508
-0.253296 -0.013550 -0.151978 -0.492481 -0.026345 -0.295489
-0.252563 -0.019653 -0.146851 -0.491057 -0.038212 -0.285520
-0.244629 -0.019043 -0.136963 -0.475630 -0.037025 -0.266296
-0.231567 -0.011230 -0.124756 -0.450235 -0.021835 -0.242562
-0.212402 -0.001465 -0.111206 -0.412972 -0.002848 -0.216217
-0.191040 0.012817 -0.097290 -0.371438 0.024921 -0.189160
-0.170532 0.028931 -0.083008 -0.331564 0.056250 -0.161391
-0.150024 0.037842 -0.074829 -0.291691 0.073575 -0.145490
-0.132690 0.039917 -0.071411 -0.257989 0.077610 -0.138844
-0.121948 0.041138 -0.064453 -0.237103 0.079984 -0.125316
-0.114868 0.039551 -0.054321 -0.223337 0.076898 -0.105616
-0.110229 0.040649 -0.045654 -0.214318 0.079034 -0.088765
-0.107178 0.042847 -0.042725 -0.208385 0.083306 -0.083069
-0.107300 0.039551 -0.040894 -0.208622 0.076898 -0.079509
-0.109497 0.030151 -0.037109 -0.212894 0.058623 -0.072151
-0.113159 0.018433 -0.030029 -0.220014 0.035838 -0.058386
-0.118286 0.010742 -0.024780 -0.229983 0.020886 -0.048180
-0.124390 0.009277 -0.022705 -0.241850 0.018038 -0.044145
-0.129639 0.013062 -0.026489 -0.252055 0.025395 -0.051503
-0.133911 0.014404 -0.033569 -0.260362 0.028006 -0.065269
-0.136353 0.007568 -0.039307 -0.265109 0.014715 -0.076424
-0.135620 -0.003662 -0.040649 -0.263685 -0.007120 -0.079034
-0.132568 -0.013428 -0.039429 -0.257752 -0.026107 -0.076661
-0.126831 -0.020020 -0.040405 -0.246597 -0.038924 -0.078560
-0.123413 -0.019653 -0.044678 -0.239951 -0.038212 -0.086867
-0.119995 -0.014648 -0.047852 -0.233305 -0.028481 -0.093037
-0.116699 -0.009644 -0.050781 -0.226897 -0.018750 -0.098734
-0.111816 0.001831 -0.051880 -0.217404 0.003560 -0.100870
-0.103638 0.019775 -0.053223 -0.201502 0.038449 -0.103480
-0.094360 0.034058 -0.057129 -0.183464 0.066218 -0.111075
-0.085815 0.040161 -0.056641 -0.166850 0.078085 -0.110126
