0.190796 -0.083984 0.089600 0.370963 -0.163290 0.174208
0.289429 -0.081665 0.100830 0.562734 -0.158781 0.196043
0.354004 -0.082153 0.131592 0.688287 -0.159730 0.255853
0.422363 -0.051514 0.182007 0.821197 -0.100158 0.353874
0.486694 -0.057739 0.228516 0.946276 -0.112262 0.444301
0.551636 -0.087524 0.245117 1.072541 -0.170173 0.476579
0.620972 -0.106812 0.219604 1.207350 -0.207673 0.426975
0.699097 -0.124390 0.167114 1.359248 -0.241850 0.324919
0.777832 -0.138184 0.098633 1.512332 -0.268669 0.191771
0.856079 -0.151611 0.022339 1.664467 -0.294777 0.043433
0.930420 -0.171143 -0.057983 1.809008 -0.332751 -0.112737
1.002319 -0.179443 -0.144775 1.948801 -0.348890 -0.281486
1.061401 -0.205200 -0.237915 2.063674 -0.398969 -0.462576
1.097168 -0.256836 -0.322510 2.133214 -0.499364 -0.627053
1.126099 -0.301514 -0.416016 2.189464 -0.586231 -0.808856
1.158447 -0.293091 -0.536255 2.252359 -0.569854 -1.042636
1.197510 -0.212891 -0.682739 2.328308 -0.413921 -1.327444
1.211914 -0.102539 -0.834961 2.356314 -0.199366 -1.623408
1.211914 0.012085 -0.970703 2.356314 0.023497 -1.887330
1.208008 0.075684 -1.096558 2.348719 0.147151 -2.132028
1.169312 0.075928 -1.213013 2.273483 0.147626 -2.358450
1.078125 0.071533 -1.319458 2.096189 0.139081 -2.565411
0.938232 0.104370 -1.415283 1.824197 0.202926 -2.751723
0.768677 0.178101 -1.498291 1.494532 0.346279 -2.913115
0.582520 0.258911 -1.533936 1.132588 0.503399 -2.982418
0.392212 0.273682 -1.499634 0.762574 0.532117 -2.915725
0.232666 0.206177 -1.432495 0.452371 0.400868 -2.785188
0.113037 0.079468 -1.365723 0.219777 0.154509 -2.655363
0.019897 -0.059692 -1.302856 0.038686 -0.116059 -2.533133
-0.063599 -0.160278 -1.251709 -0.123654 -0.311628 -2.433687
-0.154053 -0.199219 -1.218750 -0.299523 -0.387339 -2.369605
-0.266235 -0.198975 -1.203491 -0.517639 -0.386865 -2.339938
-0.400024 -0.176025 -1.199463 -0.777764 -0.342245 -2.332106
-0.536987 -0.132446 -1.205322 -1.044060 -0.257514 -2.343498
-0.670654 -0.099731 -1.207764 -1.303948 -0.193907 -2.348245
-0.791992 -0.091797 -1.194092 -1.539864 -0.178480 -2.321663
-0.911255 -0.116699 -1.154419 -1.771745 -0.226897 -2.244527
-1.050171 -0.179199 -1.095337 -2.041838 -0.348416 -2.129654
-1.193848 -0.270996 -1.024902 -2.321188 -0.526895 -1.992709
-1.336914 -0.372559 -0.943481 -2.599351 -0.724363 -1.834403
-1.484863 -0.472412 -0.856079 -2.887007 -0.918507 -1.664467
-1.624634 -0.552124 -0.758545 -3.158762 -1.073490 -1.474833
-1.772949 -0.605469 -0.634644 -3.447130 -1.177208 -1.233932
-1.928711 -0.604614 -0.484741 -3.749976 -1.175546 -0.942478
-1.991821 -0.560181 -0.330200 -3.872681 -1.089155 -0.642005
-1.960205 -0.569824 -0.160278 -3.811210 -1.107904 -0.311628
-1.877686 -0.623291 0.040894 -3.650768 -1.211859 0.079509
-1.774048 -0.690552 0.259888 -3.449266 -1.342634 0.505297
-1.666748 -0.777222 0.471558 -3.240644 -1.511146 0.916846
-1.541260 -0.880249 0.657104 -2.996658 -1.711461 1.277603
-1.388184 -0.963379 0.838867 -2.699034 -1.873090 1.631002
-1.192261 -0.981567 1.021851 -2.318103 -1.908453 1.986776
-0.958740 -0.953003 1.193481 -1.864071 -1.852916 2.320476
-0.749390 -0.954712 1.348389 -1.457032 -1.856238 2.621661
-0.595215 -1.002441 1.471802 -1.157271 -1.949038 2.861612
-0.432739 -1.057007 1.555054 -0.841371 -2.055130 3.023478
-0.302368 -1.076416 1.604126 -0.587892 -2.092867 3.118889
-0.138672 -0.961304 1.586304 -0.269619 -1.869055 3.084237
0.058960 -0.799927 1.527832 0.114635 -1.555291 2.970551
0.257813 -0.642456 1.460815 0.501263 -1.249122 2.840251
0.435547 -0.510620 1.398438 0.846830 -0.992794 2.718970
0.590454 -0.407593 1.354492 1.148015 -0.792479 2.633528
0.701416 -0.324219 1.337524 1.363757 -0.630376 2.600538
0.763428 -0.240723 1.347290 1.484326 -0.468035 2.619525
0.776245 -0.180908 1.371094 1.509247 -0.351738 2.665806
0.746948 -0.140503 1.391602 1.452285 -0.273179 2.705679
0.705444 -0.100952 1.373169 1.371590 -0.196280 2.669841
0.673340 -0.057983 1.305054 1.309169 -0.112737 2.537405
0.661133 -0.043945 1.194824 1.285435 -0.085443 2.323087
0.670044 -0.072632 1.059082 1.302761 -0.141217 2.059164
0.727051 -0.119019 0.896973 1.413599 -0.231407 1.743976
0.832642 -0.132813 0.726685 1.618898 -0.258226 1.412887
0.957642 -0.107544 0.574951 1.861935 -0.209097 1.117873
1.071167 -0.079956 0.443604 2.082661 -0.155458 0.862495
1.175415 -0.058350 0.321777 2.285350 -0.113449 0.625629
1.269043 -0.035767 0.205811 2.467390 -0.069541 0.400156
1.333374 -0.001831 0.102295 2.592468 -0.003560 0.198891
1.346924 0.058838 0.005127 2.618813 0.114398 0.009968
1.313721 0.152588 -0.091309 2.554256 0.296675 -0.177531
1.244629 0.243774 -0.195923 2.419922 0.473969 -0.380931
1.159302 0.309937 -0.308105 2.254021 0.602607 -0.599047
1.070068 0.333740 -0.416504 2.080525 0.648888 -0.809805
0.989258 0.313599 -0.510376 1.923406 0.609727 -0.992320
0.907471 0.237061 -0.593384 1.764388 0.460915 -1.153711
0.830444 0.147461 -0.661011 1.614626 0.286707 -1.285198
0.773193 0.065552 -0.716553 1.503313 0.127452 -1.393188
0.695679 -0.015869 -0.761963 1.352602 -0.030854 -1.481478
0.617432 -0.038696 -0.791748 1.200467 -0.075237 -1.539389
0.540527 -0.005249 -0.826294 1.050943 -0.010206 -1.606556
0.437134 0.059204 -0.861084 0.849916 0.115110 -1.674198
0.326782 0.158691 -0.886475 0.635360 0.308542 -1.723565
0.223633 0.240112 -0.897827 0.434807 0.466848 -1.745638
0.139893 0.266968 -0.897095 0.271992 0.519063 -1.744214
0.081787 0.253662 -0.891602 0.159018 0.493193 -1.733533
0.041870 0.221802 -0.886353 0.081408 0.431247 -1.723328
0.009888 0.184937 -0.881226 0.019225 0.359571 -1.713359
-0.015015 0.144287 -0.875122 -0.029193 0.280536 -1.701493
-0.030762 0.119263 -0.861938 -0.059810 0.231881 -1.675860
-0.047485 0.103760 -0.842773 -0.092325 0.201739 -1.638597
-0.070801 0.084839 -0.807495 -0.137657 0.164952 -1.570006
-0.100098 0.072754 -0.758179 -0.194619 0.141455 -1.474120
-0.134033 0.076660 -0.709351 -0.260600 0.149050 -1.379184
-0.165283 0.089478 -0.662720 -0.321359 0.173970 -1.288520
-0.191650 0.099731 -0.621582 -0.372624 0.193907 -1.208537
-0.211670 0.104370 -0.578735 -0.411548 0.202926 -1.125230
-0.220459 0.102783 -0.534546 -0.428637 0.199841 -1.039313
-0.223999 0.086670 -0.487183 -0.435519 0.168512 -0.947225
-0.226074 0.062866 -0.436890 -0.439554 0.122230 -0.849441
-0.229980 0.038696 -0.389404 -0.447149 0.075237 -0.757115
-0.232300 0.021240 -0.355103 -0.451659 0.041297 -0.690423
-0.229858 0.020264 -0.332764 -0.446912 0.039398 -0.646990
-0.228882 0.016724 -0.315430 -0.445013 0.032516 -0.613287
-0.233643 -0.000122 -0.296143 -0.454269 -0.000237 -0.575788
-0.241821 -0.012085 -0.275757 -0.470171 -0.023497 -0.536152
-0.250732 -0.008789 -0.260132 -0.487497 -0.017089 -0.505772
-0.253784 0.005493 -0.245117 -0.493430 0.010680 -0.476579
-0.249023 0.019897 -0.226074 -0.484174 0.038686 -0.439554
-0.245117 0.019775 -0.204468 -0.476579 0.038449 -0.397545
-0.249023 -0.002563 -0.180786 -0.484174 -0.004984 -0.351501
-0.257690 -0.042358 -0.156616 -0.501025 -0.082357 -0.304508
-0.259033 -0.081421 -0.133301 -0.503636 -0.158306 -0.259176
-0.249146 -0.107544 -0.112671 -0.484412 -0.209097 -0.219065
-0.231079 -0.114502 -0.098022 -0.449285 -0.222625 -0.190584
-0.213501 -0.100342 -0.092651 -0.415108 -0.195094 -0.180141
-0.197266 -0.065308 -0.097778 -0.383542 -0.126977 -0.190110
-0.182373 -0.026245 -0.107544 -0.354586 -0.051028 -0.209097
-0.173340 0.007202 -0.112427 -0.337023 0.014003 -0.218590
-0.163818 0.035767 -0.108643 -0.318511 0.069541 -0.211233
-0.152710 0.051270 -0.098389 -0.296913 0.099683 -0.191296
-0.142334 0.060181 -0.079834 -0.276739 0.117009 -0.155221
-0.130737 0.071289 -0.060669 -0.254191 0.138607 -0.117958
-0.125000 0.075684 -0.047974 -0.243036 0.147151 -0.093275
-0.129517 0.072144 -0.043823 -0.251818 0.140268 -0.085205
-0.136353 0.064697 -0.046631 -0.265109 0.125790 -0.090664
-0.139038 0.060181 -0.056030 -0.270331 0.117009 -0.108939
-0.137329 0.062378 -0.066895 -0.267008 0.121281 -0.130062
-0.132324 0.068848 -0.076538 -0.257277 0.133860 -0.148812
-0.132568 0.074219 -0.082520 -0.257752 0.144303 -0.160442
-0.140015 0.073608 -0.086548 -0.272229 0.143116 -0.168274
-0.151123 0.065308 -0.088745 -0.293827 0.126977 -0.172546
-0.166260 0.053223 -0.088257 -0.323257 0.103480 -0.171597
-0.179810 0.039673 -0.086182 -0.349602 0.077136 -0.167562
-0.189941 0.030762 -0.085571 -0.369301 0.059810 -0.166376
-0.191895 0.031982 -0.086670 -0.373099 0.062183 -0.168512
-0.183105 0.038574 -0.092163 -0.356010 0.075000 -0.179192
-0.173462 0.050171 -0.098633 -0.337261 0.097547 -0.191771
-0.169678 0.061279 -0.099976 -0.329903 0.119145 -0.194382
-0.170898 0.070923 -0.091675 -0.332276 0.137895 -0.178243
-0.171021 0.074463 -0.078003 -0.332514 0.144778 -0.151660
-0.168579 0.065186 -0.065674 -0.327767 0.126740 -0.127689
