1.438232 -0.001831 0.041870 2.796343 -0.003560 0.081408
1.489990 -0.158081 0.083252 2.896976 -0.307356 0.161866
1.522949 -0.336426 0.168701 2.961057 -0.654110 0.328004
1.557495 -0.404053 0.326782 3.028225 -0.785596 0.635360
1.575806 -0.432861 0.531494 3.063826 -0.841609 1.033380
1.582397 -0.415039 0.754639 3.076642 -0.806957 1.467238
1.573364 -0.347168 0.971436 3.059079 -0.674996 1.888754
1.542480 -0.257690 1.187622 2.999032 -0.501025 2.309084
1.483032 -0.223389 1.429321 2.883447 -0.434333 2.779017
1.377563 -0.290039 1.693604 2.678385 -0.563920 3.292859
1.223022 -0.435669 1.956299 2.377912 -0.847067 3.803615
1.035400 -0.616577 2.189697 2.013120 -1.198806 4.257410
0.834106 -0.802368 2.379150 1.621746 -1.560038 4.625762
0.635498 -0.960693 2.522095 1.235594 -1.867868 4.903687
0.450195 -1.070679 2.622803 0.875311 -2.081712 5.099494
0.267700 -1.110718 2.699097 0.520487 -2.159559 5.247831
0.094971 -1.065552 2.770264 0.184651 -2.071743 5.386200
-0.058105 -0.977051 2.845947 -0.112974 -1.899672 5.533351
-0.194580 -0.921143 2.932007 -0.378320 -1.790970 5.700676
-0.292603 -0.902100 3.018188 -0.568905 -1.753945 5.868238
-0.322632 -0.858398 3.092773 -0.627290 -1.668977 6.013254
-0.258301 -0.801514 3.114624 -0.502212 -1.558376 6.055737
-0.099731 -0.796631 3.055908 -0.193907 -1.548883 5.941576
0.124512 -0.839844 2.917725 0.242087 -1.632901 5.672907
0.362305 -0.863770 2.699707 0.704426 -1.679420 5.249018
0.556641 -0.813965 2.421265 1.082272 -1.582585 4.707644
0.677856 -0.698242 2.088623 1.317951 -1.357586 4.060892
0.728149 -0.518066 1.716919 1.415735 -1.007272 3.338191
0.713745 -0.326294 1.340698 1.387729 -0.634411 2.606708
0.657593 -0.174927 0.982300 1.278552 -0.340109 1.909877
0.596313 -0.077637 0.650635 1.159407 -0.150948 1.265024
0.574097 0.045532 0.341064 1.116211 0.088528 0.663129
0.603882 0.184326 0.036865 1.174122 0.358384 0.071677
0.663208 0.271606 -0.257080 1.289470 0.528082 -0.499839
0.728760 0.286377 -0.531494 1.416921 0.556800 -1.033380
0.783569 0.240112 -0.779053 1.523487 0.466848 -1.514706
0.820313 0.152222 -0.986328 1.594927 0.295963 -1.917709
0.833862 0.042480 -1.152588 1.621271 0.082594 -2.240967
0.832031 -0.053589 -1.284790 1.617711 -0.104192 -2.498007
0.821777 -0.089600 -1.401001 1.597775 -0.174208 -2.723954
0.800293 -0.046753 -1.508423 1.556003 -0.090901 -2.932814
0.764282 0.062134 -1.603394 1.485988 0.120806 -3.117465
0.715088 0.189697 -1.681885 1.390339 0.368827 -3.270074
0.660522 0.300049 -1.751099 1.284248 0.583382 -3.404646
0.613037 0.358643 -1.821411 1.191923 0.697306 -3.541354
0.576416 0.338135 -1.900146 1.120721 0.657433 -3.694439
0.545776 0.291748 -1.964111 1.061148 0.567243 -3.818805
0.499390 0.230103 -2.005493 0.970959 0.447386 -3.899264
0.436768 0.150757 -2.034546 0.849204 0.293115 -3.955750
0.366821 0.066895 -2.068237 0.713208 0.130062 -4.021256
0.298828 -0.015625 -2.117310 0.581009 -0.030380 -4.116667
0.224854 -0.104614 -2.177734 0.437181 -0.203401 -4.234151
0.137573 -0.189575 -2.232056 0.267482 -0.368589 -4.339767
0.036621 -0.249878 -2.280396 0.071202 -0.485836 -4.433754
-0.088013 -0.261475 -2.323486 -0.171122 -0.508383 -4.517535
-0.235596 -0.203369 -2.358887 -0.458067 -0.395409 -4.586364
-0.395508 -0.083374 -2.374146 -0.768983 -0.162103 -4.616031
-0.557007 0.075073 -2.360229 -1.082984 0.145964 -4.588974
-0.708496 0.256226 -2.322021 -1.377523 0.498177 -4.514687
-0.830566 0.430542 -2.280640 -1.614863 0.837099 -4.434228
-0.918213 0.572266 -2.245483 -1.785274 1.112651 -4.365875
-0.995605 0.667358 -2.205811 -1.935747 1.297539 -4.288739
-1.065552 0.728638 -2.148804 -2.071743 1.416684 -4.177901
-1.129517 0.764038 -2.076782 -2.196110 1.485513 -4.037870
-1.188599 0.763672 -1.988892 -2.310982 1.484801 -3.866985
-1.246460 0.724731 -1.885010 -2.423482 1.409089 -3.665009
-1.303833 0.662354 -1.767334 -2.535032 1.287808 -3.436213
-1.366943 0.573853 -1.639893 -2.657737 1.115737 -3.188429
-1.418091 0.453247 -1.496582 -2.757182 0.881244 -2.909792
-1.424805 0.316284 -1.333130 -2.770236 0.614949 -2.591993
-1.385742 0.200317 -1.163574 -2.694287 0.389475 -2.262328
-1.310181 0.152466 -1.001709 -2.547373 0.296438 -1.947614
-1.212036 0.193237 -0.834961 -2.356552 0.375710 -1.623408
-1.102539 0.286133 -0.647583 -2.143657 0.556326 -1.259090
-0.993408 0.388794 -0.439941 -1.931475 0.755929 -0.855374
-0.907349 0.472412 -0.236938 -1.764150 0.918507 -0.460678
-0.874023 0.520874 -0.065186 -1.699356 1.012731 -0.126740
-0.866455 0.511841 0.048218 -1.684641 0.995168 0.093749
-0.870850 0.443359 0.098145 -1.693186 0.862020 0.190822
-0.880371 0.345215 0.103760 -1.711698 0.671198 0.201739
-0.881592 0.241577 0.083008 -1.714072 0.469696 0.161391
-0.891602 0.146973 0.046631 -1.733533 0.285758 0.090664
-0.883545 0.081909 0.025391 -1.717869 0.159255 0.049367
-0.834961 0.039063 0.039673 -1.623408 0.075949 0.077136
-0.724243 0.003906 0.073853 -1.408140 0.007595 0.143591
-0.563721 -0.019165 0.107666 -1.096037 -0.037262 0.209334
-0.378052 -0.025879 0.136230 -0.735043 -0.050316 0.264872
-0.201904 -0.034302 0.159424 -0.392561 -0.066693 0.309966
-0.064697 -0.052856 0.177002 -0.125790 -0.102768 0.344143
0.023071 -0.078125 0.184937 0.044857 -0.151898 0.359571
0.066162 -0.102051 0.176025 0.128638 -0.198416 0.342245
0.073853 -0.126587 0.146240 0.143591 -0.246122 0.284334
0.054321 -0.152222 0.103638 0.105616 -0.295963 0.201502
0.015869 -0.169922 0.061890 0.030854 -0.330378 0.120332
-0.031128 -0.172485 0.035645 -0.060522 -0.335362 0.069303
-0.075073 -0.159180 0.035034 -0.145964 -0.309492 0.068117
-0.106934 -0.132324 0.059326 -0.207910 -0.257277 0.115347
-0.119751 -0.096558 0.095581 -0.232831 -0.187736 0.185837
-0.111572 -0.052002 0.132813 -0.216929 -0.101107 0.258226
-0.092896 -0.004883 0.156738 -0.180616 -0.009494 0.304745
-0.073120 0.037720 0.160156 -0.142167 0.073338 0.311390
-0.062866 0.070313 0.152588 -0.122230 0.136708 0.296675
-0.060913 0.090576 0.139282 -0.118433 0.176106 0.270805
-0.061279 0.097290 0.121216 -0.119145 0.189160 0.235679
-0.059448 0.090820 0.098389 -0.115585 0.176581 0.191296
-0.056274 0.076294 0.072144 -0.109414 0.148338 0.140268
-0.059082 0.059570 0.046021 -0.114873 0.115822 0.089477
-0.067871 0.041870 0.027344 -0.131961 0.081408 0.053164
-0.076416 0.024414 0.020264 -0.148575 0.047468 0.039398
-0.078979 0.008545 0.020386 -0.153559 0.016614 0.039636
-0.076538 -0.008545 0.022827 -0.148812 -0.016614 0.044383
-0.068604 -0.034058 0.022583 -0.133385 -0.066218 0.043908
-0.058594 -0.057861 0.015015 -0.113923 -0.112499 0.029193
-0.050903 -0.060791 0.002686 -0.098971 -0.118195 0.005221
-0.045288 -0.047607 -0.006714 -0.088053 -0.092563 -0.013054
-0.039795 -0.035400 -0.009521 -0.077373 -0.068829 -0.018513
-0.033936 -0.026733 -0.005615 -0.065981 -0.051978 -0.010918
-0.029175 -0.023071 -0.002563 -0.056724 -0.044857 -0.004984
-0.026123 -0.023682 -0.001709 -0.050791 -0.046044 -0.003323
-0.022217 -0.019287 0.000977 -0.043196 -0.037500 0.001899
-0.018311 -0.000732 -0.002563 -0.035601 -0.001424 -0.004984
-0.020630 0.014160 -0.007080 -0.040111 0.027531 -0.013766
-0.028564 0.024902 -0.005737 -0.055538 0.048417 -0.011155
-0.035156 0.026489 0.001099 -0.068354 0.051503 0.002136
-0.035889 0.014038 0.012939 -0.069778 0.027294 0.025158
-0.035400 0.001343 0.031128 -0.068829 0.002611 0.060522
-0.033691 -0.006958 0.047241 -0.065506 -0.013528 0.091851
-0.033447 -0.015747 0.059937 -0.065031 -0.030617 0.116534
-0.034790 -0.023071 0.071899 -0.067642 -0.044857 0.139793
-0.035278 -0.030273 0.080444 -0.068591 -0.058860 0.156407
-0.031494 -0.037109 0.081299 -0.061234 -0.072151 0.158069
-0.027466 -0.039673 0.075439 -0.053402 -0.077136 0.146676
-0.022705 -0.044434 0.067139 -0.044145 -0.086392 0.130537
-0.014282 -0.055054 0.060547 -0.027769 -0.107040 0.117721
0.000000 -0.058838 0.056030 0.000000 -0.114398 0.108939
0.011841 -0.046143 0.052124 0.023022 -0.089715 0.101344
0.012939 -0.029541 0.051270 0.025158 -0.057436 0.099683
0.002930 -0.023682 0.055420 0.005696 -0.046044 0.107752
-0.013306 -0.025635 0.063110 -0.025870 -0.049841 0.122705
-0.023071 -0.027710 0.068359 -0.044857 -0.053876 0.132911
-0.014404 -0.038574 0.062866 -0.028006 -0.075000 0.122230
0.012329 -0.062744 0.050415 0.023971 -0.121993 0.098022
0.052246 -0.099487 0.042358 0.101582 -0.193432 0.082357
0.097046 -0.151367 0.035156 0.188686 -0.294302 0.068354
0.133667 -0.216064 0.030640 0.259888 -0.420092 0.059572
0.138794 -0.281738 0.039429 0.269856 -0.547781 0.076661
0.091309 -0.339478 0.076294 0.177531 -0.660043 0.148338
-0.002075 -0.366943 0.142578 -0.004035 -0.713445 0.277213
-0.108032 -0.346191 0.214844 -0.210046 -0.673097 0.417719
-0.196411 -0.281372 0.264526 -0.381881 -0.547069 0.514316
