-0.509521 0.723022 -0.690308 -0.990658 1.405766 -1.342159
-0.276733 0.626465 -0.757446 -0.538050 1.218030 -1.472696
0.036133 0.381470 -0.786377 0.070253 0.741688 -1.528946
0.423218 0.109009 -0.772827 0.822859 0.211945 -1.502601
0.819336 -0.196655 -0.738770 1.593028 -0.382355 -1.436383
1.174194 -0.468994 -0.670044 2.282976 -0.911861 -1.302761
1.455811 -0.653076 -0.578369 2.830520 -1.269771 -1.124518
1.644043 -0.768188 -0.458862 3.196499 -1.493582 -0.892162
1.747925 -0.764160 -0.300049 3.398476 -1.485750 -0.583382
1.776978 -0.675659 -0.098145 3.454962 -1.313679 -0.190822
1.752930 -0.558838 0.147217 3.408206 -1.086544 0.286232
1.700684 -0.458740 0.418335 3.306625 -0.891925 0.813365
1.628052 -0.413086 0.680298 3.165407 -0.803160 1.322697
1.541748 -0.411987 0.922363 2.997608 -0.801023 1.793343
1.432617 -0.456665 1.159180 2.785426 -0.887890 2.253783
1.290039 -0.544556 1.392212 2.508212 -1.058775 2.706866
1.114624 -0.633667 1.609253 2.167154 -1.232033 3.128857
0.921143 -0.672607 1.800171 1.790970 -1.307745 3.500057
0.723511 -0.671509 1.964844 1.406716 -1.305609 3.820229
0.530273 -0.692871 2.109375 1.031006 -1.347143 4.101240
0.345947 -0.734985 2.236694 0.672622 -1.429026 4.348786
0.174927 -0.740479 2.380615 0.340109 -1.439706 4.628610
0.007446 -0.723267 2.557129 0.014478 -1.406241 4.971804
-0.149902 -0.737305 2.765991 -0.291454 -1.433535 5.377893
-0.283203 -0.791504 2.991333 -0.550629 -1.538914 5.816024
-0.389038 -0.869019 3.212891 -0.756404 -1.689626 6.246796
-0.464722 -0.941650 3.429688 -0.903554 -1.830843 6.668313
-0.498901 -1.008179 3.617065 -0.970010 -1.960193 7.032630
-0.495483 -1.061401 3.744019 -0.963364 -2.063674 7.279464
-0.461182 -1.051514 3.796875 -0.896672 -2.044449 7.382232
-0.416992 -0.974487 3.766602 -0.810754 -1.894688 7.323372
-0.389526 -0.884766 3.651123 -0.757353 -1.720242 7.098848
-0.375610 -0.829956 3.435303 -0.730296 -1.613677 6.679230
-0.370483 -0.800903 3.108032 -0.720328 -1.557190 6.042921
-0.331787 -0.713623 2.687500 -0.645091 -1.387491 5.225284
-0.249268 -0.612915 2.200928 -0.484649 -1.191686 4.279245
-0.130859 -0.512451 1.695679 -0.254429 -0.996355 3.296894
0.007568 -0.418213 1.214355 0.014715 -0.813128 2.361061
0.146851 -0.354370 0.777588 0.285520 -0.688999 1.511858
0.265015 -0.327881 0.398193 0.515266 -0.637496 0.774204
0.366943 -0.273926 0.091187 0.713445 -0.532592 0.177293
0.461792 -0.176636 -0.145020 0.897858 -0.343431 -0.281960
0.553833 -0.085693 -0.320068 1.076813 -0.166613 -0.622306
0.651001 -0.021118 -0.447021 1.265736 -0.041060 -0.869140
0.762207 0.019897 -0.551880 1.481953 0.038686 -1.073015
0.868286 0.036987 -0.659424 1.688201 0.071914 -1.282112
0.952637 0.050903 -0.772339 1.852204 0.098971 -1.501652
1.016479 0.063477 -0.876953 1.976333 0.123417 -1.705053
1.053589 0.066528 -0.966675 2.048484 0.129350 -1.879498
1.073120 0.056641 -1.040161 2.086458 0.110126 -2.022377
1.086060 0.066040 -1.093140 2.111617 0.128401 -2.125382
1.092285 0.089111 -1.130249 2.123721 0.173258 -2.197534
1.088623 0.114624 -1.166748 2.116601 0.222863 -2.268498
1.075806 0.134888 -1.213989 2.091680 0.262261 -2.360349
1.044556 0.177612 -1.274658 2.030921 0.345330 -2.478307
0.991089 0.233276 -1.338013 1.926966 0.453557 -2.601487
0.928467 0.269165 -1.403809 1.805210 0.523335 -2.729413
0.871582 0.271729 -1.485718 1.694610 0.528319 -2.888669
0.818115 0.262207 -1.588623 1.590655 0.509807 -3.088747
0.757568 0.237915 -1.688477 1.472934 0.462576 -3.282891
0.691284 0.205933 -1.767212 1.344058 0.400393 -3.435975
0.625977 0.156860 -1.822510 1.217081 0.304982 -3.543490
0.553833 0.072754 -1.862549 1.076813 0.141455 -3.621338
0.458618 0.002075 -1.898193 0.891687 0.004035 -3.690641
0.336670 0.019897 -1.941895 0.654585 0.038686 -3.775609
0.192383 0.120972 -2.001465 0.374048 0.235204 -3.891431
0.042603 0.248169 -2.072510 0.082832 0.482513 -4.029563
-0.100098 0.356812 -2.134644 -0.194619 0.693746 -4.150370
-0.236450 0.427856 -2.161133 -0.459728 0.831878 -4.201872
-0.366699 0.422363 -2.142822 -0.712970 0.821197 -4.166271
-0.492920 0.332153 -2.097412 -0.958380 0.645803 -4.077981
-0.605591 0.231445 -2.040405 -1.177445 0.449997 -3.967143
-0.702515 0.159546 -1.976807 -1.365893 0.310204 -3.843488
-0.791626 0.133667 -1.908936 -1.539152 0.259888 -3.711527
-0.879150 0.165161 -1.843750 -1.709325 0.321121 -3.584788
-0.970215 0.250488 -1.782959 -1.886381 0.487022 -3.466592
-1.054321 0.355713 -1.721802 -2.049908 0.691610 -3.347685
-1.142578 0.459229 -1.654053 -2.221505 0.892874 -3.215961
-1.230469 0.556030 -1.576416 -2.392390 1.081085 -3.065012
-1.303711 0.614380 -1.482178 -2.534794 1.194534 -2.881786
-1.344482 0.612793 -1.368042 -2.614066 1.191448 -2.659873
-1.339355 0.558228 -1.236328 -2.604098 1.085357 -2.403782
-1.281860 0.478516 -1.090210 -2.492310 0.930374 -2.119686
-1.175781 0.396362 -0.930908 -2.286062 0.770644 -1.809957
-1.049438 0.308350 -0.776123 -2.040414 0.599522 -1.509009
-0.918335 0.239014 -0.630493 -1.785511 0.464712 -1.225863
-0.802246 0.208008 -0.501831 -1.559800 0.404428 -0.975706
-0.710938 0.211914 -0.380859 -1.382270 0.412023 -0.740502
-0.642578 0.242310 -0.258667 -1.249359 0.471120 -0.502924
-0.591187 0.270264 -0.142578 -1.149439 0.525471 -0.277213
-0.548828 0.289063 -0.046021 -1.067082 0.562022 -0.089477
-0.505737 0.298218 0.034058 -0.983301 0.579822 0.066218
-0.463989 0.290649 0.095947 -0.902130 0.565107 0.186549
-0.421875 0.266968 0.133911 -0.820248 0.519063 0.260362
-0.380371 0.236938 0.143311 -0.739552 0.460678 0.278637
-0.342163 0.215088 0.134399 -0.665265 0.418194 0.261312
-0.306641 0.198120 0.122803 -0.596199 0.385203 0.238764
-0.271729 0.169922 0.118164 -0.528319 0.330378 0.229745
-0.235352 0.131104 0.121948 -0.457592 0.254903 0.237103
-0.200317 0.088623 0.128906 -0.389475 0.172309 0.250631
-0.170532 0.059326 0.135742 -0.331564 0.115347 0.263922
-0.150391 0.050415 0.144409 -0.292403 0.098022 0.280774
-0.134521 0.056519 0.153564 -0.261549 0.109889 0.298574
-0.118164 0.069458 0.163940 -0.229745 0.135047 0.318748
-0.102539 0.083130 0.168091 -0.199366 0.161629 0.326818
-0.093750 0.091431 0.159302 -0.182277 0.177768 0.309729
-0.091797 0.092773 0.135620 -0.178480 0.180379 0.263685
-0.089722 0.084473 0.103271 -0.174445 0.164239 0.200790
-0.087280 0.074219 0.070068 -0.169698 0.144303 0.136233
-0.087524 0.062012 0.042725 -0.170173 0.120569 0.083069
-0.096924 0.037354 0.019531 -0.188448 0.072626 0.037974
-0.113892 0.007446 0.000366 -0.221438 0.014478 0.000712
-0.131470 -0.015137 -0.014648 -0.255615 -0.029430 -0.028481
-0.139404 -0.023560 -0.021729 -0.271043 -0.045807 -0.042247
-0.136230 -0.015991 -0.023682 -0.264872 -0.031092 -0.046044
-0.125244 -0.002441 -0.029785 -0.243511 -0.004747 -0.057911
-0.105225 0.002930 -0.042725 -0.204587 0.005696 -0.083069
-0.070923 -0.003296 -0.061157 -0.137895 -0.006408 -0.118907
-0.028320 -0.008301 -0.082153 -0.055063 -0.016139 -0.159730
0.011841 -0.008911 -0.104370 0.023022 -0.017326 -0.202926
0.041260 -0.015869 -0.124512 0.080221 -0.030854 -0.242087
0.053589 -0.029785 -0.141968 0.104192 -0.057911 -0.276027
0.049683 -0.038574 -0.151001 0.096597 -0.075000 -0.293590
0.035156 -0.032959 -0.145874 0.068354 -0.064082 -0.283622
0.018555 -0.015503 -0.124878 0.036076 -0.030142 -0.242799
0.000000 0.004395 -0.089722 0.000000 0.008544 -0.174445
-0.022461 0.022339 -0.045654 -0.043671 0.043433 -0.088765
-0.045288 0.032349 -0.000854 -0.088053 0.062895 -0.001661
-0.064575 0.035278 0.037842 -0.125553 0.068591 0.073575
-0.076904 0.036255 0.062988 -0.149524 0.070490 0.122468
-0.080322 0.042236 0.070557 -0.156170 0.082120 0.137183
-0.072144 0.043457 0.057983 -0.140268 0.084493 0.112737
-0.057617 0.036133 0.037842 -0.112025 0.070253 0.073575
-0.041870 0.028442 0.018799 -0.081408 0.055300 0.036550
-0.027588 0.030640 -0.003906 -0.053639 0.059572 -0.007595
-0.018677 0.041748 -0.029663 -0.036313 0.081170 -0.057674
-0.017090 0.054321 -0.056274 -0.033228 0.105616 -0.109414
-0.022827 0.066528 -0.078003 -0.044383 0.129350 -0.151660
-0.035889 0.070435 -0.091553 -0.069778 0.136945 -0.178005
-0.051025 0.059570 -0.100708 -0.099208 0.115822 -0.195806
-0.064331 0.040405 -0.112915 -0.125078 0.078560 -0.219540
-0.073730 0.025146 -0.124634 -0.143354 0.048892 -0.242324
-0.079102 0.017944 -0.128174 -0.153797 0.034889 -0.249207
-0.079590 0.014038 -0.122559 -0.154746 0.027294 -0.238290
-0.077515 0.014038 -0.111938 -0.150711 0.027294 -0.217641
-0.074707 0.018311 -0.098633 -0.145252 0.035601 -0.191771
-0.071045 0.021973 -0.085083 -0.138132 0.042721 -0.165426
-0.065674 0.024048 -0.073486 -0.127689 0.046756 -0.142879
-0.061523 0.028564 -0.061401 -0.119620 0.055538 -0.119382
-0.058350 0.039185 -0.047119 -0.113449 0.076186 -0.091613
