0.341553 0.255615 -0.207764 0.664078 0.496991 -0.403953
0.277832 0.184448 -0.141968 0.540186 0.358621 -0.276027
0.197510 0.143311 -0.054810 0.384017 0.278637 -0.106566
0.135986 0.111084 0.063232 0.264397 0.215980 0.122942
0.089111 0.097534 0.201294 0.173258 0.189635 0.391374
0.061890 0.071899 0.356445 0.120332 0.139793 0.693034
0.053833 0.024902 0.528564 0.104667 0.048417 1.027683
0.062622 -0.037476 0.706909 0.121756 -0.072863 1.374438
0.078613 -0.110474 0.875854 0.152847 -0.214793 1.702917
0.094849 -0.196899 1.045898 0.184413 -0.382830 2.033532
0.092896 -0.300537 1.223755 0.180616 -0.584332 2.379336
0.072510 -0.424805 1.390747 0.140980 -0.825944 2.704018
0.060303 -0.546631 1.546753 0.117246 -1.062810 3.007339
0.072266 -0.695557 1.719116 0.140505 -1.352365 3.342463
0.124023 -0.877930 1.930054 0.241138 -1.706951 3.752587
0.216675 -1.072876 2.163208 0.421279 -2.085984 4.205907
0.327515 -1.245850 2.385986 0.636784 -2.422295 4.639053
0.418335 -1.385132 2.576050 0.813365 -2.693100 5.008592
0.456543 -1.490112 2.736450 0.887653 -2.897213 5.320457
0.443359 -1.558472 2.863281 0.862020 -3.030123 5.567054
0.393066 -1.575684 2.960205 0.764236 -3.063588 5.755502
0.307007 -1.531372 3.034180 0.596911 -2.977434 5.899330
0.204346 -1.441406 3.088013 0.397308 -2.802514 6.003997
0.115723 -1.307983 3.129272 0.224999 -2.543101 6.084218
0.079224 -1.183105 3.137451 0.154034 -2.300302 6.100120
0.114136 -1.096191 3.087524 0.221913 -2.131316 6.003048
0.211914 -1.034912 2.956909 0.412023 -2.012171 5.749094
0.328735 -0.965820 2.741821 0.639157 -1.877836 5.330900
0.425293 -0.880127 2.462158 0.826894 -1.711223 4.787154
0.492676 -0.799805 2.138184 0.957905 -1.555054 4.157252
0.544678 -0.752808 1.777222 1.059012 -1.463678 3.455437
0.592407 -0.717896 1.382813 1.151812 -1.395798 2.688591
0.634888 -0.659180 0.982544 1.234407 -1.281638 1.910352
0.676025 -0.583496 0.605103 1.314391 -1.134487 1.176496
0.720337 -0.509888 0.274536 1.400545 -0.991370 0.533778
0.774170 -0.428833 0.004150 1.505212 -0.833776 0.008070
0.852417 -0.329102 -0.212646 1.657347 -0.639869 -0.413447
0.965088 -0.222290 -0.397705 1.876412 -0.432197 -0.773255
1.099121 -0.123169 -0.578857 2.137012 -0.239476 -1.125468
1.230591 -0.045654 -0.762817 2.392627 -0.088765 -1.483139
1.342896 -0.006104 -0.938965 2.610981 -0.011867 -1.825621
1.428589 -0.006226 -1.110840 2.777593 -0.012104 -2.159796
1.466919 -0.017456 -1.285767 2.852118 -0.033940 -2.499905
1.437134 -0.027344 -1.462402 2.794207 -0.053164 -2.843337
1.344360 -0.039917 -1.643433 2.613829 -0.077610 -3.195312
1.209229 -0.020264 -1.817017 2.351093 -0.039398 -3.532810
1.051147 -0.000366 -1.961670 2.043737 -0.000712 -3.814058
0.884766 0.010132 -2.067261 1.720242 0.019699 -4.019358
0.726807 -0.144043 -2.134399 1.413124 -0.280062 -4.149895
0.633667 -0.225586 -2.190308 1.232033 -0.438605 -4.258597
0.521851 -0.174438 -2.234253 1.014630 -0.339159 -4.344039
0.389282 -0.040283 -2.258789 0.756878 -0.078322 -4.391745
0.225952 0.090942 -2.279053 0.439317 0.176819 -4.431143
0.035767 0.120361 -2.276855 0.069541 0.234018 -4.426871
-0.074097 0.074585 -2.273682 -0.144066 0.145015 -4.420700
-0.129639 -0.069946 -2.256714 -0.252055 -0.135996 -4.387710
-0.236450 -0.227539 -2.232666 -0.459728 -0.442402 -4.340954
-0.379517 -0.244751 -2.180420 -0.737891 -0.475867 -4.239372
-0.548706 -0.208740 -2.125366 -1.066845 -0.405852 -4.132332
-0.701416 -0.166260 -2.077881 -1.363757 -0.323257 -4.040006
-0.826172 -0.101563 -2.036011 -1.606319 -0.197467 -3.958599
-0.926025 0.004761 -1.988159 -1.800463 0.009256 -3.865561
-1.004883 0.121216 -1.939819 -1.953785 0.235679 -3.771574
-1.062500 0.213135 -1.892334 -2.065810 0.414396 -3.679249
-1.104004 0.280396 -1.845459 -2.146506 0.545171 -3.588110
-1.140991 0.302124 -1.794434 -2.218420 0.587417 -3.488902
-1.174438 0.274658 -1.714966 -2.283451 0.534016 -3.334394
-1.192749 0.229614 -1.587402 -2.319052 0.446437 -3.086373
-1.178833 0.183105 -1.421997 -2.291995 0.356010 -2.764777
-1.118652 0.138672 -1.234985 -2.174986 0.269619 -2.401172
-1.009277 0.121094 -1.045166 -1.962330 0.235442 -2.032108
-0.867920 0.151489 -0.870361 -1.687489 0.294539 -1.692236
-0.718262 0.220215 -0.718628 -1.396510 0.428162 -1.397222
-0.583130 0.317505 -0.581543 -1.133775 0.617322 -1.130689
-0.489502 0.416748 -0.457031 -0.951735 0.810280 -0.888602
-0.441040 0.477905 -0.347046 -0.857510 0.929187 -0.674758
-0.426147 0.473389 -0.256104 -0.828555 0.920406 -0.497940
-0.430420 0.417603 -0.185791 -0.836862 0.811941 -0.361232
-0.430786 0.350220 -0.137939 -0.837574 0.680929 -0.268195
-0.419556 0.300049 -0.110474 -0.815739 0.583382 -0.214793
-0.403687 0.268555 -0.096680 -0.784884 0.522149 -0.187973
-0.385620 0.239990 -0.094360 -0.749758 0.466611 -0.183464
-0.363647 0.205200 -0.094238 -0.707037 0.398969 -0.183227
-0.337158 0.171509 -0.088745 -0.655534 0.333463 -0.172546
-0.300659 0.134888 -0.083374 -0.584569 0.262261 -0.162103
-0.258789 0.093994 -0.078125 -0.503161 0.182752 -0.151898
-0.224243 0.058472 -0.072754 -0.435994 0.113686 -0.141455
-0.201782 0.036743 -0.067993 -0.392323 0.071439 -0.132199
-0.182983 0.035034 -0.057007 -0.355773 0.068117 -0.110838
-0.161011 0.058960 -0.037231 -0.313052 0.114635 -0.072389
-0.137817 0.096558 -0.013428 -0.267957 0.187736 -0.026107
-0.117188 0.122192 0.009888 -0.227847 0.237578 0.019225
-0.109375 0.119995 0.034424 -0.212657 0.233305 0.066930
-0.118408 0.095703 0.058838 -0.230220 0.186075 0.114398
-0.138184 0.063477 0.076538 -0.268669 0.123417 0.148812
-0.159180 0.042603 0.081177 -0.309492 0.082832 0.157831
-0.173828 0.034790 0.073975 -0.337973 0.067642 0.143828
-0.182983 0.026611 0.059814 -0.355773 0.051740 0.116297
-0.189331 0.014404 0.049805 -0.368115 0.028006 0.096835
-0.190308 0.004272 0.045166 -0.370014 0.008307 0.087816
-0.183594 -0.007080 0.038452 -0.356960 -0.013766 0.074762
-0.170044 -0.022095 0.027222 -0.330615 -0.042959 0.052927
-0.153442 -0.036621 0.019897 -0.298337 -0.071202 0.038686
-0.138794 -0.052246 0.017944 -0.269856 -0.101582 0.034889
-0.130249 -0.057373 0.019287 -0.253242 -0.111550 0.037500
-0.127930 -0.050659 0.020386 -0.248733 -0.098496 0.039636
-0.124023 -0.034668 0.017212 -0.241138 -0.067405 0.033465
-0.116455 -0.016357 0.007080 -0.226423 -0.031804 0.013766
-0.109741 -0.007568 -0.009766 -0.213369 -0.014715 -0.018987
-0.104004 -0.011108 -0.027588 -0.202214 -0.021598 -0.053639
-0.096924 -0.021240 -0.038086 -0.188448 -0.041297 -0.074050
-0.088501 -0.031738 -0.036377 -0.172072 -0.061708 -0.070727
-0.082153 -0.042847 -0.029053 -0.159730 -0.083306 -0.056487
-0.079468 -0.057983 -0.019653 -0.154509 -0.112737 -0.038212
-0.080200 -0.076660 -0.007813 -0.155933 -0.149050 -0.015190
-0.082031 -0.095093 0.006958 -0.159493 -0.184888 0.013528
-0.086060 -0.107422 0.019165 -0.167325 -0.208859 0.037262
-0.093384 -0.106079 0.025146 -0.181565 -0.206249 0.048892
-0.109131 -0.090088 0.023804 -0.212182 -0.175157 0.046281
-0.125122 -0.061279 0.012939 -0.243274 -0.119145 0.025158
-0.132446 -0.031250 -0.006714 -0.257514 -0.060759 -0.013054
-0.127563 -0.011108 -0.030518 -0.248021 -0.021598 -0.059335
-0.113159 -0.002808 -0.052734 -0.220014 -0.005459 -0.102531
-0.097778 -0.004517 -0.070068 -0.190110 -0.008782 -0.136233
-0.088135 -0.011597 -0.081787 -0.171360 -0.022547 -0.159018
-0.087280 -0.017944 -0.087646 -0.169698 -0.034889 -0.170410
-0.095581 -0.012573 -0.088501 -0.185837 -0.024446 -0.172072
-0.115234 0.002319 -0.088013 -0.224049 0.004509 -0.171122
-0.133301 0.020874 -0.093506 -0.259176 0.040585 -0.181803
-0.140747 0.036377 -0.099487 -0.273653 0.070727 -0.193432
-0.138306 0.043579 -0.101196 -0.268907 0.084730 -0.196755
-0.132568 0.047729 -0.098633 -0.257752 0.092800 -0.191771
-0.129395 0.057373 -0.097656 -0.251581 0.111550 -0.189872
-0.126587 0.068970 -0.099243 -0.246122 0.134097 -0.192958
-0.126099 0.082397 -0.101807 -0.245173 0.160205 -0.197942
-0.128296 0.097900 -0.105713 -0.249445 0.190347 -0.205537
-0.133179 0.107788 -0.108398 -0.258938 0.209571 -0.210758
-0.138062 0.101440 -0.104248 -0.268432 0.197230 -0.202689
-0.143188 0.084961 -0.098022 -0.278400 0.165189 -0.190584
-0.143677 0.061401 -0.097534 -0.279350 0.119382 -0.189635
-0.138306 0.034302 -0.097046 -0.268907 0.066693 -0.188686
-0.127197 0.014282 -0.093262 -0.247309 0.027769 -0.181328
-0.110718 0.005615 -0.088379 -0.215268 0.010918 -0.171834
-0.092041 0.002319 -0.083374 -0.178955 0.004509 -0.162103
-0.079590 0.000244 -0.079834 -0.154746 0.000475 -0.155221
-0.078979 0.003906 -0.079224 -0.153559 0.007595 -0.154034
-0.082397 0.005981 -0.081421 -0.160205 0.011630 -0.158306
-0.085693 0.005737 -0.083740 -0.166613 0.011155 -0.162815
-0.092163 0.009277 -0.085938 -0.179192 0.018038 -0.167088
-0.099121 0.019653 -0.085571 -0.192720 0.038212 -0.166376
