1.267334 0.597412 -0.257324 2.464067 1.161543 -0.500313
1.315430 0.633057 -0.203369 2.557579 1.230847 -0.395409
1.282227 0.609253 -0.144653 2.493022 1.184565 -0.281248
1.248047 0.638062 -0.073608 2.426567 1.240578 -0.143116
1.233398 0.632690 -0.000244 2.398086 1.230135 -0.000475
1.257568 0.538086 0.083740 2.445080 1.046196 0.162815
1.310059 0.393677 0.167603 2.547136 0.765422 0.325868
1.356812 0.269897 0.246094 2.638037 0.524759 0.478478
1.374390 0.164673 0.324707 2.672214 0.320172 0.631325
1.356567 0.040283 0.416870 2.637563 0.078322 0.810517
1.319092 -0.114502 0.522095 2.564699 -0.222625 1.015104
1.275024 -0.286987 0.639404 2.479019 -0.557987 1.243188
1.209717 -0.465454 0.764893 2.352042 -0.904979 1.487174
1.093506 -0.648560 0.912231 2.126094 -1.260989 1.773644
0.916992 -0.802734 1.079590 1.782900 -1.560750 2.099037
0.682617 -0.886963 1.258057 1.327207 -1.724514 2.446029
0.401611 -0.866821 1.440430 0.780850 -1.685353 2.800615
0.115845 -0.766113 1.619141 0.225236 -1.489548 3.148082
-0.145752 -0.659790 1.785645 -0.283384 -1.282824 3.471814
-0.355957 -0.571777 1.941162 -0.692084 -1.111702 3.774185
-0.510254 -0.530396 2.106445 -0.992082 -1.031244 4.095544
-0.624146 -0.567383 2.262085 -1.213521 -1.103158 4.398153
-0.698120 -0.674438 2.398682 -1.357349 -1.311305 4.663737
-0.741455 -0.829346 2.517212 -1.441605 -1.612490 4.894194
-0.758423 -0.991577 2.606934 -1.474595 -1.927915 5.068639
-0.758057 -1.117798 2.653687 -1.473883 -2.173325 5.159541
-0.748657 -1.196655 2.664551 -1.455608 -2.326647 5.180664
-0.735352 -1.237671 2.657959 -1.429738 -2.406393 5.167847
-0.712158 -1.243408 2.636108 -1.384643 -2.417548 5.125363
-0.659424 -1.219971 2.578369 -1.282112 -2.371979 5.013102
-0.567749 -1.176758 2.463013 -1.103870 -2.287960 4.788815
-0.445679 -1.093262 2.285156 -0.866529 -2.125620 4.443010
-0.300781 -0.978271 2.028931 -0.584806 -1.902045 3.944833
-0.132690 -0.849731 1.692139 -0.257989 -1.652126 3.290011
0.056396 -0.695801 1.291870 0.109651 -1.352840 2.511772
0.255859 -0.507446 0.856567 0.497465 -0.986624 1.665417
0.436157 -0.272461 0.425537 0.848017 -0.529743 0.827368
0.600952 -0.041870 0.038452 1.168426 -0.081408 0.074762
0.735962 0.172485 -0.281860 1.430925 0.335362 -0.548019
0.838257 0.330811 -0.520874 1.629816 0.643192 -1.012731
0.904663 0.422729 -0.692505 1.758929 0.821909 -1.346431
0.941772 0.466187 -0.812500 1.831080 0.906403 -1.579737
0.958862 0.457886 -0.910034 1.864308 0.890263 -1.769372
0.947021 0.403564 -1.004639 1.841286 0.784647 -1.953310
0.909424 0.345825 -1.103760 1.768185 0.672385 -2.146031
0.858398 0.293213 -1.217896 1.668977 0.570091 -2.367944
0.804199 0.246704 -1.341675 1.563598 0.479665 -2.608607
0.750488 0.219604 -1.470093 1.459168 0.426975 -2.858289
0.689331 0.222900 -1.595215 1.340261 0.433383 -3.101563
0.624756 0.258545 -1.710938 1.214708 0.502687 -3.326561
0.556396 0.300903 -1.810059 1.081797 0.585044 -3.519282
0.492676 0.320557 -1.894287 0.957905 0.623256 -3.683047
0.430542 0.321045 -1.961182 0.837099 0.624205 -3.813109
0.361694 0.323730 -2.016968 0.703239 0.629426 -3.921574
0.285889 0.352539 -2.063477 0.555851 0.685439 -4.012000
0.214478 0.395020 -2.103516 0.417007 0.768033 -4.089848
0.128296 0.430176 -2.130981 0.249445 0.836387 -4.143250
0.032349 0.460938 -2.139771 0.062895 0.896197 -4.160338
-0.075684 0.473511 -2.130981 -0.147151 0.920643 -4.143250
-0.195190 0.470581 -2.109497 -0.379507 0.914947 -4.101478
-0.315430 0.470459 -2.081665 -0.613287 0.914709 -4.047364
-0.425903 0.482056 -2.058594 -0.828080 0.937257 -4.002507
-0.517578 0.493652 -2.037720 -1.006323 0.959804 -3.961921
-0.588989 0.516846 -2.006714 -1.145167 1.004899 -3.901637
-0.644531 0.552246 -1.959839 -1.253157 1.073727 -3.810498
-0.696289 0.589478 -1.891846 -1.353789 1.146116 -3.678300
-0.751221 0.622925 -1.799805 -1.460592 1.211147 -3.499345
-0.793945 0.642456 -1.683838 -1.543661 1.249122 -3.273872
-0.805542 0.619751 -1.544556 -1.566208 1.204977 -3.003067
-0.785400 0.556274 -1.376587 -1.527047 1.081560 -2.676486
-0.745605 0.474365 -1.184937 -1.449674 0.922304 -2.303862
-0.695679 0.391724 -0.980835 -1.352602 0.761625 -1.907029
-0.640747 0.298218 -0.779541 -1.245799 0.579822 -1.515655
-0.585571 0.209717 -0.589722 -1.138521 0.407751 -1.146591
-0.541992 0.150757 -0.425415 -1.053791 0.293115 -0.827131
-0.499878 0.138062 -0.288086 -0.971908 0.268432 -0.560123
-0.457275 0.145142 -0.169189 -0.889077 0.282198 -0.328954
-0.422119 0.157837 -0.063721 -0.820723 0.306881 -0.123892
-0.392944 0.171021 0.038574 -0.763998 0.332514 0.075000
-0.356567 0.175049 0.139893 -0.693271 0.340346 0.271992
-0.300659 0.150757 0.222656 -0.584569 0.293115 0.432909
-0.232910 0.087280 0.268433 -0.452845 0.169698 0.521911
-0.180664 0.007202 0.275146 -0.351264 0.014003 0.534965
-0.156982 -0.047852 0.260376 -0.305220 -0.093037 0.506247
-0.153931 -0.077637 0.231689 -0.299286 -0.150948 0.450472
-0.166382 -0.091797 0.206055 -0.323495 -0.178480 0.400630
-0.182861 -0.078003 0.182129 -0.355536 -0.151660 0.354112
-0.199341 -0.040405 0.159668 -0.387577 -0.078560 0.310441
-0.217773 0.010864 0.143188 -0.423415 0.021123 0.278400
-0.227783 0.060913 0.129150 -0.442877 0.118433 0.251106
-0.232056 0.083130 0.115723 -0.451184 0.161629 0.224999
-0.234497 0.078857 0.103149 -0.455931 0.153322 0.200553
-0.234375 0.058716 0.086548 -0.455693 0.114161 0.168274
-0.229004 0.033691 0.058472 -0.445250 0.065506 0.113686
-0.218384 0.013428 0.024658 -0.424602 0.026107 0.047943
-0.206909 -0.005249 -0.003662 -0.402292 -0.010206 -0.007120
-0.193359 -0.021973 -0.018311 -0.375947 -0.042721 -0.035601
-0.175659 -0.034180 -0.018921 -0.341533 -0.066455 -0.036788
-0.156616 -0.037476 -0.013794 -0.304508 -0.072863 -0.026819
-0.134766 -0.034180 -0.007690 -0.262024 -0.066455 -0.014952
-0.114014 -0.025635 -0.000244 -0.221676 -0.049841 -0.000475
-0.098877 -0.006714 0.008057 -0.192246 -0.013054 0.015664
-0.089111 0.016724 0.012573 -0.173258 0.032516 0.024446
-0.079468 0.038452 0.011841 -0.154509 0.074762 0.023022
-0.065552 0.057739 0.010620 -0.127452 0.112262 0.020649
-0.048218 0.073853 0.006470 -0.093749 0.143591 0.012579
-0.031616 0.084229 -0.000977 -0.061471 0.163765 -0.001899
-0.019653 0.083618 -0.013062 -0.038212 0.162578 -0.025395
-0.013184 0.073364 -0.025757 -0.025633 0.142642 -0.050079
-0.012451 0.061035 -0.036499 -0.024209 0.118670 -0.070965
-0.016357 0.050537 -0.046509 -0.031804 0.098259 -0.090427
-0.025391 0.041138 -0.053955 -0.049367 0.079984 -0.104904
-0.035889 0.032837 -0.057373 -0.069778 0.063845 -0.111550
-0.043945 0.025513 -0.055908 -0.085443 0.049604 -0.108702
-0.052246 0.017456 -0.049927 -0.101582 0.033940 -0.097072
-0.060913 0.013306 -0.041504 -0.118433 0.025870 -0.080696
-0.067017 0.011597 -0.035278 -0.130300 0.022547 -0.068591
-0.069336 0.010742 -0.035889 -0.134809 0.020886 -0.069778
-0.071777 0.009521 -0.040649 -0.139556 0.018513 -0.079034
-0.077148 0.011230 -0.043579 -0.149999 0.021835 -0.084730
-0.083618 0.013306 -0.040283 -0.162578 0.025870 -0.078322
-0.091309 0.014160 -0.030518 -0.177531 0.027531 -0.059335
-0.098877 0.015869 -0.016724 -0.192246 0.030854 -0.032516
-0.101440 0.021606 -0.002197 -0.197230 0.042009 -0.004272
-0.097046 0.031250 0.006714 -0.188686 0.060759 0.013054
-0.090454 0.039673 0.005859 -0.175869 0.077136 0.011392
-0.083130 0.045532 0.000610 -0.161629 0.088528 0.001187
-0.078369 0.046509 -0.007568 -0.152372 0.090427 -0.014715
-0.076416 0.046143 -0.016357 -0.148575 0.089715 -0.031804
-0.081787 0.045288 -0.024902 -0.159018 0.088053 -0.048417
-0.091431 0.039917 -0.032715 -0.177768 0.077610 -0.063607
-0.100586 0.030396 -0.040771 -0.195568 0.059098 -0.079272
-0.109253 0.020874 -0.045044 -0.212420 0.040585 -0.087579
-0.115234 0.015747 -0.045898 -0.224049 0.030617 -0.089240
-0.119507 0.010376 -0.043945 -0.232356 0.020174 -0.085443
-0.124390 0.003174 -0.040405 -0.241850 0.006171 -0.078560
-0.126587 0.002563 -0.037598 -0.246122 0.004984 -0.073101
-0.123901 0.012085 -0.033813 -0.240900 0.023497 -0.065743
-0.116821 0.022949 -0.027588 -0.227135 0.044620 -0.053639
-0.112793 0.027344 -0.022461 -0.219302 0.053164 -0.043671
-0.112061 0.024658 -0.020996 -0.217878 0.047943 -0.040823
-0.112915 0.014893 -0.022705 -0.219540 0.028956 -0.044145
-0.114990 -0.000244 -0.027954 -0.223575 -0.000475 -0.054351
-0.118164 -0.015869 -0.032593 -0.229745 -0.030854 -0.063370
-0.119263 -0.025024 -0.034424 -0.231881 -0.048655 -0.066930
-0.118652 -0.026855 -0.034546 -0.230695 -0.052215 -0.067167
-0.117310 -0.020874 -0.031616 -0.228084 -0.040585 -0.061471
-0.115479 -0.007202 -0.026855 -0.224524 -0.014003 -0.052215
-0.109375 0.008545 -0.023315 -0.212657 0.016614 -0.045332
-0.099121 0.015991 -0.021484 -0.192720 0.031092 -0.041772
