0.386108 0.252197 -0.328857 0.750707 0.490345 -0.639395
0.511597 0.193726 -0.323853 0.994693 0.376659 -0.629664
0.606445 0.089478 -0.304321 1.179107 0.173970 -0.591689
0.699585 0.047241 -0.269531 1.360197 0.091851 -0.524047
0.777832 0.020996 -0.214478 1.512332 0.040823 -0.417007
0.846680 -0.059204 -0.127441 1.646192 -0.115110 -0.247783
0.913208 -0.156250 -0.014526 1.775543 -0.303796 -0.028243
0.988770 -0.200439 0.109985 1.922456 -0.389713 0.213844
1.065552 -0.218384 0.254150 2.071743 -0.424602 0.494142
1.145386 -0.264893 0.417114 2.226964 -0.515028 0.810992
1.229980 -0.351074 0.583618 2.391441 -0.682591 1.134724
1.303345 -0.465942 0.740234 2.534082 -0.905928 1.439232
1.347656 -0.589478 0.884521 2.620237 -1.146116 1.719768
1.343384 -0.729614 1.025513 2.611930 -1.418583 1.993896
1.261353 -0.878906 1.176270 2.452437 -1.708850 2.287011
1.081665 -0.998291 1.343140 2.103072 -1.940969 2.611455
0.808716 -1.026001 1.527710 1.572379 -1.994845 2.970314
0.484741 -0.941040 1.729858 0.942478 -1.829656 3.363349
0.163330 -0.804565 1.946777 0.317561 -1.564310 3.785103
-0.111816 -0.692017 2.173584 -0.217404 -1.345482 4.226081
-0.330200 -0.646362 2.411865 -0.642005 -1.256717 4.689369
-0.492188 -0.656860 2.667725 -0.956956 -1.277128 5.186835
-0.591553 -0.725830 2.925537 -1.150151 -1.411225 5.688097
-0.605225 -0.818726 3.149414 -1.176733 -1.591841 6.123379
-0.525879 -0.931396 3.294922 -1.022462 -1.810906 6.406289
-0.384399 -1.022339 3.323975 -0.747385 -1.987725 6.462776
-0.224609 -1.014893 3.210205 -0.436706 -1.973247 6.241575
-0.077026 -0.904785 2.954224 -0.149762 -1.759166 5.743872
0.030029 -0.758545 2.598022 0.058386 -1.474833 5.051313
0.105469 -0.632568 2.198730 0.205062 -1.229897 4.274973
0.184814 -0.543457 1.779907 0.359333 -1.056639 3.460659
0.277222 -0.493408 1.353638 0.539000 -0.959329 2.631866
0.375366 -0.466919 0.954468 0.729821 -0.907827 1.855764
0.463867 -0.436768 0.606567 0.901893 -0.849204 1.179344
0.540283 -0.366577 0.321045 1.050468 -0.712733 0.624205
0.608276 -0.247803 0.085815 1.182667 -0.481801 0.166850
0.674194 -0.103271 -0.115967 1.310830 -0.200790 -0.225473
0.737061 0.039673 -0.290649 1.433061 0.077136 -0.565107
0.795532 0.166992 -0.444702 1.546747 0.324682 -0.864631
0.858765 0.269897 -0.590210 1.669689 0.524759 -1.147540
0.930786 0.338257 -0.736450 1.809720 0.657670 -1.431874
0.982788 0.369385 -0.892578 1.910827 0.718192 -1.735432
0.998901 0.380615 -1.054565 1.942156 0.740027 -2.050383
0.971069 0.379272 -1.217651 1.888042 0.737416 -2.367469
0.910889 0.382202 -1.371948 1.771033 0.743112 -2.667467
0.827271 0.392578 -1.505981 1.608455 0.763286 -2.928067
0.734009 0.412964 -1.611450 1.427127 0.802922 -3.133129
0.640747 0.429810 -1.693481 1.245799 0.835675 -3.292622
0.544189 0.431030 -1.763428 1.058063 0.838049 -3.428618
0.450195 0.421021 -1.822754 0.875311 0.818587 -3.543965
0.362061 0.401367 -1.879761 0.703951 0.780375 -3.654803
0.274048 0.364746 -1.932617 0.532829 0.709173 -3.757571
0.179321 0.335083 -1.974609 0.348653 0.651499 -3.839216
0.094849 0.335693 -2.026367 0.184413 0.652686 -3.939849
0.012329 0.359863 -2.095703 0.023971 0.699679 -4.074658
-0.081787 0.396729 -2.168335 -0.159018 0.771356 -4.215876
-0.186279 0.432495 -2.219727 -0.362181 0.840897 -4.315796
-0.292603 0.463135 -2.231445 -0.568905 0.900469 -4.338581
-0.398193 0.483765 -2.208374 -0.774204 0.940580 -4.293723
-0.509888 0.488037 -2.153320 -0.991370 0.948886 -4.186683
-0.622803 0.470703 -2.071167 -1.210910 0.915184 -4.026953
-0.727417 0.442627 -1.962280 -1.414311 0.860596 -3.815245
-0.819824 0.406616 -1.832031 -1.593977 0.790581 -3.562003
-0.889404 0.371216 -1.685059 -1.729261 0.721752 -3.276245
-0.942993 0.342529 -1.525879 -1.833454 0.665977 -2.966753
-0.971802 0.309326 -1.364014 -1.889466 0.601420 -2.652040
-0.974731 0.285156 -1.203003 -1.895162 0.554427 -2.338989
-0.955688 0.272217 -1.042725 -1.858137 0.529269 -2.027361
-0.911865 0.276855 -0.880737 -1.772932 0.538288 -1.712410
-0.855469 0.290161 -0.722900 -1.663281 0.564158 -1.405529
-0.778076 0.303467 -0.576660 -1.512807 0.590028 -1.121196
-0.688843 0.304443 -0.451172 -1.339311 0.591927 -0.877210
-0.596436 0.280762 -0.345825 -1.159645 0.545883 -0.672385
-0.504517 0.244385 -0.257202 -0.980927 0.475155 -0.500076
-0.415527 0.207520 -0.178223 -0.807906 0.403478 -0.346517
-0.337280 0.171143 -0.103027 -0.655771 0.332751 -0.200315
-0.274658 0.139404 -0.040894 -0.534016 0.271043 -0.079509
-0.223389 0.108032 -0.000488 -0.434333 0.210046 -0.000949
-0.185059 0.072021 0.015869 -0.359808 0.140031 0.030854
-0.163574 0.040894 0.017090 -0.318036 0.079509 0.033228
-0.160278 0.031006 0.015503 -0.311628 0.060284 0.030142
-0.169067 0.032227 0.025391 -0.328716 0.062658 0.049367
-0.183350 0.028442 0.046509 -0.356485 0.055300 0.090427
-0.189453 0.025635 0.072266 -0.368352 0.049841 0.140505
-0.183960 0.025146 0.094971 -0.357672 0.048892 0.184651
-0.171021 0.028564 0.111084 -0.332514 0.055538 0.215980
-0.153442 0.038330 0.119019 -0.298337 0.074525 0.231407
-0.132324 0.045166 0.123657 -0.257277 0.087816 0.240426
-0.108643 0.042480 0.125854 -0.211233 0.082594 0.244698
-0.085693 0.033447 0.125122 -0.166613 0.065031 0.243274
-0.064209 0.017334 0.116943 -0.124841 0.033702 0.227372
-0.047119 -0.005005 0.104004 -0.091613 -0.009731 0.202214
-0.035034 -0.026001 0.092041 -0.068117 -0.050553 0.178955
-0.026123 -0.042969 0.082520 -0.050791 -0.083544 0.160442
-0.013916 -0.057495 0.073486 -0.027057 -0.111787 0.142879
-0.000854 -0.074097 0.062744 -0.001661 -0.144066 0.121993
0.005615 -0.091553 0.056641 0.010918 -0.178005 0.110126
0.005737 -0.099976 0.057007 0.011155 -0.194382 0.110838
0.009277 -0.098511 0.060791 0.018038 -0.191534 0.118195
0.017578 -0.084717 0.063354 0.034177 -0.164714 0.123180
0.027100 -0.054443 0.063354 0.052690 -0.105854 0.123180
0.032715 -0.018677 0.060425 0.063607 -0.036313 0.117483
0.027466 0.008545 0.057495 0.053402 0.016614 0.111787
0.013184 0.026733 0.054199 0.025633 0.051978 0.105379
-0.005005 0.032959 0.047974 -0.009731 0.064082 0.093275
-0.016724 0.029175 0.038940 -0.032516 0.056724 0.075712
-0.021729 0.020264 0.027100 -0.042247 0.039398 0.052690
-0.023315 0.007202 0.012573 -0.045332 0.014003 0.024446
-0.028809 -0.011597 0.003906 -0.056012 -0.022547 0.007595
-0.038330 -0.029175 0.003662 -0.074525 -0.056724 0.007120
-0.049194 -0.039063 0.006958 -0.095648 -0.075949 0.013528
-0.056763 -0.034546 0.006714 -0.110363 -0.067167 0.013054
-0.063843 -0.018311 -0.002075 -0.124129 -0.035601 -0.004035
-0.074585 0.004395 -0.013184 -0.145015 0.008544 -0.025633
-0.086548 0.022705 -0.022461 -0.168274 0.044145 -0.043671
-0.098022 0.025146 -0.028442 -0.190584 0.048892 -0.055300
-0.110840 0.012085 -0.029785 -0.215505 0.023497 -0.057911
-0.123047 -0.005859 -0.025879 -0.239239 -0.011392 -0.050316
-0.129883 -0.020142 -0.020630 -0.252530 -0.039161 -0.040111
-0.134644 -0.028320 -0.013184 -0.261786 -0.055063 -0.025633
-0.141968 -0.029663 -0.004272 -0.276027 -0.057674 -0.008307
-0.147095 -0.025513 0.001221 -0.285995 -0.049604 0.002373
-0.147095 -0.019653 0.000977 -0.285995 -0.038212 0.001899
-0.144775 -0.009155 -0.005371 -0.281486 -0.017801 -0.010443
-0.138794 0.002808 -0.018555 -0.269856 0.005459 -0.036076
-0.129272 0.007568 -0.031128 -0.251343 0.014715 -0.060522
-0.119751 0.003784 -0.038940 -0.232831 0.007358 -0.075712
-0.112183 -0.007813 -0.040771 -0.218116 -0.015190 -0.079272
-0.106323 -0.019653 -0.039429 -0.206723 -0.038212 -0.076661
-0.104614 -0.024170 -0.032227 -0.203401 -0.046993 -0.062658
-0.104980 -0.019287 -0.022705 -0.204113 -0.037500 -0.044145
-0.104248 -0.007568 -0.012451 -0.202689 -0.014715 -0.024209
-0.100220 0.003906 -0.002930 -0.194856 0.007595 -0.005696
-0.096191 0.007935 0.003296 -0.187024 0.015427 0.006408
-0.092041 0.005371 0.007935 -0.178955 0.010443 0.015427
-0.088989 -0.000854 0.009888 -0.173021 -0.001661 0.019225
-0.088745 -0.008423 0.010986 -0.172546 -0.016376 0.021361
-0.091675 -0.012451 0.011475 -0.178243 -0.024209 0.022310
-0.095215 -0.013916 0.010254 -0.185125 -0.027057 0.019937
-0.096802 -0.012939 0.007568 -0.188211 -0.025158 0.014715
-0.097290 -0.012451 0.005615 -0.189160 -0.024209 0.010918
-0.097046 -0.014038 0.005493 -0.188686 -0.027294 0.010680
-0.098267 -0.017090 0.007813 -0.191059 -0.033228 0.015190
-0.098877 -0.018188 0.010864 -0.192246 -0.035364 0.021123
-0.098389 -0.019165 0.012329 -0.191296 -0.037262 0.023971
-0.098877 -0.019775 0.012817 -0.192246 -0.038449 0.024921
-0.099365 -0.018188 0.012329 -0.193195 -0.035364 0.023971
-0.098145 -0.016724 0.009644 -0.190822 -0.032516 0.018750
-0.096924 -0.016113 0.007080 -0.188448 -0.031329 0.013766
-0.095581 -0.016113 0.004883 -0.185837 -0.031329 0.009494
