0.769165 -0.161499 -0.144043 1.495481 -0.314001 -0.280062
0.891235 -0.213013 -0.129272 1.732821 -0.414159 -0.251343
0.974976 -0.186768 -0.097168 1.895637 -0.363131 -0.188923
1.017822 -0.129395 -0.043091 1.978943 -0.251581 -0.083781
1.046021 -0.074585 0.043945 2.033769 -0.145015 0.085443
1.081909 0.004883 0.155273 2.103547 0.009494 0.301897
1.122192 0.051636 0.291260 2.181869 0.100395 0.566294
1.174194 0.035034 0.455322 2.282976 0.068117 0.885279
1.251587 -0.043579 0.635376 2.433450 -0.084730 1.235356
1.348755 -0.233643 0.831909 2.622373 -0.454269 1.617474
1.459717 -0.568848 1.061157 2.838115 -1.106006 2.063199
1.561279 -1.014771 1.302368 3.035582 -1.973010 2.532183
1.615723 -1.458252 1.521606 3.141436 -2.835267 2.958447
1.580933 -1.754639 1.727051 3.073794 -3.411529 3.357890
1.428711 -1.829468 1.944946 2.777831 -3.557019 3.781543
1.174438 -1.743652 2.202759 2.283451 -3.390169 4.282805
0.860840 -1.648560 2.504761 1.673724 -3.205281 4.869985
0.523315 -1.694214 2.833862 1.017478 -3.294046 5.509855
0.163208 -1.933228 3.157837 0.317324 -3.758758 6.139756
-0.222046 -2.171265 3.442017 -0.431722 -4.221571 6.692284
-0.572754 -2.207886 3.670044 -1.113601 -4.292774 7.135636
-0.812622 -2.013794 3.838257 -1.579974 -3.915403 7.462690
-0.870850 -1.691528 3.954468 -1.693186 -3.288824 7.688639
-0.745239 -1.382813 3.999878 -1.448962 -2.688591 7.776929
-0.505981 -1.178711 3.999878 -0.983775 -2.291758 7.776929
-0.213501 -1.087280 3.934692 -0.415108 -2.113990 7.650189
0.056396 -1.058105 3.780518 0.109651 -2.057266 7.350429
0.284668 -1.007446 3.541260 0.553478 -1.958769 6.885242
0.517578 -0.869507 3.206787 1.006323 -1.690575 6.234929
0.775879 -0.684692 2.747681 1.508535 -1.331242 5.342292
0.999756 -0.493286 2.182495 1.943817 -0.959092 4.243407
1.122314 -0.361816 1.584961 2.182106 -0.703477 3.081626
1.171021 -0.325806 1.022705 2.276805 -0.633461 1.988437
1.165894 -0.342407 0.534058 2.266837 -0.665739 1.038364
1.130981 -0.331543 0.133057 2.198958 -0.644616 0.258701
1.089233 -0.267578 -0.189941 2.117787 -0.520250 -0.369301
1.058716 -0.172119 -0.456787 2.058452 -0.334650 -0.888127
1.046387 -0.065308 -0.683960 2.034481 -0.126977 -1.329818
1.048950 0.051880 -0.867310 2.039465 0.100870 -1.686303
1.062500 0.173340 -1.023071 2.065810 0.337023 -1.989149
1.062256 0.272827 -1.171265 2.065335 0.530456 -2.277280
1.023560 0.361206 -1.307007 1.990098 0.702290 -2.541203
0.961914 0.450928 -1.430298 1.870241 0.876735 -2.780916
0.896973 0.517578 -1.545166 1.743976 1.006323 -3.004253
0.843140 0.535889 -1.647949 1.639309 1.041924 -3.204094
0.795654 0.498657 -1.739502 1.546984 0.969535 -3.382099
0.749878 0.438477 -1.819092 1.457981 0.852526 -3.536845
0.688721 0.400513 -1.870850 1.339074 0.778713 -3.637477
0.592529 0.384521 -1.932373 1.152050 0.747622 -3.757097
0.458862 0.432129 -1.992065 0.892162 0.840185 -3.873156
0.329590 0.516235 -2.052612 0.640819 1.003712 -3.990877
0.218750 0.583740 -2.102539 0.425314 1.134961 -4.087949
0.118896 0.627441 -2.130615 0.231169 1.219929 -4.142537
0.035767 0.673706 -2.127686 0.069541 1.309881 -4.136841
-0.036499 0.712402 -2.104858 -0.070965 1.385118 -4.092459
-0.110596 0.732422 -2.074463 -0.215030 1.424042 -4.033361
-0.180176 0.732056 -2.044189 -0.350314 1.423330 -3.974500
-0.243164 0.718018 -2.022827 -0.472782 1.396036 -3.932966
-0.309082 0.690430 -2.001831 -0.600946 1.342397 -3.892143
-0.384888 0.659912 -1.973755 -0.748334 1.283062 -3.837555
-0.469849 0.634521 -1.929810 -0.913523 1.233695 -3.752113
-0.559448 0.608643 -1.872192 -1.087731 1.183379 -3.640088
-0.637085 0.577881 -1.808228 -1.238679 1.123569 -3.515722
-0.691650 0.552002 -1.742432 -1.344770 1.073253 -3.387795
-0.723022 0.548462 -1.673218 -1.405766 1.066370 -3.253223
-0.739624 0.570923 -1.593872 -1.438045 1.110041 -3.098952
-0.746216 0.587280 -1.510620 -1.450861 1.141844 -2.937086
-0.737183 0.585205 -1.422607 -1.433298 1.137809 -2.765964
-0.713379 0.558960 -1.328003 -1.387017 1.086781 -2.582025
-0.681030 0.511597 -1.224731 -1.324121 0.994693 -2.381235
-0.653809 0.462158 -1.114258 -1.271195 0.898570 -2.166442
-0.636963 0.426880 -1.006348 -1.238442 0.829979 -1.956633
-0.626343 0.397339 -0.903198 -1.217793 0.772543 -1.756081
-0.612671 0.362549 -0.799194 -1.191211 0.704901 -1.553867
-0.594849 0.319702 -0.702026 -1.156559 0.621594 -1.364944
-0.582397 0.266479 -0.611938 -1.132350 0.518114 -1.189787
-0.568726 0.216064 -0.533325 -1.105768 0.420092 -1.036940
-0.535278 0.178101 -0.468384 -1.040737 0.346279 -0.910675
-0.490601 0.155273 -0.410156 -0.953871 0.301897 -0.797463
-0.441040 0.153931 -0.353760 -0.857510 0.299286 -0.687812
-0.386108 0.158203 -0.298218 -0.750707 0.307593 -0.579822
-0.336060 0.153564 -0.244873 -0.653398 0.298574 -0.476105
-0.293945 0.145630 -0.198364 -0.571515 0.283147 -0.385678
-0.260376 0.136108 -0.161133 -0.506247 0.264634 -0.313289
-0.234253 0.125732 -0.137573 -0.455456 0.244460 -0.267482
-0.216797 0.114624 -0.125610 -0.421516 0.222863 -0.244223
-0.206177 0.104492 -0.123291 -0.400868 0.203163 -0.239714
-0.204468 0.099243 -0.125854 -0.397545 0.192958 -0.244698
-0.215332 0.109009 -0.133667 -0.418668 0.211945 -0.259888
-0.218872 0.124268 -0.149292 -0.425551 0.241612 -0.290267
-0.209717 0.116699 -0.159180 -0.407751 0.226897 -0.309492
-0.204956 0.086548 -0.158325 -0.398494 0.168274 -0.307830
-0.207153 0.052002 -0.149170 -0.402766 0.101107 -0.290030
-0.209839 0.022095 -0.133301 -0.407988 0.042959 -0.259176
-0.206299 0.007690 -0.112305 -0.401105 0.014952 -0.218353
-0.191895 0.012207 -0.088501 -0.373099 0.023734 -0.172072
-0.168579 0.030151 -0.063721 -0.327767 0.058623 -0.123892
-0.137695 0.052246 -0.040649 -0.267720 0.101582 -0.079034
-0.106201 0.064209 -0.020752 -0.206486 0.124841 -0.040348
-0.082397 0.060425 -0.002075 -0.160205 0.117483 -0.004035
-0.068604 0.046021 0.015869 -0.133385 0.089477 0.030854
-0.060669 0.027466 0.033081 -0.117958 0.053402 0.064319
-0.055786 0.015503 0.047974 -0.108465 0.030142 0.093275
-0.053467 0.014893 0.058350 -0.103955 0.028956 0.113449
-0.053223 0.025757 0.063354 -0.103480 0.050079 0.123180
-0.056274 0.045898 0.060303 -0.109414 0.089240 0.117246
-0.061279 0.067261 0.050171 -0.119145 0.130774 0.097547
-0.065674 0.085938 0.037964 -0.127689 0.167088 0.073813
-0.069092 0.104126 0.027588 -0.134335 0.202451 0.053639
-0.075195 0.119385 0.020630 -0.146202 0.232119 0.040111
-0.083862 0.127197 0.018799 -0.163053 0.247309 0.036550
-0.091675 0.129639 0.017334 -0.178243 0.252055 0.033702
-0.094727 0.128540 0.010864 -0.184176 0.249919 0.021123
-0.095337 0.123291 0.004639 -0.185363 0.239714 0.009019
-0.098145 0.118408 -0.000366 -0.190822 0.230220 -0.000712
-0.108032 0.116577 -0.003174 -0.210046 0.226660 -0.006171
-0.122559 0.122314 -0.006836 -0.238290 0.237815 -0.013291
-0.133301 0.140503 -0.023193 -0.259176 0.273179 -0.045095
-0.133667 0.173096 -0.058105 -0.259888 0.336549 -0.112974
-0.115601 0.208496 -0.105591 -0.224761 0.405377 -0.205299
-0.086060 0.232544 -0.151855 -0.167325 0.452133 -0.295251
-0.059692 0.230103 -0.180420 -0.116059 0.447386 -0.350789
-0.046265 0.195068 -0.181152 -0.089952 0.379270 -0.352213
-0.047607 0.141968 -0.153809 -0.092563 0.276027 -0.299049
-0.065430 0.088257 -0.103882 -0.127214 0.171597 -0.201977
-0.089478 0.062866 -0.042725 -0.173970 0.122230 -0.083069
-0.107178 0.083130 0.004883 -0.208385 0.161629 0.009494
-0.118042 0.137085 0.019897 -0.229508 0.266533 0.038686
-0.125977 0.192261 0.009277 -0.244935 0.373811 0.018038
-0.127563 0.222534 -0.015015 -0.248021 0.432671 -0.029193
-0.127075 0.215942 -0.036865 -0.247071 0.419855 -0.071677
-0.128784 0.180542 -0.043945 -0.250394 0.351026 -0.085443
-0.138428 0.125977 -0.035889 -0.269144 0.244935 -0.069778
-0.152832 0.061157 -0.015137 -0.297150 0.118907 -0.029430
-0.160645 0.000366 0.014038 -0.312340 0.000712 0.027294
-0.156616 -0.034668 0.041626 -0.304508 -0.067405 0.080933
-0.146240 -0.031006 0.065186 -0.284334 -0.060284 0.126740
-0.134521 -0.000122 0.083008 -0.261549 -0.000237 0.161391
-0.115601 0.036255 0.088135 -0.224761 0.070490 0.171360
-0.093018 0.062134 0.082153 -0.180853 0.120806 0.159730
-0.069458 0.067993 0.070923 -0.135047 0.132199 0.137895
-0.048218 0.053345 0.061646 -0.093749 0.103718 0.119857
-0.030396 0.030762 0.056519 -0.059098 0.059810 0.109889
-0.019653 0.019043 0.049927 -0.038212 0.037025 0.097072
-0.018433 0.021118 0.039429 -0.035838 0.041060 0.076661
-0.018555 0.031128 0.030151 -0.036076 0.060522 0.058623
-0.016479 0.046387 0.024414 -0.032041 0.090189 0.047468
-0.017700 0.062866 0.026001 -0.034414 0.122230 0.050553
-0.028076 0.068726 0.039063 -0.054588 0.133623 0.075949
-0.042358 0.067505 0.061279 -0.082357 0.131249 0.119145
