1.430420 -0.531738 0.370361 2.781153 -1.033854 0.720090
1.497803 -0.559814 0.493164 2.912165 -1.088443 0.958855
1.439331 -0.614502 0.597656 2.798479 -1.194771 1.162018
1.294800 -0.606079 0.704590 2.517468 -1.178395 1.369928
1.105713 -0.606567 0.822510 2.149828 -1.179344 1.599199
0.936035 -0.606079 0.955078 1.819925 -1.178395 1.856950
0.829590 -0.622803 1.098022 1.612965 -1.210910 2.134876
0.791016 -0.668701 1.245728 1.537965 -1.300150 2.422058
0.801270 -0.735474 1.388184 1.557902 -1.429975 2.699034
0.833374 -0.842285 1.520508 1.620322 -1.637648 2.956311
0.849976 -0.929199 1.638550 1.652600 -1.806634 3.185819
0.816528 -0.964233 1.747314 1.587569 -1.874751 3.397289
0.723877 -0.977905 1.857788 1.407428 -1.901333 3.612082
0.597900 -0.993286 1.973389 1.162493 -1.931238 3.836843
0.464478 -1.012817 2.078979 0.903080 -1.969212 4.042142
0.332642 -1.034058 2.147095 0.646752 -2.010509 4.174578
0.213135 -1.031616 2.173218 0.414396 -2.005763 4.225369
0.114624 -1.023438 2.181519 0.222863 -1.989861 4.241508
0.043213 -1.040039 2.201904 0.084018 -2.022139 4.281144
-0.007202 -1.082275 2.235107 -0.014003 -2.104259 4.345701
-0.043823 -1.154663 2.278320 -0.085205 -2.245002 4.429719
-0.069092 -1.238403 2.337402 -0.134335 -2.407817 4.544592
-0.098755 -1.301025 2.402710 -0.192008 -2.529573 4.671569
-0.140259 -1.312012 2.462158 -0.272704 -2.550933 4.787154
-0.185059 -1.276123 2.508667 -0.359808 -2.481155 4.877580
-0.227661 -1.203857 2.527954 -0.442640 -2.340650 4.915080
-0.258789 -1.077148 2.503540 -0.503161 -2.094291 4.867612
-0.271240 -0.922852 2.420410 -0.527370 -1.794293 4.705983
-0.261353 -0.776855 2.283691 -0.508146 -1.510434 4.440162
-0.235840 -0.645264 2.113647 -0.458541 -1.254581 4.109547
-0.229492 -0.567871 1.931152 -0.446200 -1.104107 3.754723
-0.223999 -0.556763 1.749268 -0.435519 -1.082509 3.401086
-0.212769 -0.624268 1.577393 -0.413684 -1.213758 3.066911
-0.197632 -0.742798 1.430664 -0.384254 -1.444216 2.781628
-0.185059 -0.851440 1.318970 -0.359808 -1.655448 2.564462
-0.174561 -0.888916 1.250122 -0.339397 -1.728312 2.430602
-0.147217 -0.848267 1.207886 -0.286232 -1.649278 2.348482
-0.079956 -0.744507 1.176270 -0.155458 -1.447538 2.287011
0.033447 -0.608154 1.134399 0.065031 -1.182429 2.205603
0.172363 -0.481323 1.059692 0.335124 -0.935833 2.060351
0.291748 -0.365356 0.955200 0.567243 -0.710359 1.857188
0.369263 -0.255615 0.826538 0.717954 -0.496991 1.607031
0.424438 -0.156006 0.654785 0.825232 -0.303321 1.273093
0.474121 -0.077148 0.440430 0.921830 -0.149999 0.856324
0.523682 -0.046997 0.185181 1.018190 -0.091376 0.360045
0.577271 -0.041504 -0.090332 1.122382 -0.080696 -0.175632
0.628906 -0.038452 -0.352783 1.222777 -0.074762 -0.685913
0.684082 -0.013184 -0.576294 1.330055 -0.025633 -1.120484
0.746338 0.039063 -0.746704 1.451098 0.075949 -1.451810
0.826904 0.115112 -0.871338 1.607743 0.223812 -1.694135
0.911133 0.208252 -0.964355 1.771508 0.404903 -1.874988
0.986206 0.310669 -1.038086 1.917472 0.604031 -2.018342
1.031738 0.390869 -1.099854 2.006000 0.759964 -2.138436
1.041870 0.445679 -1.165527 2.025699 0.866529 -2.266125
1.029419 0.464966 -1.257813 2.001491 0.904029 -2.445554
1.001587 0.470947 -1.381470 1.947377 0.915659 -2.685980
0.953735 0.474243 -1.526611 1.854340 0.922067 -2.968178
0.889648 0.498535 -1.675781 1.729736 0.969298 -3.258207
0.817017 0.554565 -1.819702 1.588519 1.078237 -3.538032
0.742798 0.608887 -1.951172 1.444216 1.183853 -3.793647
0.664429 0.652344 -2.060181 1.291843 1.268346 -4.005592
0.577271 0.686768 -2.132080 1.122382 1.335276 -4.145385
0.493408 0.699707 -2.164063 0.959329 1.360435 -4.207569
0.421875 0.694702 -2.168091 0.820248 1.350704 -4.215401
0.366699 0.681030 -2.165405 0.712970 1.324121 -4.210179
0.325317 0.655273 -2.178711 0.632512 1.274043 -4.236049
0.284180 0.619263 -2.224487 0.552528 1.204027 -4.325052
0.231445 0.571411 -2.301025 0.449997 1.110990 -4.473865
0.170288 0.547363 -2.382690 0.331090 1.064234 -4.632645
0.098022 0.535278 -2.435547 0.190584 1.040737 -4.735414
0.009888 0.507202 -2.436035 0.019225 0.986149 -4.736363
-0.094238 0.459717 -2.391724 -0.183227 0.893824 -4.650208
-0.206177 0.419434 -2.328369 -0.400868 0.815501 -4.527029
-0.320068 0.406616 -2.261230 -0.622306 0.790581 -4.396492
-0.429199 0.437744 -2.194946 -0.834488 0.851102 -4.267616
-0.534912 0.509033 -2.134399 -1.040025 0.989709 -4.149895
-0.638184 0.607300 -2.087524 -1.240815 1.180768 -4.058756
-0.708740 0.720581 -2.067261 -1.377998 1.401020 -4.019358
-0.744141 0.796387 -2.064331 -1.446826 1.548408 -4.013661
-0.768066 0.816162 -2.062622 -1.493345 1.586857 -4.010339
-0.796997 0.782715 -2.045898 -1.549595 1.521826 -3.977823
-0.834595 0.710815 -2.009521 -1.622696 1.382033 -3.907096
-0.871338 0.625610 -1.952515 -1.694135 1.216369 -3.796258
-0.880371 0.519043 -1.878540 -1.711698 1.009171 -3.652430
-0.874634 0.395142 -1.793213 -1.700543 0.768270 -3.486529
-0.824097 0.285889 -1.693359 -1.602284 0.555851 -3.292384
-0.728638 0.208008 -1.575928 -1.416684 0.404428 -3.064063
-0.617798 0.151245 -1.443237 -1.201179 0.294065 -2.806074
-0.516357 0.141113 -1.284668 -1.003949 0.274365 -2.497769
-0.450195 0.175049 -1.099854 -0.875311 0.340346 -2.138436
-0.431152 0.228516 -0.892578 -0.838286 0.444301 -1.735432
-0.449829 0.283936 -0.679932 -0.874599 0.552054 -1.321985
-0.477905 0.331299 -0.489258 -0.929187 0.644142 -0.951260
-0.491211 0.366455 -0.335693 -0.955057 0.712496 -0.652686
-0.479126 0.382080 -0.225220 -0.931561 0.742875 -0.437893
-0.443359 0.379150 -0.148193 -0.862020 0.737179 -0.288131
-0.387085 0.364868 -0.090576 -0.752606 0.709410 -0.176106
-0.321045 0.338379 -0.048096 -0.624205 0.657907 -0.093512
-0.252563 0.298950 -0.031250 -0.491057 0.581246 -0.060759
-0.186279 0.256348 -0.036377 -0.362181 0.498415 -0.070727
-0.129761 0.224731 -0.052124 -0.252293 0.436943 -0.101344
-0.097778 0.194824 -0.068848 -0.190110 0.378795 -0.133860
-0.097778 0.156982 -0.079346 -0.190110 0.305220 -0.154271
-0.119507 0.111572 -0.083740 -0.232356 0.216929 -0.162815
-0.151123 0.061279 -0.078125 -0.293827 0.119145 -0.151898
-0.181274 0.017578 -0.059082 -0.352450 0.034177 -0.114873
-0.202515 -0.012451 -0.026611 -0.393748 -0.024209 -0.051740
-0.206543 -0.028564 0.018433 -0.401580 -0.055538 0.035838
-0.192749 -0.038574 0.073730 -0.374760 -0.075000 0.143354
-0.162354 -0.048096 0.132568 -0.315663 -0.093512 0.257752
-0.120239 -0.057861 0.183350 -0.233780 -0.112499 0.356485
-0.068604 -0.062500 0.216919 -0.133385 -0.121518 0.421754
-0.021362 -0.063354 0.234619 -0.041535 -0.123180 0.456168
0.015625 -0.062744 0.239136 0.030380 -0.121993 0.464950
0.046387 -0.057861 0.227173 0.090189 -0.112499 0.441690
0.069580 -0.043945 0.199341 0.135284 -0.085443 0.387577
0.081421 -0.019165 0.162842 0.158306 -0.037262 0.316612
0.079834 0.003540 0.125977 0.155221 0.006883 0.244935
0.064209 0.024780 0.096680 0.124841 0.048180 0.187973
0.035156 0.042358 0.075684 0.068354 0.082357 0.147151
0.006836 0.053345 0.064331 0.013291 0.103718 0.125078
-0.012573 0.060913 0.063965 -0.024446 0.118433 0.124366
-0.024536 0.069214 0.067993 -0.047705 0.134572 0.132199
-0.031982 0.079346 0.071167 -0.062183 0.154271 0.138369
-0.031128 0.081421 0.070068 -0.060522 0.158306 0.136233
-0.023438 0.071045 0.059814 -0.045569 0.138132 0.116297
-0.016235 0.056030 0.039307 -0.031566 0.108939 0.076424
-0.014893 0.041870 0.011597 -0.028956 0.081408 0.022547
-0.019043 0.022949 -0.017822 -0.037025 0.044620 -0.034652
-0.031616 0.008789 -0.041992 -0.061471 0.017089 -0.081645
-0.059082 0.003540 -0.057129 -0.114873 0.006883 -0.111075
-0.095337 -0.001221 -0.062256 -0.185363 -0.002373 -0.121044
-0.128662 -0.008667 -0.062500 -0.250157 -0.016851 -0.121518
-0.149048 -0.016968 -0.063477 -0.289792 -0.032990 -0.123417
-0.155640 -0.026978 -0.066528 -0.302609 -0.052452 -0.129350
-0.153198 -0.036621 -0.070313 -0.297862 -0.071202 -0.136708
-0.146118 -0.046143 -0.071655 -0.284096 -0.089715 -0.139319
-0.137451 -0.057495 -0.065918 -0.267245 -0.111787 -0.128164
-0.130249 -0.061890 -0.051392 -0.253242 -0.120332 -0.099920
-0.127075 -0.061523 -0.029907 -0.247071 -0.119620 -0.058148
-0.125977 -0.062866 -0.005493 -0.244935 -0.122230 -0.010680
-0.126221 -0.062988 0.016724 -0.245410 -0.122468 0.032516
-0.129272 -0.061279 0.033936 -0.251343 -0.119145 0.065981
-0.134888 -0.062012 0.044434 -0.262261 -0.120569 0.086392
-0.142090 -0.065430 0.047485 -0.276264 -0.127214 0.092325
-0.147095 -0.068359 0.045654 -0.285995 -0.132911 0.088765
-0.146240 -0.068115 0.046265 -0.284334 -0.132436 0.089952
-0.139282 -0.067139 0.052124 -0.270805 -0.130537 0.101344
-0.126587 -0.067017 0.060181 -0.246122 -0.130300 0.117009
-0.113037 -0.064697 0.066772 -0.219777 -0.125790 0.129825
