0.869263 -0.073730 -0.406250 1.690100 -0.143354 -0.789868
0.976318 -0.189819 -0.329956 1.898248 -0.369064 -0.641531
1.080566 -0.226929 -0.221680 2.100936 -0.441216 -0.431010
1.167969 -0.277466 -0.089844 2.270872 -0.539474 -0.174682
1.224731 -0.434204 0.065430 2.381235 -0.844219 0.127214
1.263428 -0.572388 0.240234 2.456472 -1.112889 0.467086
1.279785 -0.631470 0.429321 2.488276 -1.227761 0.834726
1.253662 -0.676514 0.639526 2.437485 -1.315340 1.243426
1.208862 -0.748047 0.872437 2.350381 -1.454421 1.696271
1.162231 -0.834595 1.113403 2.259717 -1.622696 2.164781
1.093750 -0.921021 1.363281 2.126569 -1.790733 2.650616
0.988525 -0.979736 1.631836 1.921982 -1.904893 3.172765
0.827026 -1.015503 1.919312 1.607980 -1.974434 3.731701
0.620972 -1.027832 2.212891 1.207350 -1.998405 4.302505
0.398804 -1.038940 2.494995 0.775391 -2.020003 4.850998
0.175903 -1.068970 2.762573 0.342007 -2.078389 5.371248
-0.044189 -1.115112 3.014526 -0.085917 -2.168103 5.861118
-0.245361 -1.188477 3.255005 -0.477054 -2.310745 6.328679
-0.413452 -1.296875 3.482544 -0.803872 -2.521503 6.771081
-0.554565 -1.400269 3.682495 -1.078237 -2.722530 7.159844
-0.673340 -1.467529 3.848511 -1.309169 -2.853305 7.482627
-0.757690 -1.508423 3.980713 -1.473171 -2.932814 7.739666
-0.799683 -1.511963 3.999878 -1.554816 -2.939697 7.776929
-0.794678 -1.479004 3.999878 -1.545085 -2.875615 7.776929
-0.750854 -1.363525 3.922852 -1.459880 -2.651091 7.627167
-0.666138 -1.123169 3.672485 -1.295166 -2.183768 7.140382
-0.540405 -0.811157 3.218018 -1.050705 -1.577126 6.256764
-0.366943 -0.530273 2.555908 -0.713445 -1.031006 4.969431
-0.146851 -0.378052 1.747681 -0.285520 -0.735043 3.398001
0.138672 -0.442993 0.932617 0.269619 -0.861308 1.813280
0.442261 -0.531128 0.235840 0.859884 -1.032668 0.458541
0.694092 -0.531982 -0.260986 1.349517 -1.034329 -0.507434
0.871216 -0.414917 -0.576660 1.693898 -0.806720 -1.121196
0.970703 -0.212769 -0.775269 1.887330 -0.413684 -1.507348
1.010986 0.028564 -0.879639 1.965652 0.055538 -1.710274
1.007935 0.262573 -0.923340 1.959719 0.510519 -1.795242
0.979492 0.452148 -0.955200 1.904418 0.879108 -1.857188
0.944092 0.579346 -1.021606 1.835590 1.126417 -1.986301
0.909912 0.639404 -1.145874 1.769135 1.243188 -2.227913
0.888794 0.645630 -1.323364 1.728075 1.255293 -2.573006
0.886719 0.617798 -1.533081 1.724040 1.201179 -2.980757
0.898193 0.575073 -1.744995 1.746350 1.118110 -3.392779
0.903809 0.545044 -1.925537 1.757267 1.059724 -3.743806
0.900269 0.539185 -2.052979 1.750385 1.048332 -3.991589
0.875122 0.514282 -2.132813 1.701493 0.999915 -4.146810
0.807007 0.477417 -2.169678 1.569057 0.928238 -4.218486
0.708252 0.471436 -2.170776 1.377048 0.916608 -4.220622
0.605957 0.490112 -2.152466 1.178157 0.952921 -4.185021
0.497192 0.512329 -2.141479 0.966687 0.996117 -4.163661
0.379272 0.573242 -2.130127 0.737416 1.114550 -4.141588
0.268555 0.675781 -2.121948 0.522149 1.313916 -4.125686
0.167969 0.772949 -2.121216 0.326580 1.502839 -4.124262
0.080200 0.842773 -2.120850 0.155933 1.638597 -4.123550
-0.006714 0.877563 -2.116943 -0.013054 1.706239 -4.115955
-0.102905 0.879761 -2.093262 -0.200078 1.710511 -4.069911
-0.207764 0.854614 -2.029907 -0.403953 1.661619 -3.946732
-0.309814 0.817505 -1.926147 -0.602370 1.589468 -3.744992
-0.390991 0.771362 -1.800293 -0.760201 1.499753 -3.500294
-0.458496 0.705200 -1.677612 -0.891450 1.371115 -3.261768
-0.521118 0.644165 -1.566162 -1.013206 1.252445 -3.045076
-0.576782 0.596802 -1.462036 -1.121433 1.160357 -2.842625
-0.628540 0.563354 -1.356445 -1.222065 1.095325 -2.637325
-0.670532 0.548828 -1.243652 -1.303710 1.067082 -2.418023
-0.696899 0.541260 -1.127808 -1.354976 1.052367 -2.192787
-0.703247 0.545898 -1.013306 -1.367317 1.061386 -1.970162
-0.692139 0.559937 -0.903564 -1.345719 1.088680 -1.756793
-0.664307 0.572510 -0.803467 -1.291606 1.113126 -1.562174
-0.625854 0.570068 -0.708374 -1.216844 1.108379 -1.377286
-0.583252 0.553223 -0.616699 -1.134012 1.075626 -1.199043
-0.545166 0.525391 -0.534546 -1.059962 1.021513 -1.039313
-0.514038 0.480347 -0.466309 -0.999440 0.933934 -0.906640
-0.483765 0.421265 -0.418945 -0.940580 0.819061 -0.814552
-0.447754 0.368164 -0.388184 -0.870564 0.715818 -0.754742
-0.413452 0.342163 -0.362061 -0.803872 0.665265 -0.703951
-0.389648 0.349487 -0.334595 -0.757590 0.679505 -0.650550
-0.379883 0.381592 -0.310303 -0.738603 0.741926 -0.603319
-0.386108 0.411499 -0.286987 -0.750707 0.800074 -0.557987
-0.404175 0.413696 -0.258545 -0.785834 0.804346 -0.502687
-0.423706 0.376831 -0.218140 -0.823808 0.732669 -0.424127
-0.438110 0.303223 -0.166260 -0.851814 0.589553 -0.323257
-0.439453 0.206787 -0.110352 -0.854425 0.402054 -0.214556
-0.422241 0.104126 -0.057129 -0.820960 0.202451 -0.111075
-0.386841 0.016357 -0.004517 -0.752131 0.031804 -0.008782
-0.327881 -0.033203 0.049438 -0.637496 -0.064557 0.096123
-0.244751 -0.033691 0.095459 -0.475867 -0.065506 0.185600
-0.149658 0.011841 0.122803 -0.290979 0.023022 0.238764
-0.061279 0.076660 0.127930 -0.119145 0.149050 0.248733
0.004028 0.117798 0.113403 0.007832 0.229033 0.220489
0.039917 0.117676 0.092041 0.077610 0.228796 0.178955
0.047363 0.088257 0.076782 0.092088 0.171597 0.149287
0.030640 0.048950 0.070190 0.059572 0.095173 0.136471
0.003662 0.012939 0.068481 0.007120 0.025158 0.133148
-0.031494 -0.017822 0.068481 -0.061234 -0.034652 0.133148
-0.076538 -0.025146 0.072144 -0.148812 -0.048892 0.140268
-0.123657 -0.005005 0.079224 -0.240426 -0.009731 0.154034
-0.155762 0.032593 0.082764 -0.302846 0.063370 0.160917
-0.166016 0.078247 0.074829 -0.322783 0.152135 0.145490
-0.155640 0.116943 0.059570 -0.302609 0.227372 0.115822
-0.131226 0.127686 0.038818 -0.255141 0.248258 0.075474
-0.105713 0.107788 0.011230 -0.205537 0.209571 0.021835
-0.088135 0.064941 -0.020752 -0.171360 0.126265 -0.040348
-0.080688 0.006714 -0.047852 -0.156882 0.013054 -0.093037
-0.082031 -0.046631 -0.066772 -0.159493 -0.090664 -0.129825
-0.088013 -0.066406 -0.079102 -0.171122 -0.129113 -0.153797
-0.099731 -0.049316 -0.083008 -0.193907 -0.095885 -0.161391
-0.112671 -0.006470 -0.077271 -0.219065 -0.012579 -0.150236
-0.127563 0.041870 -0.063477 -0.248021 0.081408 -0.123417
-0.141235 0.074341 -0.044312 -0.274603 0.144540 -0.086155
-0.151855 0.083862 -0.025757 -0.295251 0.163053 -0.050079
-0.156616 0.077026 -0.014648 -0.304508 0.149762 -0.028481
-0.155884 0.062012 -0.011475 -0.303084 0.120569 -0.022310
-0.151123 0.044434 -0.014893 -0.293827 0.086392 -0.028956
-0.144409 0.027100 -0.020508 -0.280774 0.052690 -0.039873
-0.136475 0.008301 -0.026245 -0.265346 0.016139 -0.051028
-0.129395 -0.010986 -0.029419 -0.251581 -0.021361 -0.057199
-0.125000 -0.024170 -0.029297 -0.243036 -0.046993 -0.056962
-0.125000 -0.028564 -0.024658 -0.243036 -0.055538 -0.047943
-0.126587 -0.025635 -0.016602 -0.246122 -0.049841 -0.032278
-0.126709 -0.015869 -0.009766 -0.246359 -0.030854 -0.018987
-0.127686 -0.004028 -0.002563 -0.248258 -0.007832 -0.004984
-0.123779 0.010620 0.005737 -0.240663 0.020649 0.011155
-0.121460 0.019287 0.011230 -0.236154 0.037500 0.021835
-0.122681 0.020142 0.011597 -0.238527 0.039161 0.022547
-0.116699 0.016968 0.007446 -0.226897 0.032990 0.014478
-0.102661 0.017700 0.003052 -0.199603 0.034414 0.005934
-0.084595 0.021606 -0.001465 -0.164477 0.042009 -0.002848
-0.068604 0.022095 -0.010132 -0.133385 0.042959 -0.019699
-0.054199 0.017700 -0.021240 -0.105379 0.034414 -0.041297
-0.044067 0.013184 -0.031006 -0.085680 0.025633 -0.060284
-0.038452 0.012085 -0.035156 -0.074762 0.023497 -0.068354
-0.037109 0.015991 -0.031982 -0.072151 0.031092 -0.062183
-0.036011 0.019043 -0.025513 -0.070015 0.037025 -0.049604
-0.033447 0.022583 -0.019409 -0.065031 0.043908 -0.037737
-0.030762 0.027588 -0.015259 -0.059810 0.053639 -0.029668
-0.029541 0.031128 -0.011719 -0.057436 0.060522 -0.022785
-0.028687 0.031982 -0.007690 -0.055775 0.062183 -0.014952
-0.030762 0.033203 -0.001099 -0.059810 0.064557 -0.002136
-0.033447 0.034058 0.008179 -0.065031 0.066218 0.015902
-0.036011 0.030884 0.016968 -0.070015 0.060047 0.032990
-0.038940 0.024536 0.022583 -0.075712 0.047705 0.043908
-0.041138 0.015625 0.023804 -0.079984 0.030380 0.046281
-0.042114 0.008667 0.023071 -0.081882 0.016851 0.044857
-0.042603 0.003174 0.022705 -0.082832 0.006171 0.044145
-0.043823 -0.001465 0.023315 -0.085205 -0.002848 0.045332
-0.050415 -0.006958 0.026367 -0.098022 -0.013528 0.051266
-0.057739 -0.011841 0.029419 -0.112262 -0.023022 0.057199
-0.060547 -0.011108 0.028809 -0.117721 -0.021598 0.056012
-0.062256 -0.001221 0.023804 -0.121044 -0.002373 0.046281
-0.067383 0.007690 0.015259 -0.131012 0.014952 0.029668
-0.075928 0.007446 0.006226 -0.147626 0.014478 0.012104
