0.224609 0.202148 -0.144897 0.436706 0.393036 -0.281723
0.239258 0.218628 -0.120605 0.465187 0.425076 -0.234492
0.224609 0.197754 -0.084351 0.436706 0.384491 -0.164002
0.191772 0.226074 -0.039917 0.372862 0.439554 -0.077610
0.153687 0.197388 0.016479 0.298811 0.383779 0.032041
0.104370 0.168823 0.079834 0.202926 0.328242 0.155221
0.035278 0.138184 0.141357 0.068591 0.268669 0.274840
-0.054077 0.104370 0.202637 -0.105142 0.202926 0.393985
-0.160522 0.063110 0.272949 -0.312102 0.122705 0.530693
-0.280396 0.019897 0.356689 -0.545171 0.038686 0.693508
-0.401245 -0.032104 0.448853 -0.780138 -0.062420 0.872700
-0.510742 -0.100952 0.546021 -0.993032 -0.196280 1.061623
-0.609619 -0.168579 0.642334 -1.185277 -0.327767 1.248885
-0.703125 -0.223389 0.729980 -1.367080 -0.434333 1.419295
-0.804199 -0.267456 0.803589 -1.563598 -0.520013 1.562411
-0.918945 -0.301514 0.871460 -1.786698 -0.586231 1.694372
-1.079590 -0.351563 0.929565 -2.099037 -0.683540 1.807346
-1.308350 -0.427490 0.961182 -2.543813 -0.831166 1.868817
-1.493896 -0.454346 1.010742 -2.904570 -0.883381 1.965178
-1.617310 -0.484375 1.051147 -3.144521 -0.941766 2.043737
-1.688354 -0.542480 1.062744 -3.282654 -1.054740 2.066284
-1.708740 -0.612183 1.018433 -3.322289 -1.190261 1.980130
-1.700195 -0.658936 0.924072 -3.305676 -1.281163 1.796666
-1.668823 -0.670776 0.792969 -3.244679 -1.304185 1.541762
-1.624634 -0.658569 0.619751 -3.158762 -1.280451 1.204977
-1.583862 -0.620728 0.419800 -3.079490 -1.206875 0.816213
-1.546753 -0.558838 0.229492 -3.007339 -1.086544 0.446200
-1.491821 -0.480103 0.057739 -2.900536 -0.933459 0.112262
-1.406616 -0.390625 -0.088379 -2.734872 -0.759489 -0.171834
-1.299438 -0.304321 -0.204224 -2.526487 -0.591689 -0.397070
-1.206177 -0.231445 -0.311890 -2.345159 -0.449997 -0.606404
-1.149170 -0.171875 -0.434692 -2.234321 -0.334175 -0.845169
-1.126587 -0.129272 -0.585815 -2.190413 -0.251343 -1.138996
-1.122803 -0.109131 -0.756714 -2.183056 -0.212182 -1.471272
-1.091553 -0.113037 -0.927246 -2.122297 -0.219777 -1.802837
-0.992432 -0.121826 -1.088257 -1.929577 -0.236866 -2.115889
-0.813110 -0.105225 -1.207520 -1.580924 -0.204587 -2.347770
-0.564697 -0.053589 -1.275513 -1.097936 -0.104192 -2.479969
-0.284302 0.039429 -1.296997 -0.552766 0.076661 -2.521740
-0.005859 0.157715 -1.293335 -0.011392 0.306644 -2.514620
0.245483 0.247559 -1.297363 0.477291 0.481326 -2.522453
0.456787 0.286499 -1.318359 0.888127 0.557038 -2.563275
0.619751 0.286865 -1.367188 1.204977 0.557750 -2.658211
0.742798 0.258911 -1.453247 1.444216 0.503399 -2.825536
0.852295 0.233887 -1.566772 1.657110 0.454744 -3.046263
0.974731 0.232544 -1.680420 1.895162 0.452133 -3.267226
1.130615 0.276489 -1.764404 2.198246 0.537576 -3.430516
1.274536 0.367676 -1.796509 2.478070 0.714869 -3.492937
1.386963 0.525269 -1.774048 2.696660 1.021275 -3.449266
1.481812 0.677490 -1.700806 2.881074 1.317239 -3.306862
1.618896 0.859375 -1.576294 3.147607 1.670876 -3.064775
1.743896 0.923950 -1.393555 3.390643 1.796429 -2.709477
1.797729 0.859741 -1.159668 3.495310 1.671588 -2.254733
1.778931 0.759888 -0.895508 3.458760 1.477443 -1.741128
1.723389 0.693604 -0.628296 3.350770 1.348567 -1.221590
1.658936 0.674194 -0.363037 3.225455 1.310830 -0.705850
1.593018 0.699951 -0.106689 3.097291 1.360909 -0.207435
1.527588 0.765137 0.132324 2.970076 1.487649 0.257277
1.440674 0.717529 0.339722 2.801090 1.395086 0.660518
1.331055 0.660645 0.481567 2.587959 1.284486 0.936307
1.231323 0.641724 0.575562 2.394052 1.247698 1.119059
1.139893 0.622437 0.625610 2.216284 1.210198 1.216369
1.050903 0.608765 0.654785 2.043262 1.183616 1.273093
0.944946 0.546387 0.664795 1.837251 1.062335 1.292555
0.818237 0.420654 0.645142 1.590892 0.817875 1.254343
0.682861 0.300415 0.614380 1.327682 0.584094 1.194534
0.536255 0.176514 0.594727 1.042636 0.343194 1.156322
0.379761 0.082275 0.599487 0.738366 0.159967 1.165578
0.204102 -0.004395 0.634399 0.396833 -0.008544 1.233457
0.008057 -0.082520 0.680054 0.015664 -0.160442 1.322223
-0.187012 -0.104004 0.736938 -0.363605 -0.202214 1.432823
-0.354614 -0.089600 0.788574 -0.689474 -0.174208 1.533218
-0.487427 -0.042358 0.824829 -0.947700 -0.082357 1.603708
-0.587769 0.015869 0.849487 -1.142793 0.030854 1.651651
-0.667236 0.053955 0.861450 -1.297302 0.104904 1.674910
-0.734863 0.085815 0.856934 -1.428789 0.166850 1.666129
-0.799927 0.116577 0.837158 -1.555291 0.226660 1.627680
-0.863403 0.136108 0.809082 -1.678708 0.264634 1.573091
-0.935547 0.141724 0.779053 -1.818976 0.275552 1.514706
-1.027710 0.114868 0.750854 -1.998168 0.223337 1.459880
-1.159424 0.030029 0.731445 -2.254258 0.058386 1.422143
-1.337769 -0.083862 0.729370 -2.601012 -0.163053 1.418108
-1.570435 -0.222046 0.736572 -3.053383 -0.431722 1.432111
-1.882813 -0.380859 0.715942 -3.660737 -0.740502 1.392001
-2.130005 -0.396118 0.701904 -4.141351 -0.770169 1.364707
-2.240234 -0.394165 0.629028 -4.355669 -0.766372 1.223014
-2.299316 -0.444946 0.502075 -4.470541 -0.865105 0.976181
-2.306641 -0.495361 0.364136 -4.484782 -0.963127 0.707986
-2.248169 -0.506226 0.228882 -4.371096 -0.984250 0.445013
-2.146484 -0.506592 0.101563 -4.173391 -0.984962 0.197467
-2.010132 -0.466675 0.001953 -3.908283 -0.907352 0.003797
-1.823608 -0.350708 -0.088745 -3.545626 -0.681879 -0.172546
-1.617676 -0.206055 -0.166626 -3.145233 -0.400630 -0.323969
-1.415405 -0.091919 -0.219849 -2.751961 -0.178717 -0.427450
-1.272095 -0.052856 -0.252808 -2.473323 -0.102768 -0.491532
-1.155396 -0.025757 -0.251343 -2.246426 -0.050079 -0.488684
-1.010620 -0.032715 -0.235229 -1.964940 -0.063607 -0.457355
-0.858521 -0.067261 -0.199829 -1.669214 -0.130774 -0.388526
-0.691528 -0.028687 -0.146606 -1.344533 -0.055775 -0.285046
-0.507568 0.068237 -0.098145 -0.986861 0.132673 -0.190822
-0.315308 0.167114 -0.056885 -0.613050 0.324919 -0.110601
-0.167725 0.189209 -0.033691 -0.326106 0.367877 -0.065506
-0.090210 0.167236 -0.029663 -0.175394 0.325156 -0.057674
-0.063599 0.155273 -0.042603 -0.123654 0.301897 -0.082832
-0.064209 0.151733 -0.059082 -0.124841 0.295014 -0.114873
-0.077637 0.137817 -0.067139 -0.150948 0.267957 -0.130537
-0.096069 0.114502 -0.062866 -0.186787 0.222625 -0.122230
-0.130371 0.094116 -0.050049 -0.253479 0.182989 -0.097310
-0.158325 0.094971 -0.039551 -0.307830 0.184651 -0.076898
-0.144531 0.107788 -0.028564 -0.281011 0.209571 -0.055538
-0.087646 0.112549 -0.013062 -0.170410 0.218828 -0.025395
-0.015015 0.110474 0.007202 -0.029193 0.214793 0.014003
0.043091 0.096802 0.019043 0.083781 0.188211 0.037025
0.075317 0.071045 0.016602 0.146439 0.138132 0.032278
0.086792 0.045532 0.005371 0.168749 0.088528 0.010443
0.085693 0.033569 -0.005249 0.166613 0.065269 -0.010206
0.071167 0.038818 -0.013062 0.138369 0.075474 -0.025395
0.049561 0.054321 -0.015015 0.096360 0.105616 -0.029193
0.029053 0.072754 -0.011597 0.056487 0.141455 -0.022547
0.017090 0.087280 -0.005981 0.033228 0.169698 -0.011630
0.006348 0.094238 -0.000610 0.012342 0.183227 -0.001187
-0.006348 0.096558 0.004517 -0.012342 0.187736 0.008782
-0.021118 0.087036 0.009033 -0.041060 0.169224 0.017563
-0.034912 0.070435 0.014160 -0.067879 0.136945 0.027531
-0.050903 0.052979 0.016113 -0.098971 0.103006 0.031329
-0.071045 0.049316 0.017212 -0.138132 0.095885 0.033465
-0.092285 0.062012 0.018433 -0.179429 0.120569 0.035838
-0.105225 0.076538 0.017334 -0.204587 0.148812 0.033702
-0.112671 0.080688 0.014771 -0.219065 0.156882 0.028718
-0.113892 0.079102 0.007446 -0.221438 0.153797 0.014478
-0.109253 0.071533 -0.003662 -0.212420 0.139081 -0.007120
-0.102539 0.062744 -0.011719 -0.199366 0.121993 -0.022785
-0.102173 0.062744 -0.012573 -0.198654 0.121993 -0.024446
-0.102051 0.072388 -0.004028 -0.198416 0.140743 -0.007832
-0.102783 0.073364 0.014526 -0.199841 0.142642 0.028243
-0.093872 0.075684 0.032593 -0.182515 0.147151 0.063370
-0.071411 0.079224 0.042358 -0.138844 0.154034 0.082357
-0.047485 0.085449 0.043945 -0.092325 0.166138 0.085443
-0.027710 0.094971 0.037476 -0.053876 0.184651 0.072863
-0.014648 0.102051 0.021729 -0.028481 0.198416 0.042247
-0.007324 0.101563 0.000732 -0.014240 0.197467 0.001424
-0.005981 0.093018 -0.015137 -0.011630 0.180853 -0.029430
-0.005493 0.081665 -0.018799 -0.010680 0.158781 -0.036550
-0.006470 0.066772 -0.015869 -0.012579 0.129825 -0.030854
-0.010620 0.052612 -0.011841 -0.020649 0.102294 -0.023022
-0.016846 0.044556 -0.009644 -0.032753 0.086629 -0.018750
-0.020264 0.046875 -0.008179 -0.039398 0.091139 -0.015902
-0.019043 0.052979 -0.010986 -0.037025 0.103006 -0.021361
-0.019165 0.067139 -0.019043 -0.037262 0.130537 -0.037025
-0.022583 0.078857 -0.034546 -0.043908 0.153322 -0.067167
