0.316284 -0.138916 0.358765 0.614949 -0.270093 0.697543
0.354004 -0.027222 0.406982 0.688287 -0.052927 0.791292
0.405151 -0.033203 0.437622 0.787732 -0.064557 0.850865
0.505737 -0.041016 0.421509 0.983301 -0.079746 0.819536
0.656006 -0.082520 0.351196 1.275467 -0.160442 0.682828
0.810913 -0.120605 0.231689 1.576651 -0.234492 0.450472
0.920898 -0.141846 0.084961 1.790495 -0.275789 0.165189
1.017822 -0.131470 -0.059570 1.978943 -0.255615 -0.115822
1.101196 -0.086548 -0.187744 2.141047 -0.168274 -0.365029
1.146118 0.007568 -0.294067 2.228388 0.014715 -0.571753
1.169312 0.106201 -0.364014 2.273483 0.206486 -0.707749
1.205933 0.176636 -0.374146 2.344685 0.343431 -0.727448
1.267944 0.219482 -0.355835 2.465254 0.426738 -0.691847
1.335083 0.216675 -0.328003 2.595791 0.421279 -0.637733
1.404785 0.169067 -0.307373 2.731312 0.328716 -0.597623
1.472168 0.084229 -0.322754 2.862324 0.163765 -0.627528
1.512573 -0.055908 -0.359131 2.940883 -0.108702 -0.698255
1.497437 -0.211182 -0.397949 2.911453 -0.410599 -0.773729
1.460938 -0.263306 -0.468750 2.840488 -0.511943 -0.911387
1.421265 -0.201172 -0.589600 2.763353 -0.391137 -1.146354
1.334229 -0.092773 -0.702637 2.594129 -0.180379 -1.366131
1.194824 0.028809 -0.785156 2.323087 0.056012 -1.526573
1.033081 0.156616 -0.854248 2.008611 0.304508 -1.660907
0.909546 0.261108 -0.924316 1.768422 0.507671 -1.797141
0.834595 0.271606 -0.999146 1.622696 0.528082 -1.942630
0.780884 0.180298 -1.107666 1.518266 0.350552 -2.153626
0.729248 0.113892 -1.196899 1.417871 0.221438 -2.327121
0.631104 0.025024 -1.206543 1.227049 0.048655 -2.345871
0.481567 -0.101440 -1.172607 0.936307 -0.197230 -2.279891
0.300415 -0.277100 -1.120850 0.584094 -0.538762 -2.179259
0.121094 -0.452515 -1.078003 0.235442 -0.879820 -2.095952
-0.037842 -0.517212 -1.068481 -0.073575 -1.005611 -2.077440
-0.201538 -0.487061 -1.085815 -0.391849 -0.946988 -2.111142
-0.371582 -0.424316 -1.112915 -0.722464 -0.824995 -2.163831
-0.536133 -0.356567 -1.148193 -1.042399 -0.693271 -2.232423
-0.692627 -0.306152 -1.186523 -1.346669 -0.595249 -2.306947
-0.840820 -0.284546 -1.212280 -1.634800 -0.553240 -2.357026
-0.994141 -0.301147 -1.223999 -1.932899 -0.585518 -2.379811
-1.173462 -0.343750 -1.226685 -2.281552 -0.668350 -2.385032
-1.366089 -0.389160 -1.215698 -2.656075 -0.756641 -2.363672
-1.558105 -0.434448 -1.185303 -3.029411 -0.844694 -2.304574
-1.754150 -0.488770 -1.115601 -3.410580 -0.950311 -2.169053
-1.951294 -0.544678 -1.002563 -3.793885 -1.059012 -1.949276
-2.098267 -0.614258 -0.867920 -4.079642 -1.194296 -1.687489
-2.209351 -0.728271 -0.708862 -4.295622 -1.415972 -1.378235
-2.280518 -0.851318 -0.524292 -4.433991 -1.655211 -1.019377
-2.287354 -0.938477 -0.324463 -4.447282 -1.824672 -0.630850
-2.207397 -0.973633 -0.132080 -4.291824 -1.893026 -0.256802
-2.066040 -0.942139 0.057373 -4.016984 -1.831792 0.111550
-1.867676 -0.811523 0.249268 -3.631306 -1.577838 0.484649
-1.563721 -0.593506 0.457520 -3.040329 -1.153948 0.889551
-1.155762 -0.341064 0.686035 -2.247138 -0.663129 1.333852
-0.702393 -0.141846 0.933594 -1.365656 -0.275789 1.815179
-0.310913 -0.066650 1.160156 -0.604506 -0.129588 2.255682
-0.044678 -0.141479 1.324829 -0.086867 -0.275077 2.575854
0.142090 -0.309814 1.445435 0.276264 -0.602370 2.810346
0.291504 -0.495361 1.549072 0.566769 -0.963127 3.011848
0.418945 -0.625854 1.639404 0.814552 -1.216844 3.187480
0.540039 -0.682861 1.703369 1.049993 -1.327682 3.311846
0.664917 -0.648804 1.744873 1.292793 -1.261464 3.392542
0.777588 -0.512085 1.767212 1.511858 -0.995642 3.435975
0.859131 -0.300537 1.762817 1.670401 -0.584332 3.427431
0.906494 -0.065186 1.728516 1.762489 -0.126740 3.360739
0.922241 0.136108 1.663940 1.793106 0.264634 3.235185
0.923096 0.278564 1.573120 1.794767 0.541611 3.058604
0.924438 0.343994 1.456421 1.797378 0.668825 2.831707
0.924683 0.316040 1.321655 1.797853 0.614474 2.569683
0.911255 0.232300 1.186523 1.771745 0.451659 2.306947
0.873413 0.144775 1.052856 1.698170 0.281486 2.047060
0.822144 0.069702 0.922974 1.598487 0.135521 1.794530
0.765259 -0.004028 0.790527 1.487886 -0.007832 1.537016
0.693970 -0.079834 0.666382 1.349280 -0.155221 1.295641
0.598633 -0.152832 0.547119 1.163917 -0.297150 1.063759
0.493286 -0.200806 0.433350 0.959092 -0.390425 0.842558
0.400269 -0.223022 0.332397 0.778239 -0.433621 0.646278
0.319092 -0.238525 0.244873 0.620408 -0.463763 0.476105
0.235229 -0.247070 0.165771 0.457355 -0.480377 0.322308
0.146973 -0.257080 0.089966 0.285758 -0.499839 0.174920
0.048462 -0.272705 0.011597 0.094224 -0.530218 0.022547
-0.061157 -0.289063 -0.057617 -0.118907 -0.562022 -0.112025
-0.164063 -0.303589 -0.122925 -0.318985 -0.590265 -0.239002
-0.262207 -0.314209 -0.195068 -0.509807 -0.610914 -0.379270
-0.359009 -0.294067 -0.274414 -0.698018 -0.571753 -0.533541
-0.463745 -0.240112 -0.352173 -0.901656 -0.466848 -0.684727
-0.583252 -0.179199 -0.414551 -1.134012 -0.348416 -0.806008
-0.713013 -0.128296 -0.466187 -1.386305 -0.249445 -0.906403
-0.844971 -0.081665 -0.518066 -1.642869 -0.158781 -1.007272
-0.969604 -0.036499 -0.575562 -1.885194 -0.070965 -1.119059
-1.090698 0.001587 -0.638794 -2.120636 0.003085 -1.242002
-1.194580 0.034912 -0.703735 -2.322612 0.067879 -1.368267
-1.273926 0.075684 -0.773315 -2.476883 0.147151 -1.503551
-1.338257 0.134155 -0.846558 -2.601962 0.260837 -1.645955
-1.406006 0.208862 -0.920288 -2.733685 0.406089 -1.789308
-1.498169 0.307739 -0.987671 -2.912877 0.598335 -1.920320
-1.540283 0.429932 -1.064453 -2.994760 0.835912 -2.069607
-1.524414 0.494507 -1.132446 -2.963906 0.961465 -2.201806
-1.464478 0.511230 -1.176514 -2.847371 0.993981 -2.287486
-1.378052 0.523438 -1.192261 -2.679334 1.017715 -2.318103
-1.256836 0.566772 -1.170898 -2.443655 1.101971 -2.276568
-1.094604 0.622925 -1.107056 -2.128230 1.211147 -2.152439
-0.893677 0.656738 -1.002563 -1.737568 1.276891 -1.949276
-0.719727 0.617188 -0.844360 -1.399358 1.199993 -1.641683
-0.567383 0.567383 -0.666138 -1.103158 1.103158 -1.295166
-0.420654 0.512329 -0.501831 -0.817875 0.996117 -0.975706
-0.315308 0.434204 -0.356812 -0.613050 0.844219 -0.693746
-0.235962 0.388184 -0.242188 -0.458779 0.754742 -0.470883
-0.158447 0.344238 -0.159790 -0.308068 0.669300 -0.310678
-0.086792 0.307861 -0.090576 -0.168749 0.598572 -0.176106
-0.000854 0.260742 -0.062256 -0.001661 0.506959 -0.121044
0.065552 0.184570 -0.048096 0.127452 0.358858 -0.093512
0.106323 0.117798 -0.047485 0.206723 0.229033 -0.092325
0.114990 0.076050 -0.059204 0.223575 0.147863 -0.115110
0.099976 0.066040 -0.070679 0.194382 0.128401 -0.137420
0.080200 0.082886 -0.082153 0.155933 0.161154 -0.159730
0.065063 0.102661 -0.086060 0.126502 0.199603 -0.167325
0.050781 0.112061 -0.072144 0.098734 0.217878 -0.140268
0.030273 0.108643 -0.044678 0.058860 0.211233 -0.086867
0.005249 0.083618 -0.006958 0.010206 0.162578 -0.013528
-0.012695 0.039307 0.037720 -0.024683 0.076424 0.073338
-0.022827 -0.010010 0.077637 -0.044383 -0.019462 0.150948
-0.040405 -0.052490 0.107788 -0.078560 -0.102056 0.209571
-0.067139 -0.076294 0.126343 -0.130537 -0.148338 0.245647
-0.092285 -0.071289 0.135498 -0.179429 -0.138607 0.263448
-0.114136 -0.042725 0.137939 -0.221913 -0.083069 0.268195
-0.125977 -0.009277 0.136230 -0.244935 -0.018038 0.264872
-0.121826 0.020752 0.131470 -0.236866 0.040348 0.255615
-0.104492 0.032349 0.125366 -0.203163 0.062895 0.243748
-0.079834 0.024048 0.119385 -0.155221 0.046756 0.232119
-0.060547 0.005615 0.111816 -0.117721 0.010918 0.217404
-0.054077 -0.005859 0.101685 -0.105142 -0.011392 0.197704
-0.062500 -0.004028 0.088867 -0.121518 -0.007832 0.172784
-0.077148 0.005127 0.072144 -0.149999 0.009968 0.140268
-0.074585 0.017456 0.053101 -0.145015 0.033940 0.103243
-0.059448 0.020630 0.035034 -0.115585 0.040111 0.068117
-0.040527 0.014648 0.018799 -0.078797 0.028481 0.036550
-0.029297 0.006104 -0.000122 -0.056962 0.011867 -0.000237
-0.032471 0.003418 -0.023071 -0.063133 0.006646 -0.044857
-0.045410 0.005371 -0.044312 -0.088291 0.010443 -0.086155
-0.057129 0.007568 -0.059082 -0.111075 0.014715 -0.114873
-0.061768 0.014282 -0.065430 -0.120094 0.027769 -0.127214
-0.060425 0.017456 -0.063232 -0.117483 0.033940 -0.122942
-0.057251 0.012817 -0.057373 -0.111313 0.024921 -0.111550
-0.057251 0.004150 -0.052124 -0.111313 0.008070 -0.101344
-0.063599 -0.002319 -0.047485 -0.123654 -0.004509 -0.092325
-0.072266 -0.003418 -0.043335 -0.140505 -0.006646 -0.084256
-0.081055 0.003906 -0.039063 -0.157594 0.007595 -0.075949
-0.086426 0.007324 -0.034058 -0.168037 0.014240 -0.066218
-0.086060 -0.002197 -0.029907 -0.167325 -0.004272 -0.058148
-0.084351 -0.016113 -0.027466 -0.164002 -0.031329 -0.053402
-0.085205 -0.028198 -0.025513 -0.165664 -0.054826 -0.049604
