0.856812 0.155884 0.086670 1.665891 0.303084 0.168512
0.891602 0.081909 0.090942 1.733533 0.159255 0.176819
0.884399 -0.007690 0.089600 1.719530 -0.014952 0.174208
0.875977 -0.093994 0.082397 1.703154 -0.182752 0.160205
0.892456 -0.146240 0.040161 1.735195 -0.284334 0.078085
0.941772 -0.189819 -0.025513 1.831080 -0.369064 -0.049604
1.005615 -0.227905 -0.131592 1.955209 -0.443114 -0.255853
1.096191 -0.252563 -0.267212 2.131316 -0.491057 -0.519538
1.220093 -0.296143 -0.356445 2.372216 -0.575788 -0.693034
1.333618 -0.314941 -0.384155 2.592943 -0.612338 -0.746910
1.408569 -0.263306 -0.397705 2.738670 -0.511943 -0.773255
1.446777 -0.143555 -0.426147 2.812957 -0.279112 -0.828555
1.465942 -0.051147 -0.436035 2.850219 -0.099446 -0.847780
1.430542 -0.058716 -0.369019 2.781391 -0.114161 -0.717480
1.383423 -0.007935 -0.317383 2.689777 -0.015427 -0.617085
1.368408 0.110107 -0.332397 2.660585 0.214081 -0.646278
1.357788 0.199219 -0.402832 2.639936 0.387339 -0.783223
1.333130 0.222168 -0.495850 2.591993 0.431959 -0.964076
1.306030 0.207397 -0.618652 2.539304 0.403241 -1.202841
1.287598 0.149414 -0.765137 2.503465 0.290505 -1.487649
1.265747 0.051636 -0.894531 2.460981 0.100395 -1.739230
1.212891 -0.054565 -0.993896 2.358213 -0.106091 -1.932425
1.123657 -0.131104 -1.074463 2.184717 -0.254903 -2.089069
0.997559 -0.149292 -1.139404 1.939545 -0.290267 -2.215334
0.828369 -0.096313 -1.165405 1.610591 -0.187261 -2.265888
0.639160 0.015503 -1.156372 1.242714 0.030142 -2.248325
0.463257 0.128174 -1.128052 0.900706 0.249207 -2.193262
0.321411 0.182983 -1.074585 0.624917 0.355773 -2.089307
0.217041 0.166260 -1.007690 0.421991 0.323257 -1.959244
0.145508 0.096924 -0.956055 0.282910 0.188448 -1.858849
0.084473 0.013916 -0.929810 0.164239 0.027057 -1.807821
0.015503 -0.046997 -0.931030 0.030142 -0.091376 -1.810194
-0.060181 -0.086914 -0.952026 -0.117009 -0.168986 -1.851017
-0.133301 -0.115479 -0.986206 -0.259176 -0.224524 -1.917472
-0.206787 -0.131104 -1.018921 -0.402054 -0.254903 -1.981079
-0.294434 -0.137939 -1.038086 -0.572465 -0.268195 -2.018342
-0.399902 -0.137573 -1.043335 -0.777527 -0.267482 -2.028548
-0.514526 -0.134155 -1.036377 -1.000389 -0.260837 -2.015019
-0.642700 -0.159302 -1.013794 -1.249597 -0.309729 -1.971111
-0.783691 -0.212158 -0.977783 -1.523725 -0.412497 -1.901096
-0.920166 -0.282593 -0.935791 -1.789071 -0.549443 -1.819451
-1.053101 -0.358154 -0.894653 -2.047535 -0.696356 -1.739467
-1.175293 -0.418213 -0.856201 -2.285112 -0.813128 -1.664705
-1.278320 -0.454956 -0.819336 -2.485427 -0.884567 -1.593028
-1.368042 -0.477173 -0.780518 -2.659873 -0.927763 -1.517554
-1.453003 -0.484497 -0.731689 -2.825061 -0.942004 -1.422618
-1.511841 -0.452393 -0.661743 -2.939459 -0.879583 -1.286622
-1.515259 -0.394531 -0.572266 -2.946105 -0.767084 -1.112651
-1.471558 -0.347900 -0.455566 -2.861137 -0.676420 -0.885754
-1.400513 -0.319458 -0.322632 -2.723005 -0.621119 -0.627290
-1.362549 -0.313965 -0.165405 -2.649192 -0.610439 -0.321596
-1.312012 -0.289429 0.001221 -2.550933 -0.562734 0.002373
-1.202759 -0.300049 0.164917 -2.338514 -0.583382 0.320647
-1.082031 -0.364746 0.343872 -2.103784 -0.709173 0.668588
-0.977417 -0.452637 0.530273 -1.900384 -0.880058 1.031006
-0.903320 -0.535522 0.699829 -1.756318 -1.041212 1.360672
-0.835205 -0.582031 0.849243 -1.623882 -1.131639 1.651176
-0.752686 -0.607422 0.980713 -1.463440 -1.181005 1.906792
-0.655151 -0.605347 1.090332 -1.273805 -1.176970 2.119923
-0.534912 -0.551758 1.168945 -1.040025 -1.072778 2.272771
-0.395874 -0.457031 1.219727 -0.769695 -0.888602 2.371504
-0.263306 -0.349121 1.255371 -0.511943 -0.678793 2.440808
-0.158325 -0.269165 1.287109 -0.307830 -0.523335 2.502516
-0.072632 -0.231445 1.311646 -0.141217 -0.449997 2.550221
0.013794 -0.215698 1.322632 0.026819 -0.419380 2.571582
0.084961 -0.206787 1.316040 0.165189 -0.402054 2.558766
0.162964 -0.176392 1.276733 0.316849 -0.342957 2.482342
0.235229 -0.144287 1.214966 0.457355 -0.280536 2.362248
0.297485 -0.107056 1.142944 0.578398 -0.208147 2.222217
0.354980 -0.064697 1.062256 0.690186 -0.125790 2.065335
0.413818 -0.025635 0.982910 0.804584 -0.049841 1.911064
0.472290 0.012451 0.912109 0.918270 0.024209 1.773407
0.522949 0.057739 0.837891 1.016766 0.112262 1.629104
0.558472 0.102051 0.765015 1.085832 0.198416 1.487412
0.568115 0.126343 0.698120 1.104582 0.245647 1.357349
0.552368 0.126587 0.628052 1.073965 0.246122 1.221116
0.529541 0.126343 0.553345 1.029582 0.245647 1.075863
0.496948 0.113281 0.477783 0.966212 0.220252 0.928950
0.451538 0.077026 0.401245 0.877922 0.149762 0.780138
0.397949 0.041504 0.325684 0.773729 0.080696 0.633224
0.334961 0.026001 0.254761 0.651262 0.050553 0.495329
0.261597 0.049316 0.185425 0.508620 0.095885 0.360520
0.177002 0.096802 0.117432 0.344143 0.188211 0.228321
0.075684 0.126953 0.055420 0.147151 0.246834 0.107752
-0.042969 0.131836 0.003174 -0.083544 0.256328 0.006171
-0.157715 0.123291 -0.045776 -0.306644 0.239714 -0.089003
-0.262817 0.085083 -0.095337 -0.510994 0.165426 -0.185363
-0.354980 0.029297 -0.132446 -0.690186 0.056962 -0.257514
-0.439209 -0.027222 -0.169312 -0.853950 -0.052927 -0.329191
-0.523438 -0.082886 -0.217285 -1.017715 -0.161154 -0.422466
-0.617065 -0.129395 -0.263794 -1.199755 -0.251581 -0.512892
-0.728882 -0.164063 -0.301392 -1.417159 -0.318985 -0.585993
-0.856689 -0.196899 -0.337891 -1.665654 -0.382830 -0.656958
-0.976440 -0.230469 -0.381714 -1.898485 -0.448098 -0.742163
-1.080078 -0.266357 -0.432495 -2.099987 -0.517877 -0.840897
-1.166016 -0.299194 -0.484497 -2.267074 -0.581721 -0.942004
-1.239868 -0.335571 -0.543579 -2.410665 -0.652448 -1.056876
-1.293335 -0.368164 -0.616821 -2.514620 -0.715818 -1.199281
-1.323608 -0.413940 -0.699707 -2.573481 -0.804821 -1.360435
-1.323608 -0.471680 -0.768555 -2.573481 -0.917083 -1.494294
-1.295044 -0.529785 -0.829102 -2.517943 -1.030057 -1.612015
-1.305786 -0.585205 -0.873047 -2.538829 -1.137809 -1.697458
-1.351563 -0.569214 -0.924316 -2.627832 -1.106718 -1.797141
-1.384155 -0.524536 -0.965820 -2.691201 -1.019851 -1.877836
-1.402466 -0.471680 -0.972046 -2.726803 -0.917083 -1.889941
-1.375366 -0.356812 -0.957764 -2.674113 -0.693746 -1.862172
-1.310425 -0.189209 -0.930176 -2.547848 -0.367877 -1.808533
-1.193481 -0.007935 -0.878540 -2.320476 -0.015427 -1.708138
-1.031372 0.129028 -0.781250 -2.005288 0.250869 -1.518978
-0.835815 0.211182 -0.657837 -1.625069 0.410599 -1.279027
-0.617798 0.240479 -0.541138 -1.201179 0.467560 -1.052130
-0.441895 0.205200 -0.427490 -0.859172 0.398969 -0.831166
-0.301514 0.178955 -0.338745 -0.586231 0.347941 -0.658619
-0.193359 0.124268 -0.278076 -0.375947 0.241612 -0.540661
-0.114868 0.054443 -0.232544 -0.223337 0.105854 -0.452133
-0.059570 -0.011597 -0.192749 -0.115822 -0.022547 -0.374760
0.004028 -0.052246 -0.185547 0.007832 -0.101582 -0.360757
0.008423 -0.107300 -0.115234 0.016376 -0.208622 -0.224049
0.008423 -0.089722 -0.041382 0.016376 -0.174445 -0.080458
0.053467 -0.077271 -0.027466 0.103955 -0.150236 -0.053402
0.077148 -0.066895 0.003052 0.149999 -0.130062 0.005934
0.083130 -0.048828 0.034302 0.161629 -0.094936 0.066693
0.072876 -0.043335 0.070068 0.141692 -0.084256 0.136233
0.069336 -0.039673 0.091187 0.134809 -0.077136 0.177293
0.060791 -0.047607 0.098145 0.118195 -0.092563 0.190822
0.053711 -0.046021 0.091797 0.104430 -0.089477 0.178480
0.052979 -0.041260 0.073853 0.103006 -0.080221 0.143591
0.052368 -0.045776 0.053467 0.101819 -0.089003 0.103955
0.050415 -0.062012 0.033569 0.098022 -0.120569 0.065269
0.046875 -0.085205 0.024048 0.091139 -0.165664 0.046756
0.044922 -0.109253 0.026367 0.087341 -0.212420 0.051266
0.036865 -0.114136 0.036133 0.071677 -0.221913 0.070253
0.021606 -0.084717 0.043213 0.042009 -0.164714 0.084018
0.001587 -0.033081 0.051270 0.003085 -0.064319 0.099683
-0.018799 0.010498 0.067993 -0.036550 0.020411 0.132199
-0.028809 0.039185 0.085327 -0.056012 0.076186 0.165901
-0.032349 0.045654 0.091187 -0.062895 0.088765 0.177293
-0.056396 0.038452 0.122681 -0.109651 0.074762 0.238527
-0.075806 0.038574 0.142212 -0.147388 0.075000 0.276501
-0.087769 0.029663 0.145630 -0.170648 0.057674 0.283147
-0.099609 0.024048 0.148315 -0.193670 0.046756 0.288368
-0.108398 0.020386 0.144897 -0.210758 0.039636 0.281723
-0.113647 0.015625 0.132935 -0.220964 0.030380 0.258464
-0.119629 0.010498 0.116089 -0.232593 0.020411 0.225711
-0.131226 0.012817 0.098267 -0.255141 0.024921 0.191059
-0.147095 0.025879 0.082886 -0.285995 0.050316 0.161154
-0.161011 0.050781 0.069092 -0.313052 0.098734 0.134335
-0.154663 0.083862 0.034790 -0.300710 0.163053 0.067642
-0.167236 0.065674 0.038574 -0.325156 0.127689 0.075000
-0.169556 0.057007 0.050537 -0.329666 0.110838 0.098259
