-0.502686 0.364868 0.050659 -0.977367 0.709410 0.098496
-0.577759 0.333374 0.107300 -1.123332 0.648176 0.208622
-0.675415 0.246094 0.170532 -1.313204 0.478478 0.331564
-0.751831 0.179321 0.235474 -1.461779 0.348653 0.457829
-0.857788 0.062744 0.286011 -1.667790 0.121993 0.556088
-0.979858 -0.084229 0.310547 -1.905131 -0.163765 0.603794
-1.116333 -0.202393 0.318848 -2.170477 -0.393510 0.619933
-1.314209 -0.355225 0.307495 -2.555206 -0.690660 0.597860
-1.527588 -0.409302 0.289429 -2.970076 -0.795802 0.562734
-1.722656 -0.372559 0.278198 -3.349346 -0.724363 0.540899
-1.884155 -0.370605 0.281738 -3.663347 -0.720565 0.547781
-2.047119 -0.477051 0.331177 -3.980196 -0.927526 0.643904
-2.207397 -0.635498 0.439453 -4.291824 -1.235594 0.854425
-2.299072 -0.782104 0.567505 -4.470067 -1.520639 1.103395
-2.303223 -0.877197 0.686890 -4.478137 -1.705527 1.335514
-2.203247 -0.888916 0.764526 -4.283755 -1.728312 1.486462
-2.002808 -0.838623 0.798828 -3.894042 -1.630528 1.553155
-1.836304 -0.720947 0.773071 -3.570310 -1.401732 1.503076
-1.634277 -0.503540 0.689331 -3.177512 -0.979029 1.340261
-1.455811 -0.330322 0.580566 -2.830520 -0.642243 1.128790
-1.291748 -0.246338 0.467773 -2.511535 -0.478953 0.909488
-1.093994 -0.232910 0.370972 -2.127044 -0.452845 0.721277
-0.853638 -0.262329 0.296021 -1.659721 -0.510044 0.575550
-0.570557 -0.280029 0.240967 -1.109329 -0.544459 0.468510
-0.221069 -0.237183 0.185669 -0.429823 -0.461152 0.360995
0.154419 -0.183105 0.129517 0.300235 -0.356010 0.251818
0.473267 -0.125366 0.083130 0.920168 -0.243748 0.161629
0.763916 -0.046143 0.035400 1.485276 -0.089715 0.068829
1.021729 0.014526 -0.004517 1.986538 0.028243 -0.008782
1.223877 0.080200 -0.033203 2.379574 0.155933 -0.064557
1.326172 0.170898 -0.047607 2.578465 0.332276 -0.092563
1.364624 0.324219 -0.085815 2.653227 0.630376 -0.166850
1.373901 0.442383 -0.152710 2.671265 0.860121 -0.296913
1.344116 0.507690 -0.222900 2.613354 0.987098 -0.433383
1.289673 0.535156 -0.299438 2.507500 1.040500 -0.582196
1.222412 0.512207 -0.385132 2.376726 0.995880 -0.748809
1.159912 0.463501 -0.477417 2.255207 0.901181 -0.928238
1.112427 0.422363 -0.568726 2.162882 0.821197 -1.105768
1.079102 0.394775 -0.647583 2.098088 0.767558 -1.259090
1.054810 0.384888 -0.704468 2.050857 0.748334 -1.369691
1.065918 0.394775 -0.742065 2.072455 0.767558 -1.442792
1.112183 0.388428 -0.763184 2.162407 0.755217 -1.483851
1.162476 0.359985 -0.783325 2.260191 0.699916 -1.523013
1.183960 0.329224 -0.796753 2.301963 0.640107 -1.549120
1.163574 0.323486 -0.800293 2.262328 0.628952 -1.556003
1.104248 0.344238 -0.796997 2.146980 0.669300 -1.549595
1.034790 0.363159 -0.788086 2.011934 0.706087 -1.532269
0.937134 0.329224 -0.771240 1.822061 0.640107 -1.499516
0.800293 0.287231 -0.759277 1.556003 0.558462 -1.476257
0.657715 0.265015 -0.762085 1.278789 0.515266 -1.481715
0.511475 0.244263 -0.780273 0.994456 0.474918 -1.517079
0.370117 0.218140 -0.803101 0.719616 0.424127 -1.561462
0.239990 0.174927 -0.814941 0.466611 0.340109 -1.584484
0.117432 0.120972 -0.816162 0.228321 0.235204 -1.586857
0.001953 0.069580 -0.811646 0.003797 0.135284 -1.578076
-0.107178 0.027588 -0.798584 -0.208385 0.053639 -1.552680
-0.221680 -0.018433 -0.768799 -0.431010 -0.035838 -1.494769
-0.350342 -0.083496 -0.719727 -0.681167 -0.162341 -1.399358
-0.502197 -0.160767 -0.639648 -0.976418 -0.312577 -1.243663
-0.714722 -0.247070 -0.532959 -1.389627 -0.480377 -1.036228
-0.946045 -0.272095 -0.413086 -1.839387 -0.529032 -0.803160
-1.128906 -0.303589 -0.294189 -2.194923 -0.590265 -0.571990
-1.303223 -0.410278 -0.172241 -2.533845 -0.797701 -0.334887
-1.466919 -0.531982 -0.045410 -2.852118 -1.034329 -0.088291
-1.612549 -0.629272 0.088745 -3.135265 -1.223489 0.172546
-1.721191 -0.714233 0.218872 -3.346498 -1.388678 0.425551
-1.787476 -0.769775 0.336548 -3.475374 -1.496668 0.654347
-1.768555 -0.759033 0.422729 -3.438586 -1.475782 0.821909
-1.668457 -0.735718 0.468872 -3.243967 -1.430450 0.911624
-1.516724 -0.723267 0.484009 -2.948953 -1.406241 0.941054
-1.348999 -0.721069 0.480713 -2.622848 -1.401969 0.934646
-1.188232 -0.721313 0.468750 -2.310270 -1.402444 0.911387
-1.053101 -0.716309 0.461426 -2.047535 -1.392713 0.897146
-0.948608 -0.713135 0.470337 -1.844371 -1.386542 0.914472
-0.965576 -0.659302 0.537842 -1.877362 -1.281875 1.045721
-1.004639 -0.436401 0.557739 -1.953310 -0.848491 1.084408
-0.936279 -0.192871 0.513794 -1.820400 -0.374998 0.998965
-0.784790 -0.043091 0.458862 -1.525861 -0.083781 0.892162
-0.587769 0.054077 0.404419 -1.142793 0.105142 0.786308
-0.397949 0.121094 0.337036 -0.773729 0.235442 0.655297
-0.235718 0.158447 0.257446 -0.458304 0.308068 0.500551
-0.105835 0.187744 0.175537 -0.205774 0.365029 0.341295
-0.012207 0.203003 0.100464 -0.023734 0.394697 0.195331
0.036621 0.211670 0.039917 0.071202 0.411548 0.077610
0.047119 0.225830 -0.004150 0.091613 0.439080 -0.008070
0.041260 0.247070 -0.032227 0.080221 0.480377 -0.062658
0.034546 0.253174 -0.048584 0.067167 0.492244 -0.094461
0.033081 0.232544 -0.058960 0.064319 0.452133 -0.114635
0.035278 0.192871 -0.065918 0.068591 0.374998 -0.128164
0.039673 0.147705 -0.071777 0.077136 0.287182 -0.139556
0.046387 0.109741 -0.081543 0.090189 0.213369 -0.158543
0.053467 0.083740 -0.092773 0.103955 0.162815 -0.180379
0.056763 0.067383 -0.099365 0.110363 0.131012 -0.193195
0.052612 0.062622 -0.097900 0.102294 0.121756 -0.190347
0.043823 0.069458 -0.089355 0.085205 0.135047 -0.173733
0.031128 0.078857 -0.077393 0.060522 0.153322 -0.150474
0.016113 0.076294 -0.060669 0.031329 0.148338 -0.117958
0.002441 0.058472 -0.041748 0.004747 0.113686 -0.081170
-0.006592 0.036133 -0.025146 -0.012816 0.070253 -0.048892
-0.012207 0.021118 -0.011353 -0.023734 0.041060 -0.022073
-0.015869 0.020264 -0.003540 -0.030854 0.039398 -0.006883
-0.013550 0.025513 -0.003418 -0.026345 0.049604 -0.006646
-0.009033 0.029907 -0.005249 -0.017563 0.058148 -0.010206
-0.005371 0.028809 -0.009155 -0.010443 0.056012 -0.017801
-0.007202 0.023926 -0.013306 -0.014003 0.046519 -0.025870
-0.014282 0.023193 -0.015259 -0.027769 0.045095 -0.029668
-0.025757 0.027344 -0.016602 -0.050079 0.053164 -0.032278
-0.037842 0.031494 -0.013062 -0.073575 0.061234 -0.025395
-0.049805 0.034180 -0.002319 -0.096835 0.066455 -0.004509
-0.055664 0.034058 0.012085 -0.108227 0.066218 0.023497
-0.054688 0.034790 0.024902 -0.106328 0.067642 0.048417
-0.052368 0.032715 0.030518 -0.101819 0.063607 0.059335
-0.056396 0.026123 0.031860 -0.109651 0.050791 0.061946
-0.069580 0.016846 0.031982 -0.135284 0.032753 0.062183
-0.087646 0.012451 0.031372 -0.170410 0.024209 0.060996
-0.104492 0.015991 0.029297 -0.203163 0.031092 0.056962
-0.115845 0.019897 0.026978 -0.225236 0.038686 0.052452
-0.121216 0.020752 0.024414 -0.235679 0.040348 0.047468
-0.121826 0.012451 0.021729 -0.236866 0.024209 0.042247
-0.121460 -0.005371 0.020142 -0.236154 -0.010443 0.039161
-0.121704 -0.018433 0.018188 -0.236628 -0.035838 0.035364
-0.119141 -0.017822 0.012329 -0.231644 -0.034652 0.023971
-0.116333 -0.004395 0.004761 -0.226185 -0.008544 0.009256
-0.110718 0.014282 -0.005981 -0.215268 0.027769 -0.011630
-0.101929 0.033203 -0.019653 -0.198179 0.064557 -0.038212
-0.089600 0.041870 -0.030640 -0.174208 0.081408 -0.059572
-0.076294 0.040161 -0.038330 -0.148338 0.078085 -0.074525
-0.067261 0.034302 -0.043457 -0.130774 0.066693 -0.084493
-0.063477 0.026978 -0.045898 -0.123417 0.052452 -0.089240
-0.064819 0.024658 -0.046875 -0.126028 0.047943 -0.091139
-0.069458 0.025269 -0.046021 -0.135047 0.049129 -0.089477
-0.075928 0.023926 -0.043579 -0.147626 0.046519 -0.084730
-0.081299 0.026001 -0.040527 -0.158069 0.050553 -0.078797
-0.085327 0.026001 -0.037476 -0.165901 0.050553 -0.072863
-0.088745 0.022217 -0.037476 -0.172546 0.043196 -0.072863
-0.088867 0.019043 -0.041870 -0.172784 0.037025 -0.081408
-0.088745 0.014526 -0.043579 -0.172546 0.028243 -0.084730
-0.091553 0.009277 -0.038208 -0.178005 0.018038 -0.074288
-0.096680 0.003784 -0.027344 -0.187973 0.007358 -0.053164
-0.103760 0.001709 -0.016846 -0.201739 0.003323 -0.032753
-0.109741 0.004272 -0.010132 -0.213369 0.008307 -0.019699
-0.110840 0.011353 -0.008301 -0.215505 0.022073 -0.016139
-0.103394 0.018311 -0.007324 -0.201027 0.035601 -0.014240
-0.086060 0.022217 -0.002563 -0.167325 0.043196 -0.004984
-0.063110 0.027344 0.001953 -0.122705 0.053164 0.003797
-0.044556 0.033936 0.002075 -0.086629 0.065981 0.004035
-0.038696 0.040527 0.002197 -0.075237 0.078797 0.004272
-0.040894 0.049561 0.001343 -0.079509 0.096360 0.002611
-0.045288 0.062378 -0.002686 -0.088053 0.121281 -0.005221
-0.048096 0.066284 -0.006714 -0.093512 0.128876 -0.013054
