-0.260864 0.311646 -0.345459 -0.507196 0.605930 -0.671673
-0.267578 0.317627 -0.380127 -0.520250 0.617559 -0.739078
-0.292847 0.376099 -0.408936 -0.569379 0.731245 -0.795090
-0.348389 0.384644 -0.417603 -0.677369 0.747859 -0.811941
-0.419434 0.369629 -0.401001 -0.815501 0.718666 -0.779663
-0.505371 0.321533 -0.361206 -0.982589 0.625154 -0.702290
-0.609863 0.239136 -0.308960 -1.185752 0.464950 -0.600708
-0.734253 0.139160 -0.242188 -1.427602 0.270568 -0.470883
-0.877686 0.046265 -0.176758 -1.706477 0.089952 -0.343669
-1.019531 -0.026978 -0.122192 -1.982266 -0.052452 -0.237578
-1.209595 -0.093506 -0.071411 -2.351805 -0.181803 -0.138844
-1.416382 -0.087402 -0.009644 -2.753859 -0.169936 -0.018750
-1.523438 -0.068604 0.039795 -2.962007 -0.133385 0.077373
-1.592407 -0.169312 0.113770 -3.096104 -0.329191 0.221201
-1.678345 -0.364136 0.229614 -3.263191 -0.707986 0.446437
-1.751709 -0.580688 0.368286 -3.405833 -1.129028 0.716056
-1.772217 -0.759644 0.510254 -3.445706 -1.476969 0.992082
-1.738892 -0.811646 0.624756 -3.380912 -1.578076 1.214708
-1.634888 -0.732788 0.701294 -3.178699 -1.424754 1.363520
-1.483887 -0.607788 0.742310 -2.885108 -1.181717 1.443266
-1.330322 -0.479004 0.739746 -2.586535 -0.931323 1.438282
-1.217163 -0.411377 0.705078 -2.366520 -0.799837 1.370878
-1.141113 -0.422119 0.652100 -2.218657 -0.820723 1.267872
-1.100586 -0.489380 0.603271 -2.139860 -0.951497 1.172936
-1.184082 -0.613892 0.577515 -2.302201 -1.193584 1.122857
-1.332764 -0.663086 0.546265 -2.591281 -1.289232 1.062098
-1.351440 -0.611084 0.502319 -2.627594 -1.188125 0.976655
-1.231445 -0.555298 0.474609 -2.394289 -1.079661 0.922779
-1.046753 -0.524292 0.481445 -2.035193 -1.019377 0.936070
-0.833496 -0.484131 0.492310 -1.620559 -0.941292 0.957193
-0.623413 -0.411377 0.481567 -1.212097 -0.799837 0.936307
-0.433716 -0.335205 0.442993 -0.843270 -0.651736 0.861308
-0.272827 -0.282349 0.377686 -0.530456 -0.548968 0.734331
-0.112549 -0.236206 0.293213 -0.218828 -0.459253 0.570091
0.073242 -0.182983 0.197144 0.142404 -0.355773 0.383305
0.268555 -0.123901 0.094727 0.522149 -0.240900 0.184176
0.444824 -0.060425 0.012329 0.864868 -0.117483 0.023971
0.569824 -0.010986 -0.052734 1.107904 -0.021361 -0.102531
0.652710 0.059448 -0.127075 1.269058 0.115585 -0.247071
0.728516 0.141968 -0.230713 1.416447 0.276027 -0.448573
0.761719 0.194824 -0.325684 1.481003 0.378795 -0.633224
0.738892 0.245117 -0.393433 1.436621 0.476579 -0.764948
0.712280 0.310913 -0.463257 1.384881 0.604506 -0.900706
0.714111 0.345215 -0.526245 1.388441 0.671198 -1.023174
0.763306 0.359009 -0.584351 1.484089 0.698018 -1.136148
0.850220 0.362061 -0.649902 1.653075 0.703951 -1.263600
0.931396 0.348633 -0.699219 1.810906 0.677844 -1.359485
0.995483 0.358154 -0.734253 1.935510 0.696356 -1.427602
1.041870 0.380127 -0.758423 2.025699 0.739078 -1.474595
1.086426 0.405762 -0.783936 2.112329 0.788919 -1.524199
1.105347 0.390869 -0.799805 2.149116 0.759964 -1.555054
1.060425 0.338501 -0.787476 2.061775 0.658145 -1.531082
0.995605 0.335693 -0.803589 1.935747 0.652686 -1.562411
0.925781 0.333862 -0.839233 1.799989 0.649126 -1.631714
0.842896 0.337280 -0.874146 1.638835 0.655771 -1.699594
0.749634 0.344849 -0.894165 1.457507 0.670486 -1.738518
0.646851 0.328491 -0.901245 1.257666 0.638683 -1.752283
0.544434 0.293945 -0.897949 1.058538 0.571515 -1.745875
0.442261 0.256348 -0.879883 0.859884 0.498415 -1.710749
0.352783 0.228394 -0.849487 0.685913 0.444064 -1.651651
0.279419 0.221558 -0.813354 0.543272 0.430773 -1.581398
0.213623 0.195435 -0.773193 0.415345 0.379982 -1.503313
0.130615 0.172485 -0.737305 0.253954 0.335362 -1.433535
0.037476 0.161621 -0.700195 0.072863 0.314239 -1.361384
-0.078003 0.155151 -0.672363 -0.151660 0.301659 -1.307270
-0.219849 0.140137 -0.649658 -0.427450 0.272467 -1.263125
-0.378418 0.093140 -0.619873 -0.735755 0.181091 -1.205214
-0.540894 0.016479 -0.580322 -1.051655 0.032041 -1.128316
-0.701538 -0.083374 -0.531006 -1.363995 -0.162103 -1.032430
-0.861084 -0.216553 -0.470215 -1.674198 -0.421042 -0.914235
-1.017334 -0.388306 -0.392578 -1.977994 -0.754979 -0.763286
-1.189209 -0.599365 -0.298340 -2.312169 -1.165341 -0.580060
-1.375366 -0.825073 -0.194824 -2.674113 -1.604183 -0.378795
-1.564453 -1.012207 -0.089600 -3.041753 -1.968026 -0.174208
-1.719360 -1.102661 -0.002075 -3.342938 -2.143895 -0.004035
-1.841187 -1.163940 0.084717 -3.579803 -2.263040 0.164714
-1.934326 -1.227905 0.192871 -3.760894 -2.387406 0.374998
-1.986450 -1.289673 0.318604 -3.862238 -2.507500 0.619458
-1.959717 -1.264160 0.421021 -3.810261 -2.457896 0.818587
-1.823364 -1.133301 0.477417 -3.545152 -2.203467 0.928238
-1.569702 -0.933716 0.494507 -3.051959 -1.815416 0.961465
-1.231934 -0.690430 0.501099 -2.395238 -1.342397 0.974282
-0.885864 -0.447021 0.504761 -1.722378 -0.869140 0.981402
-0.607178 -0.273560 0.489502 -1.180531 -0.531880 0.951735
-0.427856 -0.198975 0.450195 -0.831878 -0.386865 0.875311
-0.338257 -0.184448 0.393555 -0.657670 -0.358621 0.765185
-0.322021 -0.205811 0.323364 -0.626104 -0.400156 0.628714
-0.360107 -0.221802 0.258911 -0.700154 -0.431247 0.503399
-0.422119 -0.201660 0.217041 -0.820723 -0.392086 0.421991
-0.535645 -0.133179 0.215820 -1.041449 -0.258938 0.419618
-0.625244 -0.023315 0.195313 -1.215657 -0.045332 0.379744
-0.627441 0.061890 0.158813 -1.219929 0.120332 0.308780
-0.570923 0.113892 0.132324 -1.110041 0.221438 0.257277
-0.464355 0.150391 0.102051 -0.902842 0.292403 0.198416
-0.338013 0.169067 0.078735 -0.657195 0.328716 0.153084
-0.227905 0.182983 0.063232 -0.443114 0.355773 0.122942
-0.157349 0.179565 0.050049 -0.305932 0.349128 0.097310
-0.134521 0.122925 0.048828 -0.261549 0.239002 0.094936
-0.147705 0.025513 0.058105 -0.287182 0.049604 0.112974
-0.162842 -0.060059 0.064453 -0.316612 -0.116771 0.125316
-0.146851 -0.097778 0.059937 -0.285520 -0.190110 0.116534
-0.102661 -0.082275 0.048950 -0.199603 -0.159967 0.095173
-0.044556 -0.033813 0.028931 -0.086629 -0.065743 0.056250
0.009888 0.022339 -0.000977 0.019225 0.043433 -0.001899
0.047485 0.065918 -0.032227 0.092325 0.128164 -0.062658
0.070557 0.095703 -0.053955 0.137183 0.186075 -0.104904
0.083618 0.109863 -0.062988 0.162578 0.213606 -0.122468
0.085327 0.101563 -0.061279 0.165901 0.197467 -0.119145
0.076050 0.080444 -0.054199 0.147863 0.156407 -0.105379
0.061890 0.058350 -0.044678 0.120332 0.113449 -0.086867
0.038574 0.033569 -0.034180 0.075000 0.065269 -0.066455
0.013794 0.007813 -0.028687 0.026819 0.015190 -0.055775
-0.004639 -0.017334 -0.023682 -0.009019 -0.033702 -0.046044
-0.018555 -0.037231 -0.019043 -0.036076 -0.072389 -0.037025
-0.030884 -0.047119 -0.019409 -0.060047 -0.091613 -0.037737
-0.042358 -0.050903 -0.020508 -0.082357 -0.098971 -0.039873
-0.053467 -0.058105 -0.017334 -0.103955 -0.112974 -0.033702
-0.070923 -0.064331 -0.008545 -0.137895 -0.125078 -0.016614
-0.088257 -0.063965 -0.001343 -0.171597 -0.124366 -0.002611
-0.100098 -0.063843 0.001709 -0.194619 -0.124129 0.003323
-0.104858 -0.068726 0.004883 -0.203875 -0.133623 0.009494
-0.103394 -0.066284 0.006470 -0.201027 -0.128876 0.012579
-0.099365 -0.056274 0.006104 -0.193195 -0.109414 0.011867
-0.093384 -0.045532 0.000122 -0.181565 -0.088528 0.000237
-0.088867 -0.030029 -0.008179 -0.172784 -0.058386 -0.015902
-0.088745 -0.006592 -0.012695 -0.172546 -0.012816 -0.024683
-0.089478 0.011597 -0.017090 -0.173970 0.022547 -0.033228
-0.086426 0.018433 -0.022461 -0.168037 0.035838 -0.043671
-0.083008 0.019653 -0.025269 -0.161391 0.038212 -0.049129
-0.083374 0.021729 -0.023071 -0.162103 0.042247 -0.044857
-0.087036 0.020630 -0.020264 -0.169224 0.040111 -0.039398
-0.089844 0.006104 -0.018433 -0.174682 0.011867 -0.035838
-0.094360 -0.016724 -0.014771 -0.183464 -0.032516 -0.028718
-0.095215 -0.030640 -0.014160 -0.185125 -0.059572 -0.027531
-0.093628 -0.040161 -0.020020 -0.182040 -0.078085 -0.038924
-0.093628 -0.044312 -0.029663 -0.182040 -0.086155 -0.057674
-0.098633 -0.027222 -0.038452 -0.191771 -0.052927 -0.074762
-0.105957 -0.001343 -0.042603 -0.206011 -0.002611 -0.082832
-0.111694 0.009033 -0.040405 -0.217166 0.017563 -0.078560
-0.112549 0.002319 -0.032837 -0.218828 0.004509 -0.063845
-0.107544 -0.015625 -0.024902 -0.209097 -0.030380 -0.048417
-0.102173 -0.036255 -0.018921 -0.198654 -0.070490 -0.036788
-0.101196 -0.041748 -0.015503 -0.196755 -0.081170 -0.030142
-0.104126 -0.029175 -0.014893 -0.202451 -0.056724 -0.028956
-0.108032 -0.015381 -0.016724 -0.210046 -0.029905 -0.032516
-0.106323 -0.013794 -0.019043 -0.206723 -0.026819 -0.037025
-0.099609 -0.022949 -0.017090 -0.193670 -0.044620 -0.033228
-0.089966 -0.039307 -0.011841 -0.174920 -0.076424 -0.023022
-0.081055 -0.053101 -0.006226 -0.157594 -0.103243 -0.012104
-0.075317 -0.059082 -0.000610 -0.146439 -0.114873 -0.001187
