0.486450 -0.003906 0.244629 0.945801 -0.007595 0.475630
0.608032 -0.134766 0.249512 1.182192 -0.262024 0.485124
0.718628 -0.255981 0.262085 1.397222 -0.497703 0.509570
0.864380 -0.324097 0.267090 1.680607 -0.630138 0.519301
1.026733 -0.385254 0.250977 1.996269 -0.749046 0.487972
1.178711 -0.465088 0.185791 2.291758 -0.904266 0.361232
1.262329 -0.561157 0.086426 2.454336 -1.091053 0.168037
1.274780 -0.565063 -0.020264 2.478545 -1.098648 -0.039398
1.243652 -0.478760 -0.110229 2.418023 -0.930849 -0.214318
1.201172 -0.361694 -0.161011 2.335428 -0.703239 -0.313052
1.175781 -0.215210 -0.187378 2.286062 -0.418431 -0.364317
1.180786 -0.078613 -0.204346 2.295793 -0.152847 -0.397308
1.225464 0.008789 -0.225830 2.382659 0.017089 -0.439080
1.292847 0.027344 -0.239258 2.513671 0.053164 -0.465187
1.372559 -0.004517 -0.245850 2.668654 -0.008782 -0.478003
1.454956 -0.102051 -0.274536 2.828859 -0.198416 -0.533778
1.529297 -0.242065 -0.314575 2.973399 -0.470646 -0.611626
1.568726 -0.401611 -0.342163 3.050060 -0.780850 -0.665265
1.580566 -0.460693 -0.416870 3.073082 -0.895722 -0.810517
1.562256 -0.420898 -0.520020 3.037481 -0.818349 -1.011070
1.490845 -0.327148 -0.603027 2.898637 -0.636072 -1.172461
1.379395 -0.196167 -0.663330 2.681945 -0.381406 -1.289707
1.270020 -0.052368 -0.719116 2.469288 -0.101819 -1.398172
1.174561 0.045898 -0.777100 2.283688 0.089240 -1.510908
1.071167 0.062744 -0.831055 2.082661 0.121993 -1.615813
0.945313 0.027954 -0.869873 1.837963 0.054351 -1.691287
0.809204 -0.009399 -0.906738 1.573329 -0.018275 -1.762964
0.671631 -0.053589 -0.947021 1.305846 -0.104192 -1.841286
0.544434 -0.116089 -0.980469 1.058538 -0.225711 -1.906317
0.440308 -0.182495 -1.015503 0.856086 -0.354824 -1.974434
0.352173 -0.240967 -1.050659 0.684727 -0.468510 -2.042788
0.251343 -0.264893 -1.078003 0.488684 -0.515028 -2.095952
0.120361 -0.249390 -1.089844 0.234018 -0.484886 -2.118974
-0.033569 -0.208252 -1.089111 -0.065269 -0.404903 -2.117550
-0.191162 -0.171631 -1.075073 -0.371675 -0.333700 -2.090256
-0.332153 -0.154785 -1.060547 -0.645803 -0.300947 -2.062012
-0.450073 -0.158203 -1.053101 -0.875074 -0.307593 -2.047535
-0.546387 -0.169189 -1.051636 -1.062335 -0.328954 -2.044687
-0.634766 -0.182251 -1.058594 -1.234169 -0.354349 -2.058215
-0.726685 -0.200928 -1.075684 -1.412887 -0.390662 -2.091443
-0.827881 -0.225708 -1.101196 -1.609642 -0.438842 -2.141047
-0.933838 -0.262451 -1.124023 -1.815653 -0.510282 -2.185429
-1.059082 -0.323364 -1.133911 -2.059164 -0.628714 -2.204654
-1.213623 -0.407593 -1.140015 -2.359637 -0.792479 -2.216521
-1.391235 -0.491943 -1.137329 -2.704967 -0.956481 -2.211299
-1.561279 -0.555054 -1.115845 -3.035582 -1.079186 -2.169528
-1.714478 -0.589111 -1.065918 -3.333444 -1.145404 -2.072455
-1.840210 -0.593628 -0.984863 -3.577905 -1.154186 -1.914861
-1.950195 -0.570068 -0.863525 -3.791748 -1.108379 -1.678945
-2.083252 -0.489624 -0.707520 -4.050449 -0.951972 -1.375624
-2.088623 -0.314697 -0.569092 -4.060892 -0.611863 -1.106480
-1.995850 -0.185303 -0.390869 -3.880514 -0.360283 -0.759964
-1.846069 -0.099976 -0.151978 -3.589297 -0.194382 -0.295489
-1.668945 -0.049072 0.106323 -3.244916 -0.095411 0.206723
-1.467407 -0.020996 0.351685 -2.853068 -0.040823 0.683777
-1.253052 -0.023560 0.576416 -2.436298 -0.045807 1.120721
-1.048706 -0.041260 0.773315 -2.038990 -0.080221 1.503551
-0.870361 -0.057007 0.937378 -1.692236 -0.110838 1.822536
-0.717529 -0.061523 1.070923 -1.395086 -0.119620 2.082186
-0.571899 -0.070557 1.179932 -1.111939 -0.137183 2.294131
-0.438232 -0.105591 1.257446 -0.852052 -0.205299 2.444842
-0.296021 -0.151123 1.308838 -0.575550 -0.293827 2.544763
-0.153564 -0.213745 1.344238 -0.298574 -0.415583 2.613591
-0.019775 -0.261841 1.373779 -0.038449 -0.509095 2.671028
0.102661 -0.293823 1.403564 0.199603 -0.571278 2.728939
0.232910 -0.303955 1.433960 0.452845 -0.590977 2.788036
0.372925 -0.291382 1.453003 0.725075 -0.566531 2.825061
0.453979 -0.257813 1.469849 0.882668 -0.501263 2.857814
0.437744 -0.149048 1.477783 0.851102 -0.289792 2.873241
0.421631 0.011719 1.450439 0.819773 0.022785 2.820077
0.438721 0.142944 1.391602 0.853001 0.277925 2.705679
0.483521 0.200073 1.309937 0.940105 0.389001 2.546899
0.542725 0.187744 1.222168 1.055215 0.365029 2.376251
0.599731 0.152954 1.132324 1.166053 0.297387 2.201568
0.638672 0.124634 1.034424 1.241764 0.242324 2.011222
0.652710 0.100220 0.932617 1.269058 0.194856 1.813280
0.605713 0.063599 0.831543 1.177683 0.123654 1.616762
0.522339 0.041870 0.732300 1.015579 0.081408 1.423804
0.427734 0.013794 0.632202 0.831640 0.026819 1.229185
0.330200 -0.023804 0.530884 0.642005 -0.046281 1.032193
0.228394 -0.050049 0.429810 0.444064 -0.097310 0.835675
0.119751 -0.059692 0.328003 0.232831 -0.116059 0.637733
0.011841 -0.053467 0.225098 0.023022 -0.103955 0.437655
-0.090698 -0.052734 0.124756 -0.176344 -0.102531 0.242562
-0.192017 -0.076172 0.029663 -0.373336 -0.148100 0.057674
-0.296143 -0.116943 -0.056641 -0.575788 -0.227372 -0.110126
-0.404907 -0.160645 -0.134644 -0.787258 -0.312340 -0.261786
-0.520874 -0.197510 -0.197998 -1.012731 -0.384017 -0.384966
-0.649658 -0.219116 -0.254150 -1.263125 -0.426026 -0.494142
-0.783447 -0.224854 -0.312866 -1.523250 -0.437181 -0.608303
-0.937256 -0.235840 -0.379761 -1.822299 -0.458541 -0.738366
-1.118164 -0.213623 -0.453491 -2.174037 -0.415345 -0.881719
-1.264771 -0.194336 -0.531616 -2.459083 -0.377846 -1.033617
-1.369873 -0.205078 -0.605835 -2.663433 -0.398732 -1.177920
-1.432373 -0.233032 -0.659912 -2.784951 -0.453083 -1.283062
-1.447144 -0.282104 -0.695068 -2.813669 -0.548493 -1.351416
-1.419312 -0.316162 -0.726929 -2.759556 -0.614711 -1.413361
-1.379883 -0.332275 -0.754883 -2.682894 -0.646040 -1.467712
-1.304321 -0.303955 -0.769287 -2.535981 -0.590977 -1.495718
-1.207642 -0.246826 -0.796753 -2.348007 -0.479902 -1.549120
-1.126831 -0.170532 -0.807129 -2.190888 -0.331564 -1.569294
-1.031738 -0.050293 -0.799316 -2.006000 -0.097784 -1.554104
-0.912476 0.055420 -0.780518 -1.774119 0.107752 -1.517554
-0.785400 0.114746 -0.748413 -1.527047 0.223100 -1.455133
-0.676636 0.142578 -0.698608 -1.315577 0.277213 -1.358298
-0.599731 0.140259 -0.646362 -1.166053 0.272704 -1.256717
-0.545044 0.124268 -0.583984 -1.059724 0.241612 -1.135436
-0.472656 0.103394 -0.529541 -0.918982 0.201027 -1.029582
-0.385620 0.071289 -0.488525 -0.749758 0.138607 -0.949836
-0.322144 -0.001465 -0.421021 -0.626341 -0.002848 -0.818587
-0.268677 -0.058472 -0.337891 -0.522386 -0.113686 -0.656958
-0.215210 -0.088623 -0.276001 -0.418431 -0.172309 -0.536626
-0.179443 -0.078491 -0.232300 -0.348890 -0.152610 -0.451659
-0.162720 -0.045898 -0.188721 -0.316375 -0.089240 -0.366928
-0.142334 -0.019043 -0.145508 -0.276739 -0.037025 -0.282910
-0.130371 -0.016235 -0.095825 -0.253479 -0.031566 -0.186312
-0.131836 -0.019897 -0.049561 -0.256328 -0.038686 -0.096360
-0.141968 -0.029175 -0.018555 -0.276027 -0.056724 -0.036076
-0.157227 -0.050293 -0.002808 -0.305694 -0.097784 -0.005459
-0.162842 -0.081543 0.003052 -0.316612 -0.158543 0.005934
-0.165161 -0.113037 0.022583 -0.321121 -0.219777 0.043908
-0.147827 -0.109009 0.046509 -0.287419 -0.211945 0.090427
-0.114868 -0.090820 0.075684 -0.223337 -0.176581 0.147151
-0.080566 -0.071289 0.111328 -0.156645 -0.138607 0.216454
-0.047607 -0.046753 0.140625 -0.092563 -0.090901 0.273416
-0.012329 -0.026245 0.138550 -0.023971 -0.051028 0.269381
0.000610 -0.018311 0.123535 0.001187 -0.035601 0.240188
-0.011230 -0.005249 0.108398 -0.021835 -0.010206 0.210758
-0.026733 0.002808 0.089600 -0.051978 0.005459 0.174208
-0.040894 0.002930 0.071533 -0.079509 0.005696 0.139081
-0.057861 0.006836 0.059448 -0.112499 0.013291 0.115585
-0.076416 0.018311 0.050659 -0.148575 0.035601 0.098496
-0.092651 0.029419 0.045898 -0.180141 0.057199 0.089240
-0.101440 0.036255 0.041504 -0.197230 0.070490 0.080696
-0.102173 0.035278 0.037109 -0.198654 0.068591 0.072151
-0.100952 0.029419 0.034790 -0.196280 0.057199 0.067642
-0.100952 0.025269 0.033569 -0.196280 0.049129 0.065269
-0.101929 0.027710 0.030884 -0.198179 0.053876 0.060047
-0.110229 0.031372 0.028931 -0.214318 0.060996 0.056250
-0.123169 0.034302 0.028564 -0.239476 0.066693 0.055538
-0.129639 0.035156 0.030029 -0.252055 0.068354 0.058386
-0.120117 0.034546 0.031372 -0.233543 0.067167 0.060996
-0.101929 0.029053 0.028076 -0.198179 0.056487 0.054588
-0.085205 0.029419 0.024170 -0.165664 0.057199 0.046993
-0.075195 0.041626 0.021729 -0.146202 0.080933 0.042247
-0.063110 0.056396 0.015991 -0.122705 0.109651 0.031092
-0.062866 0.048462 0.013062 -0.122230 0.094224 0.025395
-0.065918 0.033936 0.005615 -0.128164 0.065981 0.010918
-0.066895 0.020996 -0.005249 -0.130062 0.040823 -0.010206
-0.070801 0.015259 -0.013916 -0.137657 0.029668 -0.027057
