-0.275513 -0.092773 0.464478 -0.535677 -0.180379 0.903080
-0.383301 -0.130737 0.586670 -0.745248 -0.254191 1.140657
-0.514282 -0.235107 0.725586 -0.999915 -0.457117 1.410751
-0.621826 -0.360474 0.853760 -1.209011 -0.700866 1.659958
-0.713257 -0.509033 0.998169 -1.386779 -0.989709 1.940732
-0.807129 -0.715210 1.148438 -1.569294 -1.390577 2.232897
-0.911621 -0.982910 1.297974 -1.772457 -1.911064 2.523639
-1.024048 -1.223511 1.456787 -1.991048 -2.378862 2.832419
-1.132202 -1.413086 1.601685 -2.201331 -2.747451 3.114142
-1.216553 -1.516968 1.693481 -2.365333 -2.949428 3.292622
-1.270386 -1.491211 1.696533 -2.470000 -2.899349 3.298555
-1.286865 -1.349609 1.583252 -2.502041 -2.624034 3.078304
-1.295288 -1.125366 1.359375 -2.518418 -2.188040 2.643021
-1.336670 -0.854858 1.104370 -2.598876 -1.662094 2.147218
-1.339722 -0.631714 0.850220 -2.604810 -1.228236 1.653075
-1.278564 -0.518433 0.601440 -2.485902 -1.007984 1.169376
-1.188965 -0.485107 0.353760 -2.311694 -0.943190 0.687812
-1.096436 -0.469116 0.107910 -2.131790 -0.912099 0.209809
-1.008179 -0.417358 -0.138184 -1.960193 -0.811466 -0.268669
-0.924805 -0.318237 -0.380493 -1.798090 -0.618746 -0.739790
-0.841187 -0.184692 -0.610596 -1.635512 -0.359096 -1.187176
-0.743530 -0.014404 -0.825439 -1.445640 -0.028006 -1.604895
-0.614258 0.174927 -1.029785 -1.194296 0.340109 -2.002203
-0.474121 0.345459 -1.205811 -0.921830 0.671673 -2.344447
-0.334351 0.476563 -1.344482 -0.650075 0.926576 -2.614066
-0.192017 0.560913 -1.448242 -0.373336 1.090579 -2.815805
-0.039795 0.579834 -1.532349 -0.077373 1.127366 -2.979333
0.108032 0.531860 -1.601196 0.210046 1.034092 -3.113193
0.254150 0.458984 -1.665527 0.494142 0.892399 -3.238271
0.405396 0.388916 -1.727539 0.788207 0.756166 -3.358840
0.543335 0.342163 -1.775757 1.056402 0.665265 -3.452589
0.653564 0.335083 -1.800659 1.270720 0.651499 -3.501007
0.739014 0.381958 -1.791992 1.436858 0.742638 -3.484155
0.808350 0.481201 -1.744019 1.571667 0.935595 -3.390881
0.883423 0.611328 -1.667847 1.717632 1.188600 -3.242780
0.967041 0.745605 -1.568726 1.880210 1.449674 -3.050060
1.066650 0.839355 -1.447388 2.073879 1.631952 -2.814144
1.168457 0.878662 -1.302124 2.271821 1.708375 -2.531709
1.259399 0.875244 -1.134277 2.448640 1.701730 -2.205366
1.336914 0.837646 -0.956055 2.599351 1.628629 -1.858849
1.391235 0.771729 -0.785034 2.704967 1.500465 -1.526335
1.418823 0.702881 -0.637817 2.758606 1.366605 -1.240103
1.418335 0.650879 -0.502441 2.757657 1.265498 -0.976893
1.388916 0.622681 -0.378540 2.700458 1.210673 -0.735992
1.337280 0.600220 -0.250854 2.600063 1.167002 -0.487734
1.269531 0.564575 -0.131226 2.468339 1.097699 -0.255141
1.192627 0.509277 0.000610 2.318815 0.990184 0.001187
1.104736 0.445923 0.141968 2.147930 0.867004 0.276027
1.020752 0.372925 0.264282 1.984639 0.725075 0.513842
0.938599 0.318848 0.375366 1.824909 0.619933 0.729821
0.848389 0.277344 0.497681 1.649515 0.539237 0.967636
0.750977 0.231079 0.623901 1.460117 0.449285 1.213046
0.648438 0.183838 0.732056 1.260752 0.357434 1.423330
0.530762 0.154663 0.811768 1.031956 0.300710 1.578313
0.384888 0.151367 0.869019 0.748334 0.294302 1.689626
0.210693 0.147583 0.906006 0.409649 0.286944 1.761540
0.022827 0.134521 0.923096 0.044383 0.261549 1.794767
-0.168701 0.103516 0.929077 -0.328004 0.201265 1.806397
-0.348999 0.034302 0.931274 -0.678556 0.066693 1.810669
-0.502808 -0.054688 0.925903 -0.977605 -0.106328 1.800226
-0.630859 -0.140991 0.919922 -1.226575 -0.274128 1.788596
-0.743164 -0.220093 0.930542 -1.444928 -0.427925 1.809245
-0.833130 -0.275146 0.961548 -1.619847 -0.534965 1.869529
-0.903076 -0.312500 1.008667 -1.755843 -0.607591 1.961143
-0.969604 -0.355957 1.043457 -1.885194 -0.692084 2.028785
-1.080811 -0.449829 1.076538 -2.101411 -0.874599 2.093104
-1.242676 -0.550659 1.140869 -2.416124 -1.070642 2.218182
-1.395996 -0.628296 1.208130 -2.714223 -1.221590 2.348957
-1.503418 -0.679199 1.250732 -2.923083 -1.320561 2.431788
-1.575562 -0.683472 1.253174 -3.063351 -1.328868 2.436535
-1.631958 -0.665894 1.202637 -3.173002 -1.294691 2.338276
-1.675659 -0.645142 1.095093 -3.257970 -1.254343 2.129180
-1.708618 -0.589966 0.952637 -3.322052 -1.147066 1.852204
-1.739136 -0.558472 0.801514 -3.381387 -1.085832 1.558376
-1.761719 -0.559204 0.662720 -3.425295 -1.087256 1.288520
-1.816040 -0.567139 0.548584 -3.530911 -1.102683 1.066607
-1.857544 -0.516968 0.455322 -3.611607 -1.005136 0.885279
-1.780640 -0.406006 0.367554 -3.462083 -0.789394 0.714632
-1.633667 -0.312256 0.295410 -3.176325 -0.607116 0.574363
-1.450317 -0.208008 0.259155 -2.819840 -0.404428 0.503873
-1.209473 -0.100952 0.243164 -2.351568 -0.196280 0.472782
-0.990479 -0.003418 0.259644 -1.925779 -0.006646 0.504823
-0.797241 0.146240 0.264771 -1.550069 0.284334 0.514791
-0.603760 0.290894 0.243286 -1.173885 0.565582 0.473019
-0.455078 0.406616 0.202881 -0.884805 0.790581 0.394460
-0.319458 0.478394 0.151367 -0.621119 0.930137 0.294302
-0.237427 0.454834 0.093994 -0.461627 0.884330 0.182752
-0.182617 0.375366 0.025635 -0.355061 0.729821 0.049841
-0.131348 0.257080 -0.048462 -0.255378 0.499839 -0.094224
-0.073608 0.137329 -0.115112 -0.143116 0.267008 -0.223812
-0.016479 0.050171 -0.170532 -0.032041 0.097547 -0.331564
0.028687 0.029663 -0.216187 0.055775 0.057674 -0.420330
0.048828 0.067871 -0.249268 0.094936 0.131961 -0.484649
0.042603 0.144653 -0.274292 0.082832 0.281248 -0.533304
0.019043 0.234741 -0.289673 0.037025 0.456405 -0.563209
-0.010498 0.295654 -0.290161 -0.020411 0.574838 -0.564158
-0.024658 0.302612 -0.280762 -0.047943 0.588367 -0.545883
-0.019409 0.254761 -0.265625 -0.037737 0.495329 -0.516452
-0.004761 0.173584 -0.253052 -0.009256 0.337498 -0.492006
0.007446 0.093262 -0.244995 0.014478 0.181328 -0.476342
0.010620 0.034790 -0.240112 0.020649 0.067642 -0.466848
0.007690 0.000488 -0.229004 0.014952 0.000949 -0.445250
-0.001343 -0.013794 -0.205200 -0.002611 -0.026819 -0.398969
-0.009277 -0.005859 -0.168579 -0.018038 -0.011392 -0.327767
-0.013062 0.020386 -0.120605 -0.025395 0.039636 -0.234492
-0.011841 0.057373 -0.067017 -0.023022 0.111550 -0.130300
-0.005371 0.091064 -0.018921 -0.010443 0.177056 -0.036788
0.002441 0.108154 0.010864 0.004747 0.210283 0.021123
0.010620 0.113403 0.019775 0.020649 0.220489 0.038449
0.015381 0.119995 0.015869 0.029905 0.233305 0.030854
0.013916 0.120605 0.008545 0.027057 0.234492 0.016614
0.007568 0.110840 -0.000122 0.014715 0.215505 -0.000237
-0.000488 0.092407 -0.005493 -0.000949 0.179667 -0.010680
-0.009033 0.067993 -0.008545 -0.017563 0.132199 -0.016614
-0.019043 0.046753 -0.008667 -0.037025 0.090901 -0.016851
-0.030396 0.028809 -0.007324 -0.059098 0.056012 -0.014240
-0.042603 0.012573 -0.005615 -0.082832 0.024446 -0.010918
-0.054810 0.000854 -0.003174 -0.106566 0.001661 -0.006171
-0.066528 -0.003784 0.003296 -0.129350 -0.007358 0.006408
-0.077637 -0.005859 0.011597 -0.150948 -0.011392 0.022547
-0.087036 0.000610 0.020508 -0.169224 0.001187 0.039873
-0.094116 0.020508 0.027222 -0.182989 0.039873 0.052927
-0.099121 0.046753 0.028809 -0.192720 0.090901 0.056012
-0.100586 0.063354 0.024292 -0.195568 0.123180 0.047231
-0.096802 0.063232 0.017334 -0.188211 0.122942 0.033702
-0.089111 0.052734 0.010986 -0.173258 0.102531 0.021361
-0.083618 0.036865 0.006470 -0.162578 0.071677 0.012579
-0.085449 0.024048 0.001099 -0.166138 0.046756 0.002136
-0.093384 0.019653 -0.005615 -0.181565 0.038212 -0.010918
-0.103271 0.022339 -0.015747 -0.200790 0.043433 -0.030617
-0.113525 0.028564 -0.026611 -0.220726 0.055538 -0.051740
-0.121704 0.036377 -0.035400 -0.236628 0.070727 -0.068829
-0.126099 0.046021 -0.044067 -0.245173 0.089477 -0.085680
-0.127686 0.051392 -0.050049 -0.248258 0.099920 -0.097310
-0.124512 0.049561 -0.053955 -0.242087 0.096360 -0.104904
-0.115356 0.039917 -0.058472 -0.224287 0.077610 -0.113686
-0.104980 0.025879 -0.064209 -0.204113 0.050316 -0.124841
-0.094482 0.005493 -0.066528 -0.183701 0.010680 -0.129350
-0.082275 -0.025391 -0.067505 -0.159967 -0.049367 -0.131249
-0.066772 -0.066650 -0.071411 -0.129825 -0.129588 -0.138844
-0.051880 -0.116821 -0.079834 -0.100870 -0.227135 -0.155221
-0.039551 -0.174194 -0.090820 -0.076898 -0.338685 -0.176581
-0.022583 -0.239990 -0.106079 -0.043908 -0.466611 -0.206249
0.000732 -0.305420 -0.131226 0.001424 -0.593825 -0.255141
0.018677 -0.326050 -0.169312 0.036313 -0.633936 -0.329191
0.013306 -0.246216 -0.204224 0.025870 -0.478715 -0.397070
-0.021606 -0.095337 -0.212158 -0.042009 -0.185363 -0.412497
-0.068115 0.058838 -0.187744 -0.132436 0.114398 -0.365029
-0.099243 0.160156 -0.144531 -0.192958 0.311390 -0.281011
-0.106445 0.183105 -0.098389 -0.206961 0.356010 -0.191296
