1.272339 -0.045044 -0.069580 2.473798 -0.087579 -0.135284
1.463257 -0.016113 -0.148682 2.844998 -0.031329 -0.289080
1.621094 0.042480 -0.255737 3.151879 0.082594 -0.497228
1.729248 0.083008 -0.394409 3.362163 0.161391 -0.766846
1.810181 0.078613 -0.541748 3.519519 0.152847 -1.053316
1.859009 0.030640 -0.676392 3.614455 0.059572 -1.315103
1.884521 -0.022339 -0.799072 3.664059 -0.043433 -1.553630
1.857178 -0.076538 -0.900757 3.610895 -0.148812 -1.751334
1.767090 -0.106323 -0.973511 3.435738 -0.206723 -1.892789
1.647339 -0.131592 -1.028320 3.202907 -0.255853 -1.999355
1.552612 -0.166504 -1.066162 3.018731 -0.323732 -2.072930
1.504272 -0.171631 -1.090820 2.924744 -0.333700 -2.120873
1.480957 -0.173218 -1.115479 2.879412 -0.336786 -2.168816
1.460938 -0.198364 -1.162109 2.840488 -0.385678 -2.259480
1.420776 -0.232056 -1.244873 2.762403 -0.451184 -2.420396
1.340820 -0.241333 -1.347290 2.606946 -0.469222 -2.619525
1.222534 -0.233887 -1.457397 2.376963 -0.454744 -2.833606
1.071045 -0.202271 -1.553833 2.082424 -0.393273 -3.021105
0.887573 -0.122925 -1.624146 1.725701 -0.239002 -3.157813
0.691284 -0.019897 -1.653687 1.344058 -0.038686 -3.215249
0.508667 0.026733 -1.629761 0.988997 0.051978 -3.168730
0.355957 -0.008545 -1.569092 0.692084 -0.016614 -3.050772
0.228271 -0.097778 -1.497559 0.443826 -0.190110 -2.911691
0.115234 -0.224243 -1.427612 0.224049 -0.435994 -2.775695
0.002808 -0.367798 -1.369141 0.005459 -0.715106 -2.662009
-0.109131 -0.495850 -1.336426 -0.212182 -0.964076 -2.598402
-0.230591 -0.573608 -1.341064 -0.448336 -1.115262 -2.607420
-0.378052 -0.545776 -1.373901 -0.735043 -1.061148 -2.671265
-0.573853 -0.398438 -1.411255 -1.115737 -0.774679 -2.743891
-0.818115 -0.188721 -1.445923 -1.590655 -0.366928 -2.811296
-1.088501 0.007935 -1.457642 -2.116363 0.015427 -2.834080
-1.375244 0.135864 -1.426270 -2.673876 0.264160 -2.773084
-1.671631 0.174072 -1.357056 -3.250138 0.338447 -2.638512
-1.954102 0.129761 -1.252441 -3.799343 0.252293 -2.435111
-2.191772 0.012207 -1.104370 -4.261445 0.023734 -2.147218
-2.354126 -0.158081 -0.911133 -4.577107 -0.307356 -1.771508
-2.420654 -0.340210 -0.679565 -4.706458 -0.661467 -1.321273
-2.400146 -0.513428 -0.422852 -4.666584 -0.998253 -0.822147
-2.306519 -0.676636 -0.157715 -4.484545 -1.315577 -0.306644
-2.154297 -0.770386 0.120117 -4.188581 -1.497855 0.233543
-1.946289 -0.766357 0.422363 -3.784153 -1.490022 0.821197
-1.673096 -0.676270 0.739258 -3.252986 -1.314865 1.437333
-1.357056 -0.540649 1.054199 -2.638512 -1.051180 2.049671
-1.045166 -0.399048 1.364990 -2.032108 -0.775865 2.653939
-0.787354 -0.307739 1.675049 -1.530845 -0.598335 3.256783
-0.585449 -0.294189 1.990112 -1.138284 -0.571990 3.869359
-0.416870 -0.362671 2.305420 -0.810517 -0.705138 4.482409
-0.300171 -0.451172 2.590210 -0.583620 -0.877210 5.036123
-0.139893 -0.443115 2.779297 -0.271992 -0.861545 5.403764
0.081787 -0.341187 2.872192 0.159018 -0.663366 5.584380
0.349854 -0.108032 2.853394 0.680217 -0.210046 5.547829
0.668823 0.185425 2.686646 1.300387 0.360520 5.223622
0.956787 0.428345 2.427246 1.860273 0.832827 4.719274
1.143555 0.606567 2.125000 2.223404 1.179344 4.131619
1.217041 0.710083 1.835083 2.366283 1.380608 3.567936
1.190063 0.743042 1.590088 2.313830 1.444690 3.091594
1.099121 0.700317 1.388916 2.137012 1.361621 2.700458
0.979858 0.582031 1.207886 1.905131 1.131639 2.348482
0.812256 0.393066 1.044067 1.579262 0.764236 2.029971
0.597900 0.181030 0.889526 1.162493 0.351976 1.729499
0.370728 0.027344 0.728760 0.720802 0.053164 1.416921
0.175659 -0.043457 0.552734 0.341533 -0.084493 1.074677
0.021118 -0.055298 0.377686 0.041060 -0.107515 0.734331
-0.112183 -0.042236 0.216064 -0.218116 -0.082120 0.420092
-0.234863 -0.036865 0.078003 -0.456643 -0.071677 0.151660
-0.354370 -0.057495 -0.023560 -0.688999 -0.111787 -0.045807
-0.454102 -0.096802 -0.106567 -0.882906 -0.188211 -0.207198
-0.546265 -0.174927 -0.184448 -1.062098 -0.340109 -0.358621
-0.638916 -0.264648 -0.248535 -1.242239 -0.514554 -0.483225
-0.728760 -0.338379 -0.295288 -1.416921 -0.657907 -0.574126
-0.809448 -0.377319 -0.333984 -1.573803 -0.733619 -0.649363
-0.897583 -0.382935 -0.376587 -1.745163 -0.744536 -0.732195
-1.005127 -0.373779 -0.431396 -1.954260 -0.726736 -0.838761
-1.109253 -0.347412 -0.494995 -2.156711 -0.675470 -0.962415
-1.211182 -0.292603 -0.575317 -2.354890 -0.568905 -1.118585
-1.322388 -0.192871 -0.677124 -2.571107 -0.374998 -1.316527
-1.403442 -0.058472 -0.823975 -2.728701 -0.113686 -1.602047
-1.515137 0.060059 -0.976563 -2.945868 0.116771 -1.898722
-1.588867 0.153809 -1.104980 -3.089221 0.299049 -2.148404
-1.568481 0.182373 -1.192871 -3.049585 0.354586 -2.319289
-1.455078 0.122070 -1.226807 -2.829096 0.237340 -2.385270
-1.288818 0.038086 -1.195190 -2.505839 0.074050 -2.323799
-1.095093 -0.016357 -1.121704 -2.129180 -0.031804 -2.180920
-0.896606 -0.005127 -1.033691 -1.743264 -0.009968 -2.009798
-0.733887 0.086792 -0.934692 -1.426890 0.168749 -1.817315
-0.617554 0.225220 -0.819214 -1.200704 0.437893 -1.592791
-0.536987 0.347412 -0.695923 -1.044060 0.675470 -1.353077
-0.470093 0.426880 -0.557739 -0.913997 0.829979 -1.084408
-0.389526 0.446533 -0.432007 -0.757353 0.868191 -0.839947
-0.302612 0.404541 -0.310791 -0.588367 0.786546 -0.604268
-0.192993 0.424805 -0.142700 -0.375235 0.825944 -0.277451
0.022461 0.557861 0.047607 0.043671 1.084645 0.092563
0.194336 0.745850 0.154053 0.377846 1.450149 0.299523
0.215332 0.678223 0.182983 0.418668 1.318663 0.355773
0.201416 0.486450 0.176025 0.391611 0.945801 0.342245
0.182373 0.276489 0.164429 0.354586 0.537576 0.319697
0.141479 0.083374 0.148193 0.275077 0.162103 0.288131
0.097900 0.000366 0.128052 0.190347 0.000712 0.248970
0.054810 0.008545 0.097900 0.106566 0.016614 0.190347
0.000122 0.049316 0.040771 0.000237 0.095885 0.079272
-0.048584 0.111694 -0.015869 -0.094461 0.217166 -0.030854
-0.083984 0.160156 -0.029663 -0.163290 0.311390 -0.057674
-0.097168 0.199707 -0.023193 -0.188923 0.388289 -0.045095
-0.089722 0.225830 -0.027954 -0.174445 0.439080 -0.054351
-0.074707 0.223755 -0.037354 -0.145252 0.435045 -0.072626
-0.058838 0.209595 -0.035278 -0.114398 0.407513 -0.068591
-0.046753 0.204712 -0.028320 -0.090901 0.398020 -0.055063
-0.038818 0.213867 -0.024414 -0.075474 0.415820 -0.047468
-0.032959 0.231934 -0.018433 -0.064082 0.450947 -0.035838
-0.027832 0.247192 -0.011963 -0.054114 0.480614 -0.023259
-0.018433 0.245850 -0.011108 -0.035838 0.478003 -0.021598
-0.003174 0.233765 -0.016846 -0.006171 0.454507 -0.032753
0.010254 0.221802 -0.025146 0.019937 0.431247 -0.048892
0.016968 0.228394 -0.037354 0.032990 0.444064 -0.072626
0.013916 0.268311 -0.049927 0.027057 0.521674 -0.097072
0.005981 0.325928 -0.063721 0.011630 0.633699 -0.123892
0.000732 0.379639 -0.075928 0.001424 0.738128 -0.147626
0.002075 0.413452 -0.087891 0.004035 0.803872 -0.170885
0.001587 0.416504 -0.099731 0.003085 0.809805 -0.193907
-0.008057 0.384644 -0.113281 -0.015664 0.747859 -0.220252
-0.026978 0.330811 -0.125488 -0.052452 0.643192 -0.243986
-0.071655 0.233276 -0.139160 -0.139319 0.453557 -0.270568
-0.138428 0.093872 -0.159912 -0.269144 0.182515 -0.310916
-0.187622 -0.016968 -0.174316 -0.364792 -0.032990 -0.338922
-0.211426 -0.033447 -0.128174 -0.411073 -0.065031 -0.249207
-0.188721 0.037964 -0.057617 -0.366928 0.073813 -0.112025
-0.115112 0.122681 -0.011841 -0.223812 0.238527 -0.023022
-0.026489 0.180298 0.007935 -0.051503 0.350552 0.015427
0.041016 0.199829 0.020020 0.079746 0.388526 0.038924
0.057251 0.176636 0.034058 0.111313 0.343431 0.066218
0.016113 0.127563 0.050659 0.031329 0.248021 0.098496
-0.043579 0.071777 0.054932 -0.084730 0.139556 0.106803
-0.083252 0.015015 0.048584 -0.161866 0.029193 0.094461
-0.093750 -0.008057 0.039429 -0.182277 -0.015664 0.076661
-0.080322 0.012207 0.029175 -0.156170 0.023734 0.056724
-0.049194 0.051025 0.016479 -0.095648 0.099208 0.032041
-0.019775 0.100830 0.003296 -0.038449 0.196043 0.006408
0.010620 0.151245 -0.039673 0.020649 0.294065 -0.077136
0.023926 0.171021 -0.071045 0.046519 0.332514 -0.138132
0.021118 0.179321 -0.074707 0.041060 0.348653 -0.145252
0.014526 0.195068 -0.067871 0.028243 0.379270 -0.131961
0.011353 0.206177 -0.070068 0.022073 0.400868 -0.136233
0.007935 0.214844 -0.071533 0.015427 0.417719 -0.139081
0.007202 0.251221 -0.072998 0.014003 0.488446 -0.141929
0.007446 0.306763 -0.086060 0.014478 0.596436 -0.167325
0.008545 0.365356 -0.099976 0.016614 0.710359 -0.194382
0.012695 0.392334 -0.103271 0.024683 0.762812 -0.200790
0.020142 0.373291 -0.104492 0.039161 0.725787 -0.203163
0.031738 0.328857 -0.114990 0.061708 0.639395 -0.223575
0.039673 0.291626 -0.135132 0.077136 0.567006 -0.262736
