0.134277 0.621338 -0.295166 0.261074 1.208062 -0.573889
0.057495 0.500610 -0.365356 0.111787 0.973333 -0.710359
-0.039917 0.431152 -0.409668 -0.077610 0.838286 -0.796514
-0.116943 0.357666 -0.424805 -0.227372 0.695407 -0.825944
-0.179688 0.297852 -0.422363 -0.349365 0.579110 -0.821197
-0.244263 0.272461 -0.409668 -0.474918 0.529743 -0.796514
-0.315186 0.282349 -0.402344 -0.612813 0.548968 -0.782274
-0.401733 0.309082 -0.405151 -0.781087 0.600946 -0.787732
-0.502075 0.345215 -0.418213 -0.976181 0.671198 -0.813128
-0.617310 0.376465 -0.442871 -1.200230 0.731957 -0.861071
-0.744995 0.371948 -0.465454 -1.448488 0.723176 -0.904979
-0.870483 0.304321 -0.480347 -1.692474 0.591689 -0.933934
-0.982910 0.184692 -0.483521 -1.911064 0.359096 -0.940105
-1.096802 0.047241 -0.477539 -2.132503 0.091851 -0.928475
-1.215942 -0.084961 -0.464478 -2.364146 -0.165189 -0.903080
-1.358032 -0.221680 -0.446167 -2.640411 -0.431010 -0.867479
-1.536377 -0.352905 -0.419922 -2.987165 -0.686151 -0.816451
-1.689941 -0.443970 -0.386719 -3.285739 -0.863207 -0.751894
-1.808838 -0.539917 -0.365845 -3.516908 -1.049756 -0.711309
-1.894897 -0.633789 -0.347290 -3.684233 -1.232271 -0.675233
-1.963379 -0.713257 -0.337402 -3.817381 -1.386779 -0.656009
-2.060425 -0.803467 -0.337280 -4.006067 -1.562174 -0.655771
-2.196167 -0.864990 -0.331909 -4.269989 -1.681793 -0.645328
-2.305664 -0.875244 -0.322021 -4.482883 -1.701730 -0.626104
-2.355347 -0.835571 -0.297241 -4.579481 -1.624594 -0.577924
-2.309814 -0.741211 -0.263550 -4.490953 -1.441130 -0.512418
-2.180298 -0.648438 -0.230225 -4.239135 -1.260752 -0.447624
-1.983521 -0.578979 -0.188965 -3.856542 -1.125705 -0.367403
-1.720581 -0.528687 -0.131104 -3.345311 -1.027921 -0.254903
-1.372437 -0.439941 -0.063110 -2.668417 -0.855374 -0.122705
-0.944092 -0.273071 0.000122 -1.835590 -0.530930 0.000237
-0.485840 -0.062866 0.048584 -0.944614 -0.122230 0.094461
-0.086670 0.088013 0.054810 -0.168512 0.171122 0.106566
0.217529 0.145508 0.013916 0.422940 0.282910 0.027057
0.434570 0.147949 -0.047974 0.844931 0.287656 -0.093275
0.597412 0.142456 -0.113159 1.161543 0.276976 -0.220014
0.734741 0.166626 -0.176636 1.428551 0.323969 -0.343431
0.875854 0.223145 -0.235718 1.702917 0.433858 -0.458304
1.028076 0.303223 -0.287720 1.998880 0.589553 -0.559411
1.187256 0.414429 -0.323853 2.308372 0.805770 -0.629664
1.344727 0.537720 -0.343750 2.614541 1.045484 -0.668350
1.489624 0.621826 -0.349609 2.896264 1.209011 -0.679743
1.591064 0.632324 -0.346802 3.093493 1.229423 -0.674284
1.631592 0.589966 -0.346313 3.172290 1.147066 -0.673334
1.626465 0.520996 -0.354858 3.162322 1.012968 -0.689948
1.594727 0.456421 -0.369873 3.100614 0.887415 -0.719141
1.560181 0.432617 -0.384277 3.033446 0.841134 -0.747147
1.533081 0.430908 -0.386353 2.980757 0.837811 -0.751182
1.513672 0.424316 -0.372192 2.943020 0.824995 -0.723651
1.477417 0.392700 -0.349121 2.872530 0.763524 -0.678793
1.410400 0.351563 -0.325317 2.742230 0.683540 -0.632512
1.318970 0.309204 -0.303467 2.564462 0.601183 -0.590028
1.215210 0.277588 -0.276978 2.362723 0.539712 -0.538525
1.129395 0.255127 -0.244629 2.195872 0.496041 -0.475630
1.063965 0.215454 -0.215332 2.068658 0.418906 -0.418668
0.998535 0.163086 -0.195313 1.941444 0.317087 -0.379744
0.901611 0.132446 -0.179810 1.752995 0.257514 -0.349602
0.776733 0.116943 -0.176636 1.510196 0.227372 -0.343431
0.616089 0.105713 -0.187134 1.197856 0.205537 -0.363843
0.428345 0.115723 -0.186035 0.832827 0.224999 -0.361707
0.227295 0.114136 -0.176636 0.441928 0.221913 -0.343431
0.035156 0.112061 -0.170654 0.068354 0.217878 -0.331802
-0.135498 0.088989 -0.171143 -0.263448 0.173021 -0.332751
-0.280396 0.034180 -0.176636 -0.545171 0.066455 -0.343431
-0.401978 -0.039185 -0.175415 -0.781562 -0.076186 -0.341058
-0.501099 -0.102905 -0.163330 -0.974282 -0.200078 -0.317561
-0.596680 -0.147095 -0.145874 -1.160119 -0.285995 -0.283622
-0.717773 -0.174561 -0.126709 -1.395561 -0.339397 -0.246359
-0.838013 -0.185181 -0.107666 -1.629341 -0.360045 -0.209334
-0.951782 -0.207031 -0.094849 -1.850542 -0.402529 -0.184413
-1.043823 -0.232788 -0.089355 -2.029497 -0.452608 -0.173733
-1.122925 -0.272583 -0.089966 -2.183293 -0.529981 -0.174920
-1.192139 -0.299316 -0.100830 -2.317865 -0.581958 -0.196043
-1.269043 -0.333618 -0.126343 -2.467390 -0.648651 -0.245647
-1.348022 -0.366089 -0.159180 -2.620949 -0.711784 -0.309492
-1.423218 -0.396362 -0.188721 -2.767150 -0.770644 -0.366928
-1.501343 -0.420410 -0.208374 -2.919048 -0.817400 -0.405140
-1.591675 -0.434814 -0.207397 -3.094680 -0.845406 -0.403241
-1.675659 -0.431396 -0.200562 -3.257970 -0.838761 -0.389950
-1.718872 -0.416992 -0.200684 -3.341989 -0.810754 -0.390187
-1.714844 -0.401123 -0.206909 -3.334156 -0.779900 -0.402292
-1.678223 -0.392334 -0.207031 -3.262954 -0.762812 -0.402529
-1.606812 -0.391357 -0.192871 -3.124110 -0.760913 -0.374998
-1.525391 -0.403442 -0.158691 -2.965804 -0.784410 -0.308542
-1.444214 -0.422363 -0.100708 -2.807973 -0.821197 -0.195806
-1.373535 -0.433105 -0.042236 -2.670553 -0.842083 -0.082120
-1.315552 -0.415649 -0.015137 -2.557816 -0.808144 -0.029430
-1.255737 -0.368164 -0.024658 -2.441519 -0.715818 -0.047943
-1.191650 -0.308594 -0.052246 -2.316916 -0.599996 -0.101582
-1.109985 -0.245728 -0.077515 -2.158135 -0.477766 -0.150711
-0.989746 -0.189697 -0.079956 -1.924355 -0.368827 -0.155458
-0.849121 -0.159424 -0.062622 -1.650939 -0.309966 -0.121756
-0.700317 -0.133057 -0.036499 -1.361621 -0.258701 -0.070965
-0.564087 -0.123169 -0.017578 -1.096749 -0.239476 -0.034177
-0.433228 -0.120483 -0.012085 -0.842321 -0.234255 -0.023497
-0.304688 -0.129761 -0.035645 -0.592401 -0.252293 -0.069303
-0.186401 -0.162964 -0.096924 -0.362419 -0.316849 -0.188448
-0.072266 -0.220459 -0.190186 -0.140505 -0.428637 -0.369776
0.045654 -0.250977 -0.303833 0.088765 -0.487972 -0.590740
0.176636 -0.191528 -0.418579 0.343431 -0.372387 -0.813840
0.322510 -0.038330 -0.513428 0.627053 -0.074525 -0.998253
0.476929 0.149536 -0.567993 0.927288 0.290742 -1.104344
0.622803 0.333496 -0.576050 1.210910 0.648414 -1.120009
0.745117 0.479980 -0.548584 1.448725 0.933222 -1.066607
0.851440 0.571777 -0.497192 1.655448 1.111702 -0.966687
0.950684 0.583130 -0.435181 1.848406 1.133775 -0.846118
1.055542 0.528076 -0.374268 2.052281 1.026734 -0.727685
1.161255 0.457642 -0.325684 2.257818 0.889789 -0.633224
1.261353 0.390503 -0.294800 2.452437 0.759252 -0.573177
1.343872 0.344116 -0.282104 2.612879 0.669062 -0.548493
1.388550 0.339722 -0.286743 2.699746 0.660518 -0.557512
1.370972 0.362549 -0.297607 2.665569 0.704901 -0.578636
1.298584 0.403076 -0.304810 2.524826 0.783698 -0.592639
1.195313 0.451050 -0.299194 2.324036 0.876972 -0.581721
1.081787 0.490479 -0.282959 2.103310 0.953633 -0.550155
0.984985 0.515015 -0.266357 1.915099 1.001339 -0.517877
0.921631 0.513184 -0.259766 1.791919 0.997779 -0.505060
0.893555 0.491821 -0.258057 1.737331 0.956244 -0.501737
0.864624 0.448853 -0.251953 1.681081 0.872700 -0.489870
0.828003 0.400513 -0.238525 1.609879 0.778713 -0.463763
0.787964 0.331787 -0.217529 1.532032 0.645091 -0.422940
0.719971 0.234375 -0.184570 1.399833 0.455693 -0.358858
0.624390 0.137085 -0.144287 1.213996 0.266533 -0.280536
0.509033 0.047241 -0.108643 0.989709 0.091851 -0.211233
0.385864 -0.009644 -0.078613 0.750233 -0.018750 -0.152847
0.260010 -0.033813 -0.051147 0.505535 -0.065743 -0.099446
0.135376 -0.044067 -0.026978 0.263210 -0.085680 -0.052452
0.023804 -0.047974 -0.004761 0.046281 -0.093275 -0.009256
-0.053711 -0.055786 0.014893 -0.104430 -0.108465 0.028956
-0.092896 -0.072388 0.031860 -0.180616 -0.140743 0.061946
-0.103760 -0.090576 0.041870 -0.201739 -0.176106 0.081408
-0.104126 -0.110352 0.044312 -0.202451 -0.214556 0.086155
-0.108765 -0.136108 0.043091 -0.211470 -0.264634 0.083781
-0.116943 -0.154785 0.041504 -0.227372 -0.300947 0.080696
-0.125122 -0.157471 0.041016 -0.243274 -0.306169 0.079746
-0.135620 -0.145874 0.041016 -0.263685 -0.283622 0.079746
-0.154053 -0.124023 0.040283 -0.299523 -0.241138 0.078322
-0.180908 -0.106323 0.043823 -0.351738 -0.206723 0.085205
-0.209473 -0.099609 0.049683 -0.407276 -0.193670 0.096597
-0.230225 -0.097534 0.055542 -0.447624 -0.189635 0.107990
-0.240234 -0.094482 0.056641 -0.467086 -0.183701 0.110126
-0.240479 -0.091675 0.050903 -0.467560 -0.178243 0.098971
-0.235474 -0.086914 0.040527 -0.457829 -0.168986 0.078797
-0.224854 -0.072632 0.028931 -0.437181 -0.141217 0.056250
-0.204712 -0.047852 0.016357 -0.398020 -0.093037 0.031804
-0.177979 -0.022095 0.004395 -0.346042 -0.042959 0.008544
-0.156982 0.000000 -0.005493 -0.305220 0.000000 -0.010680
-0.144897 0.016602 -0.012573 -0.281723 0.032278 -0.024446
-0.139893 0.025635 -0.021606 -0.271992 0.049841 -0.042009
-0.134399 0.026367 -0.033081 -0.261312 0.051266 -0.064319
