-0.333740 0.342773 -0.202271 -0.648888 0.666452 -0.393273
-0.395508 0.359009 -0.244141 -0.768983 0.698018 -0.474681
-0.462646 0.340942 -0.281982 -0.899520 0.662891 -0.548256
-0.535767 0.309448 -0.300293 -1.041687 0.601658 -0.583857
-0.616699 0.248901 -0.303101 -1.199043 0.483937 -0.589316
-0.707886 0.185913 -0.293335 -1.376336 0.361469 -0.570329
-0.815796 0.118408 -0.272461 -1.586145 0.230220 -0.529743
-0.930298 0.069702 -0.237793 -1.808770 0.135521 -0.462339
-1.050659 0.039673 -0.202148 -2.042788 0.077136 -0.393036
-1.170044 0.003418 -0.165161 -2.274907 0.006646 -0.321121
-1.304199 -0.057983 -0.113281 -2.535744 -0.112737 -0.220252
-1.508423 -0.148438 -0.054810 -2.932814 -0.288606 -0.106566
-1.703125 -0.192627 0.023682 -3.311372 -0.374523 0.046044
-1.777710 -0.228027 0.107788 -3.456387 -0.443352 0.209571
-1.782349 -0.328979 0.199219 -3.465405 -0.639632 0.387339
-1.802368 -0.477661 0.303467 -3.504329 -0.928713 0.590028
-1.861450 -0.682861 0.424805 -3.619202 -1.327682 0.825944
-1.951904 -0.935059 0.557251 -3.795071 -1.818027 1.083458
-2.065430 -1.174561 0.692871 -4.015798 -2.283688 1.347143
-2.104248 -1.323730 0.799683 -4.091272 -2.573718 1.554816
-2.022217 -1.360840 0.875610 -3.931779 -2.645869 1.702442
-1.862549 -1.300903 0.932617 -3.621338 -2.529335 1.813280
-1.658813 -1.183716 0.970215 -3.225217 -2.301489 1.886381
-1.427856 -1.021729 0.965088 -2.776169 -1.986538 1.876412
-1.229492 -0.836060 0.936890 -2.390491 -1.625544 1.821587
-1.167114 -0.614502 0.908569 -2.269211 -1.194771 1.766524
-1.091919 -0.337891 0.843018 -2.123009 -0.656958 1.639072
-0.949707 -0.138428 0.744263 -1.846507 -0.269144 1.447064
-0.762085 -0.065186 0.647827 -1.481715 -0.126740 1.259565
-0.546021 -0.068726 0.564697 -1.061623 -0.133623 1.097936
-0.308716 -0.079712 0.472534 -0.600234 -0.154983 0.918744
-0.083862 -0.053467 0.366211 -0.163053 -0.103955 0.712021
0.116943 0.018311 0.254150 0.227372 0.035601 0.494142
0.287964 0.091064 0.148682 0.559886 0.177056 0.289080
0.435791 0.152222 0.039185 0.847305 0.295963 0.076186
0.568604 0.187988 -0.068359 1.105531 0.365504 -0.132911
0.688843 0.201172 -0.172363 1.339311 0.391137 -0.335124
0.777344 0.191772 -0.264160 1.511383 0.372862 -0.513604
0.828735 0.179565 -0.335938 1.611303 0.349128 -0.653160
0.827637 0.168457 -0.392944 1.609167 0.327530 -0.763998
0.828491 0.193970 -0.456909 1.610829 0.377134 -0.888365
0.864136 0.238159 -0.532959 1.680132 0.463051 -1.036228
0.921631 0.288818 -0.597900 1.791919 0.561547 -1.162493
0.995239 0.348511 -0.663330 1.935035 0.677607 -1.289707
1.066650 0.408813 -0.732910 2.073879 0.794853 -1.424991
1.126953 0.485352 -0.821167 2.191125 0.943665 -1.596588
1.167603 0.537354 -0.907349 2.270160 1.044772 -1.764150
1.161499 0.529785 -0.942017 2.258293 1.030057 -1.831555
1.156372 0.517822 -0.971924 2.248325 1.006797 -1.889703
1.155640 0.471191 -0.997803 2.246901 0.916134 -1.940019
1.152222 0.423950 -1.007446 2.240255 0.824283 -1.958769
1.120850 0.386353 -0.994751 2.179259 0.751182 -1.934086
1.051880 0.357910 -0.965332 2.045161 0.695882 -1.876887
0.965088 0.337158 -0.923340 1.876412 0.655534 -1.795242
0.882446 0.335083 -0.880127 1.715733 0.651499 -1.711223
0.804810 0.331909 -0.841553 1.564785 0.645328 -1.636224
0.719849 0.321167 -0.801514 1.399596 0.624442 -1.558376
0.617065 0.314453 -0.772949 1.199755 0.611389 -1.502839
0.500000 0.302368 -0.757324 0.972146 0.587892 -1.472459
0.381958 0.272583 -0.738647 0.742638 0.529981 -1.436146
0.258667 0.223999 -0.717896 0.502924 0.435519 -1.395798
0.127319 0.164673 -0.694336 0.247546 0.320172 -1.349992
-0.012817 0.109985 -0.666748 -0.024921 0.213844 -1.296353
-0.160278 0.070068 -0.633545 -0.311628 0.136233 -1.231796
-0.308228 0.041626 -0.601929 -0.599284 0.080933 -1.170325
-0.452271 0.006714 -0.580933 -0.879346 0.013054 -1.129502
-0.613892 -0.043945 -0.558594 -1.193584 -0.085443 -1.086069
-0.787354 -0.098877 -0.523315 -1.530845 -0.192246 -1.017478
-0.970459 -0.177734 -0.471313 -1.886855 -0.345567 -0.916371
-1.161377 -0.290039 -0.401733 -2.258055 -0.563920 -0.781087
-1.332031 -0.439087 -0.319092 -2.589857 -0.853713 -0.620408
-1.487183 -0.616577 -0.229126 -2.891517 -1.198806 -0.445488
-1.650146 -0.787109 -0.141235 -3.208366 -1.530370 -0.274603
-1.823364 -0.928589 -0.057861 -3.545152 -1.805448 -0.112499
-1.997681 -1.046509 0.031494 -3.884074 -2.034718 0.061234
-2.107666 -1.108887 0.095215 -4.097918 -2.155999 0.185125
-2.113403 -1.141724 0.140259 -4.109072 -2.219844 0.272704
-2.024658 -1.155029 0.185303 -3.936526 -2.245714 0.360283
-1.853882 -1.122925 0.236206 -3.604487 -2.183293 0.459253
-1.616577 -1.018066 0.279053 -3.143097 -1.979418 0.542560
-1.329102 -0.841553 0.295532 -2.584161 -1.636224 0.574601
-1.052124 -0.680176 0.301392 -2.045636 -1.322460 0.585993
-0.823730 -0.561035 0.290527 -1.601572 -1.090816 0.564870
-0.648682 -0.492310 0.260742 -1.261226 -0.957193 0.506959
-0.520874 -0.441040 0.230347 -1.012731 -0.857510 0.447861
-0.431274 -0.357788 0.198608 -0.838523 -0.695644 0.386153
-0.371704 -0.247437 0.169678 -0.722701 -0.481089 0.329903
-0.374878 -0.101440 0.183838 -0.728872 -0.197230 0.357434
-0.442993 0.095825 0.171875 -0.861308 0.186312 0.334175
-0.441650 0.289795 0.110107 -0.858697 0.563446 0.214081
-0.370239 0.385864 0.045532 -0.719853 0.750233 0.088528
-0.270752 0.421509 0.015503 -0.526421 0.819536 0.030142
-0.185303 0.418579 -0.002686 -0.360283 0.813840 -0.005221
-0.106934 0.394653 -0.020142 -0.207910 0.767321 -0.039161
-0.032837 0.366455 -0.038086 -0.063845 0.712496 -0.074050
0.014893 0.321411 -0.046265 0.028956 0.624917 -0.089952
0.035522 0.271729 -0.046753 0.069066 0.528319 -0.090901
0.040405 0.232300 -0.051758 0.078560 0.451659 -0.100632
0.031982 0.211548 -0.063354 0.062183 0.411311 -0.123180
0.017334 0.206543 -0.077515 0.033702 0.401580 -0.150711
0.008301 0.204590 -0.091187 0.016139 0.397782 -0.177293
0.007690 0.193359 -0.099854 0.014952 0.375947 -0.194144
0.012085 0.169434 -0.102783 0.023497 0.329428 -0.199841
0.015503 0.141235 -0.102051 0.030142 0.274603 -0.198416
0.011108 0.115356 -0.099731 0.021598 0.224287 -0.193907
-0.001221 0.093994 -0.092529 -0.002373 0.182752 -0.179904
-0.018799 0.073975 -0.081299 -0.036550 0.143828 -0.158069
-0.033691 0.056274 -0.069580 -0.065506 0.109414 -0.135284
-0.041870 0.039063 -0.055908 -0.081408 0.075949 -0.108702
-0.045776 0.025879 -0.041260 -0.089003 0.050316 -0.080221
-0.046875 0.022949 -0.029297 -0.091139 0.044620 -0.056962
-0.042114 0.036377 -0.022217 -0.081882 0.070727 -0.043196
-0.032471 0.059814 -0.017700 -0.063133 0.116297 -0.034414
-0.048828 0.068481 0.011230 -0.094936 0.133148 0.021835
-0.049805 0.091064 0.017944 -0.096835 0.177056 0.034889
-0.038330 0.077393 0.003418 -0.074525 0.150474 0.006646
-0.034668 0.064331 -0.006592 -0.067405 0.125078 -0.012816
-0.037354 0.049194 -0.010864 -0.072626 0.095648 -0.021123
-0.042847 0.043335 -0.014771 -0.083306 0.084256 -0.028718
-0.047607 0.051147 -0.022583 -0.092563 0.099446 -0.043908
-0.054321 0.064819 -0.029663 -0.105616 0.126028 -0.057674
-0.062134 0.081299 -0.028442 -0.120806 0.158069 -0.055300
-0.061768 0.097290 -0.026245 -0.120094 0.189160 -0.051028
-0.053955 0.107178 -0.027710 -0.104904 0.208385 -0.053876
-0.048584 0.106812 -0.029297 -0.094461 0.207673 -0.056962
-0.046997 0.102417 -0.029175 -0.091376 0.199128 -0.056724
-0.047485 0.098999 -0.024902 -0.092325 0.192483 -0.048417
-0.050293 0.095825 -0.012939 -0.097784 0.186312 -0.025158
-0.054443 0.093506 0.003418 -0.105854 0.181803 0.006646
-0.061890 0.095093 0.016968 -0.120332 0.184888 0.032990
-0.078247 0.099121 0.026978 -0.152135 0.192720 0.052452
-0.106567 0.105957 0.034912 -0.207198 0.206011 0.067879
-0.127808 0.119385 0.040161 -0.248495 0.232119 0.078085
-0.133545 0.137451 0.045166 -0.259650 0.267245 0.087816
-0.134521 0.154053 0.053589 -0.261549 0.299523 0.104192
-0.132202 0.161987 0.063354 -0.257040 0.314951 0.123180
-0.126587 0.155640 0.072876 -0.246122 0.302609 0.141692
-0.124634 0.143433 0.080811 -0.242324 0.278875 0.157119
-0.125000 0.129761 0.083130 -0.243036 0.252293 0.161629
-0.120605 0.120483 0.071411 -0.234492 0.234255 0.138844
-0.118652 0.114990 0.052612 -0.230695 0.223575 0.102294
-0.131714 0.121338 0.039429 -0.256090 0.235916 0.076661
-0.143188 0.145508 0.026733 -0.278400 0.282910 0.051978
-0.144653 0.176758 0.019653 -0.281248 0.343669 0.038212
-0.140503 0.198730 0.023560 -0.273179 0.386390 0.045807
-0.140625 0.201416 0.031738 -0.273416 0.391611 0.061708
-0.138550 0.194580 0.039673 -0.269381 0.378320 0.077136
-0.131714 0.183594 0.047729 -0.256090 0.356960 0.092800
-0.123779 0.173584 0.053711 -0.240663 0.337498 0.104430
-0.114136 0.169434 0.054565 -0.221913 0.329428 0.106091
