-0.417725 0.287354 -0.130127 -0.812178 0.558699 -0.253005
-0.458740 0.305420 -0.138550 -0.891925 0.593825 -0.269381
-0.518677 0.316772 -0.136475 -1.008459 0.615898 -0.265346
-0.595703 0.294312 -0.130371 -1.158221 0.572227 -0.253479
-0.698364 0.234131 -0.115112 -1.357824 0.455219 -0.223812
-0.817993 0.156006 -0.086060 -1.590417 0.303321 -0.167325
-0.947021 0.048706 -0.040649 -1.841286 0.094699 -0.079034
-1.084595 -0.097534 0.013306 -2.108768 -0.189635 0.025870
-1.248535 -0.251099 0.064331 -2.427516 -0.488209 0.125078
-1.435425 -0.431763 0.135620 -2.790884 -0.839473 0.263685
-1.631348 -0.685303 0.212646 -3.171816 -1.332428 0.413447
-1.821899 -0.965332 0.285522 -3.542304 -1.876887 0.555139
-2.008057 -1.191040 0.390015 -3.904248 -2.315729 0.758302
-2.212524 -1.326782 0.510132 -4.301793 -2.579652 0.991845
-2.391479 -1.302612 0.593872 -4.649734 -2.532658 1.154660
-2.434692 -1.149170 0.576416 -4.733752 -2.234321 1.120721
-2.351807 -0.918823 0.460693 -4.572598 -1.786460 0.895722
-2.223511 -0.675659 0.318848 -4.323153 -1.313679 0.619933
-2.049438 -0.452515 0.175293 -3.984706 -0.879820 0.340821
-1.802002 -0.302856 0.039063 -3.503617 -0.588841 0.075949
-1.472656 -0.229492 -0.072510 -2.863273 -0.446200 -0.140980
-1.089355 -0.233521 -0.152100 -2.118025 -0.454032 -0.295726
-0.704346 -0.242432 -0.191162 -1.369453 -0.471358 -0.371675
-0.370728 -0.255859 -0.211670 -0.720802 -0.497465 -0.411548
-0.078003 -0.278687 -0.218994 -0.151660 -0.541848 -0.425788
0.202393 -0.270508 -0.238281 0.393510 -0.525946 -0.463288
0.486816 -0.221313 -0.280151 0.946513 -0.430298 -0.544696
0.771240 -0.116577 -0.337402 1.499516 -0.226660 -0.656009
1.044678 0.058350 -0.426025 2.031158 0.113449 -0.828318
1.292847 0.278809 -0.528320 2.513671 0.542085 -1.027209
1.488647 0.501465 -0.637939 2.894365 0.974994 -1.240340
1.657349 0.680786 -0.766357 3.222369 1.323647 -1.490022
1.839111 0.750732 -0.902832 3.575769 1.459643 -1.755369
1.987915 0.682739 -1.025146 3.865087 1.327444 -1.993184
2.100464 0.520752 -1.121338 4.083914 1.012494 -2.180208
2.181885 0.315918 -1.195313 4.242220 0.614237 -2.324036
2.199585 0.151978 -1.232666 4.276635 0.295489 -2.396662
2.128296 0.129150 -1.235718 4.138028 0.251106 -2.402596
1.984863 0.220093 -1.222168 3.859153 0.427925 -2.376251
1.799316 0.323242 -1.191650 3.498396 0.628477 -2.316916
1.618530 0.401245 -1.163330 3.146895 0.780138 -2.261853
1.452271 0.464966 -1.117432 2.823637 0.904029 -2.172613
1.284302 0.528809 -1.020386 2.497057 1.028158 -1.983927
1.106323 0.577148 -0.877686 2.151015 1.122145 -1.706477
0.934692 0.583252 -0.750244 1.817315 1.134012 -1.458693
0.781250 0.546509 -0.661865 1.518978 1.062572 -1.286859
0.644165 0.479736 -0.593262 1.252445 0.932747 -1.153474
0.520752 0.400757 -0.529541 1.012494 0.779188 -1.029582
0.402344 0.317139 -0.473877 0.782274 0.616610 -0.921355
0.272583 0.227295 -0.420410 0.529981 0.441928 -0.817400
0.119385 0.158813 -0.360352 0.232119 0.308780 -0.700629
-0.056885 0.114014 -0.304443 -0.110601 0.221676 -0.591927
-0.258545 0.070068 -0.247192 -0.502687 0.136233 -0.480614
-0.484375 0.022461 -0.185547 -0.941766 0.043671 -0.360757
-0.715698 -0.025146 -0.113281 -1.391526 -0.048892 -0.220252
-0.936035 -0.079834 -0.037476 -1.819925 -0.155221 -0.072863
-1.148926 -0.153198 0.029541 -2.233847 -0.297862 0.057436
-1.354126 -0.241211 0.096191 -2.632816 -0.468984 0.187024
-1.547241 -0.322021 0.177002 -3.008288 -0.626104 0.344143
-1.724854 -0.414917 0.270264 -3.353618 -0.806720 0.525471
-1.889404 -0.520630 0.355835 -3.673553 -1.012256 0.691847
-2.052490 -0.626221 0.425659 -3.990639 -1.217556 0.827606
-2.204712 -0.728149 0.484985 -4.286603 -1.415735 0.942953
-2.339355 -0.828857 0.530273 -4.548389 -1.611541 1.031006
-2.451782 -0.919312 0.562378 -4.766980 -1.787410 1.093427
-2.525635 -0.992310 0.578613 -4.910571 -1.929339 1.124993
-2.527222 -1.032715 0.562744 -4.913656 -2.007899 1.094139
-2.446655 -0.968506 0.523560 -4.757011 -1.883058 1.017952
-2.329224 -0.837402 0.490112 -4.528690 -1.628154 0.952921
-2.206909 -0.750000 0.472656 -4.290875 -1.458219 0.918982
-2.062012 -0.709595 0.452515 -4.009152 -1.379659 0.879820
-1.847900 -0.686768 0.402466 -3.592857 -1.335276 0.782511
-1.552002 -0.593750 0.320679 -3.017544 -1.154423 0.623493
-1.229858 -0.380859 0.214966 -2.391203 -0.740502 0.417956
-0.917358 -0.116089 0.083862 -1.783612 -0.225711 0.163053
-0.655518 0.046997 -0.067749 -1.274517 0.091376 -0.131724
-0.456055 0.076904 -0.218384 -0.886703 0.149524 -0.424602
-0.330322 0.046753 -0.354736 -0.642243 0.090901 -0.689711
-0.231567 0.062866 -0.468262 -0.450235 0.122230 -0.910437
-0.141357 0.142944 -0.581421 -0.274840 0.277925 -1.130452
-0.005005 0.251099 -0.716309 -0.009731 0.488209 -1.392713
0.164307 0.319336 -0.848389 0.319460 0.620882 -1.649515
0.340332 0.362793 -0.945190 0.661705 0.705375 -1.837726
0.523804 0.424194 -1.022217 1.018427 0.824758 -1.987488
0.696411 0.510132 -1.086670 1.354026 0.991845 -2.112803
0.848267 0.612061 -1.145508 1.649278 1.190024 -2.227201
0.973877 0.711426 -1.192749 1.893501 1.383219 -2.319052
1.083130 0.812622 -1.234985 2.105920 1.579974 -2.401172
1.198608 0.902832 -1.262817 2.330444 1.755369 -2.455285
1.299927 0.932739 -1.260498 2.527437 1.813517 -2.450776
1.358765 0.898682 -1.215698 2.641835 1.747299 -2.363672
1.371094 0.864868 -1.147461 2.665806 1.681556 -2.230999
1.355225 0.832642 -1.081665 2.634952 1.618898 -2.103072
1.316895 0.780884 -1.008301 2.560427 1.518266 -1.960431
1.254639 0.719604 -0.921753 2.439384 1.399121 -1.792156
1.184326 0.678101 -0.827759 2.302675 1.318425 -1.609404
1.127930 0.679321 -0.737305 2.193024 1.320799 -1.433535
1.076904 0.698608 -0.657227 2.093816 1.358298 -1.277840
1.009033 0.702881 -0.587769 1.961855 1.366605 -1.142793
0.921021 0.653809 -0.522949 1.790733 1.271195 -1.016766
0.820435 0.543335 -0.469238 1.595164 1.056402 -0.912336
0.716309 0.409668 -0.410400 1.392713 0.796514 -0.797938
0.612061 0.277710 -0.334595 1.190024 0.539949 -0.650550
0.506348 0.168945 -0.253174 0.984487 0.328479 -0.492244
0.399902 0.090332 -0.180664 0.777527 0.175632 -0.351264
0.299316 0.034302 -0.126099 0.581958 0.066693 -0.245173
0.208984 -0.006836 -0.090942 0.406327 -0.013291 -0.176819
0.132690 -0.036377 -0.066040 0.257989 -0.070727 -0.128401
0.065063 -0.066895 -0.037476 0.126502 -0.130062 -0.072863
-0.000366 -0.100464 0.002808 -0.000712 -0.195331 0.005459
-0.057861 -0.136475 0.046509 -0.112499 -0.265346 0.090427
-0.102051 -0.172852 0.077759 -0.198416 -0.336074 0.151186
-0.129883 -0.193115 0.089966 -0.252530 -0.375472 0.174920
-0.135986 -0.192993 0.086792 -0.264397 -0.375235 0.168749
-0.128296 -0.177124 0.074707 -0.249445 -0.344381 0.145252
-0.110840 -0.150635 0.061279 -0.215505 -0.292878 0.119145
-0.090454 -0.117188 0.046143 -0.175869 -0.227847 0.089715
-0.075684 -0.092529 0.027954 -0.147151 -0.179904 0.054351
-0.073364 -0.089844 0.015381 -0.142642 -0.174682 0.029905
-0.084717 -0.095581 0.018433 -0.164714 -0.185837 0.035838
-0.102417 -0.098022 0.033936 -0.199128 -0.190584 0.065981
-0.118896 -0.100586 0.047363 -0.231169 -0.195568 0.092088
-0.132935 -0.100464 0.049683 -0.258464 -0.195331 0.096597
-0.147461 -0.088013 0.041870 -0.286707 -0.171122 0.081408
-0.164673 -0.064819 0.026001 -0.320172 -0.126028 0.050553
-0.178467 -0.044189 0.007202 -0.346992 -0.085917 0.014003
-0.184937 -0.034302 -0.007813 -0.359571 -0.066693 -0.015190
-0.182373 -0.032104 -0.017456 -0.354586 -0.062420 -0.033940
-0.171265 -0.031738 -0.023438 -0.332988 -0.061708 -0.045569
-0.155518 -0.031250 -0.027344 -0.302372 -0.060759 -0.053164
-0.140747 -0.024780 -0.028931 -0.273653 -0.048180 -0.056250
-0.131226 -0.013062 -0.030396 -0.255141 -0.025395 -0.059098
-0.123413 0.001221 -0.033936 -0.239951 0.002373 -0.065981
-0.115112 0.018677 -0.040161 -0.223812 0.036313 -0.078085
-0.111450 0.035400 -0.046021 -0.216692 0.068829 -0.089477
-0.113525 0.044434 -0.052490 -0.220726 0.086392 -0.102056
-0.118408 0.037720 -0.055908 -0.230220 0.073338 -0.108702
-0.120605 0.024658 -0.050537 -0.234492 0.047943 -0.098259
-0.120728 0.012085 -0.036499 -0.234730 0.023497 -0.070965
-0.120483 -0.007935 -0.022827 -0.234255 -0.015427 -0.044383
-0.124146 -0.027466 -0.010132 -0.241375 -0.053402 -0.019699
-0.131470 -0.042480 0.001343 -0.255615 -0.082594 0.002611
-0.139526 -0.056030 0.010010 -0.271280 -0.108939 0.019462
-0.146606 -0.062134 0.015869 -0.285046 -0.120806 0.030854
-0.150879 -0.062744 0.018066 -0.293353 -0.121993 0.035126
-0.150635 -0.063965 0.015869 -0.292878 -0.124366 0.030854
-0.144409 -0.064087 0.007935 -0.280774 -0.124604 0.015427
-0.134033 -0.054321 -0.005859 -0.260600 -0.105616 -0.011392
-0.123535 -0.042725 -0.020020 -0.240188 -0.083069 -0.038924
-0.111572 -0.032959 -0.029297 -0.216929 -0.064082 -0.056962
