-0.512695 0.542603 -0.141846 -0.996829 1.054978 -0.275789
-0.620117 0.558472 -0.132813 -1.205689 1.085832 -0.258226
-0.742310 0.485718 -0.107910 -1.443266 0.944377 -0.209809
-0.850708 0.424561 -0.060303 -1.654024 0.825469 -0.117246
-0.953613 0.275635 -0.000732 -1.854102 0.535914 -0.001424
-1.051270 0.084595 0.064209 -2.043975 0.164477 0.124841
-1.143921 -0.116455 0.130371 -2.224116 -0.226423 0.253479
-1.245605 -0.309204 0.203613 -2.421820 -0.601183 0.395884
-1.377563 -0.486816 0.283569 -2.678385 -0.946513 0.551341
-1.547485 -0.629150 0.377197 -3.008763 -1.223252 0.733381
-1.748047 -0.736084 0.481567 -3.398713 -1.431162 0.936307
-1.972168 -0.822021 0.602539 -3.834470 -1.598249 1.171512
-2.242554 -0.899902 0.745972 -4.360178 -1.749673 1.450387
-2.451782 -0.963623 0.892822 -4.766980 -1.873564 1.735907
-2.509033 -1.021606 1.007080 -4.878292 -1.986301 1.958057
-2.443970 -1.080811 1.082764 -4.751790 -2.101411 2.105208
-2.369629 -1.119873 1.134521 -4.607250 -2.177360 2.205841
-2.292358 -1.084106 1.147583 -4.457013 -2.107819 2.231236
-2.179810 -0.980713 1.103516 -4.238185 -1.906792 2.145556
-1.998779 -0.845093 0.988770 -3.886210 -1.643107 1.922456
-1.712036 -0.650879 0.794922 -3.328697 -1.265498 1.545560
-1.341919 -0.451660 0.552734 -2.609082 -0.878159 1.074677
-0.930786 -0.301880 0.282349 -1.809720 -0.586943 0.548968
-0.529419 -0.225830 0.028442 -1.029345 -0.439080 0.055300
-0.184326 -0.200684 -0.185669 -0.358384 -0.390187 -0.360995
0.081299 -0.193604 -0.322021 0.158069 -0.376422 -0.626104
0.298584 -0.170776 -0.403198 0.580534 -0.332039 -0.783935
0.510620 -0.138062 -0.459473 0.992794 -0.268432 -0.893349
0.707886 -0.072144 -0.479614 1.376336 -0.140268 -0.932510
0.910522 0.088501 -0.502930 1.770321 0.172072 -0.977842
1.074463 0.285645 -0.549561 2.089069 0.555376 -1.068506
1.193115 0.499756 -0.613770 2.319764 0.971671 -1.193347
1.251709 0.664307 -0.686890 2.433687 1.291606 -1.335514
1.289551 0.772339 -0.779419 2.507263 1.501652 -1.515418
1.372192 0.819458 -0.901978 2.667942 1.593265 -1.753707
1.500732 0.759033 -1.029541 2.917861 1.475782 -2.001728
1.609863 0.627686 -1.129395 3.130044 1.220404 -2.195872
1.675171 0.508789 -1.197144 3.257021 0.989234 -2.327596
1.702148 0.439331 -1.242798 3.309473 0.854188 -2.416361
1.694458 0.407227 -1.272095 3.294520 0.791767 -2.473323
1.635132 0.406860 -1.276123 3.179173 0.791055 -2.481155
1.525757 0.451538 -1.259155 2.966516 0.877922 -2.448165
1.385132 0.514771 -1.235596 2.693100 1.000864 -2.402358
1.240479 0.601807 -1.209473 2.411852 1.170088 -2.351568
1.098389 0.672485 -1.165283 2.135588 1.307508 -2.265650
0.957153 0.701782 -1.101440 1.860985 1.364469 -2.141521
0.815918 0.693481 -1.026489 1.586383 1.348330 -1.995794
0.677002 0.661499 -0.957397 1.316289 1.286147 -1.861460
0.544922 0.615479 -0.908325 1.059487 1.196670 -1.766049
0.416992 0.571167 -0.878174 0.810754 1.110515 -1.707426
0.293823 0.547241 -0.855469 0.571278 1.063997 -1.663281
0.175903 0.534180 -0.831665 0.342007 1.038601 -1.616999
0.055176 0.504395 -0.805908 0.107278 0.980690 -1.566921
-0.089478 0.434326 -0.772705 -0.173970 0.844457 -1.502364
-0.271362 0.316650 -0.715332 -0.527607 0.615661 -1.390814
-0.473511 0.137939 -0.622192 -0.920643 0.268195 -1.209723
-0.681274 -0.084351 -0.502808 -1.324596 -0.164002 -0.977605
-0.889893 -0.286621 -0.370239 -1.730211 -0.557275 -0.719853
-1.096069 -0.443115 -0.234863 -2.131078 -0.861545 -0.456643
-1.300659 -0.575928 -0.102173 -2.528861 -1.119771 -0.198654
-1.503418 -0.699951 0.018433 -2.923083 -1.360909 0.035838
-1.714966 -0.808716 0.119141 -3.334394 -1.572379 0.231644
-1.922119 -0.919312 0.214600 -3.737160 -1.787410 0.417244
-2.100098 -1.054565 0.301636 -4.083202 -2.050383 0.586468
-2.226563 -1.171631 0.396851 -4.329087 -2.277992 0.771593
-2.296265 -1.240479 0.496704 -4.464608 -2.411852 0.965738
-2.318359 -1.293213 0.584595 -4.507566 -2.514383 1.136623
-2.314331 -1.327026 0.679199 -4.499734 -2.580126 1.320561
-2.294434 -1.343506 0.763428 -4.461048 -2.612167 1.484326
-2.257813 -1.345459 0.820557 -4.389846 -2.615965 1.595401
-2.184448 -1.323975 0.868164 -4.247204 -2.574193 1.687964
-2.051270 -1.196655 0.933228 -3.988266 -2.326647 1.814466
-1.872925 -0.955933 0.980225 -3.641512 -1.858612 1.905843
-1.672241 -0.687134 0.975342 -3.251325 -1.335989 1.896349
-1.407593 -0.417236 0.890015 -2.736771 -0.811229 1.730448
-1.121460 -0.207397 0.718994 -2.180445 -0.403241 1.397934
-0.866943 -0.074219 0.491089 -1.685591 -0.144303 0.954820
-0.675781 -0.055176 0.234619 -1.313916 -0.107278 0.456168
-0.538452 -0.114380 -0.025635 -1.046908 -0.222388 -0.049841
-0.430298 -0.168457 -0.275635 -0.836625 -0.327530 -0.535914
-0.321777 -0.152954 -0.476685 -0.625629 -0.297387 -0.926814
-0.179932 -0.050171 -0.617310 -0.349840 -0.097547 -1.200230
0.021118 0.139282 -0.733887 0.041060 0.270805 -1.426890
0.246338 0.334473 -0.799072 0.478953 0.650312 -1.553630
0.446045 0.482666 -0.793213 0.867241 0.938443 -1.542237
0.621704 0.608765 -0.808716 1.208774 1.183616 -1.572379
0.765015 0.705688 -0.848755 1.487412 1.372064 -1.650227
0.873291 0.797363 -0.877930 1.697932 1.550307 -1.706951
0.955078 0.871094 -0.916870 1.856950 1.693660 -1.782663
1.020386 0.905884 -0.957642 1.983927 1.761302 -1.861935
1.075317 0.896484 -0.990723 2.090731 1.743027 -1.926254
1.104614 0.863281 -0.993652 2.147692 1.678470 -1.931950
1.109741 0.824585 -0.971191 2.157660 1.603234 -1.888279
1.100586 0.793579 -0.942017 2.139860 1.542949 -1.831555
1.078735 0.772705 -0.907104 2.097376 1.502364 -1.763676
1.043213 0.744507 -0.867554 2.028310 1.447538 -1.686777
0.991577 0.703491 -0.827637 1.927915 1.367792 -1.609167
0.930908 0.657837 -0.786133 1.809957 1.279027 -1.528471
0.868408 0.616455 -0.747925 1.688439 1.198568 -1.454184
0.799316 0.572998 -0.705811 1.554104 1.114075 -1.372302
0.724487 0.528931 -0.656982 1.408615 1.028395 -1.277365
0.644287 0.502563 -0.609375 1.252682 0.977130 -1.184803
0.560303 0.477051 -0.567627 1.089392 0.927526 -1.103632
0.483887 0.438721 -0.526245 0.940817 0.853001 -1.023174
0.416626 0.374146 -0.484497 0.810042 0.727448 -0.942004
0.356812 0.291382 -0.444092 0.693746 0.566531 -0.863444
0.309814 0.205933 -0.397705 0.602370 0.400393 -0.773255
0.276123 0.123047 -0.345703 0.536864 0.239239 -0.672148
0.249146 0.047241 -0.290283 0.484412 0.091851 -0.564395
0.220093 -0.007080 -0.235962 0.427925 -0.013766 -0.458779
0.182983 -0.036865 -0.184082 0.355773 -0.071677 -0.357909
0.146118 -0.041138 -0.145020 0.284096 -0.079984 -0.281960
0.115112 -0.058105 -0.130859 0.223812 -0.112974 -0.254429
0.085693 -0.073853 -0.125854 0.166613 -0.143591 -0.244698
0.056885 -0.084351 -0.119385 0.110601 -0.164002 -0.232119
0.026978 -0.096191 -0.105835 0.052452 -0.187024 -0.205774
-0.004028 -0.110107 -0.088135 -0.007832 -0.214081 -0.171360
-0.037109 -0.123291 -0.061646 -0.072151 -0.239714 -0.119857
-0.066895 -0.124023 -0.028442 -0.130062 -0.241138 -0.055300
-0.088013 -0.108643 0.004639 -0.171122 -0.211233 0.009019
-0.099121 -0.080322 0.029297 -0.192720 -0.156170 0.056962
-0.100708 -0.039795 0.043579 -0.195806 -0.077373 0.084730
-0.095459 0.003418 0.047974 -0.185600 0.006646 0.093275
-0.083374 0.038330 0.039673 -0.162103 0.074525 0.077136
-0.073608 0.057373 0.021484 -0.143116 0.111550 0.041772
-0.065552 0.064819 0.008301 -0.127452 0.126028 0.016139
-0.061523 0.058350 -0.001099 -0.119620 0.113449 -0.002136
-0.074097 0.053955 -0.009155 -0.144066 0.104904 -0.017801
-0.103149 0.062622 -0.012085 -0.200553 0.121756 -0.023497
-0.139282 0.076172 -0.011719 -0.270805 0.148100 -0.022785
-0.172852 0.090454 -0.010132 -0.336074 0.175869 -0.019699
-0.200928 0.106445 -0.007080 -0.390662 0.206961 -0.013766
-0.217773 0.115967 -0.002563 -0.423415 0.225473 -0.004984
-0.223511 0.120117 0.002075 -0.434570 0.233543 0.004035
-0.225220 0.122192 0.000366 -0.437893 0.237578 0.000712
-0.224487 0.121704 -0.008789 -0.436469 0.236628 -0.017089
-0.218750 0.117188 -0.019775 -0.425314 0.227847 -0.038449
-0.209717 0.111572 -0.027466 -0.407751 0.216929 -0.053402
-0.201294 0.099976 -0.023560 -0.391374 0.194382 -0.045807
-0.201172 0.087158 -0.014282 -0.391137 0.169461 -0.027769
-0.203979 0.070557 -0.002075 -0.396596 0.137183 -0.004035
-0.196655 0.067993 0.022949 -0.382355 0.132199 0.044620
-0.186890 0.070679 0.038696 -0.363368 0.137420 0.075237
-0.175537 0.072754 0.047363 -0.341295 0.141455 0.092088
-0.162964 0.075806 0.048584 -0.316849 0.147388 0.094461
-0.152100 0.074951 0.044189 -0.295726 0.145727 0.085917
-0.139526 0.074463 0.041138 -0.271280 0.144778 0.079984
-0.121704 0.081421 0.041138 -0.236628 0.158306 0.079984
-0.099854 0.092529 0.041382 -0.194144 0.179904 0.080458
-0.079224 0.106567 0.043945 -0.154034 0.207198 0.085443
