0.055298 0.434204 -0.386108 0.107515 0.844219 -0.750707
0.055420 0.463745 -0.396973 0.107752 0.901656 -0.771831
0.024292 0.473267 -0.407227 0.047231 0.920168 -0.791767
-0.020996 0.469971 -0.404663 -0.040823 0.913760 -0.786783
-0.089722 0.449707 -0.392700 -0.174445 0.874362 -0.763524
-0.179565 0.442993 -0.392944 -0.349128 0.861308 -0.763998
-0.292969 0.422852 -0.409302 -0.569617 0.822147 -0.795802
-0.475098 0.373413 -0.443237 -0.923728 0.726024 -0.861783
-0.716675 0.327759 -0.458862 -1.393425 0.637259 -0.892162
-0.895508 0.307373 -0.440552 -1.741128 0.597623 -0.856561
-1.039551 0.233643 -0.409790 -2.021190 0.454269 -0.796751
-1.157593 0.126099 -0.363159 -2.250698 0.245173 -0.706087
-1.268188 -0.000732 -0.311768 -2.465728 -0.001424 -0.606167
-1.403198 -0.150757 -0.270264 -2.728227 -0.293115 -0.525471
-1.551025 -0.281616 -0.235840 -3.015646 -0.547544 -0.458541
-1.705078 -0.412231 -0.210693 -3.315169 -0.801498 -0.409649
-1.895142 -0.598145 -0.199585 -3.684708 -1.162967 -0.388051
-2.078979 -0.781128 -0.179443 -4.042142 -1.518741 -0.348890
-2.209106 -0.941528 -0.149658 -4.295147 -1.830606 -0.290979
-2.270508 -1.088867 -0.121216 -4.414529 -2.117075 -0.235679
-2.311401 -1.219849 -0.104736 -4.494038 -2.371742 -0.203638
-2.335815 -1.253540 -0.109985 -4.541506 -2.437247 -0.213844
-2.311890 -1.199829 -0.145630 -4.494987 -2.332818 -0.283147
-2.304565 -1.142578 -0.206665 -4.480747 -2.221505 -0.401817
-2.334595 -1.042603 -0.277954 -4.539133 -2.027123 -0.540424
-2.332886 -0.865723 -0.337646 -4.535810 -1.683217 -0.656483
-2.241699 -0.739746 -0.377075 -4.358517 -1.438282 -0.733144
-2.020264 -0.646973 -0.365234 -3.927982 -1.257903 -0.710122
-1.655762 -0.559814 -0.294678 -3.219284 -1.088443 -0.572939
-1.152588 -0.406006 -0.203613 -2.240967 -0.789394 -0.395884
-0.568970 -0.186035 -0.142334 -1.106243 -0.361707 -0.276739
-0.009399 0.006470 -0.119995 -0.018275 0.012579 -0.233305
0.400757 0.120361 -0.135986 0.779188 0.234018 -0.264397
0.631348 0.145386 -0.166870 1.227524 0.282672 -0.324444
0.729736 0.156494 -0.209106 1.418820 0.304270 -0.406564
0.770874 0.219727 -0.269409 1.498804 0.427213 -0.523810
0.806641 0.361816 -0.330200 1.568345 0.703477 -0.642005
0.853271 0.540161 -0.378540 1.659009 1.050231 -0.735992
0.908081 0.677368 -0.414307 1.765574 1.317001 -0.805533
0.968872 0.732422 -0.439209 1.883770 1.424042 -0.853950
1.030273 0.717163 -0.456177 2.003152 1.394374 -0.886941
1.110352 0.655518 -0.469482 2.158847 1.274517 -0.912811
1.209595 0.570923 -0.472290 2.351805 1.110041 -0.918270
1.307129 0.484253 -0.460815 2.541440 0.941529 -0.895960
1.386230 0.403564 -0.433960 2.695236 0.784647 -0.843745
1.460205 0.327393 -0.399658 2.839065 0.636547 -0.777052
1.527588 0.254272 -0.362915 2.970076 0.494380 -0.705613
1.565796 0.230103 -0.322510 3.044364 0.447386 -0.627053
1.576416 0.274170 -0.281494 3.065012 0.533066 -0.547307
1.551758 0.361572 -0.246826 3.017070 0.703002 -0.479902
1.480347 0.465820 -0.215454 2.878226 0.905691 -0.418906
1.374756 0.564575 -0.189941 2.672926 1.097699 -0.369301
1.255737 0.630859 -0.176270 2.441519 1.226575 -0.342719
1.137207 0.646362 -0.171509 2.211062 1.256717 -0.333463
1.021118 0.624146 -0.172485 1.985351 1.213521 -0.335362
0.909546 0.598022 -0.172119 1.768422 1.162730 -0.334650
0.801758 0.558228 -0.166504 1.558851 1.085357 -0.323732
0.728882 0.547729 -0.147095 1.417159 1.064946 -0.285995
0.670044 0.541504 -0.110840 1.302761 1.052842 -0.215505
0.583740 0.445679 -0.074097 1.134961 0.866529 -0.144066
0.458740 0.296265 -0.063354 0.891925 0.576025 -0.123180
0.309448 0.160767 -0.084961 0.601658 0.312577 -0.165189
0.132813 0.085938 -0.109253 0.258226 0.167088 -0.212420
-0.068726 0.049805 -0.110840 -0.133623 0.096835 -0.215505
-0.274902 -0.001465 -0.096191 -0.534490 -0.002848 -0.187024
-0.460571 -0.082886 -0.084595 -0.895485 -0.161154 -0.164477
-0.609497 -0.168701 -0.081543 -1.185040 -0.328004 -0.158543
-0.729858 -0.256348 -0.077393 -1.419058 -0.498415 -0.150474
-0.837769 -0.346924 -0.065796 -1.628866 -0.674521 -0.127926
-0.920410 -0.414917 -0.050415 -1.789546 -0.806720 -0.098022
-1.002930 -0.469727 -0.033325 -1.949988 -0.913285 -0.064794
-1.091797 -0.510254 -0.018066 -2.122772 -0.992082 -0.035126
-1.180542 -0.522705 -0.015625 -2.295318 -1.016291 -0.030380
-1.271606 -0.531616 -0.034302 -2.472374 -1.033617 -0.066693
-1.359741 -0.546875 -0.066284 -2.643734 -1.063285 -0.128876
-1.447876 -0.581055 -0.101929 -2.815093 -1.129740 -0.198179
-1.526245 -0.620361 -0.137695 -2.967466 -1.206163 -0.267720
-1.586670 -0.621704 -0.171997 -3.084949 -1.208774 -0.334412
-1.653076 -0.613159 -0.200439 -3.214062 -1.192160 -0.389713
-1.732788 -0.593750 -0.228149 -3.369045 -1.154423 -0.443589
-1.806763 -0.581909 -0.261841 -3.512874 -1.131401 -0.509095
-1.868042 -0.597534 -0.293457 -3.632018 -1.161781 -0.570566
-1.905151 -0.657837 -0.314331 -3.704170 -1.279027 -0.611151
-1.905640 -0.743652 -0.316895 -3.705119 -1.445877 -0.616135
-1.859253 -0.815308 -0.302490 -3.614930 -1.585196 -0.588129
-1.756958 -0.828003 -0.285767 -3.416039 -1.609879 -0.555614
-1.593262 -0.746094 -0.274414 -3.097765 -1.450624 -0.533541
-1.381104 -0.560669 -0.274048 -2.685268 -1.090104 -0.532829
-1.150757 -0.338623 -0.277466 -2.237407 -0.658382 -0.539474
-0.939575 -0.157959 -0.266602 -1.826808 -0.307118 -0.518351
-0.776611 -0.056885 -0.237305 -1.509959 -0.110601 -0.461390
-0.642212 -0.019897 -0.203003 -1.248647 -0.038686 -0.394697
-0.519409 -0.004883 -0.175659 -1.009883 -0.009494 -0.341533
-0.395386 0.010010 -0.162842 -0.768745 0.019462 -0.316612
-0.263184 0.032593 -0.167480 -0.511706 0.063370 -0.325631
-0.123047 0.061279 -0.179688 -0.239239 0.119145 -0.349365
0.020752 0.094482 -0.192627 0.040348 0.183701 -0.374523
0.154785 0.138184 -0.196777 0.300947 0.268669 -0.382593
0.275513 0.185181 -0.192749 0.535677 0.360045 -0.374760
0.384399 0.215210 -0.189941 0.747385 0.418431 -0.369301
0.481934 0.227539 -0.197754 0.937019 0.442402 -0.384491
0.572632 0.237061 -0.216431 1.113363 0.460915 -0.420804
0.662231 0.265625 -0.243652 1.287571 0.516452 -0.473731
0.751099 0.314697 -0.273315 1.460355 0.611863 -0.531405
0.831421 0.371094 -0.298584 1.616525 0.721514 -0.580534
0.905273 0.426270 -0.316772 1.760116 0.828792 -0.615898
0.985107 0.461792 -0.331055 1.915336 0.897858 -0.643667
1.064209 0.465210 -0.325928 2.069133 0.904504 -0.633699
1.125366 0.465210 -0.306396 2.188040 0.904504 -0.595724
1.166382 0.492432 -0.285034 2.267787 0.957431 -0.554190
1.182983 0.539795 -0.254150 2.300065 1.049519 -0.494142
1.179199 0.583130 -0.222046 2.292707 1.133775 -0.431722
1.165039 0.594971 -0.195923 2.265176 1.156797 -0.380931
1.152954 0.562012 -0.176636 2.241679 1.092715 -0.343431
1.148560 0.494019 -0.163574 2.233135 0.960516 -0.318036
1.134399 0.408569 -0.148438 2.205603 0.794378 -0.288606
1.106567 0.330933 -0.134766 2.151490 0.643430 -0.262024
1.084839 0.305786 -0.135010 2.109243 0.594537 -0.262498
1.082031 0.367676 -0.153931 2.103784 0.714869 -0.299286
1.071655 0.370728 -0.164307 2.083610 0.720802 -0.319460
1.042725 0.385864 -0.157837 2.027361 0.750233 -0.306881
0.977173 0.375732 -0.149536 1.899909 0.730533 -0.290742
0.869873 0.290527 -0.149048 1.691287 0.564870 -0.289792
0.723877 0.197388 -0.143921 1.407428 0.383779 -0.279824
0.572754 0.114746 -0.114136 1.113601 0.223100 -0.221913
0.437378 0.030396 -0.075195 0.850390 0.059098 -0.146202
0.335693 -0.034668 -0.046509 0.652686 -0.067405 -0.090427
0.268066 -0.063232 -0.035522 0.521199 -0.122942 -0.069066
0.228027 -0.044678 -0.030762 0.443352 -0.086867 -0.059810
0.198730 -0.003906 -0.025879 0.386390 -0.007595 -0.050316
0.161621 0.030029 -0.023193 0.314239 0.058386 -0.045095
0.114868 0.036865 -0.021606 0.223337 0.071677 -0.042009
0.064819 0.017944 -0.018433 0.126028 0.034889 -0.035838
0.014893 -0.015991 -0.011719 0.028956 -0.031092 -0.022785
-0.032593 -0.052124 -0.001953 -0.063370 -0.101344 -0.003797
-0.079712 -0.090454 0.013550 -0.154983 -0.175869 0.026345
-0.120972 -0.117554 0.033691 -0.235204 -0.228559 0.065506
-0.151245 -0.129028 0.056641 -0.294065 -0.250869 0.110126
-0.171021 -0.117798 0.070068 -0.332514 -0.229033 0.136233
-0.183594 -0.089233 0.065918 -0.356960 -0.173496 0.128164
-0.191772 -0.057373 0.046143 -0.372862 -0.111550 0.089715
-0.197510 -0.032715 0.022095 -0.384017 -0.063607 0.042959
-0.203491 -0.014893 0.001343 -0.395646 -0.028956 0.002611
-0.209839 -0.001709 -0.014038 -0.407988 -0.003323 -0.027294
-0.218628 0.017334 -0.019287 -0.425076 0.033702 -0.037500
-0.228271 0.033813 -0.015747 -0.443826 0.065743 -0.030617
-0.235107 0.029907 -0.011597 -0.457117 0.058148 -0.022547
-0.239868 0.009521 -0.010742 -0.466374 0.018513 -0.020886
-0.237915 -0.011841 -0.014160 -0.462576 -0.023022 -0.027531
-0.225708 -0.025269 -0.022583 -0.438842 -0.049129 -0.043908
