0.208740 0.443115 -0.454834 0.405852 0.861545 -0.884330
0.213623 0.467407 -0.474487 0.415345 0.908776 -0.922542
0.164063 0.500732 -0.483032 0.318985 0.973570 -0.939156
0.103271 0.525024 -0.473511 0.200790 1.020801 -0.920643
0.030151 0.495117 -0.448486 0.058623 0.962652 -0.871988
-0.053833 0.467773 -0.419922 -0.104667 0.909488 -0.816451
-0.152588 0.451172 -0.401489 -0.296675 0.877210 -0.780612
-0.274902 0.441162 -0.399170 -0.534490 0.857748 -0.776103
-0.436523 0.436401 -0.424072 -0.848729 0.848491 -0.824520
-0.673096 0.417358 -0.487183 -1.308694 0.811466 -0.947225
-0.887329 0.422607 -0.535278 -1.725227 0.821672 -1.040737
-1.043823 0.382324 -0.565552 -2.029497 0.743350 -1.099598
-1.190674 0.245483 -0.572266 -2.315017 0.477291 -1.112651
-1.370117 0.020264 -0.542114 -2.663907 0.039398 -1.054028
-1.593262 -0.245239 -0.483398 -3.097765 -0.476817 -0.939868
-1.807983 -0.482300 -0.417847 -3.515247 -0.937731 -0.812416
-2.001831 -0.695068 -0.345581 -3.892143 -1.351416 -0.671910
-2.208984 -0.906372 -0.264282 -4.294910 -1.762252 -0.513842
-2.382690 -1.078735 -0.166138 -4.632645 -2.097376 -0.323020
-2.477783 -1.234253 -0.059326 -4.817533 -2.399748 -0.115347
-2.485596 -1.288330 0.041016 -4.832723 -2.504889 0.079746
-2.433228 -1.190552 0.093872 -4.730904 -2.314780 0.182515
-2.363525 -0.999878 0.071533 -4.595383 -1.944054 0.139081
-2.256958 -0.802246 -0.003906 -4.388185 -1.559800 -0.007595
-2.173462 -0.614990 -0.099854 -4.225844 -1.195720 -0.194144
-2.130371 -0.441528 -0.212280 -4.142063 -0.858460 -0.412735
-2.098999 -0.327026 -0.325684 -4.081066 -0.635835 -0.633224
-2.036377 -0.278809 -0.423706 -3.959311 -0.542085 -0.823808
-1.919189 -0.252808 -0.493408 -3.731464 -0.491532 -0.959329
-1.746582 -0.255859 -0.529541 -3.395865 -0.497465 -1.029582
-1.478149 -0.237671 -0.522583 -2.873954 -0.462102 -1.016054
-1.086792 -0.119141 -0.470459 -2.113040 -0.231644 -0.914709
-0.640503 0.007080 -0.379517 -1.245324 0.013766 -0.737891
-0.201172 0.098267 -0.267578 -0.391137 0.191059 -0.520250
0.198608 0.188843 -0.168091 0.386153 0.367165 -0.326818
0.508911 0.228027 -0.097534 0.989472 0.443352 -0.189635
0.715332 0.194214 -0.081299 1.390814 0.377608 -0.158069
0.842896 0.142212 -0.124023 1.638835 0.276501 -0.241138
0.935181 0.120972 -0.208984 1.818264 0.235204 -0.406327
1.020386 0.154175 -0.296875 1.983927 0.299761 -0.577212
1.115967 0.262939 -0.356567 2.169765 0.511231 -0.693271
1.225830 0.410278 -0.399170 2.383371 0.797701 -0.776103
1.331055 0.556152 -0.423584 2.587959 1.081322 -0.823571
1.404175 0.664795 -0.432495 2.730125 1.292555 -0.840897
1.449951 0.707886 -0.428101 2.819128 1.376336 -0.832352
1.476196 0.680786 -0.409302 2.870156 1.323647 -0.795802
1.484863 0.581909 -0.372437 2.887007 1.131401 -0.724125
1.487061 0.455566 -0.315063 2.891279 0.885754 -0.612575
1.500366 0.359253 -0.246704 2.917150 0.698492 -0.479665
1.525391 0.306030 -0.177368 2.965804 0.595012 -0.344855
1.523438 0.279541 -0.114502 2.962007 0.543509 -0.222625
1.493042 0.263672 -0.067993 2.902909 0.512655 -0.132199
1.436157 0.234741 -0.036987 2.792309 0.456405 -0.071914
1.361206 0.196167 -0.017334 2.646581 0.381406 -0.033702
1.295288 0.197998 -0.003662 2.518418 0.384966 -0.007120
1.255249 0.273926 -0.000122 2.440570 0.532592 -0.000237
1.235718 0.409546 0.000732 2.402596 0.796277 0.001424
1.209595 0.521973 -0.003906 2.351805 1.014867 -0.007595
1.153198 0.561279 -0.023926 2.242154 1.091291 -0.046519
1.067383 0.570190 -0.042114 2.075304 1.108616 -0.081882
0.952148 0.549316 -0.053589 1.851254 1.068031 -0.104192
0.804688 0.481567 -0.068726 1.564547 0.936307 -0.133623
0.645264 0.396851 -0.092163 1.254581 0.771593 -0.179192
0.471436 0.257080 -0.110474 0.916608 0.499839 -0.214793
0.305664 0.181030 -0.117676 0.594300 0.351976 -0.228796
0.142822 0.157959 -0.114136 0.277688 0.307118 -0.221913
-0.013184 0.134644 -0.110962 -0.025633 0.261786 -0.215742
-0.164795 0.100830 -0.121826 -0.320409 0.196043 -0.236866
-0.309692 0.049316 -0.142578 -0.602132 0.095885 -0.277213
-0.445068 -0.031372 -0.165283 -0.865343 -0.060996 -0.321359
-0.577148 -0.123535 -0.187378 -1.122145 -0.240188 -0.364317
-0.728149 -0.216064 -0.205444 -1.415735 -0.420092 -0.399444
-0.886597 -0.301147 -0.214722 -1.723802 -0.585518 -0.417482
-1.037842 -0.371948 -0.214844 -2.017867 -0.723176 -0.417719
-1.163574 -0.420776 -0.213623 -2.262328 -0.818112 -0.415345
-1.285034 -0.468140 -0.218506 -2.498481 -0.910200 -0.424839
-1.396118 -0.510010 -0.232056 -2.714461 -0.991608 -0.451184
-1.494629 -0.546021 -0.250610 -2.905994 -1.061623 -0.487260
-1.588867 -0.554077 -0.272583 -3.089221 -1.077288 -0.529981
-1.685181 -0.535156 -0.294922 -3.276483 -1.040500 -0.573414
-1.800293 -0.531372 -0.316162 -3.500294 -1.033142 -0.614711
-1.911621 -0.553467 -0.340454 -3.716749 -1.076101 -0.661942
-2.030151 -0.596191 -0.361450 -3.947206 -1.159170 -0.702765
-2.145752 -0.645996 -0.370239 -4.171968 -1.256005 -0.719853
-2.214355 -0.684204 -0.372192 -4.305353 -1.330292 -0.723651
-2.216919 -0.719727 -0.366821 -4.310337 -1.399358 -0.713208
-2.141968 -0.745850 -0.357422 -4.164610 -1.450149 -0.694932
-1.996460 -0.737671 -0.345825 -3.881700 -1.434247 -0.672385
-1.794800 -0.688232 -0.332642 -3.489614 -1.338125 -0.646752
-1.553223 -0.606812 -0.311890 -3.019918 -1.179819 -0.606404
-1.297485 -0.483398 -0.277832 -2.522690 -0.939868 -0.540186
-1.065308 -0.357544 -0.233154 -2.071269 -0.695170 -0.453320
-0.902954 -0.258911 -0.183838 -1.755606 -0.503399 -0.357434
-0.788330 -0.181763 -0.157959 -1.532744 -0.353400 -0.307118
-0.695801 -0.127075 -0.159790 -1.352840 -0.247071 -0.310678
-0.601440 -0.085938 -0.184937 -1.169376 -0.167088 -0.359571
-0.485352 -0.052734 -0.222046 -0.943665 -0.102531 -0.431722
-0.339844 -0.017578 -0.255127 -0.660755 -0.034177 -0.496041
-0.173340 0.020142 -0.267334 -0.337023 0.039161 -0.519775
0.000244 0.065063 -0.249634 0.000475 0.126502 -0.485361
0.170166 0.108765 -0.211914 0.330852 0.211470 -0.412023
0.327148 0.128296 -0.169678 0.636072 0.249445 -0.329903
0.468750 0.125977 -0.146362 0.911387 0.244935 -0.284571
0.587402 0.140015 -0.152710 1.142081 0.272229 -0.296913
0.674805 0.187500 -0.184204 1.312017 0.364555 -0.358146
0.729858 0.246338 -0.219238 1.419058 0.478953 -0.426263
0.754761 0.311401 -0.251343 1.467475 0.605455 -0.488684
0.753906 0.363647 -0.284302 1.465814 0.707037 -0.552766
0.744629 0.381226 -0.319946 1.447776 0.741214 -0.622069
0.742676 0.367676 -0.358887 1.443978 0.714869 -0.697780
0.775146 0.337158 -0.413940 1.507111 0.655534 -0.804821
0.846313 0.284912 -0.464844 1.645480 0.553952 -0.903792
0.935425 0.229370 -0.491577 1.818739 0.445962 -0.955769
1.024902 0.186157 -0.491455 1.992709 0.361944 -0.955532
1.099487 0.174438 -0.456543 2.137724 0.339159 -0.887653
1.153687 0.200073 -0.388428 2.243103 0.389001 -0.755217
1.186890 0.265991 -0.313477 2.307660 0.517164 -0.609490
1.211792 0.351685 -0.253784 2.356077 0.683777 -0.493430
1.230103 0.452148 -0.213623 2.391678 0.879108 -0.415345
1.239014 0.564087 -0.181152 2.409004 1.096749 -0.352213
1.214844 0.653320 -0.149292 2.362010 1.270245 -0.290267
1.165649 0.695679 -0.120605 2.266362 1.352602 -0.234492
1.118896 0.677002 -0.100464 2.175461 1.316289 -0.195331
1.078247 0.645508 -0.090942 2.096427 1.255055 -0.176819
1.056519 0.609619 -0.093140 2.054180 1.185277 -0.181091
1.029175 0.476074 -0.090698 2.001016 0.925627 -0.176344
0.960938 0.318970 -0.089722 1.868343 0.620170 -0.174445
0.845825 0.223389 -0.088989 1.644531 0.434333 -0.173021
0.696167 0.156738 -0.078979 1.353552 0.304745 -0.153559
0.531860 0.104004 -0.061157 1.034092 0.202214 -0.118907
0.383057 0.063843 -0.043091 0.744774 0.124129 -0.083781
0.269653 0.046021 -0.028198 0.524285 0.089477 -0.054826
0.194214 0.054443 -0.012695 0.377608 0.105854 -0.024683
0.145874 0.067383 0.001587 0.283622 0.131012 0.003085
0.112427 0.059692 0.014404 0.218590 0.116059 0.028006
0.084717 0.025879 0.019165 0.164714 0.050316 0.037262
0.058594 -0.027832 0.019043 0.113923 -0.054114 0.037025
0.036255 -0.084595 0.014893 0.070490 -0.164477 0.028956
0.017822 -0.122070 0.008667 0.034652 -0.237340 0.016851
-0.003784 -0.132324 0.003174 -0.007358 -0.257277 0.006171
-0.033325 -0.115723 0.004028 -0.064794 -0.224999 0.007832
-0.066040 -0.083374 0.010864 -0.128401 -0.162103 0.021123
-0.097656 -0.062744 0.018677 -0.189872 -0.121993 0.036313
-0.127808 -0.061890 0.026611 -0.248495 -0.120332 0.051740
-0.155396 -0.069580 0.032959 -0.302134 -0.135284 0.064082
-0.174805 -0.078857 0.035156 -0.339871 -0.153322 0.068354
-0.181763 -0.078003 0.031006 -0.353400 -0.151660 0.060284
-0.173218 -0.063477 0.017456 -0.336786 -0.123417 0.033940
-0.151001 -0.044067 -0.004639 -0.293590 -0.085680 -0.009019
-0.120972 -0.017944 -0.030029 -0.235204 -0.034889 -0.058386
