0.344727 1.028076 -0.283081 0.670249 1.998880 -0.550392
0.381714 1.005615 -0.338745 0.742163 1.955209 -0.658619
0.381836 0.923828 -0.369141 0.742400 1.796191 -0.717717
0.348022 0.723877 -0.367676 0.676657 1.407428 -0.714869
0.258911 0.479004 -0.347412 0.503399 0.931323 -0.675470
0.101074 0.306030 -0.331055 0.196518 0.595012 -0.643667
-0.071533 0.232178 -0.316772 -0.139081 0.451421 -0.615898
-0.192017 0.208130 -0.310547 -0.373336 0.404665 -0.603794
-0.296143 0.201782 -0.316040 -0.575788 0.392323 -0.614474
-0.383667 0.215088 -0.318359 -0.745961 0.418194 -0.618983
-0.466064 0.214600 -0.316895 -0.906165 0.417244 -0.616135
-0.554565 0.181519 -0.311768 -1.078237 0.352925 -0.606167
-0.660522 0.122803 -0.299438 -1.284248 0.238764 -0.582196
-0.780640 0.059082 -0.278076 -1.517791 0.114873 -0.540661
-0.911987 -0.013794 -0.249146 -1.773169 -0.026819 -0.484412
-1.050171 -0.098267 -0.216309 -2.041838 -0.191059 -0.420567
-1.189575 -0.171143 -0.188354 -2.312881 -0.332751 -0.366216
-1.336914 -0.247803 -0.172485 -2.599351 -0.481801 -0.335362
-1.515015 -0.348999 -0.163452 -2.945630 -0.678556 -0.317799
-1.728638 -0.478516 -0.146729 -3.360976 -0.930374 -0.285283
-1.933838 -0.611206 -0.115845 -3.759945 -1.188363 -0.225236
-2.106079 -0.772949 -0.062134 -4.094832 -1.502839 -0.120806
-2.220215 -0.990234 -0.006104 -4.316745 -1.925304 -0.011867
-2.297119 -1.201782 0.042725 -4.466269 -2.336615 0.083069
-2.308960 -1.308960 0.070923 -4.489292 -2.545000 0.137895
-2.252686 -1.294434 0.070679 -4.379878 -2.516756 0.137420
-2.151611 -1.171509 0.060791 -4.183360 -2.277755 0.118195
-2.056519 -1.010742 0.052612 -3.998472 -1.965178 0.102294
-1.942505 -0.764893 0.015503 -3.776796 -1.487174 0.030142
-1.787476 -0.483154 -0.046875 -3.475374 -0.939393 -0.091139
-1.599976 -0.230469 -0.123169 -3.110819 -0.448098 -0.239476
-1.406982 -0.059448 -0.205322 -2.735584 -0.115585 -0.399206
-1.211792 0.035645 -0.281494 -2.356077 0.069303 -0.547307
-1.015137 0.083984 -0.340454 -1.973722 0.163290 -0.661942
-0.835571 0.135010 -0.375488 -1.624594 0.262498 -0.730059
-0.686646 0.174438 -0.395630 -1.335039 0.339159 -0.769220
-0.564087 0.169556 -0.410156 -1.096749 0.329666 -0.797463
-0.451050 0.112305 -0.417725 -0.876972 0.218353 -0.812178
-0.331421 0.017212 -0.422974 -0.644379 0.033465 -0.822384
-0.172363 -0.077271 -0.441650 -0.335124 -0.150236 -0.858697
0.044434 -0.123535 -0.490356 0.086392 -0.240188 -0.953396
0.292847 -0.108643 -0.556519 0.569379 -0.211233 -1.082034
0.539429 -0.052124 -0.613770 1.048807 -0.101344 -1.193347
0.767212 0.053345 -0.651001 1.491684 0.103718 -1.265736
0.975342 0.212280 -0.671875 1.896349 0.412735 -1.306321
1.150391 0.366699 -0.675537 2.236695 0.712970 -1.313441
1.286743 0.506714 -0.664185 2.501804 0.985200 -1.291368
1.387695 0.600098 -0.640625 2.698084 1.166765 -1.245562
1.457275 0.655273 -0.610229 2.833368 1.274043 -1.186464
1.498657 0.692749 -0.583008 2.913827 1.346906 -1.133537
1.533691 0.731201 -0.572998 2.981943 1.421668 -1.114075
1.591064 0.790649 -0.584473 3.093493 1.537253 -1.136385
1.661499 0.848633 -0.598755 3.230439 1.649990 -1.164154
1.713135 0.846558 -0.593506 3.330834 1.645955 -1.153948
1.730835 0.783447 -0.563232 3.365248 1.523250 -1.095088
1.690186 0.670898 -0.506348 3.286214 1.304422 -0.984487
1.611206 0.515137 -0.419678 3.132654 1.001576 -0.815976
1.517700 0.315796 -0.314209 2.950852 0.613999 -0.610914
1.432617 0.117432 -0.199585 2.785426 0.228321 -0.388051
1.358521 0.020264 -0.087036 2.641360 0.039398 -0.169224
1.271118 0.055908 0.005371 2.471424 0.108702 0.010443
1.166504 0.195313 0.055420 2.268024 0.379744 0.107752
1.059448 0.365479 0.060547 2.059876 0.710597 0.117721
0.924072 0.485229 0.034668 1.796666 0.943428 0.067405
0.775757 0.542480 -0.006592 1.508298 1.054740 -0.012816
0.635010 0.582397 -0.042725 1.234644 1.132350 -0.083069
0.508057 0.576172 -0.045166 0.987810 1.120246 -0.087816
0.375854 0.477295 -0.034058 0.730771 0.928001 -0.066218
0.223755 0.334717 -0.029297 0.435045 0.650787 -0.056962
0.050415 0.199707 -0.040894 0.098022 0.388289 -0.079509
-0.120239 0.104858 -0.053467 -0.233780 0.203875 -0.103955
-0.254028 0.032104 -0.057739 -0.493905 0.062420 -0.112262
-0.354858 -0.021240 -0.052979 -0.689948 -0.041297 -0.103006
-0.446289 -0.056396 -0.047241 -0.867716 -0.109651 -0.091851
-0.541260 -0.082764 -0.046753 -1.052367 -0.160917 -0.090901
-0.641113 -0.109985 -0.050903 -1.246511 -0.213844 -0.098971
-0.809570 -0.158813 -0.058350 -1.574041 -0.308780 -0.113449
-1.010742 -0.185425 -0.068481 -1.965178 -0.360520 -0.133148
-1.188843 -0.258179 -0.081787 -2.311457 -0.501975 -0.159018
-1.322998 -0.354370 -0.089478 -2.572294 -0.688999 -0.173970
-1.423828 -0.440430 -0.094849 -2.768337 -0.856324 -0.184413
-1.516113 -0.527344 -0.100708 -2.947766 -1.025310 -0.195806
-1.599487 -0.591431 -0.105957 -3.109870 -1.149914 -0.206011
-1.677856 -0.641846 -0.113403 -3.262242 -1.247935 -0.220489
-1.756714 -0.665161 -0.114502 -3.415564 -1.293267 -0.222625
-1.819092 -0.649292 -0.115601 -3.536845 -1.262413 -0.224761
-1.856812 -0.628662 -0.130127 -3.610183 -1.222302 -0.253005
-1.900391 -0.635620 -0.138916 -3.694914 -1.235831 -0.270093
-1.946411 -0.656494 -0.132813 -3.784391 -1.276416 -0.258226
-1.961548 -0.662231 -0.129028 -3.813821 -1.287571 -0.250869
-1.924072 -0.636353 -0.124023 -3.740957 -1.237255 -0.241138
-1.823364 -0.573853 -0.114014 -3.545152 -1.115737 -0.221676
-1.681396 -0.492554 -0.118774 -3.269125 -0.957668 -0.230932
-1.526367 -0.428833 -0.144531 -2.967703 -0.833776 -0.281011
-1.378906 -0.392944 -0.185913 -2.680996 -0.763998 -0.361469
-1.253174 -0.377563 -0.228760 -2.436535 -0.734093 -0.444776
-1.150513 -0.376831 -0.247681 -2.236932 -0.732669 -0.481563
-1.070679 -0.364624 -0.236084 -2.081712 -0.708935 -0.459016
-0.970825 -0.323853 -0.214966 -1.887567 -0.629664 -0.417956
-0.834106 -0.257080 -0.199097 -1.621746 -0.499839 -0.387102
-0.653809 -0.174072 -0.199585 -1.271195 -0.338447 -0.388051
-0.444824 -0.093628 -0.222656 -0.864868 -0.182040 -0.432909
-0.217407 -0.027710 -0.259521 -0.422703 -0.053876 -0.504585
0.015137 0.022339 -0.295288 0.029430 0.043433 -0.574126
0.230347 0.071777 -0.314575 0.447861 0.139556 -0.611626
0.414917 0.126709 -0.320801 0.806720 0.246359 -0.623730
0.562378 0.168091 -0.316040 1.093427 0.326818 -0.614474
0.680176 0.215698 -0.311890 1.322460 0.419380 -0.606404
0.770874 0.277100 -0.312866 1.498804 0.538762 -0.608303
0.837769 0.339600 -0.316528 1.628866 0.660281 -0.615423
0.886719 0.393066 -0.328125 1.724040 0.764236 -0.637971
0.927246 0.442871 -0.342163 1.802837 0.861071 -0.665265
0.967529 0.483032 -0.353149 1.881159 0.939156 -0.686625
1.018677 0.505127 -0.357178 1.980605 0.982114 -0.694458
1.085083 0.520752 -0.357422 2.109718 1.012494 -0.694932
1.147827 0.529053 -0.346924 2.231711 1.028633 -0.674521
1.183838 0.539185 -0.320435 2.301726 1.048332 -0.623018
1.182251 0.539063 -0.277832 2.298641 1.048095 -0.540186
1.157593 0.534790 -0.236450 2.250698 1.039788 -0.459728
1.134033 0.532471 -0.212036 2.204891 1.035278 -0.412260
1.125732 0.535645 -0.206909 2.188752 1.041449 -0.402292
1.121826 0.540527 -0.209717 2.181157 1.050943 -0.407751
1.120972 0.544312 -0.206421 2.179496 1.058300 -0.401342
1.124512 0.524536 -0.193726 2.186379 1.019851 -0.376659
1.113647 0.471802 -0.167358 2.165255 0.917320 -0.325394
1.079956 0.392456 -0.134033 2.099750 0.763049 -0.260600
1.019287 0.260254 -0.101318 1.981791 0.506009 -0.196992
0.909546 0.112915 -0.080200 1.768422 0.219540 -0.155933
0.769775 0.028809 -0.062256 1.496668 0.056012 -0.121044
0.610718 0.012329 -0.043091 1.187413 0.023971 -0.083781
0.452637 0.040039 -0.025879 0.880058 0.077848 -0.050316
0.311646 0.064697 -0.013184 0.605930 0.125790 -0.025633
0.201782 0.086060 -0.000977 0.392323 0.167325 -0.001899
0.134644 0.092651 0.017944 0.261786 0.180141 0.034889
0.100708 0.064209 0.041626 0.195806 0.124841 0.080933
0.083496 0.010986 0.068115 0.162341 0.021361 0.132436
0.071899 -0.054565 0.086792 0.139793 -0.106091 0.168749
0.058716 -0.119873 0.097778 0.114161 -0.233068 0.190110
0.043579 -0.172119 0.099731 0.084730 -0.334650 0.193907
0.028442 -0.202515 0.091064 0.055300 -0.393748 0.177056
0.015259 -0.203369 0.075317 0.029668 -0.395409 0.146439
0.000610 -0.188232 0.058228 0.001187 -0.365979 0.113211
-0.022339 -0.172241 0.044067 -0.043433 -0.334887 0.085680
-0.054932 -0.171265 0.033936 -0.106803 -0.332988 0.065981
-0.092041 -0.200806 0.029297 -0.178955 -0.390425 0.056962
-0.125366 -0.244141 0.036499 -0.243748 -0.474681 0.070965
-0.145386 -0.277710 0.053101 -0.282672 -0.539949 0.103243
-0.155762 -0.288208 0.066772 -0.302846 -0.560360 0.129825
-0.167969 -0.265137 0.071289 -0.326580 -0.515503 0.138607
-0.183838 -0.209961 0.061035 -0.357434 -0.408225 0.118670
