0.124023 0.834961 -0.435913 0.241138 1.623408 -0.847542
0.105225 0.834961 -0.467651 0.204587 1.623408 -0.909251
0.046631 0.772583 -0.496582 0.090664 1.502127 -0.965500
-0.037842 0.627686 -0.503906 -0.073575 1.220404 -0.979741
-0.135742 0.497803 -0.489258 -0.263922 0.967874 -0.951260
-0.295288 0.394653 -0.475708 -0.574126 0.767321 -0.924915
-0.513550 0.347046 -0.458252 -0.998491 0.674758 -0.890975
-0.683350 0.369995 -0.417480 -1.328631 0.719378 -0.811704
-0.817627 0.368530 -0.384033 -1.589705 0.716530 -0.746673
-0.920776 0.343628 -0.344116 -1.790258 0.668113 -0.669062
-1.017700 0.305908 -0.299194 -1.978706 0.594775 -0.581721
-1.126343 0.246460 -0.265991 -2.189939 0.479190 -0.517164
-1.251465 0.153320 -0.246826 -2.433213 0.298099 -0.479902
-1.385376 0.017212 -0.227051 -2.693575 0.033465 -0.441453
-1.541382 -0.165527 -0.196777 -2.996896 -0.321833 -0.382593
-1.760498 -0.393433 -0.160156 -3.422922 -0.764948 -0.311390
-2.039917 -0.615845 -0.117554 -3.966193 -1.197382 -0.228559
-2.297241 -0.883301 -0.078613 -4.466507 -1.717394 -0.152847
-2.479492 -1.242676 -0.021484 -4.820856 -2.416124 -0.041772
-2.558105 -1.571777 0.035645 -4.973703 -3.055994 0.069303
-2.588135 -1.788208 0.078003 -5.032089 -3.476798 0.151660
-2.555786 -1.840576 0.095093 -4.969193 -3.578617 0.184888
-2.413208 -1.664429 0.064819 -4.691980 -3.236135 0.126028
-2.186768 -1.237915 0.002441 -4.251714 -2.406868 0.004747
-1.927734 -0.760498 -0.048828 -3.748078 -1.478630 -0.094936
-1.662476 -0.391968 -0.062500 -3.232337 -0.762100 -0.121518
-1.406128 -0.174561 -0.043823 -2.733923 -0.339397 -0.085205
-1.162964 -0.106567 -0.002808 -2.261141 -0.207198 -0.005459
-0.931885 -0.123169 0.031738 -1.811856 -0.239476 0.061708
-0.707397 -0.183350 0.039673 -1.375387 -0.356485 0.077136
-0.472412 -0.225464 0.019653 -0.918507 -0.438368 0.038212
-0.232056 -0.219604 -0.026611 -0.451184 -0.426975 -0.051740
0.006470 -0.156128 -0.096313 0.012579 -0.303558 -0.187261
0.232178 -0.023804 -0.182373 0.451421 -0.046281 -0.354586
0.420166 0.135376 -0.268799 0.816925 0.263210 -0.522623
0.569458 0.278564 -0.351807 1.107192 0.541611 -0.684015
0.690674 0.369263 -0.427124 1.342871 0.717954 -0.830454
0.780029 0.403564 -0.492432 1.516604 0.784647 -0.957431
0.854004 0.376709 -0.543945 1.660433 0.732432 -1.057588
0.927856 0.327637 -0.585693 1.804024 0.637021 -1.138759
1.004272 0.289063 -0.609741 1.952599 0.562022 -1.185515
1.068604 0.275879 -0.616821 2.077677 0.536389 -1.199281
1.129150 0.303345 -0.612793 2.195398 0.589791 -1.191448
1.179321 0.349976 -0.591431 2.292944 0.680455 -1.149914
1.215576 0.401245 -0.556030 2.363435 0.780138 -1.081085
1.236450 0.447021 -0.515625 2.404020 0.869140 -1.002525
1.273071 0.490601 -0.484009 2.475222 0.953871 -0.941054
1.306396 0.481323 -0.457275 2.540016 0.935833 -0.889077
1.313110 0.433228 -0.423218 2.553069 0.842321 -0.822859
1.299316 0.390015 -0.382813 2.526250 0.758302 -0.744299
1.281372 0.377808 -0.338135 2.491361 0.734568 -0.657433
1.252930 0.382202 -0.291382 2.436061 0.743112 -0.566531
1.228638 0.411377 -0.248535 2.388830 0.799837 -0.483225
1.228516 0.453125 -0.209473 2.388593 0.881007 -0.407276
1.247925 0.491943 -0.168945 2.426330 0.956481 -0.328479
1.256348 0.518677 -0.128662 2.442706 1.008459 -0.250157
1.232422 0.551270 -0.085571 2.396188 1.071829 -0.166376
1.182251 0.536377 -0.046021 2.298641 1.042873 -0.089477
1.092163 0.498291 -0.041748 2.123483 0.968823 -0.081170
0.945557 0.370117 -0.076660 1.838438 0.719616 -0.149050
0.755615 0.243408 -0.134399 1.469136 0.473257 -0.261312
0.553955 0.178711 -0.185913 1.077050 0.347466 -0.361469
0.365356 0.162598 -0.222412 0.710359 0.316137 -0.432434
0.209106 0.168335 -0.242310 0.406564 0.327292 -0.471120
0.091675 0.181519 -0.248413 0.178243 0.352925 -0.482987
-0.003906 0.173096 -0.243042 -0.007595 0.336549 -0.472545
-0.104614 0.131836 -0.228760 -0.203401 0.256328 -0.444776
-0.221680 0.067139 -0.207886 -0.431010 0.130537 -0.404191
-0.346802 -0.019531 -0.178955 -0.674284 -0.037974 -0.347941
-0.491577 -0.128906 -0.147217 -0.955769 -0.250631 -0.286232
-0.665527 -0.235229 -0.118530 -1.293979 -0.457355 -0.230457
-0.834839 -0.313477 -0.093994 -1.623170 -0.609490 -0.182752
-0.991577 -0.374512 -0.075684 -1.927915 -0.728160 -0.147151
-1.112549 -0.409912 -0.067505 -2.163119 -0.796989 -0.131249
-1.203613 -0.430298 -0.069580 -2.340175 -0.836625 -0.135284
-1.292236 -0.453735 -0.073120 -2.512484 -0.882194 -0.142167
-1.377686 -0.478638 -0.074341 -2.678622 -0.930611 -0.144540
-1.452148 -0.514282 -0.078735 -2.823400 -0.999915 -0.153084
-1.520264 -0.527466 -0.087769 -2.955836 -1.025547 -0.170648
-1.589355 -0.489990 -0.097412 -3.090171 -0.952684 -0.189398
-1.635742 -0.409058 -0.112427 -3.180360 -0.795327 -0.218590
-1.664307 -0.325806 -0.128052 -3.235898 -0.633461 -0.248970
-1.700195 -0.288940 -0.133667 -3.305676 -0.561784 -0.259888
-1.782593 -0.343750 -0.115601 -3.465880 -0.668350 -0.224761
-1.882690 -0.447510 -0.086182 -3.660499 -0.870089 -0.167562
-1.962769 -0.572876 -0.052246 -3.816195 -1.113838 -0.101582
-1.994751 -0.696655 -0.040039 -3.878378 -1.354501 -0.077848
-1.951660 -0.756958 -0.057983 -3.794596 -1.471747 -0.112737
-1.831421 -0.739624 -0.102295 -3.560816 -1.438045 -0.198891
-1.650024 -0.631958 -0.159546 -3.208129 -1.228711 -0.310204
-1.430786 -0.457886 -0.214600 -2.781866 -0.890263 -0.417244
-1.214355 -0.298950 -0.248657 -2.361061 -0.581246 -0.483462
-1.049316 -0.209717 -0.248169 -2.040177 -0.407751 -0.482513
-0.915894 -0.170410 -0.229858 -1.780764 -0.331327 -0.446912
-0.783813 -0.158325 -0.206299 -1.523962 -0.307830 -0.401105
-0.609131 -0.134766 -0.186401 -1.184328 -0.262024 -0.362419
-0.412842 -0.092896 -0.165649 -0.802685 -0.180616 -0.322071
-0.211792 -0.020142 -0.146484 -0.411785 -0.039161 -0.284808
-0.031982 0.067993 -0.127808 -0.062183 0.132199 -0.248495
0.098877 0.127075 -0.123779 0.192246 0.247071 -0.240663
0.175171 0.143799 -0.139404 0.340583 0.279587 -0.271043
0.211914 0.137817 -0.168091 0.412023 0.267957 -0.326818
0.238647 0.135986 -0.207031 0.464000 0.264397 -0.402529
0.282104 0.166992 -0.250000 0.548493 0.324682 -0.486073
0.356934 0.233521 -0.287231 0.693983 0.454032 -0.558462
0.455566 0.311646 -0.312378 0.885754 0.605930 -0.607354
0.563232 0.371460 -0.321533 1.095088 0.722227 -0.625154
0.667969 0.395630 -0.315674 1.298726 0.769220 -0.613762
0.763062 0.402466 -0.303589 1.483614 0.782511 -0.590265
0.848755 0.415039 -0.291992 1.650227 0.806957 -0.567718
0.921997 0.437134 -0.284058 1.792631 0.849916 -0.552291
0.988159 0.467041 -0.292847 1.921270 0.908064 -0.569379
1.065308 0.500977 -0.304077 2.071269 0.974045 -0.591215
1.124390 0.512451 -0.295776 2.186141 0.996355 -0.575076
1.135132 0.496338 -0.274780 2.207027 0.965026 -0.534253
1.102783 0.454834 -0.250977 2.144132 0.884330 -0.487972
1.060303 0.398682 -0.227661 2.061538 0.775153 -0.442640
1.017456 0.342773 -0.205322 1.978231 0.666452 -0.399206
0.987793 0.309326 -0.190674 1.920558 0.601420 -0.370726
0.987671 0.306641 -0.190063 1.920320 0.596199 -0.369539
1.010376 0.320190 -0.194336 1.964465 0.622544 -0.377846
1.015015 0.330688 -0.192017 1.973485 0.642955 -0.373336
0.991699 0.343140 -0.186523 1.928152 0.667164 -0.362656
0.953369 0.287964 -0.199829 1.853628 0.559886 -0.388526
0.889160 0.187500 -0.220215 1.728787 0.364555 -0.428162
0.803345 0.118164 -0.230957 1.561936 0.229745 -0.449048
0.712036 0.072021 -0.229980 1.384406 0.140031 -0.447149
0.621338 0.014282 -0.218262 1.208062 0.027769 -0.424364
0.529541 -0.063965 -0.197754 1.029582 -0.124366 -0.384491
0.434814 -0.145874 -0.171143 0.845406 -0.283622 -0.332751
0.342041 -0.205933 -0.149048 0.665027 -0.400393 -0.289792
0.255493 -0.218018 -0.137329 0.496753 -0.423890 -0.267008
0.174072 -0.198242 -0.137207 0.338447 -0.385441 -0.266770
0.102417 -0.153442 -0.144287 0.199128 -0.298337 -0.280536
0.051270 -0.076538 -0.155396 0.099683 -0.148812 -0.302134
0.016479 0.006348 -0.164551 0.032041 0.012342 -0.319935
-0.015869 0.064331 -0.164307 -0.030854 0.125078 -0.319460
-0.054932 0.083984 -0.149414 -0.106803 0.163290 -0.290505
-0.097290 0.065552 -0.120239 -0.189160 0.127452 -0.233780
-0.134888 0.027710 -0.081177 -0.262261 0.053876 -0.157831
-0.158447 -0.009277 -0.045410 -0.308068 -0.018038 -0.088291
-0.162598 -0.036011 -0.021729 -0.316137 -0.070015 -0.042247
-0.150391 -0.040894 -0.014404 -0.292403 -0.079509 -0.028006
-0.130493 -0.025635 -0.022705 -0.253717 -0.049841 -0.044145
-0.113525 0.001709 -0.036133 -0.220726 0.003323 -0.070253
-0.110352 0.035400 -0.043457 -0.214556 0.068829 -0.084493
-0.123779 0.061646 -0.040649 -0.240663 0.119857 -0.079034
-0.148560 0.069824 -0.027832 -0.288843 0.135759 -0.054114
-0.169067 0.070801 -0.012573 -0.328716 0.137657 -0.024446
-0.183105 0.073120 -0.000366 -0.356010 0.142167 -0.000712
