0.076172 0.364868 -0.037109 0.148100 0.709410 -0.072151
0.065552 0.339355 -0.044189 0.127452 0.659806 -0.085917
0.018311 0.303345 -0.044556 0.035601 0.589791 -0.086629
-0.041504 0.296387 -0.043091 -0.080696 0.576262 -0.083781
-0.117554 0.272339 -0.020142 -0.228559 0.529506 -0.039161
-0.212891 0.236572 0.037476 -0.413921 0.459965 0.072863
-0.334839 0.174072 0.125488 -0.651024 0.338447 0.243986
-0.470093 0.084351 0.233032 -0.913997 0.164002 0.453083
-0.605347 -0.021240 0.349976 -1.176970 -0.041297 0.680455
-0.734131 -0.113403 0.464722 -1.427364 -0.220489 0.903554
-0.847168 -0.201538 0.574463 -1.647142 -0.391849 1.116923
-0.940918 -0.292480 0.676758 -1.829419 -0.568667 1.315814
-1.019287 -0.362915 0.750122 -1.981791 -0.705613 1.458456
-1.076660 -0.410889 0.783569 -2.093341 -0.798887 1.523487
-1.122925 -0.426025 0.769775 -2.183293 -0.828318 1.496668
-1.213501 -0.411499 0.691284 -2.359400 -0.800074 1.344058
-1.310425 -0.334106 0.625732 -2.547848 -0.649600 1.216606
-1.414185 -0.339111 0.577026 -2.749587 -0.659331 1.121907
-1.529785 -0.466431 0.559937 -2.974349 -0.906877 1.088680
-1.631348 -0.676636 0.567749 -3.171816 -1.315577 1.103870
-1.720215 -0.932251 0.578613 -3.344599 -1.812568 1.124993
-1.788452 -1.141235 0.583984 -3.477273 -2.218894 1.135436
-1.834961 -1.223633 0.565552 -3.567699 -2.379099 1.099598
-1.882813 -1.167969 0.485107 -3.660737 -2.270872 0.943190
-1.955566 -0.986206 0.339722 -3.802191 -1.917472 0.660518
-2.009888 -0.712036 0.163818 -3.907808 -1.384406 0.318511
-1.981201 -0.419556 0.000854 -3.852033 -0.815739 0.001661
-1.861206 -0.194336 -0.147827 -3.618727 -0.377846 -0.287419
-1.694336 -0.068237 -0.281006 -3.294283 -0.132673 -0.546357
-1.523438 -0.032104 -0.405396 -2.962007 -0.062420 -0.788207
-1.385864 -0.054321 -0.537720 -2.694524 -0.105616 -1.045484
-1.259521 -0.073486 -0.669312 -2.448877 -0.142879 -1.301337
-1.153809 -0.084839 -0.794678 -2.243340 -0.164952 -1.545085
-1.080078 -0.095703 -0.903198 -2.099987 -0.186075 -1.756081
-1.038818 -0.113037 -0.993164 -2.019766 -0.219777 -1.931001
-1.013794 -0.129395 -1.073608 -1.971111 -0.251581 -2.087408
-0.986572 -0.148071 -1.149536 -1.918184 -0.287894 -2.235034
-0.929321 -0.164551 -1.218262 -1.806872 -0.319935 -2.368656
-0.788696 -0.156372 -1.292847 -1.533456 -0.304033 -2.513671
-0.540649 -0.116943 -1.374878 -1.051180 -0.227372 -2.673164
-0.215820 -0.044067 -1.448853 -0.419618 -0.085680 -2.816992
0.127686 0.043335 -1.505737 0.248258 0.084256 -2.927593
0.427612 0.132202 -1.555908 0.831403 0.257040 -3.025139
0.664673 0.224854 -1.615723 1.292318 0.437181 -3.141436
0.834106 0.328491 -1.676392 1.621746 0.638683 -3.259394
0.948486 0.459351 -1.724243 1.844134 0.893111 -3.352432
1.023438 0.604614 -1.743896 1.989861 1.175546 -3.390643
1.069580 0.747070 -1.721680 2.079576 1.452523 -3.347447
1.093506 0.870972 -1.650269 2.126094 1.693423 -3.208603
1.117188 0.978394 -1.524292 2.172138 1.902282 -2.963668
1.168457 1.062378 -1.345825 2.271821 2.065573 -2.616677
1.259277 1.110840 -1.134888 2.448402 2.159796 -2.206553
1.382935 1.105103 -0.913208 2.688828 2.148642 -1.775543
1.494751 1.035767 -0.690308 2.906232 2.013832 -1.342159
1.595215 0.930420 -0.453613 3.101563 1.809008 -0.881957
1.667114 0.850952 -0.289673 3.241356 1.654499 -0.563209
1.669312 0.803833 -0.184814 3.245628 1.562886 -0.359333
1.622925 0.795776 -0.112915 3.155439 1.547221 -0.219540
1.548218 0.821533 -0.060303 3.010187 1.597300 -0.117246
1.463379 0.869141 -0.014282 2.845235 1.689863 -0.027769
1.380737 0.921143 0.029297 2.684556 1.790970 0.056962
1.325562 0.972534 0.075439 2.577278 1.890890 0.146676
1.297852 0.980103 0.133789 2.523402 1.905605 0.260125
1.278198 0.916992 0.206787 2.485190 1.782900 0.402054
1.256714 0.799438 0.283447 2.443418 1.554342 0.551104
1.225708 0.658813 0.357910 2.383134 1.280926 0.695882
1.161499 0.527344 0.427856 2.258293 1.025310 0.831878
1.039551 0.440308 0.482178 2.021190 0.856086 0.937494
0.849121 0.408569 0.523438 1.650939 0.794378 1.017715
0.594116 0.451538 0.558594 1.155135 0.877922 1.086069
0.287354 0.545532 0.621216 0.558699 1.060674 1.207825
-0.044800 0.641479 0.707764 -0.087104 1.247223 1.376099
-0.373535 0.696289 0.803833 -0.726261 1.353789 1.562886
-0.669800 0.703247 0.895630 -1.302286 1.367317 1.741366
-0.907104 0.664185 0.975342 -1.763676 1.291368 1.896349
-1.079224 0.604248 1.045044 -2.098325 1.174834 2.031870
-1.196289 0.514771 1.101196 -2.325935 1.000864 2.141047
-1.274048 0.388916 1.134888 -2.477121 0.756166 2.206553
-1.324097 0.241943 1.136597 -2.574430 0.470408 2.209875
-1.359253 0.096313 1.092651 -2.642784 0.187261 2.124433
-1.397095 -0.033203 1.009155 -2.716360 -0.064557 1.962092
-1.454834 -0.140503 0.924316 -2.828622 -0.273179 1.797141
-1.556763 -0.241089 0.860229 -3.026801 -0.468747 1.672537
-1.752319 -0.379761 0.805664 -3.407020 -0.738366 1.566446
-2.071045 -0.535645 0.767700 -4.026715 -1.041449 1.492633
-2.367798 -0.625000 0.779663 -4.603690 -1.215182 1.515892
-2.594482 -0.787598 0.775879 -5.044430 -1.531319 1.508535
-2.749023 -1.013916 0.710693 -5.344903 -1.971348 1.381795
-2.756470 -1.208130 0.603027 -5.359381 -2.348957 1.172461
-2.612793 -1.128418 0.465210 -5.080031 -2.193974 0.904504
-2.398560 -0.857788 0.324707 -4.663499 -1.667790 0.631325
-2.128174 -0.591797 0.223267 -4.137791 -1.150626 0.434095
-1.799683 -0.395630 0.168945 -3.499108 -0.769220 0.328479
-1.424194 -0.253418 0.156250 -2.769049 -0.492718 0.303796
-1.073608 -0.152588 0.152344 -2.087408 -0.296675 0.296201
-0.870483 -0.117554 0.142822 -1.692474 -0.228559 0.277688
-0.784180 -0.098633 0.124512 -1.524674 -0.191771 0.242087
-0.784058 -0.120361 0.091797 -1.524437 -0.234018 0.178480
-0.819702 -0.135132 0.048584 -1.593740 -0.262736 0.094461
-0.819092 -0.095581 -0.007080 -1.592553 -0.185837 -0.013766
-0.749023 -0.011841 -0.067139 -1.456320 -0.023022 -0.130537
-0.619019 0.096924 -0.114136 -1.203553 0.188448 -0.221913
-0.456909 0.202393 -0.141724 -0.888365 0.393510 -0.275552
-0.334839 0.245605 -0.157715 -0.651024 0.477529 -0.306644
-0.305664 0.248291 -0.162354 -0.594300 0.482750 -0.315663
-0.281494 0.239136 -0.175171 -0.547307 0.464950 -0.340583
-0.265015 0.142456 -0.182617 -0.515266 0.276976 -0.355061
-0.252197 0.024292 -0.180420 -0.490345 0.047231 -0.350789
-0.204956 -0.025391 -0.179932 -0.398494 -0.049367 -0.349840
-0.143799 -0.025024 -0.177734 -0.279587 -0.048655 -0.345567
-0.101318 0.009277 -0.168823 -0.196992 0.018038 -0.328242
-0.077271 0.066040 -0.158936 -0.150236 0.128401 -0.309017
-0.054443 0.124756 -0.145020 -0.105854 0.242562 -0.281960
-0.024902 0.170410 -0.125366 -0.048417 0.331327 -0.243748
0.013184 0.199463 -0.110107 0.025633 0.387814 -0.214081
0.054565 0.218994 -0.109131 0.106091 0.425788 -0.212182
0.087646 0.236206 -0.115356 0.170410 0.459253 -0.224287
0.105591 0.248779 -0.123169 0.205299 0.483700 -0.239476
0.104126 0.240723 -0.129639 0.202451 0.468035 -0.252055
0.090210 0.212646 -0.129272 0.175394 0.413447 -0.251343
0.067261 0.172729 -0.119751 0.130774 0.335836 -0.232831
0.036743 0.129395 -0.103271 0.071439 0.251581 -0.200790
0.005127 0.089111 -0.081421 0.009968 0.173258 -0.158306
-0.022705 0.060303 -0.058350 -0.044145 0.117246 -0.113449
-0.045410 0.048950 -0.035645 -0.088291 0.095173 -0.069303
-0.062988 0.058228 -0.012695 -0.122468 0.113211 -0.024683
-0.076538 0.075806 0.007446 -0.148812 0.147388 0.014478
-0.088623 0.087646 0.020264 -0.172309 0.170410 0.039398
-0.101440 0.081177 0.025024 -0.197230 0.157831 0.048655
-0.110107 0.057739 0.024414 -0.214081 0.112262 0.047468
-0.113281 0.024780 0.019897 -0.220252 0.048180 0.038686
-0.108887 -0.009644 0.013062 -0.211708 -0.018750 0.025395
-0.099609 -0.035767 0.007446 -0.193670 -0.069541 0.014478
-0.088989 -0.047241 0.005493 -0.173021 -0.091851 0.010680
-0.075317 -0.037231 0.010376 -0.146439 -0.072389 0.020174
-0.061768 -0.009155 0.020752 -0.120094 -0.017801 0.040348
-0.050415 0.020508 0.029297 -0.098022 0.039873 0.056962
-0.040649 0.042480 0.028809 -0.079034 0.082594 0.056012
-0.031250 0.054932 0.017822 -0.060759 0.106803 0.034652
-0.018677 0.063110 -0.001221 -0.036313 0.122705 -0.002373
-0.006104 0.071045 -0.022949 -0.011867 0.138132 -0.044620
0.003540 0.080566 -0.038330 0.006883 0.156645 -0.074525
0.009888 0.093994 -0.056030 0.019225 0.182752 -0.108939
0.015259 0.108154 -0.082520 0.029668 0.210283 -0.160442
0.016357 0.121338 -0.107544 0.031804 0.235916 -0.209097
0.013672 0.127075 -0.123901 0.026582 0.247071 -0.240900
0.009033 0.120850 -0.130493 0.017563 0.234967 -0.253717
0.006470 0.100586 -0.129639 0.012579 0.195568 -0.252055
0.005249 0.070435 -0.121582 0.010206 0.136945 -0.236391
0.004761 0.039795 -0.113037 0.009256 0.077373 -0.219777
