-0.266235 -0.018799 0.791870 -0.517639 -0.036550 1.539626
-0.383057 -0.026367 0.916748 -0.744774 -0.051266 1.782426
-0.517944 -0.079956 1.021362 -1.007035 -0.155458 1.985826
-0.619873 -0.147949 1.126465 -1.205214 -0.287656 2.190176
-0.724854 -0.256348 1.226440 -1.409327 -0.498415 2.384558
-0.824341 -0.408081 1.314331 -1.602759 -0.793429 2.555443
-0.907837 -0.561279 1.408081 -1.765100 -1.091291 2.737720
-0.992798 -0.729248 1.523315 -1.930289 -1.417871 2.961769
-1.067505 -0.892212 1.653076 -2.075541 -1.734720 3.214062
-1.135986 -0.983887 1.756592 -2.208689 -1.912963 3.415327
-1.194336 -0.979492 1.798218 -2.322137 -1.904418 3.496260
-1.243042 -0.938965 1.774170 -2.416836 -1.825621 3.449504
-1.280762 -0.901611 1.693726 -2.490174 -1.752995 3.293097
-1.323853 -0.861816 1.573975 -2.573955 -1.675622 3.060266
-1.370117 -0.806274 1.437012 -2.663907 -1.567633 2.793970
-1.397705 -0.752075 1.272949 -2.717546 -1.462253 2.474984
-1.406250 -0.696411 1.100098 -2.734160 -1.354026 2.138911
-1.414307 -0.644653 0.925293 -2.749825 -1.253394 1.799039
-1.453491 -0.595825 0.757446 -2.826011 -1.158458 1.472696
-1.526367 -0.525391 0.608521 -2.967703 -1.021513 1.183141
-1.583374 -0.465576 0.476563 -3.078541 -0.905216 0.926576
-1.604858 -0.405884 0.360474 -3.120313 -0.789156 0.700866
-1.600830 -0.313599 0.255737 -3.112480 -0.609727 0.497228
-1.585938 -0.213501 0.143188 -3.083525 -0.415108 0.278400
-1.587280 -0.126709 0.018188 -3.086136 -0.246359 0.035364
-1.537842 -0.072510 -0.119019 -2.990013 -0.140980 -0.231407
-1.412842 -0.051270 -0.253662 -2.746976 -0.099683 -0.493193
-1.238403 -0.029297 -0.378052 -2.407817 -0.056962 -0.735043
-1.052246 -0.006714 -0.498169 -2.045873 -0.013054 -0.968586
-0.879761 0.001831 -0.625488 -1.710511 0.003560 -1.216132
-0.721558 0.032837 -0.767090 -1.402918 0.063845 -1.491446
-0.578613 0.105591 -0.939697 -1.124993 0.205299 -1.827046
-0.451416 0.219482 -1.143188 -0.877684 0.426738 -2.222692
-0.333984 0.355225 -1.360596 -0.649363 0.690660 -2.645395
-0.223755 0.509277 -1.576660 -0.435045 0.990184 -3.065487
-0.100098 0.675903 -1.776611 -0.194619 1.314153 -3.454251
0.057739 0.835938 -1.962280 0.112262 1.625306 -3.815245
0.267578 0.953247 -2.146606 0.520250 1.853390 -4.173629
0.485352 0.988770 -2.281738 0.943665 1.922456 -4.436365
0.649170 0.976074 -2.355591 1.262176 1.897773 -4.579956
0.767212 0.951538 -2.393433 1.491684 1.850067 -4.653531
0.886963 0.926880 -2.413696 1.724514 1.802125 -4.692929
1.022461 0.923584 -2.387085 1.987962 1.795717 -4.641189
1.166626 0.961304 -2.304077 2.268261 1.869055 -4.479798
1.308472 1.010986 -2.172729 2.544050 1.965652 -4.224420
1.429443 1.063110 -1.998047 2.779255 2.066997 -3.884786
1.524048 1.131470 -1.803101 2.963193 2.199907 -3.505753
1.591797 1.202759 -1.599976 3.094917 2.338514 -3.110819
1.624634 1.266602 -1.402832 3.158762 2.462643 -2.727515
1.619751 1.292480 -1.213379 3.149268 2.512959 -2.359162
1.581055 1.273071 -1.025269 3.074031 2.475222 -1.993421
1.525269 1.213257 -0.832031 2.965567 2.358925 -1.617711
1.464722 1.112183 -0.633179 2.847846 2.162407 -1.231084
1.405884 0.991821 -0.423096 2.733448 1.928390 -0.822621
1.333252 0.863892 -0.204102 2.592231 1.679657 -0.396833
1.244385 0.745850 0.016602 2.419447 1.450149 0.032278
1.135010 0.639771 0.208984 2.206790 1.243900 0.406327
1.011353 0.569580 0.369873 1.966364 1.107430 0.719141
0.874146 0.522949 0.493530 1.699594 1.016766 0.959567
0.746216 0.478638 0.590698 1.450861 0.930611 1.148490
0.618164 0.422363 0.680298 1.201891 0.821197 1.322697
0.472290 0.351196 0.766846 0.918270 0.682828 1.490972
0.311035 0.275635 0.850830 0.604743 0.535914 1.654262
0.144043 0.205688 0.943481 0.280062 0.399918 1.834403
-0.017944 0.142456 1.043945 -0.034889 0.276976 2.029734
-0.169067 0.082764 1.144775 -0.328716 0.160917 2.225777
-0.304077 0.038086 1.235596 -0.591215 0.074050 2.402358
-0.423706 -0.011963 1.315674 -0.823808 -0.023259 2.558053
-0.544434 -0.073486 1.390381 -1.058538 -0.142879 2.703306
-0.672974 -0.146729 1.458862 -1.308457 -0.285283 2.836454
-0.808472 -0.255981 1.518921 -1.571905 -0.497703 2.953225
-0.958496 -0.412354 1.564575 -1.863596 -0.801735 3.041991
-1.098633 -0.575684 1.582520 -2.136063 -1.119297 3.076880
-1.275146 -0.781494 1.561279 -2.479257 -1.519452 3.035582
-1.481201 -0.905273 1.532349 -2.879887 -1.760116 2.979333
-1.704102 -0.937500 1.485596 -3.313270 -1.822773 2.888431
-1.891235 -0.910889 1.402832 -3.677113 -1.771033 2.727515
-2.026978 -0.880981 1.270874 -3.941036 -1.712885 2.470950
-2.129395 -0.865234 1.104248 -4.140164 -1.682268 2.146980
-2.179810 -0.791626 0.924805 -4.238185 -1.539152 1.798090
-2.184937 -0.690796 0.756592 -4.248154 -1.343109 1.471035
-2.147339 -0.570313 0.617065 -4.175053 -1.108854 1.199755
-2.103760 -0.465332 0.516113 -4.090322 -0.904741 1.003475
-1.988159 -0.373779 0.433472 -3.865561 -0.726736 0.842795
-1.845581 -0.344849 0.345337 -3.588348 -0.670486 0.671436
-1.690308 -0.314819 0.271484 -3.286451 -0.612101 0.527845
-1.582520 -0.268921 0.217041 -3.076880 -0.522861 0.421991
-1.476685 -0.136841 0.181519 -2.871105 -0.266058 0.352925
-1.337280 0.027466 0.137817 -2.600063 0.053402 0.267957
-1.156982 0.164063 0.096924 -2.249511 0.318985 0.188448
-0.988525 0.238525 0.068359 -1.921982 0.463763 0.132911
-0.836304 0.269531 0.036987 -1.626018 0.524047 0.071914
-0.672729 0.280640 -0.009399 -1.307982 0.545645 -0.018275
-0.508057 0.293579 -0.060059 -0.987810 0.570803 -0.116771
-0.345825 0.298706 -0.098267 -0.672385 0.580772 -0.191059
-0.206177 0.271484 -0.112793 -0.400868 0.527845 -0.219302
-0.107422 0.192017 -0.110229 -0.208859 0.373336 -0.214318
-0.054443 0.081055 -0.097900 -0.105854 0.157594 -0.190347
-0.040771 0.003052 -0.072876 -0.079272 0.005934 -0.141692
-0.054443 -0.013062 -0.030640 -0.105854 -0.025395 -0.059572
-0.071655 -0.013306 0.024902 -0.139319 -0.025870 0.048417
-0.079712 -0.028198 0.078613 -0.154983 -0.054826 0.152847
-0.071411 -0.044434 0.109863 -0.138844 -0.086392 0.213606
-0.043335 -0.054321 0.111206 -0.084256 -0.105616 0.216217
-0.001343 -0.053711 0.091675 -0.002611 -0.104430 0.178243
0.041382 -0.046631 0.061035 0.080458 -0.090664 0.118670
0.073364 -0.052246 0.022339 0.142642 -0.101582 0.043433
0.092407 -0.071899 -0.015381 0.179667 -0.139793 -0.029905
0.101318 -0.084351 -0.042847 0.196992 -0.164002 -0.083306
0.105591 -0.077393 -0.057007 0.205299 -0.150474 -0.110838
0.106445 -0.054443 -0.056641 0.206961 -0.105854 -0.110126
0.105713 -0.016479 -0.047485 0.205537 -0.032041 -0.092325
0.104248 0.022949 -0.030518 0.202689 0.044620 -0.059335
0.101929 0.049561 -0.009644 0.198179 0.096360 -0.018750
0.096436 0.054321 0.008423 0.187499 0.105616 0.016376
0.086914 0.046997 0.023071 0.168986 0.091376 0.044857
0.070435 0.039307 0.034302 0.136945 0.076424 0.066693
0.050537 0.029053 0.042480 0.098259 0.056487 0.082594
0.027954 0.007690 0.048462 0.054351 0.014952 0.094224
0.002197 -0.025269 0.047729 0.004272 -0.049129 0.092800
-0.025635 -0.059204 0.036987 -0.049841 -0.115110 0.071914
-0.054932 -0.066284 0.023438 -0.106803 -0.128876 0.045569
-0.084229 -0.048950 0.021729 -0.163765 -0.095173 0.042247
-0.108765 -0.036621 0.029663 -0.211470 -0.071202 0.057674
-0.120605 -0.034790 0.032349 -0.234492 -0.067642 0.062895
-0.124634 -0.035156 0.029053 -0.242324 -0.068354 0.056487
-0.122803 -0.033081 0.018555 -0.238764 -0.064319 0.036076
-0.111938 -0.021240 0.003784 -0.217641 -0.041297 0.007358
-0.094849 -0.005127 -0.011353 -0.184413 -0.009968 -0.022073
-0.077515 0.009155 -0.023560 -0.150711 0.017801 -0.045807
-0.070190 0.023071 -0.030518 -0.136471 0.044857 -0.059335
-0.069946 0.029907 -0.031738 -0.135996 0.058148 -0.061708
-0.073975 0.021240 -0.030151 -0.143828 0.041297 -0.058623
-0.075439 0.002686 -0.026978 -0.146676 0.005221 -0.052452
-0.070435 -0.008667 -0.028809 -0.136945 -0.016851 -0.056012
-0.064087 -0.005981 -0.036133 -0.124604 -0.011630 -0.070253
-0.058228 0.009277 -0.044067 -0.113211 0.018038 -0.085680
-0.052612 0.030151 -0.046387 -0.102294 0.058623 -0.090189
-0.048584 0.045044 -0.042847 -0.094461 0.087579 -0.083306
-0.045654 0.047119 -0.039063 -0.088765 0.091613 -0.075949
-0.043579 0.041260 -0.033569 -0.084730 0.080221 -0.065269
-0.044556 0.030518 -0.026611 -0.086629 0.059335 -0.051740
-0.048706 0.013916 -0.019409 -0.094699 0.027057 -0.037737
-0.051025 -0.004395 -0.013306 -0.099208 -0.008544 -0.025870
-0.057739 -0.025635 -0.008545 -0.112262 -0.049841 -0.016614
-0.074829 -0.045288 -0.003662 -0.145490 -0.088053 -0.007120
-0.094727 -0.061279 0.002197 -0.184176 -0.119145 0.004272
-0.106201 -0.067017 0.009399 -0.206486 -0.130300 0.018275
-0.109009 -0.065674 0.018799 -0.211945 -0.127689 0.036550
-0.103149 -0.066650 0.025024 -0.200553 -0.129588 0.048655
