0.097778 0.335083 -0.104492 0.190110 0.651499 -0.203163
0.059937 0.296509 -0.110840 0.116534 0.576500 -0.215505
0.008545 0.242065 -0.111572 0.016614 0.470646 -0.216929
-0.044678 0.228027 -0.111328 -0.086867 0.443352 -0.216454
-0.101929 0.199829 -0.106079 -0.198179 0.388526 -0.206249
-0.160645 0.177246 -0.104858 -0.312340 0.344618 -0.203875
-0.226563 0.158081 -0.102051 -0.440504 0.307356 -0.198416
-0.300049 0.128784 -0.087524 -0.583382 0.250394 -0.170173
-0.393677 0.070313 -0.053955 -0.765422 0.136708 -0.104904
-0.512085 -0.019409 0.010010 -0.995642 -0.037737 0.019462
-0.648193 -0.135132 0.099121 -1.260277 -0.262736 0.192720
-0.789551 -0.252441 0.197632 -1.535117 -0.490820 0.384254
-0.916504 -0.358398 0.302490 -1.781951 -0.696831 0.588129
-1.027100 -0.461670 0.397705 -1.996981 -0.897621 0.773255
-1.149536 -0.567017 0.454224 -2.235034 -1.102446 0.883143
-1.289917 -0.618530 0.485718 -2.507975 -1.202603 0.944377
-1.368408 -0.605957 0.502808 -2.660585 -1.178157 0.977605
-1.413208 -0.640503 0.503784 -2.747689 -1.245324 0.979503
-1.430908 -0.693604 0.502686 -2.782103 -1.348567 0.977367
-1.438232 -0.752075 0.498169 -2.796343 -1.462253 0.968586
-1.459717 -0.837769 0.495850 -2.838115 -1.628866 0.964076
-1.487793 -0.941895 0.505981 -2.892703 -1.831318 0.983775
-1.510864 -1.060913 0.528442 -2.937561 -2.062724 1.027446
-1.545776 -1.195679 0.562256 -3.005440 -2.324748 1.093189
-1.573608 -1.277222 0.599121 -3.059554 -2.483291 1.164866
-1.572998 -1.271973 0.627075 -3.058367 -2.473086 1.219217
-1.577271 -1.206665 0.629395 -3.066674 -2.346109 1.223727
-1.546021 -1.033569 0.610474 -3.005915 -2.009560 1.186939
-1.493286 -0.833130 0.535522 -2.903384 -1.619847 1.041212
-1.439453 -0.638184 0.397461 -2.798717 -1.240815 0.772780
-1.400513 -0.458496 0.192505 -2.723005 -0.891450 0.374286
-1.366821 -0.308716 -0.070923 -2.657499 -0.600234 -0.137895
-1.320679 -0.198608 -0.342773 -2.567785 -0.386153 -0.666452
-1.232178 -0.122437 -0.568359 -2.395713 -0.238052 -1.105056
-1.074341 -0.069336 -0.723999 -2.088832 -0.134809 -1.407665
-0.843384 -0.015381 -0.824829 -1.639784 -0.029905 -1.603708
-0.577271 0.052612 -0.854126 -1.122382 0.102294 -1.660670
-0.317749 0.140381 -0.833496 -0.617797 0.272941 -1.620559
-0.102539 0.190796 -0.832764 -0.199366 0.370963 -1.619135
0.041504 0.170532 -0.858032 0.080696 0.331564 -1.668265
0.127930 0.117065 -0.909790 0.248733 0.227609 -1.768897
0.197266 0.082520 -0.993042 0.383542 0.160442 -1.930763
0.280518 0.083984 -1.096191 0.545408 0.163290 -2.131316
0.367554 0.112183 -1.206665 0.714632 0.218116 -2.346109
0.457275 0.180420 -1.329224 0.889077 0.350789 -2.584398
0.562866 0.269287 -1.454834 1.094376 0.523573 -2.828622
0.672485 0.367432 -1.557617 1.307508 0.714394 -3.028462
0.778076 0.476318 -1.637451 1.512807 0.926102 -3.183683
0.869019 0.583862 -1.690796 1.689626 1.135199 -3.287400
0.957031 0.684692 -1.713257 1.860748 1.331242 -3.331071
1.043091 0.743652 -1.696899 2.028073 1.445877 -3.299267
1.125610 0.766357 -1.631836 2.188515 1.490022 -3.172765
1.196045 0.750366 -1.518921 2.325460 1.458931 -2.953225
1.263672 0.714722 -1.368164 2.456947 1.389627 -2.660110
1.357422 0.659424 -1.179077 2.639224 1.282112 -2.292470
1.439453 0.565186 -0.938965 2.798717 1.098886 -1.825621
1.498657 0.493286 -0.669312 2.913827 0.959092 -1.301337
1.518799 0.445923 -0.451172 2.952988 0.867004 -0.877210
1.475098 0.408325 -0.263306 2.868020 0.793903 -0.511943
1.380737 0.411499 -0.104614 2.684556 0.800074 -0.203401
1.247314 0.458008 0.003418 2.425143 0.890501 0.006646
1.095703 0.522217 0.069092 2.130366 1.015342 0.134335
0.942993 0.561157 0.106445 1.833454 1.091053 0.206961
0.809082 0.542969 0.126709 1.573091 1.055690 0.246359
0.722412 0.476196 0.145874 1.404580 0.925864 0.283622
0.703979 0.382080 0.178467 1.368741 0.742875 0.346992
0.736938 0.291382 0.231689 1.432823 0.566531 0.450472
0.777222 0.240967 0.302002 1.511146 0.468510 0.587180
0.781372 0.234741 0.374390 1.519215 0.456405 0.727923
0.735718 0.257813 0.440674 1.430450 0.501263 0.856798
0.634521 0.303345 0.501465 1.233695 0.589791 0.974994
0.484619 0.370728 0.559204 0.942241 0.720802 1.087256
0.296875 0.463501 0.623047 0.577212 0.901181 1.211385
0.077026 0.536499 0.716187 0.149762 1.043111 1.392475
-0.159790 0.549927 0.806885 -0.310678 1.069218 1.568819
-0.397705 0.527588 0.879639 -0.773255 1.025785 1.710274
-0.625732 0.479858 0.952271 -1.216606 0.932985 1.851492
-0.829590 0.394287 1.028931 -1.612965 0.766609 2.000541
-1.002075 0.272705 1.100220 -1.948326 0.530218 2.139148
-1.155396 0.140503 1.152954 -2.246426 0.273179 2.241679
-1.296753 0.016113 1.173706 -2.521266 0.031329 2.282027
-1.435059 -0.110718 1.170410 -2.790172 -0.215268 2.275619
-1.612793 -0.247437 1.136841 -3.135740 -0.481089 2.210350
-1.845337 -0.335449 1.089355 -3.587873 -0.652211 2.118025
-2.017456 -0.370972 1.043823 -3.922523 -0.721277 2.029497
-2.109985 -0.528809 0.984741 -4.102427 -1.028158 1.914624
-2.135132 -0.732178 0.930298 -4.151319 -1.423567 1.808770
-2.108521 -0.898438 0.883423 -4.099579 -1.746825 1.717632
-2.041016 -1.021729 0.835083 -3.968330 -1.986538 1.623645
-1.984009 -1.078003 0.767700 -3.857492 -2.095952 1.492633
-1.953491 -1.023560 0.712402 -3.798156 -1.990098 1.385118
-1.898071 -0.835571 0.650635 -3.690404 -1.624594 1.265024
-1.837891 -0.556030 0.566406 -3.573395 -1.081085 1.101259
-1.714844 -0.210693 0.481934 -3.334156 -0.409649 0.937019
-1.519287 0.069580 0.395996 -2.953937 0.135284 0.769932
-1.307373 0.219604 0.315674 -2.541914 0.426975 0.613762
-1.079224 0.320557 0.226685 -2.098325 0.623256 0.440741
-0.851318 0.376099 0.130493 -1.655211 0.731245 0.253717
-0.675537 0.378052 0.044434 -1.313441 0.735043 0.086392
-0.589111 0.314575 -0.030884 -1.145404 0.611626 -0.060047
-0.638184 0.247192 -0.083252 -1.240815 0.480614 -0.161866
-0.700684 0.179932 -0.125000 -1.362333 0.349840 -0.243036
-0.716187 0.127686 -0.155029 -1.392475 0.248258 -0.301422
-0.692993 0.098755 -0.182861 -1.347381 0.192008 -0.355536
-0.640747 0.073120 -0.206787 -1.245799 0.142167 -0.402054
-0.602173 0.010864 -0.209473 -1.170800 0.021123 -0.407276
-0.538940 -0.032349 -0.194092 -1.047857 -0.062895 -0.377371
-0.425049 -0.048096 -0.174438 -0.826419 -0.093512 -0.339159
-0.274658 -0.025513 -0.153687 -0.534016 -0.049604 -0.298811
-0.122559 0.034424 -0.132446 -0.238290 0.066930 -0.257514
0.000000 0.108765 -0.111938 0.000000 0.211470 -0.217641
0.079102 0.175903 -0.099731 0.153797 0.342007 -0.193907
0.114624 0.220825 -0.093262 0.222863 0.429349 -0.181328
0.116577 0.240234 -0.085693 0.226660 0.467086 -0.166613
0.101318 0.222534 -0.078247 0.196992 0.432671 -0.152135
0.077881 0.173828 -0.072876 0.151423 0.337973 -0.141692
0.051880 0.117065 -0.063354 0.100870 0.227609 -0.123180
0.027100 0.068726 -0.046143 0.052690 0.133623 -0.089715
0.006836 0.040405 -0.023682 0.013291 0.078560 -0.046044
-0.005249 0.037598 0.005981 -0.010206 0.073101 0.011630
-0.005981 0.053467 0.043579 -0.011630 0.103955 0.084730
-0.001587 0.078125 0.084351 -0.003085 0.151898 0.164002
-0.005859 0.099731 0.122925 -0.011392 0.193907 0.239002
-0.025391 0.095825 0.150635 -0.049367 0.186312 0.292878
-0.054077 0.062622 0.165161 -0.105142 0.121756 0.321121
-0.084595 0.012451 0.166748 -0.164477 0.024209 0.324207
-0.107544 -0.043091 0.157593 -0.209097 -0.083781 0.306406
-0.116211 -0.093140 0.144043 -0.225948 -0.181091 0.280062
-0.108643 -0.130249 0.126953 -0.211233 -0.253242 0.246834
-0.084839 -0.153198 0.108276 -0.164952 -0.297862 0.210521
-0.052246 -0.154541 0.092896 -0.101582 -0.300473 0.180616
-0.019409 -0.122314 0.080811 -0.037737 -0.237815 0.157119
0.006836 -0.066650 0.073975 0.013291 -0.129588 0.143828
0.019653 -0.000366 0.073242 0.038212 -0.000712 0.142404
0.015015 0.055664 0.079834 0.029193 0.108227 0.155221
-0.000732 0.083130 0.086670 -0.001424 0.161629 0.168512
-0.015137 0.079102 0.090576 -0.029430 0.153797 0.176106
-0.019287 0.057861 0.085449 -0.037500 0.112499 0.166138
-0.011353 0.035645 0.070313 -0.022073 0.069303 0.136708
0.000122 0.021484 0.052979 0.000237 0.041772 0.103006
0.005127 0.013550 0.036133 0.009968 0.026345 0.070253
-0.001221 0.008057 0.021729 -0.002373 0.015664 0.042247
-0.011108 0.002319 0.013550 -0.021598 0.004509 0.026345
-0.019287 -0.001587 0.010376 -0.037500 -0.003085 0.020174
-0.024170 0.002197 0.010498 -0.046993 0.004272 0.020411
-0.031250 0.015259 0.012939 -0.060759 0.029668 0.025158
-0.044434 0.030518 0.017334 -0.086392 0.059335 0.033702
-0.061646 0.037231 0.020264 -0.119857 0.072389 0.039398
-0.075073 0.030640 0.016235 -0.145964 0.059572 0.031566
-0.081909 0.014771 0.003662 -0.159255 0.028718 0.007120
