0.101929 0.203247 -0.009888 0.198179 0.395172 -0.019225
0.075928 0.195557 -0.010986 0.147626 0.380219 -0.021361
0.027344 0.216431 -0.001099 0.053164 0.420804 -0.002136
-0.016968 0.204224 0.016968 -0.032990 0.397070 0.032990
-0.057129 0.191040 0.043823 -0.111075 0.371438 0.085205
-0.085327 0.159546 0.063232 -0.165901 0.310204 0.122942
-0.091187 0.139160 0.076904 -0.177293 0.270568 0.149524
-0.082031 0.122681 0.089111 -0.159493 0.238527 0.173258
-0.061890 0.095703 0.094849 -0.120332 0.186075 0.184413
-0.032715 0.068237 0.092407 -0.063607 0.132673 0.179667
-0.008179 0.042114 0.087036 -0.015902 0.081882 0.169224
0.001953 0.031616 0.071899 0.003797 0.061471 0.139793
-0.002930 0.035400 0.042236 -0.005696 0.068829 0.082120
-0.015991 0.042603 0.019165 -0.031092 0.082832 0.037262
-0.036621 0.048584 0.008911 -0.071202 0.094461 0.017326
-0.064697 0.056396 0.003174 -0.125790 0.109651 0.006171
-0.090088 0.071777 -0.006348 -0.175157 0.139556 -0.012342
-0.104492 0.088135 -0.015747 -0.203163 0.171360 -0.030617
-0.113037 0.107544 -0.020874 -0.219777 0.209097 -0.040585
-0.117432 0.119751 -0.030884 -0.228321 0.232831 -0.060047
-0.117432 0.131348 -0.045654 -0.228321 0.255378 -0.088765
-0.130005 0.138428 -0.048340 -0.252767 0.269144 -0.093987
-0.160034 0.151978 -0.049561 -0.311153 0.295489 -0.096360
-0.211914 0.144775 -0.032104 -0.412023 0.281486 -0.062420
-0.288086 0.107544 0.000854 -0.560123 0.209097 0.001661
-0.391602 0.035400 0.067749 -0.761388 0.068829 0.131724
-0.517334 -0.056641 0.168579 -1.005848 -0.110126 0.327767
-0.653687 -0.169678 0.289795 -1.270957 -0.329903 0.563446
-0.787842 -0.288574 0.421753 -1.531794 -0.561072 0.820011
-0.904053 -0.377441 0.553345 -1.757742 -0.733856 1.075863
-1.000732 -0.432617 0.675049 -1.945716 -0.841134 1.312492
-1.087158 -0.457642 0.779541 -2.113753 -0.889789 1.515655
-1.182251 -0.442139 0.873291 -2.298641 -0.859646 1.697932
-1.333496 -0.403564 0.936401 -2.592705 -0.784647 1.820637
-1.518066 -0.331177 0.988525 -2.951564 -0.643904 1.921982
-1.636475 -0.278198 1.044922 -3.181784 -0.540899 2.031633
-1.668091 -0.345459 1.084106 -3.243255 -0.671673 2.107819
-1.647339 -0.515503 1.097168 -3.202907 -1.002288 2.133214
-1.621948 -0.725098 1.086304 -3.153540 -1.409801 2.112091
-1.611084 -0.947266 1.049561 -3.132417 -1.841761 2.040652
-1.613525 -1.121460 0.980713 -3.137164 -2.180445 1.906792
-1.651489 -1.189331 0.863159 -3.210977 -2.312406 1.678233
-1.675903 -1.080566 0.708496 -3.258445 -2.100936 1.377523
-1.677612 -0.869385 0.519165 -3.261768 -1.690338 1.009408
-1.622314 -0.605469 0.328369 -3.154252 -1.177208 0.638445
-1.501221 -0.348022 0.151245 -2.918811 -0.676657 0.294065
-1.345703 -0.122437 0.009888 -2.616439 -0.238052 0.019225
-1.147949 0.058228 -0.091675 -2.231948 0.113211 -0.178243
-0.965820 0.151489 -0.174316 -1.877836 0.294539 -0.338922
-0.834473 0.154297 -0.265747 -1.622458 0.299998 -0.516690
-0.754150 0.088867 -0.369751 -1.466288 0.172784 -0.718904
-0.716919 0.001221 -0.484497 -1.393899 0.002373 -0.942004
-0.712524 -0.059204 -0.611206 -1.385355 -0.115110 -1.188363
-0.728760 -0.074829 -0.748047 -1.416921 -0.145490 -1.454421
-0.743774 -0.057373 -0.898804 -1.446114 -0.111550 -1.747537
-0.727295 -0.017456 -1.048584 -1.414073 -0.033940 -2.038753
-0.652466 0.018799 -1.186279 -1.268584 0.036550 -2.306473
-0.514282 0.042480 -1.300537 -0.999915 0.082594 -2.528623
-0.328857 0.052124 -1.389038 -0.639395 0.101344 -2.700695
-0.126221 0.044800 -1.455444 -0.245410 0.087104 -2.829808
0.061768 0.035767 -1.507568 0.120094 0.069541 -2.931153
0.239258 0.050781 -1.560181 0.465187 0.098734 -3.033446
0.404663 0.064575 -1.611694 0.786783 0.125553 -3.133604
0.550049 0.083008 -1.658813 1.069455 0.161391 -3.225217
0.673462 0.142578 -1.699341 1.309406 0.277213 -3.304014
0.768433 0.253906 -1.724121 1.494057 0.493668 -3.352194
0.839233 0.395386 -1.715820 1.631714 0.768745 -3.336055
0.896606 0.547119 -1.654541 1.743264 1.063759 -3.216910
0.965820 0.685425 -1.543213 1.877836 1.332666 -3.000456
1.051270 0.780396 -1.385132 2.043975 1.517316 -2.693100
1.157715 0.822510 -1.193115 2.250935 1.599199 -2.319764
1.275391 0.801147 -0.985474 2.479731 1.557664 -1.916048
1.379395 0.734131 -0.774170 2.681945 1.427364 -1.505212
1.480591 0.653564 -0.581909 2.878700 1.270720 -1.131401
1.557373 0.550537 -0.396851 3.027987 1.070405 -0.771593
1.637573 0.471558 -0.248657 3.183920 0.916846 -0.483462
1.681763 0.387451 -0.163330 3.269837 0.753318 -0.317561
1.694824 0.345337 -0.108765 3.295233 0.671436 -0.211470
1.700317 0.365601 -0.084961 3.305913 0.710834 -0.165189
1.676147 0.381714 -0.081909 3.258919 0.742163 -0.159255
1.605347 0.402710 -0.072021 3.121262 0.782986 -0.140031
1.464600 0.434448 -0.037964 2.847609 0.844694 -0.073813
1.273560 0.470459 0.013062 2.476171 0.914709 0.025395
1.060913 0.508179 0.075195 2.062724 0.988048 0.146202
0.836914 0.531494 0.159180 1.627205 1.033380 0.309492
0.614136 0.525635 0.264404 1.194059 1.021987 0.514079
0.408081 0.495483 0.399780 0.793429 0.963364 0.777289
0.238037 0.440063 0.546387 0.462814 0.855612 1.062335
0.114014 0.373413 0.671875 0.221676 0.726024 1.306321
0.038452 0.342896 0.767944 0.074762 0.666689 1.493108
-0.003662 0.340698 0.840942 -0.007120 0.662417 1.635037
-0.033325 0.342285 0.891235 -0.064794 0.665502 1.732821
-0.064209 0.343140 0.918335 -0.124841 0.667164 1.785511
-0.110352 0.353394 0.918213 -0.214556 0.687100 1.785274
-0.190063 0.397705 0.895874 -0.369539 0.773255 1.741840
-0.310425 0.469238 0.863770 -0.603556 0.912336 1.679420
-0.456909 0.537476 0.835815 -0.888365 1.045009 1.625069
-0.628174 0.583862 0.819580 -1.221353 1.135199 1.593503
-0.821655 0.581909 0.825806 -1.597537 1.131401 1.605607
-1.031494 0.513062 0.859741 -2.005525 0.997541 1.671588
-1.244385 0.386597 0.905518 -2.419447 0.751657 1.760590
-1.439941 0.194092 0.939209 -2.799666 0.377371 1.826096
-1.647705 -0.048462 0.939575 -3.203619 -0.094224 1.826808
-1.860229 -0.229370 0.917480 -3.616829 -0.445962 1.783850
-2.008301 -0.369019 0.868652 -3.904722 -0.717480 1.688913
-2.064575 -0.567139 0.787109 -4.014136 -1.102683 1.530370
-2.015991 -0.667480 0.686890 -3.919675 -1.297777 1.335514
-1.951782 -0.651367 0.590210 -3.794834 -1.266448 1.147540
-1.916870 -0.614624 0.496094 -3.726954 -1.195008 0.964551
-1.909546 -0.572754 0.397583 -3.712714 -1.113601 0.773017
-1.923096 -0.514648 0.309326 -3.739059 -1.000627 0.601420
-1.910645 -0.420654 0.249268 -3.714850 -0.817875 0.484649
-1.872070 -0.336182 0.201904 -3.639851 -0.653635 0.392561
-1.875366 -0.304321 0.163574 -3.646259 -0.591689 0.318036
-1.876587 -0.285400 0.140747 -3.648632 -0.554902 0.273653
-1.806274 -0.288086 0.111938 -3.511924 -0.560123 0.217641
-1.657227 -0.322510 0.087769 -3.222132 -0.627053 0.170648
-1.436768 -0.323608 0.074585 -2.793495 -0.629189 0.145015
-1.169678 -0.250732 0.057861 -2.274195 -0.487497 0.112499
-0.882813 -0.122681 0.039185 -1.716445 -0.238527 0.076186
-0.581299 0.040771 0.022461 -1.130214 0.079272 0.043671
-0.290405 0.208130 0.010620 -0.564633 0.404665 0.020649
-0.053345 0.347656 0.008423 -0.103718 0.675945 0.016376
0.031494 0.417480 0.009277 0.061234 0.811704 0.018038
0.020142 0.499023 -0.002686 0.039161 0.970247 -0.005221
-0.011963 0.529175 -0.023438 -0.023259 1.028870 -0.045569
-0.043091 0.473999 -0.032104 -0.083781 0.921592 -0.062420
-0.044678 0.372070 -0.036011 -0.086867 0.723413 -0.070015
-0.015747 0.243652 -0.044312 -0.030617 0.473731 -0.086155
0.038086 0.141602 -0.053833 0.074050 0.275315 -0.104667
0.104858 0.084229 -0.061401 0.203875 0.163765 -0.119382
0.166138 0.063721 -0.066284 0.323020 0.123892 -0.128876
0.214233 0.075317 -0.072510 0.416532 0.146439 -0.140980
0.247559 0.106689 -0.078979 0.481326 0.207435 -0.153559
0.261719 0.145874 -0.084717 0.508858 0.283622 -0.164714
0.260498 0.184326 -0.087769 0.506484 0.358384 -0.170648
0.245972 0.208252 -0.089600 0.478241 0.404903 -0.174208
0.217773 0.218140 -0.091797 0.423415 0.424127 -0.178480
0.180298 0.214600 -0.092896 0.350552 0.417244 -0.180616
0.134766 0.192749 -0.091187 0.262024 0.374760 -0.177293
0.088257 0.153564 -0.088135 0.171597 0.298574 -0.171360
0.045776 0.116455 -0.083862 0.089003 0.226423 -0.163053
0.009277 0.087891 -0.076538 0.018038 0.170885 -0.148812
-0.014648 0.074463 -0.073120 -0.028481 0.144778 -0.142167
-0.028076 0.077271 -0.074829 -0.054588 0.150236 -0.145490
-0.036377 0.093140 -0.074219 -0.070727 0.181091 -0.144303
-0.043701 0.107056 -0.065063 -0.084968 0.208147 -0.126502
-0.053955 0.107666 -0.050659 -0.104904 0.209334 -0.098496
-0.068848 0.095703 -0.032837 -0.133860 0.186075 -0.063845
-0.088013 0.078003 -0.013794 -0.171122 0.151660 -0.026819
