-0.255493 0.311401 -0.385132 -0.496753 0.605455 -0.748809
-0.350830 0.273438 -0.419922 -0.682116 0.531642 -0.816451
-0.519775 0.231323 -0.453369 -1.010595 0.449760 -0.881482
-0.687378 0.221436 -0.457031 -1.336463 0.430535 -0.888602
-0.778076 0.289551 -0.439453 -1.512807 0.562971 -0.854425
-0.841919 0.295532 -0.398804 -1.636936 0.574601 -0.775391
-0.903320 0.271362 -0.335571 -1.756318 0.527607 -0.652448
-0.985962 0.224976 -0.274780 -1.916997 0.437418 -0.534253
-1.093140 0.177124 -0.229614 -2.125382 0.344381 -0.446437
-1.249023 0.132446 -0.198730 -2.428466 0.257514 -0.386390
-1.429199 0.124756 -0.163086 -2.778780 0.242562 -0.317087
-1.577393 0.130249 -0.133179 -3.066911 0.253242 -0.258938
-1.704956 0.101440 -0.106689 -3.314932 0.197230 -0.207435
-1.800415 0.033936 -0.074951 -3.500532 0.065981 -0.145727
-1.906738 -0.148193 -0.057129 -3.707255 -0.288131 -0.111075
-2.047363 -0.424561 -0.048828 -3.980671 -0.825469 -0.094936
-2.142334 -0.684082 -0.051392 -4.165322 -1.330055 -0.099920
-2.162109 -0.888184 -0.061279 -4.203771 -1.726888 -0.119145
-2.149170 -0.985107 -0.090698 -4.178613 -1.915336 -0.176344
-2.103394 -0.939819 -0.149780 -4.089611 -1.827283 -0.291217
-2.006958 -0.791138 -0.220703 -3.902112 -1.538202 -0.429111
-1.830444 -0.572388 -0.275513 -3.558918 -1.112889 -0.535677
-1.543335 -0.308228 -0.293457 -3.000693 -0.599284 -0.570566
-1.182617 -0.085938 -0.274902 -2.299353 -0.167088 -0.534490
-0.797363 0.071533 -0.236328 -1.550307 0.139081 -0.459491
-0.438599 0.128906 -0.203857 -0.852764 0.250631 -0.396358
-0.150635 0.101074 -0.187500 -0.292878 0.196518 -0.364555
0.066772 0.056519 -0.182983 0.129825 0.109889 -0.355773
0.269897 0.034546 -0.185181 0.524759 0.067167 -0.360045
0.433960 0.010010 -0.189575 0.843745 0.019462 -0.368589
0.568237 0.032959 -0.212524 1.104819 0.064082 -0.413209
0.672974 0.087036 -0.247070 1.308457 0.169224 -0.480377
0.755859 0.167236 -0.284790 1.469611 0.325156 -0.553715
0.827026 0.243286 -0.315674 1.607980 0.473019 -0.613762
0.900513 0.294800 -0.341431 1.750859 0.573177 -0.663841
0.980225 0.306763 -0.363647 1.905843 0.596436 -0.707037
1.060547 0.287231 -0.380981 2.062012 0.558462 -0.740739
1.128540 0.262573 -0.395142 2.194211 0.510519 -0.768270
1.178711 0.244995 -0.404175 2.291758 0.476342 -0.785834
1.229492 0.271484 -0.393799 2.390491 0.527845 -0.765660
1.258057 0.277710 -0.368408 2.446029 0.539949 -0.716293
1.264771 0.278442 -0.330566 2.459083 0.541373 -0.642717
1.260132 0.290649 -0.274414 2.450064 0.565107 -0.533541
1.255005 0.318359 -0.215210 2.440095 0.618983 -0.418431
1.265869 0.349121 -0.163940 2.461219 0.678793 -0.318748
1.287109 0.365234 -0.124634 2.502516 0.710122 -0.242324
1.291016 0.364868 -0.099121 2.510111 0.709410 -0.192720
1.255493 0.352661 -0.084106 2.441045 0.685676 -0.163527
1.185669 0.328735 -0.081177 2.305286 0.639157 -0.157831
1.111816 0.321167 -0.083374 2.161695 0.624442 -0.162103
1.046021 0.324463 -0.089478 2.033769 0.630850 -0.173970
0.985107 0.335938 -0.097534 1.915336 0.653160 -0.189635
0.898560 0.317139 -0.103149 1.747062 0.616610 -0.200553
0.774536 0.250977 -0.109863 1.505924 0.487972 -0.213606
0.623657 0.217773 -0.112793 1.212572 0.423415 -0.219302
0.466064 0.250977 -0.100342 0.906165 0.487972 -0.195094
0.301880 0.255737 -0.078369 0.586943 0.497228 -0.152372
0.125977 0.193604 -0.069824 0.244935 0.376422 -0.135759
-0.043213 0.107056 -0.071655 -0.084018 0.208147 -0.139319
-0.198975 0.023315 -0.070557 -0.386865 0.045332 -0.137183
-0.341064 -0.063110 -0.057251 -0.663129 -0.122705 -0.111313
-0.467896 -0.146118 -0.037231 -0.909725 -0.284096 -0.072389
-0.577271 -0.209839 -0.022949 -1.122382 -0.407988 -0.044620
-0.687622 -0.258667 -0.021606 -1.336938 -0.502924 -0.042009
-0.800415 -0.302002 -0.029663 -1.556240 -0.587180 -0.057674
-0.902222 -0.333374 -0.040649 -1.754182 -0.648176 -0.079034
-1.015259 -0.365234 -0.055298 -1.973959 -0.710122 -0.107515
-1.135620 -0.403687 -0.069824 -2.207977 -0.784884 -0.135759
-1.255371 -0.449341 -0.087036 -2.440808 -0.873650 -0.169224
-1.367310 -0.474609 -0.109375 -2.658448 -0.922779 -0.212657
-1.470215 -0.490601 -0.139526 -2.858526 -0.953871 -0.271280
-1.578979 -0.537354 -0.165283 -3.069997 -1.044772 -0.321359
-1.712524 -0.620361 -0.168945 -3.329647 -1.206163 -0.328479
-1.859131 -0.718140 -0.144409 -3.614692 -1.396273 -0.280774
-1.972290 -0.789185 -0.116699 -3.834707 -1.534405 -0.226897
-2.020996 -0.810181 -0.103760 -3.929406 -1.575227 -0.201739
-2.000610 -0.775757 -0.107300 -3.889770 -1.508298 -0.208622
-1.928345 -0.716187 -0.117432 -3.749264 -1.392475 -0.228321
-1.831787 -0.658203 -0.131714 -3.561528 -1.279739 -0.256090
-1.715820 -0.583618 -0.154785 -3.336055 -1.134724 -0.300947
-1.587646 -0.498169 -0.187500 -3.086848 -0.968586 -0.364555
-1.455566 -0.372803 -0.205933 -2.830045 -0.724837 -0.400393
-1.293579 -0.186646 -0.226685 -2.515095 -0.362893 -0.440741
-1.100952 0.012451 -0.247070 -2.140572 0.024209 -0.480377
-0.899780 0.158447 -0.261353 -1.749435 0.308068 -0.508146
-0.719360 0.196289 -0.271118 -1.398646 0.381643 -0.527133
-0.583496 0.143677 -0.284058 -1.134487 0.279350 -0.552291
-0.491699 0.047363 -0.302979 -0.956007 0.092088 -0.589079
-0.417847 -0.034912 -0.321899 -0.812416 -0.067879 -0.625866
-0.334106 -0.074463 -0.338135 -0.649600 -0.144778 -0.657433
-0.222900 -0.069824 -0.343872 -0.433383 -0.135759 -0.668588
-0.084839 -0.033569 -0.340210 -0.164952 -0.065269 -0.661467
0.072998 0.027710 -0.331055 0.141929 0.053876 -0.643667
0.242798 0.104004 -0.315308 0.472070 0.202214 -0.613050
0.414429 0.173096 -0.292725 0.805770 0.336549 -0.569142
0.569580 0.226074 -0.276489 1.107430 0.439554 -0.537576
0.699951 0.261841 -0.276855 1.360909 0.509095 -0.538288
0.796143 0.286377 -0.291138 1.547933 0.556800 -0.566057
0.866943 0.313354 -0.318115 1.685591 0.609253 -0.618509
0.927979 0.346924 -0.348389 1.804261 0.674521 -0.677369
0.976563 0.395508 -0.368896 1.898722 0.768983 -0.717242
1.020752 0.449097 -0.379395 1.984639 0.873175 -0.737654
1.069458 0.481812 -0.378052 2.079338 0.936782 -0.735043
1.126831 0.510620 -0.365112 2.190888 0.992794 -0.709885
1.173462 0.537964 -0.333374 2.281552 1.045959 -0.648176
1.184448 0.532471 -0.291748 2.302913 1.035278 -0.567243
1.156372 0.494019 -0.250488 2.248325 0.960516 -0.487022
1.104614 0.449829 -0.222656 2.147692 0.874599 -0.432909
1.056885 0.418335 -0.215576 2.054892 0.813365 -0.419143
1.039673 0.401367 -0.215454 2.021427 0.780375 -0.418906
1.028320 0.392456 -0.210327 1.999355 0.763049 -0.408937
1.020630 0.394165 -0.209595 1.984402 0.766372 -0.407513
1.001343 0.390259 -0.192017 1.946902 0.758777 -0.373336
0.965942 0.384766 -0.163574 1.878074 0.748097 -0.318036
0.906250 0.353882 -0.133301 1.762014 0.688049 -0.259176
0.814087 0.310059 -0.096069 1.582822 0.602844 -0.186787
0.688721 0.241455 -0.056274 1.339074 0.469459 -0.109414
0.542358 0.166748 -0.019287 1.054503 0.324207 -0.037500
0.408936 0.109375 0.008667 0.795090 0.212657 0.016851
0.305908 0.053467 0.026978 0.594775 0.103955 0.052452
0.232788 0.007446 0.033691 0.452608 0.014478 0.065506
0.188965 -0.017578 0.034424 0.367403 -0.034177 0.066930
0.163818 -0.020630 0.031738 0.318511 -0.040111 0.061708
0.142578 -0.025146 0.025635 0.277213 -0.048892 0.049841
0.116577 -0.048218 0.018555 0.226660 -0.093749 0.036076
0.090576 -0.070435 0.010376 0.176106 -0.136945 0.020174
0.064331 -0.076538 0.002319 0.125078 -0.148812 0.004509
0.030518 -0.074341 -0.006714 0.059335 -0.144540 -0.013054
-0.006226 -0.074463 -0.012207 -0.012104 -0.144778 -0.023734
-0.040283 -0.080200 -0.012207 -0.078322 -0.155933 -0.023734
-0.071655 -0.094849 -0.012695 -0.139319 -0.184413 -0.024683
-0.101563 -0.104858 -0.016602 -0.197467 -0.203875 -0.032278
-0.119263 -0.092163 -0.028198 -0.231881 -0.179192 -0.054826
-0.122559 -0.071289 -0.054077 -0.238290 -0.138607 -0.105142
-0.117432 -0.049561 -0.087036 -0.228321 -0.096360 -0.169224
-0.118164 -0.030273 -0.110474 -0.229745 -0.058860 -0.214793
-0.126831 -0.017578 -0.117554 -0.246597 -0.034177 -0.228559
-0.141846 -0.013916 -0.111572 -0.275789 -0.027057 -0.216929
-0.160767 -0.012573 -0.092651 -0.312577 -0.024446 -0.180141
-0.174438 -0.004883 -0.065063 -0.339159 -0.009494 -0.126502
-0.179199 0.005615 -0.036255 -0.348416 0.010918 -0.070490
-0.176392 0.012573 -0.014893 -0.342957 0.024446 -0.028956
-0.171265 0.013306 -0.005127 -0.332988 0.025870 -0.009968
-0.166016 0.017822 -0.008545 -0.322783 0.034652 -0.016614
-0.156128 0.028564 -0.020996 -0.303558 0.055538 -0.040823
-0.145508 0.030640 -0.037476 -0.282910 0.059572 -0.072863
-0.139282 0.023804 -0.045776 -0.270805 0.046281 -0.089003
-0.140503 0.012939 -0.046875 -0.273179 0.025158 -0.091139
-0.143677 -0.000244 -0.049561 -0.279350 -0.000475 -0.096360
-0.147217 -0.006958 -0.053833 -0.286232 -0.013528 -0.104667
