-0.846069 0.426636 -0.356689 -1.645005 0.829504 -0.693508
-0.938232 0.302124 -0.346924 -1.824197 0.587417 -0.674521
-1.050171 0.202759 -0.301758 -2.041838 0.394222 -0.586705
-1.179932 0.071777 -0.238281 -2.294131 0.139556 -0.463288
-1.318359 -0.060303 -0.169922 -2.563275 -0.117246 -0.330378
-1.453613 -0.178467 -0.090454 -2.826248 -0.346992 -0.175869
-1.586792 -0.292969 0.011230 -3.085186 -0.569617 0.021835
-1.728760 -0.408691 0.153809 -3.361213 -0.794615 0.299049
-1.870117 -0.540283 0.343384 -3.636053 -1.050468 0.667638
-1.994873 -0.693970 0.569214 -3.878615 -1.349280 1.106718
-2.100830 -0.844849 0.812866 -4.084626 -1.642632 1.580449
-2.198242 -0.974121 1.056274 -4.274024 -1.893975 2.053705
-2.289307 -1.145874 1.299316 -4.451080 -2.227913 2.526250
-2.359131 -1.328369 1.548828 -4.586838 -2.582737 3.011374
-2.395264 -1.481323 1.760376 -4.657091 -2.880124 3.422684
-2.427856 -1.526489 1.888794 -4.720461 -2.967940 3.672366
-2.437256 -1.333740 1.897949 -4.738736 -2.593180 3.690167
-2.313232 -0.993530 1.750732 -4.497598 -1.931713 3.403934
-2.062378 -0.670166 1.494995 -4.009864 -1.302998 2.906707
-1.742798 -0.409790 1.222656 -3.388507 -0.796751 2.377200
-1.382080 -0.257324 1.010376 -2.687167 -0.500313 1.964465
-0.963623 -0.231567 0.865112 -1.873564 -0.450235 1.682031
-0.535400 -0.234009 0.768555 -1.040974 -0.454981 1.494294
-0.112793 -0.195557 0.690308 -0.219302 -0.380219 1.342159
0.243286 -0.109497 0.636230 0.473019 -0.212894 1.237018
0.501343 0.001953 0.586914 0.974757 0.003797 1.141132
0.676636 0.097168 0.514648 1.315577 0.188923 1.000627
0.805054 0.154907 0.409302 1.565259 0.301185 0.795802
0.902954 0.170776 0.272949 1.755606 0.332039 0.530693
0.964600 0.187256 0.122314 1.875463 0.364080 0.237815
0.980957 0.226440 -0.017822 1.907266 0.440266 -0.034652
0.975220 0.250000 -0.178223 1.896111 0.486073 -0.346517
0.994751 0.261841 -0.371948 1.934086 0.509095 -0.723176
1.053955 0.253784 -0.579956 2.049196 0.493430 -1.127604
1.170044 0.227783 -0.794067 2.274907 0.442877 -1.543899
1.296875 0.179077 -1.003296 2.521503 0.348178 -1.950700
1.384399 0.144775 -1.187134 2.691676 0.281486 -2.308134
1.424927 0.158569 -1.347168 2.770473 0.308305 -2.619287
1.435547 0.228394 -1.486938 2.791122 0.444064 -2.891042
1.433105 0.325439 -1.598877 2.786375 0.632749 -3.108683
1.428101 0.410034 -1.681030 2.776644 0.797226 -3.268413
1.417358 0.524414 -1.732788 2.755758 1.019614 -3.369045
1.395752 0.645996 -1.752197 2.713749 1.256005 -3.406782
1.349854 0.667969 -1.745605 2.624509 1.298726 -3.393966
1.283569 0.642700 -1.708252 2.495633 1.249597 -3.321340
1.197144 0.598145 -1.630981 2.327596 1.162967 -3.171103
1.071777 0.534790 -1.505737 2.083848 1.039788 -2.927593
0.904175 0.434937 -1.342651 1.757980 0.845643 -2.610506
0.706665 0.307129 -1.169189 1.373963 0.597148 -2.273245
0.496948 0.191772 -1.008179 0.966212 0.372862 -1.960193
0.281738 0.122192 -0.870605 0.547781 0.237578 -1.692711
0.067505 0.119751 -0.754517 0.131249 0.232831 -1.467000
-0.133911 0.160156 -0.652222 -0.260362 0.311390 -1.268109
-0.318237 0.192383 -0.565552 -0.618746 0.374048 -1.099598
-0.486084 0.174805 -0.480591 -0.945089 0.339871 -0.934409
-0.640625 0.101807 -0.391113 -1.245562 0.197942 -0.760438
-0.784668 0.020142 -0.302734 -1.525623 0.039161 -0.588604
-0.923340 -0.053833 -0.221558 -1.795242 -0.104667 -0.430773
-1.055542 -0.145996 -0.147217 -2.052281 -0.283859 -0.286232
-1.180420 -0.246826 -0.079590 -2.295081 -0.479902 -0.154746
-1.308350 -0.361084 -0.018066 -2.543813 -0.702053 -0.035126
-1.442627 -0.474609 0.039673 -2.804888 -0.922779 0.077136
-1.580688 -0.588867 0.099365 -3.073319 -1.144930 0.193195
-1.723145 -0.690918 0.178467 -3.350296 -1.343346 0.346992
-1.832764 -0.784180 0.273438 -3.563427 -1.524674 0.531642
-1.883301 -0.854370 0.358398 -3.661686 -1.661145 0.696831
-1.878296 -0.906494 0.427368 -3.651955 -1.762489 0.830928
-1.811279 -0.917236 0.478638 -3.521655 -1.783375 0.930611
-1.695801 -0.862915 0.503174 -3.297131 -1.677758 0.978317
-1.559082 -0.753906 0.513184 -3.031310 -1.465814 0.997779
-1.418945 -0.602295 0.507446 -2.758843 -1.171037 0.986624
-1.241943 -0.416260 0.476807 -2.414700 -0.809330 0.927051
-1.027100 -0.263672 0.424072 -1.996981 -0.512655 0.824520
-0.793457 -0.175659 0.364258 -1.542712 -0.341533 0.708223
-0.568726 -0.141968 0.313843 -1.105768 -0.276027 0.610202
-0.413452 -0.099243 0.286255 -0.803872 -0.192958 0.556563
-0.287476 -0.014771 0.254272 -0.558936 -0.028718 0.494380
-0.231689 0.081665 0.233643 -0.450472 0.158781 0.454269
-0.203125 0.192383 0.206909 -0.394934 0.374048 0.402292
-0.175171 0.248169 0.184937 -0.340583 0.482513 0.359571
-0.156738 0.237671 0.168213 -0.304745 0.462102 0.327055
-0.122192 0.188477 0.140015 -0.237578 0.366453 0.272229
-0.067139 0.127319 0.101563 -0.130537 0.247546 0.197467
-0.009766 0.091431 0.060303 -0.018987 0.177768 0.117246
0.038086 0.086060 0.019775 0.074050 0.167325 0.038449
0.073364 0.090698 -0.017944 0.142642 0.176344 -0.034889
0.094604 0.096924 -0.050781 0.183939 0.188448 -0.098734
0.102051 0.108032 -0.072998 0.198416 0.210046 -0.141929
0.099121 0.125732 -0.082031 0.192720 0.244460 -0.159493
0.091187 0.137939 -0.084595 0.177293 0.268195 -0.164477
0.086670 0.138184 -0.084106 0.168512 0.268669 -0.163527
0.086426 0.121338 -0.084839 0.168037 0.235916 -0.164952
0.087280 0.094238 -0.092773 0.169698 0.183227 -0.180379
0.089233 0.065552 -0.105347 0.173496 0.127452 -0.204825
0.089600 0.039429 -0.118164 0.174208 0.076661 -0.229745
0.092041 0.016846 -0.127441 0.178955 0.032753 -0.247783
0.099121 -0.005859 -0.131470 0.192720 -0.011392 -0.255615
0.107422 -0.017334 -0.129639 0.208859 -0.033702 -0.252055
0.112915 -0.012451 -0.128174 0.219540 -0.024209 -0.249207
0.108154 0.004883 -0.116455 0.210283 0.009494 -0.226423
0.091919 0.024292 -0.096802 0.178717 0.047231 -0.188211
0.073242 0.027466 -0.076050 0.142404 0.053402 -0.147863
0.059692 0.014893 -0.051636 0.116059 0.028956 -0.100395
0.052612 -0.000977 -0.025635 0.102294 -0.001899 -0.049841
0.050903 -0.015869 -0.005005 0.098971 -0.030854 -0.009731
0.049927 -0.023560 0.005249 0.097072 -0.045807 0.010206
0.044678 -0.020386 0.007446 0.086867 -0.039636 0.014478
0.033081 -0.018677 0.005493 0.064319 -0.036313 0.010680
0.022095 -0.017700 0.001587 0.042959 -0.034414 0.003085
0.018799 -0.012817 -0.005493 0.036550 -0.024921 -0.010680
0.017090 -0.005127 -0.006592 0.033228 -0.009968 -0.012816
0.013428 -0.004883 -0.003296 0.026107 -0.009494 -0.006408
0.007690 -0.011353 -0.001465 0.014952 -0.022073 -0.002848
-0.002808 -0.014893 -0.001587 -0.005459 -0.028956 -0.003085
-0.018921 -0.007813 0.001587 -0.036788 -0.015190 0.003085
-0.035034 0.000854 0.007690 -0.068117 0.001661 0.014952
-0.046387 0.004395 0.011719 -0.090189 0.008544 0.022785
-0.050293 0.002197 0.009888 -0.097784 0.004272 0.019225
-0.050903 0.000122 0.001831 -0.098971 0.000237 0.003560
-0.049194 0.000732 -0.007568 -0.095648 0.001424 -0.014715
-0.045410 -0.000122 -0.013306 -0.088291 -0.000237 -0.025870
-0.041504 -0.008423 -0.015137 -0.080696 -0.016376 -0.029430
-0.039063 -0.015503 -0.014648 -0.075949 -0.030142 -0.028481
-0.041870 -0.009399 -0.011719 -0.081408 -0.018275 -0.022785
-0.053101 0.007568 -0.007690 -0.103243 0.014715 -0.014952
-0.067993 0.023926 -0.005371 -0.132199 0.046519 -0.010443
-0.082153 0.030884 -0.007080 -0.159730 0.060047 -0.013766
-0.091797 0.028198 -0.014160 -0.178480 0.054826 -0.027531
-0.096069 0.020386 -0.025757 -0.186787 0.039636 -0.050079
-0.095581 0.013428 -0.036865 -0.185837 0.026107 -0.071677
-0.091919 0.009033 -0.044189 -0.178717 0.017563 -0.085917
-0.086914 0.009766 -0.045532 -0.168986 0.018987 -0.088528
-0.084229 0.015015 -0.043579 -0.163765 0.029193 -0.084730
-0.084717 0.019287 -0.038696 -0.164714 0.037500 -0.075237
-0.086548 0.020508 -0.029541 -0.168274 0.039873 -0.057436
-0.088379 0.017700 -0.020996 -0.171834 0.034414 -0.040823
-0.089844 0.012451 -0.015625 -0.174682 0.024209 -0.030380
-0.092529 0.007568 -0.011963 -0.179904 0.014715 -0.023259
-0.094727 0.004517 -0.010498 -0.184176 0.008782 -0.020411
-0.096558 0.000977 -0.011108 -0.187736 0.001899 -0.021598
-0.095825 -0.003784 -0.010010 -0.186312 -0.007358 -0.019462
-0.091309 -0.002197 -0.008667 -0.177531 -0.004272 -0.016851
-0.083252 0.006104 -0.009155 -0.161866 0.011867 -0.017801
-0.076172 0.015625 -0.010620 -0.148100 0.030380 -0.020649
-0.071045 0.021484 -0.010986 -0.138132 0.041772 -0.021361
-0.067749 0.021240 -0.010010 -0.131724 0.041297 -0.019462
-0.066284 0.015015 -0.008667 -0.128876 0.029193 -0.016851
-0.069580 0.006958 -0.002441 -0.135284 0.013528 -0.004747
-0.071289 0.000610 0.002686 -0.138607 0.001187 0.005221
-0.071167 -0.004395 0.004028 -0.138369 -0.008544 0.007832
