-0.278198 -0.193237 -0.193481 -0.540899 -0.375710 -0.376184
-0.391846 -0.243408 -0.069092 -0.761862 -0.473257 -0.134335
-0.508301 -0.261597 0.057129 -0.988285 -0.508620 0.111075
-0.604248 -0.327515 0.175537 -1.174834 -0.636784 0.341295
-0.684448 -0.463379 0.279419 -1.330767 -0.900944 0.543272
-0.766602 -0.665771 0.381592 -1.490497 -1.294454 0.741926
-0.864502 -0.931763 0.526489 -1.680844 -1.811618 1.023649
-0.985229 -1.213623 0.735352 -1.915573 -2.359637 1.429738
-1.104370 -1.437500 0.967285 -2.147218 -2.794919 1.880684
-1.201904 -1.553101 1.171265 -2.336853 -3.019681 2.277280
-1.277832 -1.605103 1.328491 -2.484478 -3.120787 2.582974
-1.345337 -1.632813 1.436768 -2.615727 -3.174664 2.793495
-1.422241 -1.627441 1.494873 -2.765252 -3.164221 2.906469
-1.507202 -1.669434 1.453491 -2.930440 -3.245866 2.826011
-1.579834 -1.729980 1.292603 -3.071658 -3.363586 2.513196
-1.665649 -1.768799 1.047729 -3.238508 -3.439061 2.037092
-1.805298 -1.711914 0.769043 -3.510026 -3.328460 1.495244
-1.881592 -1.540283 0.525269 -3.658363 -2.994760 1.021275
-1.892700 -1.372192 0.336182 -3.679961 -2.667942 0.653635
-1.906860 -1.254883 0.238281 -3.707493 -2.439858 0.463288
-1.849487 -1.158325 0.215210 -3.595943 -2.252122 0.418431
-1.775391 -1.073120 0.215332 -3.451877 -2.086458 0.418668
-1.671509 -0.888184 0.178833 -3.249901 -1.726888 0.347704
-1.531006 -0.621338 0.112427 -2.976722 -1.208062 0.218590
-1.367432 -0.301758 0.022339 -2.658686 -0.586705 0.043433
-1.158569 0.019043 -0.098877 -2.252597 0.037025 -0.192246
-0.899780 0.276001 -0.248169 -1.749435 0.536626 -0.482513
-0.601440 0.456177 -0.405762 -1.169376 0.886941 -0.788919
-0.289185 0.553467 -0.568970 -0.562259 1.076101 -1.106243
-0.003540 0.587158 -0.728394 -0.006883 1.141607 -1.416209
0.214844 0.590820 -0.847168 0.417719 1.148727 -1.647142
0.354492 0.614502 -0.930054 0.689236 1.194771 -1.808296
0.445557 0.647339 -1.005737 0.866292 1.258615 -1.955447
0.515381 0.674438 -1.088867 1.002051 1.311305 -2.117075
0.569946 0.707397 -1.173584 1.108142 1.375387 -2.281790
0.644165 0.765991 -1.247559 1.252445 1.489310 -2.425618
0.741577 0.841064 -1.309937 1.441842 1.635275 -2.546899
0.886597 0.920776 -1.376343 1.723802 1.790258 -2.676012
1.065918 0.983765 -1.429077 2.072455 1.912725 -2.778543
1.233032 1.027710 -1.448486 2.397374 1.998168 -2.816280
1.334106 1.077881 -1.441528 2.593892 2.095715 -2.802752
1.363892 1.141235 -1.431641 2.651803 2.218894 -2.783527
1.360474 1.213135 -1.419189 2.645158 2.358688 -2.759318
1.352539 1.268677 -1.393799 2.629730 2.466678 -2.709951
1.340576 1.260498 -1.334839 2.606471 2.450776 -2.595316
1.322632 1.214844 -1.226074 2.571582 2.362010 -2.383846
1.292480 1.153076 -1.083618 2.512959 2.241916 -2.106870
1.249634 1.078491 -0.925537 2.429652 2.096901 -1.799514
1.203003 0.989990 -0.766724 2.338989 1.924830 -1.490734
1.166504 0.902100 -0.617676 2.268024 1.753945 -1.200942
1.151489 0.824463 -0.469849 2.238831 1.602996 -0.913523
1.144653 0.751953 -0.332153 2.225540 1.462016 -0.645803
1.126709 0.703003 -0.198730 2.190651 1.366843 -0.386390
1.077759 0.670776 -0.072754 2.095477 1.304185 -0.141455
0.989868 0.632568 0.040161 1.924592 1.229897 0.078085
0.863403 0.569336 0.155273 1.678708 1.106955 0.301897
0.712769 0.489380 0.276611 1.385830 0.951497 0.537813
0.555420 0.397095 0.389282 1.079898 0.772068 0.756878
0.413696 0.317993 0.478271 0.804346 0.618271 0.929899
0.294067 0.265503 0.571533 0.571753 0.516215 1.111227
0.182129 0.229004 0.681641 0.354112 0.445250 1.325308
0.065918 0.192017 0.800415 0.128164 0.373336 1.556240
-0.060059 0.150391 0.915649 -0.116771 0.292403 1.780290
-0.197266 0.095093 1.026245 -0.383542 0.184888 1.995320
-0.352051 0.019653 1.131470 -0.684489 0.038212 2.199907
-0.519165 -0.082764 1.221802 -1.009408 -0.160917 2.375539
-0.676392 -0.219482 1.288452 -1.315103 -0.426738 2.505127
-0.814819 -0.387939 1.334229 -1.584246 -0.754267 2.594129
-0.906494 -0.578735 1.370483 -1.762489 -1.125230 2.664619
-1.009399 -0.799927 1.389160 -1.962567 -1.555291 2.700933
-1.105469 -0.952637 1.402588 -2.149354 -1.852204 2.727040
-1.187500 -1.049438 1.398071 -2.308846 -2.040414 2.718258
-1.238647 -1.086426 1.369019 -2.408292 -2.112329 2.661771
-1.258179 -1.080322 1.297852 -2.446266 -2.100461 2.523402
-1.263916 -1.047119 1.169189 -2.457421 -2.035905 2.273245
-1.273193 -0.999634 0.998901 -2.475459 -1.943580 1.942156
-1.306641 -0.963379 0.849121 -2.540490 -1.873090 1.650939
-1.371704 -0.948730 0.763672 -2.666993 -1.844609 1.484801
-1.463623 -0.960693 0.725830 -2.845710 -1.867868 1.411225
-1.557739 -0.988037 0.704712 -3.028699 -1.921032 1.370165
-1.645874 -1.004150 0.684204 -3.200059 -1.952361 1.330292
-1.734619 -0.993408 0.664551 -3.372606 -1.931475 1.292081
-1.858154 -0.938599 0.652832 -3.612794 -1.824909 1.269296
-1.890503 -0.800049 0.623413 -3.675689 -1.555528 1.212097
-1.896606 -0.655396 0.567505 -3.687556 -1.274280 1.103395
-1.803223 -0.483276 0.495483 -3.505991 -0.939630 0.963364
-1.683472 -0.338745 0.416992 -3.273160 -0.658619 0.810754
-1.512573 -0.208496 0.345215 -2.940883 -0.405377 0.671198
-1.318115 -0.110840 0.287109 -2.562800 -0.215505 0.558224
-1.121948 -0.024780 0.219482 -2.181395 -0.048180 0.426738
-0.950928 0.038330 0.137329 -1.848881 0.074525 0.267008
-0.799072 0.081543 0.052612 -1.553630 0.158543 0.102294
-0.661621 0.106689 -0.028198 -1.286384 0.207435 -0.054826
-0.544067 0.129272 -0.107910 -1.057826 0.251343 -0.209809
-0.444580 0.148193 -0.182373 -0.864393 0.288131 -0.354586
-0.356445 0.182251 -0.232666 -0.693034 0.354349 -0.452371
-0.273315 0.226929 -0.255981 -0.531405 0.441216 -0.497703
-0.188965 0.271851 -0.253052 -0.367403 0.528557 -0.492006
-0.100586 0.291870 -0.234619 -0.195568 0.567481 -0.456168
-0.028564 0.272827 -0.218262 -0.055538 0.530456 -0.424364
0.010132 0.230225 -0.208740 0.019699 0.447624 -0.405852
0.022949 0.188599 -0.197510 0.044620 0.366691 -0.384017
0.021729 0.151489 -0.176758 0.042247 0.294539 -0.343669
0.017212 0.120972 -0.147461 0.033465 0.235204 -0.286707
0.017822 0.098145 -0.116821 0.034652 0.190822 -0.227135
0.026611 0.093506 -0.088867 0.051740 0.181803 -0.172784
0.040405 0.099243 -0.067505 0.078560 0.192958 -0.131249
0.053467 0.093628 -0.051758 0.103955 0.182040 -0.100632
0.056030 0.068115 -0.042725 0.108939 0.132436 -0.083069
0.042358 0.028809 -0.036011 0.082357 0.056012 -0.070015
0.019653 -0.014160 -0.022827 0.038212 -0.027531 -0.044383
0.000122 -0.048584 -0.001831 0.000237 -0.094461 -0.003560
-0.013306 -0.054443 0.022217 -0.025870 -0.105854 0.043196
-0.026978 -0.026367 0.044434 -0.052452 -0.051266 0.086392
-0.038818 0.017212 0.059692 -0.075474 0.033465 0.116059
-0.044922 0.053589 0.071167 -0.087341 0.104192 0.138369
-0.041748 0.067627 0.078247 -0.081170 0.131487 0.152135
-0.026367 0.061157 0.083008 -0.051266 0.118907 0.161391
-0.004517 0.043091 0.082153 -0.008782 0.083781 0.159730
0.013672 0.024780 0.078979 0.026582 0.048180 0.153559
0.022217 0.008057 0.075195 0.043196 0.015664 0.146202
0.022095 -0.012451 0.067505 0.042959 -0.024209 0.131249
0.017822 -0.032104 0.051880 0.034652 -0.062420 0.100870
0.008545 -0.038940 0.031372 0.016614 -0.075712 0.060996
-0.008301 -0.036255 0.010010 -0.016139 -0.070490 0.019462
-0.028320 -0.032471 -0.012451 -0.055063 -0.063133 -0.024209
-0.049194 -0.024658 -0.032593 -0.095648 -0.047943 -0.063370
-0.068848 -0.012573 -0.046021 -0.133860 -0.024446 -0.089477
-0.083008 0.001709 -0.058228 -0.161391 0.003323 -0.113211
-0.090698 0.015137 -0.066284 -0.176344 0.029430 -0.128876
-0.090576 0.021362 -0.064819 -0.176106 0.041535 -0.126028
-0.083740 0.018433 -0.053711 -0.162815 0.035838 -0.104430
-0.074829 0.010254 -0.039185 -0.145490 0.019937 -0.076186
-0.070557 0.000732 -0.026611 -0.137183 0.001424 -0.051740
-0.073608 -0.007080 -0.017090 -0.143116 -0.013766 -0.033228
-0.078979 -0.016724 -0.008789 -0.153559 -0.032516 -0.017089
-0.077759 -0.028809 -0.005615 -0.151186 -0.056012 -0.010918
-0.072876 -0.036255 -0.009155 -0.141692 -0.070490 -0.017801
-0.069092 -0.033325 -0.017334 -0.134335 -0.064794 -0.033702
-0.067383 -0.020386 -0.026001 -0.131012 -0.039636 -0.050553
-0.065796 -0.008545 -0.033813 -0.127926 -0.016614 -0.065743
-0.058716 -0.003418 -0.037109 -0.114161 -0.006646 -0.072151
-0.046997 0.001465 -0.034790 -0.091376 0.002848 -0.067642
-0.038574 0.006104 -0.029541 -0.075000 0.011867 -0.057436
-0.031006 0.005737 -0.023193 -0.060284 0.011155 -0.045095
-0.021851 0.010132 -0.016479 -0.042484 0.019699 -0.032041
-0.016479 0.018799 -0.007202 -0.032041 0.036550 -0.014003
-0.010498 0.022949 -0.000732 -0.020411 0.044620 -0.001424
-0.004639 0.023682 0.000488 -0.009019 0.046044 0.000949
-0.005127 0.025879 -0.002563 -0.009968 0.050316 -0.004984
