-1.333252 0.215332 -0.486816 -2.592231 0.418668 -0.946513
-1.507446 0.118774 -0.445923 -2.930915 0.230932 -0.867004
-1.658081 0.036377 -0.335938 -3.223793 0.070727 -0.653160
-1.795044 -0.071899 -0.177734 -3.490089 -0.139793 -0.345567
-1.942505 -0.222168 0.025513 -3.776796 -0.431959 0.049604
-2.117065 -0.376709 0.232300 -4.116192 -0.732432 0.451659
-2.302734 -0.555786 0.421875 -4.477187 -1.080610 0.820248
-2.476074 -0.803223 0.609863 -4.814210 -1.561699 1.185752
-2.638672 -1.197144 0.832520 -5.130348 -2.327596 1.618661
-2.766479 -1.660156 1.114502 -5.378843 -3.227828 2.166917
-2.852295 -2.069702 1.447144 -5.545693 -4.024105 2.813669
-2.812866 -2.123779 1.791992 -5.469032 -4.129246 3.484155
-2.576904 -1.843750 2.036377 -5.010253 -3.584788 3.959311
-2.230347 -1.400269 2.092529 -4.336444 -2.722530 4.068487
-1.764771 -0.872070 1.974121 -3.431228 -1.695559 3.838267
-1.276611 -0.399536 1.781860 -2.482105 -0.776815 3.464456
-0.766235 -0.073120 1.567017 -1.489785 -0.142167 3.046737
-0.250488 0.103394 1.347412 -0.487022 0.201027 2.619762
0.215210 0.119385 1.112427 0.418431 0.232119 2.162882
0.565308 0.089478 0.867188 1.099123 0.173970 1.686065
0.819458 0.064697 0.604004 1.593265 0.125790 1.174360
1.030151 0.067017 0.333618 2.002915 0.130300 0.648651
1.219849 0.112671 0.047974 2.371742 0.219065 0.093275
1.381470 0.202026 -0.236572 2.685980 0.392798 -0.459965
1.503784 0.330444 -0.507324 2.923795 0.642480 -0.986386
1.575806 0.458130 -0.741333 3.063826 0.890738 -1.441368
1.620850 0.565430 -0.910034 3.151404 1.099360 -1.769372
1.672119 0.635010 -1.028564 3.251087 1.234644 -1.999829
1.753540 0.653442 -1.118408 3.409393 1.270483 -2.174512
1.860840 0.617676 -1.195313 3.618015 1.200942 -2.324036
1.948975 0.505371 -1.258911 3.789375 0.982589 -2.447690
1.948608 0.343872 -1.316528 3.788663 0.668588 -2.559715
1.853149 0.214722 -1.382202 3.603063 0.417482 -2.687404
1.692993 0.203003 -1.450073 3.291672 0.394697 -2.819365
1.501587 0.228027 -1.517822 2.919523 0.443352 -2.951089
1.324097 0.295410 -1.579590 2.574430 0.574363 -3.071183
1.181152 0.429077 -1.606812 2.296504 0.834251 -3.124110
1.055298 0.533936 -1.602661 2.051807 1.038126 -3.116041
0.919312 0.536377 -1.565796 1.787410 1.042873 -3.044364
0.757935 0.513672 -1.490479 1.473646 0.998728 -2.897925
0.569458 0.479858 -1.384399 1.107192 0.932985 -2.691676
0.368164 0.399048 -1.275635 0.715818 0.775865 -2.480206
0.173462 0.288208 -1.196777 0.337261 0.560360 -2.326884
-0.013062 0.166626 -1.160034 -0.025395 0.323969 -2.255445
-0.200317 0.037231 -1.157227 -0.389475 0.072389 -2.249986
-0.390137 -0.079956 -1.161133 -0.758540 -0.155458 -2.257581
-0.579712 -0.169189 -1.143188 -1.127129 -0.328954 -2.222692
-0.774902 -0.233398 -1.079590 -1.506636 -0.453795 -2.099037
-0.971924 -0.286499 -0.969971 -1.889703 -0.557038 -1.885906
-1.168579 -0.322998 -0.828247 -2.272058 -0.628002 -1.610354
-1.361084 -0.346436 -0.674194 -2.646344 -0.673572 -1.310830
-1.551392 -0.401245 -0.513306 -3.016358 -0.780138 -0.998016
-1.732422 -0.495239 -0.347046 -3.368333 -0.962890 -0.674758
-1.915405 -0.636597 -0.176270 -3.724106 -1.237730 -0.342719
-2.092651 -0.837769 0.013672 -4.068725 -1.628866 0.026582
-2.216919 -1.078979 0.238525 -4.310337 -2.097851 0.463763
-2.238281 -1.343018 0.482544 -4.351871 -2.611218 0.938206
-2.159302 -1.525391 0.722046 -4.198312 -2.965804 1.403868
-1.955444 -1.397949 0.899902 -3.801954 -2.718021 1.749673
-1.651123 -1.096680 0.986328 -3.210265 -2.132265 1.917709
-1.321777 -0.790405 0.970093 -2.569921 -1.536778 1.886143
-0.997803 -0.506470 0.871582 -1.940019 -0.984725 1.694610
-0.729126 -0.252808 0.762085 -1.417634 -0.491532 1.481715
-0.606201 0.010742 0.630615 -1.178632 0.020886 1.226100
-0.516113 0.265137 0.451416 -1.003475 0.515503 0.877684
-0.413330 0.432861 0.276001 -0.803634 0.841609 0.536626
-0.298096 0.462158 0.131104 -0.579585 0.898570 0.254903
-0.195190 0.390625 0.042603 -0.379507 0.759489 0.082832
-0.118530 0.285889 -0.011597 -0.230457 0.555851 -0.022547
-0.057739 0.223633 -0.065552 -0.112262 0.434807 -0.127452
-0.004272 0.240723 -0.114014 -0.008307 0.468035 -0.221676
0.018799 0.304565 -0.138184 0.036550 0.592164 -0.268669
0.025146 0.391724 -0.156372 0.048892 0.761625 -0.304033
0.023926 0.465820 -0.171387 0.046519 0.905691 -0.333226
0.028687 0.495605 -0.167358 0.055775 0.963602 -0.325394
0.034790 0.469727 -0.151367 0.067642 0.913285 -0.294302
0.036011 0.397339 -0.132690 0.070015 0.772543 -0.257989
0.031250 0.303955 -0.117798 0.060759 0.590977 -0.229033
0.027954 0.218994 -0.109741 0.054351 0.425788 -0.213369
0.025146 0.154663 -0.108887 0.048892 0.300710 -0.211708
0.015137 0.116211 -0.116211 0.029430 0.225948 -0.225948
-0.001465 0.103149 -0.125122 -0.002848 0.200553 -0.243274
-0.021484 0.102539 -0.132202 -0.041772 0.199366 -0.257040
-0.035889 0.100830 -0.134399 -0.069778 0.196043 -0.261312
-0.039673 0.097168 -0.128174 -0.077136 0.188923 -0.249207
-0.038574 0.091797 -0.116455 -0.075000 0.178480 -0.226423
-0.036987 0.086426 -0.100952 -0.071914 0.168037 -0.196280
-0.039185 0.085693 -0.079590 -0.076186 0.166613 -0.154746
-0.048828 0.086426 -0.054321 -0.094936 0.168037 -0.105616
-0.063232 0.090332 -0.026489 -0.122942 0.175632 -0.051503
-0.075684 0.091797 0.002075 -0.147151 0.178480 0.004035
-0.085083 0.082886 0.027344 -0.165426 0.161154 0.053164
-0.091187 0.069214 0.045288 -0.177293 0.134572 0.088053
-0.101440 0.057861 0.056274 -0.197230 0.112499 0.109414
-0.112793 0.057617 0.057861 -0.219302 0.112025 0.112499
-0.113770 0.065308 0.050659 -0.221201 0.126977 0.098496
-0.107178 0.061890 0.040771 -0.208385 0.120332 0.079272
-0.113159 0.051270 0.046753 -0.220014 0.099683 0.090901
-0.119629 0.046021 0.048828 -0.232593 0.089477 0.094936
-0.134766 0.036377 0.039185 -0.262024 0.070727 0.076186
-0.142212 0.036621 0.026978 -0.276501 0.071202 0.052452
-0.142822 0.040894 0.019287 -0.277688 0.079509 0.037500
-0.140503 0.046509 0.016479 -0.273179 0.090427 0.032041
-0.132324 0.049683 0.014893 -0.257277 0.096597 0.028956
-0.121460 0.049316 0.012695 -0.236154 0.095885 0.024683
-0.110474 0.054321 0.013916 -0.214793 0.105616 0.027057
-0.102783 0.070068 0.022095 -0.199841 0.136233 0.042959
-0.100952 0.098145 0.029175 -0.196280 0.190822 0.056724
-0.105469 0.124878 0.029419 -0.205062 0.242799 0.057199
-0.114502 0.141235 0.024414 -0.222625 0.274603 0.047468
-0.119873 0.140625 0.017944 -0.233068 0.273416 0.034889
-0.110352 0.116943 0.020142 -0.214556 0.227372 0.039161
-0.079590 0.127686 0.029907 -0.154746 0.248258 0.058148
-0.046021 0.146484 0.029663 -0.089477 0.284808 0.057674
-0.018921 0.150757 0.023926 -0.036788 0.293115 0.046519
-0.014160 0.161133 0.024902 -0.027531 0.313289 0.048417
-0.026245 0.207520 0.012817 -0.051028 0.403478 0.024921
-0.042480 0.270020 0.000488 -0.082594 0.524997 0.000949
-0.018799 0.310913 -0.001709 -0.036550 0.604506 -0.003323
0.026245 0.308228 0.002563 0.051028 0.599284 0.004984
0.050537 0.270386 0.007080 0.098259 0.525709 0.013766
0.048218 0.236328 0.006714 0.093749 0.459491 0.013054
0.033813 0.218140 0.000610 0.065743 0.424127 0.001187
0.017700 0.207153 -0.006104 0.034414 0.402766 -0.011867
0.005737 0.209717 -0.011475 0.011155 0.407751 -0.022310
-0.004517 0.225220 -0.017944 -0.008782 0.437893 -0.034889
-0.010620 0.245728 -0.025757 -0.020649 0.477766 -0.050079
-0.011108 0.263794 -0.036499 -0.021598 0.512892 -0.070965
-0.005493 0.277588 -0.046875 -0.010680 0.539712 -0.091139
-0.000977 0.288818 -0.054077 -0.001899 0.561547 -0.105142
0.003784 0.297119 -0.060791 0.007358 0.577686 -0.118195
0.023071 0.299194 -0.076782 0.044857 0.581721 -0.149287
0.011597 0.297852 -0.061401 0.022547 0.579110 -0.119382
-0.003296 0.324097 -0.044556 -0.006408 0.630138 -0.086629
0.004028 0.360474 -0.034912 0.007832 0.700866 -0.067879
0.020386 0.403076 -0.021484 0.039636 0.783698 -0.041772
0.029419 0.447388 -0.006714 0.057199 0.869852 -0.013054
0.025635 0.479126 0.001221 0.049841 0.931561 0.002373
0.011475 0.495239 -0.002563 0.022310 0.962890 -0.004984
-0.015991 0.490723 -0.018311 -0.031092 0.954108 -0.035601
-0.047852 0.465454 -0.050659 -0.093037 0.904979 -0.098496
-0.069946 0.411987 -0.092651 -0.135996 0.801023 -0.180141
-0.083374 0.333252 -0.130981 -0.162103 0.647939 -0.254666
-0.093384 0.248291 -0.159546 -0.181565 0.482750 -0.310204
-0.104370 0.168945 -0.162964 -0.202926 0.328479 -0.316849
-0.091675 0.115601 -0.148438 -0.178243 0.224761 -0.288606
-0.048218 0.082886 -0.119141 -0.093749 0.161154 -0.231644
-0.005737 0.075439 -0.071045 -0.011155 0.146676 -0.138132
0.016235 0.082764 -0.025879 0.031566 0.160917 -0.050316
0.019287 0.084351 0.000977 0.037500 0.164002 0.001899
