-0.357666 0.387451 -0.233398 -0.695407 0.753318 -0.453795
-0.354980 0.378052 -0.179443 -0.690186 0.735043 -0.348890
-0.376343 0.307739 -0.106201 -0.731720 0.598335 -0.206486
-0.366455 0.270508 -0.017090 -0.712496 0.525946 -0.033228
-0.349121 0.209595 0.050659 -0.678793 0.407513 0.098496
-0.336426 0.130249 0.081543 -0.654110 0.253242 0.158543
-0.341064 0.064575 0.068970 -0.663129 0.125553 0.134097
-0.367676 0.029663 0.035889 -0.714869 0.057674 0.069778
-0.412720 0.001465 0.000000 -0.802447 0.002848 0.000000
-0.477905 -0.035645 -0.025269 -0.929187 -0.069303 -0.049129
-0.558838 -0.076782 -0.038330 -1.086544 -0.149287 -0.074525
-0.673462 -0.151733 -0.055176 -1.309406 -0.295014 -0.107278
-0.817505 -0.207520 -0.061646 -1.589468 -0.403478 -0.119857
-0.977295 -0.249512 -0.060059 -1.900146 -0.485124 -0.116771
-1.141113 -0.294434 -0.036987 -2.218657 -0.572465 -0.071914
-1.266602 -0.344849 -0.015503 -2.462643 -0.670486 -0.030142
-1.366699 -0.400269 0.009888 -2.657262 -0.778239 0.019225
-1.436279 -0.451782 0.045776 -2.792546 -0.878396 0.089003
-1.479614 -0.495972 0.094238 -2.876801 -0.964314 0.183227
-1.513062 -0.528076 0.151855 -2.941833 -1.026734 0.295251
-1.533569 -0.546753 0.212036 -2.981706 -1.063047 0.412260
-1.544189 -0.566528 0.273560 -3.002355 -1.101496 0.531880
-1.554443 -0.595947 0.338135 -3.022291 -1.158695 0.657433
-1.546631 -0.628540 0.400757 -3.007101 -1.222065 0.779188
-1.542603 -0.676880 0.462524 -2.999269 -1.316052 0.899282
-1.545532 -0.707642 0.516724 -3.004965 -1.375862 1.004661
-1.505981 -0.759277 0.564087 -2.928067 -1.476257 1.096749
-1.552734 -0.750244 0.611938 -3.018968 -1.458693 1.189787
-1.478149 -0.576904 0.617310 -2.873954 -1.121670 1.200230
-1.264771 -0.394409 0.580566 -2.459083 -0.766846 1.128790
0.084717 0.911865 0.255371 0.164714 1.772932 0.496516
0.578369 0.296997 0.025879 1.124518 0.577449 0.050316
0.378540 -0.062012 0.028687 0.735992 -0.120569 0.055775
0.087524 -0.202515 0.121582 0.170173 -0.393748 0.236391
-0.069946 -0.450073 0.205322 -0.135996 -0.875074 0.399206
-0.127686 -0.475464 0.288086 -0.248258 -0.924440 0.560123
-0.077148 -0.214722 0.323608 -0.149999 -0.417482 0.629189
0.044556 0.065308 0.298340 0.086629 0.126977 0.580060
0.213013 0.267700 0.248047 0.414159 0.520487 0.482275
0.409668 0.320923 0.168457 0.796514 0.623968 0.327530
0.575439 0.255249 0.065918 1.118822 0.496279 0.128164
0.681885 0.144043 -0.032959 1.325783 0.280062 -0.064082
0.722534 0.023560 -0.109009 1.404817 0.045807 -0.211945
0.733032 -0.053345 -0.164429 1.425228 -0.103718 -0.319697
0.722656 -0.063843 -0.209229 1.405054 -0.124129 -0.406801
0.705444 0.036377 -0.233887 1.371590 0.070727 -0.454744
0.682739 0.099854 -0.252808 1.327444 0.194144 -0.491532
0.663208 0.166870 -0.273560 1.289470 0.324444 -0.531880
0.656860 0.222168 -0.302002 1.277128 0.431959 -0.587180
0.660156 0.259155 -0.339478 1.283536 0.503873 -0.660043
0.678711 0.277222 -0.381958 1.319612 0.539000 -0.742638
0.712769 0.271484 -0.419678 1.385830 0.527845 -0.815976
0.754028 0.251709 -0.447754 1.466051 0.489396 -0.870564
0.791016 0.237427 -0.471313 1.537965 0.461627 -0.916371
0.827759 0.244507 -0.497070 1.609404 0.475393 -0.966450
0.868042 0.257935 -0.524170 1.687727 0.501500 -1.019139
0.879272 0.258179 -0.543701 1.709562 0.501975 -1.057114
0.859009 0.269165 -0.557495 1.670164 0.523335 -1.083933
0.801270 0.275879 -0.561157 1.557902 0.536389 -1.091053
0.699341 0.284180 -0.563232 1.359722 0.552528 -1.095088
0.573486 0.303223 -0.572266 1.115025 0.589553 -1.112651
0.473755 0.313721 -0.586060 0.921118 0.609965 -1.139471
0.412354 0.280762 -0.614990 0.801735 0.545883 -1.195720
0.357422 0.231323 -0.663452 0.694932 0.449760 -1.289944
0.289551 0.184448 -0.714966 0.562971 0.358621 -1.390102
0.208618 0.136230 -0.762207 0.405615 0.264872 -1.481953
0.109131 0.091553 -0.801392 0.212182 0.178005 -1.558139
-0.009399 0.071777 -0.828979 -0.018275 0.139556 -1.611778
-0.142822 0.045044 -0.845947 -0.277688 0.087579 -1.644768
-0.291260 -0.020874 -0.841675 -0.566294 -0.040585 -1.636461
-0.455688 -0.119629 -0.799438 -0.885991 -0.232593 -1.554342
-0.640381 -0.232178 -0.718018 -1.245087 -0.451421 -1.396036
-0.835693 -0.328247 -0.603271 -1.624832 -0.638208 -1.172936
-1.029053 -0.416504 -0.485596 -2.000779 -0.809805 -0.944140
-1.212646 -0.507568 -0.373413 -2.357738 -0.986861 -0.726024
-1.400146 -0.571411 -0.266479 -2.722293 -1.110990 -0.518114
-1.571411 -0.584351 -0.166992 -3.055281 -1.136148 -0.324682
-1.714844 -0.596313 -0.066772 -3.334156 -1.159407 -0.129825
-1.810303 -0.643433 0.024902 -3.519756 -1.251021 0.048417
-1.835693 -0.708252 0.104126 -3.569123 -1.377048 0.202451
-1.810181 -0.786621 0.192139 -3.519519 -1.529421 0.373574
-1.752319 -0.826172 0.284668 -3.407020 -1.606319 0.553478
-1.679565 -0.812134 0.368774 -3.265565 -1.579025 0.717005
-1.603149 -0.755371 0.438965 -3.116990 -1.468662 0.853476
-1.495850 -0.660156 0.486938 -2.908368 -1.283536 0.946750
-1.323853 -0.513428 0.505737 -2.573955 -0.998253 0.983301
-1.083496 -0.320801 0.489380 -2.106632 -0.623730 0.951497
-0.772217 -0.128418 0.425171 -1.501415 -0.249682 0.826656
-0.438965 0.004028 0.330811 -0.853476 0.007832 0.643192
-0.155518 0.077881 0.232300 -0.302372 0.151423 0.451659
0.034790 0.099487 0.139282 0.067642 0.193432 0.270805
0.129395 0.088867 0.059448 0.251581 0.172784 0.115585
0.154663 0.094604 0.012329 0.300710 0.183939 0.023971
0.140137 0.097900 0.010742 0.272467 0.190347 0.020886
0.100342 0.138184 0.029785 0.195094 0.268669 0.057911
0.082642 0.181763 0.030029 0.160679 0.353400 0.058386
0.088135 0.191040 0.001709 0.171360 0.371438 0.003323
0.107422 0.187378 -0.040039 0.208859 0.364317 -0.077848
0.125488 0.165771 -0.079346 0.243986 0.322308 -0.154271
0.137573 0.129395 -0.103882 0.267482 0.251581 -0.201977
0.143188 0.100220 -0.126465 0.278400 0.194856 -0.245885
0.135376 0.071411 -0.150635 0.263210 0.138844 -0.292878
0.113281 0.041626 -0.162964 0.220252 0.080933 -0.316849
0.081421 0.016846 -0.165649 0.158306 0.032753 -0.322071
0.047974 -0.009644 -0.154419 0.093275 -0.018750 -0.300235
0.023804 -0.027466 -0.128540 0.046281 -0.053402 -0.249919
0.014771 -0.030151 -0.092651 0.028718 -0.058623 -0.180141
0.021362 -0.024658 -0.053711 0.041535 -0.047943 -0.104430
0.039551 -0.015259 -0.020508 0.076898 -0.029668 -0.039873
0.059937 -0.004761 -0.000366 0.116534 -0.009256 -0.000712
0.070801 0.000854 0.004272 0.137657 0.001661 0.008307
0.074341 0.002197 0.001465 0.144540 0.004272 0.002848
0.070190 0.001953 -0.000244 0.136471 0.003797 -0.000475
0.054932 -0.008545 0.000977 0.106803 -0.016614 0.001899
0.032349 -0.034302 0.002930 0.062895 -0.066693 0.005696
0.012451 -0.060791 0.003784 0.024209 -0.118195 0.007358
0.005371 -0.075928 0.003296 0.010443 -0.147626 0.006408
0.009277 -0.072388 0.005249 0.018038 -0.140743 0.010206
0.015137 -0.052856 0.011230 0.029430 -0.102768 0.021835
0.016357 -0.034424 0.023926 0.031804 -0.066930 0.046519
0.008423 -0.032593 0.038208 0.016376 -0.063370 0.074288
-0.005249 -0.044312 0.047607 -0.010206 -0.086155 0.092563
-0.021362 -0.054932 0.047363 -0.041535 -0.106803 0.092088
-0.033691 -0.059448 0.039673 -0.065506 -0.115585 0.077136
-0.039673 -0.046875 0.029785 -0.077136 -0.091139 0.057911
-0.044312 -0.029297 0.022217 -0.086155 -0.056962 0.043196
-0.050903 -0.015137 0.015503 -0.098971 -0.029430 0.030142
-0.059814 -0.002808 0.010986 -0.116297 -0.005459 0.021361
-0.071411 0.004395 0.009766 -0.138844 0.008544 0.018987
-0.079834 0.005127 0.013550 -0.155221 0.009968 0.026345
-0.082520 0.006470 0.018188 -0.160442 0.012579 0.035364
-0.080200 0.008423 0.016357 -0.155933 0.016376 0.031804
-0.072876 0.009888 0.012329 -0.141692 0.019225 0.023971
-0.061035 0.011353 0.010010 -0.118670 0.022073 0.019462
-0.053223 0.012329 0.005981 -0.103480 0.023971 0.011630
-0.056396 0.013062 -0.000366 -0.109651 0.025395 -0.000712
-0.068726 0.018921 -0.008545 -0.133623 0.036788 -0.016614
-0.083374 0.023682 -0.016479 -0.162103 0.046044 -0.032041
-0.094727 0.024292 -0.021362 -0.184176 0.047231 -0.041535
-0.097900 0.016113 -0.022095 -0.190347 0.031329 -0.042959
-0.096924 -0.000977 -0.019897 -0.188448 -0.001899 -0.038686
-0.096191 -0.016479 -0.021362 -0.187024 -0.032041 -0.041535
-0.100342 -0.022461 -0.024048 -0.195094 -0.043671 -0.046756
-0.105469 -0.017212 -0.024292 -0.205062 -0.033465 -0.047231
-0.106323 -0.016235 -0.018188 -0.206723 -0.031566 -0.035364
-0.101563 -0.026123 -0.009155 -0.197467 -0.050791 -0.017801
-0.097778 -0.037476 -0.000977 -0.190110 -0.072863 -0.001899
-0.094849 -0.044312 0.003174 -0.184413 -0.086155 0.006171
-0.093994 -0.045654 0.002808 -0.182752 -0.088765 0.005459
-0.094727 -0.044556 -0.000610 -0.184176 -0.086629 -0.001187
