0.062622 0.400269 -0.512573 0.121756 0.778239 -0.996592
0.000122 0.402954 -0.480103 0.000237 0.783460 -0.933459
-0.078003 0.370728 -0.429688 -0.151660 0.720802 -0.835438
-0.143433 0.352417 -0.364746 -0.278875 0.685201 -0.709173
-0.206177 0.314819 -0.294556 -0.400868 0.612101 -0.572702
-0.264404 0.276611 -0.236328 -0.514079 0.537813 -0.459491
-0.327759 0.245117 -0.197144 -0.637259 0.476579 -0.383305
-0.406006 0.242310 -0.181152 -0.789394 0.471120 -0.352213
-0.483887 0.259155 -0.194092 -0.940817 0.503873 -0.377371
-0.564453 0.266235 -0.220825 -1.097461 0.517639 -0.429349
-0.651245 0.248657 -0.246338 -1.266210 0.483462 -0.478953
-0.751953 0.202515 -0.258423 -1.462016 0.393748 -0.502449
-0.865479 0.131836 -0.245483 -1.682743 0.256328 -0.477291
-0.974487 0.049438 -0.201782 -1.894688 0.096123 -0.392323
-1.068481 -0.024414 -0.138184 -2.077440 -0.047468 -0.268669
-1.152100 -0.082031 -0.063599 -2.240018 -0.159493 -0.123654
-1.245728 -0.124878 0.018555 -2.422058 -0.242799 0.036076
-1.416992 -0.166626 0.099609 -2.755046 -0.323969 0.193670
-1.581543 -0.163208 0.199463 -3.074981 -0.317324 0.387814
-1.670288 -0.235596 0.279785 -3.247527 -0.458067 0.543984
-1.775635 -0.414307 0.365479 -3.452352 -0.805533 0.710597
-1.910278 -0.600830 0.473145 -3.714138 -1.168189 0.919931
-2.007935 -0.765381 0.582520 -3.904010 -1.488124 1.132588
-2.063965 -0.916504 0.678589 -4.012949 -1.781951 1.319375
-2.038208 -1.009155 0.756714 -3.962871 -1.962092 1.471272
-1.878540 -1.026611 0.797852 -3.652430 -1.996032 1.551256
-1.645874 -0.957031 0.829468 -3.200059 -1.860748 1.612727
-1.401611 -0.808105 0.855957 -2.725141 -1.571193 1.664230
-1.201904 -0.675537 0.849731 -2.336853 -1.313441 1.652126
-1.070068 -0.595947 0.796509 -2.080525 -1.158695 1.548645
-1.054688 -0.593506 0.749512 -2.050620 -1.153948 1.457269
-1.250488 -0.605225 0.719727 -2.431314 -1.176733 1.399358
-1.387573 -0.516479 0.664551 -2.697847 -1.004187 1.292081
-1.378784 -0.440063 0.607056 -2.680758 -0.855612 1.180293
-1.261597 -0.430054 0.591675 -2.452912 -0.836150 1.150388
-1.095581 -0.451294 0.617554 -2.130129 -0.877447 1.200704
-0.906982 -0.472168 0.653320 -1.763438 -0.918032 1.270245
-0.684204 -0.480835 0.660156 -1.330292 -0.934883 1.283536
-0.427368 -0.470825 0.617798 -0.830928 -0.915421 1.201179
-0.126343 -0.398071 0.517944 -0.245647 -0.773967 1.007035
0.170166 -0.270020 0.386841 0.330852 -0.524997 0.752131
0.426880 -0.071777 0.245117 0.829979 -0.139556 0.476579
0.644897 0.124756 0.088013 1.253869 0.242562 0.171122
0.808105 0.274658 -0.066650 1.571193 0.534016 -0.129588
0.930054 0.377441 -0.210205 1.808296 0.733856 -0.408700
1.017578 0.420776 -0.339966 1.978469 0.818112 -0.660993
1.063477 0.424438 -0.450073 2.067708 0.825232 -0.875074
1.072998 0.399536 -0.523804 2.086221 0.776815 -1.018427
1.036011 0.370483 -0.574341 2.014307 0.720328 -1.116686
1.017944 0.374023 -0.632324 1.979181 0.727211 -1.229423
1.033203 0.383667 -0.706177 2.008848 0.745961 -1.373013
1.060303 0.389893 -0.775391 2.061538 0.758065 -1.507586
1.078735 0.404053 -0.833130 2.097376 0.785596 -1.619847
1.090820 0.422974 -0.881348 2.120873 0.822384 -1.713597
1.095947 0.450073 -0.931885 2.130841 0.875074 -1.811856
1.112183 0.488403 -0.986572 2.162407 0.949598 -1.918184
1.123535 0.489502 -1.015747 2.184480 0.951735 -1.974908
1.095581 0.462524 -1.009399 2.130129 0.899282 -1.962567
1.054688 0.445068 -1.012085 2.050620 0.865343 -1.967788
0.994751 0.413086 -0.997314 1.934086 0.803160 -1.939070
0.932861 0.370483 -0.967285 1.813754 0.720328 -1.880684
0.856567 0.318848 -0.930420 1.665417 0.619933 -1.809008
0.782959 0.298584 -0.893921 1.522301 0.580534 -1.738043
0.707642 0.292603 -0.849854 1.375862 0.568905 -1.652363
0.637207 0.299194 -0.808350 1.238916 0.581721 -1.571667
0.565430 0.298584 -0.779053 1.099360 0.580534 -1.514706
0.480713 0.287476 -0.760620 0.934646 0.558936 -1.478867
0.387451 0.281494 -0.761108 0.753318 0.547307 -1.479817
0.281372 0.255493 -0.773682 0.547069 0.496753 -1.504263
0.163086 0.203735 -0.780640 0.317087 0.396121 -1.517791
0.047119 0.138794 -0.770752 0.091613 0.269856 -1.498567
-0.066162 0.079346 -0.752319 -0.128638 0.154271 -1.462728
-0.185791 0.022705 -0.720703 -0.361232 0.044145 -1.401257
-0.324585 -0.034302 -0.689941 -0.631088 -0.066693 -1.341447
-0.480347 -0.101196 -0.652344 -0.933934 -0.196755 -1.268346
-0.637451 -0.176392 -0.595093 -1.239391 -0.342957 -1.157034
-0.792969 -0.255005 -0.516846 -1.541762 -0.495804 -1.004899
-0.944946 -0.333618 -0.425903 -1.837251 -0.648651 -0.828080
-1.086914 -0.410645 -0.325317 -2.113278 -0.798413 -0.632512
-1.223877 -0.531128 -0.222290 -2.379574 -1.032668 -0.432197
-1.368042 -0.688599 -0.123657 -2.659873 -1.338837 -0.240426
-1.529297 -0.819824 -0.020264 -2.973399 -1.593977 -0.039398
-1.721436 -0.940796 0.096069 -3.346973 -1.829182 0.186787
-1.895996 -1.025024 0.197876 -3.686369 -1.992946 0.384729
-1.989990 -1.081177 0.279785 -3.869121 -2.102123 0.543984
-1.971680 -1.085693 0.325928 -3.833520 -2.110904 0.633699
-1.845337 -1.031250 0.343262 -3.587873 -2.005051 0.667401
-1.606812 -0.899170 0.343140 -3.124110 -1.748249 0.667164
-1.276123 -0.689087 0.334839 -2.481155 -1.339786 0.651024
-0.943115 -0.468750 0.355469 -1.833691 -0.911387 0.691135
-0.660278 -0.278076 0.379517 -1.283774 -0.540661 0.737891
-0.466675 -0.193481 0.392822 -0.907352 -0.376184 0.763761
-0.354858 -0.202881 0.397461 -0.689948 -0.394460 0.772780
-0.306152 -0.227661 0.396362 -0.595249 -0.442640 0.770644
-0.307617 -0.238892 0.397339 -0.598098 -0.464475 0.772543
-0.342163 -0.201294 0.404297 -0.665265 -0.391374 0.786071
-0.393921 -0.125610 0.401611 -0.765897 -0.244223 0.780850
-0.471313 -0.026611 0.401001 -0.916371 -0.051740 0.779663
-0.546143 0.061768 0.371948 -1.061860 0.120094 0.723176
-0.572144 0.100220 0.345459 -1.112414 0.194856 0.671673
-0.546021 0.077637 0.325317 -1.061623 0.150948 0.632512
-0.483276 0.008667 0.309082 -0.939630 0.016851 0.600946
-0.405762 -0.077148 0.279907 -0.788919 -0.149999 0.544221
-0.333740 -0.148315 0.223755 -0.648888 -0.288368 0.435045
-0.280396 -0.187378 0.141724 -0.545171 -0.364317 0.275552
-0.240601 -0.185547 0.054321 -0.467798 -0.360757 0.105616
-0.214722 -0.156494 -0.010376 -0.417482 -0.304270 -0.020174
-0.197632 -0.116211 -0.045410 -0.384254 -0.225948 -0.088291
-0.181152 -0.075195 -0.060303 -0.352213 -0.146202 -0.117246
-0.154907 -0.036621 -0.063354 -0.301185 -0.071202 -0.123180
-0.116211 -0.000610 -0.057861 -0.225948 -0.001187 -0.112499
-0.067993 0.026855 -0.049072 -0.132199 0.052215 -0.095411
-0.018311 0.039551 -0.048218 -0.035601 0.076898 -0.093749
0.026978 0.041626 -0.063477 0.052452 0.080933 -0.123417
0.056030 0.033325 -0.087769 0.108939 0.064794 -0.170648
0.066406 0.019775 -0.108276 0.129113 0.038449 -0.210521
0.069458 0.014282 -0.123047 0.135047 0.027769 -0.239239
0.076538 0.015015 -0.129517 0.148812 0.029193 -0.251818
0.083252 0.013184 -0.128906 0.161866 0.025633 -0.250631
0.077271 0.019775 -0.122559 0.150236 0.038449 -0.238290
0.057251 0.033569 -0.110474 0.111313 0.065269 -0.214793
0.035400 0.038940 -0.094482 0.068829 0.075712 -0.183701
0.012207 0.024414 -0.071777 0.023734 0.047468 -0.139556
-0.010498 0.010864 -0.052368 -0.020411 0.021123 -0.101819
-0.030273 -0.000366 -0.038452 -0.058860 -0.000712 -0.074762
-0.045898 -0.013428 -0.027100 -0.089240 -0.026107 -0.052690
-0.052246 -0.028931 -0.025391 -0.101582 -0.056250 -0.049367
-0.060547 -0.036499 -0.020874 -0.117721 -0.070965 -0.040585
-0.065552 -0.029663 -0.017334 -0.127452 -0.057674 -0.033702
-0.065674 -0.031006 -0.017334 -0.127689 -0.060284 -0.033702
-0.068970 -0.046509 -0.010498 -0.134097 -0.090427 -0.020411
-0.083984 -0.056763 0.001221 -0.163290 -0.110363 0.002373
-0.107910 -0.044800 0.009155 -0.209809 -0.087104 0.017801
-0.126709 -0.028076 0.009155 -0.246359 -0.054588 0.017801
-0.132568 -0.024170 0.010376 -0.257752 -0.046993 0.020174
-0.129761 -0.022827 0.017212 -0.252293 -0.044383 0.033465
-0.123535 -0.015991 0.022949 -0.240188 -0.031092 0.044620
-0.117554 -0.012085 0.022827 -0.228559 -0.023497 0.044383
-0.115112 -0.013306 0.017578 -0.223812 -0.025870 0.034177
-0.114624 -0.021729 0.012573 -0.222863 -0.042247 0.024446
-0.113403 -0.027466 0.008057 -0.220489 -0.053402 0.015664
-0.109009 -0.027222 0.001099 -0.211945 -0.052927 0.002136
-0.101929 -0.026611 -0.008179 -0.198179 -0.051740 -0.015902
-0.096191 -0.027588 -0.012817 -0.187024 -0.053639 -0.024921
-0.095215 -0.024048 -0.012451 -0.185125 -0.046756 -0.024209
-0.097656 -0.018921 -0.011719 -0.189872 -0.036788 -0.022785
-0.097046 -0.017212 -0.012695 -0.188686 -0.033465 -0.024683
-0.097412 -0.010010 -0.014160 -0.189398 -0.019462 -0.027531
-0.103027 0.006470 -0.012695 -0.200315 0.012579 -0.024683
-0.106812 0.013794 -0.008545 -0.207673 0.026819 -0.016614
