0.011719 0.107910 -0.148193 0.022785 0.209809 -0.288131
-0.031250 0.142578 -0.134644 -0.060759 0.277213 -0.261786
-0.055786 0.192993 -0.095581 -0.108465 0.375235 -0.185837
-0.056763 0.231934 -0.042358 -0.110363 0.450947 -0.082357
-0.056396 0.267944 0.017700 -0.109651 0.520962 0.034414
-0.062622 0.289185 0.077759 -0.121756 0.562259 0.151186
-0.080200 0.302124 0.134277 -0.155933 0.587417 0.261074
-0.108398 0.292114 0.184937 -0.210758 0.567955 0.359571
-0.141968 0.272461 0.222412 -0.276027 0.529743 0.432434
-0.179199 0.247437 0.240112 -0.348416 0.481089 0.466848
-0.219849 0.216431 0.246460 -0.427450 0.420804 0.479190
-0.255859 0.210205 0.242554 -0.497465 0.408700 0.471595
-0.292847 0.220947 0.214355 -0.569379 0.429586 0.416770
-0.350586 0.233276 0.159790 -0.681641 0.453557 0.310678
-0.466553 0.224609 0.091553 -0.907115 0.436706 0.178005
-0.599854 0.212036 0.045532 -1.166290 0.412260 0.088528
-0.714722 0.151489 0.012573 -1.389627 0.294539 0.024446
-0.820923 0.032104 -0.001343 -1.596113 0.062420 -0.002611
-0.924072 -0.121948 0.006592 -1.796666 -0.237103 0.012816
-1.038330 -0.280029 0.032959 -2.018816 -0.544459 0.064082
-1.170410 -0.435913 0.051880 -2.275619 -0.847542 0.100870
-1.337891 -0.582275 0.045654 -2.601249 -1.132113 0.088765
-1.542358 -0.695801 0.009155 -2.998795 -1.352840 0.017801
-1.784546 -0.783813 -0.056641 -3.469678 -1.523962 -0.110126
-2.024048 -0.825684 -0.133911 -3.935339 -1.605370 -0.260362
-2.216309 -0.834351 -0.210083 -4.309150 -1.622221 -0.408463
-2.343872 -0.843384 -0.277222 -4.557171 -1.639784 -0.539000
-2.358521 -0.811157 -0.328369 -4.585652 -1.577126 -0.638445
-2.301147 -0.780396 -0.354980 -4.474102 -1.517316 -0.690186
-2.210693 -0.770264 -0.343994 -4.298233 -1.497617 -0.668825
-2.072266 -0.802002 -0.293091 -4.029088 -1.559326 -0.569854
-1.889160 -0.848145 -0.218628 -3.673078 -1.649040 -0.425076
-1.646240 -0.837036 -0.142090 -3.200771 -1.627442 -0.276264
-1.347412 -0.776489 -0.075562 -2.619762 -1.509722 -0.146914
-0.982544 -0.648193 -0.022949 -1.910352 -1.260277 -0.044620
-0.539673 -0.437744 0.011841 -1.049281 -0.851102 0.023022
-0.070923 -0.205933 0.027954 -0.137895 -0.400393 0.054351
0.328857 -0.050049 0.022339 0.639395 -0.097310 0.043433
0.644653 0.029785 -0.004639 1.253394 0.057911 -0.009019
0.886108 0.056885 -0.043091 1.722853 0.110601 -0.083781
1.065918 0.080200 -0.088501 2.072455 0.155933 -0.172072
1.222534 0.140503 -0.144165 2.376963 0.273179 -0.280299
1.361328 0.251343 -0.215698 2.646819 0.488684 -0.419380
1.475098 0.384644 -0.297607 2.868020 0.747859 -0.578636
1.567139 0.498657 -0.385376 3.046975 0.969535 -0.749283
1.661133 0.591675 -0.474365 3.229727 1.150388 -0.922304
1.761230 0.659058 -0.554932 3.424346 1.281400 -1.078949
1.828491 0.681885 -0.608643 3.555120 1.325783 -1.183379
1.856201 0.689331 -0.631470 3.608996 1.340261 -1.227761
1.854126 0.668213 -0.636719 3.604962 1.299201 -1.237967
1.815918 0.601318 -0.621948 3.530674 1.169138 -1.209249
1.745239 0.518921 -0.599976 3.393254 1.008934 -1.166528
1.637329 0.462402 -0.586426 3.183445 0.899045 -1.140183
1.480347 0.428833 -0.586426 2.878226 0.833776 -1.140183
1.309326 0.437744 -0.594116 2.545712 0.851102 -1.155135
1.161255 0.458374 -0.592651 2.257818 0.891213 -1.152287
1.007446 0.459717 -0.581909 1.958769 0.893824 -1.131401
0.846436 0.468384 -0.561890 1.645718 0.910675 -1.092477
0.660278 0.460693 -0.527100 1.283774 0.895722 -1.024835
0.457031 0.449097 -0.489624 0.888602 0.873175 -0.951972
0.268188 0.450684 -0.448486 0.521437 0.876260 -0.871988
0.115723 0.435547 -0.411133 0.224999 0.846830 -0.799362
-0.000732 0.396606 -0.382813 -0.001424 0.771119 -0.744299
-0.099243 0.339111 -0.359985 -0.192958 0.659331 -0.699916
-0.196167 0.265015 -0.340332 -0.381406 0.515266 -0.661705
-0.301514 0.182861 -0.327515 -0.586231 0.355536 -0.636784
-0.423340 0.093506 -0.313110 -0.823096 0.181803 -0.608778
-0.553589 0.001465 -0.292725 -1.076338 0.002848 -0.569142
-0.684692 -0.095703 -0.264526 -1.331242 -0.186075 -0.514316
-0.811523 -0.186035 -0.232178 -1.577838 -0.361707 -0.451421
-0.939331 -0.271240 -0.201660 -1.826334 -0.527370 -0.392086
-1.114014 -0.371460 -0.173584 -2.165967 -0.722227 -0.337498
-1.395386 -0.474609 -0.135742 -2.713037 -0.922779 -0.263922
-1.667358 -0.514282 -0.092896 -3.241831 -0.999915 -0.180616
-1.880005 -0.599854 -0.079224 -3.655278 -1.166290 -0.154034
-2.059326 -0.706055 -0.066284 -4.003931 -1.372776 -0.128876
-2.214355 -0.807495 -0.026489 -4.305353 -1.570006 -0.051503
-2.309937 -0.878418 0.023071 -4.491190 -1.707901 0.044857
-2.322876 -0.922119 0.055298 -4.516348 -1.792868 0.107515
-2.265137 -0.945068 0.068848 -4.404086 -1.837489 0.133860
-2.171997 -0.919312 0.068848 -4.222996 -1.787410 0.133860
-2.066772 -0.851685 0.043213 -4.018408 -1.655923 0.084018
-1.948730 -0.780640 0.013428 -3.788900 -1.517791 0.026107
-1.795532 -0.717285 0.000610 -3.491038 -1.394611 0.001187
-1.569580 -0.649048 -0.012329 -3.051721 -1.261938 -0.023971
-1.243652 -0.503784 -0.028931 -2.418023 -0.979503 -0.056250
-0.856201 -0.265015 -0.043945 -1.664705 -0.515266 -0.085443
-0.468384 0.009888 -0.058960 -0.910675 0.019225 -0.114635
-0.140381 0.234131 -0.084595 -0.272941 0.455219 -0.164477
0.084106 0.322388 -0.135742 0.163527 0.626816 -0.263922
0.226929 0.321777 -0.209595 0.441216 0.625629 -0.407513
0.355469 0.313232 -0.308960 0.691135 0.609015 -0.600708
0.483521 0.313354 -0.431396 0.940105 0.609253 -0.838761
0.594116 0.350220 -0.550537 1.155135 0.680929 -1.070405
0.689941 0.423584 -0.649048 1.341447 0.823571 -1.261938
0.774902 0.522583 -0.726929 1.506636 1.016054 -1.413361
0.836426 0.636475 -0.759888 1.626256 1.237492 -1.477443
0.875488 0.729736 -0.748535 1.702204 1.418820 -1.455371
0.900024 0.770996 -0.698975 1.749910 1.499041 -1.359010
0.917603 0.770874 -0.637329 1.784087 1.498804 -1.239154
0.922485 0.736694 -0.584351 1.793581 1.432349 -1.136148
0.920044 0.681885 -0.541504 1.788834 1.325783 -1.052842
0.899658 0.624512 -0.502441 1.749198 1.214233 -0.976893
0.848389 0.590820 -0.460815 1.649515 1.148727 -0.895960
0.787598 0.594482 -0.416992 1.531319 1.155847 -0.810754
0.723022 0.616699 -0.374878 1.405766 1.199043 -0.728872
0.664917 0.640259 -0.341309 1.292793 1.244850 -0.663603
0.623169 0.637817 -0.316895 1.211622 1.240103 -0.616135
0.567139 0.592163 -0.289795 1.102683 1.151338 -0.563446
0.502441 0.530396 -0.260986 0.976893 1.031244 -0.507434
0.450928 0.454834 -0.237061 0.876735 0.884330 -0.460915
0.398804 0.349854 -0.212769 0.775391 0.680217 -0.413684
0.338501 0.249146 -0.187012 0.658145 0.484412 -0.363605
0.274170 0.174194 -0.164185 0.533066 0.338685 -0.319223
0.205811 0.129272 -0.138062 0.400156 0.251343 -0.268432
0.126099 0.101318 -0.102661 0.245173 0.196992 -0.199603
0.037720 0.089355 -0.060913 0.073338 0.173733 -0.118433
-0.042236 0.084351 -0.019165 -0.082120 0.164002 -0.037262
-0.100464 0.076050 0.018311 -0.195331 0.147863 0.035601
-0.137695 0.055420 0.049072 -0.267720 0.107752 0.095411
-0.162109 0.019409 0.074585 -0.315188 0.037737 0.145015
-0.180054 -0.024658 0.094482 -0.350077 -0.047943 0.183701
-0.197021 -0.067993 0.110107 -0.383067 -0.132199 0.214081
-0.217529 -0.106079 0.121582 -0.422940 -0.206249 0.236391
-0.240723 -0.140625 0.130127 -0.468035 -0.273416 0.253005
-0.268188 -0.166992 0.130615 -0.521437 -0.324682 0.253954
-0.297852 -0.175293 0.119995 -0.579110 -0.340821 0.233305
-0.327881 -0.173462 0.107422 -0.637496 -0.337261 0.208859
-0.354980 -0.174438 0.098022 -0.690186 -0.339159 0.190584
-0.379028 -0.178467 0.091064 -0.736942 -0.346992 0.177056
-0.407715 -0.182617 0.086792 -0.792717 -0.355061 0.168749
-0.421753 -0.174194 0.076172 -0.820011 -0.338685 0.148100
-0.413330 -0.172607 0.057251 -0.803634 -0.335599 0.111313
-0.398315 -0.169067 0.043945 -0.774441 -0.328716 0.085443
-0.368286 -0.160645 0.031494 -0.716056 -0.312340 0.061234
-0.326416 -0.147827 0.017822 -0.634648 -0.287419 0.034652
-0.279663 -0.123657 0.002930 -0.543747 -0.240426 0.005696
-0.234985 -0.092896 -0.006470 -0.456880 -0.180616 -0.012579
-0.195435 -0.060303 -0.005127 -0.379982 -0.117246 -0.009968
-0.164307 -0.028442 0.004150 -0.319460 -0.055300 0.008070
-0.139404 -0.004517 0.012207 -0.271043 -0.008782 0.023734
-0.117920 0.006958 0.015625 -0.229271 0.013528 0.030380
-0.098267 0.004883 0.018799 -0.191059 0.009494 0.036550
-0.079956 -0.006104 0.019897 -0.155458 -0.011867 0.038686
-0.062744 -0.016724 0.014648 -0.121993 -0.032516 0.028481
-0.047241 -0.023193 -0.001465 -0.091851 -0.045095 -0.002848
-0.037354 -0.026123 -0.023926 -0.072626 -0.050791 -0.046519
-0.032715 -0.026367 -0.041870 -0.063607 -0.051266 -0.081408
-0.031250 -0.020752 -0.051025 -0.060759 -0.040348 -0.099208
-0.033813 -0.017944 -0.053711 -0.065743 -0.034889 -0.104430
