0.144043 0.408813 -0.358276 0.280062 0.794853 -0.696594
0.142700 0.415405 -0.353027 0.277451 0.807669 -0.686388
0.106445 0.396973 -0.342163 0.206961 0.771831 -0.665265
0.045654 0.407837 -0.325928 0.088765 0.792954 -0.633699
-0.038574 0.387573 -0.298950 -0.075000 0.753555 -0.581246
-0.138428 0.390381 -0.278687 -0.269144 0.759014 -0.541848
-0.263306 0.390137 -0.272827 -0.511943 0.758540 -0.530456
-0.422363 0.388672 -0.270996 -0.821197 0.755691 -0.526895
-0.577026 0.393188 -0.257324 -1.121907 0.764473 -0.500313
-0.713135 0.374512 -0.232544 -1.386542 0.728160 -0.452133
-0.834717 0.322144 -0.190796 -1.622933 0.626341 -0.370963
-0.946655 0.231323 -0.135498 -1.840574 0.449760 -0.263448
-1.062744 0.097656 -0.076294 -2.066284 0.189872 -0.148338
-1.186035 -0.065796 -0.018555 -2.305998 -0.127926 -0.036076
-1.314331 -0.241821 0.034058 -2.555443 -0.470171 0.066218
-1.453003 -0.427734 0.070435 -2.825061 -0.831640 0.136945
-1.603027 -0.613159 0.092163 -3.116753 -1.192160 0.179192
-1.742798 -0.755493 0.094482 -3.388507 -1.468899 0.183701
-1.901001 -0.859741 0.065063 -3.696100 -1.671588 0.126502
-2.092407 -0.911743 0.004028 -4.068250 -1.772695 0.007832
-2.238281 -0.877563 -0.058594 -4.351871 -1.706239 -0.113923
-2.311035 -0.778687 -0.129028 -4.493326 -1.513994 -0.250869
-2.321655 -0.686157 -0.237183 -4.513975 -1.334090 -0.461152
-2.326538 -0.625610 -0.337280 -4.523468 -1.216369 -0.655771
-2.293091 -0.598999 -0.401855 -4.458437 -1.164629 -0.781324
-2.207520 -0.608643 -0.432251 -4.292062 -1.183379 -0.840422
-2.067261 -0.627563 -0.448120 -4.019358 -1.220166 -0.871276
-1.859741 -0.593628 -0.461426 -3.615879 -1.154186 -0.897146
-1.603149 -0.468750 -0.470337 -3.116990 -0.911387 -0.914472
-1.329224 -0.300049 -0.477051 -2.584398 -0.583382 -0.927526
-1.052124 -0.141846 -0.479614 -2.045636 -0.275789 -0.932510
-0.778564 -0.019531 -0.467285 -1.513756 -0.037974 -0.908539
-0.501709 0.084961 -0.426147 -0.975469 0.165189 -0.828555
-0.229004 0.155151 -0.368896 -0.445250 0.301659 -0.717242
0.034424 0.184814 -0.319458 0.066930 0.359333 -0.621119
0.273438 0.178955 -0.290527 0.531642 0.347941 -0.564870
0.480103 0.161133 -0.287964 0.933459 0.313289 -0.559886
0.673462 0.145630 -0.307251 1.309406 0.283147 -0.597386
0.874023 0.136719 -0.344238 1.699356 0.265821 -0.669300
1.071167 0.157227 -0.392212 2.082661 0.305694 -0.762574
1.241943 0.243408 -0.434448 2.414700 0.473257 -0.844694
1.369019 0.387451 -0.459229 2.661771 0.753318 -0.892874
1.453003 0.540894 -0.464233 2.825061 1.051655 -0.902605
1.502319 0.647827 -0.441528 2.920947 1.259565 -0.858460
1.532227 0.685669 -0.394897 2.979095 1.333140 -0.767796
1.551392 0.659180 -0.330933 3.016358 1.281638 -0.643430
1.558472 0.592896 -0.259888 3.030123 1.152762 -0.505297
1.552734 0.508301 -0.198608 3.018968 0.988285 -0.386153
1.536377 0.421021 -0.153076 2.987165 0.818587 -0.297625
1.530151 0.344238 -0.126221 2.975060 0.669300 -0.245410
1.518677 0.279053 -0.113647 2.952750 0.542560 -0.220964
1.491455 0.273560 -0.104370 2.899824 0.531880 -0.202926
1.419922 0.307983 -0.094849 2.760742 0.598810 -0.184413
1.310669 0.321777 -0.090576 2.548323 0.625629 -0.176106
1.189331 0.285889 -0.091797 2.312406 0.555851 -0.178480
1.074097 0.243286 -0.094238 2.088357 0.473019 -0.183227
0.969116 0.223022 -0.092896 1.884245 0.433621 -0.180616
0.856201 0.201050 -0.092651 1.664705 0.390899 -0.180141
0.721313 0.171753 -0.095459 1.402444 0.333938 -0.185600
0.573242 0.145508 -0.100464 1.114550 0.282910 -0.195331
0.419067 0.124756 -0.097656 0.814789 0.242562 -0.189872
0.261719 0.103027 -0.087036 0.508858 0.200315 -0.169224
0.106201 0.085205 -0.078125 0.206486 0.165664 -0.151898
-0.041626 0.063965 -0.075195 -0.080933 0.124366 -0.146202
-0.182495 0.028809 -0.077759 -0.354824 0.056012 -0.151186
-0.308350 -0.013184 -0.079834 -0.599522 -0.025633 -0.155221
-0.418701 -0.060669 -0.079102 -0.814077 -0.117958 -0.153797
-0.528931 -0.098145 -0.072144 -1.028395 -0.190822 -0.140268
-0.633667 -0.125977 -0.065796 -1.232033 -0.244935 -0.127926
-0.751587 -0.151733 -0.065186 -1.461304 -0.295014 -0.126740
-0.865723 -0.160034 -0.074463 -1.683217 -0.311153 -0.144778
-0.980957 -0.168579 -0.092529 -1.907266 -0.327767 -0.179904
-1.100830 -0.180786 -0.112915 -2.140335 -0.351501 -0.219540
-1.223999 -0.204102 -0.131714 -2.379811 -0.396833 -0.256090
-1.350708 -0.227905 -0.146851 -2.626170 -0.443114 -0.285520
-1.472046 -0.237183 -0.161865 -2.862087 -0.461152 -0.314713
-1.588501 -0.247314 -0.181641 -3.088509 -0.480851 -0.353162
-1.706177 -0.273071 -0.200806 -3.317305 -0.530930 -0.390425
-1.841309 -0.335815 -0.210083 -3.580041 -0.652923 -0.408463
-1.980591 -0.432983 -0.210327 -3.850846 -0.841846 -0.408937
-2.081055 -0.534912 -0.206787 -4.046177 -1.040025 -0.402054
-2.112305 -0.602295 -0.196289 -4.106936 -1.171037 -0.381643
-2.069946 -0.613281 -0.190796 -4.024579 -1.192398 -0.370963
-1.957397 -0.581421 -0.195923 -3.805752 -1.130452 -0.380931
-1.798828 -0.537964 -0.205444 -3.497447 -1.045959 -0.399444
-1.619263 -0.486328 -0.201050 -3.148319 -0.945564 -0.390899
-1.432007 -0.407593 -0.184326 -2.784239 -0.792479 -0.358384
-1.247559 -0.317383 -0.166016 -2.425618 -0.617085 -0.322783
-1.068481 -0.241821 -0.154785 -2.077440 -0.470171 -0.300947
-0.899414 -0.192627 -0.152222 -1.748723 -0.374523 -0.295963
-0.739014 -0.163696 -0.153809 -1.436858 -0.318273 -0.299049
-0.605713 -0.139893 -0.147217 -1.177683 -0.271992 -0.286232
-0.485474 -0.100342 -0.141846 -0.943902 -0.195094 -0.275789
-0.368774 -0.043457 -0.135132 -0.717005 -0.084493 -0.262736
-0.254395 0.018066 -0.135864 -0.494617 0.035126 -0.264160
-0.147827 0.054321 -0.152710 -0.287419 0.105616 -0.296913
-0.050049 0.055786 -0.183350 -0.097310 0.108465 -0.356485
0.043579 0.039673 -0.215088 0.084730 0.077136 -0.418194
0.138428 0.025757 -0.243164 0.269144 0.050079 -0.472782
0.248413 0.054199 -0.267456 0.482987 0.105379 -0.520013
0.382080 0.151978 -0.289063 0.742875 0.295489 -0.562022
0.520752 0.279907 -0.307007 1.012494 0.544221 -0.596911
0.645996 0.391602 -0.308105 1.256005 0.761388 -0.599047
0.759155 0.463867 -0.299316 1.476019 0.901893 -0.581958
0.851929 0.474487 -0.289307 1.656398 0.922542 -0.562496
0.925415 0.451050 -0.282104 1.799277 0.876972 -0.548493
0.997681 0.437622 -0.273682 1.939782 0.850865 -0.532117
1.063599 0.430176 -0.263672 2.067946 0.836387 -0.512655
1.124512 0.427734 -0.254517 2.186379 0.831640 -0.494854
1.181885 0.435669 -0.239868 2.297929 0.847067 -0.466374
1.221069 0.442505 -0.217529 2.374115 0.860359 -0.422940
1.217773 0.439941 -0.185303 2.367707 0.855374 -0.360283
1.182983 0.422852 -0.150879 2.300065 0.822147 -0.293353
1.118286 0.372192 -0.115112 2.174274 0.723651 -0.223812
1.045898 0.311401 -0.090454 2.033532 0.605455 -0.175869
0.991577 0.280396 -0.087524 1.927915 0.545171 -0.170173
0.969482 0.298950 -0.103271 1.884957 0.581246 -0.200790
0.937378 0.315674 -0.120605 1.822536 0.613762 -0.234492
0.869629 0.304443 -0.130371 1.690812 0.591927 -0.253479
0.792725 0.273926 -0.125854 1.541288 0.532592 -0.244698
0.713623 0.227417 -0.108276 1.387491 0.442165 -0.210521
0.630005 0.168335 -0.086182 1.224913 0.327292 -0.167562
0.554688 0.113037 -0.064209 1.078474 0.219777 -0.124841
0.471069 0.032593 -0.046509 0.915896 0.063370 -0.090427
0.373047 -0.038086 -0.036377 0.725312 -0.074050 -0.070727
0.265625 -0.079346 -0.020508 0.516452 -0.154271 -0.039873
0.161865 -0.085815 -0.000610 0.314713 -0.166850 -0.001187
0.081421 -0.078857 0.017700 0.158306 -0.153322 0.034414
0.032104 -0.072021 0.030396 0.062420 -0.140031 0.059098
0.003906 -0.069946 0.038452 0.007595 -0.135996 0.074762
-0.013428 -0.079712 0.039795 -0.026107 -0.154983 0.077373
-0.026489 -0.096436 0.035522 -0.051503 -0.187499 0.069066
-0.037964 -0.108398 0.026489 -0.073813 -0.210758 0.051503
-0.046631 -0.106445 0.016968 -0.090664 -0.206961 0.032990
-0.062622 -0.091919 0.010254 -0.121756 -0.178717 0.019937
-0.086304 -0.070068 0.016602 -0.167800 -0.136233 0.032278
-0.108032 -0.053223 0.029419 -0.210046 -0.103480 0.057199
-0.122070 -0.048096 0.037354 -0.237340 -0.093512 0.072626
-0.135498 -0.052368 0.040039 -0.263448 -0.101819 0.077848
-0.161865 -0.062988 0.042480 -0.314713 -0.122468 0.082594
-0.194092 -0.073120 0.044678 -0.377371 -0.142167 0.086867
-0.212646 -0.082031 0.039429 -0.413447 -0.159493 0.076661
-0.214844 -0.090576 0.026611 -0.417719 -0.176106 0.051740
-0.210327 -0.090454 0.014526 -0.408937 -0.175869 0.028243
-0.202515 -0.075073 0.003906 -0.393748 -0.145964 0.007595
-0.192871 -0.051392 -0.006714 -0.374998 -0.099920 -0.013054
-0.185059 -0.029053 -0.013672 -0.359808 -0.056487 -0.026582
-0.181641 -0.011597 -0.017090 -0.353162 -0.022547 -0.033228
-0.178711 -0.004028 -0.024658 -0.347466 -0.007832 -0.047943
-0.176025 -0.008667 -0.036743 -0.342245 -0.016851 -0.071439
