0.415771 0.051636 -0.015625 0.808381 0.100395 -0.030380
0.454590 -0.038330 0.010254 0.883855 -0.074525 0.019937
0.534546 -0.136475 0.029175 1.039313 -0.265346 0.056724
0.614136 -0.221436 0.053223 1.194059 -0.430535 0.103480
0.689209 -0.286011 0.069458 1.340023 -0.556088 0.135047
0.775513 -0.381348 0.046997 1.507823 -0.741451 0.091376
0.876953 -0.481934 -0.010620 1.705053 -0.937019 -0.020649
1.022827 -0.570679 -0.082397 1.988674 -1.109566 -0.160205
1.212646 -0.618164 -0.149048 2.357738 -1.201891 -0.289792
1.370239 -0.561401 -0.191040 2.664145 -1.091528 -0.371438
1.455811 -0.374023 -0.214233 2.830520 -0.727211 -0.416532
1.482910 -0.124878 -0.230469 2.883210 -0.242799 -0.448098
1.495972 0.127930 -0.258911 2.908605 0.248733 -0.503399
1.477417 0.234253 -0.224487 2.872530 0.455456 -0.436469
1.444702 0.268555 -0.173096 2.808922 0.522149 -0.336549
1.477051 0.272949 -0.183716 2.871817 0.530693 -0.357197
1.572021 0.185303 -0.242798 3.056468 0.360283 -0.472070
1.675781 0.022339 -0.316772 3.258207 0.043433 -0.615898
1.750122 -0.103516 -0.416382 3.402748 -0.201265 -0.809568
1.783936 -0.120239 -0.551270 3.468491 -0.233780 -1.071829
1.760132 -0.044189 -0.689819 3.422210 -0.085917 -1.341210
1.646729 0.085327 -0.779297 3.201720 0.165901 -1.515180
1.475220 0.247681 -0.824463 2.868257 0.481563 -1.602996
1.285767 0.391724 -0.831055 2.499905 0.761625 -1.615813
1.093994 0.465088 -0.802124 2.127044 0.904266 -1.559563
0.920898 0.445557 -0.763062 1.790495 0.866292 -1.483614
0.787109 0.343140 -0.741333 1.530370 0.667164 -1.441368
0.691895 0.188354 -0.737427 1.345245 0.366216 -1.433773
0.615479 0.028198 -0.746094 1.196670 0.054826 -1.450624
0.537964 -0.087891 -0.762451 1.045959 -0.170885 -1.482427
0.439209 -0.141602 -0.776978 0.853950 -0.275315 -1.510671
0.317139 -0.161865 -0.806885 0.616610 -0.314713 -1.568819
0.173584 -0.130859 -0.829468 0.337498 -0.254429 -1.612727
0.017700 -0.062256 -0.829956 0.034414 -0.121044 -1.613677
-0.141846 0.018311 -0.827026 -0.275789 0.035601 -1.607980
-0.297363 0.072144 -0.816895 -0.578161 0.140268 -1.588281
-0.440918 0.083252 -0.792236 -0.857273 0.161866 -1.540338
-0.567993 0.040161 -0.757813 -1.104344 0.078085 -1.473408
-0.681885 -0.051392 -0.728271 -1.325783 -0.099920 -1.415972
-0.795776 -0.164063 -0.709351 -1.547221 -0.318985 -1.379184
-0.921509 -0.271240 -0.704468 -1.791682 -0.527370 -1.369691
-1.057739 -0.366943 -0.717529 -2.056554 -0.713445 -1.395086
-1.186890 -0.462524 -0.737427 -2.307660 -0.899282 -1.433773
-1.305664 -0.550415 -0.752197 -2.538592 -1.070167 -1.462491
-1.416260 -0.618530 -0.758179 -2.753622 -1.202603 -1.474120
-1.515503 -0.670654 -0.731445 -2.946580 -1.303948 -1.422143
-1.595581 -0.719604 -0.667114 -3.102275 -1.399121 -1.297065
-1.654175 -0.773193 -0.575439 -3.216198 -1.503313 -1.118822
-1.685547 -0.812256 -0.469360 -3.277195 -1.579262 -0.912573
-1.693359 -0.832520 -0.353882 -3.292384 -1.618661 -0.688049
-1.676880 -0.812622 -0.242065 -3.260344 -1.579974 -0.470646
-1.623535 -0.750366 -0.134644 -3.156626 -1.458931 -0.261786
-1.583862 -0.678223 0.003540 -3.079490 -1.318663 0.006883
-1.543579 -0.547852 0.143555 -3.001168 -1.065183 0.279112
-1.425049 -0.394775 0.260986 -2.770710 -0.767558 0.507434
-1.239380 -0.297974 0.384521 -2.409716 -0.579348 0.747622
-1.050537 -0.249512 0.512573 -2.042551 -0.485124 0.996592
-0.877808 -0.203979 0.617432 -1.706714 -0.396596 1.200467
-0.736694 -0.191528 0.713135 -1.432349 -0.372387 1.386542
-0.618896 -0.213989 0.814941 -1.203315 -0.416058 1.584484
-0.534424 -0.258423 0.919800 -1.039076 -0.502449 1.788359
-0.455566 -0.280151 0.992065 -0.885754 -0.544696 1.928864
-0.345093 -0.287109 1.028809 -0.670961 -0.558224 2.000304
-0.224487 -0.291260 1.057983 -0.436469 -0.566294 2.057028
-0.100830 -0.256836 1.084839 -0.196043 -0.499364 2.109243
0.041504 -0.182861 1.099487 0.080696 -0.355536 2.137724
0.189087 -0.099609 1.102295 0.367640 -0.193670 2.143183
0.326050 -0.008911 1.099976 0.633936 -0.017326 2.138673
0.432861 0.074585 1.099976 0.841609 0.145015 2.138673
0.505615 0.161865 1.106201 0.983063 0.314713 2.150778
0.548828 0.244995 1.108643 1.067082 0.476342 2.155524
0.563721 0.314941 1.092651 1.096037 0.612338 2.124433
0.553223 0.346436 1.048828 1.075626 0.673572 2.039228
0.532227 0.335449 0.969360 1.034804 0.652211 1.884719
0.505493 0.281982 0.862183 0.982826 0.548256 1.676334
0.480469 0.199341 0.741211 0.934171 0.387577 1.441130
0.459961 0.112427 0.617920 0.894298 0.218590 1.201416
0.442871 0.048462 0.505005 0.861071 0.094224 0.981877
0.427734 0.015137 0.413086 0.831640 0.029430 0.803160
0.402832 0.000977 0.345459 0.783223 0.001899 0.671673
0.355103 -0.004639 0.298340 0.690423 -0.009019 0.580060
0.281982 0.002686 0.260864 0.548256 0.005221 0.507196
0.189209 0.019775 0.217163 0.367877 0.038449 0.422228
0.082886 0.045654 0.161621 0.161154 0.088765 0.314239
-0.031982 0.075317 0.094604 -0.062183 0.146439 0.183939
-0.153198 0.094727 0.015747 -0.297862 0.184176 0.030617
-0.271484 0.090820 -0.073730 -0.527845 0.176581 -0.143354
-0.382202 0.047974 -0.155396 -0.743112 0.093275 -0.302134
-0.489014 -0.014404 -0.221558 -0.950785 -0.028006 -0.430773
-0.593506 -0.088135 -0.281494 -1.153948 -0.171360 -0.547307
-0.706909 -0.168945 -0.341431 -1.374438 -0.328479 -0.663841
-0.826782 -0.238403 -0.408813 -1.607506 -0.463526 -0.794853
-0.946289 -0.286743 -0.484985 -1.839862 -0.557512 -0.942953
-1.059814 -0.311157 -0.568481 -2.060588 -0.604980 -1.105294
-1.155396 -0.319824 -0.652466 -2.246426 -0.621832 -1.268584
-1.216431 -0.332886 -0.729736 -2.365096 -0.647227 -1.418820
-1.249512 -0.355835 -0.787231 -2.429415 -0.691847 -1.530607
-1.302490 -0.394165 -0.828735 -2.532421 -0.766372 -1.611303
-1.392334 -0.377808 -0.863647 -2.707103 -0.734568 -1.679183
-1.445801 -0.326782 -0.896973 -2.811058 -0.635360 -1.743976
-1.451294 -0.298218 -0.899414 -2.821739 -0.579822 -1.748723
-1.398193 -0.270874 -0.878662 -2.718496 -0.526658 -1.708375
-1.312744 -0.259033 -0.853271 -2.552357 -0.503636 -1.659009
-1.220825 -0.240723 -0.829468 -2.373640 -0.468035 -1.612727
-1.122681 -0.181641 -0.817261 -2.182819 -0.353162 -1.588993
-1.016724 -0.094360 -0.803223 -1.976807 -0.183464 -1.561699
-0.926392 0.009155 -0.777466 -1.801175 0.017801 -1.511620
-0.840698 0.130005 -0.734009 -1.634562 0.252767 -1.427127
-0.740112 0.220337 -0.658569 -1.438994 0.428399 -1.280451
-0.614868 0.262573 -0.571289 -1.195483 0.510519 -1.110753
-0.481079 0.236084 -0.468506 -0.935358 0.459016 -0.910912
-0.359497 0.184937 -0.360474 -0.698967 0.359571 -0.700866
-0.244019 0.123779 -0.266968 -0.474443 0.240663 -0.519063
-0.153320 0.046143 -0.168335 -0.298099 0.089715 -0.327292
-0.085083 -0.002441 -0.076782 -0.165426 -0.004747 -0.149287
-0.025391 -0.026123 -0.022583 -0.049367 -0.050791 -0.043908
0.006348 -0.037842 0.021606 0.012342 -0.073575 0.042009
0.017456 -0.030396 0.053467 0.033940 -0.059098 0.103955
0.010864 -0.024780 0.077271 0.021123 -0.048180 0.150236
0.001831 -0.016113 0.091797 0.003560 -0.031329 0.178480
-0.005005 -0.014893 0.101807 -0.009731 -0.028956 0.197942
-0.006714 -0.008545 0.109985 -0.013054 -0.016614 0.213844
0.004883 -0.000977 0.104370 0.009494 -0.001899 0.202926
0.019897 -0.007202 0.094727 0.038686 -0.014003 0.184176
0.031372 -0.005249 0.086792 0.060996 -0.010206 0.168749
0.028809 -0.010742 0.079712 0.056012 -0.020886 0.154983
0.016602 -0.017578 0.074829 0.032278 -0.034177 0.145490
0.007446 -0.028809 0.068115 0.014478 -0.056012 0.132436
-0.006592 -0.032471 0.075317 -0.012816 -0.063133 0.146439
-0.028564 -0.025879 0.084473 -0.055538 -0.050316 0.164239
-0.055908 -0.021973 0.090088 -0.108702 -0.042721 0.175157
-0.081421 -0.015747 0.094727 -0.158306 -0.030617 0.184176
-0.103516 -0.003784 0.093750 -0.201265 -0.007358 0.182277
-0.122681 0.011963 0.083862 -0.238527 0.023259 0.163053
-0.132324 0.030273 0.067505 -0.257277 0.058860 0.131249
-0.130005 0.047119 0.054077 -0.252767 0.091613 0.105142
-0.121338 0.045288 0.045410 -0.235916 0.088053 0.088291
-0.108643 0.026855 0.046387 -0.211233 0.052215 0.090189
-0.099121 -0.006714 0.053833 -0.192720 -0.013054 0.104667
-0.104126 -0.033447 0.062744 -0.202451 -0.065031 0.121993
-0.120850 -0.043945 0.072388 -0.234967 -0.085443 0.140743
-0.128784 -0.034424 0.078857 -0.250394 -0.066930 0.153322
-0.122803 -0.014038 0.079712 -0.238764 -0.027294 0.154983
-0.114136 0.011353 0.078979 -0.221913 0.022073 0.153559
-0.111572 0.034302 0.077515 -0.216929 0.066693 0.150711
-0.106567 0.044067 0.077881 -0.207198 0.085680 0.151423
-0.099854 0.044800 0.076782 -0.194144 0.087104 0.149287
-0.096558 0.040649 0.069580 -0.187736 0.079034 0.135284
-0.098511 0.030029 0.058472 -0.191534 0.058386 0.113686
-0.098267 0.018799 0.047974 -0.191059 0.036550 0.093275
