-0.333740 0.324463 -0.397339 -0.648888 0.630850 -0.772543
-0.426392 0.305542 -0.428711 -0.829030 0.594063 -0.833539
-0.526001 0.345093 -0.431519 -1.022699 0.670961 -0.838998
-0.623291 0.359131 -0.416260 -1.211859 0.698255 -0.809330
-0.736938 0.295044 -0.371216 -1.432823 0.573651 -0.721752
-0.870728 0.165649 -0.291870 -1.692948 0.322071 -0.567481
-1.014648 0.070190 -0.180176 -1.972772 0.136471 -0.350314
-1.166748 -0.064209 -0.028809 -2.268498 -0.124841 -0.056012
-1.337158 -0.265503 0.096802 -2.599825 -0.516215 0.188211
-1.518921 -0.473877 0.200317 -2.953225 -0.921355 0.389475
-1.714600 -0.642212 0.301392 -3.333682 -1.248647 0.585993
-1.934326 -0.775757 0.413086 -3.760894 -1.508298 0.803160
-2.178955 -0.884521 0.556519 -4.236524 -1.719768 1.082034
-2.482422 -0.975098 0.736328 -4.826552 -1.895874 1.431637
-2.823242 -0.976563 0.934692 -5.489206 -1.898722 1.817315
-3.099609 -0.905640 1.088745 -6.026545 -1.760828 2.116838
-3.235229 -0.841919 1.158203 -6.290230 -1.636936 2.251885
-3.198853 -0.736450 1.098267 -6.219502 -1.431874 2.135350
-2.938110 -0.722778 0.875244 -5.712543 -1.405292 1.701730
-2.529419 -0.476685 0.636475 -4.917928 -0.926814 1.237492
-2.065186 -0.209839 0.426636 -4.015323 -0.407988 0.829504
-1.558716 -0.023315 0.215088 -3.030598 -0.045332 0.418194
-1.020264 0.053955 0.023926 -1.983690 0.104904 0.046519
-0.514282 0.059814 -0.142822 -0.999915 0.116297 -0.277688
-0.086426 0.039795 -0.265991 -0.168037 0.077373 -0.517164
0.237305 0.036011 -0.349976 0.461390 0.070015 -0.680455
0.479492 0.042480 -0.408447 0.932273 0.082594 -0.794141
0.701172 0.073242 -0.470581 1.363283 0.142404 -0.914947
0.913208 0.135376 -0.555542 1.775543 0.263210 -1.080136
1.082642 0.242188 -0.666870 2.104971 0.470883 -1.296590
1.190796 0.355591 -0.796021 2.315254 0.691372 -1.547696
1.261719 0.416504 -0.919312 2.453149 0.809805 -1.787410
1.323853 0.439941 -1.012817 2.573955 0.855374 -1.969212
1.392334 0.445801 -1.083618 2.707103 0.866767 -2.106870
1.496338 0.455566 -1.156372 2.909317 0.885754 -2.248325
1.646973 0.444214 -1.215210 3.202195 0.863681 -2.362723
1.782959 0.415527 -1.240479 3.466592 0.807906 -2.411852
1.861938 0.409790 -1.234619 3.620151 0.796751 -2.400460
1.867065 0.450439 -1.205688 3.630120 0.875786 -2.344210
1.813965 0.516113 -1.150513 3.526877 1.003475 -2.236932
1.719482 0.590210 -1.081787 3.343175 1.147540 -2.103310
1.610107 0.663452 -1.006592 3.130518 1.289944 -1.957108
1.503540 0.672485 -0.934326 2.923320 1.307508 -1.816603
1.420532 0.660645 -0.883789 2.761929 1.284486 -1.718344
1.347656 0.598389 -0.831665 2.620237 1.163442 -1.616999
1.284058 0.504150 -0.782227 2.496583 0.980215 -1.520877
1.212891 0.404297 -0.738647 2.358213 0.786071 -1.436146
1.130371 0.328247 -0.692993 2.197771 0.638208 -1.347381
1.030884 0.279053 -0.655396 2.004339 0.542560 -1.274280
0.915039 0.247437 -0.631226 1.779103 0.481089 -1.227287
0.772827 0.219482 -0.616821 1.502601 0.426738 -1.199281
0.596802 0.204590 -0.597534 1.160357 0.397782 -1.161781
0.390747 0.203735 -0.562622 0.759726 0.396121 -1.093901
0.157104 0.203979 -0.499512 0.305457 0.396596 -0.971196
-0.094971 0.197021 -0.400513 -0.184651 0.383067 -0.778713
-0.345825 0.150024 -0.275391 -0.672385 0.291691 -0.535440
-0.572266 0.060181 -0.138184 -1.112651 0.117009 -0.268669
-0.770996 -0.034546 0.002563 -1.499041 -0.067167 0.004984
-0.946777 -0.126221 0.135010 -1.840811 -0.245410 0.262498
-1.117676 -0.206299 0.245117 -2.173088 -0.401105 0.476579
-1.281250 -0.285645 0.338867 -2.491124 -0.555376 0.658857
-1.427979 -0.372925 0.425049 -2.776407 -0.725075 0.826419
-1.558960 -0.465454 0.495728 -3.031073 -0.904979 0.963839
-1.698364 -0.573608 0.538818 -3.302115 -1.115262 1.047620
-1.853027 -0.668823 0.576660 -3.602826 -1.300387 1.121196
-2.015991 -0.719116 0.611084 -3.919675 -1.398172 1.188125
-2.171509 -0.726807 0.653076 -4.222046 -1.413124 1.269771
-2.289307 -0.720581 0.677246 -4.451080 -1.401020 1.316764
-2.348145 -0.729492 0.654785 -4.565478 -1.418346 1.273093
-2.339722 -0.729980 0.580200 -4.549101 -1.419295 1.128078
-2.283813 -0.685791 0.452759 -4.440399 -1.333378 0.880295
-2.177612 -0.615601 0.312500 -4.233913 -1.196907 0.607591
-2.085693 -0.573853 0.230957 -4.055196 -1.115737 0.449048
-2.030029 -0.502319 0.191650 -3.946969 -0.976655 0.372624
-2.006470 -0.435425 0.143433 -3.901162 -0.846593 0.278875
-1.951782 -0.342529 0.091553 -3.794834 -0.665977 0.178005
-1.810059 -0.191772 0.063843 -3.519282 -0.372862 0.124129
-1.582031 -0.012695 0.066406 -3.075930 -0.024683 0.129113
-1.304810 0.123779 0.060547 -2.536930 0.240663 0.117721
-1.023926 0.148682 0.008789 -1.990810 0.289080 0.017089
-0.778687 0.072998 -0.079224 -1.513994 0.141929 -0.154034
-0.570313 0.006592 -0.186401 -1.108854 0.012816 -0.362419
-0.421265 0.001099 -0.279541 -0.819061 0.002136 -0.543509
-0.296997 0.055420 -0.390137 -0.577449 0.107752 -0.758540
-0.159424 0.112671 -0.542358 -0.309966 0.219065 -1.054503
0.001465 0.156982 -0.693604 0.002848 0.305220 -1.348567
0.159058 0.201416 -0.762695 0.309254 0.391611 -1.482902
0.340820 0.297363 -0.798828 0.662654 0.578161 -1.553155
0.532593 0.382568 -0.832153 1.035516 0.743824 -1.617949
0.726807 0.449707 -0.842896 1.413124 0.874362 -1.638835
0.918579 0.491577 -0.848877 1.785986 0.955769 -1.650464
1.105591 0.517822 -0.844604 2.149591 1.006797 -1.642157
1.280273 0.551758 -0.856201 2.489225 1.072778 -1.664705
1.432251 0.579712 -0.861694 2.784714 1.127129 -1.675385
1.521729 0.616211 -0.841431 2.958684 1.198094 -1.635987
1.543091 0.623047 -0.834229 3.000219 1.211385 -1.621984
1.525513 0.609619 -0.828491 2.966042 1.185277 -1.610829
1.489014 0.594849 -0.822510 2.895077 1.156559 -1.599199
1.438110 0.588745 -0.807861 2.796106 1.144692 -1.570718
1.378906 0.604248 -0.783936 2.680996 1.174834 -1.524199
1.317749 0.640991 -0.761475 2.562088 1.246274 -1.480529
1.246216 0.697144 -0.755127 2.423007 1.355450 -1.468187
1.159302 0.750488 -0.745117 2.254021 1.459168 -1.448725
1.058228 0.776978 -0.725586 2.057503 1.510671 -1.410751
0.944214 0.776001 -0.689453 1.835827 1.508772 -1.340498
0.828369 0.741577 -0.644653 1.610591 1.441842 -1.253394
0.722656 0.673584 -0.601685 1.405054 1.309644 -1.169850
0.627319 0.574585 -0.538696 1.219692 1.117161 -1.047383
0.533081 0.449219 -0.458130 1.036465 0.873412 -0.890738
0.440918 0.313599 -0.354736 0.857273 0.609727 -0.689711
0.357178 0.174927 -0.251099 0.694458 0.340109 -0.488209
0.285522 0.062500 -0.179321 0.555139 0.121518 -0.348653
0.218384 0.003418 -0.139038 0.424602 0.006646 -0.270331
0.144653 -0.007568 -0.109863 0.281248 -0.014715 -0.213606
0.054932 0.010132 -0.073242 0.106803 0.019699 -0.142404
-0.036255 0.043091 -0.023682 -0.070490 0.083781 -0.046044
-0.108276 0.053345 0.026978 -0.210521 0.103718 0.052452
-0.160278 0.026001 0.067505 -0.311628 0.050553 0.131249
-0.199707 -0.014404 0.096313 -0.388289 -0.028006 0.187261
-0.223145 -0.043335 0.111694 -0.433858 -0.084256 0.217166
-0.216309 -0.058960 0.107788 -0.420567 -0.114635 0.209571
-0.178101 -0.057251 0.081543 -0.346279 -0.111313 0.158543
-0.121338 -0.044556 0.033447 -0.235916 -0.086629 0.065031
-0.060425 -0.019531 -0.022095 -0.117483 -0.037974 -0.042959
-0.010986 0.021484 -0.071045 -0.021361 0.041772 -0.138132
0.012085 0.066528 -0.102783 0.023497 0.129350 -0.199841
0.001587 0.087769 -0.116333 0.003085 0.170648 -0.226185
-0.038574 0.085815 -0.103638 -0.075000 0.166850 -0.201502
-0.103027 0.075562 -0.054199 -0.200315 0.146914 -0.105379
-0.178955 0.055786 0.010986 -0.347941 0.108465 0.021361
-0.247681 0.021973 0.057861 -0.481563 0.042721 0.112499
-0.298462 -0.009033 0.071655 -0.580297 -0.017563 0.139319
-0.332886 -0.031982 0.065918 -0.647227 -0.062183 0.128164
-0.354980 -0.049438 0.058228 -0.690186 -0.096123 0.113211
-0.366333 -0.066650 0.054932 -0.712258 -0.129588 0.106803
-0.367188 -0.083374 0.057983 -0.713920 -0.162103 0.112737
-0.355103 -0.087891 0.065918 -0.690423 -0.170885 0.128164
-0.333252 -0.079834 0.074951 -0.647939 -0.155221 0.145727
-0.302734 -0.064087 0.078491 -0.588604 -0.124604 0.152610
-0.270020 -0.046753 0.076294 -0.524997 -0.090901 0.148338
-0.243042 -0.027100 0.071167 -0.472545 -0.052690 0.138369
-0.218994 -0.005737 0.064575 -0.425788 -0.011155 0.125553
-0.197632 0.012451 0.052856 -0.384254 0.024209 0.102768
-0.179321 0.031860 0.036133 -0.348653 0.061946 0.070253
-0.165649 0.050537 0.016479 -0.322071 0.098259 0.032041
-0.156860 0.063477 0.000122 -0.304982 0.123417 0.000237
-0.152466 0.071533 -0.011719 -0.296438 0.139081 -0.022785
-0.152222 0.078369 -0.022949 -0.295963 0.152372 -0.044620
-0.159668 0.089233 -0.033813 -0.310441 0.173496 -0.065743
-0.170410 0.102051 -0.037231 -0.331327 0.198416 -0.072389
