-0.792236 0.120850 -0.290527 -1.540338 0.234967 -0.564870
-0.869873 0.036865 -0.242188 -1.691287 0.071677 -0.470883
-0.953003 0.000732 -0.154907 -1.852916 0.001424 -0.301185
-1.056030 -0.080322 -0.051270 -2.053231 -0.156170 -0.099683
-1.165161 -0.166992 0.069092 -2.265413 -0.324682 0.134335
-1.288330 -0.263062 0.203369 -2.504889 -0.511468 0.395409
-1.417480 -0.354126 0.358643 -2.755995 -0.688524 0.697306
-1.550659 -0.444946 0.531616 -3.014934 -0.865105 1.033617
-1.697632 -0.529785 0.725342 -3.300691 -1.030057 1.410276
-1.859985 -0.582764 0.942261 -3.616354 -1.133062 1.832030
-2.044189 -0.683838 1.149780 -3.974500 -1.329580 2.235508
-2.271484 -0.876465 1.336548 -4.416428 -1.704103 2.598639
-2.523560 -1.112427 1.510620 -4.906536 -2.162882 2.937086
-2.632568 -1.285645 1.653687 -5.118481 -2.499668 3.215249
-2.539185 -1.339478 1.745605 -4.936915 -2.604335 3.393966
-2.299805 -1.293091 1.772827 -4.471491 -2.514146 3.446893
-1.911987 -1.114990 1.709106 -3.717461 -2.167866 3.323001
-1.511597 -0.921387 1.568237 -2.938985 -1.791444 3.049111
-1.147339 -0.710449 1.370117 -2.230761 -1.381320 2.663907
-0.784180 -0.481812 1.157715 -1.524674 -0.936782 2.250935
-0.450439 -0.257813 0.970337 -0.875786 -0.501263 1.886618
-0.141968 -0.078613 0.817505 -0.276027 -0.152847 1.589468
0.107910 0.042847 0.722778 0.209809 0.083306 1.405292
0.289063 0.112183 0.674438 0.562022 0.218116 1.311305
0.424438 0.150146 0.613770 0.825232 0.291929 1.193347
0.534180 0.157471 0.508911 1.038601 0.306169 0.989472
0.621216 0.144165 0.360718 1.207825 0.280299 0.701341
0.703003 0.120361 0.171387 1.366843 0.234018 0.333226
0.788574 0.111206 -0.048462 1.533218 0.216217 -0.094224
0.856812 0.140015 -0.288696 1.665891 0.272229 -0.561310
0.890137 0.199707 -0.526733 1.730685 0.388289 -1.024123
0.908569 0.252563 -0.750732 1.766524 0.491057 -1.459643
0.948486 0.304077 -0.948975 1.844134 0.591215 -1.845083
1.058472 0.354248 -1.116821 2.057978 0.688762 -2.171426
1.217529 0.369629 -1.254028 2.367232 0.718666 -2.438197
1.357178 0.385742 -1.360229 2.638749 0.749995 -2.644683
1.444214 0.425659 -1.444702 2.807973 0.827606 -2.808922
1.463013 0.488892 -1.510010 2.844523 0.950548 -2.935899
1.427002 0.567627 -1.556152 2.774508 1.103632 -3.025614
1.348145 0.660645 -1.578003 2.621186 1.284486 -3.068098
1.256592 0.743530 -1.579224 2.443181 1.445640 -3.070471
1.169434 0.803589 -1.568237 2.273720 1.562411 -3.049111
1.090454 0.831909 -1.535156 2.120161 1.617474 -2.984792
1.011841 0.820923 -1.475830 1.967314 1.596113 -2.869444
0.922729 0.757568 -1.391724 1.794055 1.472934 -2.705917
0.805664 0.657959 -1.294434 1.566446 1.279264 -2.516756
0.659546 0.585693 -1.187866 1.282350 1.138759 -2.309558
0.484253 0.519653 -1.072632 0.941529 1.010358 -2.085509
0.283936 0.451904 -0.968384 0.552054 0.878634 -1.882820
0.072266 0.391479 -0.885254 0.140505 0.761150 -1.721192
-0.143188 0.320313 -0.814209 -0.278400 0.622781 -1.583060
-0.353638 0.235840 -0.739990 -0.687575 0.458541 -1.438757
-0.555664 0.131836 -0.649292 -1.080373 0.256328 -1.262413
-0.746338 -0.002930 -0.545776 -1.451098 -0.005696 -1.061148
-0.923584 -0.168091 -0.430420 -1.795717 -0.326818 -0.836862
-1.085693 -0.353882 -0.306274 -2.110904 -0.688049 -0.595487
-1.233276 -0.566162 -0.175903 -2.397849 -1.100784 -0.342007
-1.366211 -0.805786 -0.047485 -2.656312 -1.566683 -0.092325
-1.476440 -1.057617 0.078247 -2.870631 -2.056316 0.152135
-1.553955 -1.282715 0.208496 -3.021342 -2.493972 0.405377
-1.594604 -1.441284 0.348389 -3.100376 -2.802277 0.677369
-1.609375 -1.499023 0.496582 -3.129094 -2.914539 0.965500
-1.639160 -1.443604 0.643799 -3.187005 -2.806786 1.251733
-1.695435 -1.262817 0.752686 -3.296419 -2.455285 1.463440
-1.693359 -0.964600 0.786377 -3.292384 -1.875463 1.528946
-1.637451 -0.687500 0.749268 -3.183683 -1.336700 1.456795
-1.594971 -0.468750 0.690308 -3.101088 -0.911387 1.342159
-1.478516 -0.281860 0.594116 -2.874665 -0.548019 1.155135
-1.307983 -0.209106 0.492798 -2.543101 -0.406564 0.958143
-1.119141 -0.182373 0.409912 -2.175936 -0.354586 0.796989
-0.888062 -0.141968 0.352295 -1.726651 -0.276027 0.684964
-0.630615 -0.067749 0.325195 -1.226100 -0.131724 0.632275
-0.387573 0.050659 0.316040 -0.753555 0.098496 0.614474
-0.198120 0.194946 0.300903 -0.385203 0.379032 0.585044
-0.091187 0.323120 0.272949 -0.177293 0.628240 0.530693
-0.074097 0.404297 0.227295 -0.144066 0.786071 0.441928
-0.076904 0.420532 0.160522 -0.149524 0.817637 0.312102
-0.078491 0.374146 0.093506 -0.152610 0.727448 0.181803
-0.072754 0.301025 0.034302 -0.141455 0.585281 0.066693
-0.059937 0.229004 -0.018311 -0.116534 0.445250 -0.035601
-0.040649 0.178101 -0.064819 -0.079034 0.346279 -0.126028
-0.017700 0.155640 -0.100342 -0.034414 0.302609 -0.195094
0.002197 0.145020 -0.121948 0.004272 0.281960 -0.237103
0.018311 0.140503 -0.133057 0.035601 0.273179 -0.258701
0.029663 0.140259 -0.136963 0.057674 0.272704 -0.266296
0.034424 0.133545 -0.136353 0.066930 0.259650 -0.265109
0.032959 0.119995 -0.134521 0.064082 0.233305 -0.261549
0.028931 0.104126 -0.136230 0.056250 0.202451 -0.264872
0.025635 0.083862 -0.142700 0.049841 0.163053 -0.277451
0.021606 0.062134 -0.151245 0.042009 0.120806 -0.294065
0.015503 0.048706 -0.157593 0.030142 0.094699 -0.306406
0.010864 0.043579 -0.159790 0.021123 0.084730 -0.310678
0.008301 0.043701 -0.158203 0.016139 0.084968 -0.307593
0.005249 0.042236 -0.152466 0.010206 0.082120 -0.296438
0.000366 0.034058 -0.143799 0.000712 0.066218 -0.279587
-0.002197 0.024902 -0.131592 -0.004272 0.048417 -0.255853
-0.001343 0.021729 -0.116943 -0.002611 0.042247 -0.227372
-0.001465 0.020142 -0.098999 -0.002848 0.039161 -0.192483
-0.003174 0.015137 -0.079834 -0.006171 0.029430 -0.155221
-0.005005 0.013794 -0.062134 -0.009731 0.026819 -0.120806
-0.006226 0.020508 -0.046143 -0.012104 0.039873 -0.089715
-0.008423 0.027588 -0.033203 -0.016376 0.053639 -0.064557
-0.010376 0.030029 -0.022217 -0.020174 0.058386 -0.043196
-0.011475 0.030640 -0.015015 -0.022310 0.059572 -0.029193
-0.010376 0.029907 -0.013184 -0.020174 0.058148 -0.025633
-0.008179 0.028198 -0.015503 -0.015902 0.054826 -0.030142
-0.010742 0.025635 -0.017700 -0.020886 0.049841 -0.034414
-0.019653 0.026489 -0.020874 -0.038212 0.051503 -0.040585
-0.032471 0.026855 -0.026245 -0.063133 0.052215 -0.051028
-0.048462 0.024048 -0.028809 -0.094224 0.046756 -0.056012
-0.061768 0.016479 -0.028076 -0.120094 0.032041 -0.054588
-0.065308 0.006348 -0.026733 -0.126977 0.012342 -0.051978
-0.059937 -0.000610 -0.023560 -0.116534 -0.001187 -0.045807
-0.051514 0.001221 -0.020020 -0.100158 0.002373 -0.038924
-0.041626 0.010742 -0.019165 -0.080933 0.020886 -0.037262
-0.032959 0.022583 -0.020508 -0.064082 0.043908 -0.039873
-0.026855 0.036011 -0.020996 -0.052215 0.070015 -0.040823
-0.023438 0.045532 -0.022583 -0.045569 0.088528 -0.043908
-0.021362 0.043457 -0.024658 -0.041535 0.084493 -0.047943
-0.023926 0.031128 -0.024048 -0.046519 0.060522 -0.046756
-0.028809 0.011230 -0.023682 -0.056012 0.021835 -0.046044
-0.034546 -0.007813 -0.025757 -0.067167 -0.015190 -0.050079
-0.041504 -0.020264 -0.027466 -0.080696 -0.039398 -0.053402
-0.049805 -0.024414 -0.028320 -0.096835 -0.047468 -0.055063
-0.057739 -0.023438 -0.029663 -0.112262 -0.045569 -0.057674
-0.061279 -0.019287 -0.031006 -0.119145 -0.037500 -0.060284
-0.061401 -0.013184 -0.028687 -0.119382 -0.025633 -0.055775
-0.060791 -0.004761 -0.023193 -0.118195 -0.009256 -0.045095
-0.054565 0.002075 -0.019043 -0.106091 0.004035 -0.037025
-0.044556 0.003906 -0.017944 -0.086629 0.007595 -0.034889
-0.037598 0.003052 -0.015015 -0.073101 0.005934 -0.029193
-0.035645 0.004395 -0.009155 -0.069303 0.008544 -0.017801
-0.035400 0.009277 -0.002075 -0.068829 0.018038 -0.004035
-0.034912 0.012329 0.004639 -0.067879 0.023971 0.009019
-0.035278 0.009033 0.008423 -0.068591 0.017563 0.016376
-0.035767 0.000854 0.007568 -0.069541 0.001661 0.014715
-0.034424 -0.007568 0.004883 -0.066930 -0.014715 0.009494
-0.035156 -0.014404 0.002563 -0.068354 -0.028006 0.004984
-0.040649 -0.014648 0.002075 -0.079034 -0.028481 0.004035
-0.049316 -0.005249 -0.000366 -0.095885 -0.010206 -0.000712
-0.058350 0.001953 -0.005981 -0.113449 0.003797 -0.011630
-0.069336 0.003052 -0.010376 -0.134809 0.005934 -0.020174
-0.078369 0.000854 -0.008789 -0.152372 0.001661 -0.017089
-0.082397 -0.005005 -0.003174 -0.160205 -0.009731 -0.006171
-0.082153 -0.010620 0.001953 -0.159730 -0.020649 0.003797
-0.082031 -0.014648 0.003296 -0.159493 -0.028481 0.006408
-0.083618 -0.013672 0.003540 -0.162578 -0.026582 0.006883
-0.087524 -0.009399 0.002930 -0.170173 -0.018275 0.005696
-0.089966 -0.005859 0.003052 -0.174920 -0.011392 0.005934
-0.090820 -0.007324 0.004028 -0.176581 -0.014240 0.007832
