-0.440308 0.153320 -0.158203 -0.856086 0.298099 -0.307593
-0.526855 0.130371 -0.155029 -1.024361 0.253479 -0.301422
-0.619873 0.130737 -0.124634 -1.205214 0.254191 -0.242324
-0.704346 0.111816 -0.073242 -1.369453 0.217404 -0.142404
-0.791870 0.068848 -0.001221 -1.539626 0.133860 -0.002373
-0.878418 -0.004395 0.090942 -1.707901 -0.008544 0.176819
-0.961182 -0.078979 0.198853 -1.868817 -0.153559 0.386627
-1.032471 -0.166992 0.311035 -2.007424 -0.324682 0.604743
-1.108521 -0.295776 0.409424 -2.155287 -0.575076 0.796039
-1.226440 -0.432373 0.476440 -2.384558 -0.840659 0.926339
-1.412476 -0.546875 0.538940 -2.746264 -1.063285 1.047857
-1.583862 -0.622803 0.632324 -3.079490 -1.210910 1.229423
-1.739502 -0.755981 0.713013 -3.382099 -1.469848 1.386305
-1.873901 -0.953003 0.786499 -3.643411 -1.852916 1.529184
-1.950439 -1.140869 0.829346 -3.792223 -2.218182 1.612490
-1.958862 -1.301636 0.837036 -3.808599 -2.530760 1.627442
-1.928345 -1.451904 0.830811 -3.749264 -2.822925 1.615338
-1.882324 -1.589722 0.827148 -3.659787 -3.090883 1.608218
-1.836304 -1.677002 0.827026 -3.570310 -3.260581 1.607980
-1.792236 -1.670532 0.804077 -3.484630 -3.248002 1.563360
-1.751221 -1.544556 0.732666 -3.404884 -3.003067 1.424516
-1.738159 -1.295166 0.628052 -3.379488 -2.518180 1.221116
-1.678467 -0.912109 0.535767 -3.263429 -1.773407 1.041687
-1.557129 -0.518555 0.472168 -3.027513 -1.008222 0.918032
-1.399658 -0.202637 0.436279 -2.721344 -0.393985 0.848254
-1.253784 -0.009521 0.411621 -2.437722 -0.018513 0.800311
-1.139648 0.040161 0.360840 -2.215809 0.078085 0.701578
-1.056396 -0.012329 0.261719 -2.053943 -0.023971 0.508858
-0.999878 -0.101807 0.111694 -1.944054 -0.197942 0.217166
-0.951050 -0.173096 -0.077881 -1.849118 -0.336549 -0.151423
-0.882690 -0.190552 -0.301392 -1.716208 -0.370488 -0.585993
-0.756226 -0.164673 -0.536255 -1.470323 -0.320172 -1.042636
-0.582764 -0.110352 -0.737549 -1.133062 -0.214556 -1.434010
-0.370117 -0.019409 -0.885620 -0.719616 -0.037737 -1.721904
-0.151855 0.070068 -1.016968 -0.295251 0.136233 -1.977282
0.029053 0.118286 -1.108887 0.056487 0.229983 -2.155999
0.159058 0.142090 -1.167480 0.309254 0.276264 -2.269922
0.271851 0.182739 -1.213135 0.528557 0.355298 -2.358688
0.397949 0.251831 -1.264771 0.773729 0.489633 -2.459083
0.532349 0.322144 -1.321777 1.035041 0.626341 -2.569921
0.635620 0.400757 -1.377441 1.235831 0.779188 -2.678148
0.736694 0.506226 -1.432983 1.432349 0.984250 -2.786138
0.832397 0.601318 -1.479370 1.618423 1.169138 -2.876327
0.918701 0.698608 -1.514648 1.786223 1.358298 -2.944918
1.006348 0.805664 -1.529541 1.956633 1.566446 -2.973874
1.095093 0.892578 -1.502686 2.129180 1.735432 -2.921659
1.186157 0.944946 -1.420532 2.306236 1.837251 -2.761929
1.252075 0.947144 -1.288696 2.434399 1.841523 -2.505601
1.304688 0.937378 -1.138794 2.536693 1.822536 -2.214148
1.359131 0.911499 -0.990356 2.642547 1.772220 -1.925542
1.423950 0.854492 -0.856812 2.768574 1.661382 -1.665891
1.479126 0.740723 -0.725220 2.875852 1.440181 -1.410039
1.493774 0.633423 -0.582520 2.904333 1.231559 -1.132588
1.489990 0.559570 -0.455444 2.896976 1.087968 -0.885517
1.458130 0.508301 -0.354736 2.835030 0.988285 -0.689711
1.403198 0.519043 -0.271484 2.728227 1.009171 -0.527845
1.329102 0.580566 -0.203003 2.584161 1.128790 -0.394697
1.232544 0.664185 -0.134766 2.396425 1.291368 -0.262024
1.116089 0.743042 -0.060791 2.170002 1.444690 -0.118195
0.994019 0.791748 0.016724 1.932662 1.539389 0.032516
0.874634 0.796021 0.096069 1.700543 1.547696 0.186787
0.769531 0.765625 0.178345 1.496193 1.488598 0.346754
0.681641 0.706909 0.260864 1.325308 1.374438 0.507196
0.601074 0.629517 0.350464 1.168664 1.223964 0.681404
0.518311 0.531494 0.440308 1.007747 1.033380 0.856086
0.417480 0.422852 0.518066 0.811704 0.822147 1.007272
0.291748 0.310791 0.581787 0.567243 0.604268 1.131164
0.142212 0.197998 0.635254 0.276501 0.384966 1.235119
-0.022339 0.094727 0.684570 -0.043433 0.184176 1.331004
-0.195435 0.019287 0.727051 -0.379982 0.037500 1.413599
-0.366699 -0.010620 0.761353 -0.712970 -0.020649 1.480291
-0.532959 0.001709 0.783325 -1.036228 0.003323 1.523013
-0.697266 0.043579 0.789917 -1.355688 0.084730 1.535829
-0.862427 0.083130 0.782959 -1.676809 0.161629 1.522301
-1.020752 0.098389 0.773315 -1.984639 0.191296 1.503551
-1.179810 0.080566 0.768799 -2.293894 0.156645 1.494769
-1.337280 0.013184 0.776367 -2.600063 0.025633 1.509484
-1.498291 -0.129883 0.798096 -2.913115 -0.252530 1.551731
-1.670410 -0.343872 0.822754 -3.247764 -0.668588 1.599674
-1.900391 -0.582764 0.838379 -3.694914 -1.133062 1.630053
-2.076050 -0.743530 0.864624 -4.036446 -1.445640 1.681081
-2.185181 -0.911743 0.863281 -4.248629 -1.772695 1.678470
-2.232422 -1.105713 0.850464 -4.340479 -2.149828 1.653550
-2.229004 -1.227295 0.817139 -4.333834 -2.386219 1.588756
-2.205078 -1.222412 0.746338 -4.287315 -2.376726 1.451098
-2.196655 -1.112549 0.646851 -4.270938 -2.163119 1.257666
-2.205566 -0.906738 0.553711 -4.288264 -1.762964 1.076576
-2.186646 -0.649414 0.468262 -4.251476 -1.262650 0.910437
-2.079834 -0.397705 0.371582 -4.043804 -0.773255 0.722464
-1.898926 -0.214355 0.277222 -3.692065 -0.416770 0.539000
-1.624756 -0.070679 0.227051 -3.158999 -0.137420 0.441453
-1.333984 -0.009399 0.220825 -2.593655 -0.018275 0.429349
-1.072266 -0.025635 0.246826 -2.084797 -0.049841 0.479902
-0.885376 -0.096313 0.264282 -1.721429 -0.187261 0.513842
-0.763794 -0.159424 0.250366 -1.485038 -0.309966 0.486785
-0.683960 -0.185547 0.211426 -1.329818 -0.360757 0.411073
-0.625366 -0.165649 0.159546 -1.215894 -0.322071 0.310204
-0.577148 -0.121948 0.094116 -1.122145 -0.237103 0.182989
-0.585571 -0.070435 0.022461 -1.138521 -0.136945 0.043671
-0.544922 0.029785 -0.050781 -1.059487 0.057911 -0.098734
-0.443726 0.072754 -0.096069 -0.862732 0.141455 -0.186787
-0.316284 0.062744 -0.100220 -0.614949 0.121993 -0.194856
-0.195679 0.029053 -0.083496 -0.380456 0.056487 -0.162341
-0.100708 -0.000488 -0.059814 -0.195806 -0.000949 -0.116297
-0.037354 0.003052 -0.033203 -0.072626 0.005934 -0.064557
0.011719 0.039185 -0.011719 0.022785 0.076186 -0.022785
0.061890 0.087769 -0.000488 0.120332 0.170648 -0.000949
0.117554 0.132324 -0.001221 0.228559 0.257277 -0.002373
0.172241 0.169556 -0.014160 0.334887 0.329666 -0.027531
0.218140 0.197754 -0.033081 0.424127 0.384491 -0.064319
0.248047 0.216553 -0.052368 0.482275 0.421042 -0.101819
0.257935 0.220703 -0.069458 0.501500 0.429111 -0.135047
0.247681 0.208008 -0.083374 0.481563 0.404428 -0.162103
0.222168 0.189087 -0.093994 0.431959 0.367640 -0.182752
0.185181 0.169067 -0.099976 0.360045 0.328716 -0.194382
0.136475 0.148682 -0.094849 0.265346 0.289080 -0.184413
0.078613 0.125732 -0.078613 0.152847 0.244460 -0.152847
0.016357 0.095947 -0.054199 0.031804 0.186549 -0.105379
-0.040894 0.062500 -0.027466 -0.079509 0.121518 -0.053402
-0.084717 0.032837 -0.001221 -0.164714 0.063845 -0.002373
-0.112793 0.024536 0.021484 -0.219302 0.047705 0.041772
-0.129517 0.039185 0.039673 -0.251818 0.076186 0.077136
-0.139038 0.057129 0.054810 -0.270331 0.111075 0.106566
-0.142822 0.060669 0.064575 -0.277688 0.117958 0.125553
-0.138794 0.049805 0.064697 -0.269856 0.096835 0.125790
-0.128662 0.031616 0.053955 -0.250157 0.061471 0.104904
-0.115723 0.006348 0.040649 -0.224999 0.012342 0.079034
-0.100952 -0.021606 0.032959 -0.196280 -0.042009 0.064082
-0.084473 -0.044800 0.029297 -0.164239 -0.087104 0.056962
-0.071167 -0.050293 0.029053 -0.138369 -0.097784 0.056487
-0.063965 -0.026123 0.032104 -0.124366 -0.050791 0.062420
-0.060303 0.004517 0.036621 -0.117246 0.008782 0.071202
-0.053345 0.030518 0.037231 -0.103718 0.059335 0.072389
-0.044556 0.054077 0.037598 -0.086629 0.105142 0.073101
-0.035889 0.077393 0.040283 -0.069778 0.150474 0.078322
-0.026733 0.095337 0.043091 -0.051978 0.185363 0.083781
-0.019775 0.100464 0.044067 -0.038449 0.195331 0.085680
-0.018433 0.097778 0.041138 -0.035838 0.190110 0.079984
-0.020142 0.094360 0.031128 -0.039161 0.183464 0.060522
-0.020508 0.091187 0.016479 -0.039873 0.177293 0.032041
-0.020508 0.085449 -0.000244 -0.039873 0.166138 -0.000475
-0.022949 0.073120 -0.018555 -0.044620 0.142167 -0.036076
-0.027222 0.052612 -0.039063 -0.052927 0.102294 -0.075949
-0.034790 0.028931 -0.057495 -0.067642 0.056250 -0.111787
-0.042358 0.013794 -0.072021 -0.082357 0.026819 -0.140031
-0.046997 0.022461 -0.081177 -0.091376 0.043671 -0.157831
-0.050415 0.049194 -0.083862 -0.098022 0.095648 -0.163053
-0.053345 0.074097 -0.081055 -0.103718 0.144066 -0.157594
-0.052368 0.086060 -0.077271 -0.101819 0.167325 -0.150236
-0.051270 0.081421 -0.074463 -0.099683 0.158306 -0.144778
