0.059937 -0.221191 0.093140 0.116534 -0.430061 0.181091
0.048950 -0.230957 0.127441 0.095173 -0.449048 0.247783
0.063477 -0.223022 0.186768 0.123417 -0.433621 0.363131
0.102173 -0.253906 0.261597 0.198654 -0.493668 0.508620
0.155029 -0.330200 0.349121 0.301422 -0.642005 0.678793
0.208008 -0.417603 0.447388 0.404428 -0.811941 0.869852
0.261719 -0.491577 0.552002 0.508858 -0.955769 1.073253
0.337524 -0.518677 0.617310 0.656246 -1.008459 1.200230
0.442139 -0.497681 0.584473 0.859646 -0.967636 1.136385
0.557739 -0.437988 0.472656 1.084408 -0.851577 0.918982
0.658447 -0.327026 0.337402 1.280213 -0.635835 0.656009
0.741455 -0.179688 0.201416 1.441605 -0.349365 0.391611
0.818481 -0.045532 0.066772 1.591367 -0.088528 0.129825
0.914429 0.046265 -0.068115 1.777916 0.089952 -0.132436
1.048950 0.069946 -0.207153 2.039465 0.135996 -0.402766
1.187866 0.017090 -0.335815 2.309558 0.033228 -0.652923
1.276855 -0.046631 -0.443848 2.482579 -0.090664 -0.862969
1.334717 -0.055298 -0.555420 2.595079 -0.107515 -1.079898
1.367798 -0.001709 -0.678589 2.659398 -0.003323 -1.319375
1.366089 0.102661 -0.784546 2.656075 0.199603 -1.525386
1.332764 0.176880 -0.878662 2.591281 0.343906 -1.708375
1.288208 0.178101 -0.969116 2.504652 0.346279 -1.884245
1.269653 0.108521 -1.055664 2.468576 0.210996 -2.052519
1.282349 0.006836 -1.144653 2.493260 0.013291 -2.225540
1.291992 -0.133301 -1.226074 2.512010 -0.259176 -2.383846
1.275513 -0.305908 -1.284668 2.479969 -0.594775 -2.497769
1.203857 -0.437134 -1.309082 2.340650 -0.849916 -2.545237
1.082153 -0.472046 -1.321045 2.104022 -0.917795 -2.568496
0.918457 -0.435181 -1.337280 1.785748 -0.846118 -2.600063
0.719482 -0.356934 -1.344360 1.398884 -0.693983 -2.613829
0.505371 -0.263550 -1.330933 0.982589 -0.512418 -2.587721
0.313599 -0.186157 -1.310425 0.609727 -0.361944 -2.547848
0.159668 -0.159790 -1.291504 0.310441 -0.310678 -2.511060
0.047241 -0.194214 -1.291260 0.091851 -0.377608 -2.510586
-0.030273 -0.273071 -1.322876 -0.058860 -0.530930 -2.572057
-0.088867 -0.366455 -1.377930 -0.172784 -0.712496 -2.679097
-0.151245 -0.449341 -1.425903 -0.294065 -0.873650 -2.772372
-0.242188 -0.486206 -1.437866 -0.470883 -0.945326 -2.795631
-0.383301 -0.470703 -1.411377 -0.745248 -0.915184 -2.744128
-0.579468 -0.421509 -1.376831 -1.126654 -0.819536 -2.676961
-0.798706 -0.385132 -1.346313 -1.552917 -0.748809 -2.617626
-1.024048 -0.401489 -1.320435 -1.991048 -0.780612 -2.567310
-1.243896 -0.444214 -1.297241 -2.418498 -0.863681 -2.522215
-1.447876 -0.488403 -1.272827 -2.815093 -0.949598 -2.474747
-1.615356 -0.513672 -1.248535 -3.140724 -0.998728 -2.427516
-1.732544 -0.511841 -1.211426 -3.368571 -0.995168 -2.355365
-1.817627 -0.483032 -1.140015 -3.533997 -0.939156 -2.216521
-1.898315 -0.434570 -1.018799 -3.690879 -0.844931 -1.980842
-1.976563 -0.387085 -0.845093 -3.843014 -0.752606 -1.643107
-2.025269 -0.344727 -0.626465 -3.937713 -0.670249 -1.218030
-2.012573 -0.304932 -0.377930 -3.913029 -0.592876 -0.734806
-1.923096 -0.268066 -0.114014 -3.739059 -0.521199 -0.221676
-1.761597 -0.225342 0.157959 -3.425058 -0.438130 0.307118
-1.548218 -0.178711 0.434448 -3.010187 -0.347466 0.844694
-1.302734 -0.135254 0.711670 -2.532896 -0.262973 1.383694
-1.037964 -0.098877 0.976563 -2.018105 -0.192246 1.898722
-0.787231 -0.075562 1.213257 -1.530607 -0.146914 2.358925
-0.574829 -0.069214 1.416748 -1.117635 -0.134572 2.754571
-0.412354 -0.068726 1.586304 -0.801735 -0.133623 3.084237
-0.301270 -0.083862 1.726318 -0.585756 -0.163053 3.356466
-0.222534 -0.108276 1.843628 -0.432671 -0.210521 3.584550
-0.172241 -0.147827 1.959839 -0.334887 -0.287419 3.810498
-0.125366 -0.180054 2.084473 -0.243748 -0.350077 4.052823
-0.060913 -0.178833 2.208252 -0.118433 -0.347704 4.293486
0.005615 -0.124634 2.306030 0.010918 -0.242324 4.483595
0.102295 -0.018188 2.331543 0.198891 -0.035364 4.533199
0.247803 0.089478 2.276733 0.481801 0.173970 4.426634
0.399658 0.159058 2.159668 0.777052 0.309254 4.199024
0.539063 0.219971 1.985840 1.048095 0.427687 3.861052
0.658813 0.281006 1.760498 1.280926 0.546357 3.422922
0.749512 0.315308 1.499390 1.457269 0.613050 2.915251
0.808350 0.315918 1.218628 1.571667 0.614237 2.369368
0.836548 0.297119 0.935425 1.626493 0.577686 1.818739
0.823853 0.275024 0.677979 1.601810 0.534728 1.318188
0.771973 0.249146 0.464111 1.500940 0.484412 0.902368
0.695801 0.231079 0.295654 1.352840 0.449285 0.574838
0.601929 0.229248 0.172974 1.170325 0.445725 0.336311
0.490234 0.221191 0.093384 0.953159 0.430061 0.181565
0.372192 0.205566 0.043945 0.723651 0.399681 0.085443
0.250854 0.182129 0.007080 0.487734 0.354112 0.013766
0.130005 0.153687 -0.024536 0.252767 0.298811 -0.047705
0.012329 0.126831 -0.058716 0.023971 0.246597 -0.114161
-0.108276 0.106201 -0.096802 -0.210521 0.206486 -0.188211
-0.239502 0.115234 -0.139648 -0.465662 0.224049 -0.271517
-0.382324 0.136597 -0.181763 -0.743350 0.265584 -0.353400
-0.527100 0.133545 -0.216919 -1.024835 0.259650 -0.421754
-0.667114 0.093140 -0.242432 -1.297065 0.181091 -0.471358
-0.791626 0.031372 -0.262695 -1.539152 0.060996 -0.510756
-0.894409 -0.043213 -0.282104 -1.738992 -0.084018 -0.548493
-0.988892 -0.115234 -0.307495 -1.922694 -0.224049 -0.597860
-1.113403 -0.139648 -0.336304 -2.164781 -0.271517 -0.653872
-1.233887 -0.109009 -0.373047 -2.399036 -0.211945 -0.725312
-1.329224 -0.089478 -0.413940 -2.584398 -0.173970 -0.804821
-1.399658 -0.056763 -0.462402 -2.721344 -0.110363 -0.899045
-1.445435 -0.018799 -0.528687 -2.810346 -0.036550 -1.027921
-1.476807 0.009033 -0.600586 -2.871343 0.017563 -1.167714
-1.502930 0.046997 -0.667358 -2.922134 0.091376 -1.297539
-1.498535 0.070801 -0.722656 -2.913589 0.137657 -1.405054
-1.443237 0.075073 -0.753540 -2.806074 0.145964 -1.465102
-1.344482 0.079712 -0.776245 -2.614066 0.154983 -1.509247
-1.208984 0.102051 -0.781128 -2.350618 0.198416 -1.518741
-1.050537 0.135498 -0.783569 -2.042551 0.263448 -1.523487
-0.881226 0.169800 -0.802246 -1.713359 0.330140 -1.559800
-0.723877 0.184692 -0.819824 -1.407428 0.359096 -1.593977
-0.595825 0.176147 -0.829956 -1.158458 0.342482 -1.613677
-0.484009 0.144043 -0.822388 -0.941054 0.280062 -1.598961
-0.403564 0.094360 -0.782959 -0.784647 0.183464 -1.522301
-0.335205 0.058594 -0.711426 -0.651736 0.113923 -1.383219
-0.271729 0.047607 -0.615601 -0.528319 0.092563 -1.196907
-0.217407 0.057617 -0.493408 -0.422703 0.112025 -0.959329
-0.172974 0.080200 -0.363525 -0.336311 0.155933 -0.706799
-0.138184 0.086182 -0.233032 -0.268669 0.167562 -0.453083
-0.114990 0.082764 -0.105347 -0.223575 0.160917 -0.204825
-0.089722 0.064453 -0.003052 -0.174445 0.125316 -0.005934
-0.089478 0.024780 0.060669 -0.173970 0.048180 0.117958
-0.095581 -0.007690 0.095337 -0.185837 -0.014952 0.185363
-0.090454 -0.041870 0.110107 -0.175869 -0.081408 0.214081
-0.072510 -0.068115 0.102295 -0.140980 -0.132436 0.198891
-0.039063 -0.074829 0.091309 -0.075949 -0.145490 0.177531
-0.006714 -0.071411 0.072998 -0.013054 -0.138844 0.141929
0.013916 -0.085571 0.051514 0.027057 -0.166376 0.100158
0.009766 -0.106934 0.045532 0.018987 -0.207910 0.088528
-0.000732 -0.112549 0.041138 -0.001424 -0.218828 0.079984
-0.001831 -0.105957 0.036255 -0.003560 -0.206011 0.070490
0.001587 -0.087646 0.032471 0.003085 -0.170410 0.063133
0.009155 -0.071167 0.024170 0.017801 -0.138369 0.046993
0.018799 -0.065308 0.016357 0.036550 -0.126977 0.031804
0.031006 -0.065308 0.011475 0.060284 -0.126977 0.022310
0.039551 -0.064575 0.012573 0.076898 -0.125553 0.024446
0.043701 -0.057861 0.015747 0.084968 -0.112499 0.030617
0.040894 -0.047485 0.024048 0.079509 -0.092325 0.046756
0.027466 -0.036255 0.030884 0.053402 -0.070490 0.060047
0.002563 -0.020020 0.036377 0.004984 -0.038924 0.070727
-0.024292 -0.005737 0.038208 -0.047231 -0.011155 0.074288
-0.042603 -0.002686 0.038208 -0.082832 -0.005221 0.074288
-0.049561 -0.009521 0.038452 -0.096360 -0.018513 0.074762
-0.050171 -0.024780 0.038940 -0.097547 -0.048180 0.075712
-0.051880 -0.045166 0.038940 -0.100870 -0.087816 0.075712
-0.057739 -0.052612 0.039185 -0.112262 -0.102294 0.076186
-0.063843 -0.046753 0.043091 -0.124129 -0.090901 0.083781
-0.061646 -0.043213 0.047241 -0.119857 -0.084018 0.091851
-0.055664 -0.038940 0.049683 -0.108227 -0.075712 0.096597
-0.055786 -0.038208 0.045044 -0.108465 -0.074288 0.087579
-0.059937 -0.032593 0.036377 -0.116534 -0.063370 0.070727
-0.060669 -0.021973 0.031372 -0.117958 -0.042721 0.060996
-0.056885 -0.013550 0.028198 -0.110601 -0.026345 0.054826
-0.053589 -0.014648 0.024292 -0.104192 -0.028481 0.047231
-0.051880 -0.019165 0.017334 -0.100870 -0.037262 0.033702
-0.051758 -0.009888 0.008911 -0.100632 -0.019225 0.017326
-0.052734 0.002930 0.002686 -0.102531 0.005696 0.005221
