0.159790 0.242676 0.140747 0.310678 0.471832 0.273653
0.076904 0.255127 0.223633 0.149524 0.496041 0.434807
-0.001953 0.286865 0.327759 -0.003797 0.557750 0.637259
-0.060303 0.250488 0.432861 -0.117246 0.487022 0.841609
-0.106323 0.173950 0.556152 -0.206723 0.338210 1.081322
-0.136963 0.097046 0.715576 -0.266296 0.188686 1.391289
-0.214355 -0.020264 0.869263 -0.416770 -0.039398 1.690100
-0.323975 -0.161377 1.027710 -0.629901 -0.313764 1.998168
-0.465942 -0.287720 1.178467 -0.905928 -0.559411 2.291283
-0.621216 -0.405273 1.322632 -1.207825 -0.787970 2.571582
-0.776001 -0.530518 1.464478 -1.508772 -1.031481 2.847371
-0.926880 -0.687866 1.604614 -1.802125 -1.337412 3.119838
-1.071533 -0.888062 1.729736 -2.083373 -1.726651 3.363112
-1.196533 -1.095459 1.837158 -2.326410 -2.129892 3.571971
-1.307739 -1.287598 1.927612 -2.542626 -2.503465 3.747840
-1.389160 -1.429077 1.963989 -2.700933 -2.778543 3.818568
-1.449341 -1.514404 1.918457 -2.817941 -2.944443 3.730040
-1.524658 -1.505005 1.778076 -2.964380 -2.926168 3.457098
-1.600342 -1.436157 1.544312 -3.111531 -2.792309 3.002592
-1.647217 -1.334351 1.256104 -3.202670 -2.594367 2.442231
-1.676270 -1.225586 0.947998 -3.259157 -2.382896 1.843185
-1.729004 -1.110596 0.661865 -3.361688 -2.159322 1.286859
-1.763062 -0.990845 0.448853 -3.427906 -1.926491 0.872700
-1.666504 -0.859619 0.297729 -3.240170 -1.671350 0.578873
-1.463379 -0.697144 0.149658 -2.845235 -1.355450 0.290979
-1.235962 -0.547852 -0.023682 -2.403070 -1.065183 -0.046044
-1.029053 -0.413696 -0.211548 -2.000779 -0.804346 -0.411311
-0.858765 -0.259277 -0.423218 -1.669689 -0.504111 -0.822859
-0.697998 -0.078125 -0.675659 -1.357112 -0.151898 -1.313679
-0.544800 0.132813 -0.962769 -1.059250 0.258226 -1.871903
-0.410034 0.336914 -1.259644 -0.797226 0.655059 -2.449114
-0.275146 0.521729 -1.536133 -0.534965 1.014392 -2.986690
-0.114014 0.677856 -1.778687 -0.221676 1.317951 -3.458285
0.064941 0.785767 -1.980103 0.126265 1.527759 -3.849897
0.240967 0.833008 -2.141724 0.468510 1.619610 -4.164135
0.396973 0.844238 -2.262939 0.771831 1.641445 -4.399814
0.543213 0.849976 -2.343628 1.056164 1.652600 -4.556696
0.691040 0.848511 -2.376465 1.343583 1.649752 -4.620541
0.840698 0.854858 -2.364014 1.634562 1.662094 -4.596332
0.985840 0.890991 -2.311768 1.916760 1.732347 -4.494750
1.121094 0.967407 -2.213745 2.179733 1.880922 -4.304166
1.243530 1.085083 -2.085327 2.417785 2.109718 -4.054484
1.327515 1.190308 -1.939575 2.581076 2.314305 -3.771100
1.385376 1.271606 -1.773438 2.693575 2.472374 -3.448080
1.437012 1.343628 -1.587524 2.793970 2.612405 -3.086610
1.487793 1.398438 -1.380859 2.892703 2.718970 -2.684793
1.525635 1.399292 -1.162720 2.966279 2.720632 -2.260666
1.570923 1.359497 -0.938965 3.054332 2.643259 -1.825621
1.615723 1.251343 -0.710571 3.141436 2.432975 -1.381558
1.641968 1.067261 -0.481201 3.192464 2.075066 -0.935595
1.634399 0.855103 -0.285522 3.177749 1.662569 -0.555139
1.586304 0.649902 -0.145996 3.084237 1.263600 -0.283859
1.504395 0.477417 -0.062134 2.924982 0.928238 -0.120806
1.375244 0.353394 -0.011597 2.673876 0.687100 -0.022547
1.186035 0.292236 0.032837 2.305998 0.568193 0.063845
0.946777 0.292725 0.095459 1.840811 0.569142 0.185600
0.678223 0.325562 0.188232 1.318663 0.632987 0.365979
0.401245 0.348389 0.295654 0.780138 0.677369 0.574838
0.134155 0.349243 0.401489 0.260837 0.679031 0.780612
-0.107056 0.323364 0.503418 -0.208147 0.628714 0.978791
-0.295410 0.283325 0.601929 -0.574363 0.550867 1.170325
-0.422119 0.226196 0.697754 -0.820723 0.439792 1.356637
-0.512817 0.159790 0.784180 -0.997067 0.310678 1.524674
-0.596558 0.095947 0.859497 -1.159882 0.186549 1.671113
-0.684692 0.029663 0.926758 -1.331242 0.057674 1.801887
-0.775635 -0.040039 0.996338 -1.508060 -0.077848 1.937171
-0.868652 -0.110107 1.074097 -1.688913 -0.214081 2.088357
-0.957397 -0.167114 1.153442 -1.861460 -0.324919 2.242628
-1.069946 -0.235474 1.223389 -2.080288 -0.457829 2.378624
-1.203979 -0.265503 1.273682 -2.340887 -0.516215 2.476408
-1.328369 -0.309692 1.291260 -2.582737 -0.602132 2.510586
-1.368896 -0.375488 1.298828 -2.661534 -0.730059 2.525301
-1.489380 -0.563477 1.244263 -2.895789 -1.095563 2.419209
-1.618896 -0.658813 1.192871 -3.147607 -1.280926 2.319289
-1.812012 -0.705200 1.179688 -3.523079 -1.371115 2.293657
-1.963013 -0.657349 1.155029 -3.816669 -1.278077 2.245714
-2.047363 -0.604614 1.101563 -3.980671 -1.175546 2.141759
-2.065430 -0.566162 1.016602 -4.015798 -1.100784 1.976570
-2.051514 -0.524780 0.916748 -3.988741 -1.020326 1.782426
-1.983276 -0.457764 0.812378 -3.856068 -0.890026 1.579500
-1.860352 -0.342041 0.697144 -3.617066 -0.665027 1.355450
-1.762451 -0.202026 0.591431 -3.426719 -0.392798 1.149914
-1.664673 -0.050415 0.471436 -3.236609 -0.098022 0.916608
-1.520020 0.043457 0.350342 -2.955361 0.084493 0.681167
-1.394165 0.075317 0.253540 -2.710663 0.146439 0.492956
-1.225586 0.083252 0.190918 -2.382896 0.161866 0.371200
-1.114380 0.083862 0.172363 -2.166679 0.163053 0.335124
-1.003906 0.150269 0.167969 -1.951887 0.292166 0.326580
-0.883545 0.241089 0.158447 -1.717869 0.468747 0.308068
-0.747681 0.354736 0.140137 -1.453709 0.689711 0.272467
-0.608032 0.449829 0.110596 -1.182192 0.874599 0.215030
-0.503540 0.489258 0.078735 -0.979029 0.951260 0.153084
-0.410400 0.467651 0.041870 -0.797938 0.909251 0.081408
-0.333618 0.385864 0.002930 -0.648651 0.750233 0.005696
-0.270264 0.283447 -0.038696 -0.525471 0.551104 -0.075237
-0.204834 0.174072 -0.072876 -0.398257 0.338447 -0.141692
-0.139038 0.076660 -0.090698 -0.270331 0.149050 -0.176344
-0.073730 0.052856 -0.100586 -0.143354 0.102768 -0.195568
-0.020996 0.099731 -0.102783 -0.040823 0.193907 -0.199841
0.011963 0.158569 -0.094482 0.023259 0.308305 -0.183701
0.034058 0.198608 -0.084351 0.066218 0.386153 -0.164002
0.056763 0.215088 -0.081909 0.110363 0.418194 -0.159255
0.081299 0.217896 -0.087158 0.158069 0.423652 -0.169461
0.106812 0.206299 -0.102661 0.207673 0.401105 -0.199603
0.134521 0.177002 -0.126709 0.261549 0.344143 -0.246359
0.160278 0.134644 -0.148804 0.311628 0.261786 -0.289318
0.177612 0.089111 -0.167725 0.345330 0.173258 -0.326106
0.186035 0.049072 -0.187256 0.361707 0.095411 -0.364080
0.186646 0.016113 -0.201782 0.362893 0.031329 -0.392323
0.175415 0.001831 -0.205688 0.341058 0.003560 -0.399918
0.148926 0.017578 -0.192383 0.289555 0.034177 -0.374048
0.107666 0.046387 -0.164917 0.209334 0.090189 -0.320647
0.059814 0.062378 -0.129517 0.116297 0.121281 -0.251818
0.016235 0.050415 -0.091064 0.031566 0.098022 -0.177056
-0.014648 0.014771 -0.062012 -0.028481 0.028718 -0.120569
-0.034546 -0.023071 -0.044922 -0.067167 -0.044857 -0.087341
-0.043701 -0.041870 -0.035034 -0.084968 -0.081408 -0.068117
-0.045166 -0.034546 -0.034546 -0.087816 -0.067167 -0.067167
-0.047363 -0.019775 -0.037354 -0.092088 -0.038449 -0.072626
-0.053711 -0.015503 -0.038330 -0.104430 -0.030142 -0.074525
-0.060425 -0.019897 -0.035278 -0.117483 -0.038686 -0.068591
-0.065796 -0.021362 -0.029541 -0.127926 -0.041535 -0.057436
-0.068115 -0.008057 -0.020386 -0.132436 -0.015664 -0.039636
-0.069946 0.011963 -0.010010 -0.135996 0.023259 -0.019462
-0.073975 0.020630 -0.003052 -0.143828 0.040111 -0.005934
-0.078491 0.013062 0.001831 -0.152610 0.025395 0.003560
-0.078857 0.000977 0.003540 -0.153322 0.001899 0.006883
-0.074463 -0.004883 -0.000488 -0.144778 -0.009494 -0.000949
-0.067383 -0.000488 -0.007080 -0.131012 -0.000949 -0.013766
-0.062622 0.009521 -0.009888 -0.121756 0.018513 -0.019225
-0.064819 0.018677 -0.006348 -0.126028 0.036313 -0.012342
-0.075439 0.022217 0.001709 -0.146676 0.043196 0.003323
-0.088989 0.019287 0.007813 -0.173021 0.037500 0.015190
-0.096558 0.013672 0.009155 -0.187736 0.026582 0.017801
-0.096558 0.006592 0.007324 -0.187736 0.012816 0.014240
-0.088501 -0.000732 0.001831 -0.172072 -0.001424 0.003560
-0.076416 -0.008179 -0.006226 -0.148575 -0.015902 -0.012104
-0.064697 -0.011597 -0.015381 -0.125790 -0.022547 -0.029905
-0.056519 -0.007202 -0.024414 -0.109889 -0.014003 -0.047468
-0.055298 0.001709 -0.035400 -0.107515 0.003323 -0.068829
-0.065063 0.007080 -0.046753 -0.126502 0.013766 -0.090901
-0.082397 0.003540 -0.055176 -0.160205 0.006883 -0.107278
-0.096191 -0.007568 -0.055786 -0.187024 -0.014715 -0.108465
-0.101196 -0.016724 -0.049316 -0.196755 -0.032516 -0.095885
-0.101563 -0.021118 -0.041504 -0.197467 -0.041060 -0.080696
-0.101440 -0.027100 -0.033203 -0.197230 -0.052690 -0.064557
-0.101929 -0.037476 -0.027710 -0.198179 -0.072863 -0.053876
-0.100830 -0.045776 -0.027344 -0.196043 -0.089003 -0.053164
-0.100952 -0.045776 -0.034058 -0.196280 -0.089003 -0.066218
-0.103394 -0.036743 -0.045532 -0.201027 -0.071439 -0.088528
