-1.192993 0.104492 -0.141357 -2.319527 0.203163 -0.274840
-1.326416 0.109497 0.004639 -2.578939 0.212894 0.009019
-1.483276 0.083252 0.180054 -2.883922 0.161866 0.350077
-1.640503 -0.006592 0.359497 -3.189616 -0.012816 0.698967
-1.813110 -0.170654 0.530396 -3.525215 -0.331802 1.031244
-1.988647 -0.364258 0.709717 -3.866511 -0.708223 1.379896
-2.168579 -0.595337 0.920044 -4.216350 -1.157509 1.788834
-2.367310 -0.830200 1.168091 -4.602740 -1.614151 2.271109
-2.511353 -1.097900 1.416016 -4.882802 -2.134639 2.753147
-2.593262 -1.355347 1.662476 -5.042057 -2.635189 3.232337
-2.562622 -1.533447 1.900391 -4.982485 -2.981469 3.694914
-2.293457 -1.488892 2.043945 -4.459149 -2.894840 3.974026
-1.876343 -1.275146 2.064819 -3.648158 -2.479257 4.014611
-1.434082 -0.879028 1.936646 -2.788274 -1.709087 3.765404
-1.045776 -0.380249 1.703247 -2.033294 -0.739315 3.311609
-0.813477 0.007935 1.411011 -1.581636 0.015427 2.743416
-0.618164 0.179565 1.096436 -1.201891 0.349128 2.131790
-0.408325 0.173462 0.820923 -0.793903 0.337261 1.596113
-0.204956 0.063232 0.617676 -0.398494 0.122942 1.200942
-0.021484 -0.061523 0.473145 -0.041772 -0.119620 0.919931
0.165405 -0.139771 0.353027 0.321596 -0.271755 0.686388
0.381348 -0.125366 0.229858 0.741451 -0.243748 0.446912
0.598145 -0.038086 0.113525 1.162967 -0.074050 0.220726
0.804199 0.078369 -0.027344 1.563598 0.152372 -0.053164
0.973145 0.156128 -0.179932 1.892077 0.303558 -0.349840
1.092529 0.208130 -0.313843 2.124196 0.404665 -0.610202
1.165283 0.249512 -0.428711 2.265650 0.485124 -0.833539
1.216064 0.286499 -0.529785 2.364384 0.557038 -1.030057
1.271973 0.322266 -0.631714 2.473086 0.626578 -1.228236
1.344238 0.354980 -0.750244 2.613591 0.690186 -1.458693
1.456177 0.369385 -0.903198 2.831232 0.718192 -1.756081
1.583496 0.326660 -1.056519 3.078778 0.635123 -2.054180
1.643921 0.258911 -1.189209 3.196262 0.503399 -2.312169
1.623901 0.213135 -1.302734 3.157338 0.414396 -2.532896
1.550049 0.195068 -1.394287 3.013747 0.379270 -2.710901
1.458008 0.193115 -1.459229 2.834792 0.375472 -2.837166
1.369751 0.177490 -1.496704 2.663195 0.345093 -2.910029
1.295288 0.110107 -1.513062 2.518418 0.214081 -2.941833
1.226563 0.018066 -1.516113 2.384795 0.035126 -2.947766
1.148315 -0.043945 -1.510254 2.232660 -0.085443 -2.936374
1.058594 -0.068848 -1.494019 2.058215 -0.133860 -2.904808
0.946655 -0.036255 -1.458984 1.840574 -0.070490 -2.836691
0.809692 0.055420 -1.407349 1.574278 0.107752 -2.736296
0.644165 0.143311 -1.344116 1.252445 0.278637 -2.613354
0.458740 0.205688 -1.277222 0.891925 0.399918 -2.483291
0.276123 0.248779 -1.220093 0.536864 0.483700 -2.372216
0.110352 0.298950 -1.179199 0.214556 0.581246 -2.292707
-0.045532 0.342285 -1.151245 -0.088528 0.665502 -2.238356
-0.199219 0.362427 -1.137695 -0.387339 0.704663 -2.212011
-0.356689 0.361572 -1.127197 -0.693508 0.703002 -2.191600
-0.532349 0.328003 -1.102295 -1.035041 0.637733 -2.143183
-0.729248 0.273926 -1.058838 -1.417871 0.532592 -2.058690
-0.940674 0.207153 -1.005615 -1.828944 0.402766 -1.955209
-1.150024 0.109253 -0.936279 -2.235983 0.212420 -1.820400
-1.346924 -0.034668 -0.835449 -2.618813 -0.067405 -1.624357
-1.536621 -0.203857 -0.700073 -2.987639 -0.396358 -1.361147
-1.729736 -0.384766 -0.535645 -3.363112 -0.748097 -1.041449
-1.936890 -0.565918 -0.345093 -3.765878 -1.100310 -0.670961
-2.151611 -0.753418 -0.131470 -4.183360 -1.464864 -0.255615
-2.350098 -0.966553 0.112427 -4.569275 -1.879260 0.218590
-2.519409 -1.182495 0.392700 -4.898466 -2.299115 0.763524
-2.646851 -1.385620 0.693481 -5.146249 -2.694050 1.348330
-2.655029 -1.691284 0.949463 -5.162151 -3.288350 1.846033
-2.428101 -1.780151 1.133301 -4.720936 -3.461133 2.203467
-2.080933 -1.460938 1.270142 -4.045940 -2.840488 2.469526
-1.724854 -1.118652 1.314575 -3.353618 -2.174986 2.555918
-1.430908 -0.753174 1.283447 -2.782103 -1.464390 2.495396
-1.172485 -0.363037 1.172852 -2.279654 -0.705850 2.280365
-0.947998 -0.048828 1.039063 -1.843185 -0.094936 2.020241
-0.776001 0.123535 0.874878 -1.508772 0.240188 1.701018
-0.625488 0.228882 0.709595 -1.216132 0.445013 1.379659
-0.533325 0.307251 0.570313 -1.036940 0.597386 1.108854
-0.465454 0.338745 0.428955 -0.904979 0.658619 0.834014
-0.388428 0.340088 0.293091 -0.755217 0.661230 0.569854
-0.296631 0.313721 0.178101 -0.576737 0.609965 0.346279
-0.203125 0.291870 0.074463 -0.394934 0.567481 0.144778
-0.105225 0.297729 -0.021729 -0.204587 0.578873 -0.042247
-0.022095 0.319824 -0.084351 -0.042959 0.621832 -0.164002
0.057373 0.349365 -0.120239 0.111550 0.679268 -0.233780
0.133789 0.365234 -0.143311 0.260125 0.710122 -0.278637
0.201660 0.370239 -0.153076 0.392086 0.719853 -0.297625
0.248779 0.364502 -0.151123 0.483700 0.708698 -0.293827
0.270142 0.361206 -0.145386 0.525234 0.702290 -0.282672
0.270020 0.361328 -0.145142 0.524997 0.702527 -0.282198
0.252808 0.351074 -0.151733 0.491532 0.682591 -0.295014
0.217529 0.319580 -0.155640 0.422940 0.621357 -0.302609
0.171509 0.266968 -0.154175 0.333463 0.519063 -0.299761
0.121216 0.197021 -0.146973 0.235679 0.383067 -0.285758
0.069336 0.123657 -0.134277 0.134809 0.240426 -0.261074
0.024170 0.060059 -0.119019 0.046993 0.116771 -0.231407
-0.011719 0.004639 -0.100708 -0.022785 0.009019 -0.195806
-0.040039 -0.033081 -0.075928 -0.077848 -0.064319 -0.147626
-0.061279 -0.052490 -0.047729 -0.119145 -0.102056 -0.092800
-0.078613 -0.062500 -0.017456 -0.152847 -0.121518 -0.033940
-0.090576 -0.064331 0.012939 -0.176106 -0.125078 0.025158
-0.095703 -0.054688 0.044556 -0.186075 -0.106328 0.086629
-0.094849 -0.028076 0.075562 -0.184413 -0.054588 0.146914
-0.089600 0.005615 0.103516 -0.174208 0.010918 0.201265
-0.083008 0.033691 0.123901 -0.161391 0.065506 0.240900
-0.078369 0.055664 0.136353 -0.152372 0.108227 0.265109
-0.079224 0.073242 0.142090 -0.154034 0.142404 0.276264
-0.079834 0.085449 0.139893 -0.155221 0.166138 0.271992
-0.074097 0.097046 0.136475 -0.144066 0.188686 0.265346
-0.061768 0.108765 0.132690 -0.120094 0.211470 0.257989
-0.046021 0.117188 0.127686 -0.089477 0.227847 0.248258
-0.035767 0.130249 0.120605 -0.069541 0.253242 0.234492
-0.036499 0.144653 0.114136 -0.070965 0.281248 0.221913
-0.044189 0.142334 0.105347 -0.085917 0.276739 0.204825
-0.041504 0.067749 0.098389 -0.080696 0.131724 0.191296
0.000732 0.069092 0.099854 0.001424 0.134335 0.194144
0.062500 0.135986 0.083862 0.121518 0.264397 0.163053
0.111816 0.185547 0.053345 0.217404 0.360757 0.103718
0.135986 0.244751 0.027344 0.264397 0.475867 0.053164
0.145874 0.292847 0.003906 0.283622 0.569379 0.007595
0.151855 0.308472 -0.015503 0.295251 0.599759 -0.030142
0.153320 0.287720 -0.026367 0.298099 0.559411 -0.051266
0.150024 0.225098 -0.025757 0.291691 0.437655 -0.050079
0.151123 0.137329 -0.020996 0.293827 0.267008 -0.040823
0.140137 0.076660 -0.016357 0.272467 0.149050 -0.031804
0.104126 0.089722 -0.007568 0.202451 0.174445 -0.014715
0.065430 0.208374 0.004761 0.127214 0.405140 0.009256
0.082764 0.369751 0.032593 0.160917 0.718904 0.063370
0.131348 0.515991 0.093140 0.255378 1.003237 0.181091
0.176636 0.558105 0.126221 0.343431 1.085120 0.245410
0.165405 0.540771 0.172852 0.321596 1.051417 0.336074
0.121460 0.524048 0.196289 0.236154 1.018902 0.381643
0.091309 0.478271 0.155396 0.177531 0.929899 0.302134
0.054565 0.418579 0.109009 0.106091 0.813840 0.211945
0.026611 0.367554 0.070068 0.051740 0.714632 0.136233
0.027344 0.312622 0.038452 0.053164 0.607828 0.074762
0.051392 0.270142 0.018677 0.099920 0.525234 0.036313
0.072998 0.287598 0.004639 0.141929 0.559174 0.009019
0.075806 0.341309 -0.001831 0.147388 0.663603 -0.003560
0.066040 0.359497 -0.001831 0.128401 0.698967 -0.003560
0.057617 0.356812 -0.009766 0.112025 0.693746 -0.018987
0.053467 0.380737 -0.027466 0.103955 0.740264 -0.053402
0.054810 0.433472 -0.047119 0.106566 0.842795 -0.091613
0.058716 0.477417 -0.065063 0.114161 0.928238 -0.126502
0.060669 0.473511 -0.085815 0.117958 0.920643 -0.166850
0.052124 0.437744 -0.112671 0.101344 0.851102 -0.219065
0.032715 0.391968 -0.124634 0.063607 0.762100 -0.242324
0.034180 0.352051 -0.159668 0.066455 0.684489 -0.310441
0.041016 0.331543 -0.201416 0.079746 0.644616 -0.391611
0.040161 0.382080 -0.239990 0.078085 0.742875 -0.466611
0.041138 0.453125 -0.272949 0.079984 0.881007 -0.530693
0.058960 0.483398 -0.291382 0.114635 0.939868 -0.566531
0.087402 0.474976 -0.297974 0.169936 0.923491 -0.579348
0.102905 0.463867 -0.301392 0.200078 0.901893 -0.585993
0.099243 0.476074 -0.309692 0.192958 0.925627 -0.602132
0.068481 0.472778 -0.339355 0.133148 0.919219 -0.659806
