0.764404 -0.434326 0.269653 1.486225 -0.844457 0.524285
0.815552 -0.418945 0.288574 1.585670 -0.814552 0.561072
0.897583 -0.355469 0.288818 1.745163 -0.691135 0.561547
1.021851 -0.277100 0.237671 1.986776 -0.538762 0.462102
1.158936 -0.220459 0.132935 2.253309 -0.428637 0.258464
1.274292 -0.175171 0.000854 2.477595 -0.340583 0.001661
1.375244 -0.120728 -0.138794 2.673876 -0.234730 -0.269856
1.476807 -0.094727 -0.284302 2.871343 -0.184176 -0.552766
1.556152 -0.112671 -0.420044 3.025614 -0.219065 -0.816688
1.622559 -0.149170 -0.560791 3.154727 -0.290030 -1.090341
1.666504 -0.172852 -0.711060 3.240170 -0.336074 -1.382507
1.667480 -0.166016 -0.864502 3.242068 -0.322783 -1.680844
1.616211 -0.127197 -1.020996 3.142385 -0.247309 -1.985114
1.519897 -0.102539 -1.169922 2.955124 -0.199366 -2.274669
1.396851 -0.108887 -1.314575 2.715885 -0.211708 -2.555918
1.283813 -0.123169 -1.437012 2.496108 -0.239476 -2.793970
1.190430 -0.200684 -1.536987 2.314543 -0.390187 -2.988352
1.108398 -0.341187 -1.592651 2.155050 -0.663366 -3.096579
1.013062 -0.455688 -1.606567 1.969687 -0.885991 -3.123636
0.888672 -0.458618 -1.611328 1.727837 -0.891687 -3.132892
0.734253 -0.389771 -1.606689 1.427602 -0.757828 -3.123873
0.559814 -0.321655 -1.589600 1.088443 -0.625392 -3.090645
0.380737 -0.293457 -1.550537 0.740264 -0.570566 -3.014696
0.207153 -0.278442 -1.493774 0.402766 -0.541373 -2.904333
0.040283 -0.282959 -1.422852 0.078322 -0.550155 -2.766438
-0.123169 -0.321289 -1.358765 -0.239476 -0.624680 -2.641835
-0.282349 -0.399170 -1.317627 -0.548968 -0.776103 -2.561851
-0.441895 -0.472534 -1.301636 -0.859172 -0.918744 -2.530760
-0.616577 -0.495483 -1.291016 -1.198806 -0.963364 -2.510111
-0.809204 -0.460938 -1.281494 -1.573329 -0.896197 -2.491598
-0.999756 -0.396729 -1.276367 -1.943817 -0.771356 -2.481630
-1.183228 -0.328613 -1.265747 -2.300539 -0.638920 -2.460981
-1.356689 -0.278198 -1.245483 -2.637800 -0.540899 -2.421583
-1.516724 -0.260376 -1.197632 -2.948953 -0.506247 -2.328546
-1.659912 -0.267944 -1.111084 -3.227353 -0.520962 -2.160271
-1.781616 -0.297974 -0.982300 -3.463981 -0.579348 -1.909877
-1.874268 -0.339844 -0.807007 -3.644123 -0.660755 -1.569057
-1.934326 -0.381836 -0.580566 -3.760894 -0.742400 -1.128790
-1.965698 -0.419678 -0.299805 -3.821891 -0.815976 -0.582908
-1.968506 -0.460571 0.020264 -3.827349 -0.895485 0.039398
-1.929810 -0.506592 0.362427 -3.752113 -0.984962 0.704663
-1.830322 -0.542358 0.708496 -3.558680 -1.054503 1.377523
-1.660645 -0.564331 1.044556 -3.228777 -1.097224 2.030921
-1.432251 -0.567505 1.358765 -2.784714 -1.103395 2.641835
-1.152344 -0.528320 1.649780 -2.240492 -1.027209 3.207654
-0.820313 -0.451416 1.912964 -1.594927 -0.877684 3.719360
-0.455444 -0.380981 2.126221 -0.885517 -0.740739 4.133993
-0.092896 -0.342773 2.281494 -0.180616 -0.666452 4.435890
0.224854 -0.352051 2.364746 0.437181 -0.684489 4.597756
0.475220 -0.377686 2.383911 0.923966 -0.734331 4.635018
0.639404 -0.360596 2.369141 1.243188 -0.701103 4.606300
0.696533 -0.231812 2.335815 1.354264 -0.450709 4.541506
0.729492 0.035889 2.257324 1.418346 0.069778 4.388896
0.793457 0.305420 2.111450 1.542712 0.593825 4.105275
0.876221 0.500854 1.915161 1.703629 0.973807 3.723632
0.969360 0.634644 1.695679 1.884719 1.233932 3.296894
1.045532 0.696289 1.474243 2.032820 1.353789 2.866359
1.107056 0.705811 1.256836 2.152439 1.372302 2.443655
1.132813 0.667847 1.047729 2.202518 1.298489 2.037092
1.115234 0.609985 0.846558 2.168341 1.185989 1.645955
1.035034 0.530518 0.648193 2.012408 1.031481 1.260277
0.877930 0.432739 0.456055 1.706951 0.841371 0.886703
0.674805 0.337280 0.287476 1.312017 0.655771 0.558936
0.469238 0.234253 0.154419 0.912336 0.455456 0.300235
0.275757 0.117432 0.062134 0.536152 0.228321 0.120806
0.113281 0.005249 0.000244 0.220252 0.010206 0.000475
-0.007935 -0.068237 -0.054810 -0.015427 -0.132673 -0.106566
-0.100098 -0.078857 -0.108032 -0.194619 -0.153322 -0.210046
-0.191406 -0.040527 -0.154541 -0.372150 -0.078797 -0.300473
-0.302002 0.029053 -0.196899 -0.587180 0.056487 -0.382830
-0.426270 0.082153 -0.234863 -0.828792 0.159730 -0.456643
-0.552734 0.088989 -0.266235 -1.074677 0.173021 -0.517639
-0.679077 0.050171 -0.286865 -1.320324 0.097547 -0.557750
-0.786987 -0.018066 -0.302612 -1.530133 -0.035126 -0.588367
-0.880737 -0.102417 -0.317139 -1.712410 -0.199128 -0.616610
-0.966675 -0.173218 -0.339355 -1.879498 -0.336786 -0.659806
-1.040039 -0.199707 -0.366455 -2.022139 -0.388289 -0.712496
-1.110352 -0.183228 -0.395020 -2.158847 -0.356248 -0.768033
-1.198486 -0.166138 -0.427490 -2.330207 -0.323020 -0.831166
-1.275391 -0.138428 -0.475708 -2.479731 -0.269144 -0.924915
-1.330688 -0.115356 -0.538330 -2.587246 -0.224287 -1.046671
-1.386230 -0.098389 -0.596802 -2.695236 -0.191296 -1.160357
-1.432129 -0.088623 -0.647583 -2.784476 -0.172309 -1.259090
-1.459229 -0.087402 -0.693726 -2.837166 -0.169936 -1.348805
-1.459229 -0.092285 -0.738525 -2.837166 -0.179429 -1.435909
-1.441284 -0.100586 -0.771851 -2.802277 -0.195568 -1.500703
-1.404785 -0.074463 -0.798096 -2.731312 -0.144778 -1.551731
-1.322266 -0.012573 -0.832886 -2.570870 -0.024446 -1.619373
-1.165527 0.051636 -0.865601 -2.266125 0.100395 -1.682980
-0.968994 0.133301 -0.879150 -1.884007 0.259176 -1.709325
-0.781616 0.211060 -0.880371 -1.519690 0.410361 -1.711698
-0.610840 0.267334 -0.817139 -1.187651 0.519775 -1.588756
-0.445557 0.291870 -0.736572 -0.866292 0.567481 -1.432111
-0.298950 0.276489 -0.636841 -0.581246 0.537576 -1.238204
-0.187134 0.239990 -0.518921 -0.363843 0.466611 -1.008934
-0.106201 0.194702 -0.395264 -0.206486 0.378558 -0.768508
-0.047241 0.151978 -0.275391 -0.091851 0.295489 -0.535440
-0.003296 0.119507 -0.165894 -0.006408 0.232356 -0.322545
0.028687 0.088867 -0.073853 0.055775 0.172784 -0.143591
0.053345 0.058838 -0.007446 0.103718 0.114398 -0.014478
0.071777 0.032471 0.043213 0.139556 0.063133 0.084018
0.089111 0.006836 0.079224 0.173258 0.013291 0.154034
0.105713 -0.009766 0.104492 0.205537 -0.018987 0.203163
0.118042 -0.016968 0.124756 0.229508 -0.032990 0.242562
0.125732 -0.028931 0.136963 0.244460 -0.056250 0.266296
0.130005 -0.041748 0.147949 0.252767 -0.081170 0.287656
0.125854 -0.043579 0.164551 0.244698 -0.084730 0.319935
0.110107 -0.038330 0.176758 0.214081 -0.074525 0.343669
0.086670 -0.039551 0.181274 0.168512 -0.076898 0.352450
0.058838 -0.040161 0.181030 0.114398 -0.078085 0.351976
0.036011 -0.032471 0.172363 0.070015 -0.063133 0.335124
0.018433 -0.026123 0.162109 0.035838 -0.050791 0.315188
0.008423 -0.023926 0.144775 0.016376 -0.046519 0.281486
-0.000488 -0.020142 0.128052 -0.000949 -0.039161 0.248970
-0.014160 -0.010864 0.112061 -0.027531 -0.021123 0.217878
-0.031372 0.001465 0.094360 -0.060996 0.002848 0.183464
-0.049561 0.011108 0.073730 -0.096360 0.021598 0.143354
-0.063965 0.015991 0.055542 -0.124366 0.031092 0.107990
-0.074341 0.013306 0.039795 -0.144540 0.025870 0.077373
-0.084717 0.004639 0.031738 -0.164714 0.009019 0.061708
-0.095581 -0.001221 0.034668 -0.185837 -0.002373 0.067405
-0.100830 -0.011230 0.044189 -0.196043 -0.021835 0.085917
-0.099854 -0.025757 0.053101 -0.194144 -0.050079 0.103243
-0.094849 -0.029907 0.059570 -0.184413 -0.058148 0.115822
-0.087769 -0.016602 0.062012 -0.170648 -0.032278 0.120569
-0.083008 0.002441 0.058472 -0.161391 0.004747 0.113686
-0.083496 0.015259 0.050537 -0.162341 0.029668 0.098259
-0.087158 0.023071 0.041260 -0.169461 0.044857 0.080221
-0.086914 0.015747 0.021851 -0.168986 0.030617 0.042484
-0.082520 -0.006348 -0.002197 -0.160442 -0.012342 -0.004272
-0.099854 -0.015137 0.019409 -0.194144 -0.029430 0.037737
-0.107056 -0.011963 0.024902 -0.208147 -0.023259 0.048417
-0.102539 -0.022949 0.016602 -0.199366 -0.044620 0.032278
-0.099487 -0.037109 0.014404 -0.193432 -0.072151 0.028006
-0.094238 -0.026367 0.007568 -0.183227 -0.051266 0.014715
-0.091309 0.003418 0.000244 -0.177531 0.006646 0.000475
-0.090332 0.024414 -0.003296 -0.175632 0.047468 -0.006408
-0.087524 0.024780 -0.008545 -0.170173 0.048180 -0.016614
-0.085205 0.009277 -0.013794 -0.165664 0.018038 -0.026819
-0.082764 -0.012695 -0.018555 -0.160917 -0.024683 -0.036076
-0.078003 -0.033569 -0.024170 -0.151660 -0.065269 -0.046993
-0.072266 -0.043457 -0.026611 -0.140505 -0.084493 -0.051740
-0.066162 -0.039917 -0.024048 -0.128638 -0.077610 -0.046756
-0.061157 -0.032715 -0.020264 -0.118907 -0.063607 -0.039398
-0.055420 -0.030151 -0.017822 -0.107752 -0.058623 -0.034652
-0.053833 -0.030151 -0.016235 -0.104667 -0.058623 -0.031566
-0.055176 -0.024292 -0.011963 -0.107278 -0.047231 -0.023259
-0.057861 -0.019653 -0.007080 -0.112499 -0.038212 -0.013766
-0.058716 -0.026001 -0.005737 -0.114161 -0.050553 -0.011155
-0.056885 -0.037720 -0.008789 -0.110601 -0.073338 -0.017089
