0.458496 -0.285889 0.034546 0.891450 -0.555851 0.067167
0.518066 -0.392822 0.069214 1.007272 -0.763761 0.134572
0.522461 -0.444336 0.137451 1.015816 -0.863919 0.267245
0.538818 -0.434204 0.221924 1.047620 -0.844219 0.431485
0.608643 -0.392822 0.289673 1.183379 -0.763761 0.563209
0.721802 -0.346069 0.320068 1.403393 -0.672860 0.622306
0.855103 -0.299805 0.291626 1.662569 -0.582908 0.567006
0.984741 -0.243774 0.208618 1.914624 -0.473969 0.405615
1.108521 -0.204468 0.116333 2.155287 -0.397545 0.226185
1.224487 -0.167480 0.044312 2.380760 -0.325631 0.086155
1.314575 -0.128540 -0.016357 2.555918 -0.249919 -0.031804
1.366699 -0.097778 -0.072021 2.657262 -0.190110 -0.140031
1.389160 -0.079224 -0.128540 2.700933 -0.154034 -0.249919
1.400757 -0.094727 -0.187378 2.723480 -0.184176 -0.364317
1.428223 -0.128052 -0.251709 2.776881 -0.248970 -0.489396
1.478149 -0.187622 -0.305786 2.873954 -0.364792 -0.594537
1.528809 -0.269043 -0.320923 2.972450 -0.523098 -0.623968
1.599731 -0.268433 -0.362061 3.110344 -0.521911 -0.703951
1.668945 -0.245239 -0.427612 3.244916 -0.476817 -0.831403
1.681519 -0.224731 -0.489990 3.269362 -0.436943 -0.952684
1.649170 -0.157593 -0.544067 3.206467 -0.306406 -1.057826
1.589722 -0.076050 -0.606567 3.090883 -0.147863 -1.179344
1.488037 -0.019409 -0.667603 2.893178 -0.037737 -1.298014
1.380249 0.000732 -0.751099 2.683607 0.001424 -1.460355
1.255249 -0.012085 -0.849121 2.440570 -0.023497 -1.650939
1.092407 -0.009521 -0.909180 2.123958 -0.018513 -1.767710
0.906982 -0.026978 -0.935181 1.763438 -0.052452 -1.818264
0.734619 -0.113647 -0.976196 1.428314 -0.220964 -1.898010
0.600830 -0.226074 -1.046021 1.168189 -0.439554 -2.033769
0.478027 -0.301758 -1.118774 0.929425 -0.586705 -2.175224
0.331909 -0.315674 -1.184814 0.645328 -0.613762 -2.303625
0.158569 -0.283936 -1.252930 0.308305 -0.552054 -2.436061
-0.034790 -0.254028 -1.324951 -0.067642 -0.493905 -2.576092
-0.239380 -0.258423 -1.378418 -0.465424 -0.502449 -2.680047
-0.454956 -0.295044 -1.393066 -0.884567 -0.573651 -2.708527
-0.671143 -0.377197 -1.375854 -1.304897 -0.733381 -2.675062
-0.887329 -0.494507 -1.342896 -1.725227 -0.961465 -2.610981
-1.114624 -0.607300 -1.310059 -2.167154 -1.180768 -2.547136
-1.338867 -0.680298 -1.296997 -2.603148 -1.322697 -2.521740
-1.545654 -0.689941 -1.297363 -3.005203 -1.341447 -2.522453
-1.713501 -0.645630 -1.279907 -3.331546 -1.255293 -2.488513
-1.843750 -0.562744 -1.234131 -3.584788 -1.094139 -2.399510
-1.944702 -0.463745 -1.155884 -3.781068 -0.901656 -2.247375
-2.019653 -0.349854 -1.039429 -3.926795 -0.680217 -2.020952
-2.066650 -0.229370 -0.882690 -4.018171 -0.445962 -1.716208
-2.088257 -0.137207 -0.681152 -4.060180 -0.266770 -1.324359
-2.084717 -0.111450 -0.438354 -4.053298 -0.216692 -0.852289
-2.044800 -0.169067 -0.178833 -3.975687 -0.328716 -0.347704
-1.956299 -0.297729 0.072021 -3.803615 -0.578873 0.140031
-1.812866 -0.447632 0.292603 -3.524740 -0.870327 0.568905
-1.645752 -0.552856 0.499023 -3.199822 -1.074914 0.970247
-1.406982 -0.541748 0.678589 -2.735584 -1.053316 1.319375
-1.104126 -0.494751 0.860352 -2.146743 -0.961940 1.672774
-0.789185 -0.433960 1.063477 -1.534405 -0.843745 2.067708
-0.489868 -0.375854 1.258423 -0.952447 -0.730771 2.446741
-0.249390 -0.370850 1.440674 -0.484886 -0.721040 2.801090
-0.067993 -0.396484 1.599731 -0.132199 -0.770881 3.110344
0.074707 -0.403687 1.720215 0.145252 -0.784884 3.344599
0.191895 -0.353394 1.803589 0.373099 -0.687100 3.506703
0.287720 -0.252197 1.853882 0.559411 -0.490345 3.604487
0.348999 -0.129272 1.864990 0.678556 -0.251343 3.626085
0.404419 0.015869 1.816162 0.786308 0.030854 3.531149
0.483276 0.149536 1.714478 0.939630 0.290742 3.333444
0.582275 0.232422 1.576782 1.132113 0.451896 3.065724
0.696167 0.248901 1.421387 1.353552 0.483937 2.763590
0.790771 0.203979 1.270386 1.537490 0.396596 2.470000
0.843384 0.157837 1.125977 1.639784 0.306881 2.189227
0.849121 0.146362 0.989502 1.650939 0.284571 1.923880
0.818481 0.165161 0.863770 1.591367 0.321121 1.679420
0.762085 0.182983 0.753296 1.481715 0.355773 1.464627
0.695923 0.184326 0.662842 1.353077 0.358384 1.288758
0.640137 0.179932 0.588135 1.244612 0.349840 1.143505
0.593018 0.177246 0.525146 1.152999 0.344618 1.021038
0.547119 0.185547 0.468506 1.063759 0.360757 0.910912
0.499146 0.199341 0.407593 0.970484 0.387577 0.792479
0.438354 0.199829 0.333984 0.852289 0.388526 0.649363
0.363525 0.193604 0.244263 0.706799 0.376422 0.474918
0.271606 0.187012 0.140991 0.528082 0.363605 0.274128
0.153320 0.184448 0.034180 0.298099 0.358621 0.066455
0.008667 0.191772 -0.069214 0.016851 0.372862 -0.134572
-0.153564 0.195801 -0.162720 -0.298574 0.380694 -0.316375
-0.314697 0.176025 -0.256226 -0.611863 0.342245 -0.498177
-0.468384 0.124023 -0.346191 -0.910675 0.241138 -0.673097
-0.614502 0.048218 -0.430176 -1.194771 0.093749 -0.836387
-0.767090 -0.040039 -0.515991 -1.491446 -0.077848 -1.003237
-0.933472 -0.124878 -0.603638 -1.814941 -0.242799 -1.173648
-1.108521 -0.201538 -0.688965 -2.155287 -0.391849 -1.339549
-1.271851 -0.254395 -0.759399 -2.472848 -0.494617 -1.476494
-1.414063 -0.270020 -0.807495 -2.749350 -0.524997 -1.570006
-1.534912 -0.252441 -0.844360 -2.984317 -0.490820 -1.641683
-1.635498 -0.198608 -0.877930 -3.179885 -0.386153 -1.706951
-1.703857 -0.130371 -0.921143 -3.312796 -0.253479 -1.790970
-1.742188 -0.057129 -0.974365 -3.387321 -0.111075 -1.894450
-1.737793 0.004883 -1.036743 -3.378776 0.009494 -2.015731
-1.662231 0.034302 -1.091309 -3.231863 0.066693 -2.121822
-1.499634 0.080566 -1.127197 -2.915725 0.156645 -2.191600
-1.288086 0.158325 -1.142578 -2.504415 0.307830 -2.221505
-1.093506 0.234375 -1.137207 -2.126094 0.455693 -2.211062
-0.941650 0.253784 -1.095825 -1.830843 0.493430 -2.130604
-0.828857 0.182251 -1.015259 -1.611541 0.354349 -1.973959
-0.730957 0.070557 -0.894165 -1.421194 0.137183 -1.738518
-0.646851 -0.025757 -0.738159 -1.257666 -0.050079 -1.435197
-0.588745 -0.044556 -0.575562 -1.144692 -0.086629 -1.119059
-0.502441 0.027954 -0.424805 -0.976893 0.054351 -0.825944
-0.392944 0.161743 -0.268188 -0.763998 0.314476 -0.521437
-0.282593 0.339600 -0.135010 -0.549443 0.660281 -0.262498
-0.202637 0.453613 -0.038574 -0.393985 0.881957 -0.075000
-0.150269 0.483765 0.027100 -0.292166 0.940580 0.052690
-0.106689 0.465820 0.062378 -0.207435 0.905691 0.121281
-0.067749 0.406372 0.078857 -0.131724 0.790106 0.153322
-0.030029 0.320679 0.084351 -0.058386 0.623493 0.164002
0.001831 0.231323 0.086182 0.003560 0.449760 0.167562
0.020386 0.152344 0.083618 0.039636 0.296201 0.162578
0.016113 0.082764 0.077148 0.031329 0.160917 0.149999
-0.006958 0.042603 0.070557 -0.013528 0.082832 0.137183
-0.038330 0.032715 0.067749 -0.074525 0.063607 0.131724
-0.070435 0.057251 0.071899 -0.136945 0.111313 0.139793
-0.095337 0.095581 0.086548 -0.185363 0.185837 0.168274
-0.103516 0.118652 0.113770 -0.201265 0.230695 0.221201
-0.096680 0.113647 0.156006 -0.187973 0.220964 0.303321
-0.086914 0.087524 0.206421 -0.168986 0.170173 0.401342
-0.081665 0.050171 0.254272 -0.158781 0.097547 0.494380
-0.087036 0.014160 0.289063 -0.169224 0.027531 0.562022
-0.096924 -0.018677 0.310913 -0.188448 -0.036313 0.604506
-0.104858 -0.041260 0.325317 -0.203875 -0.080221 0.632512
-0.102661 -0.055908 0.331909 -0.199603 -0.108702 0.645328
-0.089111 -0.062012 0.331177 -0.173258 -0.120569 0.643904
-0.075562 -0.056641 0.329468 -0.146914 -0.110126 0.640581
-0.080200 -0.034790 0.321167 -0.155933 -0.067642 0.624442
-0.076050 -0.010986 0.302246 -0.147863 -0.021361 0.587655
-0.062134 0.000488 0.278076 -0.120806 0.000949 0.540661
-0.046143 0.000854 0.252686 -0.089715 0.001661 0.491294
-0.038330 0.000244 0.226563 -0.074525 0.000475 0.440504
-0.043579 -0.013306 0.194824 -0.084730 -0.025870 0.378795
-0.059448 -0.040283 0.153809 -0.115585 -0.078322 0.299049
-0.073853 -0.062500 0.108887 -0.143591 -0.121518 0.211708
-0.079834 -0.070435 0.067505 -0.155221 -0.136945 0.131249
-0.085083 -0.054688 0.034302 -0.165426 -0.106328 0.066693
-0.085815 -0.037598 0.015137 -0.166850 -0.073101 0.029430
-0.078735 -0.019287 0.011353 -0.153084 -0.037500 0.022073
-0.064453 0.001099 0.022461 -0.125316 0.002136 0.043671
-0.047241 0.015991 0.041870 -0.091851 0.031092 0.081408
-0.031982 0.017334 0.062134 -0.062183 0.033702 0.120806
-0.022583 0.010010 0.076172 -0.043908 0.019462 0.148100
-0.018799 0.004517 0.079102 -0.036550 0.008782 0.153797
-0.026245 0.003662 0.073242 -0.051028 0.007120 0.142404
-0.043457 0.002441 0.060059 -0.084493 0.004747 0.116771
-0.059692 0.000366 0.043091 -0.116059 0.000712 0.083781
-0.075195 -0.004272 0.020630 -0.146202 -0.008307 0.040111
-0.088745 -0.003784 -0.005859 -0.172546 -0.007358 -0.011392
