-1.215210 0.142578 -0.422852 -2.362723 0.277213 -0.822147
-1.308472 0.085083 -0.377075 -2.544050 0.165426 -0.733144
-1.406982 -0.005493 -0.283691 -2.735584 -0.010680 -0.551579
-1.491333 -0.010254 -0.146118 -2.899586 -0.019937 -0.284096
-1.592896 -0.071411 0.026978 -3.097053 -0.138844 0.052452
-1.693115 -0.161011 0.231567 -3.291910 -0.313052 0.450235
-1.791870 -0.291382 0.460693 -3.483918 -0.566531 0.895722
-1.915405 -0.471924 0.727173 -3.724106 -0.917558 1.413836
-2.059448 -0.684448 1.030518 -4.004168 -1.330767 2.003627
-2.234497 -0.904297 1.351929 -4.344514 -1.758217 2.628544
-2.415771 -1.072998 1.666260 -4.696964 -2.086221 3.239695
-2.455200 -1.185303 1.901245 -4.773625 -2.304574 3.696575
-2.419312 -1.226685 2.055054 -4.703847 -2.385032 3.995624
-2.271484 -1.150879 2.083130 -4.416428 -2.237644 4.050212
-2.057373 -0.979858 1.976440 -4.000133 -1.905131 3.842777
-1.778564 -0.672119 1.755615 -3.458048 -1.306796 3.413428
-1.477539 -0.394165 1.507446 -2.872767 -0.766372 2.930915
-1.137573 -0.146606 1.288940 -2.211774 -0.285046 2.506076
-0.773315 0.057739 1.091309 -1.503551 0.112262 2.121822
-0.417603 0.193359 0.890015 -0.811941 0.375947 1.730448
-0.118896 0.250488 0.686401 -0.231169 0.487022 1.334564
0.120605 0.261475 0.470581 0.234492 0.508383 0.914947
0.311646 0.231689 0.255371 0.605930 0.450472 0.496516
0.469971 0.177856 0.047485 0.913760 0.345805 0.092325
0.597168 0.139282 -0.161621 1.161069 0.270805 -0.314239
0.701050 0.132202 -0.355347 1.363045 0.257040 -0.690898
0.788574 0.130493 -0.517090 1.533218 0.253717 -1.005373
0.855713 0.137207 -0.635132 1.663755 0.266770 -1.234882
0.902466 0.150146 -0.717773 1.754657 0.291929 -1.395561
0.939331 0.161621 -0.778076 1.826334 0.314239 -1.512807
0.986084 0.184814 -0.829102 1.917235 0.359333 -1.612015
1.065674 0.215088 -0.884399 2.071981 0.418194 -1.719530
1.206543 0.229370 -0.963379 2.345871 0.445962 -1.873090
1.353394 0.200684 -1.045166 2.631392 0.390187 -2.032108
1.433228 0.174683 -1.118774 2.786612 0.339634 -2.175224
1.438843 0.203125 -1.177368 2.797530 0.394934 -2.289147
1.392212 0.257080 -1.218262 2.706866 0.499839 -2.368656
1.329468 0.296021 -1.262939 2.584873 0.575550 -2.455523
1.273682 0.319824 -1.310913 2.476408 0.621832 -2.548797
1.221558 0.321167 -1.352295 2.375064 0.624442 -2.629256
1.159912 0.303955 -1.382202 2.255207 0.590977 -2.687404
1.082031 0.256348 -1.391846 2.103784 0.498415 -2.706154
0.979858 0.206421 -1.371338 1.905131 0.401342 -2.666281
0.847900 0.182007 -1.315063 1.648566 0.353874 -2.556867
0.682129 0.151489 -1.221191 1.326257 0.294539 -2.374352
0.488525 0.108887 -1.104614 0.949836 0.211708 -2.147692
0.282349 0.072876 -0.988281 0.548968 0.141692 -1.921507
0.081299 0.064575 -0.891968 0.158069 0.125553 -1.734245
-0.103394 0.079712 -0.828735 -0.201027 0.154983 -1.611303
-0.267212 0.107788 -0.800903 -0.519538 0.209571 -1.557190
-0.411865 0.139771 -0.791992 -0.800786 0.271755 -1.539864
-0.544922 0.148193 -0.784180 -1.059487 0.288131 -1.524674
-0.681030 0.110962 -0.752563 -1.324121 0.215742 -1.463203
-0.825073 0.031494 -0.677124 -1.604183 0.061234 -1.316527
-0.973267 -0.095337 -0.559937 -1.892314 -0.185363 -1.088680
-1.124756 -0.272827 -0.418091 -2.186853 -0.530456 -0.812890
-1.287598 -0.471680 -0.278564 -2.503465 -0.917083 -0.541611
-1.464111 -0.668091 -0.153687 -2.846659 -1.298963 -0.298811
-1.654175 -0.836060 -0.039795 -3.216198 -1.625544 -0.077373
-1.851807 -0.948364 0.058960 -3.600452 -1.843897 0.114635
-2.024658 -1.030273 0.136841 -3.936526 -2.003152 0.266058
-2.125977 -1.065308 0.194702 -4.133518 -2.071269 0.378558
-2.142822 -1.035645 0.242188 -4.166271 -2.013595 0.470883
-2.089233 -0.935181 0.287598 -4.062079 -1.818264 0.559174
-2.006104 -0.844604 0.337769 -3.900450 -1.642157 0.656721
-1.889648 -0.747314 0.382080 -3.674028 -1.452997 0.742875
-1.745728 -0.638672 0.415771 -3.394203 -1.241764 0.808381
-1.581787 -0.498535 0.421509 -3.075455 -0.969298 0.819536
-1.376221 -0.346924 0.388184 -2.675774 -0.674521 0.754742
-1.121094 -0.205566 0.333496 -2.179733 -0.399681 0.648414
-0.844849 -0.080078 0.281738 -1.642632 -0.155695 0.547781
-0.585693 0.029785 0.238770 -1.138759 0.057911 0.464238
-0.420410 0.126099 0.225342 -0.817400 0.245173 0.438130
-0.357544 0.193970 0.196533 -0.695170 0.377134 0.382118
-0.368164 0.197388 0.156494 -0.715818 0.383779 0.304270
-0.396973 0.184326 0.112427 -0.771831 0.358384 0.218590
-0.398193 0.203247 0.067749 -0.774204 0.395172 0.131724
-0.353271 0.232056 0.031738 -0.686863 0.451184 0.061708
-0.273315 0.241089 -0.001465 -0.531405 0.468747 -0.002848
-0.187378 0.232178 -0.022339 -0.364317 0.451421 -0.043433
-0.120117 0.207886 -0.031250 -0.233543 0.404191 -0.060759
-0.071899 0.173584 -0.040649 -0.139793 0.337498 -0.079034
-0.046509 0.143677 -0.049683 -0.090427 0.279350 -0.096597
-0.036743 0.132690 -0.056885 -0.071439 0.257989 -0.110601
-0.032959 0.134521 -0.063477 -0.064082 0.261549 -0.123417
-0.030762 0.141113 -0.072388 -0.059810 0.274365 -0.140743
-0.026611 0.135010 -0.082275 -0.051740 0.262498 -0.159967
-0.020752 0.109253 -0.089600 -0.040348 0.212420 -0.174208
-0.014038 0.073120 -0.094604 -0.027294 0.142167 -0.183939
-0.006958 0.042358 -0.094238 -0.013528 0.082357 -0.183227
-0.006592 0.021851 -0.089478 -0.012816 0.042484 -0.173970
-0.015503 0.012573 -0.080933 -0.030142 0.024446 -0.157357
-0.027466 0.019165 -0.073486 -0.053402 0.037262 -0.142879
-0.035400 0.033691 -0.066040 -0.068829 0.065506 -0.128401
-0.035278 0.042358 -0.057251 -0.068591 0.082357 -0.111313
-0.027100 0.036987 -0.047363 -0.052690 0.071914 -0.092088
-0.010254 0.021362 -0.037476 -0.019937 0.041535 -0.072863
0.010376 0.002441 -0.028320 0.020174 0.004747 -0.055063
0.028198 -0.014038 -0.019409 0.054826 -0.027294 -0.037737
0.038208 -0.018921 -0.009155 0.074288 -0.036788 -0.017801
0.038818 -0.011719 0.001343 0.075474 -0.022785 0.002611
0.026123 -0.000732 0.014282 0.050791 -0.001424 0.027769
0.005371 0.008179 0.025757 0.010443 0.015902 0.050079
-0.011963 0.014771 0.035645 -0.023259 0.028718 0.069303
-0.023315 0.015747 0.045166 -0.045332 0.030617 0.087816
-0.028931 0.011353 0.051636 -0.056250 0.022073 0.100395
-0.030884 0.002441 0.050293 -0.060047 0.004747 0.097784
-0.032349 -0.008667 0.044434 -0.062895 -0.016851 0.086392
-0.034912 -0.020996 0.035522 -0.067879 -0.040823 0.069066
-0.036743 -0.023926 0.021484 -0.071439 -0.046519 0.041772
-0.039795 -0.017822 0.007935 -0.077373 -0.034652 0.015427
-0.043823 -0.009155 0.000366 -0.085205 -0.017801 0.000712
-0.044189 -0.005127 -0.001709 -0.085917 -0.009968 -0.003323
-0.044312 -0.003296 -0.002197 -0.086155 -0.006408 -0.004272
-0.049072 -0.001709 -0.004395 -0.095411 -0.003323 -0.008544
-0.055420 -0.004150 -0.007813 -0.107752 -0.008070 -0.015190
-0.061523 -0.001953 -0.008667 -0.119620 -0.003797 -0.016851
-0.065796 0.002563 -0.006348 -0.127926 0.004984 -0.012342
-0.064941 -0.002075 -0.005859 -0.126265 -0.004035 -0.011392
-0.062378 -0.018311 -0.006958 -0.121281 -0.035601 -0.013528
-0.065186 -0.036621 -0.006470 -0.126740 -0.071202 -0.012579
-0.069702 -0.043823 -0.004639 -0.135521 -0.085205 -0.009019
-0.074585 -0.046631 -0.004272 -0.145015 -0.090664 -0.008307
-0.077026 -0.050171 -0.004395 -0.149762 -0.097547 -0.008544
-0.080688 -0.044067 -0.002197 -0.156882 -0.085680 -0.004272
-0.089478 -0.026489 -0.000977 -0.173970 -0.051503 -0.001899
-0.101318 -0.014771 -0.004150 -0.196992 -0.028718 -0.008070
-0.108398 -0.015625 -0.005249 -0.210758 -0.030380 -0.010206
-0.105835 -0.024170 -0.002441 -0.205774 -0.046993 -0.004747
-0.094238 -0.033936 -0.000610 -0.183227 -0.065981 -0.001187
-0.080811 -0.037720 -0.000977 -0.157119 -0.073338 -0.001899
-0.071899 -0.030396 -0.004150 -0.139793 -0.059098 -0.008070
-0.067627 -0.015747 -0.009521 -0.131487 -0.030617 -0.018513
-0.068481 0.000000 -0.013916 -0.133148 0.000000 -0.027057
-0.069946 0.010132 -0.013428 -0.135996 0.019699 -0.026107
-0.069458 0.014648 -0.008301 -0.135047 0.028481 -0.016139
-0.067383 0.011230 -0.000732 -0.131012 0.021835 -0.001424
-0.064819 0.000488 0.004517 -0.126028 0.000949 0.008782
-0.061646 -0.010254 0.006226 -0.119857 -0.019937 0.012104
-0.057983 -0.012573 0.005981 -0.112737 -0.024446 0.011630
-0.053711 -0.007324 0.004272 -0.104430 -0.014240 0.008307
-0.052490 -0.000488 0.000366 -0.102056 -0.000949 0.000712
-0.055664 0.002563 -0.003906 -0.108227 0.004984 -0.007595
-0.061279 -0.000244 -0.005981 -0.119145 -0.000475 -0.011630
-0.062988 -0.008423 -0.005859 -0.122468 -0.016376 -0.011392
-0.062134 -0.020020 -0.004028 -0.120806 -0.038924 -0.007832
-0.061035 -0.032227 -0.000366 -0.118670 -0.062658 -0.000712
-0.060669 -0.040405 0.002563 -0.117958 -0.078560 0.004984
-0.060913 -0.042847 0.001953 -0.118433 -0.083306 0.003797
-0.062988 -0.035645 -0.001587 -0.122468 -0.069303 -0.003085
