-0.447388 0.463623 -0.215332 -0.869852 0.901418 -0.418668
-0.520996 0.475830 -0.278320 -1.012968 0.925152 -0.541136
-0.597778 0.428833 -0.280884 -1.162255 0.833776 -0.546120
-0.670044 0.371460 -0.227173 -1.302761 0.722227 -0.441690
-0.752197 0.264160 -0.154907 -1.462491 0.513604 -0.301185
-0.833008 0.134888 -0.080811 -1.619610 0.262261 -0.157119
-0.914551 0.016846 -0.010742 -1.778153 0.032753 -0.020886
-1.022095 -0.109619 0.042969 -1.987250 -0.213132 0.083544
-1.175293 -0.250488 0.078125 -2.285112 -0.487022 0.151898
-1.360474 -0.390015 0.107544 -2.645158 -0.758302 0.209097
-1.563599 -0.519409 0.148315 -3.040092 -1.009883 0.288368
-1.799927 -0.634888 0.206055 -3.499583 -1.234407 0.400630
-2.099365 -0.694824 0.264526 -4.081778 -1.350941 0.514316
-2.361938 -0.707397 0.315430 -4.592297 -1.375387 0.613287
-2.523315 -0.785522 0.363159 -4.906061 -1.527285 0.706087
-2.623901 -0.905640 0.422852 -5.101629 -1.760828 0.822147
-2.606445 -0.978516 0.477783 -5.067690 -1.902520 0.928950
-2.493774 -1.003784 0.508911 -4.848625 -1.951649 0.989472
-2.367065 -0.960205 0.523071 -4.602265 -1.866919 1.017003
-2.172974 -0.837891 0.496460 -4.224895 -1.629104 0.965263
-1.866211 -0.642212 0.419189 -3.628458 -1.248647 0.815027
-1.440674 -0.369873 0.299805 -2.801090 -0.719141 0.582908
-0.911133 -0.072876 0.115234 -1.771508 -0.141692 0.224049
-0.384644 0.123901 -0.101440 -0.747859 0.240900 -0.197230
0.006592 0.178345 -0.288086 0.012816 0.346754 -0.560123
0.254272 0.168335 -0.422241 0.494380 0.327292 -0.820960
0.452881 0.138184 -0.534790 0.880532 0.268669 -1.039788
0.651123 0.091553 -0.619507 1.265973 0.178005 -1.204502
0.862427 0.111938 -0.667236 1.676809 0.217641 -1.297302
1.098755 0.226563 -0.709351 2.136300 0.440504 -1.379184
1.343750 0.379639 -0.731689 2.612642 0.738128 -1.422618
1.571045 0.551025 -0.745605 3.054569 1.071354 -1.449674
1.750977 0.712280 -0.757813 3.404409 1.384881 -1.473408
1.867920 0.835205 -0.760742 3.631781 1.623882 -1.479105
1.922119 0.914063 -0.761597 3.737160 1.777204 -1.480766
1.924561 0.973389 -0.762329 3.741907 1.892551 -1.482190
1.888428 0.999878 -0.778320 3.671654 1.944054 -1.513282
1.860229 0.953491 -0.793457 3.616829 1.853865 -1.542712
1.812622 0.802856 -0.770752 3.524266 1.560987 -1.498567
1.697021 0.611084 -0.712524 3.299505 1.188125 -1.385355
1.517700 0.468262 -0.629395 2.950852 0.910437 -1.223727
1.337524 0.399658 -0.546387 2.600538 0.777052 -1.062335
1.178711 0.378418 -0.481323 2.291758 0.735755 -0.935833
1.033081 0.386597 -0.439331 2.008611 0.751657 -0.854188
0.883911 0.396606 -0.399902 1.718581 0.771119 -0.777527
0.720947 0.401733 -0.358887 1.401732 0.781087 -0.697780
0.544189 0.386230 -0.304810 1.058063 0.750945 -0.592639
0.364868 0.330444 -0.251587 0.709410 0.642480 -0.489158
0.189331 0.249023 -0.208008 0.368115 0.484174 -0.404428
0.022339 0.160522 -0.166260 0.043433 0.312102 -0.323257
-0.129761 0.065796 -0.124023 -0.252293 0.127926 -0.241138
-0.269531 -0.041382 -0.089233 -0.524047 -0.080458 -0.173496
-0.406006 -0.139282 -0.060913 -0.789394 -0.270805 -0.118433
-0.538452 -0.209351 -0.025513 -1.046908 -0.407039 -0.049604
-0.677612 -0.269653 0.017944 -1.317476 -0.524285 0.034889
-0.834106 -0.335693 0.072632 -1.621746 -0.652686 0.141217
-1.006592 -0.403320 0.124756 -1.957108 -0.784172 0.242562
-1.188843 -0.505249 0.168091 -2.311457 -0.982351 0.326818
-1.366577 -0.586792 0.206421 -2.657024 -1.140895 0.401342
-1.561768 -0.666748 0.245239 -3.036532 -1.296353 0.476817
-1.767578 -0.754517 0.268677 -3.436687 -1.467000 0.522386
-1.952148 -0.830444 0.269897 -3.795546 -1.614626 0.524759
-2.107666 -0.889160 0.267456 -4.097918 -1.728787 0.520013
-2.206909 -0.916504 0.263306 -4.290875 -1.781951 0.511943
-2.252441 -0.932983 0.252808 -4.379403 -1.813992 0.491532
-2.217896 -0.892456 0.215698 -4.312236 -1.735195 0.419380
-2.104248 -0.759277 0.142212 -4.091272 -1.476257 0.276501
-1.937744 -0.614380 0.072144 -3.767540 -1.194534 0.140268
-1.755859 -0.521118 0.028198 -3.413903 -1.013206 0.054826
-1.608398 -0.460327 0.010010 -3.127196 -0.895010 0.019462
-1.474243 -0.416260 0.007324 -2.866359 -0.809330 0.014240
-1.329712 -0.377808 -0.007202 -2.585348 -0.734568 -0.014003
-1.145386 -0.329590 -0.067627 -2.226964 -0.640819 -0.131487
-0.910767 -0.248779 -0.148926 -1.770796 -0.483700 -0.289555
-0.635132 -0.128174 -0.241943 -1.234882 -0.249207 -0.470408
-0.337524 -0.000854 -0.341064 -0.656246 -0.001661 -0.663129
-0.041992 0.103394 -0.455688 -0.081645 0.201027 -0.885991
0.242188 0.190430 -0.573608 0.470883 0.370251 -1.115262
0.511719 0.282349 -0.689941 0.994930 0.548968 -1.341447
0.760864 0.386719 -0.789673 1.479342 0.751894 -1.535354
0.952881 0.486206 -0.850464 1.852678 0.945326 -1.653550
1.092163 0.590820 -0.912598 2.123483 1.148727 -1.774356
1.195435 0.698242 -0.984497 2.324273 1.357586 -1.914149
1.252686 0.783081 -1.026123 2.435586 1.522538 -1.995082
1.269531 0.847412 -1.029053 2.468339 1.647616 -2.000779
1.273682 0.887207 -1.007080 2.476408 1.724989 -1.958057
1.282837 0.914673 -0.962280 2.494209 1.778391 -1.870953
1.316895 0.933105 -0.922729 2.560427 1.814229 -1.794055
1.359009 0.918579 -0.877197 2.642309 1.785986 -1.705527
1.373657 0.863403 -0.804321 2.670790 1.678708 -1.563835
1.348755 0.789063 -0.711426 2.622373 1.534168 -1.383219
1.279175 0.709106 -0.624878 2.487089 1.378710 -1.214945
1.180176 0.635010 -0.584106 2.294606 1.234644 -1.135673
1.069458 0.566650 -0.588013 2.079338 1.101734 -1.143268
0.958496 0.508301 -0.614136 1.863596 0.988285 -1.194059
0.854736 0.465088 -0.648804 1.661857 0.904266 -1.261464
0.762207 0.439453 -0.676025 1.481953 0.854425 -1.314391
0.680298 0.423828 -0.672485 1.322697 0.824045 -1.307508
0.601440 0.400269 -0.635376 1.169376 0.778239 -1.235356
0.523071 0.358643 -0.573608 1.017003 0.697306 -1.115262
0.450073 0.306763 -0.502441 0.875074 0.596436 -0.976893
0.378296 0.247681 -0.424683 0.735518 0.481563 -0.825707
0.305908 0.189331 -0.333740 0.594775 0.368115 -0.648888
0.242554 0.139648 -0.241821 0.471595 0.271517 -0.470171
0.192139 0.087524 -0.160889 0.373574 0.170173 -0.312815
0.145142 0.028320 -0.093018 0.282198 0.055063 -0.180853
0.101318 -0.019653 -0.042114 0.196992 -0.038212 -0.081882
0.066040 -0.054077 -0.004883 0.128401 -0.105142 -0.009494
0.038330 -0.090332 0.013794 0.074525 -0.175632 0.026819
0.008911 -0.129272 0.022705 0.017326 -0.251343 0.044145
-0.024536 -0.161011 0.033569 -0.047705 -0.313052 0.065269
-0.060913 -0.179810 0.057251 -0.118433 -0.349602 0.111313
-0.098267 -0.187622 0.091553 -0.191059 -0.364792 0.178005
-0.135620 -0.193237 0.128662 -0.263685 -0.375710 0.250157
-0.171143 -0.199585 0.161987 -0.332751 -0.388051 0.314951
-0.204834 -0.204590 0.190674 -0.398257 -0.397782 0.370726
-0.230103 -0.209473 0.207520 -0.447386 -0.407276 0.403478
-0.242798 -0.210083 0.204712 -0.472070 -0.408463 0.398020
-0.247559 -0.200562 0.184814 -0.481326 -0.389950 0.359333
-0.249023 -0.173828 0.151733 -0.484174 -0.337973 0.295014
-0.245239 -0.129272 0.108765 -0.476817 -0.251343 0.211470
-0.234497 -0.081177 0.060303 -0.455931 -0.157831 0.117246
-0.221924 -0.041870 0.015503 -0.431485 -0.081408 0.030142
-0.212891 -0.009766 -0.016846 -0.413921 -0.018987 -0.032753
-0.208130 0.012207 -0.035400 -0.404665 0.023734 -0.068829
-0.205811 0.020874 -0.041260 -0.400156 0.040585 -0.080221
-0.204712 0.027710 -0.036377 -0.398020 0.053876 -0.070727
-0.203613 0.044922 -0.026611 -0.395884 0.087341 -0.051740
-0.198242 0.064575 -0.015503 -0.385441 0.125553 -0.030142
-0.194824 0.067017 -0.005859 -0.378795 0.130300 -0.011392
-0.197388 0.044434 0.003906 -0.383779 0.086392 0.007595
-0.204346 0.008179 0.013550 -0.397308 0.015902 0.026345
-0.210327 -0.032104 0.022461 -0.408937 -0.062420 0.043671
-0.212402 -0.071533 0.031128 -0.412972 -0.139081 0.060522
-0.212158 -0.098877 0.037720 -0.412497 -0.192246 0.073338
-0.209473 -0.111450 0.038330 -0.407276 -0.216692 0.074525
-0.205200 -0.114746 0.033081 -0.398969 -0.223100 0.064319
-0.198120 -0.109985 0.023804 -0.385203 -0.213844 0.046281
-0.189209 -0.096558 0.014526 -0.367877 -0.187736 0.028243
-0.174194 -0.073975 0.007690 -0.338685 -0.143828 0.014952
-0.154663 -0.052856 0.001221 -0.300710 -0.102768 0.002373
-0.137573 -0.035034 -0.011230 -0.267482 -0.068117 -0.021835
-0.124634 -0.019287 -0.031494 -0.242324 -0.037500 -0.061234
-0.112793 -0.005737 -0.054932 -0.219302 -0.011155 -0.106803
-0.101196 0.008423 -0.075928 -0.196755 0.016376 -0.147626
-0.091187 0.020020 -0.093994 -0.177293 0.038924 -0.182752
-0.086182 0.026733 -0.108521 -0.167562 0.051978 -0.210996
-0.086182 0.027222 -0.117432 -0.167562 0.052927 -0.228321
-0.088013 0.031250 -0.121216 -0.171122 0.060759 -0.235679
-0.088989 0.039063 -0.118896 -0.173021 0.075949 -0.231169
