-0.432617 -0.136230 -0.321777 -0.841134 -0.264872 -0.625629
-0.546143 -0.191040 -0.229858 -1.061860 -0.371438 -0.446912
-0.677734 -0.180298 -0.138428 -1.317713 -0.350552 -0.269144
-0.792725 -0.123779 -0.025635 -1.541288 -0.240663 -0.049841
-0.898315 -0.080322 0.111328 -1.746587 -0.156170 0.216454
-1.005249 -0.055542 0.250610 -1.954497 -0.107990 0.487260
-1.121704 -0.051514 0.381836 -2.180920 -0.100158 0.742400
-1.243286 -0.106812 0.506592 -2.417311 -0.207673 0.984962
-1.369141 -0.235962 0.614624 -2.662009 -0.458779 1.195008
-1.509033 -0.419189 0.701660 -2.934000 -0.815027 1.364232
-1.715088 -0.641602 0.767700 -3.334631 -1.247460 1.492633
-1.967041 -0.852173 0.836426 -3.824501 -1.656873 1.626256
-2.115479 -0.983521 0.866211 -4.113107 -1.912251 1.684167
-2.230957 -1.049438 0.840820 -4.337631 -2.040414 1.634800
-2.306763 -0.997314 0.782959 -4.485019 -1.939070 1.522301
-2.311279 -0.875854 0.687622 -4.493801 -1.702917 1.336938
-2.186646 -0.734253 0.611328 -4.251476 -1.427602 1.188600
-1.954712 -0.573853 0.562866 -3.800530 -1.115737 1.094376
-1.668213 -0.399658 0.496582 -3.243492 -0.777052 0.965500
-1.383789 -0.286377 0.396362 -2.690490 -0.556800 0.770644
-1.070801 -0.244751 0.264038 -2.081949 -0.475867 0.513367
-0.700684 -0.218994 0.111084 -1.362333 -0.425788 0.215980
-0.293457 -0.163574 -0.046387 -0.570566 -0.318036 -0.090189
0.124146 -0.068726 -0.206421 0.241375 -0.133623 -0.401342
0.487915 0.016113 -0.350952 0.948649 0.031329 -0.682353
0.769165 0.044922 -0.447632 1.495481 0.087341 -0.870327
0.995972 0.056519 -0.534790 1.936459 0.109889 -1.039788
1.191162 0.093018 -0.633911 2.315967 0.180853 -1.232508
1.364624 0.193115 -0.735962 2.653227 0.375472 -1.430925
1.514771 0.329956 -0.842285 2.945156 0.641531 -1.637648
1.635376 0.475952 -0.932129 3.179648 0.925390 -1.812330
1.706787 0.594849 -1.008667 3.318492 1.156559 -1.961143
1.747437 0.689209 -1.068726 3.397526 1.340023 -2.077914
1.763062 0.753052 -1.100098 3.427906 1.464152 -2.138911
1.765259 0.791138 -1.110474 3.432178 1.538202 -2.159085
1.781982 0.787598 -1.108887 3.464694 1.531319 -2.155999
1.779785 0.737427 -1.069092 3.460421 1.433773 -2.078626
1.725708 0.644775 -1.001465 3.355280 1.253631 -1.947140
1.609497 0.536621 -0.922119 3.129332 1.043348 -1.792868
1.462158 0.466553 -0.840698 2.842862 0.907115 -1.634562
1.309814 0.438354 -0.763672 2.546661 0.852289 -1.484801
1.153931 0.428955 -0.695679 2.243578 0.834014 -1.352602
0.992188 0.411377 -0.642822 1.929102 0.799837 -1.249834
0.832031 0.394531 -0.605347 1.617711 0.767084 -1.176970
0.676880 0.374268 -0.566162 1.316052 0.727685 -1.100784
0.529785 0.361938 -0.512695 1.030057 0.703714 -0.996829
0.388916 0.348755 -0.443970 0.756166 0.678081 -0.863207
0.255981 0.325562 -0.370361 0.497703 0.632987 -0.720090
0.136963 0.302002 -0.295410 0.266296 0.587180 -0.574363
0.036133 0.255127 -0.222412 0.070253 0.496041 -0.432434
-0.058472 0.174927 -0.153564 -0.113686 0.340109 -0.298574
-0.169067 0.080200 -0.093506 -0.328716 0.155933 -0.181803
-0.305176 -0.005127 -0.041382 -0.593351 -0.009968 -0.080458
-0.466187 -0.081665 0.016235 -0.906403 -0.158781 0.031566
-0.633667 -0.152222 0.082642 -1.232033 -0.295963 0.160679
-0.802734 -0.226685 0.153931 -1.560750 -0.440741 0.299286
-0.969604 -0.314331 0.226807 -1.885194 -0.611151 0.440978
-1.133301 -0.412476 0.300415 -2.203467 -0.801973 0.584094
-1.297241 -0.512695 0.365845 -2.522215 -0.996829 0.711309
-1.471313 -0.610596 0.415283 -2.860662 -1.187176 0.807432
-1.651245 -0.703369 0.453369 -3.210502 -1.367555 0.881482
-1.811890 -0.789673 0.495605 -3.522842 -1.535354 0.963602
-1.935791 -0.856201 0.539917 -3.763742 -1.664705 1.049756
-2.024658 -0.888062 0.581055 -3.936526 -1.726651 1.129740
-2.097778 -0.896362 0.602905 -4.078693 -1.742790 1.172224
-2.129150 -0.894287 0.590942 -4.139689 -1.738755 1.148964
-2.134277 -0.880371 0.556152 -4.149658 -1.711698 1.081322
-2.145264 -0.818970 0.539551 -4.171018 -1.592316 1.049044
-2.137451 -0.689209 0.513916 -4.155828 -1.340023 0.999203
-2.097900 -0.578369 0.472534 -4.078930 -1.124518 0.918744
-2.035767 -0.563110 0.431519 -3.958124 -1.094851 0.838998
-1.941772 -0.648682 0.433594 -3.775372 -1.261226 0.843033
-1.744141 -0.735107 0.451904 -3.391118 -1.429263 0.878634
-1.403198 -0.681030 0.441772 -2.728227 -1.324121 0.858934
-0.914429 -0.462769 0.377441 -1.777916 -0.899757 0.733856
-0.372314 -0.142700 0.261353 -0.723888 -0.277451 0.508146
0.092896 0.152710 0.106567 0.180616 0.296913 0.207198
0.417603 0.341797 -0.084839 0.811941 0.664553 -0.164952
0.593994 0.411377 -0.312988 1.154898 0.799837 -0.608540
0.657471 0.423462 -0.556030 1.278315 0.823333 -1.081085
0.663208 0.446289 -0.788086 1.289470 0.867716 -1.532269
0.633667 0.485718 -0.985840 1.232033 0.944377 -1.916760
0.594727 0.542480 -1.151123 1.156322 1.054740 -2.238119
0.584351 0.598267 -1.286011 1.136148 1.163205 -2.500380
0.615356 0.623779 -1.392456 1.196432 1.212809 -2.707341
0.709351 0.619019 -1.488770 1.379184 1.203553 -2.894602
0.910400 0.589844 -1.571899 1.770084 1.146828 -3.056231
1.134277 0.538452 -1.590088 2.205366 1.046908 -3.091594
1.284302 0.504639 -1.536011 2.497057 0.981165 -2.986453
1.343994 0.534424 -1.453369 2.613117 1.039076 -2.825773
1.337280 0.590820 -1.383301 2.600063 1.148727 -2.689540
1.289673 0.652222 -1.301392 2.507500 1.268109 -2.530285
1.192017 0.716431 -1.217285 2.317628 1.392950 -2.366757
1.054077 0.772827 -1.140869 2.049433 1.502601 -2.218182
0.894775 0.799438 -1.064331 1.739704 1.554342 -2.069370
0.727783 0.783203 -0.978149 1.415023 1.522775 -1.901808
0.573364 0.724854 -0.875000 1.114787 1.409327 -1.701255
0.445923 0.624390 -0.763306 0.867004 1.213996 -1.484089
0.346680 0.488770 -0.645508 0.674046 0.950311 -1.255055
0.279663 0.339111 -0.525269 0.543747 0.659331 -1.021275
0.236694 0.197876 -0.413330 0.460203 0.384729 -0.803634
0.207275 0.083008 -0.312866 0.403004 0.161391 -0.608303
0.182251 0.000366 -0.228149 0.354349 0.000712 -0.443589
0.150635 -0.059448 -0.156860 0.292878 -0.115585 -0.304982
0.103394 -0.104614 -0.098022 0.201027 -0.203401 -0.190584
0.041016 -0.135742 -0.049316 0.079746 -0.263922 -0.095885
-0.024536 -0.154541 -0.004272 -0.047705 -0.300473 -0.008307
-0.086060 -0.168091 0.036255 -0.167325 -0.326818 0.070490
-0.147095 -0.188354 0.073853 -0.285995 -0.366216 0.143591
-0.208252 -0.209839 0.110596 -0.404903 -0.407988 0.215030
-0.261475 -0.231323 0.134277 -0.508383 -0.449760 0.261074
-0.298706 -0.245605 0.150635 -0.580772 -0.477529 0.292878
-0.318359 -0.245728 0.166016 -0.618983 -0.477766 0.322783
-0.323608 -0.238037 0.186035 -0.629189 -0.462814 0.361707
-0.317749 -0.226563 0.208374 -0.617797 -0.440504 0.405140
-0.301514 -0.209839 0.224365 -0.586231 -0.407988 0.436231
-0.277588 -0.188721 0.228271 -0.539712 -0.366928 0.443826
-0.248535 -0.167358 0.220947 -0.483225 -0.325394 0.429586
-0.224609 -0.148193 0.205078 -0.436706 -0.288131 0.398732
-0.213257 -0.127075 0.182617 -0.414633 -0.247071 0.355061
-0.216309 -0.108398 0.158691 -0.420567 -0.210758 0.308542
-0.227417 -0.098877 0.134888 -0.442165 -0.192246 0.262261
-0.242065 -0.096313 0.110718 -0.470646 -0.187261 0.215268
-0.254639 -0.094116 0.078369 -0.495092 -0.182989 0.152372
-0.261353 -0.093506 0.040405 -0.508146 -0.181803 0.078560
-0.257690 -0.093994 0.002563 -0.501025 -0.182752 0.004984
-0.242310 -0.093018 -0.032471 -0.471120 -0.180853 -0.063133
-0.219971 -0.084351 -0.062744 -0.427687 -0.164002 -0.121993
-0.194336 -0.063721 -0.083008 -0.377846 -0.123892 -0.161391
-0.170654 -0.036499 -0.088257 -0.331802 -0.070965 -0.171597
-0.147705 -0.013550 -0.080200 -0.287182 -0.026345 -0.155933
-0.123535 0.002686 -0.065674 -0.240188 0.005221 -0.127689
-0.101807 0.025269 -0.048096 -0.197942 0.049129 -0.093512
-0.085938 0.048828 -0.034180 -0.167088 0.094936 -0.066455
-0.074951 0.062256 -0.026367 -0.145727 0.121044 -0.051266
-0.068848 0.060059 -0.024414 -0.133860 0.116771 -0.047468
-0.067017 0.041382 -0.026001 -0.130300 0.080458 -0.050553
-0.064941 0.011963 -0.026733 -0.126265 0.023259 -0.051978
-0.064209 -0.022095 -0.021118 -0.124841 -0.042959 -0.041060
-0.066650 -0.049805 -0.013062 -0.129588 -0.096835 -0.025395
-0.071289 -0.063354 -0.002075 -0.138607 -0.123180 -0.004035
-0.075562 -0.065308 0.011230 -0.146914 -0.126977 0.021835
-0.078979 -0.064575 0.025024 -0.153559 -0.125553 0.048655
-0.076660 -0.071167 0.035278 -0.149050 -0.138369 0.068591
-0.071045 -0.088745 0.042847 -0.138132 -0.172546 0.083306
-0.065186 -0.104980 0.050537 -0.126740 -0.204113 0.098259
-0.059326 -0.107788 0.056030 -0.115347 -0.209571 0.108939
-0.054199 -0.098267 0.055664 -0.105379 -0.191059 0.108227
-0.048218 -0.083740 0.052490 -0.093749 -0.162815 0.102056
-0.040771 -0.067871 0.047119 -0.079272 -0.131961 0.091613
