0.458374 -0.137451 0.348389 0.891213 -0.267245 0.677369
0.557617 -0.164307 0.391357 1.084170 -0.319460 0.760913
0.675415 -0.151611 0.437012 1.313204 -0.294777 0.849678
0.808594 -0.140869 0.404053 1.572142 -0.273891 0.785596
0.979858 -0.265259 0.288330 1.905131 -0.515740 0.560598
1.101074 -0.250122 0.098389 2.140809 -0.486310 0.191296
1.159790 -0.215454 -0.093018 2.254970 -0.418906 -0.180853
1.243042 -0.344360 -0.262817 2.416836 -0.669537 -0.510994
1.310303 -0.560913 -0.416992 2.547611 -1.090579 -0.810754
1.380371 -0.640747 -0.534790 2.683844 -1.245799 -1.039788
1.473022 -0.522705 -0.595459 2.863985 -1.016291 -1.157746
1.511719 -0.313232 -0.600952 2.939222 -0.609015 -1.168426
1.509888 -0.074219 -0.576294 2.935662 -0.144303 -1.120484
1.493774 0.098022 -0.558105 2.904333 0.190584 -1.085120
1.468506 0.143188 -0.540161 2.855204 0.278400 -1.050231
1.451294 0.033569 -0.549927 2.821739 0.065269 -1.069218
1.463013 -0.217896 -0.608765 2.844523 -0.423652 -1.183616
1.479980 -0.561157 -0.707886 2.877514 -1.091053 -1.376336
1.467407 -0.797485 -0.829224 2.853068 -1.550544 -1.612253
1.420532 -0.803589 -0.952515 2.761929 -1.562411 -1.851966
1.346802 -0.652710 -1.047852 2.618575 -1.269058 -2.037329
1.246704 -0.477051 -1.089966 2.423956 -0.927526 -2.119211
1.123413 -0.344604 -1.100586 2.184243 -0.670012 -2.139860
0.991577 -0.282837 -1.083984 1.927915 -0.549917 -2.107582
0.859863 -0.331543 -1.041992 1.671825 -0.644616 -2.025937
0.722412 -0.479126 -0.986084 1.404580 -0.931561 -1.917235
0.579102 -0.621216 -0.942627 1.125942 -1.207825 -1.832742
0.430420 -0.700317 -0.939575 0.836862 -1.361621 -1.826808
0.261841 -0.705322 -0.977295 0.509095 -1.371352 -1.900146
0.064087 -0.693359 -1.031494 0.124604 -1.348093 -2.005525
-0.148071 -0.681519 -1.083008 -0.287894 -1.325071 -2.105683
-0.360352 -0.630493 -1.117554 -0.700629 -1.225863 -2.172850
-0.569214 -0.575317 -1.147095 -1.106718 -1.118585 -2.230287
-0.779907 -0.543213 -1.167114 -1.516367 -1.056164 -2.269211
-0.961548 -0.464233 -1.169434 -1.869529 -0.902605 -2.273720
-1.087524 -0.362305 -1.160156 -2.114465 -0.704426 -2.255682
-1.186523 -0.274170 -1.138794 -2.306947 -0.533066 -2.214148
-1.272339 -0.233398 -1.119751 -2.473798 -0.453795 -2.177122
-1.383057 -0.242676 -1.051880 -2.689065 -0.471832 -2.045161
-1.519897 -0.253906 -0.933350 -2.955124 -0.493668 -1.814704
-1.657959 -0.292847 -0.777588 -3.223556 -0.569379 -1.511858
-1.777710 -0.354858 -0.579712 -3.456387 -0.689948 -1.127129
-1.875732 -0.409546 -0.354248 -3.646971 -0.796277 -0.688762
-1.958618 -0.423218 -0.123413 -3.808125 -0.822859 -0.239951
-2.028809 -0.421021 0.106934 -3.944596 -0.818587 0.207910
-2.077637 -0.415283 0.340454 -4.039532 -0.807432 0.661942
-2.072510 -0.366455 0.585449 -4.029563 -0.712496 1.138284
-1.977783 -0.277466 0.839844 -3.845387 -0.539474 1.632901
-1.765991 -0.192993 1.093506 -3.433602 -0.375235 2.126094
-1.439453 -0.127075 1.337036 -2.798717 -0.247071 2.599588
-1.037964 -0.065186 1.548950 -2.018105 -0.126740 3.011611
-0.630615 -0.026245 1.707642 -1.226100 -0.051028 3.320153
-0.277710 -0.068115 1.837524 -0.539949 -0.132436 3.572683
-0.000977 -0.185181 1.945557 -0.001899 -0.360045 3.782729
0.213745 -0.306274 2.027100 0.415583 -0.595487 3.941273
0.381592 -0.360596 2.080566 0.741926 -0.701103 4.045228
0.503296 -0.293091 2.097290 0.978554 -0.569854 4.077744
0.576172 -0.083252 2.060669 1.120246 -0.161866 4.006541
0.607788 0.249146 1.969727 1.181717 0.484412 3.829723
0.605957 0.620850 1.837158 1.178157 1.207113 3.571971
0.555420 0.916870 1.679688 1.079898 1.782663 3.265802
0.538208 1.057983 1.479492 1.046433 2.057028 2.876564
0.617920 1.007568 1.246948 1.201416 1.959007 2.424431
0.706909 0.844971 1.014771 1.374438 1.642869 1.973010
0.781616 0.686646 0.782837 1.519690 1.335039 1.522063
0.821655 0.560913 0.563477 1.597537 1.090579 1.095563
0.809448 0.468994 0.385498 1.573803 0.911861 0.749521
0.745972 0.386841 0.256226 1.450387 0.752131 0.498177
0.647583 0.293213 0.179565 1.259090 0.570091 0.349128
0.525635 0.191772 0.146484 1.021987 0.372862 0.284808
0.374878 0.102173 0.142090 0.728872 0.198654 0.276264
0.204834 0.052002 0.139526 0.398257 0.101107 0.271280
0.032471 0.037842 0.117676 0.063133 0.073575 0.228796
-0.125977 0.026611 0.062378 -0.244935 0.051740 0.121281
-0.262085 0.002197 -0.036011 -0.509570 0.004272 -0.070015
-0.372437 -0.040039 -0.167603 -0.724125 -0.077848 -0.325868
-0.450073 -0.098267 -0.304810 -0.875074 -0.191059 -0.592639
-0.496216 -0.165283 -0.419922 -0.964788 -0.321359 -0.816451
-0.531128 -0.248657 -0.505005 -1.032668 -0.483462 -0.981877
-0.574829 -0.321533 -0.561646 -1.117635 -0.625154 -1.092003
-0.652710 -0.342041 -0.599976 -1.269058 -0.665027 -1.166528
-0.742188 -0.316528 -0.629639 -1.443029 -0.615423 -1.224201
-0.824463 -0.298218 -0.656860 -1.602996 -0.579822 -1.277128
-0.888550 -0.298218 -0.674805 -1.727600 -0.579822 -1.312017
-0.944336 -0.308960 -0.683472 -1.836064 -0.600708 -1.328868
-1.007324 -0.307129 -0.693359 -1.958532 -0.597148 -1.348093
-1.081299 -0.294922 -0.710815 -2.102360 -0.573414 -1.382033
-1.166504 -0.278442 -0.739258 -2.268024 -0.541373 -1.437333
-1.249878 -0.270874 -0.781738 -2.430127 -0.526658 -1.519927
-1.310425 -0.272827 -0.825073 -2.547848 -0.530456 -1.604183
-1.326416 -0.257690 -0.854736 -2.578939 -0.501025 -1.661857
-1.289917 -0.225586 -0.868774 -2.507975 -0.438605 -1.689151
-1.208618 -0.188721 -0.879272 -2.349906 -0.366928 -1.709562
-1.091675 -0.145020 -0.898560 -2.122534 -0.281960 -1.747062
-0.954712 -0.086670 -0.916870 -1.856238 -0.168512 -1.782663
-0.812134 -0.028198 -0.917969 -1.579025 -0.054826 -1.784799
-0.671265 0.024780 -0.890381 -1.305134 0.048180 -1.731160
-0.543701 0.077026 -0.835571 -1.057114 0.149762 -1.624594
-0.435791 0.122803 -0.761230 -0.847305 0.238764 -1.480054
-0.343262 0.153320 -0.672607 -0.667401 0.298099 -1.307745
-0.265747 0.166138 -0.570435 -0.516690 0.323020 -1.109091
-0.196045 0.165283 -0.461548 -0.381168 0.321359 -0.897384
-0.124634 0.156250 -0.346802 -0.242324 0.303796 -0.674284
-0.060059 0.130737 -0.228027 -0.116771 0.254191 -0.443352
-0.015259 0.095947 -0.116699 -0.029668 0.186549 -0.226897
0.013672 0.063354 -0.037109 0.026582 0.123180 -0.072151
0.027344 0.038208 0.006836 0.053164 0.074288 0.013291
0.023682 0.027100 0.029663 0.046044 0.052690 0.057674
0.005371 0.029785 0.045044 0.010443 0.057911 0.087579
-0.010254 0.033936 0.055054 -0.019937 0.065981 0.107040
-0.024536 0.019043 0.072754 -0.047705 0.037025 0.141455
-0.023682 -0.011230 0.095459 -0.046044 -0.021835 0.185600
-0.014282 -0.054443 0.101929 -0.027769 -0.105854 0.198179
-0.001221 -0.078979 0.106445 -0.002373 -0.153559 0.206961
0.013062 -0.076416 0.114868 0.025395 -0.148575 0.223337
0.029663 -0.054321 0.120361 0.057674 -0.105616 0.234018
0.045044 -0.022339 0.119263 0.087579 -0.043433 0.231881
0.054565 0.021851 0.105957 0.106091 0.042484 0.206011
0.051147 0.063843 0.086548 0.099446 0.124129 0.168274
0.040771 0.091431 0.071045 0.079272 0.177768 0.138132
0.031372 0.100830 0.057617 0.060996 0.196043 0.112025
0.021484 0.089722 0.046997 0.041772 0.174445 0.091376
0.004883 0.062256 0.040161 0.009494 0.121044 0.078085
-0.015991 0.033203 0.029419 -0.031092 0.064557 0.057199
-0.028809 0.012573 0.012939 -0.056012 0.024446 0.025158
-0.032471 -0.001831 -0.000244 -0.063133 -0.003560 -0.000475
-0.030640 -0.019287 -0.004517 -0.059572 -0.037500 -0.008782
-0.024658 -0.031616 -0.002075 -0.047943 -0.061471 -0.004035
-0.015503 -0.016113 -0.001343 -0.030142 -0.031329 -0.002611
-0.014893 0.026367 0.008789 -0.028956 0.051266 0.017089
-0.026733 0.065552 0.026855 -0.051978 0.127452 0.052215
-0.040161 0.086426 0.046509 -0.078085 0.168037 0.090427
-0.047729 0.096069 0.061890 -0.092800 0.186787 0.120332
-0.054810 0.095459 0.070923 -0.106566 0.185600 0.137895
-0.067993 0.079224 0.071899 -0.132199 0.154034 0.139793
-0.081665 0.046753 0.067383 -0.158781 0.090901 0.131012
-0.096680 0.007080 0.060547 -0.187973 0.013766 0.117721
-0.106812 -0.025391 0.045410 -0.207673 -0.049367 0.088291
-0.113525 -0.045776 0.025879 -0.220726 -0.089003 0.050316
-0.119385 -0.047852 0.003784 -0.232119 -0.093037 0.007358
-0.122192 -0.033325 -0.016846 -0.237578 -0.064794 -0.032753
-0.117432 -0.003174 -0.029663 -0.228321 -0.006171 -0.057674
-0.108398 0.029053 -0.034180 -0.210758 0.056487 -0.066455
-0.099976 0.043335 -0.035767 -0.194382 0.084256 -0.069541
-0.091309 0.047363 -0.036743 -0.177531 0.092088 -0.071439
-0.077637 0.050537 -0.038696 -0.150948 0.098259 -0.075237
-0.058350 0.055298 -0.039307 -0.113449 0.107515 -0.076424
-0.037720 0.065796 -0.038696 -0.073338 0.127926 -0.075237
-0.021851 0.075439 -0.037720 -0.042484 0.146676 -0.073338
-0.016724 0.074219 -0.037476 -0.032516 0.144303 -0.072863
