-0.075439 0.513672 -0.028809 -0.146676 0.998728 -0.056012
-0.132446 0.410522 0.030273 -0.257514 0.798175 0.058860
-0.231689 0.312622 0.084229 -0.450472 0.607828 0.163765
-0.341064 0.234253 0.131348 -0.663129 0.455456 0.255378
-0.458862 0.153687 0.163818 -0.892162 0.298811 0.318511
-0.592041 0.057495 0.188721 -1.151100 0.111787 0.366928
-0.730835 -0.031616 0.223877 -1.420956 -0.061471 0.435282
-0.878906 -0.138184 0.291626 -1.708850 -0.268669 0.567006
-1.034912 -0.265259 0.404785 -2.012171 -0.515740 0.787020
-1.180664 -0.344482 0.538452 -2.295555 -0.669774 1.046908
-1.309692 -0.381836 0.672363 -2.546424 -0.742400 1.307270
-1.423340 -0.426636 0.791382 -2.767388 -0.829504 1.538677
-1.516968 -0.509033 0.872925 -2.949428 -0.989709 1.697220
-1.608154 -0.613525 0.900879 -3.126721 -1.192872 1.751571
-1.629150 -0.664429 0.909912 -3.167543 -1.291843 1.769135
-1.615112 -0.722900 0.883057 -3.140249 -1.405529 1.716920
-1.599243 -0.804932 0.832275 -3.109395 -1.565022 1.618186
-1.619141 -0.922119 0.776489 -3.148082 -1.792868 1.509722
-1.667969 -1.065674 0.728638 -3.243018 -2.071981 1.416684
-1.735229 -1.210693 0.688599 -3.373792 -2.353941 1.338837
-1.811523 -1.331177 0.642944 -3.522130 -2.588196 1.250071
-1.877441 -1.400879 0.583374 -3.650294 -2.723717 1.134249
-1.929321 -1.391724 0.522583 -3.751163 -2.705917 1.016054
-1.970459 -1.296631 0.467163 -3.831147 -2.521029 0.908301
-2.020752 -1.127808 0.402344 -3.928931 -2.192787 0.782274
-2.059082 -0.884399 0.320679 -4.003456 -1.719530 0.623493
-2.009399 -0.617920 0.233398 -3.906858 -1.201416 0.453795
-1.889893 -0.409058 0.130493 -3.674502 -0.795327 0.253717
-1.720337 -0.266846 0.013672 -3.344837 -0.518826 0.026582
-1.531738 -0.198364 -0.116089 -2.978146 -0.385678 -0.225711
-1.336548 -0.190674 -0.259766 -2.598639 -0.370726 -0.505060
-1.149536 -0.202515 -0.417480 -2.235034 -0.393748 -0.811704
-0.974854 -0.206665 -0.575928 -1.895400 -0.401817 -1.119771
-0.809570 -0.203247 -0.698730 -1.574041 -0.395172 -1.358536
-0.642334 -0.190186 -0.799561 -1.248885 -0.369776 -1.554579
-0.473633 -0.151978 -0.884644 -0.920880 -0.295489 -1.720005
-0.317627 -0.092163 -0.946289 -0.617559 -0.179192 -1.839862
-0.153687 -0.006714 -1.004028 -0.298811 -0.013054 -1.952124
0.052612 0.088867 -1.071655 0.102294 0.172784 -2.083610
0.224609 0.180420 -1.146729 0.436706 0.350789 -2.229575
0.402466 0.337158 -1.225098 0.782511 0.655534 -2.381947
0.580322 0.505615 -1.299072 1.128316 0.983063 -2.525775
0.758179 0.678223 -1.379761 1.474120 1.318663 -2.682657
0.920410 0.814819 -1.451782 1.789546 1.584246 -2.822688
1.048706 0.916870 -1.497192 2.038990 1.782663 -2.910979
1.144165 0.999146 -1.514893 2.224591 1.942630 -2.945393
1.217285 1.049561 -1.497437 2.366757 2.040652 -2.911453
1.281006 1.060059 -1.433716 2.490649 2.061063 -2.787562
1.319092 1.035156 -1.323853 2.564699 2.012646 -2.573955
1.339600 1.004150 -1.180908 2.604572 1.952361 -2.296030
1.383057 0.975952 -1.012329 2.689065 1.897536 -1.968263
1.473511 0.929199 -0.835693 2.864935 1.806634 -1.624832
1.556763 0.852417 -0.653809 3.026801 1.657347 -1.271195
1.600220 0.782837 -0.466553 3.111294 1.522063 -0.907115
1.598267 0.720337 -0.284302 3.107496 1.400545 -0.552766
1.547363 0.632202 -0.110962 3.008525 1.229185 -0.215742
1.478760 0.558350 0.057739 2.875140 1.085594 0.112262
1.421021 0.528320 0.215820 2.762878 1.027209 0.419618
1.384399 0.539795 0.343018 2.691676 1.049519 0.666926
1.353516 0.610107 0.417114 2.631629 1.186227 0.810992
1.285278 0.723022 0.440186 2.498956 1.405766 0.855849
1.153442 0.854370 0.415771 2.242628 1.661145 0.808381
0.974365 0.969604 0.354370 1.894450 1.885194 0.688999
0.774658 1.017700 0.285278 1.506161 1.978706 0.554664
0.580688 1.004395 0.226685 1.129028 1.952836 0.440741
0.402222 0.939575 0.187134 0.782036 1.826808 0.363843
0.241455 0.833618 0.178589 0.469459 1.620797 0.347229
0.086426 0.681152 0.207764 0.168037 1.324359 0.403953
-0.072998 0.493774 0.273926 -0.141929 0.960041 0.532592
-0.240234 0.287842 0.366821 -0.467086 0.559648 0.713208
-0.404053 0.101196 0.475708 -0.785596 0.196755 0.924915
-0.550903 -0.038086 0.586060 -1.071117 -0.074050 1.139471
-0.684082 -0.122681 0.683838 -1.330055 -0.238527 1.329580
-0.814209 -0.149170 0.764282 -1.583060 -0.290030 1.485988
-0.939941 -0.140747 0.823486 -1.827520 -0.273653 1.601098
-1.065552 -0.132935 0.846313 -2.071743 -0.258464 1.645480
-1.181030 -0.139771 0.833496 -2.296267 -0.271755 1.620559
-1.292603 -0.178101 0.800781 -2.513196 -0.346279 1.556952
-1.420898 -0.273804 0.772217 -2.762641 -0.532354 1.501415
-1.626465 -0.445679 0.752319 -3.162322 -0.866529 1.462728
-1.835938 -0.628418 0.790894 -3.569598 -1.221828 1.537728
-1.971191 -0.858643 0.855347 -3.832571 -1.669452 1.663043
-2.093628 -1.167969 0.932617 -4.070623 -2.270872 1.813280
-2.208008 -1.458862 1.029175 -4.293011 -2.836454 2.001016
-2.282715 -1.686401 1.143677 -4.438263 -3.278856 2.223641
-2.311401 -1.806885 1.236938 -4.494038 -3.513111 2.404969
-2.282349 -1.744751 1.273438 -4.437551 -3.392305 2.475934
-2.220459 -1.532593 1.219360 -4.317220 -2.979807 2.370792
-2.142700 -1.211670 1.063599 -4.166034 -2.355840 2.067946
-1.961304 -0.763062 0.834473 -3.813346 -1.483614 1.622458
-1.681885 -0.314941 0.556274 -3.270074 -0.612338 1.081560
-1.351807 0.036987 0.291260 -2.628306 0.071914 0.566294
-1.052734 0.234741 0.102417 -2.046823 0.456405 0.199128
-0.824585 0.290161 -0.006226 -1.603234 0.564158 -0.012104
-0.659302 0.249634 -0.047974 -1.281875 0.485361 -0.093275
-0.543701 0.158569 -0.053711 -1.057114 0.308305 -0.104430
-0.473511 0.061401 -0.045410 -0.920643 0.119382 -0.088291
-0.457275 -0.002930 -0.038330 -0.889077 -0.005696 -0.074525
-0.514160 0.016846 -0.041260 -0.999677 0.032753 -0.080221
-0.524414 0.138428 -0.067505 -1.019614 0.269144 -0.131249
-0.471313 0.230225 -0.096802 -0.916371 0.447624 -0.188211
-0.386230 0.258423 -0.118042 -0.750945 0.502449 -0.229508
-0.289063 0.239868 -0.133667 -0.562022 0.466374 -0.259888
-0.189453 0.188721 -0.143188 -0.368352 0.366928 -0.278400
-0.102173 0.125488 -0.132813 -0.198654 0.243986 -0.258226
-0.036865 0.077637 -0.105225 -0.071677 0.150948 -0.204587
0.003784 0.052124 -0.070313 0.007358 0.101344 -0.136708
0.020264 0.040649 -0.038574 0.039398 0.079034 -0.075000
0.019775 0.043457 -0.018066 0.038449 0.084493 -0.035126
0.009277 0.058105 -0.009644 0.018038 0.112974 -0.018750
0.000000 0.077637 -0.009521 0.000000 0.150948 -0.018513
0.001709 0.088501 -0.012573 0.003323 0.172072 -0.024446
0.013306 0.086792 -0.016113 0.025870 0.168749 -0.031329
0.025757 0.084595 -0.019531 0.050079 0.164477 -0.037974
0.027710 0.084595 -0.021606 0.053876 0.164477 -0.042009
0.019653 0.078247 -0.024414 0.038212 0.152135 -0.047468
0.005371 0.067627 -0.031006 0.010443 0.131487 -0.060284
-0.012573 0.054199 -0.038574 -0.024446 0.105379 -0.075000
-0.030884 0.041260 -0.044556 -0.060047 0.080221 -0.086629
-0.048584 0.041504 -0.046143 -0.094461 0.080696 -0.089715
-0.065552 0.054321 -0.040771 -0.127452 0.105616 -0.079272
-0.081299 0.067871 -0.027710 -0.158069 0.131961 -0.053876
-0.092651 0.074951 -0.008545 -0.180141 0.145727 -0.016614
-0.100830 0.074707 0.012695 -0.196043 0.145252 0.024683
-0.106079 0.070435 0.028564 -0.206249 0.136945 0.055538
-0.108398 0.066772 0.037720 -0.210758 0.129825 0.073338
-0.109741 0.068848 0.036255 -0.213369 0.133860 0.070490
-0.112671 0.072632 0.025513 -0.219065 0.141217 0.049604
-0.115479 0.075195 0.011353 -0.224524 0.146202 0.022073
-0.115479 0.076904 0.000244 -0.224524 0.149524 0.000475
-0.111938 0.070679 -0.007324 -0.217641 0.137420 -0.014240
-0.104858 0.052979 -0.011475 -0.203875 0.103006 -0.022310
-0.096313 0.035278 -0.012939 -0.187261 0.068591 -0.025158
-0.089722 0.035767 -0.010376 -0.174445 0.069541 -0.020174
-0.087524 0.045898 -0.006714 -0.170173 0.089240 -0.013054
-0.084595 0.059692 -0.005005 -0.164477 0.116059 -0.009731
-0.077881 0.076538 -0.006470 -0.151423 0.148812 -0.012579
-0.067261 0.089844 -0.010132 -0.130774 0.174682 -0.019699
-0.051392 0.094971 -0.017334 -0.099920 0.184651 -0.033702
-0.036133 0.092773 -0.026489 -0.070253 0.180379 -0.051503
-0.023315 0.084961 -0.036133 -0.045332 0.165189 -0.070253
-0.015137 0.080688 -0.043091 -0.029430 0.156882 -0.083781
-0.010986 0.083862 -0.046997 -0.021361 0.163053 -0.091376
-0.005737 0.084595 -0.052246 -0.011155 0.164477 -0.101582
0.001953 0.081665 -0.059448 0.003797 0.158781 -0.115585
0.010132 0.076538 -0.062988 0.019699 0.148812 -0.122468
0.017700 0.068115 -0.065552 0.034414 0.132436 -0.127452
0.025024 0.054565 -0.066528 0.048655 0.106091 -0.129350
0.030640 0.044556 -0.069824 0.059572 0.086629 -0.135759
0.029297 0.043823 -0.072632 0.056962 0.085205 -0.141217
