-0.132446 0.364746 0.144165 -0.257514 0.709173 0.280299
-0.211914 0.361328 0.242310 -0.412023 0.702527 0.471120
-0.326660 0.371582 0.349121 -0.635123 0.722464 0.678793
-0.445435 0.325073 0.450562 -0.866055 0.632037 0.876023
-0.553589 0.223999 0.561890 -1.076338 0.435519 1.092477
-0.641235 0.062622 0.689575 -1.246749 0.121756 1.340735
-0.718994 -0.177979 0.829346 -1.397934 -0.346042 1.612490
-0.805664 -0.472046 0.989258 -1.566446 -0.917795 1.923406
-0.904175 -0.740967 1.181396 -1.757980 -1.440655 2.296979
-1.033447 -0.951660 1.373657 -2.009323 -1.850305 2.670790
-1.166260 -1.076538 1.531006 -2.267549 -2.093104 2.976722
-1.266235 -1.089355 1.623779 -2.461931 -2.118025 3.157100
-1.308228 -1.028809 1.627319 -2.543576 -2.000304 3.163983
-1.298950 -0.994019 1.541870 -2.525538 -1.932662 2.997845
-1.281616 -0.995850 1.415527 -2.491836 -1.936222 2.752198
-1.303345 -1.038086 1.307373 -2.534082 -2.018342 2.541914
-1.367920 -1.120117 1.238403 -2.659635 -2.177835 2.407817
-1.442261 -1.223755 1.206421 -2.804175 -2.379336 2.345634
-1.520630 -1.343262 1.176270 -2.956548 -2.611692 2.287011
-1.603271 -1.403442 1.101440 -3.117227 -2.728701 2.141521
-1.616211 -1.394897 0.954712 -3.142385 -2.712087 1.856238
-1.560181 -1.323730 0.718506 -3.033446 -2.573718 1.396985
-1.500732 -1.149536 0.406250 -2.917861 -2.235034 0.789868
-1.472046 -0.789307 0.101074 -2.862087 -1.534642 0.196518
-1.395752 -0.340576 -0.139648 -2.713749 -0.662179 -0.271517
-1.284790 -0.039673 -0.275024 -2.498007 -0.077136 -0.534728
-1.125244 0.091309 -0.324219 -2.187803 0.177531 -0.630376
-0.952759 0.107178 -0.343384 -1.852441 0.208385 -0.667638
-0.783691 0.102295 -0.383911 -1.523725 0.198891 -0.746435
-0.619263 0.143555 -0.465454 -1.204027 0.279112 -0.904979
-0.470459 0.224976 -0.591064 -0.914709 0.437418 -1.149202
-0.337524 0.310303 -0.754761 -0.656246 0.603319 -1.467475
-0.229980 0.363770 -0.922852 -0.447149 0.707274 -1.794293
-0.157837 0.380005 -1.086426 -0.306881 0.738840 -2.112329
-0.109375 0.387085 -1.233521 -0.212657 0.752606 -2.398324
-0.069946 0.388428 -1.364136 -0.135996 0.755217 -2.652278
-0.010620 0.391357 -1.459473 -0.020649 0.760913 -2.837641
0.068848 0.390381 -1.512085 0.133860 0.759014 -2.939934
0.162231 0.416260 -1.526001 0.315425 0.809330 -2.966991
0.275879 0.493042 -1.516357 0.536389 0.958617 -2.948241
0.419922 0.624512 -1.487305 0.816451 1.214233 -2.891754
0.601196 0.775146 -1.430298 1.168901 1.507111 -2.780916
0.839844 0.899292 -1.367065 1.632901 1.748486 -2.657974
1.053223 0.936401 -1.279419 2.047772 1.820637 -2.487564
1.189819 0.902344 -1.177124 2.313356 1.754419 -2.288672
1.225952 0.830933 -1.072754 2.383609 1.615575 -2.085747
1.196899 0.764526 -0.965698 2.327121 1.486462 -1.877599
1.165405 0.722290 -0.853760 2.265888 1.404342 -1.659958
1.177856 0.688477 -0.736938 2.290097 1.338599 -1.432823
1.249512 0.656616 -0.620850 2.429415 1.276653 -1.207113
1.355225 0.622559 -0.496338 2.634952 1.210436 -0.965026
1.462891 0.593384 -0.360229 2.844286 1.153711 -0.700391
1.548706 0.582520 -0.218262 3.011136 1.132588 -0.424364
1.600586 0.578979 -0.077637 3.112006 1.125705 -0.150948
1.631104 0.560547 0.061035 3.171341 1.089867 0.118670
1.634644 0.501343 0.177734 3.178224 0.974757 0.345567
1.598999 0.419922 0.256958 3.108920 0.816451 0.499601
1.512207 0.362549 0.336792 2.940171 0.704901 0.654822
1.371338 0.307007 0.401001 2.666281 0.596911 0.779663
1.182861 0.266724 0.447632 2.299827 0.518589 0.870327
0.936890 0.263428 0.494507 1.821587 0.512180 0.961465
0.649780 0.301636 0.541626 1.263362 0.586468 1.053079
0.357910 0.369507 0.571533 0.695882 0.718429 1.111227
0.086914 0.440063 0.574829 0.168986 0.855612 1.117635
-0.140747 0.500122 0.553345 -0.273653 0.972383 1.075863
-0.310181 0.524292 0.522827 -0.603082 1.019377 1.016528
-0.429810 0.498291 0.507446 -0.835675 0.968823 0.986624
-0.519409 0.416016 0.522217 -1.009883 0.808856 1.015342
-0.602539 0.268677 0.571655 -1.171512 0.522386 1.111465
-0.699951 0.061401 0.662354 -1.360909 0.119382 1.287808
-0.821899 -0.187744 0.791382 -1.598012 -0.365029 1.538677
-0.935059 -0.440552 0.939697 -1.818027 -0.856561 1.827046
-1.090088 -0.682495 1.073608 -2.119449 -1.326970 2.087408
-1.276001 -0.820190 1.184570 -2.480918 -1.594689 2.303150
-1.470825 -0.854248 1.246826 -2.859713 -1.660907 2.424194
-1.652710 -0.795654 1.246094 -3.213350 -1.546984 2.422770
-1.794067 -0.683105 1.179565 -3.488190 -1.328156 2.293419
-1.887695 -0.572266 1.081421 -3.670230 -1.112651 2.102597
-1.932495 -0.498779 0.980713 -3.757334 -0.969772 1.906792
-1.922607 -0.487183 0.886841 -3.738110 -0.947225 1.724277
-1.862183 -0.512207 0.808594 -3.620626 -0.995880 1.572142
-1.779419 -0.545898 0.752441 -3.459709 -1.061386 1.462965
-1.698120 -0.581543 0.716064 -3.301641 -1.130689 1.392238
-1.682251 -0.616699 0.690430 -3.270787 -1.199043 1.342397
-1.679810 -0.575928 0.667358 -3.266040 -1.119771 1.297539
-1.613892 -0.466187 0.616455 -3.137876 -0.906403 1.198568
-1.527344 -0.322266 0.542358 -2.969602 -0.626578 1.054503
-1.383423 -0.115967 0.450806 -2.689777 -0.225473 0.876498
-1.259644 0.089478 0.363892 -2.449114 0.173970 0.707511
-1.109741 0.274902 0.273193 -2.157660 0.534490 0.531168
-0.982666 0.340210 0.183472 -1.910589 0.661467 0.356722
-0.867188 0.318726 0.099365 -1.686065 0.619695 0.193195
-0.763062 0.259155 0.021729 -1.483614 0.503873 0.042247
-0.656372 0.231201 -0.045654 -1.276179 0.449522 -0.088765
-0.550659 0.237915 -0.096558 -1.070642 0.462576 -0.187736
-0.432251 0.273682 -0.129028 -0.840422 0.532117 -0.250869
-0.298340 0.303345 -0.146362 -0.580060 0.589791 -0.284571
-0.174805 0.319580 -0.143433 -0.339871 0.621357 -0.278875
-0.080688 0.319946 -0.134399 -0.156882 0.622069 -0.261312
-0.038452 0.285767 -0.126099 -0.074762 0.555614 -0.245173
-0.028931 0.240601 -0.117310 -0.056250 0.467798 -0.228084
-0.023193 0.194092 -0.108154 -0.045095 0.377371 -0.210283
-0.012329 0.151367 -0.095093 -0.023971 0.294302 -0.184888
0.002441 0.127075 -0.085693 0.004747 0.247071 -0.166613
0.021973 0.126221 -0.089844 0.042721 0.245410 -0.174682
0.048706 0.135376 -0.106079 0.094699 0.263210 -0.206249
0.079712 0.146973 -0.126831 0.154983 0.285758 -0.246597
0.110718 0.148071 -0.145630 0.215268 0.287894 -0.283147
0.132568 0.129395 -0.162476 0.257752 0.251581 -0.315900
0.135498 0.093994 -0.174927 0.263448 0.182752 -0.340109
0.122192 0.049805 -0.180542 0.237578 0.096835 -0.351026
0.101074 0.005981 -0.177368 0.196518 0.011630 -0.344855
0.078003 -0.021240 -0.161743 0.151660 -0.041297 -0.314476
0.054077 -0.017334 -0.129761 0.105142 -0.033702 -0.252293
0.039063 0.010742 -0.089355 0.075949 0.020886 -0.173733
0.036499 0.048218 -0.044922 0.070965 0.093749 -0.087341
0.039917 0.076904 0.000000 0.077610 0.149524 0.000000
0.045776 0.089478 0.041138 0.089003 0.173970 0.079984
0.058594 0.092285 0.069336 0.113923 0.179429 0.134809
0.080078 0.089111 0.082153 0.155695 0.173258 0.159730
0.106934 0.080200 0.080688 0.207910 0.155933 0.156882
0.128540 0.063477 0.068481 0.249919 0.123417 0.133148
0.139648 0.039917 0.051880 0.271517 0.077610 0.100870
0.139404 0.015747 0.038574 0.271043 0.030617 0.075000
0.128784 0.000122 0.033203 0.250394 0.000237 0.064557
0.110718 -0.002075 0.032715 0.215268 -0.004035 0.063607
0.089966 0.013794 0.033203 0.174920 0.026819 0.064557
0.067383 0.045532 0.038940 0.131012 0.088528 0.075712
0.044678 0.087769 0.044800 0.086867 0.170648 0.087104
0.023438 0.132080 0.045288 0.045569 0.256802 0.088053
0.004883 0.164917 0.040039 0.009494 0.320647 0.077848
-0.012817 0.176147 0.031494 -0.024921 0.342482 0.061234
-0.027832 0.163208 0.020630 -0.054114 0.317324 0.040111
-0.039307 0.135742 0.005859 -0.076424 0.263922 0.011392
-0.049683 0.107300 -0.014038 -0.096597 0.208622 -0.027294
-0.060425 0.081909 -0.033691 -0.117483 0.159255 -0.065506
-0.068359 0.061890 -0.052979 -0.132911 0.120332 -0.103006
-0.073120 0.057251 -0.070679 -0.142167 0.111313 -0.137420
-0.076538 0.073242 -0.083740 -0.148812 0.142404 -0.162815
-0.079956 0.095093 -0.087524 -0.155458 0.184888 -0.170173
-0.082886 0.117065 -0.084473 -0.161154 0.227609 -0.164239
-0.084106 0.131470 -0.077881 -0.163527 0.255615 -0.151423
-0.083252 0.125000 -0.070679 -0.161866 0.243036 -0.137420
-0.080078 0.100098 -0.062866 -0.155695 0.194619 -0.122230
-0.074829 0.066895 -0.056152 -0.145490 0.130062 -0.109177
-0.068726 0.032104 -0.048218 -0.133623 0.062420 -0.093749
-0.062988 0.005249 -0.037476 -0.122468 0.010206 -0.072863
-0.059204 -0.014404 -0.022949 -0.115110 -0.028006 -0.044620
-0.055786 -0.032593 -0.007202 -0.108465 -0.063370 -0.014003
-0.055420 -0.038330 0.003296 -0.107752 -0.074525 0.006408
