-0.292236 0.159424 -0.864746 -0.568193 0.309966 -1.681319
-0.311401 0.034180 -0.820068 -0.605455 0.066455 -1.594452
-0.315186 -0.036377 -0.719238 -0.612813 -0.070727 -1.398409
-0.290527 -0.141113 -0.568848 -0.564870 -0.274365 -1.106006
-0.260010 -0.233276 -0.374634 -0.505535 -0.453557 -0.728397
-0.253540 -0.324951 -0.129028 -0.492956 -0.631800 -0.250869
-0.271118 -0.377441 0.169312 -0.527133 -0.733856 0.329191
-0.327881 -0.398071 0.516357 -0.637496 -0.773967 1.003949
-0.410889 -0.384888 0.894775 -0.798887 -0.748334 1.739704
-0.493286 -0.345703 1.274902 -0.959092 -0.672148 2.478782
-0.567993 -0.311646 1.618774 -1.104344 -0.605930 3.147370
-0.644165 -0.290649 1.930908 -1.252445 -0.565107 3.754249
-0.714966 -0.254272 2.199829 -1.390102 -0.494380 4.277109
-0.744507 -0.171631 2.395020 -1.447538 -0.333700 4.656616
-0.724854 -0.079468 2.501709 -1.409327 -0.154509 4.864052
-0.664795 -0.011230 2.520020 -1.292555 -0.021835 4.899653
-0.571411 0.026123 2.464111 -1.110990 0.050791 4.790951
-0.455811 0.032593 2.349731 -0.886229 0.063370 4.568563
-0.332031 0.004028 2.186279 -0.645566 0.007832 4.250764
-0.212036 -0.080688 1.978760 -0.412260 -0.156882 3.847286
-0.109985 -0.201294 1.749390 -0.213844 -0.391374 3.401324
-0.039185 -0.293457 1.521606 -0.076186 -0.570566 2.958447
0.000000 -0.324707 1.299072 0.000000 -0.631325 2.525775
0.017700 -0.290405 1.088501 0.034414 -0.564633 2.116363
0.028320 -0.207520 0.884033 0.055063 -0.403478 1.718818
0.049438 -0.107666 0.677734 0.096123 -0.209334 1.317713
0.083252 -0.003296 0.468506 0.161866 -0.006408 0.910912
0.122803 0.082031 0.261841 0.238764 0.159493 0.509095
0.160034 0.109375 0.060181 0.311153 0.212657 0.117009
0.168579 0.098999 -0.124390 0.327767 0.192483 -0.241850
0.154541 0.072266 -0.288574 0.300473 0.140505 -0.561072
0.139160 0.034668 -0.436890 0.270568 0.067405 -0.849441
0.128418 -0.003784 -0.573120 0.249682 -0.007358 -1.114313
0.116943 -0.039429 -0.701538 0.227372 -0.076661 -1.363995
0.099854 -0.067383 -0.824707 0.194144 -0.131012 -1.603471
0.075806 -0.075684 -0.947144 0.147388 -0.147151 -1.841523
0.049927 -0.065186 -1.066895 0.097072 -0.126740 -2.074354
0.027344 -0.057617 -1.183105 0.053164 -0.112025 -2.300302
0.010132 -0.052246 -1.295166 0.019699 -0.101582 -2.518180
-0.005371 -0.054321 -1.404297 -0.010443 -0.105616 -2.730363
-0.019165 -0.066528 -1.505859 -0.037262 -0.129350 -2.927830
-0.037354 -0.093140 -1.590088 -0.072626 -0.181091 -3.091594
-0.068481 -0.126831 -1.652832 -0.133148 -0.246597 -3.213588
-0.107666 -0.139526 -1.694702 -0.209334 -0.271280 -3.294995
-0.155640 -0.123657 -1.715210 -0.302609 -0.240426 -3.334868
-0.211914 -0.081299 -1.714478 -0.412023 -0.158069 -3.333444
-0.268799 -0.019775 -1.695679 -0.522623 -0.038449 -3.296894
-0.313843 0.040649 -1.655273 -0.610202 0.079034 -3.218334
-0.339355 0.087524 -1.594238 -0.659806 0.170173 -3.099664
-0.344971 0.113892 -1.511475 -0.670724 0.221438 -2.938747
-0.336914 0.119385 -1.412598 -0.655059 0.232119 -2.746502
-0.315552 0.098633 -1.309082 -0.613525 0.191771 -2.545237
-0.278320 0.050903 -1.199585 -0.541136 0.098971 -2.332343
-0.229492 -0.006226 -1.075684 -0.446200 -0.012104 -2.091443
-0.185791 -0.061401 -0.932617 -0.361232 -0.119382 -1.813280
-0.169678 -0.104370 -0.768921 -0.329903 -0.202926 -1.495006
-0.189941 -0.128784 -0.588501 -0.369301 -0.250394 -1.144217
-0.241455 -0.145874 -0.395020 -0.469459 -0.283622 -0.768033
-0.313843 -0.157227 -0.185669 -0.610202 -0.305694 -0.360995
-0.404907 -0.157715 0.036499 -0.787258 -0.306644 0.070965
-0.504395 -0.154785 0.261963 -0.980690 -0.300947 0.509332
-0.599976 -0.157959 0.479126 -1.166528 -0.307118 0.931561
-0.675049 -0.163940 0.682373 -1.312492 -0.318748 1.326732
-0.716309 -0.186279 0.867798 -1.392713 -0.362181 1.687252
-0.730835 -0.238281 1.038452 -1.420956 -0.463288 2.019054
-0.719727 -0.311768 1.199829 -1.399358 -0.606167 2.332818
-0.695190 -0.410278 1.352051 -1.351653 -0.797701 2.628781
-0.671143 -0.535156 1.501221 -1.304897 -1.040500 2.918811
-0.664551 -0.666138 1.661133 -1.292081 -1.295166 3.229727
-0.687256 -0.762451 1.818481 -1.336226 -1.482427 3.535658
-0.760376 -0.799561 1.965454 -1.478393 -1.554579 3.821416
-0.914795 -0.758789 2.090210 -1.778628 -1.475307 4.063978
-1.044312 -0.635010 2.150391 -2.030446 -1.234644 4.180986
-1.175781 -0.531982 2.189331 -2.286062 -1.034329 4.256698
-1.454590 -0.447510 2.254272 -2.828147 -0.870089 4.382963
-1.602417 -0.272583 2.204346 -3.115566 -0.529981 4.285891
-1.544312 -0.190186 2.029663 -3.002592 -0.369776 3.946257
-1.363647 -0.230347 1.852661 -2.651328 -0.447861 3.602113
-1.117676 -0.302856 1.665405 -2.173088 -0.588841 3.238034
-0.847656 -0.360840 1.474365 -1.648091 -0.701578 2.866596
-0.468872 -0.407959 1.269409 -0.911624 -0.793191 2.468102
0.017944 -0.468750 1.083862 0.034889 -0.911387 2.107344
0.335938 -0.526855 0.868896 0.653160 -1.024361 1.689388
0.373657 -0.477051 0.646729 0.726499 -0.927526 1.257429
0.303101 -0.309204 0.441895 0.589316 -0.601183 0.859172
0.210083 -0.209106 0.277954 0.408463 -0.406564 0.540424
0.117188 -0.198853 0.189453 0.227847 -0.386627 0.368352
0.035156 -0.235840 0.160645 0.068354 -0.458541 0.312340
-0.001343 -0.264526 0.156006 -0.002611 -0.514316 0.303321
0.015991 -0.263306 0.141724 0.031092 -0.511943 0.275552
0.062012 -0.231689 0.107544 0.120569 -0.450472 0.209097
0.097534 -0.196167 0.061890 0.189635 -0.381406 0.120332
0.111084 -0.158691 0.001343 0.215980 -0.308542 0.002611
0.110596 -0.130615 -0.065186 0.215030 -0.253954 -0.126740
0.102417 -0.121338 -0.130249 0.199128 -0.235916 -0.253242
0.092773 -0.118164 -0.186523 0.180379 -0.229745 -0.362656
0.081177 -0.117065 -0.229980 0.157831 -0.227609 -0.447149
0.067139 -0.131348 -0.255737 0.130537 -0.255378 -0.497228
0.048462 -0.159180 -0.262817 0.094224 -0.309492 -0.510994
0.026245 -0.186401 -0.256714 0.051028 -0.362419 -0.499127
0.003174 -0.189087 -0.244141 0.006171 -0.367640 -0.474681
-0.025513 -0.159668 -0.226318 -0.049604 -0.310441 -0.440029
-0.051758 -0.108032 -0.201660 -0.100632 -0.210046 -0.392086
-0.073120 -0.065308 -0.170166 -0.142167 -0.126977 -0.330852
-0.091309 -0.053101 -0.135010 -0.177531 -0.103243 -0.262498
-0.106934 -0.060547 -0.096558 -0.207910 -0.117721 -0.187736
-0.116455 -0.063354 -0.063965 -0.226423 -0.123180 -0.124366
-0.122559 -0.054565 -0.038818 -0.238290 -0.106091 -0.075474
-0.131470 -0.038696 -0.016968 -0.255615 -0.075237 -0.032990
-0.143433 -0.016602 -0.001099 -0.278875 -0.032278 -0.002136
-0.155396 0.000977 0.003784 -0.302134 0.001899 0.007358
-0.161011 0.017822 0.007202 -0.313052 0.034652 0.014003
-0.156006 0.037476 0.013062 -0.303321 0.072863 0.025395
-0.142456 0.046875 0.020020 -0.276976 0.091139 0.038924
-0.129517 0.043823 0.025391 -0.251818 0.085205 0.049367
-0.120728 0.045776 0.021973 -0.234730 0.089003 0.042721
-0.114746 0.055298 0.008423 -0.223100 0.107515 0.016376
-0.106079 0.059326 -0.009033 -0.206249 0.115347 -0.017563
-0.093384 0.055420 -0.024292 -0.181565 0.107752 -0.047231
-0.080078 0.059692 -0.031616 -0.155695 0.116059 -0.061471
-0.075073 0.069580 -0.031616 -0.145964 0.135284 -0.061471
-0.077271 0.082520 -0.026245 -0.150236 0.160442 -0.051028
-0.082397 0.089111 -0.016724 -0.160205 0.173258 -0.032516
-0.095459 0.100342 -0.008667 -0.185600 0.195094 -0.016851
-0.121582 0.151489 -0.003052 -0.236391 0.294539 -0.005934
-0.142700 0.204468 0.006348 -0.277451 0.397545 0.012342
-0.150513 0.244385 0.015869 -0.292641 0.475155 0.030854
-0.156738 0.266602 0.018311 -0.304745 0.518351 0.035601
-0.159058 0.254517 0.013184 -0.309254 0.494854 0.025633
-0.145874 0.213013 0.005127 -0.283622 0.414159 0.009968
-0.119995 0.163330 -0.005615 -0.233305 0.317561 -0.010918
-0.089600 0.119141 -0.024536 -0.174208 0.231644 -0.047705
-0.049683 0.064087 -0.044556 -0.096597 0.124604 -0.086629
0.005737 0.010864 -0.062012 0.011155 0.021123 -0.120569
0.056641 -0.026611 -0.081299 0.110126 -0.051740 -0.158069
0.093750 -0.018555 -0.094849 0.182277 -0.036076 -0.184413
0.108521 0.015259 -0.095581 0.210996 0.029668 -0.185837
0.106567 0.042358 -0.079834 0.207198 0.082357 -0.155221
0.084473 0.065552 -0.051514 0.164239 0.127452 -0.100158
0.044678 0.087891 -0.007324 0.086867 0.170885 -0.014240
-0.001709 0.111938 0.042358 -0.003323 0.217641 0.082357
-0.041992 0.130127 0.086426 -0.081645 0.253005 0.168037
-0.065552 0.120850 0.114014 -0.127452 0.234967 0.221676
-0.069946 0.093262 0.120728 -0.135996 0.181328 0.234730
-0.063477 0.065552 0.107544 -0.123417 0.127452 0.209097
-0.053955 0.039307 0.078003 -0.104904 0.076424 0.151660
-0.041260 0.023926 0.037842 -0.080221 0.046519 0.073575
-0.030884 0.020630 0.001221 -0.060047 0.040111 0.002373
-0.023193 0.019653 -0.019165 -0.045095 0.038212 -0.037262
-0.018433 0.013672 -0.022339 -0.035838 0.026582 -0.043433
