-0.396606 0.137085 -0.176147 -0.771119 0.266533 -0.342482
-0.428955 0.050049 -0.087891 -0.834014 0.097310 -0.170885
-0.473389 0.000000 0.041626 -0.920406 0.000000 0.080933
-0.537720 -0.063477 0.213379 -1.045484 -0.123417 0.414871
-0.621582 -0.096069 0.427246 -1.208537 -0.186787 0.830691
-0.732178 -0.113647 0.670288 -1.423567 -0.220964 1.303236
-0.849121 -0.099731 0.924072 -1.650939 -0.193907 1.796666
-0.951660 -0.073853 1.165283 -1.850305 -0.143591 2.265650
-1.033325 -0.051392 1.368042 -2.009085 -0.099920 2.659873
-1.178345 -0.047974 1.524658 -2.291046 -0.093275 2.964380
-1.265503 0.073853 1.641846 -2.460507 0.143591 3.192227
-1.201294 0.201660 1.705078 -2.335666 0.392086 3.315169
-1.069092 0.197998 1.741699 -2.078626 0.384966 3.386371
-0.917603 0.129639 1.796387 -1.784087 0.252055 3.492700
-0.765991 0.035645 1.869629 -1.489310 0.069303 3.635104
-0.607178 -0.090210 1.934204 -1.180531 -0.175394 3.760657
-0.492188 -0.265259 1.967163 -0.956956 -0.515740 3.824739
-0.411499 -0.349854 1.978638 -0.800074 -0.680217 3.847049
-0.359009 -0.389282 1.942993 -0.698018 -0.756878 3.777745
-0.316895 -0.383545 1.848145 -0.616135 -0.745723 3.593332
-0.263550 -0.321777 1.706299 -0.512418 -0.625629 3.317543
-0.212158 -0.234741 1.538330 -0.412497 -0.456405 2.990962
-0.168091 -0.124390 1.356934 -0.326818 -0.241850 2.638275
-0.128906 -0.000122 1.164551 -0.250631 -0.000237 2.264226
-0.086304 0.106323 0.954712 -0.167800 0.206723 1.856238
-0.042358 0.133179 0.731323 -0.082357 0.258938 1.421906
0.001587 0.109009 0.523926 0.003085 0.211945 1.018664
0.042236 0.062866 0.348145 0.082120 0.122230 0.676894
0.073975 0.016968 0.217773 0.143828 0.032990 0.423415
0.083496 -0.058960 0.128784 0.162341 -0.114635 0.250394
0.078857 -0.116089 0.020508 0.153322 -0.225711 0.039873
0.058838 -0.168457 -0.120117 0.114398 -0.327530 -0.233543
0.042358 -0.159424 -0.281982 0.082357 -0.309966 -0.548256
0.033936 -0.096924 -0.436523 0.065981 -0.188448 -0.848729
0.014648 -0.029541 -0.569946 0.028481 -0.057436 -1.108142
-0.018921 0.042358 -0.686401 -0.036788 0.082357 -1.334564
-0.059082 0.090454 -0.791138 -0.114873 0.175869 -1.538202
-0.091675 0.096191 -0.886841 -0.178243 0.187024 -1.724277
-0.108887 0.072754 -0.975952 -0.211708 0.141455 -1.897536
-0.114380 0.031250 -1.058228 -0.222388 0.060759 -2.057503
-0.116943 -0.020996 -1.134521 -0.227372 -0.040823 -2.205841
-0.122681 -0.067017 -1.202637 -0.238527 -0.130300 -2.338276
-0.133667 -0.096313 -1.260254 -0.259888 -0.187261 -2.450301
-0.143433 -0.113281 -1.299438 -0.278875 -0.220252 -2.526487
-0.146973 -0.119263 -1.309448 -0.285758 -0.231881 -2.545949
-0.145142 -0.104980 -1.290771 -0.282198 -0.204113 -2.509636
-0.147827 -0.076904 -1.247803 -0.287419 -0.149524 -2.426092
-0.159302 -0.038818 -1.188965 -0.309729 -0.075474 -2.311694
-0.177002 0.009033 -1.125610 -0.344143 0.017563 -2.188515
-0.190918 0.058716 -1.063477 -0.371200 0.114161 -2.067708
-0.196899 0.095093 -1.004028 -0.382830 0.184888 -1.952124
-0.196167 0.107544 -0.943970 -0.381406 0.209097 -1.835352
-0.190918 0.108521 -0.884399 -0.371200 0.210996 -1.719530
-0.183105 0.104980 -0.828613 -0.356010 0.204113 -1.611066
-0.171143 0.095825 -0.773804 -0.332751 0.186312 -1.504500
-0.155396 0.074951 -0.715820 -0.302134 0.145727 -1.391763
-0.144043 0.046509 -0.651123 -0.280062 0.090427 -1.265973
-0.147827 0.011597 -0.580078 -0.287419 0.022547 -1.127841
-0.172119 -0.021362 -0.498047 -0.334650 -0.041535 -0.968348
-0.215332 -0.044312 -0.402100 -0.418668 -0.086155 -0.781799
-0.268311 -0.061890 -0.289063 -0.521674 -0.120332 -0.562022
-0.323364 -0.070801 -0.160156 -0.628714 -0.137657 -0.311390
-0.376709 -0.071655 -0.023926 -0.732432 -0.139319 -0.046519
-0.430908 -0.062744 0.108276 -0.837811 -0.121993 0.210521
-0.475586 -0.038696 0.235596 -0.924678 -0.075237 0.458067
-0.507080 -0.014282 0.355591 -0.985912 -0.027769 0.691372
-0.532959 0.012207 0.465210 -1.036228 0.023734 0.904504
-0.576172 0.041016 0.568237 -1.120246 0.079746 1.104819
-0.639771 0.055786 0.672363 -1.243900 0.108465 1.307270
-0.697632 0.049927 0.780518 -1.356400 0.097072 1.517554
-0.740112 0.031982 0.883545 -1.438994 0.062183 1.717869
-0.753418 0.002686 0.963989 -1.464864 0.005221 1.874276
-0.738525 -0.046143 1.022949 -1.435909 -0.089715 1.988912
-0.696899 -0.115601 1.077393 -1.354976 -0.224761 2.094765
-0.636108 -0.177490 1.129272 -1.236780 -0.345093 2.195635
-0.566528 -0.220459 1.166504 -1.101496 -0.428637 2.268024
-0.492920 -0.244141 1.182861 -0.958380 -0.474681 2.299827
-0.428589 -0.252319 1.175903 -0.833302 -0.490582 2.286299
-0.383911 -0.237793 1.150391 -0.746435 -0.462339 2.236695
-0.357910 -0.211914 1.098267 -0.695882 -0.412023 2.135350
-0.339233 -0.174927 1.013794 -0.659569 -0.340109 1.971111
-0.317993 -0.132568 0.913818 -0.618271 -0.257752 1.776729
-0.285278 -0.089722 0.814819 -0.554664 -0.174445 1.584246
-0.233276 -0.064453 0.714844 -0.453557 -0.125316 1.389865
-0.161011 -0.068115 0.612915 -0.313052 -0.132436 1.191686
-0.072388 -0.081299 0.517578 -0.140743 -0.158069 1.006323
0.015137 -0.087280 0.434692 0.029430 -0.169698 0.845169
0.089233 -0.102051 0.360840 0.173496 -0.198416 0.701578
0.140015 -0.106201 0.295532 0.272229 -0.206486 0.574601
0.157715 -0.094727 0.241577 0.306644 -0.184176 0.469696
0.142334 -0.084717 0.199341 0.276739 -0.164714 0.387577
0.097412 -0.081421 0.166382 0.189398 -0.158306 0.323495
0.062622 -0.060425 0.141846 0.121756 -0.117483 0.275789
0.041626 -0.038818 0.112915 0.080933 -0.075474 0.219540
0.018433 -0.008057 0.068848 0.035838 -0.015664 0.133860
-0.018311 0.029663 0.016968 -0.035601 0.057674 0.032990
-0.070068 0.067383 -0.030884 -0.136233 0.131012 -0.060047
-0.123657 0.083008 -0.069580 -0.240426 0.161391 -0.135284
-0.161743 0.069824 -0.095581 -0.314476 0.135759 -0.185837
-0.177856 0.032593 -0.110596 -0.345805 0.063370 -0.215030
-0.178711 -0.008789 -0.115723 -0.347466 -0.017089 -0.224999
-0.171509 -0.035522 -0.112671 -0.333463 -0.069066 -0.219065
-0.168823 -0.040527 -0.109497 -0.328242 -0.078797 -0.212894
-0.171021 -0.021729 -0.100098 -0.332514 -0.042247 -0.194619
-0.173584 0.000977 -0.079956 -0.337498 0.001899 -0.155458
-0.172363 0.015869 -0.051270 -0.335124 0.030854 -0.099683
-0.159058 0.013672 -0.022827 -0.309254 0.026582 -0.044383
-0.128540 -0.001587 0.001465 -0.249919 -0.003085 0.002848
-0.085815 -0.015991 0.020874 -0.166850 -0.031092 0.040585
-0.041626 -0.016846 0.032959 -0.080933 -0.032753 0.064082
-0.006958 -0.009277 0.034912 -0.013528 -0.018038 0.067879
0.015991 -0.003906 0.034546 0.031092 -0.007595 0.067167
0.027100 -0.004028 0.036255 0.052690 -0.007832 0.070490
0.028931 -0.010132 0.037964 0.056250 -0.019699 0.073813
0.025635 -0.020508 0.038696 0.049841 -0.039873 0.075237
0.019043 -0.027710 0.037109 0.037025 -0.053876 0.072151
0.006592 -0.025391 0.035522 0.012816 -0.049367 0.069066
-0.013184 -0.016968 0.034668 -0.025633 -0.032990 0.067405
-0.033813 -0.013184 0.036743 -0.065743 -0.025633 0.071439
-0.047119 -0.019409 0.040771 -0.091613 -0.037737 0.079272
-0.050781 -0.027588 0.043579 -0.098734 -0.053639 0.084730
-0.048950 -0.030884 0.043213 -0.095173 -0.060047 0.084018
-0.046509 -0.026001 0.037476 -0.090427 -0.050553 0.072863
-0.042603 -0.013184 0.028442 -0.082832 -0.025633 0.055300
-0.041138 0.002441 0.018066 -0.079984 0.004747 0.035126
-0.040161 0.011719 0.009399 -0.078085 0.022785 0.018275
-0.039307 0.011963 0.003052 -0.076424 0.023259 0.005934
-0.037476 0.006958 -0.001587 -0.072863 0.013528 -0.003085
-0.034912 0.001831 -0.005493 -0.067879 0.003560 -0.010680
-0.029541 0.002930 -0.009277 -0.057436 0.005696 -0.018038
-0.019531 0.009277 -0.008301 -0.037974 0.018038 -0.016139
-0.009399 0.025391 -0.006226 -0.018275 0.049367 -0.012104
0.001953 0.048340 -0.002441 0.003797 0.093987 -0.004747
0.017212 0.070435 -0.002319 0.033465 0.136945 -0.004509
0.039063 0.091675 -0.012085 0.075949 0.178243 -0.023497
0.062012 0.086304 -0.026733 0.120569 0.167800 -0.051978
0.087769 0.044067 -0.045166 0.170648 0.085680 -0.087816
0.114258 -0.001831 -0.061523 0.222151 -0.003560 -0.119620
0.135254 -0.023682 -0.069824 0.262973 -0.046044 -0.135759
0.148193 -0.034302 -0.067383 0.288131 -0.066693 -0.131012
0.156616 -0.041992 -0.052368 0.304508 -0.081645 -0.101819
0.163208 -0.035034 -0.033325 0.317324 -0.068117 -0.064794
0.167480 -0.023071 -0.015381 0.325631 -0.044857 -0.029905
0.164673 -0.012695 0.003784 0.320172 -0.024683 0.007358
0.154541 -0.001343 0.024414 0.300473 -0.002611 0.047468
0.137695 0.009888 0.042480 0.267720 0.019225 0.082594
0.120117 0.024414 0.057861 0.233543 0.047468 0.112499
0.103271 0.037964 0.070313 0.200790 0.073813 0.136708
0.077515 0.050903 0.073608 0.150711 0.098971 0.143116
0.056519 0.063721 0.072388 0.109889 0.123892 0.140743
