-0.028076 0.085083 -0.099243 -0.054588 0.165426 -0.192958
-0.078247 0.056641 -0.072144 -0.152135 0.110126 -0.140268
-0.140869 0.010254 -0.024170 -0.273891 0.019937 -0.046993
-0.201294 0.026001 0.044678 -0.391374 0.050553 0.086867
-0.269775 0.030029 0.133789 -0.524522 0.058386 0.260125
-0.344360 0.047363 0.236450 -0.669537 0.092088 0.459728
-0.423584 0.039551 0.349243 -0.823571 0.076898 0.679031
-0.507080 0.033813 0.476929 -0.985912 0.065743 0.927288
-0.594482 0.044922 0.630127 -1.155847 0.087341 1.225151
-0.678833 0.053101 0.798218 -1.319849 0.103243 1.551968
-0.740112 0.054810 0.970337 -1.438994 0.106566 1.886618
-0.707642 0.055908 1.123047 -1.375862 0.108702 2.183531
-0.674805 -0.000732 1.233887 -1.312017 -0.001424 2.399036
-0.635864 -0.021362 1.322632 -1.236306 -0.041535 2.571582
-0.578247 -0.059204 1.375610 -1.124281 -0.115110 2.674588
-0.515259 -0.097534 1.396851 -1.001813 -0.189635 2.715885
-0.474731 -0.119507 1.394775 -0.923016 -0.232356 2.711850
-0.473877 -0.133423 1.380859 -0.921355 -0.259413 2.684793
-0.503052 -0.148315 1.358276 -0.978079 -0.288368 2.640885
-0.572998 -0.145142 1.310059 -1.114075 -0.282198 2.547136
-0.716797 -0.096558 1.239380 -1.393662 -0.187736 2.409716
-0.806641 -0.016968 1.151123 -1.568345 -0.032990 2.238119
-0.816895 0.018311 1.028076 -1.588281 0.035601 1.998880
-0.789063 0.013428 0.897705 -1.534168 0.026107 1.745400
-0.728516 -0.008057 0.779541 -1.416447 -0.015664 1.515655
-0.668213 -0.054077 0.672852 -1.299201 -0.105142 1.308220
-0.616943 -0.100464 0.575317 -1.199518 -0.195331 1.118585
-0.576660 -0.146851 0.481934 -1.121196 -0.285520 0.937019
-0.532104 -0.181763 0.396851 -1.034566 -0.353400 0.771593
-0.474854 -0.208008 0.320190 -0.923254 -0.404428 0.622544
-0.404663 -0.216064 0.237183 -0.786783 -0.420092 0.461152
-0.324585 -0.191650 0.136475 -0.631088 -0.372624 0.265346
-0.236328 -0.123291 0.015015 -0.459491 -0.239714 0.029193
-0.149414 -0.032715 -0.119629 -0.290505 -0.063607 -0.232593
-0.076660 0.048218 -0.249512 -0.149050 0.093749 -0.485124
-0.026978 0.109619 -0.361816 -0.052452 0.213132 -0.703477
-0.005615 0.133057 -0.456787 -0.010918 0.258701 -0.888127
-0.011475 0.117432 -0.539795 -0.022310 0.228321 -1.049519
-0.031494 0.093506 -0.617188 -0.061234 0.181803 -1.199993
-0.047974 0.080688 -0.698608 -0.093275 0.156882 -1.358298
-0.055298 0.084229 -0.784668 -0.107515 0.163765 -1.525623
-0.063721 0.091187 -0.876831 -0.123892 0.177293 -1.704815
-0.080933 0.106201 -0.979492 -0.157357 0.206486 -1.904418
-0.098755 0.127930 -1.084106 -0.192008 0.248733 -2.107819
-0.108765 0.151001 -1.174194 -0.211470 0.293590 -2.282976
-0.112061 0.176758 -1.249878 -0.217878 0.343669 -2.430127
-0.114136 0.194336 -1.311157 -0.221913 0.377846 -2.549272
-0.111694 0.197632 -1.354248 -0.217166 0.384254 -2.633053
-0.102417 0.173828 -1.371826 -0.199128 0.337973 -2.667230
-0.088501 0.129639 -1.363647 -0.172072 0.252055 -2.651328
-0.076294 0.080933 -1.342407 -0.148338 0.157357 -2.610031
-0.070068 0.048340 -1.320313 -0.136233 0.093987 -2.567073
-0.077026 0.036499 -1.293457 -0.149762 0.070965 -2.514858
-0.090942 0.049194 -1.251221 -0.176819 0.095648 -2.432738
-0.109497 0.069946 -1.190918 -0.212894 0.135996 -2.315492
-0.120239 0.095093 -1.118042 -0.233780 0.184888 -2.173800
-0.115112 0.111328 -1.041992 -0.223812 0.216454 -2.025937
-0.098267 0.117920 -0.966675 -0.191059 0.229271 -1.879498
-0.076538 0.128174 -0.896118 -0.148812 0.249207 -1.742315
-0.059448 0.144775 -0.832031 -0.115585 0.281486 -1.617711
-0.052246 0.153076 -0.773315 -0.101582 0.297625 -1.503551
-0.055054 0.116455 -0.708618 -0.107040 0.226423 -1.377760
-0.059204 0.071533 -0.640625 -0.115110 0.139081 -1.245562
-0.075562 0.047119 -0.558960 -0.146914 0.091613 -1.086781
-0.116455 0.004761 -0.460571 -0.226423 0.009256 -0.895485
-0.177002 -0.035889 -0.348022 -0.344143 -0.069778 -0.676657
-0.247314 -0.069702 -0.219360 -0.480851 -0.135521 -0.426500
-0.308472 -0.093384 -0.080933 -0.599759 -0.181565 -0.157357
-0.368164 -0.122192 0.062988 -0.715818 -0.237578 0.122468
-0.422485 -0.148926 0.201782 -0.821435 -0.289555 0.392323
-0.452393 -0.173584 0.323975 -0.879583 -0.337498 0.629901
-0.462036 -0.200195 0.426880 -0.898333 -0.389238 0.829979
-0.470947 -0.231201 0.518311 -0.915659 -0.449522 1.007747
-0.487061 -0.283569 0.598755 -0.946988 -0.551341 1.164154
-0.508423 -0.358521 0.672607 -0.988522 -0.697068 1.307745
-0.526489 -0.431885 0.747925 -1.023649 -0.839710 1.454184
-0.541260 -0.499634 0.833618 -1.052367 -0.971434 1.620797
-0.564453 -0.578247 0.940552 -1.097461 -1.124281 1.828707
-0.601440 -0.654907 1.082886 -1.169376 -1.273331 2.105446
-0.659180 -0.731567 1.286377 -1.281638 -1.422380 2.501092
-0.739624 -0.798462 1.540771 -1.438045 -1.552443 2.995709
-0.850586 -0.827759 1.789551 -1.653787 -1.609404 3.479409
-0.963867 -0.795410 1.990601 -1.874039 -1.546509 3.870308
-1.054565 -0.704468 2.128662 -2.050383 -1.369691 4.138740
-1.064453 -0.493286 2.172729 -2.069607 -0.959092 4.224420
-0.948242 -0.200684 2.086182 -1.843659 -0.390187 4.056146
-0.752075 0.056763 1.859741 -1.462253 0.110363 3.615879
-0.524292 0.207031 1.536987 -1.019377 0.402529 2.988352
-0.308228 0.205688 1.180786 -0.599284 0.399918 2.295793
-0.137695 0.071411 0.834351 -0.267720 0.138844 1.622221
-0.029419 -0.132813 0.533569 -0.057199 -0.258226 1.037414
0.020752 -0.318237 0.299438 0.040348 -0.618746 0.582196
0.037598 -0.395264 0.143677 0.073101 -0.768508 0.279350
0.041504 -0.380981 0.055542 0.080696 -0.740739 0.107990
0.045288 -0.312988 0.021606 0.088053 -0.608540 0.042009
0.053101 -0.214233 0.025269 0.103243 -0.416532 0.049129
0.059448 -0.103638 0.040894 0.115585 -0.201502 0.079509
0.053101 0.015503 0.054199 0.103243 0.030142 0.105379
0.028076 0.116577 0.069580 0.054588 0.226660 0.135284
-0.005249 0.158081 0.080933 -0.010206 0.307356 0.157357
-0.033081 0.144287 0.084106 -0.064319 0.280536 0.163527
-0.054199 0.101807 0.076416 -0.105379 0.197942 0.148575
-0.068726 0.052124 0.057739 -0.133623 0.101344 0.112262
-0.077759 0.006714 0.033813 -0.151186 0.013054 0.065743
-0.086548 -0.031494 0.009399 -0.168274 -0.061234 0.018275
-0.094727 -0.056885 -0.012085 -0.184176 -0.110601 -0.023497
-0.097900 -0.068115 -0.031616 -0.190347 -0.132436 -0.061471
-0.094482 -0.059937 -0.052612 -0.183701 -0.116534 -0.102294
-0.087036 -0.033936 -0.069336 -0.169224 -0.065981 -0.134809
-0.080200 -0.000366 -0.077515 -0.155933 -0.000712 -0.150711
-0.076294 0.024902 -0.080322 -0.148338 0.048417 -0.156170
-0.073730 0.035645 -0.080933 -0.143354 0.069303 -0.157357
-0.073853 0.037354 -0.082520 -0.143591 0.072626 -0.160442
-0.079468 0.032715 -0.087036 -0.154509 0.063607 -0.169224
-0.087280 0.023926 -0.090088 -0.169698 0.046519 -0.175157
-0.090942 0.015869 -0.088379 -0.176819 0.030854 -0.171834
-0.087158 0.009888 -0.082886 -0.169461 0.019225 -0.161154
-0.080200 0.007324 -0.076172 -0.155933 0.014240 -0.148100
-0.075684 0.014648 -0.070923 -0.147151 0.028481 -0.137895
-0.075806 0.032837 -0.068970 -0.147388 0.063845 -0.134097
-0.075195 0.051636 -0.067139 -0.146202 0.100395 -0.130537
-0.070435 0.058228 -0.065918 -0.136945 0.113211 -0.128164
-0.061890 0.062500 -0.065308 -0.120332 0.121518 -0.126977
-0.052490 0.069092 -0.068970 -0.102056 0.134335 -0.134097
-0.041748 0.064453 -0.077148 -0.081170 0.125316 -0.149999
-0.033325 0.049316 -0.084961 -0.064794 0.095885 -0.165189
-0.036133 0.032715 -0.088867 -0.070253 0.063607 -0.172784
-0.058716 0.027588 -0.085693 -0.114161 0.053639 -0.166613
-0.081787 0.030640 -0.081543 -0.159018 0.059572 -0.158543
-0.094604 0.019287 -0.074585 -0.183939 0.037500 -0.145015
-0.102417 0.007690 -0.058960 -0.199128 0.014952 -0.114635
-0.110962 0.005005 -0.036377 -0.215742 0.009731 -0.070727
-0.116699 0.005737 -0.016846 -0.226897 0.011155 -0.032753
-0.114380 0.012085 -0.006470 -0.222388 0.023497 -0.012579
-0.108398 0.032349 -0.004639 -0.210758 0.062895 -0.009019
-0.102295 0.048462 -0.008301 -0.198891 0.094224 -0.016139
-0.091797 0.048218 -0.017334 -0.178480 0.093749 -0.033702
-0.076660 0.035278 -0.032227 -0.149050 0.068591 -0.062658
-0.064331 0.015625 -0.048828 -0.125078 0.030380 -0.094936
-0.057007 0.004761 -0.065063 -0.110838 0.009256 -0.126502
-0.047241 0.013184 -0.077881 -0.091851 0.025633 -0.151423
-0.036011 0.032471 -0.085083 -0.070015 0.063133 -0.165426
-0.028442 0.055786 -0.081787 -0.055300 0.108465 -0.159018
-0.023926 0.072998 -0.071411 -0.046519 0.141929 -0.138844
-0.020630 0.077148 -0.060547 -0.040111 0.149999 -0.117721
-0.019043 0.078247 -0.055054 -0.037025 0.152135 -0.107040
-0.024414 0.070557 -0.049927 -0.047468 0.137183 -0.097072
-0.034180 0.064331 -0.046143 -0.066455 0.125078 -0.089715
-0.044312 0.057617 -0.044434 -0.086155 0.112025 -0.086392
-0.051147 0.049805 -0.045410 -0.099446 0.096835 -0.088291
