-0.176147 0.303833 -0.536743 -0.342482 0.590740 -1.043585
-0.213013 0.183594 -0.460205 -0.414159 0.356960 -0.894773
-0.260986 0.104858 -0.340820 -0.507434 0.203875 -0.662654
-0.309692 -0.002319 -0.178101 -0.602132 -0.004509 -0.346279
-0.364746 -0.059448 0.013794 -0.709173 -0.115585 0.026819
-0.427246 -0.086304 0.215454 -0.830691 -0.167800 0.418906
-0.482788 -0.085083 0.406738 -0.938681 -0.165426 0.790818
-0.515747 -0.053711 0.580566 -1.002763 -0.104430 1.128790
-0.515747 -0.015137 0.734741 -1.002763 -0.029430 1.428551
-0.532593 -0.008911 0.873047 -1.035516 -0.017326 1.697458
-0.563110 0.007813 1.020142 -1.094851 0.015190 1.983453
-0.593994 0.061646 1.168823 -1.154898 0.119857 2.272533
-0.614502 0.142822 1.312744 -1.194771 0.277688 2.552357
-0.615479 0.216797 1.440918 -1.196670 0.421516 2.801565
-0.594482 0.240601 1.556030 -1.155847 0.467798 3.025377
-0.566528 0.221313 1.668213 -1.101496 0.430298 3.243492
-0.578735 0.167114 1.769653 -1.125230 0.324919 3.440722
-0.586914 0.144043 1.871704 -1.141132 0.280062 3.639139
-0.580322 0.127197 1.950439 -1.128316 0.247309 3.792223
-0.550049 0.095215 1.988892 -1.069455 0.185125 3.866985
-0.502197 0.048706 1.984863 -0.976418 0.094699 3.859153
-0.458496 -0.005371 1.945068 -0.891450 -0.010443 3.781780
-0.413940 -0.042725 1.871826 -0.804821 -0.083069 3.639376
-0.373535 -0.043823 1.760742 -0.726261 -0.085205 3.423396
-0.343140 -0.023071 1.614258 -0.667164 -0.044857 3.138588
-0.322021 -0.004761 1.442749 -0.626104 -0.009256 2.805125
-0.306641 -0.005737 1.258179 -0.596199 -0.011155 2.446266
-0.293335 0.008179 1.077271 -0.570329 0.015902 2.094528
-0.279297 0.020874 0.908936 -0.543035 0.040585 1.767236
-0.260620 0.027954 0.750366 -0.506721 0.054351 1.458931
-0.233276 0.038452 0.590332 -0.453557 0.074762 1.147778
-0.206909 0.039795 0.419556 -0.402292 0.077373 0.815739
-0.178955 0.055542 0.234253 -0.347941 0.107990 0.455456
-0.150513 0.088867 0.045532 -0.292641 0.172784 0.088528
-0.128296 0.115845 -0.134399 -0.249445 0.225236 -0.261312
-0.108032 0.141235 -0.299927 -0.210046 0.274603 -0.583145
-0.090942 0.135498 -0.439575 -0.176819 0.263448 -0.854662
-0.084961 0.094238 -0.556519 -0.165189 0.183227 -1.082034
-0.079468 0.046509 -0.661011 -0.154509 0.090427 -1.285198
-0.082520 0.009766 -0.764282 -0.160442 0.018987 -1.485988
-0.079712 0.004639 -0.856201 -0.154983 0.009019 -1.664705
-0.077759 0.008057 -0.942871 -0.151186 0.015664 -1.833216
-0.072754 0.017700 -1.024658 -0.141455 0.034414 -1.992234
-0.061646 0.038818 -1.104126 -0.119857 0.075474 -2.146743
-0.045776 0.054565 -1.182373 -0.089003 0.106091 -2.298878
-0.034424 0.069214 -1.255005 -0.066930 0.134572 -2.440095
-0.033569 0.084473 -1.315552 -0.065269 0.164239 -2.557816
-0.046631 0.094604 -1.361206 -0.090664 0.183939 -2.646581
-0.069824 0.091431 -1.395386 -0.135759 0.177768 -2.713037
-0.105469 0.080933 -1.419189 -0.205062 0.157357 -2.759318
-0.147095 0.068359 -1.426025 -0.285995 0.132911 -2.772609
-0.188599 0.067993 -1.412476 -0.366691 0.132199 -2.746264
-0.217407 0.086426 -1.382446 -0.422703 0.168037 -2.687879
-0.222534 0.113403 -1.337280 -0.432671 0.220489 -2.600063
-0.204834 0.142456 -1.284912 -0.398257 0.276976 -2.498244
-0.173340 0.160034 -1.235229 -0.337023 0.311153 -2.401646
-0.140259 0.151489 -1.190063 -0.272704 0.294539 -2.313830
-0.120117 0.121338 -1.141724 -0.233543 0.235916 -2.219844
-0.114624 0.093018 -1.081787 -0.222863 0.180853 -2.103310
-0.120483 0.076416 -1.004517 -0.234255 0.148575 -1.953073
-0.136475 0.053711 -0.911255 -0.265346 0.104430 -1.771745
-0.157593 0.035645 -0.800659 -0.306406 0.069303 -1.556715
-0.186401 0.017944 -0.679077 -0.362419 0.034889 -1.320324
-0.223145 0.003906 -0.546387 -0.433858 0.007595 -1.062335
-0.265259 -0.005493 -0.408813 -0.515740 -0.010680 -0.794853
-0.311279 -0.009399 -0.275024 -0.605218 -0.018275 -0.534728
-0.364868 -0.020386 -0.153442 -0.709410 -0.039636 -0.298337
-0.429199 -0.038574 -0.048462 -0.834488 -0.075000 -0.094224
-0.491333 -0.070557 0.041382 -0.955295 -0.137183 0.080458
-0.538452 -0.126099 0.135986 -1.046908 -0.245173 0.264397
-0.558350 -0.191284 0.249756 -1.085594 -0.371912 0.485598
-0.553467 -0.271484 0.379883 -1.076101 -0.527845 0.738603
-0.537842 -0.341431 0.520630 -1.045721 -0.663841 1.012256
-0.511230 -0.383179 0.663940 -0.993981 -0.745011 1.290894
-0.492065 -0.409790 0.803955 -0.956719 -0.796751 1.563123
-0.488403 -0.430176 0.938843 -0.949598 -0.836387 1.825384
-0.498291 -0.444580 1.065186 -0.968823 -0.864393 2.071031
-0.524048 -0.450684 1.175537 -1.018902 -0.876260 2.285587
-0.552734 -0.435059 1.264648 -1.074677 -0.845881 2.458845
-0.579834 -0.403564 1.334595 -1.127366 -0.784647 2.594841
-0.611572 -0.372681 1.389648 -1.189075 -0.724600 2.701882
-0.660767 -0.347290 1.437744 -1.284723 -0.675233 2.795394
-0.708618 -0.316772 1.489258 -1.377760 -0.615898 2.895551
-0.737671 -0.318115 1.501465 -1.434247 -0.618509 2.919286
-0.715210 -0.318115 1.471191 -1.390577 -0.618509 2.860425
-0.649048 -0.298096 1.411133 -1.261938 -0.579585 2.743654
-0.555908 -0.233765 1.352295 -1.080848 -0.454507 2.629256
-0.443115 -0.178955 1.306030 -0.861545 -0.347941 2.539304
-0.319580 -0.155762 1.245728 -0.621357 -0.302846 2.422058
-0.195068 -0.171875 1.148560 -0.379270 -0.334175 2.233135
-0.082642 -0.194580 1.018799 -0.160679 -0.378320 1.980842
-0.001587 -0.187256 0.890503 -0.003085 -0.364080 1.731397
0.037964 -0.178955 0.758667 0.073813 -0.347941 1.475070
0.067017 -0.185791 0.599731 0.130300 -0.361232 1.166053
0.092529 -0.155151 0.441772 0.179904 -0.301659 0.858934
0.101318 -0.096313 0.314819 0.196992 -0.187261 0.612101
0.088501 -0.036499 0.225586 0.172072 -0.070965 0.438605
0.058716 -0.007446 0.158203 0.114161 -0.014478 0.307593
0.025513 -0.006958 0.095459 0.049604 -0.013528 0.185600
-0.010864 -0.017334 0.027222 -0.021123 -0.033702 0.052927
-0.044922 -0.022217 -0.037598 -0.087341 -0.043196 -0.073101
-0.069824 -0.029053 -0.086304 -0.135759 -0.056487 -0.167800
-0.088989 -0.043701 -0.119263 -0.173021 -0.084968 -0.231881
-0.096069 -0.058228 -0.133423 -0.186787 -0.113211 -0.259413
-0.089355 -0.065186 -0.134399 -0.173733 -0.126740 -0.261312
-0.079468 -0.063599 -0.133789 -0.154509 -0.123654 -0.260125
-0.074829 -0.046997 -0.138916 -0.145490 -0.091376 -0.270093
-0.073608 -0.014526 -0.145874 -0.143116 -0.028243 -0.283622
-0.071899 0.010742 -0.146362 -0.139793 0.020886 -0.284571
-0.071411 0.017090 -0.134644 -0.138844 0.033228 -0.261786
-0.067749 0.006470 -0.111694 -0.131724 0.012579 -0.217166
-0.060913 -0.010498 -0.086182 -0.118433 -0.020411 -0.167562
-0.055420 -0.022461 -0.064697 -0.107752 -0.043671 -0.125790
-0.052612 -0.025269 -0.047607 -0.102294 -0.049129 -0.092563
-0.052368 -0.017700 -0.032715 -0.101819 -0.034414 -0.063607
-0.053345 -0.010742 -0.018066 -0.103718 -0.020886 -0.035126
-0.053955 -0.011963 -0.002197 -0.104904 -0.023259 -0.004272
-0.055664 -0.013672 0.012817 -0.108227 -0.026582 0.024921
-0.058716 -0.012207 0.022095 -0.114161 -0.023734 0.042959
-0.063843 -0.004761 0.023315 -0.124129 -0.009256 0.045332
-0.069824 0.001221 0.019653 -0.135759 0.002373 0.038212
-0.071533 0.003174 0.011353 -0.139081 0.006171 0.022073
-0.069092 -0.004150 -0.001221 -0.134335 -0.008070 -0.002373
-0.066284 -0.017944 -0.011719 -0.128876 -0.034889 -0.022785
-0.068359 -0.030029 -0.016235 -0.132911 -0.058386 -0.031566
-0.077026 -0.041504 -0.015869 -0.149762 -0.080696 -0.030854
-0.092407 -0.048340 -0.015625 -0.179667 -0.093987 -0.030380
-0.114258 -0.046997 -0.017456 -0.222151 -0.091376 -0.033940
-0.133789 -0.037476 -0.018677 -0.260125 -0.072863 -0.036313
-0.142456 -0.028687 -0.020752 -0.276976 -0.055775 -0.040348
-0.142456 -0.025879 -0.024048 -0.276976 -0.050316 -0.046756
-0.139282 -0.026978 -0.026978 -0.270805 -0.052452 -0.052452
-0.138062 -0.033203 -0.034302 -0.268432 -0.064557 -0.066693
-0.137329 -0.037964 -0.048096 -0.267008 -0.073813 -0.093512
-0.140625 -0.043579 -0.063477 -0.273416 -0.084730 -0.123417
-0.148315 -0.053223 -0.073120 -0.288368 -0.103480 -0.142167
-0.163696 -0.052734 -0.077637 -0.318273 -0.102531 -0.150948
-0.186157 -0.041016 -0.077026 -0.361944 -0.079746 -0.149762
-0.198486 -0.031616 -0.071289 -0.385915 -0.061471 -0.138607
-0.192749 -0.030151 -0.060303 -0.374760 -0.058623 -0.117246
-0.170288 -0.033325 -0.049561 -0.331090 -0.064794 -0.096360
-0.140991 -0.036621 -0.039307 -0.274128 -0.071202 -0.076424
-0.109253 -0.039551 -0.032104 -0.212420 -0.076898 -0.062420
-0.078247 -0.031494 -0.031372 -0.152135 -0.061234 -0.060996
-0.055420 -0.023193 -0.034668 -0.107752 -0.045095 -0.067405
-0.043701 -0.027832 -0.037720 -0.084968 -0.054114 -0.073338
-0.041626 -0.042603 -0.036011 -0.080933 -0.082832 -0.070015
-0.047485 -0.054688 -0.027100 -0.092325 -0.106328 -0.052690
-0.056885 -0.049316 -0.011841 -0.110601 -0.095885 -0.023022
-0.067383 -0.027588 0.004150 -0.131012 -0.053639 0.008070
