-0.456665 0.172729 -0.150757 -0.887890 0.335836 -0.293115
-0.506836 0.154175 -0.125854 -0.985437 0.299761 -0.244698
-0.547974 0.094604 -0.075195 -1.065421 0.183939 -0.146202
-0.564819 0.036865 0.021362 -1.098173 0.071677 0.041535
-0.583984 -0.062256 0.155029 -1.135436 -0.121044 0.301422
-0.622070 -0.154663 0.319824 -1.209486 -0.300710 0.621832
-0.678589 -0.227173 0.501099 -1.319375 -0.441690 0.974282
-0.737061 -0.270630 0.691895 -1.433061 -0.526183 1.345245
-0.775024 -0.282227 0.882813 -1.506873 -0.548731 1.716445
-0.776245 -0.257568 1.062744 -1.509247 -0.500788 2.066284
-0.765747 -0.224731 1.217896 -1.488836 -0.436943 2.367944
-0.755005 -0.152466 1.348022 -1.467950 -0.296438 2.620949
-0.752686 -0.086670 1.453613 -1.463440 -0.168512 2.826248
-0.843506 -0.079346 1.540894 -1.640021 -0.154271 2.995946
-0.885498 0.008179 1.638428 -1.721666 0.015902 3.185581
-0.845093 0.051147 1.706177 -1.643107 0.099446 3.317305
-0.804321 0.012085 1.746948 -1.563835 0.023497 3.396577
-0.778442 -0.047852 1.768799 -1.513519 -0.093037 3.439061
-0.761841 -0.131592 1.771606 -1.481241 -0.255853 3.444520
-0.726074 -0.197388 1.754517 -1.411700 -0.383779 3.411292
-0.657959 -0.258667 1.712402 -1.279264 -0.502924 3.329410
-0.548584 -0.281616 1.630981 -1.066607 -0.547544 3.171103
-0.421997 -0.226074 1.504639 -0.820485 -0.439554 2.925456
-0.317871 -0.138184 1.346802 -0.618034 -0.268669 2.618575
-0.250366 -0.059082 1.172729 -0.486785 -0.114873 2.280128
-0.212769 0.001099 0.996216 -0.413684 0.002136 1.936934
-0.193970 0.044434 0.827148 -0.377134 0.086392 1.608218
-0.188110 0.074829 0.669800 -0.365741 0.145490 1.302286
-0.192749 0.072510 0.535156 -0.374760 0.140980 1.040500
-0.186890 0.062256 0.426514 -0.363368 0.121044 0.829267
-0.155518 0.047363 0.326782 -0.302372 0.092088 0.635360
-0.097656 0.029175 0.217041 -0.189872 0.056724 0.421991
-0.025391 0.012817 0.090088 -0.049367 0.024921 0.175157
0.038574 0.010010 -0.053101 0.075000 0.019462 -0.103243
0.079224 0.021362 -0.199707 0.154034 0.041535 -0.388289
0.099121 0.029419 -0.343628 0.192720 0.057199 -0.668113
0.103394 0.020996 -0.484009 0.201027 0.040823 -0.941054
0.101929 0.010742 -0.611328 0.198179 0.020886 -1.188600
0.096313 0.002930 -0.722656 0.187261 0.005696 -1.405054
0.079224 0.002686 -0.819702 0.154034 0.005221 -1.593740
0.049561 0.016724 -0.906006 0.096360 0.032516 -1.761540
0.014893 0.035645 -0.979858 0.028956 0.069303 -1.905131
-0.018555 0.049561 -1.042603 -0.036076 0.096360 -2.027123
-0.050415 0.058960 -1.105347 -0.098022 0.114635 -2.149116
-0.077759 0.050049 -1.167725 -0.151186 0.097310 -2.270397
-0.100952 0.021973 -1.221558 -0.196280 0.042721 -2.375064
-0.119385 -0.022339 -1.263916 -0.232119 -0.043433 -2.457421
-0.132935 -0.046875 -1.288452 -0.258464 -0.091139 -2.505127
-0.140015 -0.051147 -1.287109 -0.272229 -0.099446 -2.502516
-0.144409 -0.035034 -1.256470 -0.280774 -0.068117 -2.442944
-0.154907 0.006836 -1.204590 -0.301185 0.013291 -2.342074
-0.175293 0.058472 -1.140625 -0.340821 0.113686 -2.217708
-0.198608 0.099854 -1.071411 -0.386153 0.194144 -2.083136
-0.215576 0.132935 -0.996948 -0.419143 0.258464 -1.938358
-0.219482 0.158081 -0.918213 -0.426738 0.307356 -1.785274
-0.218262 0.158691 -0.840576 -0.424364 0.308542 -1.634325
-0.217773 0.138916 -0.763428 -0.423415 0.270093 -1.484326
-0.218628 0.118042 -0.691162 -0.425076 0.229508 -1.343821
-0.213989 0.098511 -0.624756 -0.416058 0.191534 -1.214708
-0.201904 0.082886 -0.566406 -0.392561 0.161154 -1.101259
-0.188965 0.068481 -0.513062 -0.367403 0.133148 -0.997541
-0.183228 0.049927 -0.459473 -0.356248 0.097072 -0.893349
-0.184937 0.026611 -0.403564 -0.359571 0.051740 -0.784647
-0.197266 -0.001099 -0.342529 -0.383542 -0.002136 -0.665977
-0.223755 -0.034302 -0.273560 -0.435045 -0.066693 -0.531880
-0.266602 -0.065796 -0.195801 -0.518351 -0.127926 -0.380694
-0.316650 -0.086548 -0.105347 -0.615661 -0.168274 -0.204825
-0.373535 -0.091553 -0.014526 -0.726261 -0.178005 -0.028243
-0.433228 -0.087769 0.047607 -0.842321 -0.170648 0.092563
-0.470947 -0.081299 0.073120 -0.915659 -0.158069 0.142167
-0.479736 -0.109619 0.084595 -0.932747 -0.213132 0.164477
-0.457397 -0.175537 0.115967 -0.889314 -0.341295 0.225473
-0.426636 -0.260254 0.183228 -0.829504 -0.506009 0.356248
-0.415771 -0.348999 0.280762 -0.808381 -0.678556 0.545883
-0.424683 -0.422241 0.398315 -0.825707 -0.820960 0.774441
-0.443359 -0.471313 0.528809 -0.862020 -0.916371 1.028158
-0.469360 -0.486084 0.668091 -0.912573 -0.945089 1.298963
-0.506226 -0.464478 0.803345 -0.984250 -0.903080 1.561936
-0.549561 -0.417603 0.912231 -1.068506 -0.811941 1.773644
-0.593628 -0.354492 0.978760 -1.154186 -0.689236 1.902994
-0.618896 -0.272339 1.002075 -1.203315 -0.529506 1.948326
-0.609985 -0.197632 0.995605 -1.185989 -0.384254 1.935747
-0.578857 -0.160767 0.963989 -1.125468 -0.312577 1.874276
-0.527466 -0.150879 0.917969 -1.025547 -0.293353 1.784799
-0.464600 -0.157471 0.864136 -0.903317 -0.306169 1.680132
-0.421997 -0.182495 0.809570 -0.820485 -0.354824 1.574041
-0.364868 -0.183594 0.750488 -0.709410 -0.356960 1.459168
-0.274536 -0.170654 0.692993 -0.533778 -0.331802 1.347381
-0.171997 -0.157471 0.627930 -0.334412 -0.306169 1.220878
-0.078491 -0.144531 0.553589 -0.152610 -0.281011 1.076338
-0.001465 -0.133667 0.469116 -0.002848 -0.259888 0.912099
0.051392 -0.132324 0.390015 0.099920 -0.257277 0.758302
0.076538 -0.148438 0.322754 0.148812 -0.288606 0.627528
0.078125 -0.168823 0.266724 0.151898 -0.328242 0.518589
0.061279 -0.166870 0.225830 0.119145 -0.324444 0.439080
0.033447 -0.152222 0.188232 0.065031 -0.295963 0.365979
0.009644 -0.127319 0.142090 0.018750 -0.247546 0.276264
0.000366 -0.099731 0.088135 0.000712 -0.193907 0.171360
0.006958 -0.077026 0.033081 0.013528 -0.149762 0.064319
0.020874 -0.052734 -0.014893 0.040585 -0.102531 -0.028956
0.031006 -0.030273 -0.051147 0.060284 -0.058860 -0.099446
0.027954 -0.010254 -0.075806 0.054351 -0.019937 -0.147388
0.012451 0.004761 -0.093994 0.024209 0.009256 -0.182752
-0.006958 0.015015 -0.107666 -0.013528 0.029193 -0.209334
-0.026489 0.021484 -0.120728 -0.051503 0.041772 -0.234730
-0.047363 0.029663 -0.134277 -0.092088 0.057674 -0.261074
-0.067139 0.035889 -0.141479 -0.130537 0.069778 -0.275077
-0.082520 0.035034 -0.136597 -0.160442 0.068117 -0.265584
-0.095337 0.019409 -0.117798 -0.185363 0.037737 -0.229033
-0.106934 0.009033 -0.092163 -0.207910 0.017563 -0.179192
-0.116577 0.004883 -0.071411 -0.226660 0.009494 -0.138844
-0.119629 0.004517 -0.058960 -0.232593 0.008782 -0.114635
-0.113281 0.006470 -0.053833 -0.220252 0.012579 -0.104667
-0.100586 0.008179 -0.051636 -0.195568 0.015902 -0.100395
-0.088135 0.005127 -0.046753 -0.171360 0.009968 -0.090901
-0.078613 0.002808 -0.034424 -0.152847 0.005459 -0.066930
-0.070068 0.001709 -0.016968 -0.136233 0.003323 -0.032990
-0.061890 0.002075 0.003418 -0.120332 0.004035 0.006646
-0.057007 0.001343 0.023193 -0.110838 0.002611 0.045095
-0.056519 -0.000366 0.038452 -0.109889 -0.000712 0.074762
-0.058838 -0.003540 0.047363 -0.114398 -0.006883 0.092088
-0.059692 -0.002319 0.052124 -0.116059 -0.004509 0.101344
-0.056885 0.002441 0.053101 -0.110601 0.004747 0.103243
-0.051880 0.003662 0.050415 -0.100870 0.007120 0.098022
-0.049316 0.003052 0.047241 -0.095885 0.005934 0.091851
-0.050781 0.003296 0.043335 -0.098734 0.006408 0.084256
-0.054321 -0.000244 0.037964 -0.105616 -0.000475 0.073813
-0.061157 -0.002686 0.032471 -0.118907 -0.005221 0.063133
-0.074951 -0.001831 0.030029 -0.145727 -0.003560 0.058386
-0.091064 0.002808 0.031738 -0.177056 0.005459 0.061708
-0.102295 0.009521 0.035034 -0.198891 0.018513 0.068117
-0.106567 0.015869 0.035156 -0.207198 0.030854 0.068354
-0.104492 0.019287 0.031982 -0.203163 0.037500 0.062183
-0.100830 0.013550 0.028076 -0.196043 0.026345 0.054588
-0.097656 0.005371 0.025024 -0.189872 0.010443 0.048655
-0.100952 0.002197 0.023438 -0.196280 0.004272 0.045569
-0.107666 0.005371 0.022217 -0.209334 0.010443 0.043196
-0.110718 0.006958 0.021118 -0.215268 0.013528 0.041060
-0.109131 0.005249 0.021240 -0.212182 0.010206 0.041297
-0.107788 0.005859 0.023071 -0.209571 0.011392 0.044857
-0.106323 0.011597 0.023193 -0.206723 0.022547 0.045095
-0.101318 0.016235 0.024780 -0.196992 0.031566 0.048180
-0.092896 0.010376 0.029541 -0.180616 0.020174 0.057436
-0.086182 0.004272 0.036011 -0.167562 0.008307 0.070015
-0.084595 0.003174 0.038818 -0.164477 0.006171 0.075474
-0.087036 0.001953 0.039551 -0.169224 0.003797 0.076898
-0.088379 -0.001465 0.040771 -0.171834 -0.002848 0.079272
-0.088135 -0.002930 0.044312 -0.171360 -0.005696 0.086155
-0.088623 0.001953 0.047485 -0.172309 0.003797 0.092325
-0.088135 0.003174 0.046509 -0.171360 0.006171 0.090427
