-0.619385 -0.224121 -1.027588 -1.204265 -0.435757 -1.997931
-0.656616 -0.191406 -0.701416 -1.276653 -0.372150 -1.363757
-0.683838 -0.132690 -0.352783 -1.329580 -0.257989 -0.685913
-0.686279 -0.025513 0.022095 -1.334327 -0.049604 0.042959
-0.696777 0.010010 0.456665 -1.354738 0.019462 0.887890
-0.746216 -0.004761 0.994263 -1.450861 -0.009256 1.933137
-0.829712 -0.078125 1.639893 -1.613202 -0.151898 3.188429
-0.913696 -0.171753 2.329346 -1.776492 -0.333938 4.528927
-0.990967 -0.219727 3.049316 -1.926728 -0.427213 5.928761
-1.061401 -0.211914 3.809204 -2.063674 -0.412023 7.406204
-1.127319 -0.234619 3.999878 -2.191838 -0.456168 7.776929
-1.183716 -0.345947 3.999878 -2.301489 -0.672622 7.776929
-1.191528 -0.414307 3.999878 -2.316679 -0.805533 7.776929
-1.077881 -0.512451 3.999878 -2.095715 -0.996355 7.776929
-0.905884 -0.673828 3.999878 -1.761302 -1.310118 7.776929
-0.772095 -0.706543 3.999878 -1.501177 -1.373726 7.776929
-0.711304 -0.593750 3.689453 -1.382982 -1.154423 7.173373
-0.693726 -0.446777 2.485718 -1.348805 -0.868665 4.832960
-0.665283 -0.387329 1.371338 -1.293505 -0.753081 2.666281
-0.584229 -0.394165 0.443726 -1.135911 -0.766372 0.862732
-0.451172 -0.395630 -0.202637 -0.877210 -0.769220 -0.393985
-0.275635 -0.280273 -0.584717 -0.535914 -0.544933 -1.136860
-0.126221 -0.074829 -0.798706 -0.245410 -0.145490 -1.552917
-0.009399 0.124390 -0.892578 -0.018275 0.241850 -1.735432
0.047852 0.271851 -0.925049 0.093037 0.528557 -1.798565
0.042603 0.334839 -0.947632 0.082832 0.651024 -1.842473
-0.000488 0.328247 -0.983398 -0.000949 0.638208 -1.912013
-0.068115 0.263062 -1.095337 -0.132436 0.511468 -2.129654
-0.134277 0.169922 -1.261719 -0.261074 0.330378 -2.453149
-0.187866 0.077637 -1.449951 -0.365267 0.150948 -2.819128
-0.221436 0.003052 -1.628906 -0.430535 0.005934 -3.167069
-0.240479 -0.037842 -1.783691 -0.467560 -0.073575 -3.468016
-0.263062 -0.026245 -1.911011 -0.511468 -0.051028 -3.715562
-0.299194 0.057983 -2.002441 -0.581721 0.112737 -3.893330
-0.346069 0.188721 -2.066406 -0.672860 0.366928 -4.017696
-0.390503 0.287476 -2.102295 -0.759252 0.558936 -4.087474
-0.442993 0.314453 -2.099487 -0.861308 0.611389 -4.082016
-0.495117 0.313354 -2.063965 -0.962652 0.609253 -4.012949
-0.538452 0.302734 -2.015137 -1.046908 0.588604 -3.918013
-0.586670 0.275269 -1.982300 -1.140657 0.535202 -3.854169
-0.629517 0.247437 -1.961182 -1.223964 0.481089 -3.813109
-0.653687 0.245850 -1.927856 -1.270957 0.478003 -3.748315
-0.668457 0.256104 -1.880859 -1.299675 0.497940 -3.656939
-0.682495 0.239502 -1.817871 -1.326970 0.465662 -3.534472
-0.682983 0.200195 -1.709473 -1.327919 0.389238 -3.323713
-0.665527 0.128906 -1.530518 -1.293979 0.250631 -2.975772
-0.640259 0.031250 -1.278442 -1.244850 0.060759 -2.485665
-0.622803 -0.104736 -0.950317 -1.210910 -0.203638 -1.847694
-0.592896 -0.273071 -0.546387 -1.152762 -0.530930 -1.062335
-0.560059 -0.432861 -0.070068 -1.088917 -0.841609 -0.136233
-0.565430 -0.562134 0.441895 -1.099360 -1.092952 0.859172
-0.666260 -0.614014 0.931274 -1.295403 -1.193822 1.810669
-0.761841 -0.570190 1.382690 -1.481241 -1.108616 2.688353
-0.835205 -0.516724 1.804199 -1.623882 -1.004661 3.507890
-0.930298 -0.500732 2.200806 -1.808770 -0.973570 4.279008
-1.020264 -0.514526 2.514648 -1.983690 -1.000389 4.889210
-1.046631 -0.582520 2.763916 -2.034956 -1.132588 5.373859
-1.029907 -0.702881 2.953491 -2.002440 -1.366605 5.742448
-0.993774 -0.843140 3.095947 -1.932187 -1.639309 6.019424
-0.922974 -0.930908 3.190308 -1.794530 -1.809957 6.202888
-0.818848 -0.864624 3.198364 -1.592079 -1.681081 6.218553
-0.682251 -0.661621 3.060059 -1.326495 -1.286384 5.949646
-0.552979 -0.477905 2.754761 -1.075151 -0.929187 5.356058
-0.438599 -0.361938 2.343506 -0.852764 -0.703714 4.556459
-0.352661 -0.300293 1.870605 -0.685676 -0.583857 3.637002
-0.258667 -0.294556 1.373413 -0.502924 -0.572702 2.670316
-0.137573 -0.321899 0.920776 -0.267482 -0.625866 1.790258
-0.026245 -0.336060 0.560059 -0.051028 -0.653398 1.088917
0.043213 -0.321533 0.298218 0.084018 -0.625154 0.579822
0.075684 -0.300415 0.118652 0.147151 -0.584094 0.230695
0.093872 -0.288086 0.012329 0.182515 -0.560123 0.023971
0.101074 -0.254883 -0.031250 0.196518 -0.495567 -0.060759
0.088989 -0.206787 -0.030762 0.173021 -0.402054 -0.059810
0.065552 -0.165527 -0.004395 0.127452 -0.321833 -0.008544
0.044678 -0.143188 0.028931 0.086867 -0.278400 0.056250
0.027588 -0.143066 0.049438 0.053639 -0.278163 0.096123
0.013184 -0.141235 0.050781 0.025633 -0.274603 0.098734
-0.000854 -0.128174 0.033691 -0.001661 -0.249207 0.065506
-0.016479 -0.121704 -0.000977 -0.032041 -0.236628 -0.001899
-0.029907 -0.126953 -0.042358 -0.058148 -0.246834 -0.082357
-0.035889 -0.143066 -0.082275 -0.069778 -0.278163 -0.159967
-0.042236 -0.158081 -0.115967 -0.082120 -0.307356 -0.225473
-0.061646 -0.157593 -0.138306 -0.119857 -0.306406 -0.268907
-0.083618 -0.141357 -0.143799 -0.162578 -0.274840 -0.279587
-0.098999 -0.101196 -0.131836 -0.192483 -0.196755 -0.256328
-0.107056 -0.048340 -0.096313 -0.208147 -0.093987 -0.187261
-0.108032 -0.018921 -0.050049 -0.210046 -0.036788 -0.097310
-0.108765 -0.014648 -0.008423 -0.211470 -0.028481 -0.016376
-0.105347 -0.019897 0.013184 -0.204825 -0.038686 0.025633
-0.097046 -0.020386 0.013428 -0.188686 -0.039636 0.026107
-0.085205 -0.010132 0.007813 -0.165664 -0.019699 0.015190
-0.072510 0.001221 0.002075 -0.140980 0.002373 0.004035
-0.062378 -0.006470 -0.005005 -0.121281 -0.012579 -0.009731
-0.049316 -0.034180 -0.012939 -0.095885 -0.066455 -0.025158
-0.042969 -0.052368 -0.023560 -0.083544 -0.101819 -0.045807
-0.052124 -0.045776 -0.032104 -0.101344 -0.089003 -0.062420
-0.068359 -0.012207 -0.035278 -0.132911 -0.023734 -0.068591
-0.078735 0.032959 -0.029419 -0.153084 0.064082 -0.057199
-0.078125 0.065186 -0.010864 -0.151898 0.126740 -0.021123
-0.058594 0.055176 0.017700 -0.113923 0.107278 0.034414
-0.049683 0.026611 0.044922 -0.096597 0.051740 0.087341
-0.066040 0.020752 0.047607 -0.128401 0.040348 0.092563
-0.084961 0.028564 0.048340 -0.165189 0.055538 0.093987
-0.089722 0.023804 0.042603 -0.174445 0.046281 0.082832
-0.082764 -0.002197 0.039307 -0.160917 -0.004272 0.076424
-0.074463 -0.029297 0.036133 -0.144778 -0.056962 0.070253
-0.065430 -0.050171 0.029907 -0.127214 -0.097547 0.058148
-0.054932 -0.062866 0.022949 -0.106803 -0.122230 0.044620
-0.048218 -0.056152 0.014038 -0.093749 -0.109177 0.027294
-0.048218 -0.029541 0.014160 -0.093749 -0.057436 0.027531
-0.050659 0.000854 0.024414 -0.098496 0.001661 0.047468
-0.044312 0.018433 0.038208 -0.086155 0.035838 0.074288
-0.037964 0.032715 0.045044 -0.073813 0.063607 0.087579
-0.042603 0.040161 0.035278 -0.082832 0.078085 0.068591
-0.049927 0.038940 0.007935 -0.097072 0.075712 0.015427
-0.045410 0.039795 -0.027222 -0.088291 0.077373 -0.052927
-0.030884 0.047241 -0.066284 -0.060047 0.091851 -0.128876
-0.003906 0.056763 -0.095093 -0.007595 0.110363 -0.184888
0.009277 0.070190 -0.123901 0.018038 0.136471 -0.240900
0.012695 0.078491 -0.139038 0.024683 0.152610 -0.270331
0.010742 0.074585 -0.141968 0.020886 0.145015 -0.276027
0.000732 0.062622 -0.127319 0.001424 0.121756 -0.247546
-0.018555 0.051025 -0.096924 -0.036076 0.099208 -0.188448
-0.042603 0.042725 -0.066040 -0.082832 0.083069 -0.128401
-0.067749 0.036743 -0.042725 -0.131724 0.071439 -0.083069
-0.085571 0.026001 -0.022705 -0.166376 0.050553 -0.044145
-0.091553 0.008911 -0.008545 -0.178005 0.017326 -0.016614
-0.088379 -0.000244 -0.003296 -0.171834 -0.000475 -0.006408
-0.079712 0.003784 -0.003052 -0.154983 0.007358 -0.005934
-0.069702 0.008545 -0.006104 -0.135521 0.016614 -0.011867
-0.065186 0.006348 -0.008423 -0.126740 0.012342 -0.016376
-0.069946 0.003906 -0.007935 -0.135996 0.007595 -0.015427
-0.076782 0.001587 -0.007935 -0.149287 0.003085 -0.015427
-0.080200 -0.001343 -0.008179 -0.155933 -0.002611 -0.015902
-0.080811 -0.004517 -0.006226 -0.157119 -0.008782 -0.012104
-0.077271 -0.010742 -0.002197 -0.150236 -0.020886 -0.004272
-0.073242 -0.018311 0.001221 -0.142404 -0.035601 0.002373
-0.073608 -0.023682 0.003540 -0.143116 -0.046044 0.006883
-0.074707 -0.023315 0.007324 -0.145252 -0.045332 0.014240
-0.072998 -0.022095 0.009033 -0.141929 -0.042959 0.017563
-0.071655 -0.015625 0.008179 -0.139319 -0.030380 0.015902
-0.070435 -0.013428 0.004272 -0.136945 -0.026107 0.008307
-0.067017 -0.020996 -0.001221 -0.130300 -0.040823 -0.002373
-0.065674 -0.026367 -0.007324 -0.127689 -0.051266 -0.014240
-0.070679 -0.022095 -0.012573 -0.137420 -0.042959 -0.024446
-0.077759 -0.011963 -0.015747 -0.151186 -0.023259 -0.030617
-0.080566 -0.003418 -0.014160 -0.156645 -0.006646 -0.027531
-0.079712 -0.002686 -0.012939 -0.154983 -0.005221 -0.025158
-0.076782 -0.006714 -0.015015 -0.149287 -0.013054 -0.029193
-0.074463 -0.007690 -0.020142 -0.144778 -0.014952 -0.039161
