-0.460938 0.120850 -0.740356 -0.896197 0.234967 -1.439469
-0.521240 0.039185 -0.682617 -1.013443 0.076186 -1.327207
-0.572388 -0.027954 -0.585938 -1.112889 -0.054351 -1.139233
-0.580322 -0.070679 -0.441040 -1.128316 -0.137420 -0.857510
-0.562622 -0.109131 -0.262451 -1.093901 -0.212182 -0.510282
-0.536743 -0.162109 -0.048462 -1.043585 -0.315188 -0.094224
-0.506836 -0.217773 0.197266 -0.985437 -0.423415 0.383542
-0.503052 -0.294434 0.486938 -0.978079 -0.572465 0.946750
-0.513550 -0.371460 0.831543 -0.998491 -0.722227 1.616762
-0.556519 -0.440186 1.210205 -1.082034 -0.855849 2.352992
-0.607422 -0.471069 1.601074 -1.181005 -0.915896 3.112955
-0.649414 -0.487915 1.983032 -1.262650 -0.948649 3.855593
-0.684814 -0.519653 2.331177 -1.331479 -1.010358 4.532487
-0.716675 -0.540405 2.614624 -1.393425 -1.050705 5.083591
-0.726807 -0.487793 2.812012 -1.413124 -0.948412 5.467371
-0.716919 -0.351074 2.922241 -1.393899 -0.682591 5.681689
-0.688965 -0.174927 2.938477 -1.339549 -0.340109 5.713255
-0.647705 0.013794 2.828003 -1.259328 0.026819 5.498462
-0.592896 0.165161 2.562622 -1.152762 0.321121 4.982485
-0.524536 0.233643 2.177856 -1.019851 0.454269 4.234388
-0.468140 0.173218 1.746460 -0.910200 0.336786 3.395627
-0.440430 -0.004883 1.340210 -0.856324 -0.009494 2.605759
-0.415161 -0.230103 1.011597 -0.807194 -0.447386 1.966839
-0.354492 -0.388916 0.790649 -0.689236 -0.756166 1.537253
-0.267212 -0.434692 0.665649 -0.519538 -0.845169 1.294217
-0.168701 -0.369873 0.597290 -0.328004 -0.719141 1.161306
-0.072998 -0.252075 0.546753 -0.141929 -0.490108 1.063047
0.010254 -0.094971 0.474609 0.019937 -0.184651 0.922779
0.064209 0.077515 0.348755 0.124841 0.150711 0.678081
0.075928 0.226074 0.168823 0.147626 0.439554 0.328242
0.066772 0.315430 -0.045166 0.129825 0.613287 -0.087816
0.057251 0.324341 -0.268799 0.111313 0.630613 -0.522623
0.054810 0.268433 -0.477661 0.106566 0.521911 -0.928713
0.061279 0.189331 -0.653931 0.119145 0.368115 -1.271432
0.076172 0.109131 -0.801392 0.148100 0.212182 -1.558139
0.091797 0.040771 -0.929688 0.178480 0.079272 -1.807584
0.095337 0.010986 -1.042358 0.185363 0.021361 -2.026649
0.074219 0.028076 -1.146362 0.144303 0.054588 -2.228863
0.024048 0.073730 -1.248413 0.046756 0.143354 -2.427279
-0.038696 0.118286 -1.349609 -0.075237 0.229983 -2.624034
-0.100342 0.139160 -1.437134 -0.195094 0.270568 -2.794207
-0.149902 0.132690 -1.502930 -0.291454 0.257989 -2.922134
-0.183472 0.115601 -1.554077 -0.356722 0.224761 -3.021579
-0.203491 0.092163 -1.590332 -0.395646 0.179192 -3.092069
-0.209106 0.059814 -1.604736 -0.406564 0.116297 -3.120075
-0.199829 0.020508 -1.597656 -0.388526 0.039873 -3.106310
-0.184814 -0.015015 -1.573975 -0.359333 -0.029193 -3.060266
-0.170044 -0.046387 -1.536621 -0.330615 -0.090189 -2.987639
-0.158447 -0.066284 -1.488647 -0.308068 -0.128876 -2.894365
-0.152588 -0.069092 -1.432617 -0.296675 -0.134335 -2.785426
-0.158447 -0.060547 -1.369629 -0.308068 -0.117721 -2.662958
-0.175781 -0.038818 -1.299805 -0.341770 -0.075474 -2.527199
-0.199951 -0.008667 -1.223145 -0.388763 -0.016851 -2.378150
-0.220215 0.003662 -1.138550 -0.428162 0.007120 -2.213673
-0.234741 0.016113 -1.048584 -0.456405 0.031329 -2.038753
-0.245117 0.022461 -0.950317 -0.476579 0.043671 -1.847694
-0.255981 0.020142 -0.839233 -0.497703 0.039161 -1.631714
-0.266846 -0.007324 -0.708374 -0.518826 -0.014240 -1.377286
-0.278931 -0.057983 -0.556396 -0.542323 -0.112737 -1.081797
-0.291748 -0.116943 -0.385864 -0.567243 -0.227372 -0.750233
-0.314087 -0.164795 -0.208984 -0.610677 -0.320409 -0.406327
-0.345093 -0.190552 -0.037109 -0.670961 -0.370488 -0.072151
-0.378418 -0.205444 0.133911 -0.735755 -0.399444 0.260362
-0.413452 -0.192505 0.300781 -0.803872 -0.374286 0.584806
-0.462402 -0.140869 0.480835 -0.899045 -0.273891 0.934883
-0.530396 -0.094727 0.692871 -1.031244 -0.184176 1.347143
-0.595459 -0.102051 0.927246 -1.157746 -0.198416 1.802837
-0.649048 -0.190918 1.160889 -1.261938 -0.371200 2.257106
-0.705078 -0.318726 1.380737 -1.370878 -0.619695 2.684556
-0.800415 -0.441650 1.594727 -1.556240 -0.858697 3.100614
-0.921753 -0.521118 1.798828 -1.792156 -1.013206 3.497447
-0.994507 -0.563477 1.978760 -1.933611 -1.095563 3.847286
-1.023438 -0.563721 2.143921 -1.989861 -1.096037 4.168407
-1.177246 -0.462646 2.333984 -2.288910 -0.899520 4.537946
-1.406128 -0.181152 2.434692 -2.733923 -0.352213 4.733752
-1.443970 0.139771 2.344238 -2.807498 0.271755 4.557883
-1.390503 0.305298 2.120361 -2.703543 0.593588 4.122601
-0.967041 0.408081 1.834473 -1.880210 0.793429 3.566750
-0.559570 0.249268 1.613403 -1.087968 0.484649 3.136927
-0.486572 0.147583 1.439819 -0.946038 0.286944 2.799429
-0.390381 0.235840 1.218140 -0.759014 0.458541 2.368419
-0.278442 0.264282 0.947998 -0.541373 0.513842 1.843185
-0.181763 0.291870 0.749390 -0.353400 0.567481 1.457032
-0.119019 0.294189 0.641846 -0.231407 0.571990 1.247935
-0.057495 0.262817 0.581787 -0.111787 0.510994 1.131164
0.011719 0.202759 0.526001 0.022785 0.394222 1.022699
0.062134 0.129639 0.469238 0.120806 0.252055 0.912336
0.079834 0.074707 0.410034 0.155221 0.145252 0.797226
0.070068 0.066772 0.354858 0.136233 0.129825 0.689948
0.050903 0.078857 0.306396 0.098971 0.153322 0.595724
0.036255 0.067627 0.261597 0.070490 0.131487 0.508620
0.026978 0.032593 0.207153 0.052452 0.063370 0.402766
0.025879 -0.013428 0.147461 0.050316 -0.026107 0.286707
0.030396 -0.069336 0.085571 0.059098 -0.134809 0.166376
0.033325 -0.098633 0.019897 0.064794 -0.191771 0.038686
0.030640 -0.095093 -0.050049 0.059572 -0.184888 -0.097310
0.019531 -0.107788 -0.094116 0.037974 -0.209571 -0.182989
0.020020 -0.130981 -0.114014 0.038924 -0.254666 -0.221676
0.039307 -0.105957 -0.126343 0.076424 -0.206011 -0.245647
0.046753 -0.052979 -0.138306 0.090901 -0.103006 -0.268907
0.030518 0.020264 -0.143188 0.059335 0.039398 -0.278400
0.008179 0.088379 -0.137939 0.015902 0.171834 -0.268195
-0.009766 0.124023 -0.130859 -0.018987 0.241138 -0.254429
-0.022583 0.148682 -0.122437 -0.043908 0.289080 -0.238052
-0.032837 0.166260 -0.109863 -0.063845 0.323257 -0.213606
-0.042114 0.169922 -0.098877 -0.081882 0.330378 -0.192246
-0.050781 0.168335 -0.092529 -0.098734 0.327292 -0.179904
-0.056885 0.163818 -0.085571 -0.110601 0.318511 -0.166376
-0.061279 0.138062 -0.076538 -0.119145 0.268432 -0.148812
-0.066406 0.122559 -0.074829 -0.129113 0.238290 -0.145490
-0.067017 0.132202 -0.069946 -0.130300 0.257040 -0.135996
-0.064331 0.154907 -0.052856 -0.125078 0.301185 -0.102768
-0.059082 0.170288 -0.032959 -0.114873 0.331090 -0.064082
-0.058105 0.166626 -0.014526 -0.112974 0.323969 -0.028243
-0.060059 0.159668 -0.004761 -0.116771 0.310441 -0.009256
-0.058105 0.147217 -0.008057 -0.112974 0.286232 -0.015664
-0.046143 0.130371 -0.019165 -0.089715 0.253479 -0.037262
-0.030762 0.117310 -0.033691 -0.059810 0.228084 -0.065506
-0.012207 0.121948 -0.046509 -0.023734 0.237103 -0.090427
0.009277 0.135498 -0.046875 0.018038 0.263448 -0.091139
0.020264 0.141357 -0.036133 0.039398 0.274840 -0.070253
0.012695 0.148926 -0.019775 0.024683 0.289555 -0.038449
-0.003662 0.150024 -0.000488 -0.007120 0.291691 -0.000949
-0.012207 0.128540 0.020874 -0.023734 0.249919 0.040585
-0.016357 0.089111 0.029663 -0.031804 0.173258 0.057674
-0.015137 0.035400 0.021240 -0.029430 0.068829 0.041297
-0.015869 -0.023071 -0.007324 -0.030854 -0.044857 -0.014240
-0.021729 -0.017822 -0.045776 -0.042247 -0.034652 -0.089003
-0.044922 0.027954 -0.076172 -0.087341 0.054351 -0.148100
-0.077271 0.070190 -0.091675 -0.150236 0.136471 -0.178243
-0.094360 0.124390 -0.099243 -0.183464 0.241850 -0.192958
-0.088745 0.165405 -0.089722 -0.172546 0.321596 -0.174445
-0.068481 0.187256 -0.064697 -0.133148 0.364080 -0.125790
-0.048828 0.188599 -0.046387 -0.094936 0.366691 -0.090189
-0.035278 0.186157 -0.039795 -0.068591 0.361944 -0.077373
-0.028442 0.189331 -0.036499 -0.055300 0.368115 -0.070965
-0.028809 0.194824 -0.031860 -0.056012 0.378795 -0.061946
-0.034912 0.197266 -0.023560 -0.067879 0.383542 -0.045807
-0.041626 0.192383 -0.012207 -0.080933 0.374048 -0.023734
-0.046875 0.176270 -0.005493 -0.091139 0.342719 -0.010680
-0.053589 0.159912 -0.010620 -0.104192 0.310916 -0.020649
-0.063843 0.144775 -0.021484 -0.124129 0.281486 -0.041772
-0.073364 0.136841 -0.036499 -0.142642 0.266058 -0.070965
-0.083252 0.148071 -0.054565 -0.161866 0.287894 -0.106091
-0.098267 0.158081 -0.067139 -0.191059 0.307356 -0.130537
-0.107178 0.161255 -0.069580 -0.208385 0.313527 -0.135284
-0.107300 0.155396 -0.065552 -0.208622 0.302134 -0.127452
-0.107056 0.150024 -0.060303 -0.208147 0.291691 -0.117246
-0.106201 0.150879 -0.056030 -0.206486 0.293353 -0.108939
-0.105225 0.168457 -0.050659 -0.204587 0.327530 -0.098496
