-0.410034 0.275269 0.146851 -0.797226 0.535202 0.285520
-0.387329 0.120361 0.314087 -0.753081 0.234018 0.610677
-0.395020 0.002319 0.497070 -0.768033 0.004509 0.966450
-0.429688 -0.085083 0.702271 -0.835438 -0.165426 1.365419
-0.513672 -0.100342 0.916138 -0.998728 -0.195094 1.781239
-0.613159 -0.031616 1.120972 -1.192160 -0.061471 2.179496
-0.685425 0.055176 1.283569 -1.332666 0.107278 2.495633
-0.750000 0.123535 1.405273 -1.458219 0.240188 2.732261
-0.789673 0.176025 1.498047 -1.535354 0.342245 2.912640
-0.770630 0.216309 1.550903 -1.498329 0.420567 3.015408
-0.760132 0.217163 1.559814 -1.477918 0.422228 3.032734
-0.716919 0.228271 1.558228 -1.393899 0.443826 3.029649
-0.615967 0.204590 1.540649 -1.197619 0.397782 2.995472
-0.503418 0.096436 1.517456 -0.978791 0.187499 2.950377
-0.391724 0.025024 1.487793 -0.761625 0.048655 2.892703
-0.298950 -0.025269 1.438354 -0.581246 -0.049129 2.796581
-0.229004 -0.066406 1.366577 -0.445250 -0.129113 2.657024
-0.193237 -0.083740 1.284424 -0.375710 -0.162815 2.497294
-0.197266 -0.053101 1.207397 -0.383542 -0.103243 2.347533
-0.229248 -0.004395 1.138672 -0.445725 -0.008544 2.213910
-0.263184 0.032104 1.070435 -0.511706 0.062420 2.081237
-0.278687 0.049927 0.998657 -0.541848 0.097072 1.941681
-0.269531 0.040161 0.916016 -0.524047 0.078085 1.781001
-0.239380 0.011841 0.816406 -0.465424 0.023022 1.587332
-0.192627 -0.004883 0.697632 -0.374523 -0.009494 1.356400
-0.139771 -0.030518 0.557373 -0.271755 -0.059335 1.083696
-0.081299 -0.054321 0.401489 -0.158069 -0.105616 0.780612
-0.031982 -0.050537 0.241699 -0.062183 -0.098259 0.469934
-0.008667 -0.020142 0.093994 -0.016851 -0.039161 0.182752
-0.013672 -0.005737 -0.037476 -0.026582 -0.011155 -0.072863
-0.021729 0.001343 -0.179688 -0.042247 0.002611 -0.349365
-0.029541 0.041626 -0.324707 -0.057436 0.080933 -0.631325
-0.053345 0.071533 -0.456909 -0.103718 0.139081 -0.888365
-0.081055 0.099243 -0.575684 -0.157594 0.192958 -1.119297
-0.103271 0.110962 -0.688843 -0.200790 0.215742 -1.339311
-0.116455 0.111450 -0.800049 -0.226423 0.216692 -1.555528
-0.122803 0.107666 -0.901245 -0.238764 0.209334 -1.752283
-0.132080 0.093262 -0.983521 -0.256802 0.181328 -1.912251
-0.147217 0.071655 -1.052002 -0.286232 0.139319 -2.045398
-0.159668 0.050415 -1.109741 -0.310441 0.098022 -2.157660
-0.171631 0.024292 -1.157593 -0.333700 0.047231 -2.250698
-0.185791 -0.015869 -1.198364 -0.361232 -0.030854 -2.329970
-0.199341 -0.054810 -1.231323 -0.387577 -0.106566 -2.394052
-0.213623 -0.069946 -1.251831 -0.415345 -0.135996 -2.433925
-0.230591 -0.060425 -1.258545 -0.448336 -0.117483 -2.446978
-0.245605 -0.030518 -1.248047 -0.477529 -0.059335 -2.426567
-0.261108 0.004883 -1.223145 -0.507671 0.009494 -2.378150
-0.271118 0.042847 -1.186768 -0.527133 0.083306 -2.307422
-0.270996 0.073853 -1.144531 -0.526895 0.143591 -2.225302
-0.259399 0.092041 -1.100342 -0.504348 0.178955 -2.139385
-0.241089 0.101929 -1.050537 -0.468747 0.198179 -2.042551
-0.221191 0.100708 -0.995972 -0.430061 0.195806 -1.936459
-0.197632 0.089722 -0.939453 -0.384254 0.174445 -1.826571
-0.171387 0.071411 -0.885376 -0.333226 0.138844 -1.721429
-0.148438 0.057495 -0.838745 -0.288606 0.111787 -1.630765
-0.134277 0.049683 -0.802734 -0.261074 0.096597 -1.560750
-0.133057 0.037598 -0.775513 -0.258701 0.073101 -1.507823
-0.143799 0.018433 -0.744751 -0.279587 0.035838 -1.448013
-0.164063 -0.014404 -0.692627 -0.318985 -0.028006 -1.346669
-0.192261 -0.054688 -0.615845 -0.373811 -0.106328 -1.197382
-0.229004 -0.093628 -0.516724 -0.445250 -0.182040 -1.004661
-0.272949 -0.128418 -0.405518 -0.530693 -0.249682 -0.788444
-0.322021 -0.158203 -0.284790 -0.626104 -0.307593 -0.553715
-0.373169 -0.176514 -0.155640 -0.725549 -0.343194 -0.302609
-0.417847 -0.181519 -0.021729 -0.812416 -0.352925 -0.042247
-0.446777 -0.188354 0.106323 -0.868665 -0.366216 0.206723
-0.454956 -0.208374 0.226807 -0.884567 -0.405140 0.440978
-0.444458 -0.233643 0.346680 -0.864156 -0.454269 0.674046
-0.428833 -0.272095 0.467041 -0.833776 -0.529032 0.908064
-0.422241 -0.307861 0.581787 -0.820960 -0.598572 1.131164
-0.431274 -0.339966 0.690796 -0.838523 -0.660993 1.343109
-0.470581 -0.367920 0.798828 -0.914947 -0.715344 1.553155
-0.523315 -0.381958 0.905151 -1.017478 -0.742638 1.759878
-0.574585 -0.390747 1.009155 -1.117161 -0.759726 1.962092
-0.614868 -0.405640 1.113525 -1.195483 -0.788682 2.165018
-0.653809 -0.435425 1.226074 -1.271195 -0.846593 2.383846
-0.700439 -0.467651 1.358032 -1.361859 -0.909251 2.640411
-0.750610 -0.502686 1.506104 -1.459405 -0.977367 2.928304
-0.798950 -0.544434 1.654785 -1.553392 -1.058538 3.217385
-0.803955 -0.539307 1.779541 -1.563123 -1.048569 3.459947
-0.752075 -0.462524 1.852783 -1.462253 -0.899282 3.602351
-0.667358 -0.319092 1.850708 -1.297539 -0.620408 3.598316
-0.566040 -0.134521 1.778809 -1.100547 -0.261549 3.458523
-0.477051 0.040649 1.649902 -0.927526 0.079034 3.207891
-0.381348 0.150879 1.466797 -0.741451 0.293353 2.851881
-0.253052 0.208496 1.265381 -0.492006 0.405377 2.460269
-0.122559 0.194214 1.076050 -0.238290 0.377608 2.092155
-0.013794 0.118896 0.905884 -0.026819 0.231169 1.761302
0.070801 -0.001831 0.737305 0.137657 -0.003560 1.433535
0.137329 -0.103394 0.571289 0.267008 -0.201027 1.110753
0.193115 -0.177246 0.425659 0.375472 -0.344618 0.827606
0.229980 -0.208496 0.310547 0.447149 -0.405377 0.603794
0.238770 -0.204346 0.225464 0.464238 -0.397308 0.438368
0.216309 -0.187256 0.161011 0.420567 -0.364080 0.313052
0.167725 -0.167114 0.108032 0.326106 -0.324919 0.210046
0.111328 -0.132813 0.061279 0.216454 -0.258226 0.119145
0.057861 -0.090576 0.017090 0.112499 -0.176106 0.033228
0.006958 -0.057983 -0.019531 0.013528 -0.112737 -0.037974
-0.046265 -0.061646 -0.045410 -0.089952 -0.119857 -0.088291
-0.101563 -0.080200 -0.080688 -0.197467 -0.155933 -0.156882
-0.139526 -0.085938 -0.128540 -0.271280 -0.167088 -0.249919
-0.144165 -0.075928 -0.177368 -0.280299 -0.147626 -0.344855
-0.124512 -0.048462 -0.213989 -0.242087 -0.094224 -0.416058
-0.097900 -0.006714 -0.229614 -0.190347 -0.013054 -0.446437
-0.075806 0.041870 -0.227173 -0.147388 0.081408 -0.441690
-0.065430 0.093140 -0.208618 -0.127214 0.181091 -0.405615
-0.067871 0.124023 -0.176514 -0.131961 0.241138 -0.343194
-0.075928 0.123047 -0.137085 -0.147626 0.239239 -0.266533
-0.082642 0.100830 -0.097412 -0.160679 0.196043 -0.189398
-0.088867 0.074951 -0.061768 -0.172784 0.145727 -0.120094
-0.096558 0.046997 -0.033325 -0.187736 0.091376 -0.064794
-0.100098 0.016846 -0.010132 -0.194619 0.032753 -0.019699
-0.096069 -0.013550 0.006958 -0.186787 -0.026345 0.013528
-0.086182 -0.040161 0.017700 -0.167562 -0.078085 0.034414
-0.070801 -0.061523 0.024658 -0.137657 -0.119620 0.047943
-0.051514 -0.071655 0.030029 -0.100158 -0.139319 0.058386
-0.031616 -0.073120 0.031738 -0.061471 -0.142167 0.061708
-0.013306 -0.079468 0.030640 -0.025870 -0.154509 0.059572
0.000977 -0.089600 0.030029 0.001899 -0.174208 0.058386
0.006714 -0.088257 0.031494 0.013054 -0.171597 0.061234
0.001709 -0.077026 0.035400 0.003323 -0.149762 0.068829
-0.010498 -0.063599 0.035278 -0.020411 -0.123654 0.068591
-0.021973 -0.054443 0.035400 -0.042721 -0.105854 0.068829
-0.030640 -0.055176 0.035645 -0.059572 -0.107278 0.069303
-0.038086 -0.054810 0.033325 -0.074050 -0.106566 0.064794
-0.043091 -0.045410 0.028564 -0.083781 -0.088291 0.055538
-0.047607 -0.035889 0.023193 -0.092563 -0.069778 0.045095
-0.050659 -0.032593 0.018311 -0.098496 -0.063370 0.035601
-0.051270 -0.032959 0.014038 -0.099683 -0.064082 0.027294
-0.050781 -0.031982 0.008789 -0.098734 -0.062183 0.017089
-0.051270 -0.027710 0.001831 -0.099683 -0.053876 0.003560
-0.054077 -0.017822 -0.003906 -0.105142 -0.034652 -0.007595
-0.058228 -0.004883 -0.003906 -0.113211 -0.009494 -0.007595
-0.063599 0.003540 -0.002563 -0.123654 0.006883 -0.004984
-0.068848 0.006592 -0.003784 -0.133860 0.012816 -0.007358
-0.072144 0.009033 -0.006470 -0.140268 0.017563 -0.012579
-0.074463 0.008301 -0.008789 -0.144778 0.016139 -0.017089
-0.075439 0.002075 -0.010742 -0.146676 0.004035 -0.020886
-0.076172 -0.005493 -0.012085 -0.148100 -0.010680 -0.023497
-0.079346 -0.008057 -0.011597 -0.154271 -0.015664 -0.022547
-0.081543 -0.007690 -0.009766 -0.158543 -0.014952 -0.018987
-0.080811 -0.007935 -0.007446 -0.157119 -0.015427 -0.014478
-0.078491 -0.008911 -0.004761 -0.152610 -0.017326 -0.009256
-0.078735 -0.010498 -0.001709 -0.153084 -0.020411 -0.003323
-0.080444 -0.013428 0.000122 -0.156407 -0.026107 0.000237
-0.080078 -0.014282 0.003174 -0.155695 -0.027769 0.006171
-0.077148 -0.012329 0.008667 -0.149999 -0.023971 0.016851
-0.074097 -0.011230 0.014771 -0.144066 -0.021835 0.028718
-0.072754 -0.010742 0.019287 -0.141455 -0.020886 0.037500
-0.072876 -0.010254 0.020996 -0.141692 -0.019937 0.040823
