-0.078125 0.489136 -0.023560 -0.151898 0.951023 -0.045807
-0.117798 0.576172 -0.039307 -0.229033 1.120246 -0.076424
-0.196167 0.573730 -0.052612 -0.381406 1.115499 -0.102294
-0.264404 0.622803 -0.058350 -0.514079 1.210910 -0.113449
-0.292847 0.564697 -0.073486 -0.569379 1.097936 -0.142879
-0.310913 0.447876 -0.063721 -0.604506 0.870802 -0.123892
-0.332153 0.322632 -0.027344 -0.645803 0.627290 -0.053164
-0.354370 0.202637 0.011475 -0.688999 0.393985 0.022310
-0.387329 0.109375 0.037720 -0.753081 0.212657 0.073338
-0.436523 0.057251 0.046753 -0.848729 0.111313 0.090901
-0.491455 0.040649 0.045776 -0.955532 0.079034 0.089003
-0.534790 0.021240 0.050415 -1.039788 0.041297 0.098022
-0.546875 -0.052734 0.080688 -1.063285 -0.102531 0.156882
-0.522217 -0.158813 0.133667 -1.015342 -0.308780 0.259888
-0.477905 -0.223999 0.173218 -0.929187 -0.435519 0.336786
-0.445068 -0.213135 0.179321 -0.865343 -0.414396 0.348653
-0.452515 -0.171631 0.156006 -0.879820 -0.333700 0.303321
-0.485596 -0.057129 0.138306 -0.944140 -0.111075 0.268907
-0.501709 0.091431 0.175293 -0.975469 0.177768 0.340821
-0.488037 0.126343 0.240601 -0.948886 0.245647 0.467798
-0.459961 0.097656 0.277344 -0.894298 0.189872 0.539237
-0.434814 0.029907 0.266846 -0.845406 0.058148 0.518826
-0.418823 -0.023682 0.237915 -0.814315 -0.046044 0.462576
-0.410156 -0.030640 0.198730 -0.797463 -0.059572 0.386390
-0.407349 -0.015625 0.170044 -0.792005 -0.030380 0.330615
-0.399170 0.021606 0.158691 -0.776103 0.042009 0.308542
-0.380615 0.068481 0.148682 -0.740027 0.133148 0.289080
-0.365723 0.071533 0.140625 -0.711071 0.139081 0.273416
-0.347534 0.067749 0.124146 -0.675708 0.131724 0.241375
-0.336548 0.071167 0.101685 -0.654347 0.138369 0.197704
-0.333618 0.097168 0.083740 -0.648651 0.188923 0.162815
-0.339111 0.127075 0.074463 -0.659331 0.247071 0.144778
-0.358032 0.157715 0.078491 -0.696119 0.306644 0.152610
-0.382935 0.180542 0.093872 -0.744536 0.351026 0.182515
-0.403442 0.191895 0.120239 -0.784410 0.373099 0.233780
-0.418457 0.213867 0.149170 -0.813603 0.415820 0.290030
-0.429443 0.228149 0.172485 -0.834963 0.443589 0.335362
-0.434937 0.152222 0.182861 -0.845643 0.295963 0.355536
-0.421265 0.030273 0.174438 -0.819061 0.058860 0.339159
-0.384033 0.003906 0.148682 -0.746673 0.007595 0.289080
-0.332153 -0.012207 0.109497 -0.645803 -0.023734 0.212894
-0.297119 -0.050171 0.084595 -0.577686 -0.097547 0.164477
-0.263306 -0.038208 0.067383 -0.511943 -0.074288 0.131012
-0.224365 -0.013916 0.050781 -0.436231 -0.027057 0.098734
-0.203735 -0.031128 0.034424 -0.396121 -0.060522 0.066930
-0.191650 -0.091309 0.006836 -0.372624 -0.177531 0.013291
-0.177002 -0.177612 -0.028687 -0.344143 -0.345330 -0.055775
-0.163696 -0.246094 -0.063232 -0.318273 -0.478478 -0.122942
-0.150879 -0.265381 -0.093506 -0.293353 -0.515978 -0.181803
-0.140625 -0.251709 -0.116821 -0.273416 -0.489396 -0.227135
-0.133911 -0.243652 -0.131104 -0.260362 -0.473731 -0.254903
-0.133545 -0.251099 -0.133911 -0.259650 -0.488209 -0.260362
-0.137817 -0.252563 -0.122070 -0.267957 -0.491057 -0.237340
-0.137573 -0.253418 -0.101929 -0.267482 -0.492718 -0.198179
-0.129150 -0.245972 -0.078979 -0.251106 -0.478241 -0.153559
-0.114380 -0.251465 -0.059448 -0.222388 -0.488921 -0.115585
-0.097656 -0.279541 -0.049072 -0.189872 -0.543509 -0.095411
-0.074097 -0.280151 -0.050659 -0.144066 -0.544696 -0.098496
-0.045166 -0.239014 -0.061401 -0.087816 -0.464712 -0.119382
-0.016113 -0.195557 -0.076538 -0.031329 -0.380219 -0.148812
0.010132 -0.185669 -0.086914 0.019699 -0.360995 -0.168986
0.034180 -0.192261 -0.087524 0.066455 -0.373811 -0.170173
0.049805 -0.176636 -0.077148 0.096835 -0.343431 -0.149999
0.056519 -0.141479 -0.056763 0.109889 -0.275077 -0.110363
0.051636 -0.107056 -0.027954 0.100395 -0.208147 -0.054351
0.028564 -0.083374 0.005127 0.055538 -0.162103 0.009968
-0.013916 -0.050537 0.041382 -0.027057 -0.098259 0.080458
-0.068481 0.007935 0.080566 -0.133148 0.015427 0.156645
-0.122925 0.052490 0.113525 -0.239002 0.102056 0.220726
-0.167236 0.040161 0.126953 -0.325156 0.078085 0.246834
-0.193115 -0.015747 0.115112 -0.375472 -0.030617 0.223812
-0.200195 -0.071533 0.075439 -0.389238 -0.139081 0.146676
-0.187988 -0.090454 0.018433 -0.365504 -0.175869 0.035838
-0.154297 -0.073975 -0.044189 -0.299998 -0.143828 -0.085917
-0.102051 -0.041016 -0.094849 -0.198416 -0.079746 -0.184413
-0.040771 -0.006958 -0.118896 -0.079272 -0.013528 -0.231169
0.016357 0.017334 -0.103027 0.031804 0.033702 -0.200315
0.050171 0.047852 -0.062256 0.097547 0.093037 -0.121044
0.062134 0.079468 -0.006348 0.120806 0.154509 -0.012342
0.061157 0.104370 0.055298 0.118907 0.202926 0.107515
0.052368 0.118652 0.109253 0.101819 0.230695 0.212420
0.042114 0.122803 0.145630 0.081882 0.238764 0.283147
0.023315 0.128052 0.159058 0.045332 0.248970 0.309254
-0.006714 0.120117 0.148926 -0.013054 0.233543 0.289555
-0.040771 0.093140 0.119385 -0.079272 0.181091 0.232119
-0.071533 0.067871 0.078003 -0.139081 0.131961 0.151660
-0.091797 0.061768 0.031860 -0.178480 0.120094 0.061946
-0.100830 0.060181 -0.011108 -0.196043 0.117009 -0.021598
-0.104370 0.044800 -0.045776 -0.202926 0.087104 -0.089003
-0.107056 0.024658 -0.071167 -0.208147 0.047943 -0.138369
-0.110107 0.014771 -0.086670 -0.214081 0.028718 -0.168512
-0.110718 0.028076 -0.094971 -0.215268 0.054588 -0.184651
-0.105347 0.061401 -0.092041 -0.204825 0.119382 -0.178955
-0.095337 0.093628 -0.082886 -0.185363 0.182040 -0.161154
-0.081055 0.121582 -0.072998 -0.157594 0.236391 -0.141929
-0.071167 0.148560 -0.059448 -0.138369 0.288843 -0.115585
-0.067871 0.161133 -0.043945 -0.131961 0.313289 -0.085443
-0.071899 0.154785 -0.028442 -0.139793 0.300947 -0.055300
-0.076660 0.146484 -0.012329 -0.149050 0.284808 -0.023971
-0.078369 0.149780 0.001221 -0.152372 0.291217 0.002373
-0.077148 0.167358 0.007324 -0.149999 0.325394 0.014240
-0.072876 0.191040 0.008911 -0.141692 0.371438 0.017326
-0.065430 0.222778 0.014771 -0.127214 0.433146 0.028718
-0.055298 0.244141 0.030884 -0.107515 0.474681 0.060047
-0.048340 0.232422 0.054443 -0.093987 0.451896 0.105854
-0.050659 0.205811 0.073486 -0.098496 0.400156 0.142879
-0.062134 0.196655 0.083130 -0.120806 0.382355 0.161629
-0.076538 0.220703 0.084595 -0.148812 0.429111 0.164477
-0.087524 0.252930 0.079224 -0.170173 0.491769 0.154034
-0.091919 0.270508 0.067627 -0.178717 0.525946 0.131487
-0.092163 0.284058 0.051147 -0.179192 0.552291 0.099446
-0.096436 0.295654 0.055664 -0.187499 0.574838 0.108227
-0.074829 0.323730 0.066284 -0.145490 0.629426 0.128876
-0.043823 0.310303 0.069336 -0.085205 0.603319 0.134809
-0.031494 0.195435 0.058472 -0.061234 0.379982 0.113686
-0.033081 0.097290 0.027344 -0.064319 0.189160 0.053164
-0.051636 0.074585 0.002563 -0.100395 0.145015 0.004984
-0.075195 0.072998 -0.003418 -0.146202 0.141929 -0.006646
-0.082520 0.052124 0.003296 -0.160442 0.101344 0.006408
-0.078613 0.014771 0.006104 -0.152847 0.028718 0.011867
-0.079712 -0.012085 -0.002563 -0.154983 -0.023497 -0.004984
-0.084717 -0.018921 -0.015625 -0.164714 -0.036788 -0.030380
-0.090454 -0.007568 -0.025635 -0.175869 -0.014715 -0.049841
-0.096069 0.010742 -0.030762 -0.186787 0.020886 -0.059810
-0.100220 0.021240 -0.030396 -0.194856 0.041297 -0.059098
-0.099609 0.020264 -0.027954 -0.193670 0.039398 -0.054351
-0.097168 0.016602 -0.024902 -0.188923 0.032278 -0.048417
-0.095825 0.016968 -0.021851 -0.186312 0.032990 -0.042484
-0.098267 0.025757 -0.022827 -0.191059 0.050079 -0.044383
-0.101685 0.029297 -0.024048 -0.197704 0.056962 -0.046756
-0.102905 0.023560 -0.024170 -0.200078 0.045807 -0.046993
-0.102905 0.025269 -0.021606 -0.200078 0.049129 -0.042009
-0.104492 0.034424 -0.015015 -0.203163 0.066930 -0.029193
-0.110840 0.042480 -0.005859 -0.215505 0.082594 -0.011392
-0.117920 0.041626 0.002197 -0.229271 0.080933 0.004272
-0.121948 0.037476 0.006470 -0.237103 0.072863 0.012579
-0.118774 0.036499 0.009399 -0.230932 0.070965 0.018275
-0.111328 0.041382 0.010986 -0.216454 0.080458 0.021361
-0.105591 0.040039 0.013550 -0.205299 0.077848 0.026345
-0.102173 0.030762 0.016235 -0.198654 0.059810 0.031566
-0.095337 0.016846 0.017700 -0.185363 0.032753 0.034414
-0.085571 0.000610 0.015503 -0.166376 0.001187 0.030142
-0.071655 -0.022827 0.010498 -0.139319 -0.044383 0.020411
-0.055420 -0.042480 0.004639 -0.107752 -0.082594 0.009019
-0.042358 -0.049438 -0.002075 -0.082357 -0.096123 -0.004035
-0.032593 -0.048706 -0.010132 -0.063370 -0.094699 -0.019699
-0.026611 -0.046875 -0.015991 -0.051740 -0.091139 -0.031092
-0.028198 -0.043823 -0.016479 -0.054826 -0.085205 -0.032041
-0.037109 -0.039795 -0.012939 -0.072151 -0.077373 -0.025158
-0.051147 -0.040161 -0.004761 -0.099446 -0.078085 -0.009256
