0.140625 0.423096 -0.154419 0.273416 0.822621 -0.300235
0.105591 0.372925 -0.128296 0.205299 0.725075 -0.249445
0.087769 0.260742 -0.082642 0.170648 0.506959 -0.160679
0.106079 0.121704 -0.019775 0.206249 0.236628 -0.038449
0.128540 -0.046997 0.048462 0.249919 -0.091376 0.094224
0.146240 -0.211792 0.116455 0.284334 -0.411785 0.226423
0.154907 -0.362793 0.179932 0.301185 -0.705375 0.349840
0.165161 -0.515625 0.229492 0.321121 -1.002525 0.446200
0.177246 -0.673828 0.246338 0.344618 -1.310118 0.478953
0.175903 -0.778564 0.208496 0.342007 -1.513756 0.405377
0.150757 -0.736816 0.118408 0.293115 -1.432586 0.230220
0.095215 -0.567383 0.012939 0.185125 -1.103158 0.025158
0.027100 -0.367554 -0.067017 0.052690 -0.714632 -0.130300
0.002319 -0.185425 -0.098145 0.004509 -0.360520 -0.190822
0.038452 -0.048340 -0.088379 0.074762 -0.093987 -0.171834
0.090454 0.014893 -0.060547 0.175869 0.028956 -0.117721
0.123291 0.007324 -0.037354 0.239714 0.014240 -0.072626
0.133911 -0.060425 -0.029663 0.260362 -0.117483 -0.057674
0.133057 -0.169189 -0.035156 0.258701 -0.328954 -0.068354
0.132813 -0.297485 -0.042236 0.258226 -0.578398 -0.082120
0.143188 -0.422852 -0.040161 0.278400 -0.822147 -0.078085
0.155518 -0.525391 -0.032349 0.302372 -1.021513 -0.062895
0.151367 -0.549438 -0.026489 0.294302 -1.068269 -0.051503
0.113281 -0.429199 -0.027832 0.220252 -0.834488 -0.054114
0.025757 -0.179565 -0.043335 0.050079 -0.349128 -0.084256
-0.101685 0.164429 -0.058594 -0.197704 0.319697 -0.113923
-0.232788 0.579224 -0.068848 -0.452608 1.126180 -0.133860
-0.298218 1.004150 -0.054321 -0.579822 1.952361 -0.105616
-0.295166 1.333130 0.029663 -0.573889 2.591993 0.057674
-0.226196 1.516235 0.196533 -0.439792 2.948004 0.382118
-0.128540 1.487793 0.398438 -0.249919 2.892703 0.774679
-0.061646 1.182617 0.545654 -0.119857 2.299353 1.060911
-0.061035 0.635986 0.571777 -0.118670 1.236543 1.111702
-0.112549 0.000244 0.515747 -0.218828 0.000475 1.002763
-0.209839 -0.622559 0.380005 -0.407988 -1.210436 0.738840
-0.345581 -1.081055 0.166870 -0.671910 -2.101886 0.324444
-0.400513 -1.285767 -0.066284 -0.778713 -2.499905 -0.128876
-0.351807 -1.250977 -0.237305 -0.684015 -2.432263 -0.461390
-0.204346 -1.027100 -0.305664 -0.397308 -1.996981 -0.594300
-0.006714 -0.729370 -0.272949 -0.013054 -1.418108 -0.530693
0.146606 -0.458130 -0.153931 0.285046 -0.890738 -0.299286
0.205322 -0.251831 0.005981 0.399206 -0.489633 0.011630
0.169067 -0.103638 0.160034 0.328716 -0.201502 0.311153
0.095947 0.009644 0.270020 0.186549 0.018750 0.524997
0.037109 0.093262 0.317139 0.072151 0.181328 0.616610
0.000610 0.127563 0.312012 0.001187 0.248021 0.606642
-0.031006 0.109131 0.269653 -0.060284 0.212182 0.524285
-0.061279 0.067139 0.210693 -0.119145 0.130537 0.409649
-0.080078 0.029053 0.155884 -0.155695 0.056487 0.303084
-0.079834 0.003540 0.111816 -0.155221 0.006883 0.217404
-0.063477 -0.007568 0.075684 -0.123417 -0.014715 0.147151
-0.041138 -0.007324 0.050415 -0.079984 -0.014240 0.098022
-0.023315 0.000977 0.042969 -0.045332 0.001899 0.083544
-0.023804 0.014282 0.052246 -0.046281 0.027769 0.101582
-0.046265 0.021118 0.068848 -0.089952 0.041060 0.133860
-0.073853 0.013550 0.081787 -0.143591 0.026345 0.159018
-0.088623 -0.002930 0.078247 -0.172309 -0.005696 0.152135
-0.085938 -0.029785 0.061646 -0.167088 -0.057911 0.119857
-0.071655 -0.051392 0.050537 -0.139319 -0.099920 0.098259
-0.054199 -0.037720 0.055176 -0.105379 -0.073338 0.107278
-0.049072 0.011719 0.061646 -0.095411 0.022785 0.119857
-0.071045 0.068237 0.053589 -0.138132 0.132673 0.104192
-0.112549 0.112549 0.030518 -0.218828 0.218828 0.059335
-0.155151 0.137207 0.000732 -0.301659 0.266770 0.001424
-0.169922 0.141602 -0.026978 -0.330378 0.275315 -0.052452
-0.143433 0.151001 -0.036011 -0.278875 0.293590 -0.070015
-0.095947 0.170898 -0.027588 -0.186549 0.332276 -0.053639
-0.072266 0.185059 -0.017700 -0.140505 0.359808 -0.034414
-0.095093 0.192993 -0.020142 -0.184888 0.375235 -0.039161
-0.162842 0.195435 -0.044067 -0.316612 0.379982 -0.085680
-0.235352 0.174927 -0.075317 -0.457592 0.340109 -0.146439
-0.265381 0.136108 -0.088989 -0.515978 0.264634 -0.173021
-0.237793 0.121216 -0.079346 -0.462339 0.235679 -0.154271
-0.167603 0.168579 -0.041626 -0.325868 0.327767 -0.080933
-0.099731 0.257446 0.015137 -0.193907 0.500551 0.029430
-0.063477 0.349609 0.065552 -0.123417 0.679743 0.127452
-0.072876 0.400024 0.089722 -0.141692 0.777764 0.174445
-0.127930 0.384399 0.084595 -0.248733 0.747385 0.164477
-0.196411 0.327026 0.055542 -0.381881 0.635835 0.107990
-0.242065 0.238525 0.012695 -0.470646 0.463763 0.024683
-0.239624 0.128418 -0.022461 -0.465899 0.249682 -0.043671
-0.182495 0.016846 -0.036865 -0.354824 0.032753 -0.071677
-0.097900 -0.076172 -0.040405 -0.190347 -0.148100 -0.078560
-0.016235 -0.120483 -0.033203 -0.031566 -0.234255 -0.064557
0.021729 -0.129272 -0.020996 0.042247 -0.251343 -0.040823
-0.041992 -0.124634 -0.016479 -0.081645 -0.242324 -0.032041
-0.156860 -0.071899 -0.026123 -0.304982 -0.139793 -0.050791
-0.265625 -0.031738 -0.060303 -0.516452 -0.061708 -0.117246
-0.321045 -0.030396 -0.098755 -0.624205 -0.059098 -0.192008
-0.286255 -0.026489 -0.114014 -0.556563 -0.051503 -0.221676
-0.191895 -0.009521 -0.100830 -0.373099 -0.018513 -0.196043
-0.088623 0.022339 -0.069214 -0.172309 0.043433 -0.134572
-0.010864 0.064697 -0.034180 -0.021123 0.125790 -0.066455
0.026489 0.106812 -0.003784 0.051503 0.207673 -0.007358
0.027344 0.148438 0.019531 0.053164 0.288606 0.037974
0.011719 0.178955 0.037964 0.022785 0.347941 0.073813
-0.009033 0.186523 0.052490 -0.017563 0.362656 0.102056
-0.033569 0.163696 0.059937 -0.065269 0.318273 0.116534
-0.064209 0.100830 0.059326 -0.124841 0.196043 0.115347
-0.095703 0.019165 0.055054 -0.186075 0.037262 0.107040
-0.132202 -0.054932 0.041138 -0.257040 -0.106803 0.079984
-0.169189 -0.106323 0.010620 -0.328954 -0.206723 0.020649
-0.195190 -0.137329 -0.026489 -0.379507 -0.267008 -0.051503
-0.202271 -0.151489 -0.052979 -0.393273 -0.294539 -0.103006
-0.191162 -0.156738 -0.059204 -0.371675 -0.304745 -0.115110
-0.170776 -0.159302 -0.048950 -0.332039 -0.309729 -0.095173
-0.150391 -0.158203 -0.028076 -0.292403 -0.307593 -0.054588
-0.133667 -0.153320 0.000977 -0.259888 -0.298099 0.001899
-0.121826 -0.149902 0.031128 -0.236866 -0.291454 0.060522
-0.117920 -0.148804 0.052246 -0.229271 -0.289318 0.101582
-0.122681 -0.150146 0.061157 -0.238527 -0.291929 0.118907
-0.130127 -0.148071 0.061523 -0.253005 -0.287894 0.119620
-0.133545 -0.138794 0.055664 -0.259650 -0.269856 0.108227
-0.128540 -0.126831 0.044189 -0.249919 -0.246597 0.085917
-0.118408 -0.113647 0.031372 -0.230220 -0.220964 0.060996
-0.114868 -0.098755 0.017212 -0.223337 -0.192008 0.033465
-0.123535 -0.083252 -0.004028 -0.240188 -0.161866 -0.007832
-0.139404 -0.074219 -0.030029 -0.271043 -0.144303 -0.058386
-0.155518 -0.072998 -0.055298 -0.302372 -0.141929 -0.107515
-0.162476 -0.079712 -0.071655 -0.315900 -0.154983 -0.139319
-0.160034 -0.091797 -0.076782 -0.311153 -0.178480 -0.149287
-0.150146 -0.100952 -0.075317 -0.291929 -0.196280 -0.146439
-0.142456 -0.097900 -0.070923 -0.276976 -0.190347 -0.137895
-0.144653 -0.078247 -0.062622 -0.281248 -0.152135 -0.121756
-0.158447 -0.042358 -0.054565 -0.308068 -0.082357 -0.106091
-0.177490 -0.001709 -0.049683 -0.345093 -0.003323 -0.096597
-0.194824 0.030396 -0.044922 -0.378795 0.059098 -0.087341
-0.203491 0.048706 -0.041260 -0.395646 0.094699 -0.080221
-0.198975 0.059448 -0.037842 -0.386865 0.115585 -0.073575
-0.184082 0.067993 -0.032593 -0.357909 0.132199 -0.063370
-0.168213 0.069946 -0.024292 -0.327055 0.135996 -0.047231
-0.157104 0.065430 -0.013794 -0.305457 0.127214 -0.026819
-0.151855 0.052979 -0.004395 -0.295251 0.103006 -0.008544
-0.151001 0.037231 0.002075 -0.293590 0.072389 0.004035
-0.152832 0.025757 0.001099 -0.297150 0.050079 0.002136
-0.155762 0.024048 -0.009155 -0.302846 0.046756 -0.017801
-0.164307 0.034668 -0.027832 -0.319460 0.067405 -0.054114
-0.176880 0.075073 -0.049316 -0.343906 0.145964 -0.095885
-0.186768 0.145508 -0.068481 -0.363131 0.282910 -0.133148
-0.184326 0.216187 -0.082397 -0.358384 0.420330 -0.160205
-0.166260 0.258911 -0.087036 -0.323257 0.503399 -0.169224
-0.141479 0.264771 -0.082886 -0.275077 0.514791 -0.161154
-0.118042 0.239624 -0.072144 -0.229508 0.465899 -0.140268
-0.098145 0.195923 -0.060547 -0.190822 0.380931 -0.117721
-0.083618 0.145752 -0.051147 -0.162578 0.283384 -0.099446
-0.079590 0.094116 -0.046265 -0.154746 0.182989 -0.089952
-0.089600 0.047852 -0.046997 -0.174208 0.093037 -0.091376
-0.109375 0.015015 -0.053833 -0.212657 0.029193 -0.104667
-0.130005 -0.011963 -0.060913 -0.252767 -0.023259 -0.118433
-0.141846 -0.034546 -0.061646 -0.275789 -0.067167 -0.119857
