0.096802 0.288452 -0.180664 0.188211 0.560835 -0.351264
0.051758 0.286621 -0.210571 0.100632 0.557275 -0.409412
-0.013672 0.322021 -0.226563 -0.026582 0.626104 -0.440504
-0.072266 0.348267 -0.227051 -0.140505 0.677132 -0.441453
-0.126831 0.340332 -0.209229 -0.246597 0.661705 -0.406801
-0.168335 0.300171 -0.174438 -0.327292 0.583620 -0.339159
-0.196045 0.257202 -0.115723 -0.381168 0.500076 -0.224999
-0.229858 0.223877 -0.045410 -0.446912 0.435282 -0.088291
-0.231689 0.203247 0.004395 -0.450472 0.395172 0.008544
-0.218750 0.180786 0.049072 -0.425314 0.351501 0.095411
-0.206909 0.150757 0.085083 -0.402292 0.293115 0.165426
-0.193481 0.110352 0.112915 -0.376184 0.214556 0.219540
-0.171875 0.072388 0.127075 -0.334175 0.140743 0.247071
-0.151123 0.039917 0.131104 -0.293827 0.077610 0.254903
-0.135132 0.008789 0.129517 -0.262736 0.017089 0.251818
-0.123047 -0.015137 0.119141 -0.239239 -0.029430 0.231644
-0.118896 -0.028687 0.096802 -0.231169 -0.055775 0.188211
-0.124268 -0.028687 0.067505 -0.241612 -0.055775 0.131249
-0.136353 -0.010254 0.033813 -0.265109 -0.019937 0.065743
-0.148071 0.015137 -0.000244 -0.287894 0.029430 -0.000475
-0.155884 0.032227 -0.030518 -0.303084 0.062658 -0.059335
-0.156372 0.042114 -0.054077 -0.304033 0.081882 -0.105142
-0.150391 0.049683 -0.069580 -0.292403 0.096597 -0.135284
-0.148926 0.060059 -0.067505 -0.289555 0.116771 -0.131249
-0.157104 0.070923 -0.056152 -0.305457 0.137895 -0.109177
-0.152100 0.076172 -0.057983 -0.295726 0.148100 -0.112737
-0.145752 0.070068 -0.063477 -0.283384 0.136233 -0.123417
-0.142212 0.051758 -0.066650 -0.276501 0.100632 -0.129588
-0.135254 0.024414 -0.068115 -0.262973 0.047468 -0.132436
-0.126587 -0.004517 -0.066162 -0.246122 -0.008782 -0.128638
-0.121582 -0.033936 -0.054199 -0.236391 -0.065981 -0.105379
-0.122070 -0.061035 -0.032715 -0.237340 -0.118670 -0.063607
-0.125854 -0.079712 -0.011108 -0.244698 -0.154983 -0.021598
-0.131836 -0.085083 0.005981 -0.256328 -0.165426 0.011630
-0.138428 -0.080078 0.016724 -0.269144 -0.155695 0.032516
-0.138916 -0.069824 0.023193 -0.270093 -0.135759 0.045095
-0.125610 -0.056519 0.030884 -0.244223 -0.109889 0.060047
-0.105591 -0.035889 0.038818 -0.205299 -0.069778 0.075474
-0.090210 -0.008057 0.040649 -0.175394 -0.015664 0.079034
-0.075562 0.020386 0.035156 -0.146914 0.039636 0.068354
-0.065308 0.041382 0.028320 -0.126977 0.080458 0.055063
-0.061157 0.053101 0.017334 -0.118907 0.103243 0.033702
-0.061768 0.057251 0.005005 -0.120094 0.111313 0.009731
-0.073486 0.055664 0.000488 -0.142879 0.108227 0.000949
-0.096558 0.059082 0.000854 -0.187736 0.114873 0.001661
-0.100220 0.061646 -0.010620 -0.194856 0.119857 -0.020649
-0.095337 0.056519 -0.021484 -0.185363 0.109889 -0.041772
-0.090576 0.046997 -0.025635 -0.176106 0.091376 -0.049841
-0.083862 0.036255 -0.023682 -0.163053 0.070490 -0.046044
-0.073486 0.029053 -0.017944 -0.142879 0.056487 -0.034889
-0.064697 0.030396 -0.013550 -0.125790 0.059098 -0.026345
-0.059570 0.031860 -0.012207 -0.115822 0.061946 -0.023734
-0.057617 0.028442 -0.014038 -0.112025 0.055300 -0.027294
-0.058105 0.021729 -0.019043 -0.112974 0.042247 -0.037025
-0.060059 0.009155 -0.025024 -0.116771 0.017801 -0.048655
-0.062256 -0.002075 -0.031738 -0.121044 -0.004035 -0.061708
-0.065186 -0.005371 -0.038330 -0.126740 -0.010443 -0.074525
-0.069458 -0.000244 -0.042725 -0.135047 -0.000475 -0.083069
-0.070190 0.009155 -0.045166 -0.136471 0.017801 -0.087816
-0.066406 0.015991 -0.047119 -0.129113 0.031092 -0.091613
-0.060181 0.015015 -0.050171 -0.117009 0.029193 -0.097547
-0.057129 0.014038 -0.052002 -0.111075 0.027294 -0.101107
-0.060059 0.027100 -0.051270 -0.116771 0.052690 -0.099683
-0.065918 0.039795 -0.046143 -0.128164 0.077373 -0.089715
-0.070435 0.040283 -0.039185 -0.136945 0.078322 -0.076186
-0.070190 0.036621 -0.035400 -0.136471 0.071202 -0.068829
-0.068481 0.034424 -0.034180 -0.133148 0.066930 -0.066455
-0.074097 0.031616 -0.030273 -0.144066 0.061471 -0.058860
-0.086182 0.030640 -0.028076 -0.167562 0.059572 -0.054588
-0.091431 0.025024 -0.034546 -0.177768 0.048655 -0.067167
-0.094727 0.013916 -0.038818 -0.184176 0.027057 -0.075474
-0.100464 0.004028 -0.039429 -0.195331 0.007832 -0.076661
-0.102661 -0.003052 -0.038696 -0.199603 -0.005934 -0.075237
-0.102539 -0.007813 -0.037109 -0.199366 -0.015190 -0.072151
-0.103882 -0.011475 -0.033813 -0.201977 -0.022310 -0.065743
-0.105225 -0.016113 -0.029785 -0.204587 -0.031329 -0.057911
-0.105469 -0.022217 -0.024780 -0.205062 -0.043196 -0.048180
-0.106934 -0.030518 -0.021240 -0.207910 -0.059335 -0.041297
-0.108765 -0.041016 -0.018433 -0.211470 -0.079746 -0.035838
-0.110352 -0.040527 -0.016479 -0.214556 -0.078797 -0.032041
-0.112793 -0.023560 -0.015259 -0.219302 -0.045807 -0.029668
-0.114868 -0.009888 -0.011963 -0.223337 -0.019225 -0.023259
-0.113159 -0.008667 -0.008179 -0.220014 -0.016851 -0.015902
-0.112671 -0.013916 -0.002563 -0.219065 -0.027057 -0.004984
-0.116455 -0.017944 0.001221 -0.226423 -0.034889 0.002373
-0.116577 -0.021973 -0.001587 -0.226660 -0.042721 -0.003085
-0.114380 -0.024658 -0.002075 -0.222388 -0.047943 -0.004035
-0.113159 -0.030273 -0.001587 -0.220014 -0.058860 -0.003085
-0.111084 -0.039551 -0.001709 -0.215980 -0.076898 -0.003323
-0.109009 -0.041870 -0.002075 -0.211945 -0.081408 -0.004035
-0.108398 -0.041260 -0.001099 -0.210758 -0.080221 -0.002136
-0.107300 -0.043457 0.003540 -0.208622 -0.084493 0.006883
-0.106445 -0.046631 0.009644 -0.206961 -0.090664 0.018750
-0.106079 -0.050903 0.013306 -0.206249 -0.098971 0.025870
-0.106445 -0.048218 0.014038 -0.206961 -0.093749 0.027294
-0.106567 -0.042236 0.016602 -0.207198 -0.082120 0.032278
-0.108521 -0.042358 0.019287 -0.210996 -0.082357 0.037500
-0.109375 -0.049683 0.015015 -0.212657 -0.096597 0.029193
-0.110962 -0.057983 0.007080 -0.215742 -0.112737 0.013766
-0.110840 -0.061768 -0.004028 -0.215505 -0.120094 -0.007832
-0.104004 -0.063721 -0.013916 -0.202214 -0.123892 -0.027057
-0.106079 -0.068726 -0.010254 -0.206249 -0.133623 -0.019937
-0.107544 -0.068359 -0.005737 -0.209097 -0.132911 -0.011155
-0.101807 -0.060547 -0.006226 -0.197942 -0.117721 -0.012104
-0.092163 -0.048096 -0.007568 -0.179192 -0.093512 -0.014715
-0.081787 -0.039429 -0.007690 -0.159018 -0.076661 -0.014952
-0.074097 -0.030762 -0.008423 -0.144066 -0.059810 -0.016376
-0.071655 -0.018555 -0.009888 -0.139319 -0.036076 -0.019225
-0.070679 0.007813 -0.014771 -0.137420 0.015190 -0.028718
-0.069092 0.047607 -0.026001 -0.134335 0.092563 -0.050553
-0.058960 0.085449 -0.039307 -0.114635 0.166138 -0.076424
-0.043579 0.103760 -0.036743 -0.084730 0.201739 -0.071439
-0.001587 0.117432 -0.021851 -0.003085 0.228321 -0.042484
0.052734 0.120850 0.008545 0.102531 0.234967 0.016614
0.089600 0.113037 0.048584 0.174208 0.219777 0.094461
0.089600 0.094116 0.089722 0.174208 0.182989 0.174445
0.060547 0.066650 0.117920 0.117721 0.129588 0.229271
0.013672 0.017700 0.125732 0.026582 0.034414 0.244460
-0.044312 -0.046021 0.114502 -0.086155 -0.089477 0.222625
-0.093140 -0.105225 0.082153 -0.181091 -0.204587 0.159730
-0.123901 -0.149902 0.043213 -0.240900 -0.291454 0.084018
-0.143066 -0.175537 0.014038 -0.278163 -0.341295 0.027294
-0.153320 -0.184814 -0.007568 -0.298099 -0.359333 -0.014715
-0.150879 -0.185059 -0.029419 -0.293353 -0.359808 -0.057199
-0.137207 -0.172119 -0.046631 -0.266770 -0.334650 -0.090664
-0.116211 -0.137695 -0.057129 -0.225948 -0.267720 -0.111075
-0.097168 -0.085938 -0.059937 -0.188923 -0.167088 -0.116534
-0.083130 -0.031494 -0.050415 -0.161629 -0.061234 -0.098022
-0.070557 0.018677 -0.033813 -0.137183 0.036313 -0.065743
-0.052612 0.053467 -0.018555 -0.102294 0.103955 -0.036076
-0.039063 0.060913 -0.009888 -0.075949 0.118433 -0.019225
-0.036377 0.047852 -0.008545 -0.070727 0.093037 -0.016614
-0.037720 0.032715 -0.010254 -0.073338 0.063607 -0.019937
-0.037231 0.030396 -0.007935 -0.072389 0.059098 -0.015427
-0.034424 0.033691 0.000610 -0.066930 0.065506 0.001187
-0.033936 0.028564 0.012207 -0.065981 0.055538 0.023734
-0.041992 0.015259 0.022095 -0.081645 0.029668 0.042959
-0.057129 0.001953 0.022339 -0.111075 0.003797 0.043433
-0.074463 -0.011475 0.015381 -0.144778 -0.022310 0.029905
-0.089600 -0.017578 0.006104 -0.174208 -0.034177 0.011867
-0.098999 -0.013916 -0.002319 -0.192483 -0.027057 -0.004509
-0.104004 -0.008667 -0.007813 -0.202214 -0.016851 -0.015190
-0.105347 -0.009888 -0.013550 -0.204825 -0.019225 -0.026345
-0.105103 -0.017090 -0.020508 -0.204350 -0.033228 -0.039873
-0.106445 -0.021973 -0.028442 -0.206961 -0.042721 -0.055300
-0.107056 -0.023315 -0.033081 -0.208147 -0.045332 -0.064319
-0.104858 -0.020996 -0.033691 -0.203875 -0.040823 -0.065506
-0.100708 -0.015015 -0.028198 -0.195806 -0.029193 -0.054826
-0.095703 -0.007324 -0.017090 -0.186075 -0.014240 -0.033228
-0.091064 -0.002441 -0.006226 -0.177056 -0.004747 -0.012104
