0.133179 0.508789 -0.113281 0.258938 0.989234 -0.220252
0.121826 0.375977 -0.106689 0.236866 0.731008 -0.207435
0.096191 0.257813 -0.092651 0.187024 0.501263 -0.180141
0.076660 0.152710 -0.072266 0.149050 0.296913 -0.140505
0.047852 0.046997 -0.042969 0.093037 0.091376 -0.083544
0.008057 -0.027100 -0.012329 0.015664 -0.052690 -0.023971
-0.043823 -0.064331 0.013428 -0.085205 -0.125078 0.026107
-0.097046 -0.061401 0.034790 -0.188686 -0.119382 0.067642
-0.160400 -0.052246 0.042725 -0.311865 -0.101582 0.083069
-0.213135 -0.041504 0.046753 -0.414396 -0.080696 0.090901
-0.250000 -0.027588 0.045898 -0.486073 -0.053639 0.089240
-0.255127 -0.035645 0.035156 -0.496041 -0.069303 0.068354
-0.234131 -0.085815 0.017212 -0.455219 -0.166850 0.033465
-0.204224 -0.139282 -0.007324 -0.397070 -0.270805 -0.014240
-0.169189 -0.166992 -0.037842 -0.328954 -0.324682 -0.073575
-0.133179 -0.170166 -0.072876 -0.258938 -0.330852 -0.141692
-0.103149 -0.169556 -0.107666 -0.200553 -0.329666 -0.209334
-0.081421 -0.162720 -0.134521 -0.158306 -0.316375 -0.261549
-0.068481 -0.136108 -0.146729 -0.133148 -0.264634 -0.285283
-0.059204 -0.095337 -0.145386 -0.115110 -0.185363 -0.282672
-0.053467 -0.048218 -0.135742 -0.103955 -0.093749 -0.263922
-0.053833 0.009033 -0.119019 -0.104667 0.017563 -0.231407
-0.058594 0.059937 -0.098755 -0.113923 0.116534 -0.192008
-0.059937 0.082886 -0.075195 -0.116534 0.161154 -0.146202
-0.062378 0.072144 -0.053955 -0.121281 0.140268 -0.104904
-0.067993 0.045410 -0.041016 -0.132199 0.088291 -0.079746
-0.078369 0.027344 -0.040771 -0.152372 0.053164 -0.079272
-0.089966 0.008911 -0.050415 -0.174920 0.017326 -0.098022
-0.100342 -0.019287 -0.066162 -0.195094 -0.037500 -0.128638
-0.110840 -0.058350 -0.084961 -0.215505 -0.113449 -0.165189
-0.123047 -0.104248 -0.110596 -0.239239 -0.202689 -0.215030
-0.132202 -0.158691 -0.141846 -0.257040 -0.308542 -0.275789
-0.131714 -0.197754 -0.191406 -0.256090 -0.384491 -0.372150
-0.141724 -0.171875 -0.242065 -0.275552 -0.334175 -0.470646
-0.146240 -0.172119 -0.258789 -0.284334 -0.334650 -0.503161
-0.083130 -0.104858 -0.305420 -0.161629 -0.203875 -0.593825
0.043213 -0.076904 -0.386597 0.084018 -0.149524 -0.751657
0.156006 -0.135742 -0.447754 0.303321 -0.263922 -0.870564
0.195313 -0.203125 -0.497437 0.379744 -0.394934 -0.967162
0.143188 -0.314087 -0.521606 0.278400 -0.610677 -1.014155
0.036743 -0.458740 -0.502197 0.071439 -0.891925 -0.976418
-0.079224 -0.574463 -0.443115 -0.154034 -1.116923 -0.861545
-0.162964 -0.616821 -0.345825 -0.316849 -1.199281 -0.672385
-0.189331 -0.547852 -0.225830 -0.368115 -1.065183 -0.439080
-0.173584 -0.404297 -0.100220 -0.337498 -0.786071 -0.194856
-0.148193 -0.272217 0.016235 -0.288131 -0.529269 0.031566
-0.143677 -0.182251 0.105347 -0.279350 -0.354349 0.204825
-0.168213 -0.132813 0.153442 -0.327055 -0.258226 0.298337
-0.214844 -0.113159 0.151733 -0.417719 -0.220014 0.295014
-0.266724 -0.099365 0.106689 -0.518589 -0.193195 0.207435
-0.303589 -0.101074 0.039673 -0.590265 -0.196518 0.077136
-0.316650 -0.118774 -0.034180 -0.615661 -0.230932 -0.066455
-0.305908 -0.151367 -0.105957 -0.594775 -0.294302 -0.206011
-0.275513 -0.200317 -0.161987 -0.535677 -0.389475 -0.314951
-0.231812 -0.238281 -0.186890 -0.450709 -0.463288 -0.363368
-0.193604 -0.250488 -0.174316 -0.376422 -0.487022 -0.338922
-0.176392 -0.267700 -0.132202 -0.342957 -0.520487 -0.257040
-0.178345 -0.321899 -0.070801 -0.346754 -0.625866 -0.137657
-0.184082 -0.378418 -0.004150 -0.357909 -0.735755 -0.008070
-0.181030 -0.382446 0.056885 -0.351976 -0.743587 0.110601
-0.168945 -0.342163 0.107422 -0.328479 -0.665265 0.208859
-0.155396 -0.276245 0.142334 -0.302134 -0.537101 0.276739
-0.147949 -0.197021 0.162354 -0.287656 -0.383067 0.315663
-0.145142 -0.131470 0.172607 -0.282198 -0.255615 0.335599
-0.144897 -0.100586 0.175781 -0.281723 -0.195568 0.341770
-0.147461 -0.103027 0.171875 -0.286707 -0.200315 0.334175
-0.154663 -0.124756 0.162598 -0.300710 -0.242562 0.316137
-0.165894 -0.156250 0.148560 -0.322545 -0.303796 0.288843
-0.185181 -0.173950 0.123901 -0.360045 -0.338210 0.240900
-0.208496 -0.173950 0.083618 -0.405377 -0.338210 0.162578
-0.224609 -0.183594 0.035034 -0.436706 -0.356960 0.068117
-0.222412 -0.205322 -0.009521 -0.432434 -0.399206 -0.018513
-0.199463 -0.213013 -0.039429 -0.387814 -0.414159 -0.076661
-0.163696 -0.201416 -0.052612 -0.318273 -0.391611 -0.102294
-0.122070 -0.170532 -0.051514 -0.237340 -0.331564 -0.100158
-0.084595 -0.107178 -0.040771 -0.164477 -0.208385 -0.079272
-0.053101 -0.032104 -0.023682 -0.103243 -0.062420 -0.046044
-0.030273 0.028809 -0.002808 -0.058860 0.056012 -0.005459
-0.020386 0.062012 0.021362 -0.039636 0.120569 0.041535
-0.021973 0.065430 0.047485 -0.042721 0.127214 0.092325
-0.035767 0.047607 0.072021 -0.069541 0.092563 0.140031
-0.058228 0.034668 0.089233 -0.113211 0.067405 0.173496
-0.085083 0.028687 0.095947 -0.165426 0.055775 0.186549
-0.108398 0.026489 0.094971 -0.210758 0.051503 0.184651
-0.119873 0.033203 0.089355 -0.233068 0.064557 0.173733
-0.115601 0.059326 0.081299 -0.224761 0.115347 0.158069
-0.100708 0.097046 0.071045 -0.195806 0.188686 0.138132
-0.081299 0.130005 0.059204 -0.158069 0.252767 0.115110
-0.063110 0.146240 0.046265 -0.122705 0.284334 0.089952
-0.049683 0.147705 0.031494 -0.096597 0.287182 0.061234
-0.040283 0.133423 0.015137 -0.078322 0.259413 0.029430
-0.036743 0.104004 -0.000610 -0.071439 0.202214 -0.001187
-0.040161 0.066162 -0.012817 -0.078085 0.128638 -0.024921
-0.048218 0.032104 -0.021118 -0.093749 0.062420 -0.041060
-0.061279 0.007690 -0.022827 -0.119145 0.014952 -0.044383
-0.074097 -0.004517 -0.017944 -0.144066 -0.008782 -0.034889
-0.081909 -0.000854 -0.002930 -0.159255 -0.001661 -0.005696
-0.086792 0.021973 0.016968 -0.168749 0.042721 0.032990
-0.089600 0.060059 0.038940 -0.174208 0.116771 0.075712
-0.088257 0.104370 0.063843 -0.171597 0.202926 0.124129
-0.083496 0.147705 0.093262 -0.162341 0.287182 0.181328
-0.073730 0.186523 0.124390 -0.143354 0.362656 0.241850
-0.059448 0.215088 0.151489 -0.115585 0.418194 0.294539
-0.043945 0.227051 0.169800 -0.085443 0.441453 0.330140
-0.032959 0.219604 0.177124 -0.064082 0.426975 0.344381
-0.030273 0.195679 0.170410 -0.058860 0.380456 0.331327
-0.035034 0.177002 0.151489 -0.068117 0.344143 0.294539
-0.041260 0.179932 0.129272 -0.080221 0.349840 0.251343
-0.044189 0.212646 0.112427 -0.085917 0.413447 0.218590
-0.048828 0.328735 0.119507 -0.094936 0.639157 0.232356
-0.056885 0.536255 0.171631 -0.110601 1.042636 0.333700
-0.054565 0.725342 0.270508 -0.106091 1.410276 0.525946
-0.038208 0.806030 0.403687 -0.074288 1.567158 0.784884
-0.024048 0.758789 0.536621 -0.046756 1.475307 1.043348
-0.039917 0.603760 0.652100 -0.077610 1.173885 1.267872
-0.062012 0.459717 0.710327 -0.120569 0.893824 1.381083
-0.079956 0.326660 0.694092 -0.155458 0.635123 1.349517
-0.097534 0.214600 0.617188 -0.189635 0.417244 1.199993
-0.085693 0.142090 0.477905 -0.166613 0.276264 0.929187
-0.052002 0.044434 0.305908 -0.101107 0.086392 0.594775
-0.029297 -0.048218 0.136963 -0.056962 -0.093749 0.266296
-0.042847 -0.132935 -0.009766 -0.083306 -0.258464 -0.018987
-0.089478 -0.203125 -0.118896 -0.173970 -0.394934 -0.231169
-0.131470 -0.262817 -0.196289 -0.255615 -0.510994 -0.381643
-0.148315 -0.320435 -0.247681 -0.288368 -0.623018 -0.481563
-0.145386 -0.348755 -0.275391 -0.282672 -0.678081 -0.535440
-0.135376 -0.335327 -0.283325 -0.263210 -0.651974 -0.550867
-0.128296 -0.289063 -0.272827 -0.249445 -0.562022 -0.530456
-0.123047 -0.225830 -0.242676 -0.239239 -0.439080 -0.471832
-0.117065 -0.160034 -0.194092 -0.227609 -0.311153 -0.377371
-0.110474 -0.105225 -0.130493 -0.214793 -0.204587 -0.253717
-0.101563 -0.068115 -0.059204 -0.197467 -0.132436 -0.115110
-0.092896 -0.038452 0.006104 -0.180616 -0.074762 0.011867
-0.087402 -0.005615 0.051514 -0.169936 -0.010918 0.100158
-0.083496 0.019043 0.073608 -0.162341 0.037025 0.143116
-0.075317 0.032227 0.077515 -0.146439 0.062658 0.150711
-0.060181 0.037476 0.070435 -0.117009 0.072863 0.136945
-0.042725 0.043457 0.058594 -0.083069 0.084493 0.113923
-0.025146 0.057861 0.047119 -0.048892 0.112499 0.091613
-0.011108 0.069824 0.038696 -0.021598 0.135759 0.075237
-0.001343 0.073853 0.031982 -0.002611 0.143591 0.062183
0.003174 0.072144 0.024292 0.006171 0.140268 0.047231
0.005127 0.073975 0.015137 0.009968 0.143828 0.029430
0.005371 0.086548 0.003418 0.010443 0.168274 0.006646
0.004395 0.097900 -0.010010 0.008544 0.190347 -0.019462
0.000122 0.109863 -0.023315 0.000237 0.213606 -0.045332
-0.009766 0.122070 -0.035400 -0.018987 0.237340 -0.068829
-0.023193 0.124512 -0.044556 -0.045095 0.242087 -0.086629
-0.038574 0.116211 -0.049072 -0.075000 0.225948 -0.095411
-0.053711 0.103394 -0.052979 -0.104430 0.201027 -0.103006
