0.005859 -0.040894 -0.160767 0.011392 -0.079509 -0.312577
-0.012451 -0.078857 -0.162842 -0.024209 -0.153322 -0.316612
-0.052734 -0.122070 -0.128784 -0.102531 -0.237340 -0.250394
-0.072632 -0.103760 -0.066895 -0.141217 -0.201739 -0.130062
-0.075317 -0.086914 -0.009644 -0.146439 -0.168986 -0.018750
-0.074219 -0.086914 0.024170 -0.144303 -0.168986 0.046993
-0.066895 -0.080566 0.014282 -0.130062 -0.156645 0.027769
-0.055664 -0.090820 -0.016479 -0.108227 -0.176581 -0.032041
-0.040527 -0.114258 -0.043701 -0.078797 -0.222151 -0.084968
-0.027832 -0.138184 -0.060181 -0.054114 -0.268669 -0.117009
-0.020264 -0.151978 -0.065430 -0.039398 -0.295489 -0.127214
-0.016724 -0.156494 -0.061768 -0.032516 -0.304270 -0.120094
-0.007813 -0.159790 -0.057251 -0.015190 -0.310678 -0.111313
-0.004761 -0.175781 -0.046509 -0.009256 -0.341770 -0.090427
-0.004150 -0.178101 -0.035767 -0.008070 -0.346279 -0.069541
-0.002319 -0.177734 -0.030396 -0.004509 -0.345567 -0.059098
-0.005127 -0.176758 -0.024658 -0.009968 -0.343669 -0.047943
-0.013672 -0.155518 -0.023926 -0.026582 -0.302372 -0.046519
-0.029053 -0.126343 -0.023804 -0.056487 -0.245647 -0.046281
-0.049683 -0.095215 -0.020874 -0.096597 -0.185125 -0.040585
-0.068848 -0.066895 -0.016479 -0.133860 -0.130062 -0.032041
-0.084106 -0.053101 -0.010254 -0.163527 -0.103243 -0.019937
-0.089722 -0.052246 -0.007446 -0.174445 -0.101582 -0.014478
-0.085449 -0.060059 -0.008179 -0.166138 -0.116771 -0.015902
-0.073853 -0.072754 -0.010132 -0.143591 -0.141455 -0.019699
-0.061035 -0.085205 -0.012329 -0.118670 -0.165664 -0.023971
-0.053345 -0.087891 -0.014160 -0.103718 -0.170885 -0.027531
-0.053711 -0.080933 -0.016724 -0.104430 -0.157357 -0.032516
-0.060303 -0.078613 -0.017700 -0.117246 -0.152847 -0.034414
-0.065674 -0.081909 -0.018799 -0.127689 -0.159255 -0.036550
-0.067139 -0.078369 -0.019653 -0.130537 -0.152372 -0.038212
-0.066895 -0.070068 -0.017334 -0.130062 -0.136233 -0.033702
-0.068237 -0.066040 -0.014038 -0.132673 -0.128401 -0.027294
-0.071045 -0.054810 -0.012207 -0.138132 -0.106566 -0.023734
-0.076538 -0.033081 -0.013062 -0.148812 -0.064319 -0.025395
-0.083984 -0.017578 -0.011353 -0.163290 -0.034177 -0.022073
-0.085205 -0.018188 -0.007568 -0.165664 -0.035364 -0.014715
-0.081665 -0.024780 -0.005493 -0.158781 -0.048180 -0.010680
-0.076172 -0.031372 -0.003418 -0.148100 -0.060996 -0.006646
-0.071533 -0.043457 -0.003174 -0.139081 -0.084493 -0.006171
-0.065674 -0.055542 -0.005005 -0.127689 -0.107990 -0.009731
-0.064819 -0.047852 -0.006348 -0.126028 -0.093037 -0.012342
-0.071777 -0.025024 -0.002441 -0.139556 -0.048655 -0.004747
-0.079834 -0.012939 0.002808 -0.155221 -0.025158 0.005459
-0.082031 -0.012329 0.006958 -0.159493 -0.023971 0.013528
-0.080688 -0.018066 0.011475 -0.156882 -0.035126 0.022310
-0.079956 -0.024414 0.012207 -0.155458 -0.047468 0.023734
-0.080688 -0.029297 0.010376 -0.156882 -0.056962 0.020174
-0.082642 -0.034180 0.006714 -0.160679 -0.066455 0.013054
-0.084595 -0.036621 0.002930 -0.164477 -0.071202 0.005696
-0.087280 -0.039551 -0.000488 -0.169698 -0.076898 -0.000949
-0.089478 -0.044312 -0.004517 -0.173970 -0.086155 -0.008782
-0.093018 -0.042969 -0.007935 -0.180853 -0.083544 -0.015427
-0.095215 -0.037109 -0.010498 -0.185125 -0.072151 -0.020411
-0.095703 -0.033813 -0.009155 -0.186075 -0.065743 -0.017801
-0.091797 -0.032715 -0.008667 -0.178480 -0.063607 -0.016851
-0.088501 -0.033447 -0.010254 -0.172072 -0.065031 -0.019937
-0.086182 -0.035400 -0.011963 -0.167562 -0.068829 -0.023259
-0.084229 -0.033325 -0.015625 -0.163765 -0.064794 -0.030380
-0.081909 -0.026367 -0.018921 -0.159255 -0.051266 -0.036788
-0.082520 -0.020874 -0.019043 -0.160442 -0.040585 -0.037025
-0.082153 -0.020142 -0.016724 -0.159730 -0.039161 -0.032516
-0.078857 -0.022217 -0.013306 -0.153322 -0.043196 -0.025870
-0.074829 -0.020386 -0.009888 -0.145490 -0.039636 -0.019225
-0.072510 -0.014771 -0.007080 -0.140980 -0.028718 -0.013766
-0.072388 -0.006836 -0.005005 -0.140743 -0.013291 -0.009731
-0.073120 -0.001831 -0.005249 -0.142167 -0.003560 -0.010206
-0.074097 -0.001099 -0.006348 -0.144066 -0.002136 -0.012342
-0.075317 -0.003174 -0.010254 -0.146439 -0.006171 -0.019937
-0.076538 -0.005005 -0.014038 -0.148812 -0.009731 -0.027294
-0.078857 -0.005737 -0.016724 -0.153322 -0.011155 -0.032516
-0.080933 -0.006104 -0.019409 -0.157357 -0.011867 -0.037737
-0.082275 -0.008057 -0.022217 -0.159967 -0.015664 -0.043196
-0.083130 -0.010498 -0.022583 -0.161629 -0.020411 -0.043908
-0.083984 -0.013550 -0.021973 -0.163290 -0.026345 -0.042721
-0.083618 -0.018677 -0.021729 -0.162578 -0.036313 -0.042247
-0.081177 -0.026489 -0.021240 -0.157831 -0.051503 -0.041297
-0.078125 -0.034058 -0.021851 -0.151898 -0.066218 -0.042484
-0.076294 -0.035889 -0.023071 -0.148338 -0.069778 -0.044857
-0.078491 -0.025635 -0.021851 -0.152610 -0.049841 -0.042484
-0.083252 -0.010132 -0.016724 -0.161866 -0.019699 -0.032516
-0.085693 -0.004150 -0.010254 -0.166613 -0.008070 -0.019937
-0.082520 -0.006958 -0.003662 -0.160442 -0.013528 -0.007120
-0.078125 -0.011841 -0.001221 -0.151898 -0.023022 -0.002373
-0.073120 -0.013794 -0.001587 -0.142167 -0.026819 -0.003085
-0.072144 -0.013306 -0.003174 -0.140268 -0.025870 -0.006171
-0.074707 -0.013184 -0.005859 -0.145252 -0.025633 -0.011392
-0.078003 -0.018555 -0.007080 -0.151660 -0.036076 -0.013766
-0.077515 -0.030762 -0.007202 -0.150711 -0.059810 -0.014003
-0.074097 -0.040894 -0.007690 -0.144066 -0.079509 -0.014952
-0.070068 -0.044189 -0.009644 -0.136233 -0.085917 -0.018750
-0.067871 -0.043213 -0.012939 -0.131961 -0.084018 -0.025158
-0.068848 -0.041992 -0.015869 -0.133860 -0.081645 -0.030854
-0.070679 -0.039307 -0.018188 -0.137420 -0.076424 -0.035364
-0.074707 -0.035767 -0.018433 -0.145252 -0.069541 -0.035838
-0.078491 -0.034790 -0.017334 -0.152610 -0.067642 -0.033702
-0.080566 -0.029175 -0.015869 -0.156645 -0.056724 -0.030854
-0.084106 -0.015747 -0.014404 -0.163527 -0.030617 -0.028006
-0.088135 -0.005981 -0.013306 -0.171360 -0.011630 -0.025870
-0.090210 -0.006470 -0.011841 -0.175394 -0.012579 -0.023022
-0.088867 -0.015137 -0.010620 -0.172784 -0.029430 -0.020649
-0.085938 -0.026245 -0.010620 -0.167088 -0.051028 -0.020649
-0.083740 -0.029175 -0.012085 -0.162815 -0.056724 -0.023497
-0.083740 -0.021973 -0.012451 -0.162815 -0.042721 -0.024209
-0.085571 -0.013184 -0.011963 -0.166376 -0.025633 -0.023259
-0.086304 -0.011841 -0.012329 -0.167800 -0.023022 -0.023971
-0.084595 -0.016113 -0.012817 -0.164477 -0.031329 -0.024921
-0.080933 -0.020752 -0.015503 -0.157357 -0.040348 -0.030142
-0.076782 -0.023071 -0.019165 -0.149287 -0.044857 -0.037262
-0.074829 -0.025269 -0.022461 -0.145490 -0.049129 -0.043671
-0.074463 -0.022583 -0.022339 -0.144778 -0.043908 -0.043433
-0.076538 -0.014160 -0.019409 -0.148812 -0.027531 -0.037737
-0.080200 -0.005249 -0.016357 -0.155933 -0.010206 -0.031804
-0.082520 -0.004028 -0.014038 -0.160442 -0.007832 -0.027294
-0.082764 -0.005859 -0.013306 -0.160917 -0.011392 -0.025870
-0.081421 -0.008789 -0.014526 -0.158306 -0.017089 -0.028243
-0.082275 -0.009399 -0.015381 -0.159967 -0.018275 -0.029905
-0.082886 -0.008911 -0.015503 -0.161154 -0.017326 -0.030142
-0.085327 -0.008911 -0.012939 -0.165901 -0.017326 -0.025158
-0.086792 -0.011719 -0.010498 -0.168749 -0.022785 -0.020411
-0.087769 -0.014526 -0.009277 -0.170648 -0.028243 -0.018038
-0.088013 -0.012939 -0.009888 -0.171122 -0.025158 -0.019225
-0.088135 -0.010986 -0.010742 -0.171360 -0.021361 -0.020886
-0.084717 -0.012817 -0.010620 -0.164714 -0.024921 -0.020649
-0.081787 -0.013428 -0.011108 -0.159018 -0.026107 -0.021598
-0.080688 -0.014282 -0.011841 -0.156882 -0.027769 -0.023022
-0.080078 -0.014771 -0.011597 -0.155695 -0.028718 -0.022547
-0.079346 -0.016602 -0.011719 -0.154271 -0.032278 -0.022785
-0.078979 -0.018311 -0.012573 -0.153559 -0.035601 -0.024446
-0.078491 -0.018555 -0.013306 -0.152610 -0.036076 -0.025870
-0.080322 -0.012451 -0.012939 -0.156170 -0.024209 -0.025158
-0.084473 -0.001465 -0.010864 -0.164239 -0.002848 -0.021123
-0.088623 0.004150 -0.008789 -0.172309 0.008070 -0.017089
-0.089233 0.001221 -0.007324 -0.173496 0.002373 -0.014240
-0.087769 -0.005127 -0.006836 -0.170648 -0.009968 -0.013291
-0.083984 -0.008545 -0.008301 -0.163290 -0.016614 -0.016139
-0.081787 -0.007324 -0.010986 -0.159018 -0.014240 -0.021361
-0.081665 -0.004395 -0.013062 -0.158781 -0.008544 -0.025395
-0.081055 -0.001465 -0.013794 -0.157594 -0.002848 -0.026819
-0.079712 0.001221 -0.014771 -0.154983 0.002373 -0.028718
-0.076294 0.000854 -0.014038 -0.148338 0.001661 -0.027294
-0.073730 -0.003540 -0.012329 -0.143354 -0.006883 -0.023971
-0.071167 -0.009399 -0.010864 -0.138369 -0.018275 -0.021123
-0.070557 -0.012817 -0.011475 -0.137183 -0.024921 -0.022310
-0.070679 -0.015259 -0.013062 -0.137420 -0.029668 -0.025395
-0.071655 -0.017456 -0.015381 -0.139319 -0.033940 -0.029905
-0.073120 -0.018188 -0.017456 -0.142167 -0.035364 -0.033940
-0.075928 -0.014648 -0.017456 -0.147626 -0.028481 -0.033940
-0.080811 -0.010132 -0.015625 -0.157119 -0.019699 -0.030380
-0.083740 -0.007813 -0.014404 -0.162815 -0.015190 -0.028006
