-0.064819 0.182373 -0.199097 -0.126028 0.354586 -0.387102
-0.177979 0.236450 -0.222900 -0.346042 0.459728 -0.433383
-0.257690 0.311279 -0.226929 -0.501025 0.605218 -0.441216
-0.295410 0.364014 -0.223022 -0.574363 0.707749 -0.433621
-0.317383 0.326660 -0.205933 -0.617085 0.635123 -0.400393
-0.319702 0.259155 -0.179565 -0.621594 0.503873 -0.349128
-0.300537 0.203979 -0.143311 -0.584332 0.396596 -0.278637
-0.268677 0.155273 -0.097168 -0.522386 0.301897 -0.188923
-0.229614 0.096924 -0.052368 -0.446437 0.188448 -0.101819
-0.186768 0.029541 -0.018433 -0.363131 0.057436 -0.035838
-0.150635 -0.041382 0.012573 -0.292878 -0.080458 0.024446
-0.121948 -0.076904 0.044189 -0.237103 -0.149524 0.085917
-0.099731 -0.058228 0.077393 -0.193907 -0.113211 0.150474
-0.088257 0.001343 0.112915 -0.171597 0.002611 0.219540
-0.087769 0.083496 0.149048 -0.170648 0.162341 0.289792
-0.089844 0.169556 0.166748 -0.174682 0.329666 0.324207
-0.099976 0.213745 0.153687 -0.194382 0.415583 0.298811
-0.134277 0.181274 0.114502 -0.261074 0.352450 0.222625
-0.184937 0.080200 0.053223 -0.359571 0.155933 0.103480
-0.235840 -0.071289 -0.028442 -0.458541 -0.138607 -0.055300
-0.274536 -0.252930 -0.119507 -0.533778 -0.491769 -0.232356
-0.292480 -0.424072 -0.206299 -0.568667 -0.824520 -0.401105
-0.257324 -0.526001 -0.308105 -0.500313 -1.022699 -0.599047
-0.180298 -0.551880 -0.405396 -0.350552 -1.073015 -0.788207
-0.101807 -0.520508 -0.430908 -0.197942 -1.012019 -0.837811
-0.013550 -0.411011 -0.367676 -0.026345 -0.799125 -0.714869
0.076782 -0.236938 -0.224121 0.149287 -0.460678 -0.435757
0.146484 -0.027100 -0.045898 0.284808 -0.052690 -0.089240
0.166992 0.161499 0.106079 0.324682 0.314001 0.206249
0.142944 0.295654 0.165649 0.277925 0.574838 0.322071
0.080688 0.351807 0.150391 0.156882 0.684015 0.292403
-0.017944 0.314941 0.117310 -0.034889 0.612338 0.228084
-0.112427 0.208008 0.063721 -0.218590 0.404428 0.123892
-0.173950 0.074097 -0.015869 -0.338210 0.144066 -0.030854
-0.202271 -0.056152 -0.101318 -0.393273 -0.109177 -0.196992
-0.213135 -0.160400 -0.156982 -0.414396 -0.311865 -0.305220
-0.213745 -0.205688 -0.163940 -0.415583 -0.399918 -0.318748
-0.195679 -0.200806 -0.136475 -0.380456 -0.390425 -0.265346
-0.163818 -0.168457 -0.088501 -0.318511 -0.327530 -0.172072
-0.119141 -0.114868 -0.047607 -0.231644 -0.223337 -0.092563
-0.079468 -0.066162 -0.006226 -0.154509 -0.128638 -0.012104
-0.056885 -0.027588 0.044312 -0.110601 -0.053639 0.086155
-0.041138 0.009155 0.084961 -0.079984 0.017801 0.165189
-0.030151 0.039673 0.101074 -0.058623 0.077136 0.196518
-0.031860 0.056396 0.099243 -0.061946 0.109651 0.192958
-0.049194 0.059814 0.085815 -0.095648 0.116297 0.166850
-0.075073 0.054443 0.056396 -0.145964 0.105854 0.109651
-0.103149 0.041382 0.021484 -0.200553 0.080458 0.041772
-0.123047 0.023438 -0.010864 -0.239239 0.045569 -0.021123
-0.130127 0.009521 -0.034424 -0.253005 0.018513 -0.066930
-0.128296 0.008911 -0.045654 -0.249445 0.017326 -0.088765
-0.123535 0.022705 -0.047241 -0.240188 0.044145 -0.091851
-0.118774 0.044067 -0.044189 -0.230932 0.085680 -0.085917
-0.116821 0.058105 -0.040771 -0.227135 0.112974 -0.079272
-0.116089 0.056641 -0.036865 -0.225711 0.110126 -0.071677
-0.118042 0.047119 -0.031372 -0.229508 0.091613 -0.060996
-0.118530 0.044922 -0.024536 -0.230457 0.087341 -0.047705
-0.107056 0.047729 -0.024292 -0.208147 0.092800 -0.047231
-0.090576 0.045044 -0.024536 -0.176106 0.087579 -0.047705
-0.077026 0.036499 -0.022461 -0.149762 0.070965 -0.043671
-0.068970 0.026611 -0.020264 -0.134097 0.051740 -0.039398
-0.066040 0.023315 -0.018433 -0.128401 0.045332 -0.035838
-0.065796 0.028076 -0.017578 -0.127926 0.054588 -0.034177
-0.062988 0.037964 -0.015747 -0.122468 0.073813 -0.030617
-0.057495 0.047485 -0.011230 -0.111787 0.092325 -0.021835
-0.049927 0.057373 -0.007935 -0.097072 0.111550 -0.015427
-0.045166 0.068970 -0.008789 -0.087816 0.134097 -0.017089
-0.045410 0.072632 -0.011719 -0.088291 0.141217 -0.022785
-0.048218 0.064941 -0.015137 -0.093749 0.126265 -0.029430
-0.059326 0.053467 -0.012451 -0.115347 0.103955 -0.024209
-0.076904 0.047607 -0.009155 -0.149524 0.092563 -0.017801
-0.082764 0.041138 -0.015869 -0.160917 0.079984 -0.030854
-0.079956 0.032471 -0.020020 -0.155458 0.063133 -0.038924
-0.076172 0.024658 -0.017578 -0.148100 0.047943 -0.034177
-0.071899 0.014648 -0.012207 -0.139793 0.028481 -0.023734
-0.069092 0.002563 -0.007080 -0.134335 0.004984 -0.013766
-0.067505 -0.012207 -0.002075 -0.131249 -0.023734 -0.004035
-0.069824 -0.026611 0.004028 -0.135759 -0.051740 0.007832
-0.072510 -0.033813 0.010376 -0.140980 -0.065743 0.020174
-0.072388 -0.033203 0.015625 -0.140743 -0.064557 0.030380
-0.067139 -0.033325 0.017212 -0.130537 -0.064794 0.033465
-0.059082 -0.045166 0.013184 -0.114873 -0.087816 0.025633
-0.053101 -0.065186 0.008301 -0.103243 -0.126740 0.016139
-0.053955 -0.075562 0.009155 -0.104904 -0.146914 0.017801
-0.051880 -0.072144 0.010254 -0.100870 -0.140268 0.019937
-0.049194 -0.066772 0.010864 -0.095648 -0.129825 0.021123
-0.049927 -0.066772 0.008179 -0.097072 -0.129825 0.015902
-0.048950 -0.077515 0.002197 -0.095173 -0.150711 0.004272
-0.044678 -0.096313 0.001099 -0.086867 -0.187261 0.002136
-0.042603 -0.112183 0.008789 -0.082832 -0.218116 0.017089
-0.047241 -0.115845 0.013428 -0.091851 -0.225236 0.026107
-0.058960 -0.123901 0.013550 -0.114635 -0.240900 0.026345
-0.071289 -0.166504 0.010742 -0.138607 -0.323732 0.020886
-0.080933 -0.266113 0.007202 -0.157357 -0.517402 0.014003
-0.091919 -0.385742 0.000488 -0.178717 -0.749995 0.000949
-0.107178 -0.463501 0.003906 -0.208385 -0.901181 0.007595
-0.121704 -0.472778 0.021729 -0.236628 -0.919219 0.042247
-0.136353 -0.434937 0.055908 -0.265109 -0.845643 0.108702
-0.142212 -0.360229 0.098389 -0.276501 -0.700391 0.191296
-0.125488 -0.265137 0.130981 -0.243986 -0.515503 0.254666
-0.095947 -0.179443 0.163086 -0.186549 -0.348890 0.317087
-0.056519 -0.103149 0.176636 -0.109889 -0.200553 0.343431
-0.019287 -0.062988 0.151733 -0.037500 -0.122468 0.295014
-0.004395 -0.070190 0.105957 -0.008544 -0.136471 0.206011
-0.008423 -0.086060 0.063110 -0.016376 -0.167325 0.122705
-0.012085 -0.075684 0.036011 -0.023497 -0.147151 0.070015
-0.007935 -0.042847 0.022217 -0.015427 -0.083306 0.043196
0.003296 -0.021973 0.011475 0.006408 -0.042721 0.022310
0.018677 -0.027100 -0.002441 0.036313 -0.052690 -0.004747
0.024536 -0.056641 -0.006592 0.047705 -0.110126 -0.012816
0.017578 -0.088379 0.000610 0.034177 -0.171834 0.001187
-0.000854 -0.116577 0.013184 -0.001661 -0.226660 0.025633
-0.030273 -0.155640 0.027954 -0.058860 -0.302609 0.054351
-0.067261 -0.196289 0.034302 -0.130774 -0.381643 0.066693
-0.104980 -0.230957 0.028809 -0.204113 -0.449048 0.056012
-0.131592 -0.264893 0.012451 -0.255853 -0.515028 0.024209
-0.143555 -0.289551 0.000488 -0.279112 -0.562971 0.000949
-0.140381 -0.303833 -0.011475 -0.272941 -0.590740 -0.022310
-0.122314 -0.318970 -0.040283 -0.237815 -0.620170 -0.078322
-0.106201 -0.326050 -0.064941 -0.206486 -0.633936 -0.126265
-0.097290 -0.299438 -0.075073 -0.189160 -0.582196 -0.145964
-0.083862 -0.258423 -0.068970 -0.163053 -0.502449 -0.134097
-0.056641 -0.205811 -0.047363 -0.110126 -0.400156 -0.092088
-0.021240 -0.140625 -0.009155 -0.041297 -0.273416 -0.017801
0.011475 -0.073730 0.047485 0.022310 -0.143354 0.092325
0.036011 -0.008789 0.095947 0.070015 -0.017089 0.186549
0.035645 0.040283 0.123657 0.069303 0.078322 0.240426
0.004272 0.055786 0.136353 0.008307 0.108465 0.265109
-0.049194 0.047363 0.135986 -0.095648 0.092088 0.264397
-0.110474 0.017944 0.119995 -0.214793 0.034889 0.233305
-0.173950 -0.042480 0.096436 -0.338210 -0.082594 0.187499
-0.241089 -0.104126 0.075928 -0.468747 -0.202451 0.147626
-0.305664 -0.149414 0.060059 -0.594300 -0.290505 0.116771
-0.374878 -0.176758 0.046143 -0.728872 -0.343669 0.089715
-0.450928 -0.132446 0.030884 -0.876735 -0.257514 0.060047
-0.487061 -0.127930 0.022583 -0.946988 -0.248733 0.043908
-0.484619 -0.200073 0.010620 -0.942241 -0.389001 0.020649
-0.461182 -0.304077 -0.004761 -0.896672 -0.591215 -0.009256
-0.433594 -0.376831 -0.004517 -0.843033 -0.732669 -0.008782
-0.394287 -0.367188 0.015015 -0.766609 -0.713920 0.029193
-0.346558 -0.305054 0.038086 -0.673809 -0.593113 0.074050
-0.291870 -0.234985 0.057007 -0.567481 -0.456880 0.110838
-0.239746 -0.190552 0.063843 -0.466136 -0.370488 0.124129
-0.201294 -0.174316 0.048706 -0.391374 -0.338922 0.094699
-0.174805 -0.180298 0.018677 -0.339871 -0.350552 0.036313
-0.142578 -0.186035 -0.008545 -0.277213 -0.361707 -0.016614
-0.099609 -0.168579 -0.027100 -0.193670 -0.327767 -0.052690
-0.043701 -0.131958 -0.070557 -0.084968 -0.256565 -0.137183
-0.014526 -0.117432 -0.085327 -0.028243 -0.228321 -0.165901
-0.019775 -0.106323 -0.068481 -0.038449 -0.206723 -0.133148
