0.184937 0.110962 -0.107788 0.359571 0.215742 -0.209571
0.158447 0.121094 -0.140625 0.308068 0.235442 -0.273416
0.102661 0.161133 -0.156738 0.199603 0.313289 -0.304745
0.042480 0.171875 -0.148804 0.082594 0.334175 -0.289318
-0.026978 0.193481 -0.139648 -0.052452 0.376184 -0.271517
-0.117920 0.227783 -0.134277 -0.229271 0.442877 -0.261074
-0.164063 0.261353 -0.110596 -0.318985 0.508146 -0.215030
-0.204102 0.186279 -0.122925 -0.396833 0.362181 -0.239002
-0.225098 -0.031006 -0.128784 -0.437655 -0.060284 -0.250394
-0.226563 -0.247070 -0.101318 -0.440504 -0.480377 -0.196992
-0.205200 -0.293945 -0.061035 -0.398969 -0.571515 -0.118670
-0.170166 -0.241577 -0.048462 -0.330852 -0.469696 -0.094224
-0.094116 -0.057861 -0.083496 -0.182989 -0.112499 -0.162341
0.001587 0.114136 -0.150513 0.003085 0.221913 -0.292641
-0.023560 0.058594 -0.243408 -0.045807 0.113923 -0.473257
-0.001465 0.053833 -0.319946 -0.002848 0.104667 -0.622069
0.047241 0.065308 -0.384399 0.091851 0.126977 -0.747385
0.074219 0.017090 -0.455933 0.144303 0.033228 -0.886466
0.101563 -0.044189 -0.521240 0.197467 -0.085917 -1.013443
0.154053 -0.343140 -0.461304 0.299523 -0.667164 -0.896909
0.129272 -0.933716 -0.266724 0.251343 -1.815416 -0.518589
-0.012207 -1.010254 -0.099487 -0.023734 -1.964228 -0.193432
-0.080933 -0.568481 -0.041626 -0.157357 -1.105294 -0.080933
-0.015747 -0.324341 -0.026855 -0.030617 -0.630613 -0.052215
0.057739 -0.286133 -0.022339 0.112262 -0.556326 -0.043433
0.076294 -0.337402 -0.012573 0.148338 -0.656009 -0.024446
0.065063 -0.380615 -0.000122 0.126502 -0.740027 -0.000237
0.044556 -0.406616 0.003174 0.086629 -0.790581 0.006171
0.037476 -0.447998 -0.000122 0.072863 -0.871039 -0.000237
0.044067 -0.469238 -0.011963 0.085680 -0.912336 -0.023259
0.050903 -0.459229 -0.026733 0.098971 -0.892874 -0.051978
0.054932 -0.436890 -0.034790 0.106803 -0.849441 -0.067642
0.059937 -0.416260 -0.038696 0.116534 -0.809330 -0.075237
0.067261 -0.359863 -0.010254 0.130774 -0.699679 -0.019937
0.040405 -0.242676 0.032471 0.078560 -0.471832 0.063133
-0.001587 -0.078369 0.069702 -0.003085 -0.152372 0.135521
-0.039185 0.054077 0.098389 -0.076186 0.105142 0.191296
-0.080811 0.124390 0.119263 -0.157119 0.241850 0.231881
-0.133423 0.178589 0.129150 -0.259413 0.347229 0.251106
-0.186646 0.244995 0.116333 -0.362893 0.476342 0.226185
-0.223267 0.307495 0.074707 -0.434095 0.597860 0.145252
-0.234741 0.332642 0.024902 -0.456405 0.646752 0.048417
-0.243286 0.370361 -0.030518 -0.473019 0.720090 -0.059335
-0.255981 0.434937 -0.080811 -0.497703 0.845643 -0.157119
-0.257935 0.459229 -0.100220 -0.501500 0.892874 -0.194856
-0.274292 0.431519 -0.078369 -0.533304 0.838998 -0.152372
-0.283813 0.464966 -0.046509 -0.551816 0.904029 -0.090427
-0.285034 0.500977 -0.026123 -0.554190 0.974045 -0.050791
-0.340942 0.660889 0.063599 -0.662891 1.284960 0.123654
-0.318115 0.688843 0.139282 -0.618509 1.339311 0.270805
-0.264160 0.606079 0.109619 -0.513604 1.178395 0.213132
-0.235840 0.536621 0.077515 -0.458541 1.043348 0.150711
-0.188477 0.508057 0.064087 -0.366453 0.987810 0.124604
-0.130981 0.461060 0.085938 -0.254666 0.896434 0.167088
-0.111816 0.437500 0.085815 -0.217404 0.850628 0.166850
-0.095337 0.447998 0.072144 -0.185363 0.871039 0.140268
-0.079102 0.408569 0.074829 -0.153797 0.794378 0.145490
-0.055542 0.323364 0.078735 -0.107990 0.628714 0.153084
-0.031494 0.214111 0.078003 -0.061234 0.416295 0.151660
-0.018433 0.105957 0.076050 -0.035838 0.206011 0.147863
-0.016235 0.033081 0.067017 -0.031566 0.064319 0.130300
-0.002197 -0.018433 0.073975 -0.004272 -0.035838 0.143828
-0.014526 -0.052124 0.065674 -0.028243 -0.101344 0.127689
-0.023438 -0.005005 0.026123 -0.045569 -0.009731 0.050791
-0.031006 0.025757 -0.000122 -0.060284 0.050079 -0.000237
-0.033203 0.037842 -0.016602 -0.064557 0.073575 -0.032278
-0.034790 0.035645 -0.025024 -0.067642 0.069303 -0.048655
-0.045044 0.026367 -0.022949 -0.087579 0.051266 -0.044620
-0.060791 0.021606 -0.016968 -0.118195 0.042009 -0.032990
-0.077637 0.013794 -0.009033 -0.150948 0.026819 -0.017563
-0.095825 -0.002563 -0.000122 -0.186312 -0.004984 -0.000237
-0.115845 -0.024658 0.010254 -0.225236 -0.047943 0.019937
-0.137939 -0.036987 0.016602 -0.268195 -0.071914 0.032278
-0.162109 -0.033203 0.020508 -0.315188 -0.064557 0.039873
-0.181519 -0.013428 0.018677 -0.352925 -0.026107 0.036313
-0.194336 0.010132 0.013184 -0.377846 0.019699 0.025633
-0.198242 -0.005005 0.001953 -0.385441 -0.009731 0.003797
-0.191650 -0.022949 -0.013550 -0.372624 -0.044620 -0.026345
-0.175781 -0.026245 -0.031738 -0.341770 -0.051028 -0.061708
-0.156860 -0.024292 -0.043091 -0.304982 -0.047231 -0.083781
-0.145996 -0.030151 -0.047363 -0.283859 -0.058623 -0.092088
-0.141968 -0.033325 -0.041504 -0.276027 -0.064794 -0.080696
-0.139648 -0.032104 -0.029663 -0.271517 -0.062420 -0.057674
-0.136230 -0.030884 -0.017700 -0.264872 -0.060047 -0.034414
-0.132935 -0.028564 -0.004272 -0.258464 -0.055538 -0.008307
-0.130371 -0.020630 0.009277 -0.253479 -0.040111 0.018038
-0.125732 -0.010986 0.018311 -0.244460 -0.021361 0.035601
-0.115601 -0.004639 0.019043 -0.224761 -0.009019 0.037025
-0.099365 -0.007202 0.012329 -0.193195 -0.014003 0.023971
-0.080811 -0.016235 0.001587 -0.157119 -0.031566 0.003085
-0.067139 -0.028687 -0.009033 -0.130537 -0.055775 -0.017563
-0.060303 -0.043579 -0.015137 -0.117246 -0.084730 -0.029430
-0.060791 -0.049805 -0.014648 -0.118195 -0.096835 -0.028481
-0.069336 -0.040649 -0.010010 -0.134809 -0.079034 -0.019462
-0.079102 -0.025757 -0.004028 -0.153797 -0.050079 -0.007832
-0.083252 -0.014771 0.003174 -0.161866 -0.028718 0.006171
-0.088623 -0.011230 0.011963 -0.172309 -0.021835 0.023259
-0.094482 -0.010742 0.019897 -0.183701 -0.020886 0.038686
-0.096313 -0.009644 0.021484 -0.187261 -0.018750 0.041772
-0.095947 -0.005615 0.016113 -0.186549 -0.010918 0.031329
-0.095093 -0.002441 0.007690 -0.184888 -0.004747 0.014952
-0.096436 -0.002808 -0.002441 -0.187499 -0.005459 -0.004747
-0.093872 -0.012085 -0.011963 -0.182515 -0.023497 -0.023259
-0.088745 -0.026367 -0.018066 -0.172546 -0.051266 -0.035126
-0.085571 -0.038574 -0.017090 -0.166376 -0.075000 -0.033228
-0.083496 -0.040649 -0.013672 -0.162341 -0.079034 -0.026582
-0.085449 -0.039429 -0.008179 -0.166138 -0.076661 -0.015902
-0.086914 -0.039673 -0.003052 -0.168986 -0.077136 -0.005934
-0.084961 -0.039551 -0.002808 -0.165189 -0.076898 -0.005459
-0.082275 -0.036255 -0.001831 -0.159967 -0.070490 -0.003560
-0.081787 -0.032471 0.001465 -0.159018 -0.063133 0.002848
-0.080811 -0.028320 0.003906 -0.157119 -0.055063 0.007595
-0.079102 -0.023682 0.006104 -0.153797 -0.046044 0.011867
-0.076538 -0.015259 0.007202 -0.148812 -0.029668 0.014003
-0.074707 -0.005005 0.005005 -0.145252 -0.009731 0.009731
-0.076782 0.000977 0.001465 -0.149287 0.001899 0.002848
-0.078613 -0.007813 -0.003174 -0.152847 -0.015190 -0.006171
-0.076294 -0.023071 -0.009888 -0.148338 -0.044857 -0.019225
-0.074951 -0.032349 -0.016479 -0.145727 -0.062895 -0.032041
-0.079224 -0.028198 -0.019409 -0.154034 -0.054826 -0.037737
-0.085571 -0.022583 -0.016113 -0.166376 -0.043908 -0.031329
-0.091431 -0.019775 -0.009521 -0.177768 -0.038449 -0.018513
-0.097412 -0.015869 -0.003540 -0.189398 -0.030854 -0.006883
-0.102905 -0.008789 -0.000488 -0.200078 -0.017089 -0.000949
-0.106934 -0.002197 -0.000610 -0.207910 -0.004272 -0.001187
-0.105957 0.001221 -0.004883 -0.206011 0.002373 -0.009494
-0.100464 -0.001953 -0.009644 -0.195331 -0.003797 -0.018750
-0.094360 -0.007446 -0.012451 -0.183464 -0.014478 -0.024209
-0.086182 -0.014893 -0.014893 -0.167562 -0.028956 -0.028956
-0.074341 -0.028931 -0.021118 -0.144540 -0.056250 -0.041060
-0.061890 -0.050415 -0.025146 -0.120332 -0.098022 -0.048892
-0.050659 -0.072998 -0.021606 -0.098496 -0.141929 -0.042009
-0.042236 -0.083496 -0.016846 -0.082120 -0.162341 -0.032753
-0.040649 -0.076172 -0.011108 -0.079034 -0.148100 -0.021598
-0.046021 -0.059570 -0.003174 -0.089477 -0.115822 -0.006171
-0.050293 -0.048462 0.006592 -0.097784 -0.094224 0.012816
-0.049438 -0.043091 0.015137 -0.096123 -0.083781 0.029430
-0.045898 -0.040283 0.022339 -0.089240 -0.078322 0.043433
-0.045654 -0.029053 0.026245 -0.088765 -0.056487 0.051028
-0.050781 -0.018188 0.028931 -0.098734 -0.035364 0.056250
-0.054321 -0.017700 0.025757 -0.105616 -0.034414 0.050079
-0.053223 -0.027344 0.015991 -0.103480 -0.053164 0.031092
-0.051270 -0.038330 0.002808 -0.099683 -0.074525 0.005459
-0.050903 -0.041870 -0.010132 -0.098971 -0.081408 -0.019699
-0.055298 -0.033569 -0.017456 -0.107515 -0.065269 -0.033940
-0.067017 -0.016602 -0.017822 -0.130300 -0.032278 -0.034652
-0.079834 -0.004028 -0.014648 -0.155221 -0.007832 -0.028481
-0.086670 0.003906 -0.012695 -0.168512 0.007595 -0.024683
-0.092529 0.017822 -0.010986 -0.179904 0.034652 -0.021361
-0.103760 0.032593 -0.006470 -0.201739 0.063370 -0.012579
