0.076416 0.812744 -0.096313 0.148575 1.580212 -0.187261
0.114624 0.723389 -0.149902 0.222863 1.406479 -0.291454
0.189697 0.371582 -0.139526 0.368827 0.722464 -0.271280
0.241455 -0.008179 -0.107910 0.469459 -0.015902 -0.209809
0.232544 -0.235840 -0.066040 0.452133 -0.458541 -0.128401
0.187012 -0.225464 -0.008667 0.363605 -0.438368 -0.016851
0.077148 -0.063354 0.064941 0.149999 -0.123180 0.126265
-0.088745 0.109619 0.147461 -0.172546 0.213132 0.286707
-0.251709 0.193115 0.233643 -0.489396 0.375472 0.454269
-0.332886 0.173096 0.294678 -0.647227 0.336549 0.572939
-0.323975 0.095825 0.308838 -0.629901 0.186312 0.600471
-0.263184 0.039673 0.266846 -0.511706 0.077136 0.518826
-0.180908 0.037354 0.184448 -0.351738 0.072626 0.358621
-0.097534 0.050415 0.080688 -0.189635 0.098022 0.156882
-0.024536 0.036011 -0.006958 -0.047705 0.070015 -0.013528
0.049194 -0.005493 -0.025513 0.095648 -0.010680 -0.049604
0.114136 -0.016235 0.029297 0.221913 -0.031566 0.056962
0.151367 -0.011841 0.110229 0.294302 -0.023022 0.214318
0.140625 -0.011230 0.167603 0.273416 -0.021835 0.325868
0.070923 -0.005005 0.193604 0.137895 -0.009731 0.376422
-0.041504 -0.009155 0.169434 -0.080696 -0.017801 0.329428
-0.167847 -0.062378 0.076660 -0.326343 -0.121281 0.149050
-0.264771 -0.178223 -0.078369 -0.514791 -0.346517 -0.152372
-0.318115 -0.399536 -0.292603 -0.618509 -0.776815 -0.568905
-0.316895 -0.564453 -0.472290 -0.616135 -1.097461 -0.918270
-0.251953 -0.554443 -0.522827 -0.489870 -1.078000 -1.016528
-0.135498 -0.435913 -0.379517 -0.263448 -0.847542 -0.737891
-0.057373 -0.149170 -0.016724 -0.111550 -0.290030 -0.032516
0.124512 0.395508 0.387329 0.242087 0.768983 0.753081
0.215088 0.553101 0.605347 0.418194 1.075389 1.176970
0.171509 0.372437 0.615845 0.333463 0.724125 1.197382
0.051392 0.092773 0.497314 0.099920 0.180379 0.966924
-0.089233 -0.171265 0.301758 -0.173496 -0.332988 0.586705
-0.194458 -0.266235 0.077393 -0.378083 -0.517639 0.150474
-0.260376 -0.242432 -0.146484 -0.506247 -0.471358 -0.284808
-0.262695 -0.173096 -0.289429 -0.510756 -0.336549 -0.562734
-0.181152 -0.145020 -0.266968 -0.352213 -0.281960 -0.519063
-0.064331 -0.111206 -0.125488 -0.125078 -0.216217 -0.243986
0.012329 -0.047119 0.028320 0.023971 -0.091613 0.055063
0.027344 0.006348 0.128174 0.053164 0.012342 0.249207
-0.009521 0.032104 0.151245 -0.018513 0.062420 0.294065
-0.070557 0.036011 0.125122 -0.137183 0.070015 0.243274
-0.118164 0.026855 0.093628 -0.229745 0.052215 0.182040
-0.135498 0.015625 0.063232 -0.263448 0.030380 0.122942
-0.127319 0.015503 0.045532 -0.247546 0.030142 0.088528
-0.109253 -0.000977 0.043091 -0.212420 -0.001899 0.083781
-0.096436 -0.047974 0.033691 -0.187499 -0.093275 0.065506
-0.091553 -0.105591 0.005859 -0.178005 -0.205299 0.011392
-0.085327 -0.154297 -0.032593 -0.165901 -0.299998 -0.063370
-0.069336 -0.174438 -0.062744 -0.134809 -0.339159 -0.121993
-0.028320 -0.135498 -0.057739 -0.055063 -0.263448 -0.112262
0.025635 -0.038208 0.002808 0.049841 -0.074288 0.005459
0.068604 0.055908 0.097656 0.133385 0.108702 0.189872
0.082397 0.098633 0.175293 0.160205 0.191771 0.340821
0.054077 0.101196 0.195557 0.105142 0.196755 0.380219
-0.005005 0.089233 0.149780 -0.009731 0.173496 0.291217
-0.070679 0.056885 0.079102 -0.137420 0.110601 0.153797
-0.124756 0.013550 0.009766 -0.242562 0.026345 0.018987
-0.149780 -0.027222 -0.045044 -0.291217 -0.052927 -0.087579
-0.141357 -0.068604 -0.078857 -0.274840 -0.133385 -0.153322
-0.115601 -0.120117 -0.104736 -0.224761 -0.233543 -0.203638
-0.083740 -0.163696 -0.123535 -0.162815 -0.318273 -0.240188
-0.048462 -0.174072 -0.119385 -0.094224 -0.338447 -0.232119
-0.014038 -0.155640 -0.087036 -0.027294 -0.302609 -0.169224
0.015137 -0.135498 -0.042236 0.029430 -0.263448 -0.082120
0.027710 -0.123413 -0.000854 0.053876 -0.239951 -0.001661
0.015991 -0.127563 0.020874 0.031092 -0.248021 0.040585
-0.015747 -0.138916 0.009155 -0.030617 -0.270093 0.017801
-0.049561 -0.132935 -0.026855 -0.096360 -0.258464 -0.052215
-0.072876 -0.095703 -0.068726 -0.141692 -0.186075 -0.133623
-0.076416 -0.057373 -0.094971 -0.148575 -0.111550 -0.184651
-0.047852 -0.027832 -0.090210 -0.093037 -0.054114 -0.175394
-0.004028 -0.002808 -0.048340 -0.007832 -0.005459 -0.093987
0.023438 0.041992 0.010376 0.045569 0.081645 0.020174
0.012817 0.053101 0.043335 0.024921 0.103243 0.084256
-0.023682 0.020264 0.041504 -0.046044 0.039398 0.080696
-0.064819 -0.013062 0.020142 -0.126028 -0.025395 0.039161
-0.095337 -0.040771 -0.011353 -0.185363 -0.079272 -0.022073
-0.107422 -0.063599 -0.041016 -0.208859 -0.123654 -0.079746
-0.108765 -0.073486 -0.066162 -0.211470 -0.142879 -0.128638
-0.108398 -0.071899 -0.093140 -0.210758 -0.139793 -0.181091
-0.099731 -0.045410 -0.101563 -0.193907 -0.088291 -0.197467
-0.074097 -0.001831 -0.071655 -0.144066 -0.003560 -0.139319
-0.038696 0.024536 -0.015259 -0.075237 0.047705 -0.029668
-0.004639 0.017944 0.041260 -0.009019 0.034889 0.080221
0.009033 0.004883 0.086182 0.017563 0.009494 0.167562
-0.006348 -0.004761 0.100586 -0.012342 -0.009256 0.195568
-0.036499 -0.023682 0.085693 -0.070965 -0.046044 0.166613
-0.052002 -0.036865 0.077148 -0.101107 -0.071677 0.149999
-0.046143 -0.038330 0.085815 -0.089715 -0.074525 0.166850
-0.033081 -0.030029 0.105347 -0.064319 -0.058386 0.204825
-0.027344 -0.013306 0.125244 -0.053164 -0.025870 0.243511
-0.041626 -0.018677 0.120483 -0.080933 -0.036313 0.234255
-0.066528 -0.036499 0.092163 -0.129350 -0.070965 0.179192
-0.079102 -0.040161 0.074341 -0.153797 -0.078085 0.144540
-0.077026 -0.036743 0.071533 -0.149762 -0.071439 0.139081
-0.067993 -0.040527 0.079956 -0.132199 -0.078797 0.155458
-0.067993 -0.038330 0.098511 -0.132199 -0.074525 0.191534
-0.093262 -0.024658 0.105591 -0.181328 -0.047943 0.205299
-0.137695 -0.010864 0.085693 -0.267720 -0.021123 0.166613
-0.175537 -0.003174 0.045532 -0.341295 -0.006171 0.088528
-0.187500 -0.002075 0.003296 -0.364555 -0.004035 0.006408
-0.176514 -0.001221 -0.027588 -0.343194 -0.002373 -0.053639
-0.148193 0.018188 -0.044800 -0.288131 0.035364 -0.087104
-0.116455 0.038086 -0.059814 -0.226423 0.074050 -0.116297
-0.093018 0.041016 -0.076660 -0.180853 0.079746 -0.149050
-0.078369 0.020996 -0.091064 -0.152372 0.040823 -0.177056
-0.070313 -0.005005 -0.101807 -0.136708 -0.009731 -0.197942
-0.063354 -0.021729 -0.104492 -0.123180 -0.042247 -0.203163
-0.049683 -0.007080 -0.089478 -0.096597 -0.013766 -0.173970
-0.031860 0.051270 -0.048584 -0.061946 0.099683 -0.094461
-0.015747 0.124756 0.007690 -0.030617 0.242562 0.014952
0.000977 0.168701 0.065552 0.001899 0.328004 0.127452
0.016357 0.159302 0.107178 0.031804 0.309729 0.208385
0.025879 0.114746 0.119751 0.050316 0.223100 0.232831
0.028320 0.063232 0.108276 0.055063 0.122942 0.210521
0.024292 0.031250 0.091309 0.047231 0.060759 0.177531
0.012939 0.026245 0.087402 0.025158 0.051028 0.169936
-0.008667 0.029541 0.085083 -0.016851 0.057436 0.165426
-0.043579 0.009521 0.062744 -0.084730 0.018513 0.121993
-0.083130 -0.045166 0.020996 -0.161629 -0.087816 0.040823
-0.107178 -0.102417 -0.034546 -0.208385 -0.199128 -0.067167
-0.101440 -0.118408 -0.085571 -0.197230 -0.230220 -0.166376
-0.060913 -0.083374 -0.105835 -0.118433 -0.162103 -0.205774
-0.010376 -0.026611 -0.094604 -0.020174 -0.051740 -0.183939
0.023193 0.011353 -0.061646 0.045095 0.022073 -0.119857
0.036743 0.020386 -0.017334 0.071439 0.039636 -0.033702
0.029785 0.013184 0.017700 0.057911 0.025633 0.034414
0.004150 0.002808 0.032227 0.008070 0.005459 0.062658
-0.033691 0.000488 0.033325 -0.065506 0.000949 0.064794
-0.068237 0.002930 0.035400 -0.132673 0.005696 0.068829
-0.083984 -0.001221 0.035645 -0.163290 -0.002373 0.069303
-0.076416 -0.013916 0.031250 -0.148575 -0.027057 0.060759
-0.052856 -0.023560 0.018433 -0.102768 -0.045807 0.035838
-0.034424 -0.018066 0.001831 -0.066930 -0.035126 0.003560
-0.033325 0.002563 -0.009766 -0.064794 0.004984 -0.018987
-0.047974 0.022095 -0.014282 -0.093275 0.042959 -0.027769
-0.066528 0.026123 -0.016724 -0.129350 0.050791 -0.032516
-0.075928 0.026123 -0.023193 -0.147626 0.050791 -0.045095
-0.072632 0.027588 -0.041260 -0.141217 0.053639 -0.080221
-0.062500 0.018921 -0.061768 -0.121518 0.036788 -0.120094
-0.046753 0.002197 -0.078003 -0.090901 0.004272 -0.151660
-0.028564 -0.014160 -0.089355 -0.055538 -0.027531 -0.173733
-0.010742 -0.017334 -0.094849 -0.020886 -0.033702 -0.184413
0.003784 -0.005371 -0.093750 0.007358 -0.010443 -0.182277
0.012085 0.023926 -0.085083 0.023497 0.046519 -0.165426
0.009399 0.061768 -0.066284 0.018275 0.120094 -0.128876
0.001221 0.083252 -0.040771 0.002373 0.161866 -0.079272
-0.006470 0.086304 -0.021240 -0.012579 0.167800 -0.041297
-0.009277 0.063965 -0.011353 -0.018038 0.124366 -0.022073
