0.069092 0.187622 -0.033691 0.134335 0.364792 -0.065506
0.061035 0.117920 -0.027954 0.118670 0.229271 -0.054351
0.027832 0.039673 -0.023071 0.054114 0.077136 -0.044857
-0.006958 0.000122 -0.028320 -0.013528 0.000237 -0.055063
-0.042603 -0.009033 -0.044556 -0.082832 -0.017563 -0.086629
-0.076782 -0.006592 -0.047119 -0.149287 -0.012816 -0.091613
-0.103516 0.032837 -0.039429 -0.201265 0.063845 -0.076661
-0.102417 0.038208 -0.022949 -0.199128 0.074288 -0.044620
-0.077393 -0.001343 -0.002319 -0.150474 -0.002611 -0.004509
-0.073730 -0.020874 0.009766 -0.143354 -0.040585 0.018987
-0.084961 -0.021606 0.020386 -0.165189 -0.042009 0.039636
-0.094727 -0.024658 0.029541 -0.184176 -0.047943 0.057436
-0.102661 -0.027344 0.037354 -0.199603 -0.053164 0.072626
-0.112915 -0.019775 0.044800 -0.219540 -0.038449 0.087104
-0.123535 -0.016113 0.051636 -0.240188 -0.031329 0.100395
-0.136230 -0.021240 0.055664 -0.264872 -0.041297 0.108227
-0.159790 -0.052368 0.048218 -0.310678 -0.101819 0.093749
-0.183350 -0.109619 0.031250 -0.356485 -0.213132 0.060759
-0.190552 -0.248047 0.022339 -0.370488 -0.482275 0.043433
-0.227173 -0.392212 0.014771 -0.441690 -0.762574 0.028718
-0.295044 -0.519531 -0.009644 -0.573651 -1.010120 -0.018750
-0.381958 -0.678223 -0.028076 -0.742638 -1.318663 -0.054588
-0.440308 -0.728027 -0.043945 -0.856086 -1.415497 -0.085443
-0.410522 -0.673584 -0.056396 -0.798175 -1.309644 -0.109651
-0.328003 -0.569824 -0.070068 -0.637733 -1.107904 -0.136233
-0.261108 -0.510010 -0.088989 -0.507671 -0.991608 -0.173021
-0.222046 -0.497070 -0.121948 -0.431722 -0.966450 -0.237103
-0.192749 -0.556885 -0.152954 -0.374760 -1.082746 -0.297387
-0.156616 -0.676758 -0.138550 -0.304508 -1.315814 -0.269381
-0.138062 -0.725098 -0.118652 -0.268432 -1.409801 -0.230695
-0.149536 -0.717651 -0.114868 -0.290742 -1.395324 -0.223337
-0.150879 -0.705933 -0.120605 -0.293353 -1.372539 -0.234492
-0.125732 -0.694580 -0.119263 -0.244460 -1.350466 -0.231881
-0.103882 -0.674561 -0.093994 -0.201977 -1.311542 -0.182752
-0.097168 -0.640137 -0.059570 -0.188923 -1.244612 -0.115822
-0.099365 -0.604492 -0.035278 -0.193195 -1.175309 -0.068591
-0.121948 -0.620117 0.063721 -0.237103 -1.205689 0.123892
-0.187134 -0.796631 0.214722 -0.363843 -1.548883 0.417482
-0.185791 -0.824585 0.232910 -0.361232 -1.603234 0.452845
-0.121216 -0.761597 0.099854 -0.235679 -1.480766 0.194144
-0.106323 -0.706665 -0.037231 -0.206723 -1.373963 -0.072389
-0.172119 -0.750610 -0.078369 -0.334650 -1.459405 -0.152372
-0.240234 -0.794189 -0.065552 -0.467086 -1.544136 -0.127452
-0.256958 -0.761841 -0.030151 -0.499601 -1.481241 -0.058623
-0.238403 -0.690796 0.012939 -0.463526 -1.343109 0.025158
-0.206299 -0.620972 0.064575 -0.401105 -1.207350 0.125553
-0.165527 -0.529541 0.120483 -0.321833 -1.029582 0.234255
-0.122314 -0.488281 0.215820 -0.237815 -0.949361 0.419618
-0.069458 -0.588867 0.332764 -0.135047 -1.144930 0.646990
0.017944 -0.753174 0.505981 0.034889 -1.464390 0.983775
0.121338 -0.677979 0.598389 0.235916 -1.318188 1.163442
0.165161 -0.525146 0.587158 0.321121 -1.021038 1.141607
0.143921 -0.420654 0.550781 0.279824 -0.817875 1.070879
0.111084 -0.295654 0.491577 0.215980 -0.574838 0.955769
0.076294 -0.186035 0.414063 0.148338 -0.361707 0.805058
0.043091 -0.117676 0.346558 0.083781 -0.228796 0.673809
0.014282 -0.028076 0.287354 0.027769 -0.054588 0.558699
-0.012207 0.070435 0.239136 -0.023734 0.136945 0.464950
-0.023315 0.144531 0.197510 -0.045332 0.281011 0.384017
-0.015503 0.208862 0.144897 -0.030142 0.406089 0.281723
-0.007935 0.220459 0.100586 -0.015427 0.428637 0.195568
-0.011353 0.180786 0.071289 -0.022073 0.351501 0.138607
-0.017700 0.113770 0.040649 -0.034414 0.221201 0.079034
-0.020264 0.032715 0.007568 -0.039398 0.063607 0.014715
-0.038696 -0.025879 -0.013794 -0.075237 -0.050316 -0.026819
-0.069336 -0.036621 -0.026855 -0.134809 -0.071202 -0.052215
-0.093506 -0.014893 -0.041382 -0.181803 -0.028956 -0.080458
-0.112549 -0.000488 -0.051880 -0.218828 -0.000949 -0.100870
-0.132324 0.001831 -0.051270 -0.257277 0.003560 -0.099683
-0.154541 -0.000244 -0.042603 -0.300473 -0.000475 -0.082832
-0.173096 -0.006592 -0.029297 -0.336549 -0.012816 -0.056962
-0.183960 -0.012207 -0.018921 -0.357672 -0.023734 -0.036788
-0.189453 -0.010132 -0.014893 -0.368352 -0.019699 -0.028956
-0.189575 -0.008545 -0.014404 -0.368589 -0.016614 -0.028006
-0.188599 -0.006226 -0.014648 -0.366691 -0.012104 -0.028481
-0.184692 -0.006104 -0.010376 -0.359096 -0.011867 -0.020174
-0.176636 -0.004395 0.000610 -0.343431 -0.008544 0.001187
-0.162354 0.000244 0.014526 -0.315663 0.000475 0.028243
-0.142090 0.002075 0.020020 -0.276264 0.004035 0.038924
-0.120605 0.003662 0.016113 -0.234492 0.007120 0.031329
-0.100952 0.008057 0.006958 -0.196280 0.015664 0.013528
-0.081177 0.012207 -0.002197 -0.157831 0.023734 -0.004272
-0.061279 0.011841 -0.007935 -0.119145 0.023022 -0.015427
-0.046997 0.005981 -0.009155 -0.091376 0.011630 -0.017801
-0.040527 0.003784 -0.007568 -0.078797 0.007358 -0.014715
-0.041382 0.005981 -0.005615 -0.080458 0.011630 -0.010918
-0.046631 0.001587 -0.005981 -0.090664 0.003085 -0.011630
-0.052856 -0.002197 -0.007446 -0.102768 -0.004272 -0.014478
-0.059082 -0.000977 -0.010742 -0.114873 -0.001899 -0.020886
-0.063477 -0.001221 -0.013428 -0.123417 -0.002373 -0.026107
-0.066406 -0.004761 -0.015137 -0.129113 -0.009256 -0.029430
-0.068604 -0.006714 -0.015869 -0.133385 -0.013054 -0.030854
-0.073608 -0.002319 -0.013062 -0.143116 -0.004509 -0.025395
-0.080811 0.006470 -0.007813 -0.157119 0.012579 -0.015190
-0.086670 0.011353 -0.001221 -0.168512 0.022073 -0.002373
-0.089600 0.013916 0.004395 -0.174208 0.027057 0.008544
-0.090942 0.019531 0.005249 -0.176819 0.037974 0.010206
-0.089355 0.024292 0.002930 -0.173733 0.047231 0.005696
-0.087891 0.023926 -0.000854 -0.170885 0.046519 -0.001661
-0.089478 0.028320 -0.004028 -0.173970 0.055063 -0.007832
-0.090820 0.037476 -0.007813 -0.176581 0.072863 -0.015190
-0.088745 0.042603 -0.010254 -0.172546 0.082832 -0.019937
-0.085693 0.042847 -0.011230 -0.166613 0.083306 -0.021835
-0.083618 0.041992 -0.010254 -0.162578 0.081645 -0.019937
-0.082886 0.041016 -0.009644 -0.161154 0.079746 -0.018750
-0.078003 0.036255 -0.007202 -0.151660 0.070490 -0.014003
-0.068726 0.029541 -0.002686 -0.133623 0.057436 -0.005221
-0.057983 0.020264 0.005371 -0.112737 0.039398 0.010443
-0.051147 0.014404 0.012451 -0.099446 0.028006 0.024209
-0.053345 0.020020 0.013062 -0.103718 0.038924 0.025395
-0.060059 0.030762 0.007202 -0.116771 0.059810 0.014003
-0.065063 0.034302 -0.001831 -0.126502 0.066693 -0.003560
-0.064331 0.035278 -0.006836 -0.125078 0.068591 -0.013291
-0.062012 0.042358 -0.007935 -0.120569 0.082357 -0.015427
-0.059448 0.050781 -0.010132 -0.115585 0.098734 -0.019699
-0.055298 0.057373 -0.012695 -0.107515 0.111550 -0.024683
-0.049072 0.062378 -0.012695 -0.095411 0.121281 -0.024683
-0.042847 0.070923 -0.009399 -0.083306 0.137895 -0.018275
-0.037231 0.090820 -0.007446 -0.072389 0.176581 -0.014478
-0.028809 0.111084 -0.007446 -0.056012 0.215980 -0.014478
-0.017822 0.124756 -0.008057 -0.034652 0.242562 -0.015664
-0.009033 0.132690 -0.007324 -0.017563 0.257989 -0.014240
-0.033081 0.210327 -0.006958 -0.064319 0.408937 -0.013528
-0.070923 0.247192 -0.005981 -0.137895 0.480614 -0.011630
-0.033081 0.204590 0.001099 -0.064319 0.397782 0.002136
0.027222 0.135986 0.008545 0.052927 0.264397 0.016614
0.039063 0.084839 0.017944 0.075949 0.164952 0.034889
0.007202 0.085327 0.020386 0.014003 0.165901 0.039636
-0.019653 0.115112 0.008301 -0.038212 0.223812 0.016139
-0.035278 0.128418 0.006958 -0.068591 0.249682 0.013528
-0.046997 0.125977 0.006470 -0.091376 0.244935 0.012579
-0.045532 0.107300 -0.001099 -0.088528 0.208622 -0.002136
-0.045776 0.080933 -0.005127 -0.089003 0.157357 -0.009968
-0.056519 0.060547 -0.002197 -0.109889 0.117721 -0.004272
-0.068115 0.055542 0.002441 -0.132436 0.107990 0.004747
-0.077881 0.054077 0.004150 -0.151423 0.105142 0.008070
-0.084595 0.047729 0.003784 -0.164477 0.092800 0.007358
-0.088013 0.039795 0.004883 -0.171122 0.077373 0.009494
-0.088745 0.034668 0.007202 -0.172546 0.067405 0.014003
-0.088379 0.029785 0.006470 -0.171834 0.057911 0.012579
-0.086792 0.025513 0.002319 -0.168749 0.049604 0.004509
-0.084595 0.026855 -0.003662 -0.164477 0.052215 -0.007120
-0.081909 0.032471 -0.006104 -0.159255 0.063133 -0.011867
-0.078125 0.035156 -0.004883 -0.151898 0.068354 -0.009494
-0.072876 0.032715 -0.002075 -0.141692 0.063607 -0.004035
-0.067261 0.029541 0.001587 -0.130774 0.057436 0.003085
-0.063354 0.026489 0.005005 -0.123180 0.051503 0.009731
-0.060913 0.020752 0.005981 -0.118433 0.040348 0.011630
-0.058350 0.012695 0.006592 -0.113449 0.024683 0.012816
-0.057373 0.009155 0.004761 -0.111550 0.017801 0.009256
