-0.240845 0.258057 -0.049683 -0.468272 0.501737 -0.096597
-0.214111 0.252197 -0.078613 -0.416295 0.490345 -0.152847
-0.198486 0.213623 -0.077148 -0.385915 0.415345 -0.149999
-0.177490 0.219604 -0.067017 -0.345093 0.426975 -0.130300
-0.155029 0.236694 -0.057861 -0.301422 0.460203 -0.112499
-0.140991 0.209106 -0.026978 -0.274128 0.406564 -0.052452
-0.126953 0.182251 -0.002686 -0.246834 0.354349 -0.005221
-0.112671 0.155151 0.003052 -0.219065 0.301659 0.005934
-0.104004 0.137573 -0.004639 -0.202214 0.267482 -0.009019
-0.106812 0.128174 -0.017822 -0.207673 0.249207 -0.034652
-0.108887 0.111328 -0.034668 -0.211708 0.216454 -0.067405
-0.099731 0.081055 -0.057373 -0.193907 0.157594 -0.111550
-0.083618 0.051147 -0.056030 -0.162578 0.099446 -0.108939
-0.076904 0.030151 -0.041260 -0.149524 0.058623 -0.080221
-0.072632 0.019043 -0.033325 -0.141217 0.037025 -0.064794
-0.070679 0.018555 -0.027710 -0.137420 0.036076 -0.053876
-0.072266 0.023804 -0.020996 -0.140505 0.046281 -0.040823
-0.073242 0.041870 -0.017334 -0.142404 0.081408 -0.033702
-0.078857 0.059326 -0.019653 -0.153322 0.115347 -0.038212
-0.084717 0.061157 -0.028320 -0.164714 0.118907 -0.055063
-0.080811 0.051392 -0.034180 -0.157119 0.099920 -0.066455
-0.076904 0.039917 -0.027222 -0.149524 0.077610 -0.052927
-0.077393 0.026855 -0.025146 -0.150474 0.052215 -0.048892
-0.084229 0.020996 -0.025024 -0.163765 0.040823 -0.048655
-0.097168 0.024780 -0.026489 -0.188923 0.048180 -0.051503
-0.103149 0.028687 -0.029175 -0.200553 0.055775 -0.056724
-0.099487 0.031738 -0.032593 -0.193432 0.061708 -0.063370
-0.092407 0.033203 -0.034302 -0.179667 0.064557 -0.066693
-0.089111 0.035889 -0.031860 -0.173258 0.069778 -0.061946
-0.088623 0.037231 -0.028198 -0.172309 0.072389 -0.054826
-0.088989 0.037964 -0.028076 -0.173021 0.073813 -0.054588
-0.092773 0.040161 -0.026855 -0.180379 0.078085 -0.052215
-0.099243 0.045044 -0.023560 -0.192958 0.087579 -0.045807
-0.105225 0.051392 -0.019409 -0.204587 0.099920 -0.037737
-0.105225 0.049561 -0.014893 -0.204587 0.096360 -0.028956
-0.098877 0.037476 -0.014282 -0.192246 0.072863 -0.027769
-0.091431 0.018677 -0.019653 -0.177768 0.036313 -0.038212
-0.082642 0.007446 -0.023560 -0.160679 0.014478 -0.045807
-0.078003 0.006348 -0.023071 -0.151660 0.012342 -0.044857
-0.078735 0.013672 -0.019409 -0.153084 0.026582 -0.037737
-0.082642 0.023804 -0.014526 -0.160679 0.046281 -0.028243
-0.086304 0.031616 -0.010254 -0.167800 0.061471 -0.019937
-0.088379 0.033447 -0.005859 -0.171834 0.065031 -0.011392
-0.090454 0.030273 -0.002319 -0.175869 0.058860 -0.004509
-0.089722 0.031250 0.000732 -0.174445 0.060759 0.001424
-0.087158 0.033081 0.003052 -0.169461 0.064319 0.005934
-0.082764 0.031006 0.002441 -0.160917 0.060284 0.004747
-0.081665 0.024414 0.000977 -0.158781 0.047468 0.001899
-0.083252 0.012573 -0.001709 -0.161866 0.024446 -0.003323
-0.086670 0.004028 -0.005005 -0.168512 0.007832 -0.009731
-0.089844 0.002319 -0.010498 -0.174682 0.004509 -0.020411
-0.092407 0.006958 -0.014526 -0.179667 0.013528 -0.028243
-0.093384 0.015259 -0.014648 -0.181565 0.029668 -0.028481
-0.095093 0.024048 -0.012207 -0.184888 0.046756 -0.023734
-0.098389 0.029663 -0.011353 -0.191296 0.057674 -0.022073
-0.100830 0.033325 -0.012085 -0.196043 0.064794 -0.023497
-0.103638 0.036255 -0.012329 -0.201502 0.070490 -0.023971
-0.108032 0.038574 -0.011475 -0.210046 0.075000 -0.022310
-0.110596 0.041626 -0.009521 -0.215030 0.080933 -0.018513
-0.111938 0.045776 -0.007080 -0.217641 0.089003 -0.013766
-0.114746 0.049316 -0.005737 -0.223100 0.095885 -0.011155
-0.119141 0.050781 -0.004639 -0.231644 0.098734 -0.009019
-0.121582 0.054077 -0.000244 -0.236391 0.105142 -0.000475
-0.120117 0.057007 0.005371 -0.233543 0.110838 0.010443
-0.112793 0.061035 0.008667 -0.219302 0.118670 0.016851
-0.103394 0.067383 0.009521 -0.201027 0.131012 0.018513
-0.096436 0.067261 0.007935 -0.187499 0.130774 0.015427
-0.095215 0.063110 0.002197 -0.185125 0.122705 0.004272
-0.098633 0.062866 -0.004517 -0.191771 0.122230 -0.008782
-0.105103 0.068237 -0.009033 -0.204350 0.132673 -0.017563
-0.113159 0.075073 -0.010254 -0.220014 0.145964 -0.019937
-0.123169 0.082031 -0.008667 -0.239476 0.159493 -0.016851
-0.132080 0.084595 -0.007935 -0.256802 0.164477 -0.015427
-0.135132 0.078125 -0.012451 -0.262736 0.151898 -0.024209
-0.134521 0.071289 -0.018066 -0.261549 0.138607 -0.035126
-0.129883 0.065674 -0.023804 -0.252530 0.127689 -0.046281
-0.123779 0.061646 -0.027710 -0.240663 0.119857 -0.053876
-0.120117 0.065552 -0.023926 -0.233543 0.127452 -0.046519
-0.122070 0.074585 -0.011353 -0.237340 0.145015 -0.022073
-0.123169 0.072266 -0.002686 -0.239476 0.140505 -0.005221
-0.117920 0.062622 -0.002686 -0.229271 0.121756 -0.005221
-0.114502 0.055664 -0.005737 -0.222625 0.108227 -0.011155
-0.115601 0.055908 -0.008301 -0.224761 0.108702 -0.016139
-0.114746 0.043579 -0.009033 -0.223100 0.084730 -0.017563
-0.106079 0.019531 -0.010376 -0.206249 0.037974 -0.020174
-0.095337 0.005737 -0.009033 -0.185363 0.011155 -0.017563
-0.087402 0.010742 -0.008057 -0.169936 0.020886 -0.015664
-0.088135 0.022095 -0.007935 -0.171360 0.042959 -0.015427
-0.094238 0.030884 -0.008301 -0.183227 0.060047 -0.016139
-0.101440 0.034424 -0.007202 -0.197230 0.066930 -0.014003
-0.106201 0.027466 -0.006836 -0.206486 0.053402 -0.013291
-0.107300 0.014526 -0.008057 -0.208622 0.028243 -0.015664
-0.104492 0.004517 -0.010498 -0.203163 0.008782 -0.020411
-0.101563 0.003784 -0.011719 -0.197467 0.007358 -0.022785
-0.100220 0.008057 -0.009766 -0.194856 0.015664 -0.018987
-0.100464 0.012573 -0.007935 -0.195331 0.024446 -0.015427
-0.100220 0.008911 -0.009277 -0.194856 0.017326 -0.018038
-0.094727 -0.004272 -0.014282 -0.184176 -0.008307 -0.027769
-0.088501 -0.009644 -0.019775 -0.172072 -0.018750 -0.038449
-0.083252 -0.009155 -0.023560 -0.161866 -0.017801 -0.045807
-0.080933 -0.006592 -0.027344 -0.157357 -0.012816 -0.053164
-0.083130 -0.002930 -0.029907 -0.161629 -0.005696 -0.058148
-0.086670 -0.005371 -0.029785 -0.168512 -0.010443 -0.057911
-0.089355 -0.012695 -0.027832 -0.173733 -0.024683 -0.054114
-0.093384 -0.010010 -0.023926 -0.181565 -0.019462 -0.046519
-0.093994 0.004028 -0.022461 -0.182752 0.007832 -0.043671
-0.094604 0.021729 -0.021118 -0.183939 0.042247 -0.041060
-0.094849 0.033691 -0.016968 -0.184413 0.065506 -0.032990
-0.094604 0.040405 -0.010254 -0.183939 0.078560 -0.019937
-0.093262 0.042480 -0.005127 -0.181328 0.082594 -0.009968
-0.092529 0.044312 -0.000732 -0.179904 0.086155 -0.001424
-0.093872 0.046265 0.000122 -0.182515 0.089952 0.000237
-0.097656 0.053955 -0.001587 -0.189872 0.104904 -0.003085
-0.103516 0.061401 -0.000977 -0.201265 0.119382 -0.001899
-0.105103 0.052124 0.003906 -0.204350 0.101344 0.007595
-0.099487 0.031006 0.012817 -0.193432 0.060284 0.024921
-0.089966 0.016113 0.020752 -0.174920 0.031329 0.040348
-0.083008 0.013916 0.019043 -0.161391 0.027057 0.037025
-0.082275 0.020386 0.009644 -0.159967 0.039636 0.018750
-0.088501 0.027100 -0.001099 -0.172072 0.052690 -0.002136
-0.098877 0.028809 -0.010376 -0.192246 0.056012 -0.020174
-0.106323 0.025513 -0.014648 -0.206723 0.049604 -0.028481
-0.105713 0.020386 -0.016479 -0.205537 0.039636 -0.032041
-0.099365 0.011353 -0.018555 -0.193195 0.022073 -0.036076
-0.091431 0.001343 -0.019653 -0.177768 0.002611 -0.038212
-0.084961 -0.001953 -0.021729 -0.165189 -0.003797 -0.042247
-0.084717 0.003784 -0.025269 -0.164714 0.007358 -0.049129
-0.091187 0.012329 -0.028564 -0.177293 0.023971 -0.055538
-0.099365 0.017334 -0.029297 -0.193195 0.033702 -0.056962
-0.103516 0.014038 -0.025024 -0.201265 0.027294 -0.048655
-0.102417 0.009521 -0.016968 -0.199128 0.018513 -0.032990
-0.096924 0.009033 -0.009766 -0.188448 0.017563 -0.018987
-0.090942 0.011963 -0.005127 -0.176819 0.023259 -0.009968
-0.086548 0.011719 -0.000732 -0.168274 0.022785 -0.001424
-0.083374 0.004761 0.002930 -0.162103 0.009256 0.005696
-0.078491 -0.002319 0.006226 -0.152610 -0.004509 0.012104
-0.072266 -0.002563 0.007935 -0.140505 -0.004984 0.015427
-0.067139 0.005493 0.007080 -0.130537 0.010680 0.013766
-0.064819 0.014526 0.005493 -0.126028 0.028243 0.010680
-0.066162 0.022705 0.002197 -0.128638 0.044145 0.004272
-0.071289 0.026733 -0.002563 -0.138607 0.051978 -0.004984
-0.075195 0.029785 -0.006226 -0.146202 0.057911 -0.012104
-0.077637 0.031250 -0.007568 -0.150948 0.060759 -0.014715
-0.076904 0.026489 -0.007080 -0.149524 0.051503 -0.013766
-0.074463 0.018311 -0.007202 -0.144778 0.035601 -0.014003
-0.072754 0.014038 -0.009521 -0.141455 0.027294 -0.018513
-0.072266 0.013428 -0.012573 -0.140505 0.026107 -0.024446
-0.074951 0.014526 -0.014282 -0.145727 0.028243 -0.027769
-0.079224 0.016846 -0.013184 -0.154034 0.032753 -0.025633
-0.084473 0.019287 -0.011475 -0.164239 0.037500 -0.022310
