-0.044067 0.170776 -0.092896 -0.085680 0.332039 -0.180616
-0.054565 0.173096 -0.115601 -0.106091 0.336549 -0.224761
-0.077637 0.147827 -0.136963 -0.150948 0.287419 -0.266296
-0.100464 0.132813 -0.145630 -0.195331 0.258226 -0.283147
-0.115967 0.097168 -0.141724 -0.225473 0.188923 -0.275552
-0.136597 0.068604 -0.133301 -0.265584 0.133385 -0.259176
-0.162354 0.060059 -0.118408 -0.315663 0.116771 -0.230220
-0.184082 0.062988 -0.098755 -0.357909 0.122468 -0.192008
-0.200195 0.067139 -0.075439 -0.389238 0.130537 -0.146676
-0.209473 0.073242 -0.050049 -0.407276 0.142404 -0.097310
-0.213135 0.084106 -0.025879 -0.414396 0.163527 -0.050316
-0.211426 0.102905 -0.010864 -0.411073 0.200078 -0.021123
-0.205811 0.118774 -0.004517 -0.400156 0.230932 -0.008782
-0.193726 0.119751 -0.003174 -0.376659 0.232831 -0.006171
-0.177979 0.106812 -0.005493 -0.346042 0.207673 -0.010680
-0.162231 0.089478 -0.008911 -0.315425 0.173970 -0.017326
-0.147095 0.072021 -0.013062 -0.285995 0.140031 -0.025395
-0.132324 0.057983 -0.020020 -0.257277 0.112737 -0.038924
-0.119995 0.048462 -0.026001 -0.233305 0.094224 -0.050553
-0.109375 0.042603 -0.026489 -0.212657 0.082832 -0.051503
-0.099365 0.037476 -0.019531 -0.193195 0.072863 -0.037974
-0.093262 0.031250 -0.007568 -0.181328 0.060759 -0.014715
-0.087524 0.023926 0.004395 -0.170173 0.046519 0.008544
-0.078979 0.016968 0.015381 -0.153559 0.032990 0.029905
-0.071655 0.017456 0.024780 -0.139319 0.033940 0.048180
-0.067139 0.023315 0.033081 -0.130537 0.045332 0.064319
-0.062134 0.026611 0.036987 -0.120806 0.051740 0.071914
-0.055908 0.025879 0.034668 -0.108702 0.050316 0.067405
-0.050903 0.019165 0.030151 -0.098971 0.037262 0.058623
-0.047241 0.009766 0.025757 -0.091851 0.018987 0.050079
-0.045410 0.001099 0.024658 -0.088291 0.002136 0.047943
-0.045532 -0.005981 0.025024 -0.088528 -0.011630 0.048655
-0.045776 -0.010254 0.023071 -0.089003 -0.019937 0.044857
-0.046265 -0.012085 0.020020 -0.089952 -0.023497 0.038924
-0.047241 -0.014404 0.020020 -0.091851 -0.028006 0.038924
-0.049805 -0.012695 0.020630 -0.096835 -0.024683 0.040111
-0.054321 -0.004028 0.019897 -0.105616 -0.007832 0.038686
-0.059937 0.006958 0.015991 -0.116534 0.013528 0.031092
-0.065430 0.013428 0.013550 -0.127214 0.026107 0.026345
-0.070679 0.012817 0.013672 -0.137420 0.024921 0.026582
-0.073975 0.006836 0.015137 -0.143828 0.013291 0.029430
-0.074707 0.000244 0.017212 -0.145252 0.000475 0.033465
-0.075317 -0.001221 0.018555 -0.146439 -0.002373 0.036076
-0.076660 0.002075 0.017090 -0.149050 0.004035 0.033228
-0.078857 0.005615 0.014893 -0.153322 0.010918 0.028956
-0.081421 0.008179 0.013550 -0.158306 0.015902 0.026345
-0.083740 0.007690 0.009766 -0.162815 0.014952 0.018987
-0.083496 0.004639 0.007446 -0.162341 0.009019 0.014478
-0.083374 0.000732 0.006836 -0.162103 0.001424 0.013291
-0.082642 -0.000854 0.006958 -0.160679 -0.001661 0.013528
-0.081299 -0.000732 0.007568 -0.158069 -0.001424 0.014715
-0.079712 0.000366 0.006226 -0.154983 0.000712 0.012104
-0.077881 0.003662 0.003540 -0.151423 0.007120 0.006883
-0.077271 0.008789 0.000854 -0.150236 0.017089 0.001661
-0.077637 0.011597 -0.000488 -0.150948 0.022547 -0.000949
-0.077148 0.009766 -0.001221 -0.149999 0.018987 -0.002373
-0.075928 0.003784 -0.000122 -0.147626 0.007358 -0.000237
-0.074219 0.000122 0.002197 -0.144303 0.000237 0.004272
-0.073975 0.000000 0.002930 -0.143828 0.000000 0.005696
-0.075073 0.001221 0.003906 -0.145964 0.002373 0.007595
-0.076050 0.003662 0.004761 -0.147863 0.007120 0.009256
-0.077393 0.006714 0.005371 -0.150474 0.013054 0.010443
-0.078491 0.007690 0.004761 -0.152610 0.014952 0.009256
-0.079102 0.006592 0.003052 -0.153797 0.012816 0.005934
-0.079346 0.003540 0.002930 -0.154271 0.006883 0.005696
-0.079346 0.001221 0.004883 -0.154271 0.002373 0.009494
-0.080444 -0.000122 0.005127 -0.156407 -0.000237 0.009968
-0.081177 0.000854 0.004150 -0.157831 0.001661 0.008070
-0.081787 0.001587 0.005737 -0.159018 0.003085 0.011155
-0.083496 0.002197 0.008911 -0.162341 0.004272 0.017326
-0.084595 0.003418 0.012207 -0.164477 0.006646 0.023734
-0.084351 0.003296 0.014648 -0.164002 0.006408 0.028481
-0.083618 0.004639 0.016846 -0.162578 0.009019 0.032753
-0.082031 0.005737 0.017944 -0.159493 0.011155 0.034889
-0.080322 0.005005 0.018799 -0.156170 0.009731 0.036550
-0.076294 0.002441 0.017700 -0.148338 0.004747 0.034414
-0.071533 0.000122 0.015137 -0.139081 0.000237 0.029430
-0.069336 -0.001831 0.012939 -0.134809 -0.003560 0.025158
-0.068115 -0.004517 0.012207 -0.132436 -0.008782 0.023734
-0.067017 -0.006104 0.013062 -0.130300 -0.011867 0.025395
-0.066528 -0.006470 0.013672 -0.129350 -0.012579 0.026582
-0.066650 -0.008179 0.014282 -0.129588 -0.015902 0.027769
-0.067627 -0.008545 0.014893 -0.131487 -0.016614 0.028956
-0.068481 -0.005249 0.015015 -0.133148 -0.010206 0.029193
-0.070435 0.000488 0.014771 -0.136945 0.000949 0.028718
-0.072632 0.005615 0.013184 -0.141217 0.010918 0.025633
-0.074951 0.008057 0.011841 -0.145727 0.015664 0.023022
-0.076416 0.008057 0.011353 -0.148575 0.015664 0.022073
-0.076050 0.007202 0.010132 -0.147863 0.014003 0.019699
-0.073853 0.004272 0.005615 -0.143591 0.008307 0.010918
-0.072266 0.001343 -0.000366 -0.140505 0.002611 -0.000712
-0.071167 -0.001587 -0.003540 -0.138369 -0.003085 -0.006883
-0.072510 -0.001099 -0.004761 -0.140980 -0.002136 -0.009256
-0.075562 0.000732 -0.005737 -0.146914 0.001424 -0.011155
-0.077515 0.001587 -0.006226 -0.150711 0.003085 -0.012104
-0.078247 0.000732 -0.007202 -0.152135 0.001424 -0.014003
-0.078003 -0.000366 -0.007446 -0.151660 -0.000712 -0.014478
-0.078613 -0.000854 -0.006714 -0.152847 -0.001661 -0.013054
-0.079102 0.000610 -0.005371 -0.153797 0.001187 -0.010443
-0.078979 0.003418 -0.004883 -0.153559 0.006646 -0.009494
-0.078125 0.005737 -0.004883 -0.151898 0.011155 -0.009494
-0.077637 0.005005 -0.005005 -0.150948 0.009731 -0.009731
-0.078369 0.003296 -0.003662 -0.152372 0.006408 -0.007120
-0.080322 0.004639 -0.001831 -0.156170 0.009019 -0.003560
-0.080322 0.005737 0.000732 -0.156170 0.011155 0.001424
-0.078735 0.004272 0.003662 -0.153084 0.008307 0.007120
-0.076294 0.001465 0.005615 -0.148338 0.002848 0.010918
-0.073975 0.001465 0.005615 -0.143828 0.002848 0.010918
-0.073730 0.002686 0.005615 -0.143354 0.005221 0.010918
-0.074219 0.002808 0.006714 -0.144303 0.005459 0.013054
-0.074707 0.002441 0.008667 -0.145252 0.004747 0.016851
-0.075806 0.000122 0.010010 -0.147388 0.000237 0.019462
-0.074707 -0.003296 0.010620 -0.145252 -0.006408 0.020649
-0.073853 -0.007080 0.010376 -0.143591 -0.013766 0.020174
-0.073364 -0.008179 0.009888 -0.142642 -0.015902 0.019225
-0.073853 -0.006714 0.008423 -0.143591 -0.013054 0.016376
-0.073853 -0.005493 0.007202 -0.143591 -0.010680 0.014003
-0.074707 -0.004761 0.006104 -0.145252 -0.009256 0.011867
-0.076172 -0.005249 0.003662 -0.148100 -0.010206 0.007120
-0.077881 -0.005737 0.001221 -0.151423 -0.011155 0.002373
-0.080200 -0.006714 0.000244 -0.155933 -0.013054 0.000475
-0.081177 -0.004395 0.001099 -0.157831 -0.008544 0.002136
-0.082275 -0.000854 0.001465 -0.159967 -0.001661 0.002848
-0.081421 0.002075 0.001831 -0.158306 0.004035 0.003560
-0.080078 0.004272 0.001587 -0.155695 0.008307 0.003085
-0.080322 0.005493 -0.001343 -0.156170 0.010680 -0.002611
-0.079834 0.002808 -0.003662 -0.155221 0.005459 -0.007120
-0.078613 -0.000854 -0.003662 -0.152847 -0.001661 -0.007120
-0.076904 -0.002930 -0.001831 -0.149524 -0.005696 -0.003560
-0.076050 -0.002686 -0.001831 -0.147863 -0.005221 -0.003560
-0.076294 -0.001343 -0.002930 -0.148338 -0.002611 -0.005696
-0.077271 0.000488 -0.003296 -0.150236 0.000949 -0.006408
-0.080200 0.002930 -0.003052 -0.155933 0.005696 -0.005934
-0.082031 0.003906 -0.002197 -0.159493 0.007595 -0.004272
-0.084106 0.006348 0.000488 -0.163527 0.012342 0.000949
-0.084839 0.008057 0.001099 -0.164952 0.015664 0.002136
-0.082886 0.008179 -0.001831 -0.161154 0.015902 -0.003560
-0.081787 0.005615 -0.004517 -0.159018 0.010918 -0.008782
-0.081177 0.001831 -0.005615 -0.157831 0.003560 -0.010918
-0.081055 -0.000488 -0.004883 -0.157594 -0.000949 -0.009494
-0.081421 -0.000488 -0.003784 -0.158306 -0.000949 -0.007358
-0.081909 -0.000488 -0.002197 -0.159255 -0.000949 -0.004272
-0.081055 -0.000854 0.000122 -0.157594 -0.001661 0.000237
-0.080444 -0.000977 0.001587 -0.156407 -0.001899 0.003085
-0.079590 0.000854 0.003296 -0.154746 0.001661 0.006408
-0.078491 0.002197 0.004395 -0.152610 0.004272 0.008544
-0.077515 0.005493 0.004028 -0.150711 0.010680 0.007832
-0.076660 0.007080 0.002563 -0.149050 0.013766 0.004984
-0.075317 0.005005 0.000000 -0.146439 0.009731 0.000000
-0.074341 0.001465 -0.003174 -0.144540 0.002848 -0.006171
