-0.042114 0.038208 -0.868408 -0.081882 0.074288 -1.688439
-0.051147 -0.071167 -1.092773 -0.099446 -0.138369 -2.124670
-0.060669 -0.094482 -1.325684 -0.117958 -0.183701 -2.577516
-0.079712 -0.100952 -1.572754 -0.154983 -0.196280 -3.057892
-0.112915 -0.103760 -1.803467 -0.219540 -0.201739 -3.506465
-0.138672 -0.059692 -2.006714 -0.269619 -0.116059 -3.901637
-0.146362 0.000732 -2.185913 -0.284571 0.001424 -4.250052
-0.152588 0.048462 -2.365234 -0.296675 0.094224 -4.598705
-0.151733 0.081909 -2.555176 -0.295014 0.159255 -4.968007
-0.132568 0.061401 -2.740112 -0.257752 0.119382 -5.327578
-0.094849 -0.010620 -2.894653 -0.184413 -0.020649 -5.628050
-0.028564 -0.092651 -2.999756 -0.055538 -0.180141 -5.832400
0.067871 -0.167969 -3.036865 0.131961 -0.326580 -5.904552
0.181885 -0.211426 -2.984375 0.353637 -0.411073 -5.802495
0.291870 -0.220337 -2.812988 0.567481 -0.428399 -5.469270
0.370361 -0.188477 -2.502563 0.720090 -0.366453 -4.865713
0.384399 -0.153320 -2.084595 0.747385 -0.298099 -4.053060
0.343872 -0.095459 -1.613647 0.668588 -0.185600 -3.137401
0.278198 0.006470 -1.139282 0.540899 0.012579 -2.215097
0.207520 0.144897 -0.715088 0.403478 0.281723 -1.390339
0.140137 0.313110 -0.362305 0.272467 0.608778 -0.704426
0.081177 0.489258 -0.069824 0.157831 0.951260 -0.135759
0.055298 0.617798 0.168335 0.107515 1.201179 0.327292
0.080078 0.675415 0.358276 0.155695 1.313204 0.696594
0.147095 0.688965 0.517944 0.285995 1.339549 1.007035
0.236206 0.679321 0.661621 0.459253 1.320799 1.286384
0.318237 0.639771 0.791748 0.618746 1.243900 1.539389
0.354858 0.546387 0.897339 0.689948 1.062335 1.744688
0.315186 0.379883 0.964966 0.612813 0.738603 1.876175
0.189453 0.194214 0.992798 0.368352 0.377608 1.930289
0.007202 0.016113 0.967651 0.014003 0.031329 1.881396
-0.178589 -0.050049 0.887695 -0.347229 -0.097310 1.725939
-0.362061 0.010254 0.800781 -0.703951 0.019937 1.556952
-0.540771 0.093384 0.700073 -1.051417 0.181565 1.361147
-0.709229 0.158813 0.572510 -1.378947 0.308780 1.113126
-0.894287 0.149292 0.412231 -1.738755 0.290267 0.801498
-1.137817 0.070068 0.239868 -2.212249 0.136233 0.466374
-1.457275 -0.048706 0.066406 -2.833368 -0.094699 0.129113
-1.854126 -0.172363 -0.118896 -3.604962 -0.335124 -0.231169
-2.292480 -0.292847 -0.309692 -4.457251 -0.569379 -0.602132
-2.662476 -0.443726 -0.471436 -5.176629 -0.862732 -0.916608
-2.842896 -0.643921 -0.598389 -5.527418 -1.251970 -1.163442
-2.813599 -0.799438 -0.685913 -5.470456 -1.554342 -1.333615
-2.597168 -0.876831 -0.699097 -5.049652 -1.704815 -1.359248
-2.188354 -0.761963 -0.660278 -4.254799 -1.481478 -1.283774
-1.611572 -0.486328 -0.595947 -3.133366 -0.945564 -1.158695
-0.974243 -0.174561 -0.491211 -1.894213 -0.339397 -0.955057
-0.438477 0.048950 -0.325684 -0.852526 0.095173 -0.633224
-0.120850 0.134888 -0.123535 -0.234967 0.262261 -0.240188
-0.058716 0.095581 0.072632 -0.114161 0.185837 0.141217
-0.208252 0.028320 0.233765 -0.404903 0.055063 0.454507
-0.383911 0.034424 0.290649 -0.746435 0.066930 0.565107
-0.433838 0.083130 0.280762 -0.843507 0.161629 0.545883
-0.334106 0.112061 0.272583 -0.649600 0.217878 0.529981
-0.153198 0.106079 0.262939 -0.297862 0.206249 0.511231
0.015869 0.080933 0.228638 0.030854 0.157357 0.444538
0.114624 0.065186 0.165649 0.222863 0.126740 0.322071
0.135254 0.061157 0.078003 0.262973 0.118907 0.151660
0.106445 0.025269 -0.004395 0.206961 0.049129 -0.008544
0.061157 -0.053345 -0.056763 0.118907 -0.103718 -0.110363
0.020264 -0.125732 -0.087036 0.039398 -0.244460 -0.169224
-0.013306 -0.159912 -0.106201 -0.025870 -0.310916 -0.206486
-0.038330 -0.161255 -0.114868 -0.074525 -0.313527 -0.223337
-0.047607 -0.120117 -0.111206 -0.092563 -0.233543 -0.216217
-0.044067 -0.058716 -0.093018 -0.085680 -0.114161 -0.180853
-0.037476 -0.022461 -0.064209 -0.072863 -0.043671 -0.124841
-0.033081 -0.005981 -0.035889 -0.064319 -0.011630 -0.069778
-0.033325 0.010864 -0.012207 -0.064794 0.021123 -0.023734
-0.039307 0.022827 0.002441 -0.076424 0.044383 0.004747
-0.041626 0.025391 0.005615 -0.080933 0.049367 0.010918
-0.036255 0.023804 0.001831 -0.070490 0.046281 0.003560
-0.031250 0.019165 -0.006226 -0.060759 0.037262 -0.012104
-0.036621 0.000977 -0.016113 -0.071202 0.001899 -0.031329
-0.049561 -0.005249 -0.021240 -0.096360 -0.010206 -0.041297
-0.075562 0.005737 -0.017944 -0.146914 0.011155 -0.034889
-0.105957 0.014771 -0.006104 -0.206011 0.028718 -0.011867
-0.126709 0.032471 0.012085 -0.246359 0.063133 0.023497
-0.138672 0.044800 0.028564 -0.269619 0.087104 0.055538
-0.142334 0.045288 0.036743 -0.276739 0.088053 0.071439
-0.133911 0.051270 0.034546 -0.260362 0.099683 0.067167
-0.116577 0.066040 0.029175 -0.226660 0.128401 0.056724
-0.104126 0.073730 0.022827 -0.202451 0.143354 0.044383
-0.098145 0.063965 0.017944 -0.190822 0.124366 0.034889
-0.093140 0.043335 0.015747 -0.181091 0.084256 0.030617
-0.088867 0.017944 0.013184 -0.172784 0.034889 0.025633
-0.086670 -0.000854 0.005127 -0.168512 -0.001661 0.009968
-0.087158 -0.006592 -0.008667 -0.169461 -0.012816 -0.016851
-0.089722 0.005859 -0.022339 -0.174445 0.011392 -0.043433
-0.090942 0.030273 -0.026123 -0.176819 0.058860 -0.050791
-0.089111 0.057983 -0.019409 -0.173258 0.112737 -0.037737
-0.084351 0.087891 -0.003296 -0.164002 0.170885 -0.006408
-0.081665 0.106567 0.023682 -0.158781 0.207198 0.046044
-0.091797 0.104248 0.041138 -0.178480 0.202689 0.079984
-0.105469 0.087280 0.046997 -0.205062 0.169698 0.091376
-0.114624 0.061890 0.049316 -0.222863 0.120332 0.095885
-0.116943 0.041016 0.044434 -0.227372 0.079746 0.086392
-0.112793 0.032593 0.033325 -0.219302 0.063370 0.064794
-0.107300 0.033447 0.021362 -0.208622 0.065031 0.041535
-0.105591 0.039063 0.013306 -0.205299 0.075949 0.025870
-0.102905 0.056519 0.012695 -0.200078 0.109889 0.024683
-0.089478 0.077881 0.017578 -0.173970 0.151423 0.034177
-0.066772 0.094971 0.024536 -0.129825 0.184651 0.047705
-0.049438 0.094238 0.033325 -0.096123 0.183227 0.064794
-0.051880 0.079102 0.044189 -0.100870 0.153797 0.085917
-0.076660 0.057617 0.053833 -0.149050 0.112025 0.104667
-0.107300 0.041382 0.051636 -0.208622 0.080458 0.100395
-0.114746 0.039185 0.038086 -0.223100 0.076186 0.074050
-0.092407 0.046265 0.021851 -0.179667 0.089952 0.042484
-0.053711 0.043335 0.006958 -0.104430 0.084256 0.013528
-0.020386 0.029541 -0.002319 -0.039636 0.057436 -0.004509
-0.010132 0.019165 -0.006348 -0.019699 0.037262 -0.012342
-0.011353 0.009766 -0.008911 -0.022073 0.018987 -0.017326
-0.010376 0.005981 -0.013184 -0.020174 0.011630 -0.025633
-0.008545 0.011963 -0.009033 -0.016614 0.023259 -0.017563
-0.014038 0.022949 -0.002441 -0.027294 0.044620 -0.004747
-0.028687 0.026733 0.002686 -0.055775 0.051978 0.005221
-0.044922 0.024414 0.004517 -0.087341 0.047468 0.008782
-0.053467 0.020386 0.002563 -0.103955 0.039636 0.004984
-0.053955 0.017700 -0.002808 -0.104904 0.034414 -0.005459
-0.052368 0.013306 -0.010376 -0.101819 0.025870 -0.020174
-0.051758 0.005737 -0.019409 -0.100632 0.011155 -0.037737
-0.053833 0.001099 -0.026123 -0.104667 0.002136 -0.050791
-0.061768 0.008179 -0.032715 -0.120094 0.015902 -0.063607
-0.075195 0.022583 -0.034546 -0.146202 0.043908 -0.067167
-0.088013 0.035278 -0.029907 -0.171122 0.068591 -0.058148
-0.093140 0.045898 -0.022095 -0.181091 0.089240 -0.042959
-0.091431 0.052002 -0.016724 -0.177768 0.101107 -0.032516
-0.087402 0.058350 -0.015503 -0.169936 0.113449 -0.030142
-0.083252 0.068481 -0.018066 -0.161866 0.133148 -0.035126
-0.080200 0.084473 -0.025269 -0.155933 0.164239 -0.049129
-0.079346 0.106201 -0.030884 -0.154271 0.206486 -0.060047
-0.075195 0.127319 -0.029175 -0.146202 0.247546 -0.056724
-0.067627 0.140747 -0.022583 -0.131487 0.273653 -0.043908
-0.057373 0.138306 -0.019165 -0.111550 0.268907 -0.037262
-0.048340 0.119873 -0.021851 -0.093987 0.233068 -0.042484
-0.040894 0.097046 -0.027344 -0.079509 0.188686 -0.053164
-0.033081 0.092407 -0.026367 -0.064319 0.179667 -0.051266
-0.036011 0.092407 -0.022461 -0.070015 0.179667 -0.043671
-0.047852 0.081787 -0.016968 -0.093037 0.159018 -0.032990
-0.055664 0.057739 -0.012085 -0.108227 0.112262 -0.023497
-0.051025 0.035767 -0.008667 -0.099208 0.069541 -0.016851
-0.035400 0.027344 -0.004028 -0.068829 0.053164 -0.007832
-0.015747 0.019043 0.001953 -0.030617 0.037025 0.003797
0.003296 0.002563 0.011597 0.006408 0.004984 0.022547
0.014282 -0.017456 0.022705 0.027769 -0.033940 0.044145
0.013062 -0.036743 0.028931 0.025395 -0.071439 0.056250
0.005249 -0.051758 0.030151 0.010206 -0.100632 0.058623
-0.001465 -0.063965 0.026123 -0.002848 -0.124366 0.050791
-0.007568 -0.072998 0.019653 -0.014715 -0.141929 0.038212
-0.013184 -0.076050 0.013306 -0.025633 -0.147863 0.025870
