-0.137573 0.440552 0.014526 -0.267482 0.856561 0.028243
-0.157593 0.358276 -0.005249 -0.306406 0.696594 -0.010206
-0.184082 0.269409 -0.035522 -0.357909 0.523810 -0.069066
-0.188721 0.206543 -0.070435 -0.366928 0.401580 -0.136945
-0.188477 0.108643 -0.117554 -0.366453 0.211233 -0.228559
-0.176514 0.031616 -0.165527 -0.343194 0.061471 -0.321833
-0.158447 -0.036621 -0.223999 -0.308068 -0.071202 -0.435519
-0.130859 -0.094971 -0.291504 -0.254429 -0.184651 -0.566769
-0.089478 -0.141724 -0.368774 -0.173970 -0.275552 -0.717005
-0.039185 -0.177979 -0.468506 -0.076186 -0.346042 -0.910912
0.013672 -0.187988 -0.601196 0.026582 -0.365504 -1.168901
0.066040 -0.164307 -0.759888 0.128401 -0.319460 -1.477443
0.110840 -0.108765 -0.939087 0.215505 -0.211470 -1.825859
0.131470 -0.032471 -1.113281 0.255615 -0.063133 -2.164543
0.118408 0.052002 -1.258789 0.230220 0.101107 -2.447453
0.088745 0.127930 -1.368164 0.172546 0.248733 -2.660110
0.046265 0.172852 -1.440796 0.089952 0.336074 -2.801327
0.000000 0.183838 -1.471924 0.000000 0.357434 -2.861849
-0.042236 0.161987 -1.457275 -0.082120 0.314951 -2.833368
-0.072754 0.117188 -1.404297 -0.141455 0.227847 -2.730363
-0.090332 0.063721 -1.321167 -0.175632 0.123892 -2.568734
-0.095337 0.008789 -1.216431 -0.185363 0.017089 -2.365096
-0.092896 -0.041870 -1.096313 -0.180616 -0.081408 -2.131553
-0.094360 -0.074097 -0.966187 -0.183464 -0.144066 -1.878548
-0.106201 -0.074097 -0.836914 -0.206486 -0.144066 -1.627205
-0.127197 -0.042725 -0.713501 -0.247309 -0.083069 -1.387254
-0.152954 0.000122 -0.601929 -0.297387 0.000237 -1.170325
-0.175781 0.053223 -0.507080 -0.341770 0.103480 -0.985912
-0.189697 0.106567 -0.428711 -0.368827 0.207198 -0.833539
-0.189575 0.145874 -0.361084 -0.368589 0.283622 -0.702053
-0.170898 0.152588 -0.304810 -0.332276 0.296675 -0.592639
-0.145508 0.126953 -0.256714 -0.282910 0.246834 -0.499127
-0.122803 0.095581 -0.215088 -0.238764 0.185837 -0.418194
-0.106934 0.072876 -0.182251 -0.207910 0.141692 -0.354349
-0.104126 0.056396 -0.157837 -0.202451 0.109651 -0.306881
-0.119141 0.036377 -0.136841 -0.231644 0.070727 -0.266058
-0.150757 0.019165 -0.109009 -0.293115 0.037262 -0.211945
-0.187622 0.001953 -0.074341 -0.364792 0.003797 -0.144540
-0.216064 -0.020874 -0.039429 -0.420092 -0.040585 -0.076661
-0.239990 -0.045410 -0.009521 -0.466611 -0.088291 -0.018513
-0.258301 -0.056396 0.016235 -0.502212 -0.109651 0.031566
-0.277954 -0.056152 0.039429 -0.540424 -0.109177 0.076661
-0.302612 -0.051392 0.058350 -0.588367 -0.099920 0.113449
-0.334351 -0.049316 0.073486 -0.650075 -0.095885 0.142879
-0.359741 -0.047485 0.073486 -0.699442 -0.092325 0.142879
-0.375732 -0.057373 0.073242 -0.730533 -0.111550 0.142404
-0.389648 -0.079468 0.082397 -0.757590 -0.154509 0.160205
-0.412109 -0.124512 0.096558 -0.801261 -0.242087 0.187736
-0.441772 -0.194214 0.113525 -0.858934 -0.377608 0.220726
-0.465576 -0.293579 0.131104 -0.905216 -0.570803 0.254903
-0.486572 -0.408569 0.151489 -0.946038 -0.794378 0.294539
-0.516479 -0.535522 0.175293 -1.004187 -1.041212 0.340821
-0.590576 -0.652954 0.209473 -1.148252 -1.269533 0.407276
-0.700562 -0.684937 0.263306 -1.362096 -1.331716 0.511943
-0.835938 -0.636108 0.331665 -1.625306 -1.236780 0.644854
-0.990845 -0.542725 0.413330 -1.926491 -1.055215 0.803634
-1.146362 -0.442749 0.499634 -2.228863 -0.860833 0.971434
-1.306396 -0.398682 0.572632 -2.540016 -0.775153 1.113363
-1.436035 -0.385254 0.603516 -2.792071 -0.749046 1.173410
-1.536987 -0.396851 0.579102 -2.988352 -0.771593 1.125942
-1.609619 -0.415649 0.507935 -3.129569 -0.808144 0.987573
-1.653564 -0.427734 0.413574 -3.215012 -0.831640 0.804109
-1.681396 -0.430054 0.308594 -3.269125 -0.836150 0.599996
-1.701904 -0.401611 0.194092 -3.308998 -0.780850 0.377371
-1.707886 -0.325439 0.076660 -3.320628 -0.632749 0.149050
-1.679443 -0.214111 -0.026123 -3.265328 -0.416295 -0.050791
-1.613281 -0.099976 -0.095093 -3.136689 -0.194382 -0.184888
-1.519165 -0.011108 -0.126953 -2.953700 -0.021598 -0.246834
-1.407471 0.021851 -0.128052 -2.736533 0.042484 -0.248970
-1.264282 -0.000122 -0.105713 -2.458133 -0.000237 -0.205537
-1.065430 -0.033325 -0.069458 -2.071506 -0.064794 -0.135047
-0.814209 -0.027832 -0.036743 -1.583060 -0.054114 -0.071439
-0.550415 0.019409 -0.022217 -1.070167 0.037737 -0.043196
-0.326172 0.073120 -0.015625 -0.634173 0.142167 -0.030380
-0.171387 0.101196 -0.006348 -0.333226 0.196755 -0.012342
-0.119507 0.117676 0.001709 -0.232356 0.228796 0.003323
-0.107544 0.150269 -0.004761 -0.209097 0.292166 -0.009256
-0.092163 0.166260 -0.026123 -0.179192 0.323257 -0.050791
-0.058594 0.167603 -0.044922 -0.113923 0.325868 -0.087341
-0.016846 0.161255 -0.052246 -0.032753 0.313527 -0.101582
0.021118 0.156738 -0.048584 0.041060 0.304745 -0.094461
0.049927 0.155029 -0.041992 0.097072 0.301422 -0.081645
0.069214 0.148438 -0.037720 0.134572 0.288606 -0.073338
0.079712 0.128418 -0.029785 0.154983 0.249682 -0.057911
0.081909 0.091675 -0.015259 0.159255 0.178243 -0.029668
0.071045 0.051758 -0.002563 0.138132 0.100632 -0.004984
0.047974 0.026123 0.000732 0.093275 0.050791 0.001424
0.016235 0.026001 -0.003418 0.031566 0.050553 -0.006646
-0.010498 0.040039 -0.009155 -0.020411 0.077848 -0.017801
-0.027588 0.042358 -0.008911 -0.053639 0.082357 -0.017326
-0.034180 0.027710 -0.001831 -0.066455 0.053876 -0.003560
-0.036377 0.005615 0.004639 -0.070727 0.010918 0.009019
-0.042236 -0.012695 0.004639 -0.082120 -0.024683 0.009019
-0.054443 -0.021729 0.002197 -0.105854 -0.042247 0.004272
-0.071777 -0.023071 0.000977 -0.139556 -0.044857 0.001899
-0.086304 -0.020142 0.004028 -0.167800 -0.039161 0.007832
-0.094604 -0.007813 0.009644 -0.183939 -0.015190 0.018750
-0.093628 0.008301 0.014771 -0.182040 0.016139 0.028718
-0.087158 0.016357 0.013794 -0.169461 0.031804 0.026819
-0.080811 0.012085 0.009521 -0.157119 0.023497 0.018513
-0.076172 0.004395 0.005981 -0.148100 0.008544 0.011630
-0.075439 0.004028 0.003906 -0.146676 0.007832 0.007595
-0.077759 0.008545 0.002075 -0.151186 0.016614 0.004035
-0.076904 0.009888 0.000244 -0.149524 0.019225 0.000475
-0.072266 0.010376 -0.004761 -0.140505 0.020174 -0.009256
-0.069214 0.012817 -0.013672 -0.134572 0.024921 -0.026582
-0.069458 0.011841 -0.025024 -0.135047 0.023022 -0.048655
-0.068115 0.006714 -0.038452 -0.132436 0.013054 -0.074762
-0.066650 0.009033 -0.049194 -0.129588 0.017563 -0.095648
-0.069336 0.014771 -0.053833 -0.134809 0.028718 -0.104667
-0.075806 0.012207 -0.054321 -0.147388 0.023734 -0.105616
-0.079468 0.010010 -0.052002 -0.154509 0.019462 -0.101107
-0.080566 0.013306 -0.049194 -0.156645 0.025870 -0.095648
-0.083862 0.018433 -0.046265 -0.163053 0.035838 -0.089952
-0.090454 0.025391 -0.041870 -0.175869 0.049367 -0.081408
-0.095703 0.035156 -0.036377 -0.186075 0.068354 -0.070727
-0.094727 0.043457 -0.031372 -0.184176 0.084493 -0.060996
-0.089600 0.041870 -0.026245 -0.174208 0.081408 -0.051028
-0.082397 0.032715 -0.019653 -0.160205 0.063607 -0.038212
-0.076172 0.020996 -0.013550 -0.148100 0.040823 -0.026345
-0.071899 0.023071 -0.005737 -0.139793 0.044857 -0.011155
-0.070313 0.030396 -0.005371 -0.136708 0.059098 -0.010443
-0.070068 0.025146 -0.010376 -0.136233 0.048892 -0.020174
-0.070435 0.013672 -0.009277 -0.136945 0.026582 -0.018038
-0.066895 0.005371 -0.002563 -0.130062 0.010443 -0.004984
-0.061401 -0.000244 0.001953 -0.119382 -0.000475 0.003797
-0.057129 -0.003784 0.003052 -0.111075 -0.007358 0.005934
-0.055542 0.002686 0.002319 -0.107990 0.005221 0.004509
-0.053955 0.012939 0.002563 -0.104904 0.025158 0.004984
-0.053345 0.024536 -0.000488 -0.103718 0.047705 -0.000949
-0.053345 0.033813 -0.006714 -0.103718 0.065743 -0.013054
-0.052734 0.036621 -0.012451 -0.102531 0.071202 -0.024209
-0.049561 0.030151 -0.014648 -0.096360 0.058623 -0.028481
-0.045410 0.019409 -0.015015 -0.088291 0.037737 -0.029193
-0.045532 0.010254 -0.016602 -0.088528 0.019937 -0.032278
-0.052002 0.008179 -0.021973 -0.101107 0.015902 -0.042721
-0.060181 0.012451 -0.033936 -0.117009 0.024209 -0.065981
-0.067383 0.022217 -0.050537 -0.131012 0.043196 -0.098259
-0.073242 0.031372 -0.066406 -0.142404 0.060996 -0.129113
-0.073853 0.036743 -0.073120 -0.143591 0.071439 -0.142167
-0.066284 0.035767 -0.073853 -0.128876 0.069541 -0.143591
-0.054321 0.029419 -0.069214 -0.105616 0.057199 -0.134572
-0.046265 0.026733 -0.056641 -0.089952 0.051978 -0.110126
-0.042725 0.025757 -0.039673 -0.083069 0.050079 -0.077136
-0.039673 0.026733 -0.020630 -0.077136 0.051978 -0.040111
-0.038330 0.025269 -0.002930 -0.074525 0.049129 -0.005696
-0.042358 0.021362 0.005981 -0.082357 0.041535 0.011630
-0.049927 0.023071 0.005249 -0.097072 0.044857 0.010206
-0.056885 0.026978 0.000244 -0.110601 0.052452 0.000475
-0.059204 0.028076 -0.004272 -0.115110 0.054588 -0.008307
