-0.009399 0.124512 -0.222046 -0.018275 0.242087 -0.431722
-0.005737 0.097778 -0.197998 -0.011155 0.190110 -0.384966
-0.004639 0.121826 -0.148193 -0.009019 0.236866 -0.288131
-0.022705 0.110107 -0.093872 -0.044145 0.214081 -0.182515
-0.042969 0.075317 -0.017700 -0.083544 0.146439 -0.034414
-0.069702 0.042603 0.068237 -0.135521 0.082832 0.132673
-0.104370 0.016968 0.151245 -0.202926 0.032990 0.294065
-0.145874 -0.003784 0.224365 -0.283622 -0.007358 0.436231
-0.193115 -0.020874 0.281250 -0.375472 -0.040585 0.546832
-0.239990 -0.019165 0.316406 -0.466611 -0.037262 0.615186
-0.286499 -0.025024 0.317383 -0.557038 -0.048655 0.617085
-0.320557 -0.048462 0.292847 -0.623256 -0.094224 0.569379
-0.329834 -0.107544 0.255981 -0.641293 -0.209097 0.497703
-0.312866 -0.175781 0.215576 -0.608303 -0.341770 0.419143
-0.278931 -0.193970 0.170288 -0.542323 -0.377134 0.331090
-0.240723 -0.162476 0.112061 -0.468035 -0.315900 0.217878
-0.206299 -0.117432 0.048096 -0.401105 -0.228321 0.093512
-0.170532 -0.083618 -0.012451 -0.331564 -0.162578 -0.024209
-0.130127 -0.073608 -0.066528 -0.253005 -0.143116 -0.129350
-0.080811 -0.085205 -0.118652 -0.157119 -0.165664 -0.230695
-0.018677 -0.087646 -0.177124 -0.036313 -0.170410 -0.344381
0.057007 -0.044067 -0.253174 0.110838 -0.085680 -0.492244
0.131714 0.019165 -0.355591 0.256090 0.037262 -0.691372
0.186523 0.099487 -0.488037 0.362656 0.193432 -0.948886
0.273193 0.238403 -0.644653 0.531168 0.463526 -1.253394
0.408081 0.355713 -0.830688 0.793429 0.691610 -1.615101
0.570068 0.402344 -1.035767 1.108379 0.782274 -2.013832
0.715820 0.408813 -1.232788 1.391763 0.794853 -2.396899
0.818726 0.394165 -1.392212 1.591841 0.766372 -2.706866
0.866577 0.286255 -1.514404 1.684879 0.556563 -2.944443
0.876587 0.175537 -1.593628 1.704341 0.341295 -3.098477
0.866699 0.085327 -1.622314 1.685116 0.165901 -3.154252
0.835083 -0.001221 -1.610840 1.623645 -0.002373 -3.131943
0.784058 -0.067627 -1.559937 1.524437 -0.131487 -3.032971
0.714478 -0.093506 -1.483398 1.389153 -0.181803 -2.884159
0.623657 -0.072266 -1.390381 1.212572 -0.140505 -2.703306
0.517456 -0.021118 -1.270752 1.006086 -0.041060 -2.470712
0.407959 0.042236 -1.137085 0.793191 0.082120 -2.210825
0.302612 0.121826 -1.017944 0.588367 0.236866 -1.979181
0.209351 0.199951 -0.918945 0.407039 0.388763 -1.786698
0.140747 0.265991 -0.828491 0.273653 0.517164 -1.610829
0.099365 0.307495 -0.740234 0.193195 0.597860 -1.439232
0.071167 0.325562 -0.654175 0.138369 0.632987 -1.271907
0.051025 0.322754 -0.573975 0.099208 0.627528 -1.115974
0.037476 0.287720 -0.496826 0.072863 0.559411 -0.965975
0.032837 0.228516 -0.423706 0.063845 0.444301 -0.823808
0.035034 0.163818 -0.356445 0.068117 0.318511 -0.693034
0.040039 0.099731 -0.292603 0.077848 0.193907 -0.568905
0.033447 0.047852 -0.228638 0.065031 0.093037 -0.444538
0.015259 0.024414 -0.160645 0.029668 0.047468 -0.312340
-0.010742 0.018188 -0.095093 -0.020886 0.035364 -0.184888
-0.039063 0.018188 -0.039917 -0.075949 0.035364 -0.077610
-0.068359 0.016479 0.003174 -0.132911 0.032041 0.006171
-0.103760 0.012207 0.038818 -0.201739 0.023734 0.075474
-0.147461 0.012085 0.069214 -0.286707 0.023497 0.134572
-0.198120 0.009399 0.097046 -0.385203 0.018275 0.188686
-0.251587 -0.016846 0.123535 -0.489158 -0.032753 0.240188
-0.307739 -0.076538 0.150269 -0.598335 -0.148812 0.292166
-0.366821 -0.173218 0.173950 -0.713208 -0.336786 0.338210
-0.449097 -0.290161 0.192871 -0.873175 -0.564158 0.374998
-0.538452 -0.369873 0.210327 -1.046908 -0.719141 0.408937
-0.620361 -0.410034 0.223877 -1.206163 -0.797226 0.435282
-0.708252 -0.400879 0.227051 -1.377048 -0.779426 0.441453
-0.829834 -0.356567 0.228149 -1.613439 -0.693271 0.443589
-0.943848 -0.322388 0.253784 -1.835115 -0.626816 0.493430
-1.059570 -0.350098 0.289551 -2.060114 -0.680692 0.562971
-1.200684 -0.408203 0.316772 -2.334479 -0.793666 0.615898
-1.343628 -0.428589 0.380005 -2.612405 -0.833302 0.738840
-1.491577 -0.456055 0.463745 -2.900061 -0.886703 0.901656
-1.603516 -0.479248 0.532715 -3.117702 -0.931798 1.035753
-1.673096 -0.476807 0.564331 -3.252986 -0.927051 1.097224
-1.675781 -0.401245 0.551880 -3.258207 -0.780138 1.073015
-1.614014 -0.285889 0.497070 -3.138113 -0.555851 0.966450
-1.502930 -0.167236 0.414551 -2.922134 -0.325156 0.806008
-1.360718 -0.100342 0.326172 -2.645632 -0.195094 0.634173
-1.205322 -0.127686 0.249634 -2.343498 -0.248258 0.485361
-1.045898 -0.230103 0.196411 -2.033532 -0.447386 0.381881
-0.893311 -0.346313 0.178833 -1.736856 -0.673334 0.347704
-0.750977 -0.429565 0.193481 -1.460117 -0.835200 0.376184
-0.637085 -0.451050 0.207764 -1.238679 -0.876972 0.403953
-0.547974 -0.416016 0.206299 -1.065421 -0.808856 0.401105
-0.469604 -0.332275 0.195190 -0.913048 -0.646040 0.379507
-0.408936 -0.251587 0.171509 -0.795090 -0.489158 0.333463
-0.425659 -0.169189 0.152588 -0.827606 -0.328954 0.296675
-0.436401 -0.079712 0.140747 -0.848491 -0.154983 0.273653
-0.389404 -0.061890 0.131714 -0.757115 -0.120332 0.256090
-0.311157 -0.063477 0.127197 -0.604980 -0.123417 0.247309
-0.237793 -0.061646 0.122559 -0.462339 -0.119857 0.238290
-0.168335 -0.055420 0.106689 -0.327292 -0.107752 0.207435
-0.114868 -0.050537 0.075684 -0.223337 -0.098259 0.147151
-0.092041 -0.043945 0.044312 -0.178955 -0.085443 0.086155
-0.080811 -0.043091 0.023193 -0.157119 -0.083781 0.045095
-0.062744 -0.050171 0.007446 -0.121993 -0.097547 0.014478
-0.039063 -0.043701 -0.006958 -0.075949 -0.084968 -0.013528
-0.018555 -0.034058 -0.011475 -0.036076 -0.066218 -0.022310
-0.007080 -0.039795 -0.007080 -0.013766 -0.077373 -0.013766
-0.000366 -0.057007 -0.004272 -0.000712 -0.110838 -0.008307
0.004028 -0.069092 -0.015625 0.007832 -0.134335 -0.030380
0.005249 -0.053467 -0.041260 0.010206 -0.103955 -0.080221
0.002930 -0.011475 -0.070190 0.005696 -0.022310 -0.136471
-0.003906 0.026245 -0.089233 -0.007595 0.051028 -0.173496
-0.006470 0.031128 -0.094238 -0.012579 0.060522 -0.183227
-0.003052 0.007324 -0.091064 -0.005934 0.014240 -0.177056
0.002319 -0.023315 -0.089355 0.004509 -0.045332 -0.173733
0.007690 -0.042358 -0.091309 0.014952 -0.082357 -0.177531
0.012817 -0.045898 -0.094727 0.024921 -0.089240 -0.184176
0.013062 -0.029907 -0.097778 0.025395 -0.058148 -0.190110
0.010620 -0.008423 -0.096680 0.020649 -0.016376 -0.187973
0.011719 -0.002319 -0.084106 0.022785 -0.004509 -0.163527
0.016357 -0.012817 -0.064941 0.031804 -0.024921 -0.126265
0.022095 -0.018311 -0.048706 0.042959 -0.035601 -0.094699
0.022461 -0.006104 -0.040527 0.043671 -0.011867 -0.078797
0.023071 0.011597 -0.043213 0.044857 0.022547 -0.084018
0.024414 0.026123 -0.051636 0.047468 0.050791 -0.100395
0.019531 0.024536 -0.058105 0.037974 0.047705 -0.112974
0.001953 0.010986 -0.061646 0.003797 0.021361 -0.119857
-0.026367 0.005005 -0.065552 -0.051266 0.009731 -0.127452
-0.051636 0.014160 -0.069580 -0.100395 0.027531 -0.135284
-0.064453 0.039673 -0.071045 -0.125316 0.077136 -0.138132
-0.061768 0.061035 -0.069214 -0.120094 0.118670 -0.134572
-0.051270 0.063965 -0.060059 -0.099683 0.124366 -0.116771
-0.057495 0.057861 -0.052734 -0.111787 0.112499 -0.102531
-0.077271 0.057129 -0.054810 -0.150236 0.111075 -0.106566
-0.092407 0.067017 -0.056763 -0.179667 0.130300 -0.110363
-0.104248 0.077148 -0.050903 -0.202689 0.149999 -0.098971
-0.117432 0.069702 -0.041260 -0.228321 0.135521 -0.080221
-0.131958 0.052856 -0.035767 -0.256565 0.102768 -0.069541
-0.136963 0.043335 -0.033447 -0.266296 0.084256 -0.065031
-0.130249 0.048096 -0.028687 -0.253242 0.093512 -0.055775
-0.120483 0.067261 -0.021118 -0.234255 0.130774 -0.041060
-0.113770 0.076294 -0.008667 -0.221201 0.148338 -0.016851
-0.106201 0.069580 0.002686 -0.206486 0.135284 0.005221
-0.098755 0.063965 0.007324 -0.192008 0.124366 0.014240
-0.093384 0.064697 0.001099 -0.181565 0.125790 0.002136
-0.086182 0.073730 -0.013672 -0.167562 0.143354 -0.026582
-0.076782 0.091064 -0.033081 -0.149287 0.177056 -0.064319
-0.065308 0.106689 -0.049927 -0.126977 0.207435 -0.097072
-0.051636 0.129883 -0.060547 -0.100395 0.252530 -0.117721
-0.032837 0.152466 -0.064087 -0.063845 0.296438 -0.124604
-0.005859 0.166260 -0.055664 -0.011392 0.323257 -0.108227
0.018677 0.154907 -0.038086 0.036313 0.301185 -0.074050
0.029785 0.122681 -0.018188 0.057911 0.238527 -0.035364
0.024292 0.082153 -0.001343 0.047231 0.159730 -0.002611
0.005005 0.056763 0.004761 0.009731 0.110363 0.009256
-0.019165 0.050293 -0.004028 -0.037262 0.097784 -0.007832
-0.031860 0.045776 -0.020264 -0.061946 0.089003 -0.039398
-0.024780 0.040649 -0.031250 -0.048180 0.079034 -0.060759
-0.007080 0.043701 -0.034912 -0.013766 0.084968 -0.067879
0.003296 0.061157 -0.039551 0.006408 0.118907 -0.076898
-0.006714 0.080322 -0.044556 -0.013054 0.156170 -0.086629
