-0.087646 -0.118652 -0.688843 -0.170410 -0.230695 -1.339311
-0.182495 -0.079102 -0.637939 -0.354824 -0.153797 -1.240340
-0.271240 -0.004028 -0.544312 -0.527370 -0.007832 -1.058300
-0.343506 0.031494 -0.456909 -0.667876 0.061234 -0.888365
-0.392822 0.010132 -0.420898 -0.763761 0.019699 -0.818349
-0.434326 -0.041748 -0.454468 -0.844457 -0.081170 -0.883618
-0.472656 -0.097412 -0.552246 -0.918982 -0.189398 -1.073727
-0.513672 -0.157959 -0.701416 -0.998728 -0.307118 -1.363757
-0.558594 -0.226074 -0.890625 -1.086069 -0.439554 -1.731635
-0.615479 -0.284180 -1.097412 -1.196670 -0.552528 -2.133689
-0.687744 -0.322510 -1.295166 -1.337175 -0.627053 -2.518180
-0.770874 -0.341431 -1.464233 -1.498804 -0.663841 -2.846897
-0.853516 -0.362915 -1.602539 -1.659483 -0.705613 -3.115803
-0.915405 -0.397339 -1.719604 -1.779815 -0.772543 -3.343413
-0.959839 -0.449097 -1.823486 -1.866207 -0.873175 -3.545389
-0.991699 -0.502563 -1.925903 -1.928152 -0.977130 -3.744518
-1.009888 -0.525269 -2.042969 -1.963516 -1.021275 -3.972127
-1.019897 -0.510986 -2.174316 -1.982978 -0.993506 -4.227505
-1.038208 -0.458740 -2.291260 -2.018579 -0.891925 -4.454877
-1.056030 -0.366455 -2.378540 -2.053231 -0.712496 -4.624576
-1.074951 -0.260986 -2.420898 -2.090019 -0.507434 -4.706933
-1.103271 -0.160889 -2.415405 -2.145082 -0.312815 -4.696252
-1.115356 -0.066528 -2.373413 -2.168578 -0.129350 -4.614607
-1.089722 0.028320 -2.281372 -2.118737 0.055063 -4.435653
-1.016846 0.104248 -2.124756 -1.977045 0.202689 -4.131145
-0.885376 0.120605 -1.912964 -1.721429 0.234492 -3.719360
-0.706177 0.080444 -1.660767 -1.373013 0.156407 -3.229015
-0.510620 0.005249 -1.380981 -0.992794 0.010206 -2.685031
-0.329102 -0.084351 -1.098999 -0.639869 -0.164002 -2.136775
-0.171265 -0.178101 -0.834229 -0.332988 -0.346279 -1.621984
-0.044067 -0.258667 -0.601196 -0.085680 -0.502924 -1.168901
0.042480 -0.299927 -0.415771 0.082594 -0.583145 -0.808381
0.071655 -0.299438 -0.272461 0.139319 -0.582196 -0.529743
0.044800 -0.262207 -0.159302 0.087104 -0.509807 -0.309729
-0.013306 -0.198242 -0.063843 -0.025870 -0.385441 -0.124129
-0.078857 -0.141602 0.030273 -0.153322 -0.275315 0.058860
-0.134033 -0.122681 0.130981 -0.260600 -0.238527 0.254666
-0.170410 -0.148926 0.241699 -0.331327 -0.289555 0.469934
-0.190430 -0.202515 0.370239 -0.370251 -0.393748 0.719853
-0.206055 -0.282837 0.503052 -0.400630 -0.549917 0.978079
-0.230225 -0.387329 0.640503 -0.447624 -0.753081 1.245324
-0.270996 -0.505859 0.801025 -0.526895 -0.983538 1.557427
-0.339111 -0.621704 0.963989 -0.659331 -1.208774 1.874276
-0.425903 -0.693604 1.117920 -0.828080 -1.348567 2.173562
-0.528320 -0.727417 1.245117 -1.027209 -1.414311 2.420871
-0.649902 -0.721802 1.347412 -1.263600 -1.403393 2.619762
-0.802368 -0.688965 1.424072 -1.560038 -1.339549 2.768812
-0.974609 -0.659546 1.477295 -1.894925 -1.282350 2.872292
-1.150879 -0.659912 1.523560 -2.237644 -1.283062 2.962244
-1.302124 -0.687744 1.578491 -2.531709 -1.337175 3.069047
-1.398804 -0.727905 1.627319 -2.719682 -1.415260 3.163983
-1.439331 -0.735962 1.660400 -2.798479 -1.430925 3.228302
-1.430908 -0.649292 1.662842 -2.782103 -1.262413 3.233049
-1.382202 -0.498657 1.581177 -2.687404 -0.969535 3.074269
-1.281128 -0.318237 1.407227 -2.490886 -0.618746 2.736059
-1.118408 -0.151611 1.171021 -2.174512 -0.294777 2.276805
-0.949219 0.030762 0.979736 -1.845558 0.059810 1.904893
-0.793091 0.171875 0.771851 -1.542000 0.334175 1.500703
-0.648926 0.239624 0.544189 -1.261701 0.465899 1.058063
-0.530151 0.266846 0.356812 -1.030769 0.518826 0.693746
-0.438599 0.294556 0.226196 -0.852764 0.572702 0.439792
-0.375122 0.338135 0.159546 -0.729347 0.657433 0.310204
-0.331177 0.391846 0.128540 -0.643904 0.761862 0.249919
-0.290894 0.462524 0.114380 -0.565582 0.899282 0.222388
-0.262573 0.509888 0.080566 -0.510519 0.991370 0.156645
-0.237061 0.527954 0.028076 -0.460915 1.026497 0.054588
-0.203003 0.512573 -0.023193 -0.394697 0.996592 -0.045095
-0.166992 0.464478 -0.066406 -0.324682 0.903080 -0.129113
-0.133545 0.390381 -0.094116 -0.259650 0.759014 -0.182989
-0.107422 0.291748 -0.101440 -0.208859 0.567243 -0.197230
-0.095581 0.199219 -0.092041 -0.185837 0.387339 -0.178955
-0.093262 0.136597 -0.071533 -0.181328 0.265584 -0.139081
-0.100708 0.099121 -0.047119 -0.195806 0.192720 -0.091613
-0.120972 0.087769 -0.023193 -0.235204 0.170648 -0.045095
-0.149658 0.089600 -0.000732 -0.290979 0.174208 -0.001424
-0.172974 0.082153 0.017944 -0.336311 0.159730 0.034889
-0.177246 0.067627 0.025269 -0.344618 0.131487 0.049129
-0.162964 0.056641 0.017822 -0.316849 0.110126 0.034652
-0.143433 0.050415 0.001831 -0.278875 0.098022 0.003560
-0.128174 0.046631 -0.016602 -0.249207 0.090664 -0.032278
-0.119507 0.036011 -0.036987 -0.232356 0.070015 -0.071914
-0.118408 0.022705 -0.055786 -0.230220 0.044145 -0.108465
-0.120605 0.012451 -0.062500 -0.234492 0.024209 -0.121518
-0.122559 0.003174 -0.053833 -0.238290 0.006171 -0.104667
-0.119873 0.001465 -0.035400 -0.233068 0.002848 -0.068829
-0.115723 0.011475 -0.012573 -0.224999 0.022310 -0.024446
-0.108765 0.018555 0.011475 -0.211470 0.036076 0.022310
-0.100098 0.019897 0.033203 -0.194619 0.038686 0.064557
-0.092163 0.015137 0.045898 -0.179192 0.029430 0.089240
-0.085449 0.007568 0.045898 -0.166138 0.014715 0.089240
-0.079834 0.003784 0.037598 -0.155221 0.007358 0.073101
-0.079102 0.000732 0.026733 -0.153797 0.001424 0.051978
-0.087646 -0.001831 0.019165 -0.170410 -0.003560 0.037262
-0.099976 0.004150 0.013062 -0.194382 0.008070 0.025395
-0.107544 0.021729 0.011719 -0.209097 0.042247 0.022785
-0.107422 0.040649 0.011841 -0.208859 0.079034 0.023022
-0.103882 0.058228 0.011597 -0.201977 0.113211 0.022547
-0.097168 0.081055 0.012207 -0.188923 0.157594 0.023734
-0.089600 0.105347 0.010132 -0.174208 0.204825 0.019699
-0.086304 0.121948 0.007446 -0.167800 0.237103 0.014478
-0.089600 0.118042 0.009277 -0.174208 0.229508 0.018038
-0.090576 0.093384 0.010986 -0.176106 0.181565 0.021361
-0.086304 0.054688 0.012085 -0.167800 0.106328 0.023497
-0.078125 0.016479 0.011475 -0.151898 0.032041 0.022310
-0.070435 -0.001099 0.009399 -0.136945 -0.002136 0.018275
-0.066284 0.010498 0.007813 -0.128876 0.020411 0.015190
-0.071533 0.040894 0.008789 -0.139081 0.079509 0.017089
-0.082642 0.067383 0.011841 -0.160679 0.131012 0.023022
-0.091064 0.077393 0.012451 -0.177056 0.150474 0.024209
-0.090820 0.085205 0.007935 -0.176581 0.165664 0.015427
-0.082642 0.091675 0.004395 -0.160679 0.178243 0.008544
-0.072388 0.096436 0.001587 -0.140743 0.187499 0.003085
-0.063721 0.096924 -0.004150 -0.123892 0.188448 -0.008070
-0.057373 0.093750 -0.010742 -0.111550 0.182277 -0.020886
-0.053467 0.096069 -0.019653 -0.103955 0.186787 -0.038212
-0.051147 0.104736 -0.028076 -0.099446 0.203638 -0.054588
-0.049805 0.108643 -0.028931 -0.096835 0.211233 -0.056250
-0.052124 0.107056 -0.024536 -0.101344 0.208147 -0.047705
-0.057617 0.108643 -0.018921 -0.112025 0.211233 -0.036788
-0.061523 0.115723 -0.016602 -0.119620 0.224999 -0.032278
-0.061157 0.120361 -0.019043 -0.118907 0.234018 -0.037025
-0.060181 0.116333 -0.021362 -0.117009 0.226185 -0.041535
-0.059448 0.105835 -0.023438 -0.115585 0.205774 -0.045569
-0.054199 0.088013 -0.026489 -0.105379 0.171122 -0.051503
-0.046021 0.066284 -0.029663 -0.089477 0.128876 -0.057674
-0.041748 0.048950 -0.029785 -0.081170 0.095173 -0.057911
-0.044556 0.038696 -0.029785 -0.086629 0.075237 -0.057911
-0.052002 0.039429 -0.032349 -0.101107 0.076661 -0.062895
-0.058350 0.054810 -0.035034 -0.113449 0.106566 -0.068117
-0.060425 0.073853 -0.033936 -0.117483 0.143591 -0.065981
-0.061035 0.093140 -0.031250 -0.118670 0.181091 -0.060759
-0.059937 0.108154 -0.031860 -0.116534 0.210283 -0.061946
-0.056885 0.116211 -0.037231 -0.110601 0.225948 -0.072389
-0.051880 0.117554 -0.042603 -0.100870 0.228559 -0.082832
-0.046875 0.109131 -0.046753 -0.091139 0.212182 -0.090901
-0.044312 0.091553 -0.048828 -0.086155 0.178005 -0.094936
-0.043091 0.074463 -0.049438 -0.083781 0.144778 -0.096123
-0.043945 0.067017 -0.051025 -0.085443 0.130300 -0.099208
-0.047241 0.065063 -0.051270 -0.091851 0.126502 -0.099683
-0.053345 0.064087 -0.049805 -0.103718 0.124604 -0.096835
-0.058960 0.060547 -0.045776 -0.114635 0.117721 -0.089003
-0.061279 0.051880 -0.037964 -0.119145 0.100870 -0.073813
-0.061035 0.047974 -0.027466 -0.118670 0.093275 -0.053402
-0.060547 0.051758 -0.019897 -0.117721 0.100632 -0.038686
-0.062988 0.060791 -0.015503 -0.122468 0.118195 -0.030142
-0.067017 0.073975 -0.013306 -0.130300 0.143828 -0.025870
-0.069580 0.079224 -0.011963 -0.135284 0.154034 -0.023259
-0.069824 0.072632 -0.013672 -0.135759 0.141217 -0.026582
-0.067139 0.055908 -0.015869 -0.130537 0.108702 -0.030854
-0.065918 0.041626 -0.016968 -0.128164 0.080933 -0.032990
