0.099365 0.081543 -0.416138 0.193195 0.158543 -0.809093
0.062378 0.081909 -0.408691 0.121281 0.159255 -0.794615
0.036987 0.106323 -0.372070 0.071914 0.206723 -0.723413
0.054932 0.102539 -0.354614 0.106803 0.199366 -0.689474
0.108643 0.051514 -0.392090 0.211233 0.100158 -0.762337
0.182373 -0.008423 -0.511719 0.354586 -0.016376 -0.994930
0.255493 -0.063965 -0.722290 0.496753 -0.124366 -1.404342
0.321655 -0.102539 -1.002197 0.625392 -0.199366 -1.948564
0.385498 -0.123901 -1.331421 0.749521 -0.240900 -2.588670
0.446167 -0.142822 -1.679932 0.867479 -0.277688 -3.266277
0.500122 -0.150513 -2.001709 0.972383 -0.292641 -3.891906
0.539551 -0.164063 -2.276123 1.049044 -0.318985 -4.425447
0.557007 -0.206055 -2.495117 1.082984 -0.400630 -4.851235
0.546875 -0.248291 -2.653320 1.063285 -0.482750 -5.158828
0.527344 -0.262939 -2.742798 1.025310 -0.511231 -5.332799
0.508545 -0.243896 -2.763916 0.988760 -0.474206 -5.373859
0.492676 -0.207764 -2.700928 0.957905 -0.403953 -5.251391
0.482910 -0.149048 -2.543945 0.938918 -0.289792 -4.946172
0.478760 -0.062866 -2.319702 0.930849 -0.122230 -4.510178
0.463745 0.024658 -2.071777 0.901656 0.047943 -4.028139
0.435913 0.115356 -1.824585 0.847542 0.224287 -3.547525
0.402588 0.186890 -1.588623 0.782748 0.363368 -3.088747
0.367798 0.220825 -1.365479 0.715106 0.429349 -2.654888
0.328613 0.235352 -1.159058 0.638920 0.457592 -2.253546
0.284058 0.260254 -0.969727 0.552291 0.506009 -1.885431
0.243652 0.296509 -0.793823 0.473731 0.576500 -1.543424
0.214233 0.325317 -0.628418 0.416532 0.632512 -1.221828
0.196533 0.336182 -0.472656 0.382118 0.653635 -0.918982
0.186279 0.330566 -0.329712 0.362181 0.642717 -0.641056
0.174683 0.310303 -0.203247 0.339634 0.603319 -0.395172
0.149658 0.272339 -0.094849 0.290979 0.529506 -0.184413
0.096313 0.218750 0.002930 0.187261 0.425314 0.005696
0.014038 0.158936 0.095825 0.027294 0.309017 0.186312
-0.085327 0.104370 0.176636 -0.165901 0.202926 0.343431
-0.196045 0.070190 0.243408 -0.381168 0.136471 0.473257
-0.317627 0.059692 0.299316 -0.617559 0.116059 0.581958
-0.445801 0.053711 0.345337 -0.866767 0.104430 0.671436
-0.570923 0.025635 0.381104 -1.110041 0.049841 0.740976
-0.693970 -0.044922 0.411255 -1.349280 -0.087341 0.799599
-0.820435 -0.157837 0.435547 -1.595164 -0.306881 0.846830
-0.947510 -0.315186 0.424561 -1.842235 -0.612813 0.825469
-1.071045 -0.419312 0.405762 -2.082424 -0.815264 0.788919
-1.210205 -0.510986 0.411743 -2.352992 -0.993506 0.800549
-1.375000 -0.609863 0.424316 -2.673401 -1.185752 0.824995
-1.566406 -0.684448 0.411987 -3.045551 -1.330767 0.801023
-1.787842 -0.732422 0.382324 -3.476086 -1.424042 0.743350
-2.011353 -0.730957 0.337158 -3.910656 -1.421194 0.655534
-2.253174 -0.779297 0.286987 -4.380827 -1.515180 0.557987
-2.498535 -0.822388 0.234131 -4.857881 -1.598961 0.455219
-2.722534 -0.887207 0.197754 -5.293400 -1.724989 0.384491
-2.935913 -0.992432 0.198608 -5.708271 -1.929577 0.386153
-3.076050 -1.093140 0.222290 -5.980738 -2.125382 0.432197
-3.038574 -1.118164 0.213135 -5.907875 -2.174037 0.414396
-2.837646 -1.000610 0.145996 -5.517212 -1.945478 0.283859
-2.599854 -0.910522 0.065674 -5.054873 -1.770321 0.127689
-2.357544 -0.786011 0.026855 -4.583753 -1.528234 0.052215
-1.992554 -0.516113 0.003052 -3.874105 -1.003475 0.005934
-1.471558 -0.173950 -0.010742 -2.861137 -0.338210 -0.020886
-0.992920 0.038208 0.024170 -1.930526 0.074288 0.046993
-0.547485 0.356567 0.075684 -1.064471 0.693271 0.147151
-0.094727 0.714722 0.131836 -0.184176 1.389627 0.256328
0.241577 0.848267 0.203979 0.469696 1.649278 0.396596
0.398560 0.782104 0.275269 0.774916 1.520639 0.535202
0.390137 0.643188 0.314209 0.758540 1.250546 0.610914
0.253052 0.486206 0.280273 0.492006 0.945326 0.544933
0.077393 0.351929 0.166016 0.150474 0.684252 0.322783
-0.085571 0.270874 -0.003906 -0.166376 0.526658 -0.007595
-0.185669 0.215454 -0.139771 -0.360995 0.418906 -0.271755
-0.186890 0.163208 -0.189453 -0.363368 0.317324 -0.368352
-0.119873 0.095093 -0.184204 -0.233068 0.184888 -0.358146
-0.042358 0.029053 -0.166992 -0.082357 0.056487 -0.324682
0.012207 -0.000366 -0.152588 0.023734 -0.000712 -0.296675
0.035278 0.004639 -0.141846 0.068591 0.009019 -0.275789
0.030273 0.008301 -0.125854 0.058860 0.016139 -0.244698
0.006958 -0.019531 -0.102783 0.013528 -0.037974 -0.199841
-0.018311 -0.050781 -0.082520 -0.035601 -0.098734 -0.160442
-0.039307 -0.057617 -0.063354 -0.076424 -0.112025 -0.123180
-0.053955 -0.044678 -0.043213 -0.104904 -0.086867 -0.084018
-0.054688 -0.029297 -0.028564 -0.106328 -0.056962 -0.055538
-0.041626 -0.031860 -0.021851 -0.080933 -0.061946 -0.042484
-0.023438 -0.052002 -0.017334 -0.045569 -0.101107 -0.033702
-0.009766 -0.073853 -0.011108 -0.018987 -0.143591 -0.021598
-0.001831 -0.090210 -0.005737 -0.003560 -0.175394 -0.011155
0.000000 -0.096313 0.002075 0.000000 -0.187261 0.004035
-0.008179 -0.090942 0.018066 -0.015902 -0.176819 0.035126
-0.021729 -0.076294 0.041504 -0.042247 -0.148338 0.080696
-0.033569 -0.057617 0.065063 -0.065269 -0.112025 0.126502
-0.050659 -0.038818 0.087524 -0.098496 -0.075474 0.170173
-0.072754 -0.017578 0.103760 -0.141455 -0.034177 0.201739
-0.096802 -0.015869 0.106201 -0.188211 -0.030854 0.206486
-0.117065 -0.061157 0.089722 -0.227609 -0.118907 0.174445
-0.105957 -0.111084 0.063354 -0.206011 -0.215980 0.123180
-0.065063 -0.147339 0.040283 -0.126502 -0.286470 0.078322
-0.015259 -0.170166 0.027832 -0.029668 -0.330852 0.054114
0.032837 -0.162354 0.026245 0.063845 -0.315663 0.051028
0.065552 -0.129150 0.036499 0.127452 -0.251106 0.070965
0.081055 -0.088013 0.052979 0.157594 -0.171122 0.103006
0.080811 -0.055786 0.069824 0.157119 -0.108465 0.135759
0.066040 -0.030884 0.084351 0.128401 -0.060047 0.164002
0.049194 -0.004517 0.093750 0.095648 -0.008782 0.182277
0.041260 0.018311 0.097168 0.080221 0.035601 0.188923
0.042969 0.036255 0.094727 0.083544 0.070490 0.184176
0.049194 0.057007 0.089844 0.095648 0.110838 0.174682
0.057007 0.082520 0.082764 0.110838 0.160442 0.160917
0.067993 0.107910 0.074829 0.132199 0.209809 0.145490
0.079224 0.120605 0.066406 0.154034 0.234492 0.129113
0.085205 0.124146 0.053223 0.165664 0.241375 0.103480
0.084961 0.124634 0.036011 0.165189 0.242324 0.070015
0.083740 0.120850 0.020264 0.162815 0.234967 0.039398
0.077271 0.119263 0.014160 0.150236 0.231881 0.027531
0.061646 0.112305 0.012695 0.119857 0.218353 0.024683
0.046997 0.100708 0.007202 0.091376 0.195806 0.014003
0.043091 0.094360 0.000488 0.083781 0.183464 0.000949
0.052124 0.091553 -0.004150 0.101344 0.178005 -0.008070
0.070801 0.083374 -0.006714 0.137657 0.162103 -0.013054
0.095215 0.057129 -0.005127 0.185125 0.111075 -0.009968
0.112671 0.023560 0.003662 0.219065 0.045807 0.007120
0.102661 -0.004272 0.014404 0.199603 -0.008307 0.028006
0.058594 -0.035278 0.017822 0.113923 -0.068591 0.034652
0.010254 -0.061035 0.009277 0.019937 -0.118670 0.018038
-0.009888 -0.058960 -0.010010 -0.019225 -0.114635 -0.019462
0.001831 -0.029907 -0.028809 0.003560 -0.058148 -0.056012
0.036133 0.012817 -0.040405 0.070253 0.024921 -0.078560
0.072632 0.063110 -0.049561 0.141217 0.122705 -0.096360
0.097534 0.122070 -0.043335 0.189635 0.237340 -0.084256
0.110352 0.173218 -0.033203 0.214556 0.336786 -0.064557
0.117798 0.203125 -0.027100 0.229033 0.394934 -0.052690
0.118164 0.205933 -0.026733 0.229745 0.400393 -0.051978
0.108521 0.207520 -0.034668 0.210996 0.403478 -0.067405
0.096069 0.236694 -0.041504 0.186787 0.460203 -0.080696
0.092407 0.270386 -0.040405 0.179667 0.525709 -0.078560
0.097656 0.296387 -0.037354 0.189872 0.576262 -0.072626
0.108154 0.336426 -0.037964 0.210283 0.654110 -0.073813
0.116455 0.372681 -0.039307 0.226423 0.724600 -0.076424
0.120361 0.385498 -0.041626 0.234018 0.749521 -0.080933
0.118042 0.378662 -0.049438 0.229508 0.736230 -0.096123
0.100220 0.347412 -0.062744 0.194856 0.675470 -0.121993
0.066650 0.284302 -0.080322 0.129588 0.552766 -0.156170
0.031982 0.200684 -0.100464 0.062183 0.390187 -0.195331
0.004883 0.129395 -0.117432 0.009494 0.251581 -0.228321
-0.013794 0.096436 -0.124512 -0.026819 0.187499 -0.242087
-0.018799 0.092529 -0.118408 -0.036550 0.179904 -0.230220
-0.009155 0.096191 -0.099854 -0.017801 0.187024 -0.194144
0.005005 0.110107 -0.077759 0.009731 0.214081 -0.151186
0.018921 0.135864 -0.058594 0.036788 0.264160 -0.113923
0.032715 0.162354 -0.040771 0.063607 0.315663 -0.079272
0.031006 0.176025 -0.028931 0.060284 0.342245 -0.056250
0.005249 0.169312 -0.028809 0.010206 0.329191 -0.056012
-0.024414 0.154785 -0.037354 -0.047468 0.300947 -0.072626
-0.047485 0.134033 -0.042969 -0.092325 0.260600 -0.083544
