0.220825 0.348755 -0.264282 0.429349 0.678081 -0.513842
0.199707 0.298950 -0.264282 0.388289 0.581246 -0.513842
0.157104 0.267944 -0.227295 0.305457 0.520962 -0.441928
0.092651 0.217041 -0.161743 0.180141 0.421991 -0.314476
0.009277 0.154541 -0.075073 0.018038 0.300473 -0.145964
-0.077759 0.090088 0.009399 -0.151186 0.175157 0.018275
-0.150513 0.034302 0.074951 -0.292641 0.066693 0.145727
-0.197876 -0.011108 0.112671 -0.384729 -0.021598 0.219065
-0.222046 -0.056519 0.121216 -0.431722 -0.109889 0.235679
-0.234375 -0.120605 0.101074 -0.455693 -0.234492 0.196518
-0.247559 -0.182861 0.057373 -0.481326 -0.355536 0.111550
-0.271118 -0.265747 0.009033 -0.527133 -0.516690 0.017563
-0.295776 -0.339722 -0.034180 -0.575076 -0.660518 -0.066455
-0.313965 -0.355957 -0.076416 -0.610439 -0.692084 -0.148575
-0.331421 -0.301147 -0.111938 -0.644379 -0.585518 -0.217641
-0.347412 -0.210327 -0.132690 -0.675470 -0.408937 -0.257989
-0.361572 -0.115356 -0.131592 -0.703002 -0.224287 -0.255853
-0.379639 -0.055542 -0.101318 -0.738128 -0.107990 -0.196992
-0.395508 -0.056274 -0.042725 -0.768983 -0.109414 -0.083069
-0.403442 -0.128784 0.051392 -0.784410 -0.250394 0.099920
-0.430542 -0.260132 0.181519 -0.837099 -0.505772 0.352925
-0.494263 -0.395508 0.343872 -0.960991 -0.768983 0.668588
-0.583862 -0.445557 0.556152 -1.135199 -0.866292 1.081322
-0.660278 -0.391968 0.798828 -1.283774 -0.762100 1.553155
-0.727417 -0.342407 1.027710 -1.414311 -0.665739 1.998168
-0.777466 -0.315308 1.237061 -1.511620 -0.613050 2.405206
-0.806030 -0.288574 1.446655 -1.567158 -0.561072 2.812720
-0.828491 -0.320923 1.651855 -1.610829 -0.623968 3.211689
-0.855225 -0.393188 1.852783 -1.662806 -0.764473 3.602351
-0.879517 -0.448242 2.067993 -1.710037 -0.871514 4.020782
-0.903442 -0.484619 2.273438 -1.756555 -0.942241 4.420226
-0.919922 -0.486572 2.421509 -1.788596 -0.946038 4.708119
-0.920288 -0.444824 2.464600 -1.789308 -0.864868 4.791900
-0.908203 -0.366943 2.375732 -1.765812 -0.713445 4.619117
-0.881348 -0.238403 2.165527 -1.713597 -0.463526 4.210417
-0.840210 -0.108765 1.871582 -1.633613 -0.211470 3.638901
-0.750610 -0.041748 1.520630 -1.459405 -0.081170 2.956548
-0.618286 -0.060059 1.188477 -1.202129 -0.116771 2.310745
-0.482788 -0.121582 0.918335 -0.938681 -0.236391 1.785511
-0.362061 -0.170654 0.705933 -0.703951 -0.331802 1.372539
-0.266724 -0.181641 0.528687 -0.518589 -0.353162 1.027921
-0.203369 -0.192871 0.386108 -0.395409 -0.374998 0.750707
-0.177368 -0.194214 0.275024 -0.344855 -0.377608 0.534728
-0.192749 -0.174072 0.193237 -0.374760 -0.338447 0.375710
-0.246582 -0.142822 0.125854 -0.479427 -0.277688 0.244698
-0.317871 -0.111206 0.069336 -0.618034 -0.216217 0.134809
-0.375977 -0.092896 0.026367 -0.731008 -0.180616 0.051266
-0.406250 -0.087524 -0.021484 -0.789868 -0.170173 -0.041772
-0.408325 -0.080933 -0.093750 -0.793903 -0.157357 -0.182277
-0.391968 -0.054443 -0.187134 -0.762100 -0.105854 -0.363843
-0.366333 -0.011230 -0.289795 -0.712258 -0.021835 -0.563446
-0.330566 0.040771 -0.396484 -0.642717 0.079272 -0.770881
-0.286011 0.096924 -0.493042 -0.556088 0.188448 -0.958617
-0.244995 0.154297 -0.570557 -0.476342 0.299998 -1.109329
-0.235962 0.193604 -0.641602 -0.458779 0.376422 -1.247460
-0.269409 0.212646 -0.720093 -0.523810 0.413447 -1.400070
-0.316895 0.218506 -0.793091 -0.616135 0.424839 -1.542000
-0.346191 0.222046 -0.862305 -0.673097 0.431722 -1.676572
-0.353760 0.224121 -0.945923 -0.687812 0.435757 -1.839150
-0.346191 0.259155 -1.038452 -0.673097 0.503873 -2.019054
-0.337280 0.303955 -1.140381 -0.655771 0.590977 -2.217233
-0.332031 0.332886 -1.238647 -0.645566 0.647227 -2.408292
-0.321533 0.364014 -1.320923 -0.625154 0.707749 -2.568259
-0.316528 0.393921 -1.391724 -0.615423 0.765897 -2.705917
-0.321411 0.404907 -1.455322 -0.624917 0.787258 -2.829571
-0.319824 0.407471 -1.503906 -0.621832 0.792242 -2.924032
-0.320435 0.390625 -1.530029 -0.623018 0.759489 -2.974823
-0.320068 0.355957 -1.520264 -0.622306 0.692084 -2.955836
-0.320679 0.296509 -1.473267 -0.623493 0.576500 -2.864460
-0.323242 0.243530 -1.387939 -0.628477 0.473494 -2.698559
-0.316772 0.222656 -1.276367 -0.615898 0.432909 -2.481630
-0.301514 0.235229 -1.151001 -0.586231 0.457355 -2.237882
-0.289795 0.262329 -1.015015 -0.563446 0.510044 -1.973485
-0.289551 0.285522 -0.873413 -0.562971 0.555139 -1.698170
-0.291992 0.300781 -0.743774 -0.567718 0.584806 -1.446114
-0.284058 0.298706 -0.640381 -0.552291 0.580772 -1.245087
-0.261719 0.276855 -0.558105 -0.508858 0.538288 -1.085120
-0.235718 0.239990 -0.480103 -0.458304 0.466611 -0.933459
-0.209473 0.187744 -0.390991 -0.407276 0.365029 -0.760201
-0.179443 0.131348 -0.321533 -0.348890 0.255378 -0.625154
-0.145142 0.090942 -0.254517 -0.282198 0.176819 -0.494854
-0.122681 0.050171 -0.181030 -0.238527 0.097547 -0.351976
-0.122070 0.010010 -0.101074 -0.237340 0.019462 -0.196518
-0.124634 -0.019409 -0.020508 -0.242324 -0.037737 -0.039873
-0.122681 -0.033569 0.046753 -0.238527 -0.065269 0.090901
-0.121948 -0.017944 0.094727 -0.237103 -0.034889 0.184176
-0.124146 0.004028 0.132202 -0.241375 0.007832 0.257040
-0.132202 0.001953 0.161377 -0.257040 0.003797 0.313764
-0.141968 -0.016968 0.176758 -0.276027 -0.032990 0.343669
-0.139771 -0.037476 0.177979 -0.271755 -0.072863 0.346042
-0.120483 -0.052734 0.171997 -0.234255 -0.102531 0.334412
-0.088623 -0.052734 0.156860 -0.172309 -0.102531 0.304982
-0.054932 -0.048096 0.137573 -0.106803 -0.093512 0.267482
-0.030151 -0.032471 0.122070 -0.058623 -0.063133 0.237340
-0.023804 -0.015259 0.109009 -0.046281 -0.029668 0.211945
-0.032715 -0.001465 0.094604 -0.063607 -0.002848 0.183939
-0.044434 0.017456 0.083618 -0.086392 0.033940 0.162578
-0.055298 0.036987 0.076904 -0.107515 0.071914 0.149524
-0.065063 0.051514 0.073608 -0.126502 0.100158 0.143116
-0.073364 0.062256 0.074585 -0.142642 0.121044 0.145015
-0.077271 0.058350 0.074829 -0.150236 0.113449 0.145490
-0.077515 0.041260 0.073975 -0.150711 0.080221 0.143828
-0.082764 0.017334 0.072144 -0.160917 0.033702 0.140268
-0.092285 -0.009277 0.073853 -0.179429 -0.018038 0.143591
-0.098389 -0.029053 0.079590 -0.191296 -0.056487 0.154746
-0.101563 -0.041138 0.084351 -0.197467 -0.079984 0.164002
-0.107300 -0.042236 0.081665 -0.208622 -0.082120 0.158781
-0.114624 -0.026733 0.069580 -0.222863 -0.051978 0.135284
-0.117188 -0.011963 0.049561 -0.227847 -0.023259 0.096360
-0.116211 -0.004639 0.032349 -0.225948 -0.009019 0.062895
-0.116577 -0.010376 0.023682 -0.226660 -0.020174 0.046044
-0.118652 -0.021851 0.019043 -0.230695 -0.042484 0.037025
-0.118164 -0.033691 0.016235 -0.229745 -0.065506 0.031566
-0.114380 -0.043213 0.017700 -0.222388 -0.084018 0.034414
-0.111694 -0.049683 0.019653 -0.217166 -0.096597 0.038212
-0.107788 -0.050293 0.017090 -0.209571 -0.097784 0.033228
-0.102051 -0.034302 0.012329 -0.198416 -0.066693 0.023971
-0.095581 -0.012817 0.009888 -0.185837 -0.024921 0.019225
-0.090210 0.002686 0.009888 -0.175394 0.005221 0.019225
-0.089233 0.007202 0.012207 -0.173496 0.014003 0.023734
-0.089844 0.008057 0.014771 -0.174682 0.015664 0.028718
-0.092163 0.009277 0.010010 -0.179192 0.018038 0.019462
-0.093994 0.011841 0.003174 -0.182752 0.023022 0.006171
-0.092773 0.012695 -0.004639 -0.180379 0.024683 -0.009019
-0.085327 0.004883 -0.008301 -0.165901 0.009494 -0.016139
-0.076294 -0.005859 -0.008545 -0.148338 -0.011392 -0.016614
-0.069946 -0.016235 -0.009155 -0.135996 -0.031566 -0.017801
-0.065552 -0.019897 -0.004639 -0.127452 -0.038686 -0.009019
-0.068115 -0.015503 0.002075 -0.132436 -0.030142 0.004035
-0.075195 -0.005981 0.011108 -0.146202 -0.011630 0.021598
-0.079224 0.004639 0.020996 -0.154034 0.009019 0.040823
-0.074097 0.008057 0.029053 -0.144066 0.015664 0.056487
-0.064453 0.005493 0.033691 -0.125316 0.010680 0.065506
-0.055664 0.001587 0.036133 -0.108227 0.003085 0.070253
-0.046631 0.002930 0.039917 -0.090664 0.005696 0.077610
-0.036621 0.004761 0.043945 -0.071202 0.009256 0.085443
-0.028198 0.003174 0.046143 -0.054826 0.006171 0.089715
-0.023926 -0.000854 0.047241 -0.046519 -0.001661 0.091851
-0.024048 -0.005249 0.043823 -0.046756 -0.010206 0.085205
-0.022339 -0.002197 0.041260 -0.043433 -0.004272 0.080221
-0.021240 0.008057 0.042725 -0.041297 0.015664 0.083069
-0.025024 0.007446 0.044556 -0.048655 0.014478 0.086629
-0.034180 -0.001343 0.045654 -0.066455 -0.002611 0.088765
-0.046387 -0.011597 0.041748 -0.090189 -0.022547 0.081170
-0.055908 -0.019531 0.035034 -0.108702 -0.037974 0.068117
-0.058716 -0.018677 0.028687 -0.114161 -0.036313 0.055775
-0.060547 -0.012451 0.024048 -0.117721 -0.024209 0.046756
-0.064087 -0.005981 0.026123 -0.124604 -0.011630 0.050791
-0.067383 -0.000488 0.032837 -0.131012 -0.000949 0.063845
-0.071533 0.005737 0.038696 -0.139081 0.011155 0.075237
