-0.151611 0.225464 -0.181641 -0.294777 0.438368 -0.353162
-0.213257 0.183350 -0.167847 -0.414633 0.356485 -0.326343
-0.261597 0.156982 -0.135254 -0.508620 0.305220 -0.262973
-0.302612 0.085205 -0.102295 -0.588367 0.165664 -0.198891
-0.335938 -0.019775 -0.082275 -0.653160 -0.038449 -0.159967
-0.361328 -0.141113 -0.072754 -0.702527 -0.274365 -0.141455
-0.385742 -0.257935 -0.050537 -0.749995 -0.501500 -0.098259
-0.462646 -0.376953 0.014404 -0.899520 -0.732907 0.028006
-0.603027 -0.470215 0.134644 -1.172461 -0.914235 0.261786
-0.780518 -0.543457 0.307007 -1.517554 -1.056639 0.596911
-0.947388 -0.588867 0.518066 -1.841998 -1.144930 1.007272
-1.064819 -0.596436 0.754761 -2.070319 -1.159645 1.467475
-1.131958 -0.600708 0.990967 -2.200856 -1.167952 1.926728
-1.171143 -0.594727 1.210449 -2.277043 -1.156322 2.353466
-1.188232 -0.554077 1.423828 -2.310270 -1.077288 2.768337
-1.176514 -0.502441 1.600098 -2.287486 -0.976893 3.111057
-1.110352 -0.436890 1.738770 -2.158847 -0.849441 3.380675
-1.013306 -0.403442 1.851074 -1.970162 -0.784410 3.599028
-0.929077 -0.402588 1.963135 -1.806397 -0.782748 3.816906
-0.875366 -0.375366 2.062988 -1.701967 -0.729821 4.011051
-0.844604 -0.312622 2.105225 -1.642157 -0.607828 4.093171
-0.825684 -0.230103 2.062988 -1.605370 -0.447386 4.011051
-0.802856 -0.158569 1.949707 -1.560987 -0.308305 3.790799
-0.758423 -0.116455 1.784668 -1.474595 -0.226423 3.469915
-0.673950 -0.086670 1.576660 -1.310356 -0.168512 3.065487
-0.538574 -0.152100 1.365601 -1.047145 -0.295726 2.655126
-0.362793 -0.230469 1.186035 -0.705375 -0.448098 2.305998
-0.173828 -0.269043 1.032959 -0.337973 -0.523098 2.008373
-0.018188 -0.296875 0.899780 -0.035364 -0.577212 1.749435
0.084961 -0.324707 0.777954 0.165189 -0.631325 1.512570
0.133423 -0.332275 0.658569 0.259413 -0.646040 1.280451
0.123779 -0.286987 0.539673 0.240663 -0.557987 1.049281
0.065308 -0.184692 0.414429 0.126977 -0.359096 0.805770
-0.024170 -0.048462 0.274780 -0.046993 -0.094224 0.534253
-0.123047 0.054321 0.124268 -0.239239 0.105616 0.241612
-0.197876 0.085815 -0.029297 -0.384729 0.166850 -0.056962
-0.228271 0.063965 -0.157715 -0.443826 0.124366 -0.306644
-0.223511 0.010742 -0.256714 -0.434570 0.020886 -0.499127
-0.198730 -0.030151 -0.334473 -0.386390 -0.058623 -0.650312
-0.170410 -0.030518 -0.399414 -0.331327 -0.059335 -0.776577
-0.152222 0.005737 -0.447998 -0.295963 0.011155 -0.871039
-0.151611 0.059448 -0.484253 -0.294777 0.115585 -0.941529
-0.165161 0.111084 -0.513550 -0.321121 0.215980 -0.998491
-0.188232 0.153687 -0.541138 -0.365979 0.298811 -1.052130
-0.220825 0.178223 -0.569702 -0.429349 0.346517 -1.107667
-0.255127 0.194214 -0.603516 -0.496041 0.377608 -1.173410
-0.281494 0.207031 -0.650635 -0.547307 0.402529 -1.265024
-0.293213 0.217529 -0.714478 -0.570091 0.422940 -1.389153
-0.294678 0.226440 -0.785767 -0.572939 0.440266 -1.527759
-0.306519 0.231812 -0.856689 -0.595961 0.450709 -1.665654
-0.319214 0.251587 -0.951172 -0.620645 0.489158 -1.849355
-0.331909 0.290039 -1.054810 -0.645328 0.563920 -2.050857
-0.349365 0.346680 -1.154053 -0.679268 0.674046 -2.243815
-0.358765 0.384399 -1.243774 -0.697543 0.747385 -2.418260
-0.357178 0.418213 -1.311157 -0.694458 0.813128 -2.549272
-0.354004 0.433960 -1.352661 -0.688287 0.843745 -2.629968
-0.358032 0.421997 -1.375244 -0.696119 0.820485 -2.673876
-0.360229 0.394897 -1.375854 -0.700391 0.767796 -2.675062
-0.349487 0.353760 -1.351685 -0.679505 0.687812 -2.628069
-0.316528 0.298462 -1.296753 -0.615423 0.580297 -2.521266
-0.272095 0.235229 -1.205200 -0.529032 0.457355 -2.343261
-0.238647 0.179443 -1.091064 -0.464000 0.348890 -2.121347
-0.223267 0.153564 -0.986206 -0.434095 0.298574 -1.917472
-0.218994 0.169556 -0.903320 -0.425788 0.329666 -1.756318
-0.220093 0.226318 -0.830444 -0.427925 0.440029 -1.614626
-0.223389 0.293213 -0.755127 -0.434333 0.570091 -1.468187
-0.222412 0.325317 -0.677734 -0.432434 0.632512 -1.317713
-0.210815 0.304932 -0.592041 -0.409887 0.592876 -1.151100
-0.194946 0.248901 -0.498779 -0.379032 0.483937 -0.969772
-0.179321 0.180054 -0.403931 -0.348653 0.350077 -0.785359
-0.162842 0.114136 -0.312012 -0.316612 0.221913 -0.606642
-0.148804 0.065918 -0.223022 -0.289318 0.128164 -0.433621
-0.139648 0.041138 -0.151245 -0.271517 0.079984 -0.294065
-0.133911 0.046631 -0.098267 -0.260362 0.090664 -0.191059
-0.125488 0.053223 -0.071899 -0.243986 0.103480 -0.139793
-0.121094 0.044556 -0.059692 -0.235442 0.086629 -0.116059
-0.122803 0.027954 -0.052368 -0.238764 0.054351 -0.101819
-0.111450 0.020630 -0.045288 -0.216692 0.040111 -0.088053
-0.091797 0.021118 -0.035767 -0.178480 0.041060 -0.069541
-0.084839 0.024414 -0.016235 -0.164952 0.047468 -0.031566
-0.088501 0.026001 0.009033 -0.172072 0.050553 0.017563
-0.093750 0.028198 0.032227 -0.182277 0.054826 0.062658
-0.102783 0.025757 0.051636 -0.199841 0.050079 0.100395
-0.105713 0.038696 0.062988 -0.205537 0.075237 0.122468
-0.091797 0.045776 0.051514 -0.178480 0.089003 0.100158
-0.081055 0.032959 0.027832 -0.157594 0.064082 0.054114
-0.075684 0.029663 0.004517 -0.147151 0.057674 0.008782
-0.072144 0.030762 -0.009644 -0.140268 0.059810 -0.018750
-0.071289 0.037720 -0.011475 -0.138607 0.073338 -0.022310
-0.074585 0.051880 -0.008667 -0.145015 0.100870 -0.016851
-0.080322 0.063843 -0.004028 -0.156170 0.124129 -0.007832
-0.085571 0.069214 0.002930 -0.166376 0.134572 0.005696
-0.088623 0.062012 0.012451 -0.172309 0.120569 0.024209
-0.091187 0.049683 0.019531 -0.177293 0.096597 0.037974
-0.095337 0.039185 0.021851 -0.185363 0.076186 0.042484
-0.104614 0.028931 0.019653 -0.203401 0.056250 0.038212
-0.115845 0.018188 0.012451 -0.225236 0.035364 0.024209
-0.124878 0.002808 0.000366 -0.242799 0.005459 0.000712
-0.130737 -0.012329 -0.013672 -0.254191 -0.023971 -0.026582
-0.135132 -0.022095 -0.021362 -0.262736 -0.042959 -0.041535
-0.137085 -0.022095 -0.021118 -0.266533 -0.042959 -0.041060
-0.137817 -0.011719 -0.014160 -0.267957 -0.022785 -0.027531
-0.139771 0.001343 -0.005005 -0.271755 0.002611 -0.009731
-0.141602 0.003174 0.003662 -0.275315 0.006171 0.007120
-0.135010 -0.003296 0.009644 -0.262498 -0.006408 0.018750
-0.124146 -0.003784 0.011597 -0.241375 -0.007358 0.022547
-0.116333 0.002441 0.006104 -0.226185 0.004747 0.011867
-0.113525 -0.000122 -0.004150 -0.220726 -0.000237 -0.008070
-0.111084 -0.016357 -0.011719 -0.215980 -0.031804 -0.022785
-0.110352 -0.039185 -0.013062 -0.214556 -0.076186 -0.025395
-0.109863 -0.052856 -0.013794 -0.213606 -0.102768 -0.026819
-0.109253 -0.048462 -0.017212 -0.212420 -0.094224 -0.033465
-0.109497 -0.034668 -0.017212 -0.212894 -0.067405 -0.033465
-0.109741 -0.019531 -0.010376 -0.213369 -0.037974 -0.020174
-0.106567 -0.004272 -0.000610 -0.207198 -0.008307 -0.001187
-0.104736 0.006104 0.003418 -0.203638 0.011867 0.006646
-0.106201 0.004150 0.002930 -0.206486 0.008070 0.005696
-0.107422 -0.008301 0.001587 -0.208859 -0.016139 0.003085
-0.103149 -0.016602 0.001587 -0.200553 -0.032278 0.003085
-0.100830 -0.016968 0.000000 -0.196043 -0.032990 0.000000
-0.105957 -0.008789 -0.003418 -0.206011 -0.017089 -0.006646
-0.119385 -0.000977 -0.009155 -0.232119 -0.001899 -0.017801
-0.129517 -0.002075 -0.020020 -0.251818 -0.004035 -0.038924
-0.127808 -0.006592 -0.027710 -0.248495 -0.012816 -0.053876
-0.116455 -0.011963 -0.026611 -0.226423 -0.023259 -0.051740
-0.101685 -0.020264 -0.018921 -0.197704 -0.039398 -0.036788
-0.087280 -0.025269 -0.012451 -0.169698 -0.049129 -0.024209
-0.079224 -0.022095 -0.012573 -0.154034 -0.042959 -0.024446
-0.073975 -0.021484 -0.015747 -0.143828 -0.041772 -0.030617
-0.067261 -0.021484 -0.018677 -0.130774 -0.041772 -0.036313
-0.061890 -0.018066 -0.017334 -0.120332 -0.035126 -0.033702
-0.058960 -0.015503 -0.011963 -0.114635 -0.030142 -0.023259
-0.057739 -0.010132 -0.007446 -0.112262 -0.019699 -0.014478
-0.061401 -0.003418 -0.005371 -0.119382 -0.006646 -0.010443
-0.068359 0.002075 -0.006226 -0.132911 0.004035 -0.012104
-0.072998 0.007690 -0.010010 -0.141929 0.014952 -0.019462
-0.073120 0.000610 -0.014038 -0.142167 0.001187 -0.027294
-0.073608 -0.013062 -0.017578 -0.143116 -0.025395 -0.034177
-0.072754 -0.021118 -0.015747 -0.141455 -0.041060 -0.030617
-0.072144 -0.019897 -0.009155 -0.140268 -0.038686 -0.017801
-0.074463 -0.017090 -0.001099 -0.144778 -0.033228 -0.002136
-0.077515 -0.009277 0.006226 -0.150711 -0.018038 0.012104
-0.078613 0.000366 0.012817 -0.152847 0.000712 0.024921
-0.077637 0.001099 0.019287 -0.150948 0.002136 0.037500
-0.077759 -0.009888 0.022949 -0.151186 -0.019225 0.044620
-0.078613 -0.020752 0.023315 -0.152847 -0.040348 0.045332
-0.080444 -0.019409 0.020386 -0.156407 -0.037737 0.039636
-0.084595 -0.017822 0.015015 -0.164477 -0.034652 0.029193
-0.084473 -0.019043 0.011719 -0.164239 -0.037025 0.022785
-0.081421 -0.023926 0.013794 -0.158306 -0.046519 0.026819
