0.102783 0.576416 -0.511841 0.199841 1.120721 -0.995168
0.086060 0.476929 -0.484741 0.167325 0.927288 -0.942478
0.047241 0.355957 -0.411011 0.091851 0.692084 -0.799125
0.006104 0.216675 -0.307983 0.011867 0.421279 -0.598810
-0.052124 0.117920 -0.196899 -0.101344 0.229271 -0.382830
-0.127319 0.068237 -0.086670 -0.247546 0.132673 -0.168512
-0.206055 0.050659 0.017456 -0.400630 0.098496 0.033940
-0.280396 0.036865 0.114990 -0.545171 0.071677 0.223575
-0.344727 0.005127 0.205933 -0.670249 0.009968 0.400393
-0.411499 -0.039917 0.290161 -0.800074 -0.077610 0.564158
-0.483765 -0.068604 0.375366 -0.940580 -0.133385 0.729821
-0.563965 -0.085205 0.470093 -1.096512 -0.165664 0.913997
-0.661255 -0.113525 0.578125 -1.285672 -0.220726 1.124044
-0.774414 -0.156860 0.697144 -1.505687 -0.304982 1.355450
-0.892578 -0.196655 0.827759 -1.735432 -0.382355 1.609404
-1.006226 -0.236450 0.981201 -1.956396 -0.459728 1.907741
-1.114990 -0.303223 1.159180 -2.167866 -0.589553 2.253783
-1.233765 -0.387451 1.355835 -2.398798 -0.753318 2.636138
-1.357300 -0.461304 1.555176 -2.638987 -0.896909 3.023715
-1.468628 -0.503296 1.732056 -2.855441 -0.978554 3.367621
-1.565796 -0.545410 1.873169 -3.044364 -1.060436 3.641987
-1.617920 -0.600586 1.980957 -3.145708 -1.167714 3.851558
-1.593140 -0.638306 2.047241 -3.097528 -1.241052 3.980434
-1.489868 -0.611084 2.046387 -2.896738 -1.188125 3.978773
-1.318970 -0.511475 1.948120 -2.564462 -0.994456 3.787714
-1.125732 -0.356445 1.758667 -2.188752 -0.693034 3.419362
-0.940552 -0.189209 1.533569 -1.828707 -0.367877 2.981706
-0.761963 -0.072388 1.307617 -1.481478 -0.140743 2.542389
-0.597656 0.000000 1.111816 -1.162018 0.000000 2.161695
-0.466309 0.064331 0.955444 -0.906640 0.125078 1.857662
-0.376587 0.122925 0.828735 -0.732195 0.239002 1.611303
-0.328491 0.154053 0.734619 -0.638683 0.299523 1.428314
-0.299927 0.148315 0.667114 -0.583145 0.288368 1.297065
-0.273804 0.106445 0.611572 -0.532354 0.206961 1.189075
-0.253662 0.021729 0.553101 -0.493193 0.042247 1.075389
-0.234741 -0.061157 0.484863 -0.456405 -0.118907 0.942716
-0.205566 -0.135986 0.402100 -0.399681 -0.264397 0.781799
-0.169800 -0.190186 0.315918 -0.330140 -0.369776 0.614237
-0.144043 -0.203979 0.230713 -0.280062 -0.396596 0.448573
-0.136719 -0.188965 0.154053 -0.265821 -0.367403 0.299523
-0.158081 -0.170166 0.075439 -0.307356 -0.330852 0.146676
-0.187012 -0.135864 0.005737 -0.363605 -0.264160 0.011155
-0.205933 -0.095459 -0.050049 -0.400393 -0.185600 -0.097310
-0.210083 -0.067139 -0.101074 -0.408463 -0.130537 -0.196518
-0.195313 -0.046387 -0.156982 -0.379744 -0.090189 -0.305220
-0.171143 -0.026489 -0.219604 -0.332751 -0.051503 -0.426975
-0.149170 0.009033 -0.287598 -0.290030 0.017563 -0.559174
-0.136353 0.057495 -0.360107 -0.265109 0.111787 -0.700154
-0.139282 0.103516 -0.431274 -0.270805 0.201265 -0.838523
-0.155518 0.136841 -0.496460 -0.302372 0.266058 -0.965263
-0.184448 0.151245 -0.560913 -0.358621 0.294065 -1.090579
-0.229004 0.144775 -0.635010 -0.445250 0.281486 -1.234644
-0.253418 0.137329 -0.705811 -0.492718 0.267008 -1.372302
-0.247192 0.134644 -0.786011 -0.480614 0.261786 -1.528234
-0.227661 0.138184 -0.871338 -0.442640 0.268669 -1.694135
-0.210083 0.152344 -0.958740 -0.408463 0.296201 -1.864071
-0.190063 0.181641 -1.052002 -0.369539 0.353162 -2.045398
-0.165039 0.212280 -1.145752 -0.320884 0.412735 -2.227676
-0.150024 0.224854 -1.234741 -0.291691 0.437181 -2.400697
-0.157104 0.251465 -1.303101 -0.305457 0.488921 -2.533607
-0.186035 0.261597 -1.343750 -0.361707 0.508620 -2.612642
-0.219482 0.268921 -1.355103 -0.426738 0.522861 -2.634715
-0.246826 0.277588 -1.346924 -0.479902 0.539712 -2.618813
-0.272095 0.295776 -1.319458 -0.529032 0.575076 -2.565411
-0.281982 0.322388 -1.279419 -0.548256 0.626816 -2.487564
-0.260254 0.358521 -1.228760 -0.506009 0.697068 -2.389067
-0.211426 0.377441 -1.166992 -0.411073 0.733856 -2.268973
-0.149292 0.380005 -1.103271 -0.290267 0.738840 -2.145082
-0.087524 0.359741 -1.054199 -0.170173 0.699442 -2.049671
-0.036987 0.330566 -1.023560 -0.071914 0.642717 -1.990098
-0.014404 0.304565 -0.988770 -0.028006 0.592164 -1.922456
-0.027100 0.253784 -0.931152 -0.052690 0.493430 -1.810432
-0.061157 0.192871 -0.848389 -0.118907 0.374998 -1.649515
-0.101318 0.119263 -0.715576 -0.196992 0.231881 -1.391289
-0.130371 0.059082 -0.573975 -0.253479 0.114873 -1.115974
-0.151123 0.017456 -0.419800 -0.293827 0.033940 -0.816213
-0.162354 -0.003540 -0.262085 -0.315663 -0.006883 -0.509570
-0.162598 -0.005371 -0.117920 -0.316137 -0.010443 -0.229271
-0.149414 0.009766 -0.001709 -0.290505 0.018987 -0.003323
-0.122192 0.041138 0.072144 -0.237578 0.079984 0.140268
-0.110962 0.072021 0.110352 -0.215742 0.140031 0.214556
-0.099609 0.108521 0.104126 -0.193670 0.210996 0.202451
-0.084961 0.089478 0.070068 -0.165189 0.173970 0.136233
-0.079102 0.047363 0.037598 -0.153797 0.092088 0.073101
-0.071289 0.017578 0.017334 -0.138607 0.034177 0.033702
-0.071777 -0.013062 0.010010 -0.139556 -0.025395 0.019462
-0.076782 -0.020752 0.012085 -0.149287 -0.040348 0.023497
-0.077026 -0.028320 0.020142 -0.149762 -0.055063 0.039161
-0.075806 -0.036987 0.034180 -0.147388 -0.071914 0.066455
-0.075317 -0.034912 0.042725 -0.146439 -0.067879 0.083069
-0.080444 -0.027588 0.042236 -0.156407 -0.053639 0.082120
-0.085938 -0.019287 0.036255 -0.167088 -0.037500 0.070490
-0.086548 -0.014282 0.029907 -0.168274 -0.027769 0.058148
-0.080200 -0.003784 0.024414 -0.155933 -0.007358 0.047468
-0.071899 0.010254 0.025391 -0.139793 0.019937 0.049367
-0.064941 0.016235 0.032715 -0.126265 0.031566 0.063607
-0.061401 0.013306 0.038330 -0.119382 0.025870 0.074525
-0.061768 0.014160 0.038086 -0.120094 0.027531 0.074050
-0.063110 0.014404 0.034302 -0.122705 0.028006 0.066693
-0.061157 0.013062 0.032227 -0.118907 0.025395 0.062658
-0.060913 0.007813 0.032959 -0.118433 0.015190 0.064082
-0.064819 -0.010742 0.035034 -0.126028 -0.020886 0.068117
-0.067871 -0.037842 0.036133 -0.131961 -0.073575 0.070253
-0.069702 -0.056519 0.037109 -0.135521 -0.109889 0.072151
-0.074707 -0.057129 0.036377 -0.145252 -0.111075 0.070727
-0.080078 -0.049927 0.030396 -0.155695 -0.097072 0.059098
-0.080322 -0.044189 0.020020 -0.156170 -0.085917 0.038924
-0.079468 -0.035889 0.008667 -0.154509 -0.069778 0.016851
-0.079102 -0.031250 0.002441 -0.153797 -0.060759 0.004747
-0.073486 -0.035522 0.003540 -0.142879 -0.069066 0.006883
-0.061523 -0.042725 0.007080 -0.119620 -0.083069 0.013766
-0.051025 -0.048950 0.009766 -0.099208 -0.095173 0.018987
-0.045410 -0.052368 0.014038 -0.088291 -0.101819 0.027294
-0.041870 -0.055298 0.019653 -0.081408 -0.107515 0.038212
-0.037842 -0.049194 0.023315 -0.073575 -0.095648 0.045332
-0.034180 -0.026855 0.024780 -0.066455 -0.052215 0.048180
-0.033081 -0.008667 0.027222 -0.064319 -0.016851 0.052927
-0.031738 -0.006714 0.030762 -0.061708 -0.013054 0.059810
-0.028198 -0.017578 0.034180 -0.054826 -0.034177 0.066455
-0.025757 -0.029175 0.034424 -0.050079 -0.056724 0.066930
-0.029175 -0.030884 0.028442 -0.056724 -0.060047 0.055300
-0.040771 -0.022705 0.018433 -0.079272 -0.044145 0.035838
-0.054321 -0.013916 0.011353 -0.105616 -0.027057 0.022073
-0.061768 -0.013550 0.008179 -0.120094 -0.026345 0.015902
-0.064575 -0.018311 0.007324 -0.125553 -0.035601 0.014240
-0.066406 -0.024902 0.007324 -0.129113 -0.048417 0.014240
-0.066895 -0.029175 0.007690 -0.130062 -0.056724 0.014952
-0.064697 -0.025757 0.008789 -0.125790 -0.050079 0.017089
-0.062378 -0.019531 0.014771 -0.121281 -0.037974 0.028718
-0.060547 -0.015747 0.026978 -0.117721 -0.030617 0.052452
-0.056274 -0.015015 0.038086 -0.109414 -0.029193 0.074050
-0.051636 -0.015015 0.040283 -0.100395 -0.029193 0.078322
-0.051147 -0.015747 0.036011 -0.099446 -0.030617 0.070015
-0.052856 -0.022461 0.031494 -0.102768 -0.043671 0.061234
-0.054932 -0.030640 0.028076 -0.106803 -0.059572 0.054588
-0.058838 -0.037720 0.023071 -0.114398 -0.073338 0.044857
-0.066650 -0.042603 0.016968 -0.129588 -0.082832 0.032990
-0.077881 -0.040771 0.009888 -0.151423 -0.079272 0.019225
-0.090576 -0.029419 0.003662 -0.176106 -0.057199 0.007120
-0.102295 -0.012817 -0.000244 -0.198891 -0.024921 -0.000475
-0.114624 0.002319 -0.000366 -0.222863 0.004509 -0.000712
-0.126099 0.004028 0.004028 -0.245173 0.007832 0.007832
-0.132446 -0.008545 0.007813 -0.257514 -0.016614 0.015190
-0.134033 -0.024048 0.007813 -0.260600 -0.046756 0.015190
-0.131104 -0.031494 0.004150 -0.254903 -0.061234 0.008070
-0.125366 -0.028564 -0.003174 -0.243748 -0.055538 -0.006171
-0.117065 -0.022217 -0.013672 -0.227609 -0.043196 -0.026582
-0.109741 -0.019653 -0.024292 -0.213369 -0.038212 -0.047231
-0.103394 -0.024902 -0.030884 -0.201027 -0.048417 -0.060047
-0.097534 -0.036255 -0.031616 -0.189635 -0.070490 -0.061471
