-0.384033 -0.029297 -0.773438 -0.746673 -0.056962 -1.503788
-0.417847 -0.089722 -0.773682 -0.812416 -0.174445 -1.504263
-0.462280 -0.092285 -0.729980 -0.898808 -0.179429 -1.419295
-0.531372 -0.121460 -0.644409 -1.033142 -0.236154 -1.252919
-0.620850 -0.183472 -0.514160 -1.207113 -0.356722 -0.999677
-0.722656 -0.284180 -0.344604 -1.405054 -0.552528 -0.670012
-0.836548 -0.422485 -0.127441 -1.626493 -0.821435 -0.247783
-0.962036 -0.589722 0.136475 -1.870479 -1.146591 0.265346
-1.092407 -0.789917 0.427612 -2.123958 -1.535829 0.831403
-1.228027 -0.934082 0.739868 -2.387643 -1.816128 1.438519
-1.377319 -1.001709 1.053711 -2.677910 -1.947614 2.048721
-1.514282 -0.992188 1.359619 -2.944206 -1.929102 2.643496
-1.624756 -0.958862 1.643066 -3.158999 -1.864308 3.194600
-1.700073 -0.913818 1.911499 -3.305438 -1.776729 3.716511
-1.757935 -0.847534 2.157593 -3.417938 -1.647854 4.194990
-1.778198 -0.773438 2.358154 -3.457336 -1.503788 4.584939
-1.753662 -0.745850 2.524170 -3.409631 -1.450149 4.907722
-1.719727 -0.714233 2.670654 -3.343650 -1.388678 5.192531
-1.640991 -0.509644 2.725708 -3.190565 -0.990896 5.299571
-1.445923 -0.147827 2.622070 -2.811296 -0.287419 5.098069
-1.167603 0.176270 2.329102 -2.270160 0.342719 4.528452
-0.813843 0.308594 1.877319 -1.582348 0.599996 3.650056
-0.479736 0.282593 1.424683 -0.932747 0.549443 2.769999
-0.236328 0.167603 1.064575 -0.459491 0.325868 2.069845
-0.083984 0.007324 0.797485 -0.163290 0.014240 1.550544
-0.008179 -0.168701 0.615967 -0.015902 -0.328004 1.197619
0.042358 -0.260864 0.502930 0.082357 -0.507196 0.977842
0.088257 -0.229492 0.438843 0.171597 -0.446200 0.853238
0.118652 -0.132935 0.409302 0.230695 -0.258464 0.795802
0.136108 -0.049438 0.387573 0.264634 -0.096123 0.753555
0.142090 -0.009155 0.351929 0.276264 -0.017801 0.684252
0.143433 -0.014648 0.295044 0.278875 -0.028481 0.573651
0.139526 -0.055054 0.212158 0.271280 -0.107040 0.412497
0.130371 -0.117676 0.102295 0.253479 -0.228796 0.198891
0.114380 -0.176514 -0.030396 0.222388 -0.343194 -0.059098
0.086914 -0.205688 -0.178101 0.168986 -0.399918 -0.346279
0.046753 -0.199585 -0.324097 0.090901 -0.388051 -0.630138
0.004761 -0.170654 -0.455933 0.009256 -0.331802 -0.886466
-0.023193 -0.145020 -0.562744 -0.045095 -0.281960 -1.094139
-0.036377 -0.130249 -0.646851 -0.070727 -0.253242 -1.257666
-0.035278 -0.123535 -0.725098 -0.068591 -0.240188 -1.409801
-0.025024 -0.153442 -0.806763 -0.048655 -0.298337 -1.568582
-0.011841 -0.227539 -0.886353 -0.023022 -0.442402 -1.723328
-0.003540 -0.290283 -0.972900 -0.006883 -0.564395 -1.891602
-0.006714 -0.289795 -1.051636 -0.013054 -0.563446 -2.044687
-0.020752 -0.231445 -1.103882 -0.040348 -0.449997 -2.146268
-0.041382 -0.158691 -1.140015 -0.080458 -0.308542 -2.216521
-0.074585 -0.087402 -1.157104 -0.145015 -0.169936 -2.249748
-0.101929 -0.041992 -1.180054 -0.198179 -0.081645 -2.294369
-0.124390 -0.054077 -1.182495 -0.241850 -0.105142 -2.299115
-0.135376 -0.100098 -1.157837 -0.263210 -0.194619 -2.251173
-0.133667 -0.152222 -1.118774 -0.259888 -0.295963 -2.175224
-0.125732 -0.179565 -1.065308 -0.244460 -0.349128 -2.071269
-0.121338 -0.161133 -0.990601 -0.235916 -0.313289 -1.926016
-0.124023 -0.090698 -0.891113 -0.241138 -0.176344 -1.732584
-0.135742 0.000854 -0.775635 -0.263922 0.001661 -1.508060
-0.152954 0.082275 -0.641235 -0.297387 0.159967 -1.246749
-0.180420 0.147705 -0.492188 -0.350789 0.287182 -0.956956
-0.217651 0.179688 -0.339111 -0.423178 0.349365 -0.659331
-0.252686 0.187378 -0.187622 -0.491294 0.364317 -0.364792
-0.276611 0.180298 -0.050537 -0.537813 0.350552 -0.098259
-0.272217 0.179321 0.060547 -0.529269 0.348653 0.117721
-0.246704 0.187134 0.137939 -0.479665 0.363843 0.268195
-0.218384 0.198242 0.184692 -0.424602 0.385441 0.359096
-0.196533 0.204834 0.200439 -0.382118 0.398257 0.389713
-0.175293 0.211426 0.191528 -0.340821 0.411073 0.372387
-0.158325 0.210815 0.173828 -0.307830 0.409887 0.337973
-0.142822 0.196045 0.159058 -0.277688 0.381168 0.309254
-0.130249 0.163818 0.160645 -0.253242 0.318511 0.312340
-0.112915 0.122925 0.174927 -0.219540 0.239002 0.340109
-0.094971 0.071411 0.196899 -0.184651 0.138844 0.382830
-0.081543 0.005127 0.224121 -0.158543 0.009968 0.435757
-0.073730 -0.072876 0.256592 -0.143354 -0.141692 0.498889
-0.054077 -0.134277 0.283325 -0.105142 -0.261074 0.550867
-0.018555 -0.157959 0.300537 -0.036076 -0.307118 0.584332
0.013062 -0.147095 0.310425 0.025395 -0.285995 0.603556
0.029663 -0.112061 0.310913 0.057674 -0.217878 0.604506
0.032227 -0.083130 0.296875 0.062658 -0.161629 0.577212
0.029053 -0.088989 0.275024 0.056487 -0.173021 0.534728
0.012573 -0.105957 0.239868 0.024446 -0.206011 0.466374
0.000854 -0.114868 0.189209 0.001661 -0.223337 0.367877
0.003906 -0.108032 0.122925 0.007595 -0.210046 0.239002
0.025635 -0.088745 0.051758 0.049841 -0.172546 0.100632
0.047363 -0.045410 -0.004395 0.092088 -0.088291 -0.008544
0.053833 0.034912 -0.038086 0.104667 0.067879 -0.074050
0.050293 0.121338 -0.059204 0.097784 0.235916 -0.115110
0.042725 0.180298 -0.067749 0.083069 0.350552 -0.131724
0.031494 0.211792 -0.062988 0.061234 0.411785 -0.122468
0.012451 0.213501 -0.051392 0.024209 0.415108 -0.099920
-0.015869 0.193115 -0.030396 -0.030854 0.375472 -0.059098
-0.041138 0.168335 -0.015137 -0.079984 0.327292 -0.029430
-0.043213 0.155640 -0.025757 -0.084018 0.302609 -0.050079
-0.048828 0.149780 -0.059082 -0.094936 0.291217 -0.114873
-0.066406 0.175537 -0.081299 -0.129113 0.341295 -0.158069
-0.077393 0.216675 -0.103760 -0.150474 0.421279 -0.201739
-0.073853 0.257202 -0.130005 -0.143591 0.500076 -0.252767
-0.065674 0.286133 -0.143799 -0.127689 0.556326 -0.279587
-0.058960 0.295532 -0.144775 -0.114635 0.574601 -0.281486
-0.053345 0.282715 -0.138794 -0.103718 0.549680 -0.269856
-0.047241 0.259399 -0.129883 -0.091851 0.504348 -0.252530
-0.041260 0.235474 -0.115845 -0.080221 0.457829 -0.225236
-0.037476 0.217651 -0.097046 -0.072863 0.423178 -0.188686
-0.033813 0.212646 -0.072998 -0.065743 0.413447 -0.141929
-0.031372 0.208984 -0.043457 -0.060996 0.406327 -0.084493
-0.031982 0.206787 -0.019653 -0.062183 0.402054 -0.038212
-0.037476 0.201050 -0.010742 -0.072863 0.390899 -0.020886
-0.046265 0.182617 -0.014038 -0.089952 0.355061 -0.027294
-0.058105 0.155151 -0.023315 -0.112974 0.301659 -0.045332
-0.068237 0.125732 -0.035767 -0.132673 0.244460 -0.069541
-0.072510 0.102295 -0.047119 -0.140980 0.198891 -0.091613
-0.070923 0.087402 -0.049561 -0.137895 0.169936 -0.096360
-0.065186 0.081421 -0.042480 -0.126740 0.158306 -0.082594
-0.057739 0.084961 -0.027466 -0.112262 0.165189 -0.053402
-0.051147 0.095337 -0.009277 -0.099446 0.185363 -0.018038
-0.044800 0.104126 0.006836 -0.087104 0.202451 0.013291
-0.038452 0.111206 0.017456 -0.074762 0.216217 0.033940
-0.033813 0.118042 0.023193 -0.065743 0.229508 0.045095
-0.032104 0.117798 0.021362 -0.062420 0.229033 0.041535
-0.029541 0.109131 0.013672 -0.057436 0.212182 0.026582
-0.027954 0.100098 0.002808 -0.054351 0.194619 0.005459
-0.033569 0.094360 -0.008057 -0.065269 0.183464 -0.015664
-0.046265 0.087646 -0.017578 -0.089952 0.170410 -0.034177
-0.061890 0.071777 -0.026611 -0.120332 0.139556 -0.051740
-0.077148 0.049927 -0.031738 -0.149999 0.097072 -0.061708
-0.083130 0.026855 -0.029419 -0.161629 0.052215 -0.057199
-0.078247 0.013428 -0.020020 -0.152135 0.026107 -0.038924
-0.067017 0.015869 -0.005981 -0.130300 0.030854 -0.011630
-0.053955 0.021729 0.008301 -0.104904 0.042247 0.016139
-0.044556 0.023804 0.020874 -0.086629 0.046281 0.040585
-0.041504 0.026611 0.030640 -0.080696 0.051740 0.059572
-0.047852 0.023438 0.036865 -0.093037 0.045569 0.071677
-0.056519 0.003784 0.035767 -0.109889 0.007358 0.069541
-0.062256 -0.029663 0.029297 -0.121044 -0.057674 0.056962
-0.063599 -0.060913 0.019897 -0.123654 -0.118433 0.038686
-0.061523 -0.077148 0.012939 -0.119620 -0.149999 0.025158
-0.060303 -0.071655 0.014526 -0.117246 -0.139319 0.028243
-0.056885 -0.050903 0.024902 -0.110601 -0.098971 0.048417
-0.045410 -0.032837 0.027588 -0.088291 -0.063845 0.053639
-0.039063 -0.023315 0.035278 -0.075949 -0.045332 0.068591
-0.035522 -0.011108 0.034058 -0.069066 -0.021598 0.066218
-0.033081 -0.002808 0.029663 -0.064319 -0.005459 0.057674
-0.026855 0.000000 0.024536 -0.052215 0.000000 0.047705
-0.025024 -0.001587 0.023560 -0.048655 -0.003085 0.045807
-0.026245 -0.001831 0.016602 -0.051028 -0.003560 0.032278
-0.028687 0.005615 0.005737 -0.055775 0.010918 0.011155
-0.032104 0.018921 -0.013428 -0.062420 0.036788 -0.026107
-0.041138 0.034668 -0.026123 -0.079984 0.067405 -0.050791
-0.048706 0.048706 -0.035767 -0.094699 0.094699 -0.069541
-0.052734 0.051025 -0.038208 -0.102531 0.099208 -0.074288
-0.056763 0.040527 -0.029907 -0.110363 0.078797 -0.058148
