0.064941 0.222046 -0.359375 0.126265 0.431722 -0.698730
0.017944 0.191284 -0.322754 0.034889 0.371912 -0.627528
-0.040283 0.197510 -0.253296 -0.078322 0.384017 -0.492481
-0.103149 0.161865 -0.155884 -0.200553 0.314713 -0.303084
-0.168945 0.129761 -0.036987 -0.328479 0.252293 -0.071914
-0.243042 0.114136 0.096680 -0.472545 0.221913 0.187973
-0.329712 0.091309 0.234863 -0.641056 0.177531 0.456643
-0.420898 0.071777 0.367554 -0.818349 0.139556 0.714632
-0.502808 0.072510 0.496460 -0.977605 0.140980 0.965263
-0.568848 0.078979 0.620239 -1.106006 0.153559 1.205926
-0.603394 0.084229 0.721802 -1.173173 0.163765 1.403393
-0.614624 0.069092 0.789063 -1.195008 0.134335 1.534168
-0.598999 0.053101 0.830688 -1.164629 0.103243 1.615101
-0.620728 0.018066 0.822388 -1.206875 0.035126 1.598961
-0.723877 -0.005859 0.789185 -1.407428 -0.011392 1.534405
-0.791870 0.049316 0.778076 -1.539626 0.095885 1.512807
-0.838745 0.086060 0.799805 -1.630765 0.167325 1.555054
-0.883057 0.108032 0.855957 -1.716920 0.210046 1.664230
-0.937378 0.117676 0.914429 -1.822536 0.228796 1.777916
-0.993530 0.116333 0.947876 -1.931713 0.226185 1.842947
-1.012207 0.120972 0.959717 -1.968026 0.235204 1.865969
-0.994385 0.109863 0.950195 -1.933374 0.213606 1.847457
-0.950684 0.094604 0.921265 -1.848406 0.183939 1.791207
-0.892456 0.082642 0.884521 -1.735195 0.160679 1.719768
-0.826660 0.055298 0.838257 -1.607268 0.107515 1.629816
-0.749023 0.023438 0.791504 -1.456320 0.045569 1.538914
-0.673584 -0.004272 0.735352 -1.309644 -0.008307 1.429738
-0.612549 -0.019775 0.680542 -1.190974 -0.038449 1.323172
-0.561157 -0.025146 0.635254 -1.091053 -0.048892 1.235119
-0.518311 -0.043945 0.598145 -1.007747 -0.085443 1.162967
-0.480225 -0.075684 0.562744 -0.933697 -0.147151 1.094139
-0.442871 -0.100098 0.524536 -0.861071 -0.194619 1.019851
-0.411499 -0.120483 0.488281 -0.800074 -0.234255 0.949361
-0.395386 -0.132446 0.464722 -0.768745 -0.257514 0.903554
-0.381348 -0.136475 0.444580 -0.741451 -0.265346 0.864393
-0.360718 -0.137695 0.414429 -0.701341 -0.267720 0.805770
-0.343872 -0.127197 0.375366 -0.668588 -0.247309 0.729821
-0.335571 -0.113159 0.331299 -0.652448 -0.220014 0.644142
-0.325684 -0.109253 0.278076 -0.633224 -0.212420 0.540661
-0.312012 -0.104492 0.210693 -0.606642 -0.203163 0.409649
-0.295898 -0.085205 0.130615 -0.575313 -0.165664 0.253954
-0.279419 -0.055908 0.041504 -0.543272 -0.108702 0.080696
-0.270996 -0.032104 -0.049194 -0.526895 -0.062420 -0.095648
-0.265503 -0.018433 -0.140015 -0.516215 -0.035838 -0.272229
-0.258057 -0.006592 -0.226685 -0.501737 -0.012816 -0.440741
-0.243774 -0.005249 -0.299927 -0.473969 -0.010206 -0.583145
-0.229248 -0.001953 -0.354736 -0.445725 -0.003797 -0.689711
-0.223389 0.006958 -0.397461 -0.434333 0.013528 -0.772780
-0.224243 0.015381 -0.431396 -0.435994 0.029905 -0.838761
-0.230225 0.026978 -0.461426 -0.447624 0.052452 -0.897146
-0.231812 0.045410 -0.490479 -0.450709 0.088291 -0.953633
-0.221680 0.053467 -0.525879 -0.431010 0.103955 -1.022462
-0.217041 0.058716 -0.565186 -0.421991 0.114161 -1.098886
-0.245605 0.081055 -0.596191 -0.477529 0.157594 -1.159170
-0.295532 0.106079 -0.616333 -0.574601 0.206249 -1.198331
-0.345947 0.112671 -0.627686 -0.672622 0.219065 -1.220404
-0.390137 0.125122 -0.642212 -0.758540 0.243274 -1.248647
-0.409058 0.154785 -0.658936 -0.795327 0.300947 -1.281163
-0.391846 0.165405 -0.674072 -0.761862 0.321596 -1.310593
-0.359741 0.152710 -0.688599 -0.699442 0.296913 -1.338837
-0.346558 0.149048 -0.702881 -0.673809 0.289792 -1.366605
-0.328491 0.157959 -0.715454 -0.638683 0.307118 -1.391051
-0.310059 0.162598 -0.730225 -0.602844 0.316137 -1.419770
-0.295288 0.175659 -0.741455 -0.574126 0.341533 -1.441605
-0.282104 0.183716 -0.744141 -0.548493 0.357197 -1.446826
-0.265015 0.179443 -0.732544 -0.515266 0.348890 -1.424279
-0.239990 0.169189 -0.708374 -0.466611 0.328954 -1.377286
-0.210815 0.148193 -0.672852 -0.409887 0.288131 -1.308220
-0.183960 0.123291 -0.623779 -0.357672 0.239714 -1.212809
-0.161133 0.101807 -0.562744 -0.313289 0.197942 -1.094139
-0.140015 0.082153 -0.502930 -0.272229 0.159730 -0.977842
-0.124634 0.062012 -0.456299 -0.242324 0.120569 -0.887178
-0.116089 0.051392 -0.418335 -0.225711 0.099920 -0.813365
-0.114502 0.055542 -0.383301 -0.222625 0.107990 -0.745248
-0.113647 0.071167 -0.351318 -0.220964 0.138369 -0.683065
-0.110474 0.089111 -0.324463 -0.214793 0.173258 -0.630850
-0.107666 0.095215 -0.298828 -0.209334 0.185125 -0.581009
-0.112671 0.083984 -0.269043 -0.219065 0.163290 -0.523098
-0.120850 0.055664 -0.232300 -0.234967 0.108227 -0.451659
-0.123779 0.018677 -0.188110 -0.240663 0.036313 -0.365741
-0.119141 -0.004028 -0.140869 -0.231644 -0.007832 -0.273891
-0.107056 -0.012329 -0.104858 -0.208147 -0.023971 -0.203875
-0.106567 -0.011475 -0.072510 -0.207198 -0.022310 -0.140980
-0.112061 -0.000610 -0.043823 -0.217878 -0.001187 -0.085205
-0.112793 0.006348 -0.029663 -0.219302 0.012342 -0.057674
-0.111572 0.009644 -0.028931 -0.216929 0.018750 -0.056250
-0.114136 0.019531 -0.033447 -0.221913 0.037974 -0.065031
-0.121094 0.036011 -0.038574 -0.235442 0.070015 -0.075000
-0.125488 0.051636 -0.036743 -0.243986 0.100395 -0.071439
-0.116699 0.057617 -0.024292 -0.226897 0.112025 -0.047231
-0.097412 0.051758 -0.003906 -0.189398 0.100632 -0.007595
-0.079834 0.044189 0.016113 -0.155221 0.085917 0.031329
-0.070923 0.038818 0.027954 -0.137895 0.075474 0.054351
-0.068604 0.035889 0.029297 -0.133385 0.069778 0.056962
-0.068726 0.032837 0.025391 -0.133623 0.063845 0.049367
-0.068726 0.034058 0.020264 -0.133623 0.066218 0.039398
-0.067139 0.035278 0.015259 -0.130537 0.068591 0.029668
-0.064087 0.029541 0.011841 -0.124604 0.057436 0.023022
-0.061157 0.017700 0.011353 -0.118907 0.034414 0.022073
-0.061157 0.007813 0.012695 -0.118907 0.015190 0.024683
-0.063721 0.002686 0.015015 -0.123892 0.005221 0.029193
-0.067993 0.002441 0.017090 -0.132199 0.004747 0.033228
-0.074707 0.005981 0.017456 -0.145252 0.011630 0.033940
-0.085693 0.009766 0.017456 -0.166613 0.018987 0.033940
-0.092041 0.008423 0.018433 -0.178955 0.016376 0.035838
-0.091797 0.004272 0.020142 -0.178480 0.008307 0.039161
-0.093750 -0.003662 0.022583 -0.182277 -0.007120 0.043908
-0.098511 -0.011597 0.020630 -0.191534 -0.022547 0.040111
-0.098267 -0.015991 0.011597 -0.191059 -0.031092 0.022547
-0.095703 -0.014038 0.002686 -0.186075 -0.027294 0.005221
-0.094360 -0.004272 0.002441 -0.183464 -0.008307 0.004747
-0.093872 0.009277 0.008057 -0.182515 0.018038 0.015664
-0.092407 0.017700 0.012451 -0.179667 0.034414 0.024209
-0.089966 0.016968 0.014282 -0.174920 0.032990 0.027769
-0.085083 0.011475 0.018555 -0.165426 0.022310 0.036076
-0.076904 0.003174 0.022949 -0.149524 0.006171 0.044620
-0.066895 -0.002197 0.024780 -0.130062 -0.004272 0.048180
-0.056763 -0.002808 0.022827 -0.110363 -0.005459 0.044383
-0.048218 0.001099 0.015747 -0.093749 0.002136 0.030617
-0.041260 0.002686 0.005737 -0.080221 0.005221 0.011155
-0.037354 -0.000854 -0.001343 -0.072626 -0.001661 -0.002611
-0.037231 -0.005005 -0.003296 -0.072389 -0.009731 -0.006408
-0.040771 -0.004395 -0.002930 -0.079272 -0.008544 -0.005696
-0.042480 0.002930 -0.001465 -0.082594 0.005696 -0.002848
-0.043945 0.008789 0.000366 -0.085443 0.017089 0.000712
-0.044434 0.006958 -0.000732 -0.086392 0.013528 -0.001424
-0.044678 0.002808 -0.004395 -0.086867 0.005459 -0.008544
-0.043945 0.000854 -0.008423 -0.085443 0.001661 -0.016376
-0.044189 0.000366 -0.009766 -0.085917 0.000712 -0.018987
-0.045532 0.000366 -0.008667 -0.088528 0.000712 -0.016851
-0.047119 -0.002686 -0.009766 -0.091613 -0.005221 -0.018987
-0.050781 -0.008911 -0.012573 -0.098734 -0.017326 -0.024446
-0.057983 -0.011719 -0.013428 -0.112737 -0.022785 -0.026107
-0.063965 -0.008911 -0.010986 -0.124366 -0.017326 -0.021361
-0.067627 -0.011108 -0.009277 -0.131487 -0.021598 -0.018038
-0.069824 -0.014771 -0.009399 -0.135759 -0.028718 -0.018275
-0.071045 -0.012573 -0.006836 -0.138132 -0.024446 -0.013291
-0.069214 -0.008789 -0.001831 -0.134572 -0.017089 -0.003560
-0.065430 -0.006470 0.000977 -0.127214 -0.012579 0.001899
-0.062622 -0.000488 -0.002319 -0.121756 -0.000949 -0.004509
-0.061890 0.006958 -0.009033 -0.120332 0.013528 -0.017563
-0.064575 0.011597 -0.014648 -0.125553 0.022547 -0.028481
-0.069092 0.013306 -0.015747 -0.134335 0.025870 -0.030617
-0.072998 0.012695 -0.010498 -0.141929 0.024683 -0.020411
-0.074707 0.010620 -0.006348 -0.145252 0.020649 -0.012342
-0.075806 0.008057 -0.005493 -0.147388 0.015664 -0.010680
-0.077148 0.007080 -0.004150 -0.149999 0.013766 -0.008070
-0.078735 0.005005 -0.001465 -0.153084 0.009731 -0.002848
-0.080200 -0.000854 -0.000854 -0.155933 -0.001661 -0.001661
-0.082886 -0.007202 -0.000610 -0.161154 -0.014003 -0.001187
