-0.367920 0.620239 -1.329346 -0.715344 1.205926 -2.584636
-0.488281 0.593628 -1.279297 -0.949361 1.154186 -2.487326
-0.598145 0.621704 -1.098511 -1.162967 1.208774 -2.135825
-0.687744 0.612671 -0.794922 -1.337175 1.191211 -1.545560
-0.770142 0.542358 -0.411377 -1.497380 1.054503 -0.799837
-0.857300 0.415283 -0.010010 -1.666841 0.807432 -0.019462
-0.968750 0.311646 0.375244 -1.883533 0.605930 0.729584
-1.146851 0.127808 0.746216 -2.229812 0.248495 1.450861
-1.400269 -0.173584 1.063477 -2.722530 -0.337498 2.067708
-1.685425 -0.362183 1.379272 -3.276957 -0.704189 2.681708
-1.949341 -0.372070 1.687012 -3.790087 -0.723413 3.280043
-2.145508 -0.354858 1.917725 -4.171493 -0.689948 3.728616
-2.266113 -0.383911 2.054932 -4.405985 -0.746435 3.995386
-2.317139 -0.488647 2.145020 -4.505193 -0.950073 4.170544
-2.321899 -0.670776 2.224365 -4.514450 -1.304185 4.324815
-2.338135 -0.895752 2.298584 -4.546016 -1.741603 4.469118
-2.560791 -1.136597 2.288940 -4.978924 -2.209875 4.450367
-2.733887 -1.197021 2.184692 -5.315473 -2.327359 4.247679
-2.686646 -1.306274 1.982910 -5.223622 -2.539778 3.855356
-2.434448 -1.327271 1.736694 -4.733277 -2.580601 3.376640
-2.070801 -1.223389 1.455566 -4.026241 -2.378624 2.830045
-1.630493 -1.022949 1.169922 -3.170154 -1.988912 2.274669
-1.154785 -0.791992 0.936523 -2.245239 -1.539864 1.820875
-0.738037 -0.573608 0.793701 -1.434959 -1.115262 1.543187
-0.457153 -0.410400 0.714966 -0.888839 -0.797938 1.390102
-0.308594 -0.299316 0.650879 -0.599996 -0.581958 1.265498
-0.276245 -0.237793 0.572266 -0.537101 -0.462339 1.112651
-0.338501 -0.235474 0.454956 -0.658145 -0.457829 0.884567
-0.447021 -0.230713 0.347778 -0.869140 -0.448573 0.676182
-0.554077 -0.179688 0.259277 -1.077288 -0.349365 0.504111
-0.619385 -0.064697 0.176514 -1.204265 -0.125790 0.343194
-0.613159 0.099243 0.075317 -1.192160 0.192958 0.146439
-0.520630 0.282227 -0.065552 -1.012256 0.548731 -0.127452
-0.335083 0.427979 -0.243530 -0.651499 0.832115 -0.473494
-0.139282 0.475464 -0.435059 -0.270805 0.924440 -0.845881
0.020386 0.442871 -0.617310 0.039636 0.861071 -1.200230
0.142334 0.362305 -0.784302 0.276739 0.704426 -1.524911
0.232788 0.281616 -0.931641 0.452608 0.547544 -1.811381
0.287720 0.243408 -1.055298 0.559411 0.473257 -2.051807
0.297363 0.259277 -1.160767 0.578161 0.504111 -2.256869
0.409790 0.352905 -1.250610 0.796751 0.686151 -2.431551
0.407959 0.255371 -1.437500 0.793191 0.496516 -2.794919
0.215942 0.286011 -1.591309 0.419855 0.556088 -3.093968
0.048340 0.418335 -1.725586 0.093987 0.813365 -3.355042
-0.022705 0.488159 -1.846313 -0.044145 0.949124 -3.589772
-0.020264 0.462524 -1.920776 -0.039398 0.899282 -3.734549
0.011841 0.363037 -1.953369 0.023022 0.705850 -3.797919
0.052246 0.247803 -1.957275 0.101582 0.481801 -3.805514
0.088867 0.164917 -1.929932 0.172784 0.320647 -3.752350
0.109985 0.138184 -1.873901 0.213844 0.268669 -3.643411
0.113403 0.154053 -1.785767 0.220489 0.299523 -3.472051
0.102051 0.186890 -1.656006 0.198416 0.363368 -3.219758
0.077393 0.205566 -1.479370 0.150474 0.399681 -2.876327
0.046143 0.196167 -1.263794 0.089715 0.381406 -2.457184
0.018921 0.170776 -1.025391 0.036788 0.332039 -1.993658
-0.008545 0.137695 -0.773804 -0.016614 0.267720 -1.504500
-0.051880 0.099121 -0.525635 -0.100870 0.192720 -1.021987
-0.100464 0.064087 -0.304688 -0.195331 0.124604 -0.592401
-0.138428 0.030396 -0.124512 -0.269144 0.059098 -0.242087
-0.168213 0.006958 0.016235 -0.327055 0.013528 0.031566
-0.197021 -0.008423 0.126343 -0.383067 -0.016376 0.245647
-0.217285 -0.031128 0.209595 -0.422466 -0.060522 0.407513
-0.221558 -0.062500 0.270752 -0.430773 -0.121518 0.526421
-0.214233 -0.081299 0.312866 -0.416532 -0.158069 0.608303
-0.195435 -0.081177 0.328613 -0.379982 -0.157831 0.638920
-0.163696 -0.071045 0.317383 -0.318273 -0.138132 0.617085
-0.122070 -0.046143 0.289307 -0.237340 -0.089715 0.562496
-0.076050 -0.009033 0.250000 -0.147863 -0.017563 0.486073
-0.035889 0.023804 0.196655 -0.069778 0.046281 0.382355
-0.010010 0.051880 0.134399 -0.019462 0.100870 0.261312
0.001343 0.075073 0.076660 0.002611 0.145964 0.149050
0.005005 0.089722 0.032471 0.009731 0.174445 0.063133
0.004517 0.106201 0.002808 0.008782 0.206486 0.005459
-0.000732 0.118896 -0.012939 -0.001424 0.231169 -0.025158
-0.011597 0.126343 -0.013306 -0.022547 0.245647 -0.025870
-0.021973 0.125854 -0.001221 -0.042721 0.244698 -0.002373
-0.026489 0.116943 0.014893 -0.051503 0.227372 0.028956
-0.024780 0.110229 0.030151 -0.048180 0.214318 0.058623
-0.019287 0.114502 0.040527 -0.037500 0.222625 0.078797
-0.008789 0.119385 0.046143 -0.017089 0.232119 0.089715
0.006104 0.115601 0.048950 0.011867 0.224761 0.095173
0.020874 0.103149 0.051392 0.040585 0.200553 0.099920
0.030029 0.082642 0.054199 0.058386 0.160679 0.105379
0.033081 0.055664 0.058594 0.064319 0.108227 0.113923
0.031128 0.025879 0.063110 0.060522 0.050316 0.122705
0.021362 -0.008179 0.066895 0.041535 -0.015902 0.130062
0.004761 -0.033691 0.071777 0.009256 -0.065506 0.139556
-0.019165 -0.040405 0.080200 -0.037262 -0.078560 0.155933
-0.048462 -0.036499 0.091431 -0.094224 -0.070965 0.177768
-0.082397 -0.024170 0.095947 -0.160205 -0.046993 0.186549
-0.098755 -0.006226 0.088257 -0.192008 -0.012104 0.171597
-0.100098 0.008789 0.078613 -0.194619 0.017089 0.152847
-0.097290 0.021240 0.067749 -0.189160 0.041297 0.131724
-0.095703 0.021240 0.057007 -0.186075 0.041297 0.110838
-0.094482 0.003906 0.047729 -0.183701 0.007595 0.092800
-0.092896 -0.024414 0.041870 -0.180616 -0.047468 0.081408
-0.089355 -0.057617 0.042725 -0.173733 -0.112025 0.083069
-0.083740 -0.086182 0.049683 -0.162815 -0.167562 0.096597
-0.075806 -0.099976 0.060181 -0.147388 -0.194382 0.117009
-0.067627 -0.095215 0.072266 -0.131487 -0.185125 0.140505
-0.067017 -0.073242 0.080688 -0.130300 -0.142404 0.156882
-0.066528 -0.033691 0.085938 -0.129350 -0.065506 0.167088
-0.064697 0.002808 0.091309 -0.125790 0.005459 0.177531
-0.061523 0.016479 0.096191 -0.119620 0.032041 0.187024
-0.057373 0.006958 0.099487 -0.111550 0.013528 0.193432
-0.051880 -0.017944 0.097534 -0.100870 -0.034889 0.189635
-0.043457 -0.042969 0.087646 -0.084493 -0.083544 0.170410
-0.035156 -0.055176 0.071899 -0.068354 -0.107278 0.139793
-0.028198 -0.059814 0.052490 -0.054826 -0.116297 0.102056
-0.021973 -0.063965 0.032593 -0.042721 -0.124366 0.063370
-0.018555 -0.068848 0.013794 -0.036076 -0.133860 0.026819
-0.017456 -0.070923 -0.003174 -0.033940 -0.137895 -0.006171
-0.016479 -0.074951 -0.020996 -0.032041 -0.145727 -0.040823
-0.014771 -0.078247 -0.038330 -0.028718 -0.152135 -0.074525
-0.014404 -0.083374 -0.052856 -0.028006 -0.162103 -0.102768
-0.018921 -0.087646 -0.060303 -0.036788 -0.170410 -0.117246
-0.028442 -0.082520 -0.058716 -0.055300 -0.160442 -0.114161
-0.041992 -0.070435 -0.051758 -0.081645 -0.136945 -0.100632
-0.056641 -0.060303 -0.043579 -0.110126 -0.117246 -0.084730
-0.066528 -0.055664 -0.038818 -0.129350 -0.108227 -0.075474
-0.071167 -0.050537 -0.037354 -0.138369 -0.098259 -0.072626
-0.074951 -0.052368 -0.036377 -0.145727 -0.101819 -0.070727
-0.075928 -0.068359 -0.033447 -0.147626 -0.132911 -0.065031
-0.073242 -0.089966 -0.028809 -0.142404 -0.174920 -0.056012
-0.067993 -0.107178 -0.026733 -0.132199 -0.208385 -0.051978
-0.065430 -0.108398 -0.030029 -0.127214 -0.210758 -0.058386
-0.065063 -0.090088 -0.036255 -0.126502 -0.175157 -0.070490
-0.068359 -0.062500 -0.038818 -0.132911 -0.121518 -0.075474
-0.070435 -0.034790 -0.034180 -0.136945 -0.067642 -0.066455
-0.067871 -0.015015 -0.025024 -0.131961 -0.029193 -0.048655
-0.063232 0.004395 -0.016846 -0.122942 0.008544 -0.032753
-0.062866 0.018311 -0.009644 -0.122230 0.035601 -0.018750
-0.062866 0.021851 -0.001587 -0.122230 0.042484 -0.003085
-0.062256 0.018188 0.003418 -0.121044 0.035364 0.006646
-0.062866 0.014160 0.006348 -0.122230 0.027531 0.012342
-0.067871 0.022583 0.011597 -0.131961 0.043908 0.022547
-0.075928 0.038452 0.016602 -0.147626 0.074762 0.032278
-0.087036 0.048340 0.019531 -0.169224 0.093987 0.037974
-0.096802 0.051392 0.017822 -0.188211 0.099920 0.034652
-0.104980 0.052734 0.008545 -0.204113 0.102531 0.016614
-0.114502 0.049438 -0.002075 -0.222625 0.096123 -0.004035
-0.120605 0.047974 -0.012451 -0.234492 0.093275 -0.024209
-0.122192 0.045044 -0.019287 -0.237578 0.087579 -0.037500
-0.118652 0.038574 -0.017578 -0.230695 0.075000 -0.034177
-0.113525 0.030029 -0.009644 -0.220726 0.058386 -0.018750
-0.112061 0.020264 -0.001343 -0.217878 0.039398 -0.002611
-0.110962 0.015747 0.005005 -0.215742 0.030617 0.009731
-0.110474 0.008057 0.007568 -0.214793 0.015664 0.014715
-0.119141 0.011230 0.023804 -0.231644 0.021835 0.046281
-0.120728 0.021606 0.031006 -0.234730 0.042009 0.060284
