-0.312256 0.388794 -0.627930 -0.607116 0.755929 -1.220878
-0.321655 0.409180 -0.657715 -0.625392 0.795565 -1.278789
-0.359253 0.382080 -0.653564 -0.698492 0.742875 -1.270720
-0.401855 0.416504 -0.615967 -0.781324 0.809805 -1.197619
-0.458496 0.416748 -0.548706 -0.891450 0.810280 -1.066845
-0.536499 0.405396 -0.429810 -1.043111 0.788207 -0.835675
-0.651123 0.340820 -0.259888 -1.265973 0.662654 -0.505297
-0.791992 0.252808 -0.044800 -1.539864 0.491532 -0.087104
-0.938232 0.171631 0.205444 -1.824197 0.333700 0.399444
-1.060913 0.096436 0.478149 -2.062724 0.187499 0.929662
-1.144165 -0.001465 0.762085 -2.224591 -0.002848 1.481715
-1.188721 -0.092285 1.043579 -2.311220 -0.179429 2.029022
-1.196045 -0.171631 1.307617 -2.325460 -0.333700 2.542389
-1.191162 -0.275024 1.562256 -2.315967 -0.534728 3.037481
-1.178589 -0.396606 1.804077 -2.291520 -0.771119 3.507652
-1.172119 -0.509644 2.031006 -2.278941 -0.990896 3.948868
-1.194214 -0.601563 2.241577 -2.321900 -1.169613 4.358280
-1.250732 -0.640137 2.430908 -2.431788 -1.244612 4.726395
-1.328735 -0.587402 2.584717 -2.583449 -1.142081 5.025443
-1.345337 -0.434326 2.672485 -2.615727 -0.844457 5.196091
-1.314331 -0.280273 2.667603 -2.555443 -0.544933 5.186597
-1.289063 -0.148682 2.560547 -2.506313 -0.289080 4.978450
-1.238037 -0.017944 2.353760 -2.407105 -0.034889 4.576396
-1.108887 0.123779 2.069214 -2.155999 0.240663 4.023155
-0.963867 0.138062 1.760742 -1.874039 0.268432 3.423396
-0.826050 -0.000366 1.461548 -1.606082 -0.000712 2.841675
-0.682617 -0.076538 1.184082 -1.327207 -0.148812 2.302201
-0.559814 -0.091797 0.956543 -1.088443 -0.178480 1.859798
-0.479370 -0.101318 0.775391 -0.932035 -0.196992 1.507586
-0.414551 -0.076782 0.629517 -0.806008 -0.149287 1.223964
-0.353516 -0.040283 0.505371 -0.687337 -0.078322 0.982589
-0.317017 -0.027588 0.401245 -0.616373 -0.053639 0.780138
-0.310913 -0.024170 0.299316 -0.604506 -0.046993 0.581958
-0.331543 -0.005737 0.188354 -0.644616 -0.011155 0.366216
-0.370483 0.037476 0.066162 -0.720328 0.072863 0.128638
-0.404175 0.085693 -0.064453 -0.785834 0.166613 -0.125316
-0.413208 0.119385 -0.194336 -0.803397 0.232119 -0.377846
-0.396851 0.149414 -0.322266 -0.771593 0.290505 -0.626578
-0.364868 0.182739 -0.447876 -0.709410 0.355298 -0.870802
-0.328003 0.207520 -0.572754 -0.637733 0.403478 -1.113601
-0.296875 0.233765 -0.690796 -0.577212 0.454507 -1.343109
-0.285645 0.252930 -0.796753 -0.555376 0.491769 -1.549120
-0.290161 0.253418 -0.890259 -0.564158 0.492718 -1.730923
-0.296997 0.243164 -0.970215 -0.577449 0.472782 -1.886381
-0.308716 0.233765 -1.036377 -0.600234 0.454507 -2.015019
-0.318481 0.247559 -1.088745 -0.619221 0.481326 -2.116838
-0.314209 0.287231 -1.129761 -0.610914 0.558462 -2.196584
-0.296387 0.304688 -1.154419 -0.576262 0.592401 -2.244527
-0.265259 0.296753 -1.165771 -0.515740 0.576974 -2.266600
-0.229736 0.264893 -1.167114 -0.446674 0.515028 -2.269211
-0.206055 0.241089 -1.162354 -0.400630 0.468747 -2.259954
-0.203735 0.247192 -1.155396 -0.396121 0.480614 -2.246426
-0.213379 0.269165 -1.142090 -0.414871 0.523335 -2.220556
-0.222290 0.272583 -1.117432 -0.432197 0.529981 -2.172613
-0.226196 0.250488 -1.080811 -0.439792 0.487022 -2.101411
-0.226807 0.223022 -1.031128 -0.440978 0.433621 -2.004813
-0.207153 0.207153 -0.975098 -0.402766 0.402766 -1.895874
-0.202148 0.179199 -0.921753 -0.393036 0.348416 -1.792156
-0.213745 0.154663 -0.861694 -0.415583 0.300710 -1.675385
-0.217041 0.139648 -0.805542 -0.421991 0.271517 -1.566208
-0.218140 0.116821 -0.746582 -0.424127 0.227135 -1.451573
-0.217773 0.105835 -0.668091 -0.423415 0.205774 -1.298963
-0.212524 0.109497 -0.580811 -0.413209 0.212894 -1.129265
-0.209595 0.102417 -0.480835 -0.407513 0.199128 -0.934883
-0.208984 0.086182 -0.375610 -0.406327 0.167562 -0.730296
-0.210693 0.076660 -0.275635 -0.409649 0.149050 -0.535914
-0.214966 0.092529 -0.176392 -0.417956 0.179904 -0.342957
-0.211548 0.137085 -0.085327 -0.411311 0.266533 -0.165901
-0.181641 0.188232 -0.008789 -0.353162 0.365979 -0.017089
-0.148682 0.213867 0.055908 -0.289080 0.415820 0.108702
-0.105957 0.222290 0.109009 -0.206011 0.432197 0.211945
-0.056274 0.222168 0.157104 -0.109414 0.431959 0.305457
-0.013184 0.208496 0.194092 -0.025633 0.405377 0.377371
-0.006714 0.180298 0.210327 -0.013054 0.350552 0.408937
-0.007568 0.117432 0.241333 -0.014715 0.228321 0.469222
0.013794 0.065063 0.260620 0.026819 0.126502 0.506721
0.060547 0.033081 0.263672 0.117721 0.064319 0.512655
0.102051 -0.006958 0.267822 0.198416 -0.013528 0.520725
0.132080 -0.046265 0.274780 0.256802 -0.089952 0.534253
0.146973 -0.100464 0.280640 0.285758 -0.195331 0.545645
0.145020 -0.170898 0.275757 0.281960 -0.332276 0.536152
0.112793 -0.164917 0.242188 0.219302 -0.320647 0.470883
0.066895 -0.113281 0.211914 0.130062 -0.220252 0.412023
0.020630 -0.057739 0.199097 0.040111 -0.112262 0.387102
-0.011230 -0.013916 0.193115 -0.021835 -0.027057 0.375472
-0.025146 0.016724 0.198730 -0.048892 0.032516 0.386390
-0.030029 0.027344 0.216675 -0.058386 0.053164 0.421279
-0.023438 0.003784 0.227295 -0.045569 0.007358 0.441928
-0.008057 -0.044434 0.222900 -0.015664 -0.086392 0.433383
0.010498 -0.089478 0.203369 0.020411 -0.173970 0.395409
0.018799 -0.081665 0.164551 0.036550 -0.158781 0.319935
0.015503 -0.012939 0.114136 0.030142 -0.025158 0.221913
0.024902 0.086182 0.066406 0.048417 0.167562 0.129113
0.044922 0.174438 0.027710 0.087341 0.339159 0.053876
0.065186 0.229126 -0.002075 0.126740 0.445488 -0.004035
0.080200 0.262451 -0.022095 0.155933 0.510282 -0.042959
0.079590 0.290771 -0.032715 0.154746 0.565345 -0.063607
0.058838 0.321899 -0.041626 0.114398 0.625866 -0.080933
0.026733 0.351196 -0.060425 0.051978 0.682828 -0.117483
-0.005127 0.375366 -0.088013 -0.009968 0.729821 -0.171122
-0.029053 0.381714 -0.114868 -0.056487 0.742163 -0.223337
-0.039063 0.379761 -0.143066 -0.075949 0.738366 -0.278163
-0.036011 0.387085 -0.170166 -0.070015 0.752606 -0.330852
-0.024414 0.390259 -0.185425 -0.047468 0.758777 -0.360520
-0.011963 0.378418 -0.184204 -0.023259 0.735755 -0.358146
-0.004883 0.343262 -0.167114 -0.009494 0.667401 -0.324919
-0.007690 0.276001 -0.134033 -0.014952 0.536626 -0.260600
-0.016357 0.180420 -0.090332 -0.031804 0.350789 -0.175632
-0.026245 0.079346 -0.046875 -0.051028 0.154271 -0.091139
-0.033936 0.001709 -0.012817 -0.065981 0.003323 -0.024921
-0.034668 -0.038940 0.012207 -0.067405 -0.075712 0.023734
-0.029907 -0.052612 0.030029 -0.058148 -0.102294 0.058386
-0.025269 -0.058716 0.039185 -0.049129 -0.114161 0.076186
-0.023926 -0.063232 0.043579 -0.046519 -0.122942 0.084730
-0.018677 -0.059082 0.043823 -0.036313 -0.114873 0.085205
-0.005127 -0.053223 0.045410 -0.009968 -0.103480 0.088291
0.004517 -0.057129 0.048096 0.008782 -0.111075 0.093512
0.003052 -0.077759 0.050171 0.005934 -0.151186 0.097547
-0.001343 -0.107910 0.046387 -0.002611 -0.209809 0.090189
-0.003906 -0.132935 0.037354 -0.007595 -0.258464 0.072626
-0.007446 -0.139893 0.031494 -0.014478 -0.271992 0.061234
-0.014648 -0.130981 0.035400 -0.028481 -0.254666 0.068829
-0.027100 -0.107910 0.047485 -0.052690 -0.209809 0.092325
-0.039307 -0.076294 0.054199 -0.076424 -0.148338 0.105379
-0.047363 -0.046753 0.046387 -0.092088 -0.090901 0.090189
-0.054321 -0.019409 0.025879 -0.105616 -0.037737 0.050316
-0.060791 0.002930 0.003052 -0.118195 0.005696 0.005934
-0.061646 0.015869 -0.013184 -0.119857 0.030854 -0.025633
-0.055054 0.017456 -0.021851 -0.107040 0.033940 -0.042484
-0.045776 0.012573 -0.025513 -0.089003 0.024446 -0.049604
-0.040405 0.009277 -0.027588 -0.078560 0.018038 -0.053639
-0.036621 0.012695 -0.028320 -0.071202 0.024683 -0.055063
-0.032471 0.018188 -0.027832 -0.063133 0.035364 -0.054114
-0.026489 0.018433 -0.024048 -0.051503 0.035838 -0.046756
-0.021118 0.015991 -0.018433 -0.041060 0.031092 -0.035838
-0.017822 0.012329 -0.014893 -0.034652 0.023971 -0.028956
-0.016968 0.009155 -0.017456 -0.032990 0.017801 -0.033940
-0.016846 0.007080 -0.021606 -0.032753 0.013766 -0.042009
-0.016846 0.003906 -0.025391 -0.032753 0.007595 -0.049367
-0.014282 0.008667 -0.033325 -0.027769 0.016851 -0.064794
0.000488 0.022827 -0.056152 0.000949 0.044383 -0.109177
0.017456 0.027832 -0.081421 0.033940 0.054114 -0.158306
0.016357 0.043091 -0.089722 0.031804 0.083781 -0.174445
0.019897 0.049316 -0.104736 0.038686 0.095885 -0.203638
0.023682 0.048584 -0.108032 0.046044 0.094461 -0.210046
0.028931 0.044922 -0.105347 0.056250 0.087341 -0.204825
0.032349 0.042114 -0.093384 0.062895 0.081882 -0.181565
0.025757 0.045288 -0.069092 0.050079 0.088053 -0.134335
0.002808 0.050293 -0.039795 0.005459 0.097784 -0.077373
-0.029419 0.052734 -0.015991 -0.057199 0.102531 -0.031092
