-0.183716 0.511719 -0.551636 -0.357197 0.994930 -1.072541
-0.232788 0.429810 -0.594360 -0.452608 0.835675 -1.155610
-0.264526 0.423706 -0.610352 -0.514316 0.823808 -1.186701
-0.294434 0.347412 -0.636963 -0.572465 0.675470 -1.238442
-0.334351 0.275269 -0.631348 -0.650075 0.535202 -1.227524
-0.399902 0.198364 -0.599976 -0.777527 0.385678 -1.166528
-0.479004 0.132690 -0.581665 -0.931323 0.257989 -1.130926
-0.572510 0.078735 -0.565674 -1.113126 0.153084 -1.099835
-0.683350 0.023804 -0.517456 -1.328631 0.046281 -1.006086
-0.799194 -0.046387 -0.415039 -1.553867 -0.090189 -0.806957
-0.906616 -0.150513 -0.254272 -1.762726 -0.292641 -0.494380
-1.005981 -0.298584 -0.025146 -1.955921 -0.580534 -0.048892
-1.098267 -0.487305 0.274536 -2.135350 -0.947462 0.533778
-1.182007 -0.743408 0.637085 -2.298166 -1.445402 1.238679
-1.248169 -0.936646 1.041016 -2.426804 -1.821112 2.024038
-1.304932 -1.032471 1.460327 -2.537168 -2.007424 2.839302
-1.410767 -1.040527 1.882690 -2.742942 -2.023089 3.660499
-1.527344 -0.966187 2.289063 -2.969602 -1.878548 4.450605
-1.633789 -0.868530 2.659912 -3.176562 -1.688676 5.171645
-1.722290 -0.730225 2.989380 -3.348634 -1.419770 5.812226
-1.764038 -0.507935 3.217896 -3.429805 -0.987573 6.256527
-1.678467 -0.199951 3.252808 -3.263429 -0.388763 6.324407
-1.449707 0.181030 3.091309 -2.818653 0.351976 6.010406
-1.142578 0.392212 2.769409 -2.221505 0.762574 5.384539
-0.847534 0.427124 2.368774 -1.647854 0.830454 4.605588
-0.599609 0.329224 1.956665 -1.165815 0.640107 3.804327
-0.388672 0.097778 1.560791 -0.755691 0.190110 3.034633
-0.212280 -0.162231 1.211792 -0.412735 -0.315425 2.356077
-0.107422 -0.337769 0.940918 -0.208859 -0.656721 1.829419
-0.066528 -0.369507 0.742432 -0.129350 -0.718429 1.443504
-0.058228 -0.276733 0.594360 -0.113211 -0.538050 1.155610
-0.058838 -0.136108 0.490234 -0.114398 -0.264634 0.953159
-0.048584 -0.008789 0.414551 -0.094461 -0.017089 0.806008
-0.023804 0.086304 0.346802 -0.046281 0.167800 0.674284
-0.000732 0.176758 0.262817 -0.001424 0.343669 0.510994
0.013062 0.273315 0.152832 0.025395 0.531405 0.297150
0.023193 0.350098 0.016479 0.045095 0.680692 0.032041
0.032837 0.383911 -0.139771 0.063845 0.746435 -0.271755
0.042480 0.367554 -0.301270 0.082594 0.714632 -0.585756
0.046265 0.336426 -0.463013 0.089952 0.654110 -0.900232
0.041138 0.326294 -0.615479 0.079984 0.634411 -1.196670
0.021606 0.340698 -0.744873 0.042009 0.662417 -1.448250
0.003906 0.354980 -0.848267 0.007595 0.690186 -1.649278
0.000122 0.352661 -0.919434 0.000237 0.685676 -1.787647
0.007813 0.328979 -0.971069 0.015190 0.639632 -1.888042
0.014160 0.291870 -1.014404 0.027531 0.567481 -1.972298
0.006226 0.263550 -1.061646 0.012104 0.512418 -2.064148
-0.017456 0.240845 -1.115479 -0.033940 0.468272 -2.168816
-0.050049 0.218140 -1.175293 -0.097310 0.424127 -2.285112
-0.085815 0.194336 -1.231323 -0.166850 0.377846 -2.394052
-0.117920 0.178345 -1.275879 -0.229271 0.346754 -2.480681
-0.144531 0.168823 -1.314575 -0.281011 0.328242 -2.555918
-0.172607 0.145264 -1.343628 -0.335599 0.282435 -2.612405
-0.202637 0.114990 -1.352661 -0.393985 0.223575 -2.629968
-0.229614 0.078979 -1.352661 -0.446437 0.153559 -2.629968
-0.259277 0.036499 -1.335449 -0.504111 0.070965 -2.596503
-0.283203 -0.015503 -1.302979 -0.550629 -0.030142 -2.533370
-0.290283 -0.065918 -1.249023 -0.564395 -0.128164 -2.428466
-0.279053 -0.108765 -1.177124 -0.542560 -0.211470 -2.288672
-0.263550 -0.125732 -1.097900 -0.512418 -0.244460 -2.134639
-0.256714 -0.097046 -1.000000 -0.499127 -0.188686 -1.944292
-0.256104 -0.038208 -0.878540 -0.497940 -0.074288 -1.708138
-0.259033 0.024170 -0.745483 -0.503636 0.046993 -1.449437
-0.257935 0.089722 -0.602417 -0.501500 0.174445 -1.171274
-0.251343 0.142944 -0.458862 -0.488684 0.277925 -0.892162
-0.244507 0.178955 -0.328857 -0.475393 0.347941 -0.639395
-0.236328 0.192261 -0.217651 -0.459491 0.373811 -0.423178
-0.226563 0.189331 -0.129395 -0.440504 0.368115 -0.251581
-0.217163 0.183960 -0.060791 -0.422228 0.357672 -0.118195
-0.207153 0.181274 -0.010010 -0.402766 0.352450 -0.019462
-0.189087 0.170410 0.034058 -0.367640 0.331327 0.066218
-0.156128 0.150635 0.068970 -0.303558 0.292878 0.134097
-0.116821 0.120483 0.093140 -0.227135 0.234255 0.181091
-0.078735 0.093384 0.122314 -0.153084 0.181565 0.237815
-0.051636 0.071411 0.142944 -0.100395 0.138844 0.277925
-0.041382 0.064331 0.160400 -0.080458 0.125078 0.311865
-0.039185 0.075317 0.174561 -0.076186 0.146439 0.339397
-0.041748 0.093872 0.175415 -0.081170 0.182515 0.341058
-0.047852 0.117310 0.155884 -0.093037 0.228084 0.303084
-0.056641 0.130859 0.121216 -0.110126 0.254429 0.235679
-0.057617 0.136719 0.074829 -0.112025 0.265821 0.145490
-0.048828 0.131348 0.017090 -0.094936 0.255378 0.033228
-0.045898 0.116699 -0.029907 -0.089240 0.226897 -0.058148
-0.052246 0.097656 -0.057617 -0.101582 0.189872 -0.112025
-0.061890 0.076050 -0.066650 -0.120332 0.147863 -0.129588
-0.062622 0.055176 -0.060425 -0.121756 0.107278 -0.117483
-0.051758 0.046753 -0.043945 -0.100632 0.090901 -0.085443
-0.036865 0.057861 -0.021362 -0.071677 0.112499 -0.041535
-0.027588 0.082886 0.002808 -0.053639 0.161154 0.005459
-0.024780 0.117554 0.023071 -0.048180 0.228559 0.044857
-0.024292 0.149048 0.035889 -0.047231 0.289792 0.069778
-0.024292 0.165894 0.043945 -0.047231 0.322545 0.085443
-0.024048 0.165771 0.047119 -0.046756 0.322308 0.091613
-0.025391 0.154053 0.043945 -0.049367 0.299523 0.085443
-0.029663 0.133911 0.036621 -0.057674 0.260362 0.071202
-0.040894 0.112915 0.025269 -0.079509 0.219540 0.049129
-0.054321 0.095215 0.014893 -0.105616 0.185125 0.028956
-0.065063 0.081421 0.007935 -0.126502 0.158306 0.015427
-0.068970 0.066284 0.005615 -0.134097 0.128876 0.010918
-0.066162 0.046997 0.005493 -0.128638 0.091376 0.010680
-0.057495 0.027832 0.007813 -0.111787 0.054114 0.015190
-0.047607 0.016724 0.013306 -0.092563 0.032516 0.025870
-0.037964 0.015137 0.020874 -0.073813 0.029430 0.040585
-0.026733 0.021362 0.030273 -0.051978 0.041535 0.058860
-0.015991 0.035645 0.040283 -0.031092 0.069303 0.078322
-0.011719 0.062256 0.048950 -0.022785 0.121044 0.095173
-0.030029 0.115234 0.041138 -0.058386 0.224049 0.079984
-0.103882 0.192871 0.002319 -0.201977 0.374998 0.004509
-0.151123 0.294556 -0.012085 -0.293827 0.572702 -0.023497
-0.113281 0.371216 -0.006592 -0.220252 0.721752 -0.012816
-0.013428 0.346313 -0.001587 -0.026107 0.673334 -0.003085
0.088013 0.270874 -0.001953 0.171122 0.526658 -0.003797
0.157471 0.221436 0.000977 0.306169 0.430535 0.001899
0.193359 0.205688 0.001587 0.375947 0.399918 0.003085
0.205566 0.197266 -0.003540 0.399681 0.383542 -0.006883
0.198242 0.196777 -0.008423 0.385441 0.382593 -0.016376
0.171631 0.197388 -0.011108 0.333700 0.383779 -0.021598
0.130981 0.182129 -0.013672 0.254666 0.354112 -0.026582
0.085693 0.146240 -0.017212 0.166613 0.284334 -0.033465
0.038696 0.097900 -0.018311 0.075237 0.190347 -0.035601
-0.001953 0.053833 -0.016357 -0.003797 0.104667 -0.031804
-0.027710 0.036011 -0.008667 -0.053876 0.070015 -0.016851
-0.037354 0.021362 0.014404 -0.072626 0.041535 0.028006
-0.051636 0.003784 0.043091 -0.100395 0.007358 0.083781
-0.076416 -0.018066 0.058472 -0.148575 -0.035126 0.113686
-0.080811 -0.040771 0.073242 -0.157119 -0.079272 0.142404
-0.071411 -0.044800 0.094238 -0.138844 -0.087104 0.183227
-0.051636 -0.007446 0.112793 -0.100395 -0.014478 0.219302
-0.024902 0.043335 0.112915 -0.048417 0.084256 0.219540
-0.001343 0.095337 0.087280 -0.002611 0.185363 0.169698
0.007324 0.132080 0.048340 0.014240 0.256802 0.093987
0.002563 0.140381 0.000610 0.004984 0.272941 0.001187
-0.008545 0.136353 -0.045776 -0.016614 0.265109 -0.089003
-0.025391 0.130615 -0.073242 -0.049367 0.253954 -0.142404
-0.044678 0.125122 -0.084106 -0.086867 0.243274 -0.163527
-0.060303 0.106689 -0.078857 -0.117246 0.207435 -0.153322
-0.070068 0.075928 -0.061401 -0.136233 0.147626 -0.119382
-0.078247 0.054565 -0.038330 -0.152135 0.106091 -0.074525
-0.085693 0.050293 -0.015015 -0.166613 0.097784 -0.029193
-0.087769 0.051514 0.003174 -0.170648 0.100158 0.006171
-0.079468 0.046997 0.017578 -0.154509 0.091376 0.034177
-0.070068 0.039551 0.022827 -0.136233 0.076898 0.044383
-0.070679 0.035767 0.013062 -0.137420 0.069541 0.025395
-0.079346 0.033447 -0.009766 -0.154271 0.065031 -0.018987
-0.088745 0.028564 -0.037354 -0.172546 0.055538 -0.072626
-0.097412 0.026001 -0.063354 -0.189398 0.050553 -0.123180
-0.098145 0.028931 -0.079224 -0.190822 0.056250 -0.154034
-0.090820 0.036133 -0.086670 -0.176581 0.070253 -0.168512
-0.078247 0.046265 -0.090088 -0.152135 0.089952 -0.175157
-0.066162 0.060425 -0.089233 -0.128638 0.117483 -0.173496
