-0.378906 0.570557 -0.676636 -0.736704 1.109329 -1.315577
-0.402832 0.424194 -0.666138 -0.783223 0.824758 -1.295166
-0.441162 0.338867 -0.611328 -0.857748 0.658857 -1.188600
-0.509033 0.192993 -0.530273 -0.989709 0.375235 -1.031006
-0.610840 0.031006 -0.386353 -1.187651 0.060284 -0.751182
-0.738403 -0.124146 -0.165283 -1.435671 -0.241375 -0.321359
-0.878906 -0.275757 0.141602 -1.708850 -0.536152 0.275315
-1.028442 -0.437134 0.526733 -1.999592 -0.849916 1.024123
-1.144043 -0.512939 0.932861 -2.224353 -0.997304 1.813754
-1.228149 -0.509399 1.325806 -2.387881 -0.990421 2.577753
-1.282104 -0.486206 1.711182 -2.492785 -0.945326 3.327036
-1.323975 -0.505981 2.088989 -2.574193 -0.983775 4.061604
-1.399048 -0.567017 2.466187 -2.720157 -1.102446 4.794986
-1.507690 -0.607910 2.828369 -2.931390 -1.181955 5.499175
-1.631104 -0.647461 3.160034 -3.171341 -1.258853 6.144028
-1.782349 -0.653198 3.456055 -3.465405 -1.270008 6.719578
-1.961304 -0.475220 3.664673 -3.813346 -0.923966 7.125193
-1.992432 -0.089478 3.675903 -3.873868 -0.173970 7.147028
-1.784546 0.246094 3.433594 -3.469678 0.478478 6.675908
-1.349609 0.518921 2.987915 -2.624034 1.008934 5.809378
-0.844360 0.575195 2.452759 -1.641683 1.118347 4.768878
-0.434082 0.379639 1.897583 -0.843982 0.738128 3.689455
-0.182617 0.065796 1.362793 -0.355061 0.127926 2.649667
-0.064209 -0.198730 0.884033 -0.124841 -0.386390 1.718818
-0.008057 -0.339233 0.525269 -0.015664 -0.659569 1.021275
0.031616 -0.375977 0.315674 0.061471 -0.731008 0.613762
0.069458 -0.331665 0.221558 0.135047 -0.644854 0.430773
0.101318 -0.236694 0.192993 0.196992 -0.460203 0.375235
0.113037 -0.100708 0.182007 0.219777 -0.195806 0.353874
0.104858 0.052490 0.149536 0.203875 0.102056 0.290742
0.082397 0.168091 0.080322 0.160205 0.326818 0.156170
0.051758 0.223022 -0.022095 0.100632 0.433621 -0.042959
0.026733 0.247681 -0.151123 0.051978 0.481563 -0.293827
0.019165 0.262573 -0.297241 0.037262 0.510519 -0.577924
0.020264 0.258057 -0.442505 0.039398 0.501737 -0.860359
0.025146 0.244873 -0.574097 0.048892 0.476105 -1.116211
0.035156 0.228027 -0.688965 0.068354 0.443352 -1.339549
0.039917 0.214600 -0.782471 0.077610 0.417244 -1.521351
0.034424 0.208740 -0.862427 0.066930 0.405852 -1.676809
0.022705 0.209961 -0.923584 0.044145 0.408225 -1.795717
0.011108 0.205688 -0.971680 0.021598 0.399918 -1.889229
0.002319 0.194946 -1.003906 0.004509 0.379032 -1.951887
0.000977 0.187378 -1.032715 0.001899 0.364317 -2.007899
-0.010132 0.182251 -1.071045 -0.019699 0.354349 -2.082424
-0.051636 0.192993 -1.109253 -0.100395 0.375235 -2.156711
-0.105347 0.225220 -1.159668 -0.204825 0.437893 -2.254733
-0.146484 0.238525 -1.218506 -0.284808 0.463763 -2.369131
-0.178101 0.221558 -1.260498 -0.346279 0.430773 -2.450776
-0.202026 0.199585 -1.284912 -0.392798 0.388051 -2.498244
-0.223877 0.187134 -1.309937 -0.435282 0.363843 -2.546899
-0.235718 0.175415 -1.329224 -0.458304 0.341058 -2.584398
-0.239258 0.156250 -1.327881 -0.465187 0.303796 -2.581788
-0.239136 0.146851 -1.300293 -0.464950 0.285520 -2.528149
-0.237183 0.145752 -1.264893 -0.461152 0.283384 -2.459320
-0.231812 0.139648 -1.215088 -0.450709 0.271517 -2.362485
-0.228271 0.117554 -1.156616 -0.443826 0.228559 -2.248799
-0.227417 0.079346 -1.090820 -0.442165 0.154271 -2.120873
-0.225464 0.060791 -1.016113 -0.438368 0.118195 -1.975621
-0.228760 0.082031 -0.915283 -0.444776 0.159493 -1.779577
-0.232300 0.126465 -0.781006 -0.451659 0.245885 -1.518503
-0.223633 0.168091 -0.630859 -0.434807 0.326818 -1.226575
-0.210571 0.199951 -0.478027 -0.409412 0.388763 -0.929425
-0.203491 0.223145 -0.334961 -0.395646 0.433858 -0.651262
-0.205200 0.232422 -0.202759 -0.398969 0.451896 -0.394222
-0.209961 0.222900 -0.081665 -0.408225 0.433383 -0.158781
-0.203003 0.212524 0.018433 -0.394697 0.413209 0.035838
-0.188843 0.191650 0.094727 -0.367165 0.372624 0.184176
-0.156250 0.176270 0.164673 -0.303796 0.342719 0.320172
-0.109863 0.145996 0.211182 -0.213606 0.283859 0.410599
-0.063721 0.112305 0.231689 -0.123892 0.218353 0.450472
-0.028931 0.086670 0.225098 -0.056250 0.168512 0.437655
-0.012695 0.071045 0.201782 -0.024683 0.138132 0.392323
-0.000977 0.065552 0.160522 -0.001899 0.127452 0.312102
0.012573 0.054321 0.106934 0.024446 0.105616 0.207910
0.035889 0.038208 0.055786 0.069778 0.074288 0.108465
0.066406 0.012695 0.011230 0.129113 0.024683 0.021835
0.091553 -0.001587 -0.012573 0.178005 -0.003085 -0.024446
0.104736 0.013184 -0.015747 0.203638 0.025633 -0.030617
0.106323 0.042603 -0.007568 0.206723 0.082832 -0.014715
0.101929 0.072266 0.008789 0.198179 0.140505 0.017089
0.095337 0.112915 0.028809 0.185363 0.219540 0.056012
0.088013 0.160889 0.047119 0.171122 0.312815 0.091613
0.081055 0.202515 0.061279 0.157594 0.393748 0.119145
0.075684 0.229736 0.070557 0.147151 0.446674 0.137183
0.072266 0.242432 0.074097 0.140505 0.471358 0.144066
0.070313 0.235596 0.072998 0.136708 0.458067 0.141929
0.069580 0.213623 0.067627 0.135284 0.415345 0.131487
0.066895 0.182739 0.059814 0.130062 0.355298 0.116297
0.056641 0.147339 0.051392 0.110126 0.286470 0.099920
0.033081 0.112793 0.039429 0.064319 0.219302 0.076661
-0.002930 0.089478 0.024780 -0.005696 0.173970 0.048180
-0.045776 0.075806 0.008423 -0.089003 0.147388 0.016376
-0.087402 0.062988 -0.003418 -0.169936 0.122468 -0.006646
-0.118164 0.050903 -0.009155 -0.229745 0.098971 -0.017801
-0.135986 0.039429 -0.010132 -0.264397 0.076661 -0.019699
-0.141357 0.028931 -0.005737 -0.274840 0.056250 -0.011155
-0.145264 0.028564 -0.001953 -0.282435 0.055538 -0.003797
-0.144531 0.045166 0.005615 -0.281011 0.087816 0.010918
-0.149780 0.079102 0.010864 -0.291217 0.153797 0.021123
-0.202026 0.128296 -0.017944 -0.392798 0.249445 -0.034889
-0.249634 0.154541 -0.054199 -0.485361 0.300473 -0.105379
-0.205933 0.205444 -0.085693 -0.400393 0.399444 -0.166613
-0.108398 0.250122 -0.081543 -0.210758 0.486310 -0.158543
0.005859 0.281738 -0.049561 0.011392 0.547781 -0.096360
0.110107 0.291626 -0.019409 0.214081 0.567006 -0.037737
0.172852 0.280640 0.003662 0.336074 0.545645 0.007120
0.187378 0.242432 0.017578 0.364317 0.471358 0.034177
0.165894 0.184448 0.024414 0.322545 0.358621 0.047468
0.118286 0.128052 0.029297 0.229983 0.248970 0.056962
0.057373 0.091919 0.034546 0.111550 0.178717 0.067167
-0.001831 0.045044 0.039551 -0.003560 0.087579 0.076898
-0.044800 -0.007568 0.036011 -0.087104 -0.014715 0.070015
-0.059814 -0.033203 0.031128 -0.116297 -0.064557 0.060522
-0.058472 -0.029541 0.034912 -0.113686 -0.057436 0.067879
-0.051514 -0.009033 0.038330 -0.100158 -0.017563 0.074525
-0.046265 0.017456 0.032227 -0.089952 0.033940 0.062658
-0.045532 0.045532 0.013062 -0.088528 0.088528 0.025395
-0.048218 0.081421 -0.013794 -0.093749 0.158306 -0.026819
-0.046997 0.123291 -0.036621 -0.091376 0.239714 -0.071202
-0.035767 0.166016 -0.053711 -0.069541 0.322783 -0.104430
-0.014282 0.214111 -0.075684 -0.027769 0.416295 -0.147151
0.003052 0.237549 -0.100342 0.005934 0.461864 -0.195094
0.002563 0.206665 -0.120361 0.004984 0.401817 -0.234018
0.001099 0.138428 -0.128906 0.002136 0.269144 -0.250631
0.020996 0.091919 -0.121948 0.040823 0.178717 -0.237103
0.044312 0.084473 -0.106323 0.086155 0.164239 -0.206723
0.042480 0.079956 -0.090210 0.082594 0.155458 -0.175394
0.019043 0.052734 -0.072388 0.037025 0.102531 -0.140743
-0.005127 0.008911 -0.056396 -0.009968 0.017326 -0.109651
-0.021118 -0.033691 -0.043579 -0.041060 -0.065506 -0.084730
-0.029785 -0.066040 -0.033691 -0.057911 -0.128401 -0.065506
-0.035278 -0.086670 -0.029297 -0.068591 -0.168512 -0.056962
-0.037842 -0.096680 -0.030273 -0.073575 -0.187973 -0.058860
-0.036499 -0.097412 -0.035645 -0.070965 -0.189398 -0.069303
-0.030762 -0.089478 -0.047607 -0.059810 -0.173970 -0.092563
-0.029419 -0.068970 -0.058105 -0.057199 -0.134097 -0.112974
-0.033569 -0.044189 -0.057495 -0.065269 -0.085917 -0.111787
-0.037354 -0.019531 -0.051758 -0.072626 -0.037974 -0.100632
-0.040039 -0.002197 -0.041748 -0.077848 -0.004272 -0.081170
-0.045898 -0.002930 -0.031006 -0.089240 -0.005696 -0.060284
-0.051025 -0.016846 -0.029175 -0.099208 -0.032753 -0.056724
-0.057983 -0.017334 -0.029053 -0.112737 -0.033702 -0.056487
-0.066162 0.005493 -0.030273 -0.128638 0.010680 -0.058860
-0.069824 0.017456 -0.031860 -0.135759 0.033940 -0.061946
-0.067139 0.010498 -0.031860 -0.130537 0.020411 -0.061946
-0.062500 0.000854 -0.029053 -0.121518 0.001661 -0.056487
-0.056396 -0.003784 -0.028076 -0.109651 -0.007358 -0.054588
-0.051270 -0.007690 -0.023926 -0.099683 -0.014952 -0.046519
-0.053589 -0.007446 -0.018433 -0.104192 -0.014478 -0.035838
-0.054565 -0.011475 -0.014038 -0.106091 -0.022310 -0.027294
