-0.159790 0.341553 -0.358521 -0.310678 0.664078 -0.697068
-0.151245 0.388306 -0.338989 -0.294065 0.754979 -0.659094
-0.182617 0.354370 -0.309204 -0.355061 0.688999 -0.601183
-0.224854 0.307373 -0.258667 -0.437181 0.597623 -0.502924
-0.260742 0.209106 -0.196533 -0.506959 0.406564 -0.382118
-0.288574 0.109985 -0.127686 -0.561072 0.213844 -0.248258
-0.313721 0.013428 -0.058716 -0.609965 0.026107 -0.114161
-0.348389 -0.070190 0.021118 -0.677369 -0.136471 0.041060
-0.406738 -0.126343 0.119873 -0.790818 -0.245647 0.233068
-0.480835 -0.139160 0.240723 -0.934883 -0.270568 0.468035
-0.564941 -0.128784 0.377197 -1.098411 -0.250394 0.733381
-0.662842 -0.114258 0.520630 -1.288758 -0.222151 1.012256
-0.763306 -0.095337 0.680298 -1.484089 -0.185363 1.322697
-0.858643 -0.077515 0.863403 -1.669452 -0.150711 1.678708
-0.948730 -0.051025 1.075073 -1.844609 -0.099208 2.090256
-1.039673 -0.048218 1.302734 -2.021427 -0.093749 2.532896
-1.126221 -0.086670 1.530884 -2.189702 -0.168512 2.976485
-1.197754 -0.170288 1.747925 -2.328783 -0.331090 3.398476
-1.233643 -0.281250 1.947388 -2.398561 -0.546832 3.786289
-1.203491 -0.420166 2.101318 -2.339938 -0.816925 4.085576
-1.104980 -0.552246 2.192261 -2.148404 -1.073727 4.262394
-0.952515 -0.640991 2.187866 -1.851966 -1.246274 4.253850
-0.782959 -0.635376 2.078979 -1.522301 -1.235356 4.042142
-0.631226 -0.526245 1.882813 -1.227287 -1.023174 3.660737
-0.530273 -0.375122 1.643188 -1.031006 -0.729347 3.194838
-0.490723 -0.229858 1.413574 -0.954108 -0.446912 2.748400
-0.486938 -0.111206 1.227905 -0.946750 -0.216217 2.387406
-0.487671 -0.035522 1.073730 -0.948174 -0.069066 2.087645
-0.467285 0.005371 0.917358 -0.908539 0.010443 1.783612
-0.417847 0.013184 0.735840 -0.812416 0.025633 1.430687
-0.363525 -0.027954 0.552124 -0.706799 -0.054351 1.073490
-0.314453 -0.093994 0.385742 -0.611389 -0.182752 0.749995
-0.271118 -0.157593 0.237793 -0.527133 -0.306406 0.462339
-0.245850 -0.183960 0.108887 -0.478003 -0.357672 0.211708
-0.245972 -0.165161 0.001465 -0.478241 -0.321121 0.002848
-0.265625 -0.115967 -0.083618 -0.516452 -0.225473 -0.162578
-0.295776 -0.058594 -0.148804 -0.575076 -0.113923 -0.289318
-0.328247 -0.013672 -0.194946 -0.638208 -0.026582 -0.379032
-0.358398 0.010864 -0.233276 -0.696831 0.021123 -0.453557
-0.385498 0.008667 -0.274658 -0.749521 0.016851 -0.534016
-0.411255 0.006348 -0.327759 -0.799599 0.012342 -0.637259
-0.440308 0.014282 -0.391846 -0.856086 0.027769 -0.761862
-0.478760 0.020996 -0.463257 -0.930849 0.040823 -0.900706
-0.532349 0.029175 -0.545288 -1.035041 0.056724 -1.060199
-0.567261 0.046143 -0.625977 -1.102920 0.089715 -1.217081
-0.569946 0.038818 -0.708984 -1.108142 0.075474 -1.378472
-0.559082 0.028931 -0.797607 -1.087018 0.056250 -1.550781
-0.555542 0.024414 -0.891113 -1.080136 0.047468 -1.732584
-0.567505 0.031372 -0.984497 -1.103395 0.060996 -1.914149
-0.586914 0.047607 -1.079590 -1.141132 0.092563 -2.099037
-0.600830 0.082031 -1.163940 -1.168189 0.159493 -2.263040
-0.606201 0.125366 -1.229980 -1.178632 0.243748 -2.391441
-0.599731 0.167480 -1.274780 -1.166053 0.325631 -2.478545
-0.576416 0.206421 -1.295288 -1.120721 0.401342 -2.518418
-0.547363 0.235962 -1.289795 -1.064234 0.458779 -2.507737
-0.520996 0.262451 -1.259888 -1.012968 0.510282 -2.449589
-0.496582 0.276978 -1.207397 -0.965500 0.538525 -2.347533
-0.478394 0.277832 -1.137207 -0.930137 0.540186 -2.211062
-0.464722 0.290527 -1.061279 -0.903554 0.564870 -2.063437
-0.458984 0.308228 -0.985352 -0.892399 0.599284 -1.915811
-0.451172 0.320435 -0.901367 -0.877210 0.623018 -1.752521
-0.427246 0.320435 -0.808105 -0.830691 0.623018 -1.571193
-0.376221 0.315674 -0.713989 -0.731483 0.613762 -1.388203
-0.301147 0.289917 -0.623657 -0.585518 0.563683 -1.212572
-0.222290 0.238770 -0.547119 -0.432197 0.464238 -1.063759
-0.154663 0.190552 -0.487671 -0.300710 0.370488 -0.948174
-0.088745 0.145874 -0.437744 -0.172546 0.283622 -0.851102
-0.030762 0.097534 -0.380249 -0.059810 0.189635 -0.739315
0.002563 0.067261 -0.308838 0.004984 0.130774 -0.600471
0.014282 0.063354 -0.223389 0.027769 0.123180 -0.434333
0.008057 0.076050 -0.149658 0.015664 0.147863 -0.290979
-0.022339 0.076416 -0.073853 -0.043433 0.148575 -0.143591
-0.058960 0.084229 -0.005371 -0.114635 0.163765 -0.010443
-0.080322 0.075195 0.046753 -0.156170 0.146202 0.090901
-0.087524 0.051270 0.082275 -0.170173 0.099683 0.159967
-0.088745 0.030273 0.100830 -0.172546 0.058860 0.196043
-0.085083 0.021973 0.096069 -0.165426 0.042721 0.186787
-0.075195 0.012329 0.074097 -0.146202 0.023971 0.144066
-0.061768 0.000122 0.044922 -0.120094 0.000237 0.087341
-0.050171 -0.012695 0.023193 -0.097547 -0.024683 0.045095
-0.041138 -0.015381 0.013550 -0.079984 -0.029905 0.026345
-0.036987 -0.015503 0.014771 -0.071914 -0.030142 0.028718
-0.037842 -0.022339 0.026001 -0.073575 -0.043433 0.050553
-0.038208 -0.030518 0.042114 -0.074288 -0.059335 0.081882
-0.045288 -0.040161 0.062012 -0.088053 -0.078085 0.120569
-0.064209 -0.044189 0.080688 -0.124841 -0.085917 0.156882
-0.088013 -0.036011 0.093140 -0.171122 -0.070015 0.181091
-0.105591 -0.018677 0.096802 -0.205299 -0.036313 0.188211
-0.115234 0.002441 0.091431 -0.224049 0.004747 0.177768
-0.116821 0.019653 0.081055 -0.227135 0.038212 0.157594
-0.111328 0.029297 0.068726 -0.216454 0.056962 0.133623
-0.102417 0.025391 0.058472 -0.199128 0.049367 0.113686
-0.091431 0.010986 0.050781 -0.177768 0.021361 0.098734
-0.082886 -0.006348 0.048218 -0.161154 -0.012342 0.093749
-0.076538 -0.025146 0.050903 -0.148812 -0.048892 0.098971
-0.073730 -0.039917 0.054199 -0.143354 -0.077610 0.105379
-0.076172 -0.040161 0.052368 -0.148100 -0.078085 0.101819
-0.084961 -0.023926 0.047607 -0.165189 -0.046519 0.092563
-0.092285 -0.000488 0.044678 -0.179429 -0.000949 0.086867
-0.093384 0.018066 0.041504 -0.181565 0.035126 0.080696
-0.089233 0.022339 0.031372 -0.173496 0.043433 0.060996
-0.083252 0.016724 0.017944 -0.161866 0.032516 0.034889
-0.075684 0.013672 0.001465 -0.147151 0.026582 0.002848
-0.068604 0.011353 -0.016724 -0.133385 0.022073 -0.032516
-0.060059 0.010498 -0.035767 -0.116771 0.020411 -0.069541
-0.049927 0.008545 -0.052002 -0.097072 0.016614 -0.101107
-0.038818 0.003784 -0.064819 -0.075474 0.007358 -0.126028
-0.029419 -0.003906 -0.072144 -0.057199 -0.007595 -0.140268
-0.027710 -0.010498 -0.069702 -0.053876 -0.020411 -0.135521
-0.035400 -0.013428 -0.057007 -0.068829 -0.026107 -0.110838
-0.044800 -0.012207 -0.039673 -0.087104 -0.023734 -0.077136
-0.053101 -0.009521 -0.022095 -0.103243 -0.018513 -0.042959
-0.062134 -0.004395 -0.004395 -0.120806 -0.008544 -0.008544
-0.073486 0.003662 0.013184 -0.142879 0.007120 0.025633
-0.084106 0.010376 0.026367 -0.163527 0.020174 0.051266
-0.088135 0.014526 0.031860 -0.171360 0.028243 0.061946
-0.083618 0.017090 0.027344 -0.162578 0.033228 0.053164
-0.075928 0.015869 0.014160 -0.147626 0.030854 0.027531
-0.068237 0.011963 0.001587 -0.132673 0.023259 0.003085
-0.064087 0.010620 -0.007202 -0.124604 0.020649 -0.014003
-0.060059 0.009766 -0.012451 -0.116771 0.018987 -0.024209
-0.055054 0.007935 -0.015625 -0.107040 0.015427 -0.030380
-0.049561 0.003418 -0.015503 -0.096360 0.006646 -0.030142
-0.046753 -0.002319 -0.015381 -0.090901 -0.004509 -0.029905
-0.050659 -0.007324 -0.016602 -0.098496 -0.014240 -0.032278
-0.061768 -0.007080 -0.014038 -0.120094 -0.013766 -0.027294
-0.075439 0.000366 -0.006226 -0.146676 0.000712 -0.012104
-0.089478 0.001831 0.002563 -0.173970 0.003560 0.004984
-0.092773 -0.003662 0.008667 -0.180379 -0.007120 0.016851
-0.081055 -0.003784 0.014893 -0.157594 -0.007358 0.028956
-0.060913 0.002930 0.019409 -0.118433 0.005696 0.037737
-0.041504 0.014282 0.015747 -0.080696 0.027769 0.030617
-0.026001 0.023560 0.003540 -0.050553 0.045807 0.006883
-0.023560 0.028564 -0.012085 -0.045807 0.055538 -0.023497
-0.035889 0.028442 -0.023682 -0.069778 0.055300 -0.046044
-0.050537 0.018066 -0.026733 -0.098259 0.035126 -0.051978
-0.066895 -0.005005 -0.017700 -0.130062 -0.009731 -0.034414
-0.078369 -0.002319 0.003052 -0.152372 -0.004509 0.005934
-0.085571 0.008789 0.019897 -0.166376 0.017089 0.038686
-0.092285 0.010498 0.030884 -0.179429 0.020411 0.060047
-0.102539 0.015137 0.036743 -0.199366 0.029430 0.071439
-0.119629 0.034058 0.034424 -0.232593 0.066218 0.066930
-0.132690 0.051025 0.022827 -0.257989 0.099208 0.044383
-0.131226 0.059570 0.009766 -0.255141 0.115822 0.018987
-0.119385 0.052734 0.005127 -0.232119 0.102531 0.009968
-0.108765 0.033813 0.003906 -0.211470 0.065743 0.007595
-0.102051 0.015869 0.003296 -0.198416 0.030854 0.006408
-0.101685 0.006958 0.002563 -0.197704 0.013528 0.004984
-0.101318 0.003174 0.002441 -0.196992 0.006171 0.004747
-0.094849 0.005005 0.001831 -0.184413 0.009731 0.003560
