-0.114624 -0.059082 -0.278076 -0.222863 -0.114873 -0.540661
-0.117065 -0.004272 -0.248901 -0.227609 -0.008307 -0.483937
-0.132935 0.064575 -0.224731 -0.258464 0.125553 -0.436943
-0.185669 0.110352 -0.209106 -0.360995 0.214556 -0.406564
-0.245117 0.214600 -0.186035 -0.476579 0.417244 -0.361707
-0.299561 0.272705 -0.157959 -0.582433 0.530218 -0.307118
-0.334961 0.291504 -0.114990 -0.651262 0.566769 -0.223575
-0.359375 0.264648 -0.058228 -0.698730 0.514554 -0.113211
-0.371460 0.215332 0.012451 -0.722227 0.418668 0.024209
-0.368164 0.164917 0.089355 -0.715818 0.320647 0.173733
-0.347046 0.119507 0.154663 -0.674758 0.232356 0.300710
-0.313843 0.072632 0.199707 -0.610202 0.141217 0.388289
-0.295776 0.014282 0.224731 -0.575076 0.027769 0.436943
-0.300049 -0.019653 0.242798 -0.583382 -0.038212 0.472070
-0.317383 -0.014771 0.265869 -0.617085 -0.028718 0.516927
-0.340698 0.003906 0.305786 -0.662417 0.007595 0.594537
-0.355103 0.018311 0.362793 -0.690423 0.035601 0.705375
-0.367676 0.013672 0.430054 -0.714869 0.026582 0.836150
-0.385620 0.014893 0.505371 -0.749758 0.028956 0.982589
-0.402466 0.033813 0.583252 -0.782511 0.065743 1.134012
-0.417603 0.034424 0.660156 -0.811941 0.066930 1.283536
-0.442993 0.030029 0.746216 -0.861308 0.058386 1.450861
-0.510254 0.039307 0.828125 -0.992082 0.076424 1.610116
-0.616455 0.077515 0.920776 -1.198568 0.150711 1.790258
-0.720703 0.155884 1.010010 -1.401257 0.303084 1.963753
-0.808105 0.242432 1.089355 -1.571193 0.471358 2.118025
-0.882446 0.305298 1.174683 -1.715733 0.593588 2.283926
-0.956665 0.325439 1.263550 -1.860036 0.632749 2.456709
-1.015869 0.317871 1.343262 -1.975146 0.618034 2.611692
-1.030762 0.271851 1.393188 -2.004101 0.528557 2.708765
-0.987793 0.187622 1.387207 -1.920558 0.364792 2.697135
-0.910400 0.107056 1.343262 -1.770084 0.208147 2.611692
-0.833984 0.049194 1.282227 -1.621509 0.095648 2.493022
-0.772095 0.021484 1.215332 -1.501177 0.041772 2.362960
-0.720093 0.014160 1.133789 -1.400070 0.027531 2.204417
-0.678467 0.015869 1.038330 -1.319137 0.030854 2.018816
-0.650757 0.014526 0.941772 -1.265261 0.028243 1.831080
-0.633179 0.009033 0.853394 -1.231084 0.017563 1.659246
-0.616089 -0.011353 0.770508 -1.197856 -0.022073 1.498092
-0.585815 -0.046753 0.690308 -1.138996 -0.090901 1.342159
-0.541016 -0.092651 0.608032 -1.051892 -0.180141 1.182192
-0.492432 -0.132813 0.529297 -0.957431 -0.258226 1.029107
-0.454346 -0.161987 0.454346 -0.883381 -0.314951 0.883381
-0.428223 -0.171631 0.380493 -0.832590 -0.333700 0.739790
-0.399170 -0.149780 0.295288 -0.776103 -0.291217 0.574126
-0.368286 -0.093872 0.193237 -0.716056 -0.182515 0.375710
-0.337280 -0.013184 0.097534 -0.655771 -0.025633 0.189635
-0.291504 0.034424 0.017212 -0.566769 0.066930 0.033465
-0.230103 0.050659 -0.049561 -0.447386 0.098496 -0.096360
-0.166626 0.037354 -0.110107 -0.323969 0.072626 -0.214081
-0.110718 0.011597 -0.176025 -0.215268 0.022547 -0.342245
-0.078491 0.003418 -0.253906 -0.152610 0.006646 -0.493668
-0.084229 0.018555 -0.339966 -0.163765 0.036076 -0.660993
-0.152588 0.035522 -0.429077 -0.296675 0.069066 -0.834251
-0.181274 0.090698 -0.494995 -0.352450 0.176344 -0.962415
-0.151611 0.127319 -0.554565 -0.294777 0.247546 -1.078237
-0.102539 0.141479 -0.609253 -0.199366 0.275077 -1.184565
-0.061401 0.131714 -0.666382 -0.119382 0.256090 -1.295641
-0.051514 0.129150 -0.729980 -0.100158 0.251106 -1.419295
-0.050415 0.175049 -0.794556 -0.098022 0.340346 -1.544848
-0.061523 0.230347 -0.854980 -0.119620 0.447861 -1.662331
-0.096924 0.278809 -0.906006 -0.188448 0.542085 -1.761540
-0.148071 0.321533 -0.950195 -0.287894 0.625154 -1.847457
-0.201294 0.343262 -0.987549 -0.391374 0.667401 -1.920083
-0.240234 0.336304 -1.015625 -0.467086 0.653872 -1.974671
-0.253906 0.311523 -1.032959 -0.493668 0.605692 -2.008373
-0.244629 0.258667 -1.037109 -0.475630 0.502924 -2.016443
-0.232788 0.196167 -1.028564 -0.452608 0.381406 -1.999829
-0.226685 0.167114 -1.003418 -0.440741 0.324919 -1.950937
-0.217529 0.155029 -0.966187 -0.422940 0.301422 -1.878548
-0.209473 0.058594 -0.920654 -0.407276 0.113923 -1.790020
-0.201904 0.116211 -0.859741 -0.392561 0.225948 -1.671588
-0.192383 0.152832 -0.793213 -0.374048 0.297150 -1.542237
-0.183472 0.156250 -0.720581 -0.356722 0.303796 -1.401020
-0.170044 0.142822 -0.644775 -0.330615 0.277688 -1.253631
-0.153931 0.120850 -0.574707 -0.299286 0.234967 -1.117398
-0.132568 0.104858 -0.515137 -0.257752 0.203875 -1.001576
-0.103271 0.078247 -0.465698 -0.200790 0.152135 -0.905453
-0.074463 0.059692 -0.418213 -0.144778 0.116059 -0.813128
-0.053589 0.038208 -0.365723 -0.104192 0.074288 -0.711071
-0.045654 0.027588 -0.309326 -0.088765 0.053639 -0.601420
-0.046387 0.029053 -0.251709 -0.090189 0.056487 -0.489396
-0.050537 0.031128 -0.196289 -0.098259 0.060522 -0.381643
-0.050781 0.034058 -0.150513 -0.098734 0.066218 -0.292641
-0.048096 0.036377 -0.116943 -0.093512 0.070727 -0.227372
-0.043945 0.038574 -0.093384 -0.085443 0.075000 -0.181565
-0.042114 0.045410 -0.078613 -0.081882 0.088291 -0.152847
-0.046143 0.049561 -0.076050 -0.089715 0.096360 -0.147863
-0.051270 0.045654 -0.079224 -0.099683 0.088765 -0.154034
-0.052246 0.030884 -0.076538 -0.101582 0.060047 -0.148812
-0.049194 0.013428 -0.065796 -0.095648 0.026107 -0.127926
-0.046265 0.005249 -0.049438 -0.089952 0.010206 -0.096123
-0.047485 0.009399 -0.027954 -0.092325 0.018275 -0.054351
-0.053223 0.019531 -0.004761 -0.103480 0.037974 -0.009256
-0.058838 0.026123 0.014160 -0.114398 0.050791 0.027531
-0.060547 0.021362 0.026489 -0.117721 0.041535 0.051503
-0.061523 0.023804 0.033691 -0.119620 0.046281 0.065506
-0.062134 0.037598 0.031738 -0.120806 0.073101 0.061708
-0.061279 0.040649 0.020386 -0.119145 0.079034 0.039636
-0.058105 0.023682 0.008545 -0.112974 0.046044 0.016614
-0.056519 0.005859 0.002808 -0.109889 0.011392 0.005459
-0.062378 0.001709 0.003052 -0.121281 0.003323 0.005934
-0.070068 0.005493 0.006348 -0.136233 0.010680 0.012342
-0.072998 0.016357 0.012451 -0.141929 0.031804 0.024209
-0.075317 0.029297 0.024902 -0.146439 0.056962 0.048417
-0.092041 0.039185 0.042480 -0.178955 0.076186 0.082594
-0.111206 0.046265 0.054321 -0.216217 0.089952 0.105616
-0.119751 0.038696 0.058472 -0.232831 0.075237 0.113686
-0.117554 0.026123 0.059814 -0.228559 0.050791 0.116297
-0.113159 0.015625 0.055664 -0.220014 0.030380 0.108227
-0.114014 0.000488 0.042114 -0.221676 0.000949 0.081882
-0.117798 -0.013428 0.022949 -0.229033 -0.026107 0.044620
-0.121216 -0.015503 0.006592 -0.235679 -0.030142 0.012816
-0.124390 -0.013062 -0.003296 -0.241850 -0.025395 -0.006408
-0.125488 -0.012573 -0.004150 -0.243986 -0.024446 -0.008070
-0.121704 -0.008667 0.000122 -0.236628 -0.016851 0.000237
-0.117188 -0.002808 0.007935 -0.227847 -0.005459 0.015427
-0.113159 -0.005127 0.017090 -0.220014 -0.009968 0.033228
-0.108521 -0.011719 0.024536 -0.210996 -0.022785 0.047705
-0.106323 -0.010010 0.030884 -0.206723 -0.019462 0.060047
-0.107056 -0.003418 0.036499 -0.208147 -0.006646 0.070965
-0.106567 -0.005981 0.038208 -0.207198 -0.011630 0.074288
-0.102539 -0.018799 0.031494 -0.199366 -0.036550 0.061234
-0.096802 -0.028931 0.020996 -0.188211 -0.056250 0.040823
-0.091187 -0.032227 0.012329 -0.177293 -0.062658 0.023971
-0.088257 -0.029541 0.008301 -0.171597 -0.057436 0.016139
-0.092163 -0.023438 0.007324 -0.179192 -0.045569 0.014240
-0.096802 -0.018555 0.007690 -0.188211 -0.036076 0.014952
-0.096313 -0.014771 0.006226 -0.187261 -0.028718 0.012104
-0.092163 -0.004272 0.002563 -0.179192 -0.008307 0.004984
-0.088989 0.010864 -0.002197 -0.173021 0.021123 -0.004272
-0.089600 0.018799 -0.004883 -0.174208 0.036550 -0.009494
-0.092163 0.012451 -0.004272 -0.179192 0.024209 -0.008307
-0.094360 -0.001587 -0.002930 -0.183464 -0.003085 -0.005696
-0.096069 -0.012085 -0.003784 -0.186787 -0.023497 -0.007358
-0.095337 -0.012329 -0.007202 -0.185363 -0.023971 -0.014003
-0.092651 -0.005005 -0.011108 -0.180141 -0.009731 -0.021598
-0.090332 0.001099 -0.013672 -0.175632 0.002136 -0.026582
-0.091919 0.007202 -0.015503 -0.178717 0.014003 -0.030142
-0.094971 0.013062 -0.014648 -0.184651 0.025395 -0.028481
-0.093994 0.019165 -0.012939 -0.182752 0.037262 -0.025158
-0.087769 0.020020 -0.013916 -0.170648 0.038924 -0.027057
-0.079224 0.014648 -0.014160 -0.154034 0.028481 -0.027531
-0.070068 0.013672 -0.008667 -0.136233 0.026582 -0.016851
-0.063354 0.015259 0.000977 -0.123180 0.029668 0.001899
-0.062500 0.014404 0.007813 -0.121518 0.028006 0.015190
-0.065308 0.008789 0.011719 -0.126977 0.017089 0.022785
-0.066040 0.008057 0.011719 -0.128401 0.015664 0.022785
-0.063477 0.014038 0.009521 -0.123417 0.027294 0.018513
-0.062256 0.019165 0.007690 -0.121044 0.037262 0.014952
