-0.185303 0.353760 -0.910767 -0.360283 0.687812 -1.770796
-0.209106 0.332520 -0.942749 -0.406564 0.646515 -1.832979
-0.277100 0.272583 -0.956909 -0.538762 0.529981 -1.860510
-0.357178 0.261230 -0.952759 -0.694458 0.507908 -1.852441
-0.466919 0.232178 -0.926880 -0.907827 0.451421 -1.802125
-0.605957 0.171631 -0.849121 -1.178157 0.333700 -1.650939
-0.769165 0.082520 -0.701050 -1.495481 0.160442 -1.363045
-0.935425 -0.017456 -0.472168 -1.818739 -0.033940 -0.918032
-1.071289 -0.124023 -0.169800 -2.082898 -0.241138 -0.330140
-1.168823 -0.231689 0.177612 -2.272533 -0.450472 0.345330
-1.216919 -0.347534 0.535400 -2.366045 -0.675708 1.040974
-1.228516 -0.462524 0.880249 -2.388593 -0.899282 1.711461
-1.231445 -0.558472 1.211792 -2.394289 -1.085832 2.356077
-1.243652 -0.625122 1.543579 -2.418023 -1.215420 3.001168
-1.267700 -0.677368 1.887939 -2.464779 -1.317001 3.670705
-1.293945 -0.726929 2.227051 -2.515807 -1.413361 4.330036
-1.309204 -0.757813 2.524658 -2.545475 -1.473408 4.908672
-1.313599 -0.737915 2.744385 -2.554019 -1.434722 5.335884
-1.270386 -0.631836 2.837036 -2.470000 -1.228473 5.516026
-1.203125 -0.475220 2.787354 -2.339226 -0.923966 5.419428
-1.155029 -0.288208 2.625000 -2.245714 -0.560360 5.103765
-1.109375 -0.104004 2.357666 -2.156949 -0.202214 4.583990
-1.052490 0.002930 2.036621 -2.046348 0.005696 3.959785
-0.977661 -0.005371 1.721191 -1.900858 -0.010443 3.346498
-0.897949 -0.113770 1.463867 -1.745875 -0.221201 2.846185
-0.841675 -0.269775 1.297974 -1.636461 -0.524522 2.523639
-0.796997 -0.398193 1.189453 -1.549595 -0.774204 2.312644
-0.717407 -0.418213 1.077271 -1.394849 -0.813128 2.094528
-0.606567 -0.342651 0.929443 -1.179344 -0.666214 1.807109
-0.478760 -0.198242 0.744385 -0.930849 -0.385441 1.447301
-0.352539 -0.049194 0.544189 -0.685439 -0.095648 1.058063
-0.245850 0.067749 0.346558 -0.478003 0.131724 0.673809
-0.167847 0.153320 0.162598 -0.326343 0.298099 0.316137
-0.118042 0.216553 -0.007080 -0.229508 0.421042 -0.013766
-0.092529 0.262207 -0.160156 -0.179904 0.509807 -0.311390
-0.080322 0.281006 -0.294556 -0.156170 0.546357 -0.572702
-0.070557 0.271851 -0.409180 -0.137183 0.528557 -0.795565
-0.058594 0.234253 -0.506836 -0.113923 0.455456 -0.985437
-0.050293 0.176758 -0.591187 -0.097784 0.343669 -1.149439
-0.045166 0.111328 -0.663818 -0.087816 0.216454 -1.290656
-0.056030 0.036377 -0.723755 -0.108939 0.070727 -1.407191
-0.079346 -0.018188 -0.782837 -0.154271 -0.035364 -1.522063
-0.105347 -0.043091 -0.847046 -0.204825 -0.083781 -1.646904
-0.137207 -0.038818 -0.903320 -0.266770 -0.075474 -1.756318
-0.179688 0.002441 -0.942017 -0.349365 0.004747 -1.831555
-0.222290 0.064087 -0.971680 -0.432197 0.124604 -1.889229
-0.260010 0.111572 -0.985107 -0.505535 0.216929 -1.915336
-0.282715 0.147827 -1.001465 -0.549680 0.287419 -1.947140
-0.301758 0.154785 -1.026978 -0.586705 0.300947 -1.996744
-0.325439 0.136841 -1.051514 -0.632749 0.266058 -2.044449
-0.350342 0.121460 -1.063232 -0.681167 0.236154 -2.067234
-0.366333 0.110107 -1.071899 -0.712258 0.214081 -2.084085
-0.382568 0.073975 -1.062012 -0.743824 0.143828 -2.064861
-0.392090 0.031250 -1.012939 -0.762337 0.060759 -1.969450
-0.394897 -0.002441 -0.953247 -0.767796 -0.004747 -1.853390
-0.397583 -0.018433 -0.885986 -0.773017 -0.035838 -1.722616
-0.395752 0.008179 -0.804565 -0.769457 0.015902 -1.564310
-0.379639 0.063965 -0.717163 -0.738128 0.124366 -1.394374
-0.363647 0.129272 -0.615967 -0.707037 0.251343 -1.197619
-0.338501 0.187622 -0.509399 -0.658145 0.364792 -0.990421
-0.309692 0.233521 -0.394287 -0.602132 0.454032 -0.766609
-0.277954 0.279663 -0.272827 -0.540424 0.543747 -0.530456
-0.250000 0.307251 -0.154907 -0.486073 0.597386 -0.301185
-0.220215 0.303467 -0.056519 -0.428162 0.590028 -0.109889
-0.189087 0.276123 0.024536 -0.367640 0.536864 0.047705
-0.155273 0.244629 0.093384 -0.301897 0.475630 0.181565
-0.123169 0.208984 0.140747 -0.239476 0.406327 0.273653
-0.098145 0.170288 0.164429 -0.190822 0.331090 0.319697
-0.083374 0.138184 0.178589 -0.162103 0.268669 0.347229
-0.077881 0.115112 0.176758 -0.151423 0.223812 0.343669
-0.103394 0.084595 0.173828 -0.201027 0.164477 0.337973
-0.122803 0.010864 0.200562 -0.238764 0.021123 0.389950
-0.095703 -0.031494 0.193970 -0.186075 -0.061234 0.377134
-0.025269 -0.013428 0.164063 -0.049129 -0.026107 0.318985
0.072632 0.036011 0.133301 0.141217 0.070015 0.259176
0.177979 0.078613 0.122803 0.346042 0.152847 0.238764
0.250244 0.106323 0.135010 0.486548 0.206723 0.262498
0.265503 0.114746 0.150635 0.516215 0.223100 0.292878
0.236084 0.120117 0.153564 0.459016 0.233543 0.298574
0.184082 0.128906 0.146973 0.357909 0.250631 0.285758
0.131470 0.135986 0.142090 0.255615 0.264397 0.276264
0.085815 0.120117 0.138794 0.166850 0.233543 0.269856
0.052124 0.084351 0.130737 0.101344 0.164002 0.254191
0.025146 0.039429 0.107666 0.048892 0.076661 0.209334
-0.009033 0.007080 0.073364 -0.017563 0.013766 0.142642
-0.045288 -0.002197 0.026367 -0.088053 -0.004272 0.051266
-0.082886 0.023193 -0.015503 -0.161154 0.045095 -0.030142
-0.123291 0.103760 -0.049072 -0.239714 0.201739 -0.095411
-0.161865 0.222900 -0.074707 -0.314713 0.433383 -0.145252
-0.183472 0.326782 -0.098633 -0.356722 0.635360 -0.191771
-0.169067 0.389160 -0.118774 -0.328716 0.756641 -0.230932
-0.117920 0.408813 -0.131958 -0.229271 0.794853 -0.256565
-0.045044 0.404907 -0.138550 -0.087579 0.787258 -0.269381
0.025146 0.395996 -0.138062 0.048892 0.769932 -0.268432
0.079468 0.400391 -0.125732 0.154509 0.778476 -0.244460
0.110107 0.411255 -0.099487 0.214081 0.799599 -0.193432
0.116577 0.408569 -0.066528 0.226660 0.794378 -0.129350
0.102051 0.384644 -0.038086 0.198416 0.747859 -0.074050
0.078857 0.336426 -0.018921 0.153322 0.654110 -0.036788
0.060913 0.259888 -0.004639 0.118433 0.505297 -0.009019
0.055054 0.175293 0.013062 0.107040 0.340821 0.025395
0.067749 0.126343 0.043823 0.131724 0.245647 0.085205
0.101685 0.145630 0.083130 0.197704 0.283147 0.161629
0.135986 0.226318 0.106079 0.264397 0.440029 0.206249
0.147339 0.290283 0.096680 0.286470 0.564395 0.187973
0.130493 0.282837 0.053589 0.253717 0.549917 0.104192
0.097168 0.218750 -0.009766 0.188923 0.425314 -0.018987
0.058838 0.128906 -0.068604 0.114398 0.250631 -0.133385
0.025391 0.044922 -0.098145 0.049367 0.087341 -0.190822
0.004272 0.003174 -0.106689 0.008307 0.006171 -0.207435
0.001709 -0.024292 -0.098877 0.003323 -0.047231 -0.192246
0.013428 -0.059326 -0.066040 0.026107 -0.115347 -0.128401
0.038330 -0.088013 -0.028687 0.074525 -0.171122 -0.055775
0.052734 -0.097534 0.006348 0.102531 -0.189635 0.012342
0.058105 -0.107056 0.024902 0.112974 -0.208147 0.048417
0.053223 -0.117554 0.037231 0.103480 -0.228559 0.072389
0.038208 -0.129150 0.046143 0.074288 -0.251106 0.089715
0.015625 -0.136475 0.044922 0.030380 -0.265346 0.087341
-0.007813 -0.146606 0.027954 -0.015190 -0.285046 0.054351
-0.025635 -0.154907 0.002808 -0.049841 -0.301185 0.005459
-0.036865 -0.149292 -0.018433 -0.071677 -0.290267 -0.035838
-0.035767 -0.134033 -0.031250 -0.069541 -0.260600 -0.060759
-0.027466 -0.109009 -0.031250 -0.053402 -0.211945 -0.060759
-0.022095 -0.061035 -0.008911 -0.042959 -0.118670 -0.017326
-0.014404 -0.006836 0.032593 -0.028006 -0.013291 0.063370
-0.006470 0.033081 0.070557 -0.012579 0.064319 0.137183
-0.007324 0.059570 0.083008 -0.014240 0.115822 0.161391
-0.017578 0.083252 0.074585 -0.034177 0.161866 0.145015
-0.024414 0.104248 0.058472 -0.047468 0.202689 0.113686
-0.031494 0.114014 0.036255 -0.061234 0.221676 0.070490
-0.046143 0.109375 0.006226 -0.089715 0.212657 0.012104
-0.065796 0.097046 -0.025269 -0.127926 0.188686 -0.049129
-0.083252 0.077881 -0.052490 -0.161866 0.151423 -0.102056
-0.095703 0.037964 -0.065308 -0.186075 0.073813 -0.126977
-0.104004 0.025635 -0.062744 -0.202214 0.049841 -0.121993
-0.106079 0.057739 -0.044189 -0.206249 0.112262 -0.085917
-0.088135 0.089111 -0.010132 -0.171360 0.173258 -0.019699
-0.064819 0.093262 0.035645 -0.126028 0.181328 0.069303
-0.049438 0.093018 0.059937 -0.096123 0.180853 0.116534
-0.052246 0.080078 0.063477 -0.101582 0.155695 0.123417
-0.064331 0.062012 0.051147 -0.125078 0.120569 0.099446
-0.076782 0.040649 0.031128 -0.149287 0.079034 0.060522
-0.081665 0.024048 0.004761 -0.158781 0.046756 0.009256
-0.084351 0.007690 -0.025513 -0.164002 0.014952 -0.049604
-0.094727 -0.038208 -0.058716 -0.184176 -0.074288 -0.114161
-0.109863 -0.043945 -0.075806 -0.213606 -0.085443 -0.147388
-0.113647 -0.014893 -0.070313 -0.220964 -0.028956 -0.136708
-0.097778 0.017456 -0.042969 -0.190110 0.033940 -0.083544
-0.069458 0.032471 -0.012329 -0.135047 0.063133 -0.023971
-0.043213 0.043579 0.011108 -0.084018 0.084730 0.021598
