-0.128540 0.378540 -0.715088 -0.249919 0.735992 -1.390339
-0.102539 0.370605 -0.745972 -0.199366 0.720565 -1.450387
-0.098633 0.401489 -0.738037 -0.191771 0.780612 -1.434959
-0.110352 0.379028 -0.724487 -0.214556 0.736942 -1.408615
-0.141113 0.310425 -0.695801 -0.274365 0.603556 -1.352840
-0.200195 0.218018 -0.657715 -0.389238 0.423890 -1.278789
-0.300171 0.121826 -0.603149 -0.583620 0.236866 -1.172698
-0.438232 0.026001 -0.533936 -0.852052 0.050553 -1.038126
-0.584839 -0.073120 -0.422729 -1.137097 -0.142167 -0.821909
-0.722168 -0.231689 -0.246338 -1.404105 -0.450472 -0.478953
-0.842896 -0.432983 -0.009155 -1.638835 -0.841846 -0.017801
-0.942139 -0.627319 0.262695 -1.831792 -1.219692 0.510756
-1.018677 -0.795898 0.549683 -1.980605 -1.547459 1.068743
-1.070557 -0.904419 0.829834 -2.081474 -1.758454 1.613439
-1.110596 -0.962280 1.085083 -2.159322 -1.870953 2.109718
-1.164795 -0.971802 1.321289 -2.264701 -1.889466 2.568971
-1.274170 -0.942627 1.566284 -2.477358 -1.832742 3.045313
-1.435425 -0.871704 1.836914 -2.790884 -1.694847 3.571496
-1.571899 -0.774536 2.097900 -3.056231 -1.505924 4.078930
-1.705811 -0.697021 2.331665 -3.316593 -1.355213 4.533437
-1.780273 -0.562866 2.507080 -3.461371 -1.094376 4.874495
-1.865723 -0.428589 2.580688 -3.627509 -0.833302 5.017611
-1.810547 -0.232666 2.545898 -3.520231 -0.452371 4.949969
-1.634277 -0.093994 2.374878 -3.177512 -0.182752 4.617455
-1.432495 -0.036987 2.169556 -2.785188 -0.071914 4.218249
-1.144897 0.007446 1.953125 -2.226015 0.014478 3.797445
-0.776367 -0.014160 1.710327 -1.509484 -0.027531 3.325375
-0.514771 -0.146606 1.475586 -1.000864 -0.285046 2.868969
-0.359497 -0.236816 1.259521 -0.698967 -0.460440 2.448877
-0.285767 -0.259888 1.040405 -0.555614 -0.505297 2.022851
-0.278931 -0.260864 0.850464 -0.542323 -0.507196 1.653550
-0.293091 -0.228271 0.706909 -0.569854 -0.443826 1.374438
-0.296875 -0.191040 0.607422 -0.577212 -0.371438 1.181005
-0.286987 -0.167480 0.534790 -0.557987 -0.325631 1.039788
-0.271851 -0.141724 0.457520 -0.528557 -0.275552 0.889551
-0.264648 -0.099976 0.346558 -0.514554 -0.194382 0.673809
-0.258179 -0.023682 0.202515 -0.501975 -0.046044 0.393748
-0.250000 0.069824 0.043091 -0.486073 0.135759 0.083781
-0.231812 0.156982 -0.116699 -0.450709 0.305220 -0.226897
-0.211426 0.212402 -0.266846 -0.411073 0.412972 -0.518826
-0.184204 0.226318 -0.391846 -0.358146 0.440029 -0.761862
-0.154175 0.197876 -0.494629 -0.299761 0.384729 -0.961703
-0.129761 0.140015 -0.582642 -0.252293 0.272229 -1.132825
-0.115601 0.096558 -0.659058 -0.224761 0.187736 -1.281400
-0.113037 0.088379 -0.726929 -0.219777 0.171834 -1.413361
-0.115356 0.098389 -0.790649 -0.224287 0.191296 -1.537253
-0.112549 0.114136 -0.845947 -0.218828 0.221913 -1.644768
-0.101685 0.140015 -0.890747 -0.197704 0.272229 -1.731872
-0.087524 0.182983 -0.930542 -0.170173 0.355773 -1.809245
-0.071411 0.234741 -0.974487 -0.138844 0.456405 -1.894688
-0.054443 0.292847 -1.027832 -0.105854 0.569379 -1.998405
-0.032349 0.355591 -1.085693 -0.062895 0.691372 -2.110904
-0.010132 0.408813 -1.136963 -0.019699 0.794853 -2.210588
0.002930 0.431641 -1.185059 0.005696 0.839235 -2.304100
-0.001587 0.417969 -1.218384 -0.003085 0.812653 -2.368893
-0.018555 0.374390 -1.243408 -0.036076 0.727923 -2.417548
-0.033569 0.282471 -1.255493 -0.065269 0.549205 -2.441045
-0.049805 0.165649 -1.229980 -0.096835 0.322071 -2.391441
-0.064331 0.070068 -1.180908 -0.125078 0.136233 -2.296030
-0.086548 -0.003784 -1.107544 -0.168274 -0.007358 -2.153389
-0.117065 -0.044189 -1.015625 -0.227609 -0.085917 -1.974671
-0.146240 -0.052490 -0.910767 -0.284334 -0.102056 -1.770796
-0.167358 -0.056030 -0.810913 -0.325394 -0.108939 -1.576651
-0.179810 -0.055542 -0.706421 -0.349602 -0.107990 -1.373488
-0.176514 -0.042603 -0.582520 -0.343194 -0.082832 -1.132588
-0.156494 -0.022583 -0.450684 -0.304270 -0.043908 -0.876260
-0.129639 -0.009521 -0.317627 -0.252055 -0.018513 -0.617559
-0.106567 -0.000244 -0.190796 -0.207198 -0.000475 -0.370963
-0.090576 0.013062 -0.082520 -0.176106 0.025395 -0.160442
-0.081909 0.036011 0.002197 -0.159255 0.070015 0.004272
-0.079224 0.063110 0.066895 -0.154034 0.122705 0.130062
-0.079102 0.091064 0.120605 -0.153797 0.177056 0.234492
-0.078125 0.109253 0.171143 -0.151898 0.212420 0.332751
-0.069458 0.114014 0.210938 -0.135047 0.221676 0.410124
-0.056152 0.101563 0.240723 -0.109177 0.197467 0.468035
-0.042725 0.077759 0.260986 -0.083069 0.151186 0.507434
-0.022949 0.050049 0.267212 -0.044620 0.097310 0.519538
-0.002075 0.025757 0.255737 -0.004035 0.050079 0.497228
0.010498 0.013550 0.231323 0.020411 0.026345 0.449760
-0.003906 0.019531 0.196533 -0.007595 0.037974 0.382118
-0.053955 0.028320 0.161133 -0.104904 0.055063 0.313289
-0.082153 0.028076 0.135010 -0.159730 0.054588 0.262498
-0.058350 0.028687 0.089600 -0.113449 0.055775 0.174208
-0.015747 0.039795 0.045654 -0.030617 0.077373 0.088765
0.023071 0.060303 0.010376 0.044857 0.117246 0.020174
0.057251 0.089111 -0.007446 0.111313 0.173258 -0.014478
0.083496 0.117798 -0.013428 0.162341 0.229033 -0.026107
0.097168 0.129272 -0.009644 0.188923 0.251343 -0.018750
0.093384 0.130127 0.002686 0.181565 0.253005 0.005221
0.079102 0.128052 0.017456 0.153797 0.248970 0.033940
0.064209 0.120239 0.029907 0.124841 0.233780 0.058148
0.049072 0.099609 0.035156 0.095411 0.193670 0.068354
0.028931 0.067261 0.038818 0.056250 0.130774 0.075474
0.008179 0.040771 0.035278 0.015902 0.079272 0.068591
-0.007324 0.017578 0.020996 -0.014240 0.034177 0.040823
-0.023926 0.008179 0.007935 -0.046519 0.015902 0.015427
-0.038940 0.014893 0.003540 -0.075712 0.028956 0.006883
-0.044800 0.031128 0.003296 -0.087104 0.060522 0.006408
-0.046387 0.061768 0.002441 -0.090189 0.120094 0.004747
-0.049316 0.102661 0.004395 -0.095885 0.199603 0.008544
-0.041260 0.145508 -0.009033 -0.080221 0.282910 -0.017563
-0.015015 0.200562 -0.029297 -0.029193 0.389950 -0.056962
0.019653 0.247559 -0.041016 0.038212 0.481326 -0.079746
0.050171 0.259644 -0.042358 0.097547 0.504823 -0.082357
0.064941 0.238525 -0.029419 0.126265 0.463763 -0.057199
0.068481 0.230469 -0.004883 0.133148 0.448098 -0.009494
0.072632 0.247559 0.022339 0.141217 0.481326 0.043433
0.078735 0.251953 0.047607 0.153084 0.489870 0.092563
0.080322 0.211670 0.066284 0.156170 0.411548 0.128876
0.073120 0.124512 0.078979 0.142167 0.242087 0.153559
0.054688 0.009888 0.098633 0.106328 0.019225 0.191771
0.022461 -0.072754 0.132446 0.043671 -0.141455 0.257514
-0.009766 -0.081055 0.174805 -0.018987 -0.157594 0.339871
-0.022461 -0.032104 0.208618 -0.043671 -0.062420 0.405615
-0.006714 0.026611 0.225220 -0.013054 0.051740 0.437893
0.024048 0.072754 0.223389 0.046756 0.141455 0.434333
0.036743 0.101563 0.201416 0.071439 0.197467 0.391611
0.020386 0.140259 0.165283 0.039636 0.272704 0.321359
0.006226 0.175903 0.093018 0.012104 0.342007 0.180853
-0.009399 0.200562 0.039551 -0.018275 0.389950 0.076898
-0.007568 0.166260 -0.008667 -0.014715 0.323257 -0.016851
0.001953 0.100098 -0.040649 0.003797 0.194619 -0.079034
0.002075 0.084717 -0.054199 0.004035 0.164714 -0.105379
-0.002075 0.124512 -0.048950 -0.004035 0.242087 -0.095173
0.005615 0.164185 -0.034790 0.010918 0.319223 -0.067642
0.022095 0.179199 -0.013184 0.042959 0.348416 -0.025633
0.039917 0.186157 0.012573 0.077610 0.361944 0.024446
0.054321 0.181519 0.023926 0.105616 0.352925 0.046519
0.050293 0.166626 0.023071 0.097784 0.323969 0.044857
0.031128 0.146118 0.011475 0.060522 0.284096 0.022310
0.019775 0.136353 0.001221 0.038449 0.265109 0.002373
0.022095 0.133667 0.003418 0.042959 0.259888 0.006646
0.028442 0.126587 0.019409 0.055300 0.246122 0.037737
0.037598 0.122803 0.041138 0.073101 0.238764 0.079984
0.053711 0.124756 0.060059 0.104430 0.242562 0.116771
0.076660 0.133301 0.081177 0.149050 0.259176 0.157831
0.108154 0.151733 0.105713 0.210283 0.295014 0.205537
0.149292 0.173950 0.129272 0.290267 0.338210 0.251343
0.198730 0.205322 0.151367 0.386390 0.399206 0.294302
0.238037 0.252808 0.170776 0.462814 0.491532 0.332039
0.243164 0.282959 0.170288 0.472782 0.550155 0.331090
0.217896 0.275879 0.145142 0.423652 0.536389 0.282198
0.174927 0.242188 0.105591 0.340109 0.470883 0.205299
0.119629 0.185425 0.055176 0.232593 0.360520 0.107278
0.065186 0.102661 0.001831 0.126740 0.199603 0.003560
0.019653 0.020508 -0.038696 0.038212 0.039873 -0.075237
-0.018066 -0.048218 -0.063232 -0.035126 -0.093749 -0.122942
-0.046875 -0.106079 -0.077881 -0.091139 -0.206249 -0.151423
-0.068115 -0.150269 -0.082886 -0.132436 -0.292166 -0.161154
-0.087891 -0.166626 -0.078979 -0.170885 -0.323969 -0.153559
