-0.010864 0.085327 -0.604492 -0.021123 0.165901 -1.175309
-0.035034 0.155640 -0.583252 -0.068117 0.302609 -1.134012
-0.059937 0.323853 -0.513062 -0.116534 0.629664 -0.997541
-0.101563 0.431763 -0.417236 -0.197467 0.839473 -0.811229
-0.142090 0.489990 -0.338989 -0.276264 0.952684 -0.659094
-0.179688 0.592651 -0.260010 -0.349365 1.152287 -0.505535
-0.271973 0.504761 -0.171753 -0.528794 0.981402 -0.333938
-0.406860 0.230225 -0.073242 -0.791055 0.447624 -0.142404
-0.553467 -0.031616 0.076782 -1.076101 -0.061471 0.149287
-0.710815 -0.201172 0.282471 -1.382033 -0.391137 0.549205
-0.882813 -0.265137 0.514771 -1.716445 -0.515503 1.000864
-1.060547 -0.289429 0.737915 -2.062012 -0.562734 1.434722
-1.224243 -0.307617 0.933594 -2.380286 -0.598098 1.815179
-1.373657 -0.351929 1.098389 -2.670790 -0.684252 2.135588
-1.512695 -0.360840 1.245972 -2.941121 -0.701578 2.422532
-1.622925 -0.291138 1.390747 -3.155439 -0.566057 2.704018
-1.689331 -0.188354 1.528442 -3.284552 -0.366216 2.971738
-1.742310 -0.074585 1.643555 -3.387558 -0.145015 3.195549
-1.800659 0.064941 1.714478 -3.501007 0.126265 3.333444
-1.846436 0.208862 1.712036 -3.590009 0.406089 3.328697
-1.859009 0.392944 1.632202 -3.614455 0.763998 3.173477
-1.801514 0.466309 1.526611 -3.502668 0.906640 2.968178
-1.674683 0.310059 1.417847 -3.256071 0.602844 2.756707
-1.491089 0.037720 1.307251 -2.899112 0.073338 2.541677
-1.272339 -0.200806 1.178345 -2.473798 -0.390425 2.291046
-1.023926 -0.274048 1.035034 -1.990810 -0.532829 2.012408
-0.768921 -0.179199 0.873047 -1.495006 -0.348416 1.697458
-0.556152 -0.028809 0.691650 -1.081322 -0.056012 1.344770
-0.413940 0.078247 0.508911 -0.804821 0.152135 0.989472
-0.329224 0.101440 0.343628 -0.640107 0.197230 0.668113
-0.276978 0.030884 0.200073 -0.538525 0.060047 0.389001
-0.230591 -0.103027 0.078125 -0.448336 -0.200315 0.151898
-0.174194 -0.244873 -0.023926 -0.338685 -0.476105 -0.046519
-0.100464 -0.365967 -0.126831 -0.195331 -0.711546 -0.246597
-0.027832 -0.403564 -0.241333 -0.054114 -0.784647 -0.469222
0.011963 -0.335083 -0.354126 0.023259 -0.651499 -0.688524
0.004272 -0.225342 -0.459351 0.008307 -0.438130 -0.893111
-0.024902 -0.080200 -0.550659 -0.048417 -0.155933 -1.070642
-0.049194 0.042358 -0.618164 -0.095648 0.082357 -1.201891
-0.065186 0.080322 -0.670166 -0.126740 0.156170 -1.302998
-0.074097 0.041138 -0.720215 -0.144066 0.079984 -1.400308
-0.069702 -0.011475 -0.768799 -0.135521 -0.022310 -1.494769
-0.069458 -0.053467 -0.823975 -0.135047 -0.103955 -1.602047
-0.086670 -0.088623 -0.883057 -0.168512 -0.172309 -1.716920
-0.114624 -0.137329 -0.947021 -0.222863 -0.267008 -1.841286
-0.136841 -0.193604 -1.014771 -0.266058 -0.376422 -1.973010
-0.155396 -0.206543 -1.087891 -0.302134 -0.401580 -2.115177
-0.174316 -0.137817 -1.152710 -0.338922 -0.267957 -2.241204
-0.189331 -0.029907 -1.193481 -0.368115 -0.058148 -2.320476
-0.189209 0.061890 -1.191772 -0.367877 0.120332 -2.317153
-0.178467 0.009399 -1.153564 -0.346992 0.018275 -2.242866
-0.173218 -0.087524 -1.099976 -0.336786 -0.170173 -2.138673
-0.171875 -0.098389 -1.036255 -0.334175 -0.191296 -2.014782
-0.182983 -0.035522 -0.967529 -0.355773 -0.069066 -1.881159
-0.186890 0.020386 -0.912964 -0.363368 0.039636 -1.775068
-0.206421 0.018066 -0.889282 -0.401342 0.035126 -1.729024
-0.240356 -0.000610 -0.867065 -0.467323 -0.001187 -1.685828
-0.257935 -0.002930 -0.837769 -0.501500 -0.005696 -1.628866
-0.250610 0.000244 -0.806030 -0.487260 0.000475 -1.567158
-0.222168 -0.017822 -0.763794 -0.431959 -0.034652 -1.485038
-0.199951 -0.063354 -0.702515 -0.388763 -0.123180 -1.365893
-0.202271 -0.119507 -0.634033 -0.393273 -0.232356 -1.232745
-0.214844 -0.161743 -0.556274 -0.417719 -0.314476 -1.081560
-0.217896 -0.168579 -0.463135 -0.423652 -0.327767 -0.900469
-0.209717 -0.137451 -0.369629 -0.407751 -0.267245 -0.718666
-0.204956 -0.123413 -0.273682 -0.398494 -0.239951 -0.532117
-0.197144 -0.130737 -0.156494 -0.383305 -0.254191 -0.304270
-0.176880 -0.174561 -0.029175 -0.343906 -0.339397 -0.056724
-0.144043 -0.240479 0.093140 -0.280062 -0.467560 0.181091
-0.102905 -0.289307 0.206543 -0.200078 -0.562496 0.401580
-0.053345 -0.282837 0.314697 -0.103718 -0.549917 0.611863
0.005493 -0.176270 0.413330 0.010680 -0.342719 0.803634
0.084595 -0.032593 0.497070 0.164477 -0.063370 0.966450
0.190308 0.099976 0.566040 0.370014 0.194382 1.100547
0.327759 0.213867 0.623901 0.637259 0.415820 1.213046
0.493408 0.306396 0.682373 0.959329 0.595724 1.326732
0.669678 0.375977 0.757324 1.302049 0.731008 1.472459
0.833008 0.427612 0.844238 1.619610 0.831403 1.641445
0.956299 0.460693 0.921021 1.859324 0.895722 1.790733
1.018433 0.424683 0.975098 1.980130 0.825707 1.895874
1.021973 0.399536 1.019165 1.987013 0.776815 1.981554
0.983032 0.438110 1.046021 1.911301 0.851814 2.033769
0.937256 0.506836 1.064819 1.822299 0.985437 2.070319
0.899414 0.571411 1.073975 1.748723 1.110990 2.088120
0.829590 0.584351 1.052979 1.612965 1.136148 2.047297
0.742676 0.550293 1.008545 1.443978 1.069930 1.960905
0.658325 0.484131 0.960571 1.279976 0.941292 1.867631
0.571899 0.375732 0.913086 1.111939 0.730533 1.775305
0.499756 0.237427 0.856445 0.971671 0.461627 1.665179
0.447388 0.096191 0.794312 0.869852 0.187024 1.544373
0.396851 -0.041626 0.717407 0.771593 -0.080933 1.394849
0.344238 -0.142578 0.628174 0.669300 -0.277213 1.221353
0.287720 -0.189697 0.532104 0.559411 -0.368827 1.034566
0.217773 -0.189209 0.431641 0.423415 -0.367877 0.839235
0.134766 -0.171143 0.323730 0.262024 -0.332751 0.629426
0.049561 -0.156006 0.208374 0.096360 -0.303321 0.405140
-0.029907 -0.149658 0.087524 -0.058148 -0.290979 0.170173
-0.099365 -0.152832 -0.025269 -0.193195 -0.297150 -0.049129
-0.155396 -0.163208 -0.108398 -0.302134 -0.317324 -0.210758
-0.202148 -0.186890 -0.146362 -0.393036 -0.363368 -0.284571
-0.222290 -0.154053 -0.164673 -0.432197 -0.299523 -0.320172
-0.213623 -0.118042 -0.191650 -0.415345 -0.229508 -0.372624
-0.176392 -0.096313 -0.205322 -0.342957 -0.187261 -0.399206
-0.133179 -0.092651 -0.207397 -0.258938 -0.180141 -0.403241
-0.106567 -0.079590 -0.205688 -0.207198 -0.154746 -0.399918
-0.094971 -0.057251 -0.197021 -0.184651 -0.111313 -0.383067
-0.086304 -0.052856 -0.172119 -0.167800 -0.102768 -0.334650
-0.082642 -0.054443 -0.140869 -0.160679 -0.105854 -0.273891
-0.091553 -0.059814 -0.124268 -0.178005 -0.116297 -0.241612
-0.104248 -0.080811 -0.115234 -0.202689 -0.157119 -0.224049
-0.114014 -0.113281 -0.095947 -0.221676 -0.220252 -0.186549
-0.141479 -0.133789 -0.067627 -0.275077 -0.260125 -0.131487
-0.156494 -0.108154 -0.045898 -0.304270 -0.210283 -0.089240
-0.136353 -0.078125 -0.025024 -0.265109 -0.151898 -0.048655
-0.093262 -0.057495 -0.000488 -0.181328 -0.111787 -0.000949
-0.059692 -0.039551 0.011230 -0.116059 -0.076898 0.021835
-0.048462 -0.023193 0.012573 -0.094224 -0.045095 0.024446
-0.052124 -0.018921 0.002930 -0.101344 -0.036788 0.005696
-0.054443 -0.016479 -0.008911 -0.105854 -0.032041 -0.017326
-0.038818 -0.001831 -0.007813 -0.075474 -0.003560 -0.015190
-0.021240 -0.009033 0.003296 -0.041297 -0.017563 0.006408
-0.018311 -0.008545 0.006104 -0.035601 -0.016614 0.011867
-0.018311 -0.001953 0.011230 -0.035601 -0.003797 0.021835
-0.020264 -0.003540 0.018555 -0.039398 -0.006883 0.036076
-0.016968 -0.014160 0.027100 -0.032990 -0.027531 0.052690
-0.011108 0.000000 0.021362 -0.021598 0.000000 0.041535
-0.015625 0.032837 0.002075 -0.030380 0.063845 0.004035
-0.027832 0.057495 -0.026733 -0.054114 0.111787 -0.051978
-0.054443 0.034668 -0.069214 -0.105854 0.067405 -0.134572
-0.075439 -0.016357 -0.086060 -0.146676 -0.031804 -0.167325
-0.080200 -0.063232 -0.073730 -0.155933 -0.122942 -0.143354
-0.065430 -0.099854 -0.051880 -0.127214 -0.194144 -0.100870
-0.029785 -0.129150 -0.032715 -0.057911 -0.251106 -0.063607
0.009399 -0.134888 -0.035400 0.018275 -0.262261 -0.068829
0.035767 -0.099731 -0.060425 0.069541 -0.193907 -0.117483
0.043823 -0.026733 -0.091797 0.085205 -0.051978 -0.178480
0.030762 0.037476 -0.117310 0.059810 0.072863 -0.228084
-0.000977 0.053101 -0.133057 -0.001899 0.103243 -0.258701
-0.036255 0.042969 -0.125977 -0.070490 0.083544 -0.244935
-0.060669 0.028442 -0.099121 -0.117958 0.055300 -0.192720
-0.072754 0.011475 -0.062988 -0.141455 0.022310 -0.122468
-0.075073 0.003662 -0.029175 -0.145964 0.007120 -0.056724
-0.067871 0.004639 0.000854 -0.131961 0.009019 0.001661
-0.059326 0.004150 0.022461 -0.115347 0.008070 0.043671
-0.059814 0.027832 0.039063 -0.116297 0.054114 0.075949
-0.064087 0.056641 0.043701 -0.124604 0.110126 0.084968
-0.061035 0.091431 0.036011 -0.118670 0.177768 0.070015
-0.046875 0.130493 0.014038 -0.091139 0.253717 0.027294
-0.031006 0.125244 -0.021484 -0.060284 0.243511 -0.041772
-0.015991 0.103027 -0.059937 -0.031092 0.200315 -0.116534
