-0.001221 0.051758 -0.373047 -0.002373 0.100632 -0.725312
-0.056030 0.014404 -0.366211 -0.108939 0.028006 -0.712021
-0.122559 -0.039673 -0.359619 -0.238290 -0.077136 -0.699205
-0.175781 -0.033325 -0.350464 -0.341770 -0.064794 -0.681404
-0.217651 -0.023071 -0.337036 -0.423178 -0.044857 -0.655297
-0.259521 -0.046021 -0.309326 -0.504585 -0.089477 -0.601420
-0.295532 -0.081665 -0.270020 -0.574601 -0.158781 -0.524997
-0.330200 -0.125244 -0.215088 -0.642005 -0.243511 -0.418194
-0.364624 -0.160645 -0.147827 -0.708935 -0.312340 -0.287419
-0.418457 -0.202393 -0.078369 -0.813603 -0.393510 -0.152372
-0.512939 -0.252441 -0.006226 -0.997304 -0.490820 -0.012104
-0.640503 -0.319092 0.071655 -1.245324 -0.620408 0.139319
-0.757813 -0.390381 0.204956 -1.473408 -0.759014 0.398494
-0.837524 -0.450073 0.403198 -1.628392 -0.875074 0.783935
-0.867065 -0.467651 0.636475 -1.685828 -0.909251 1.237492
-0.854004 -0.436035 0.864868 -1.660433 -0.847780 1.681556
-0.842407 -0.372925 1.066284 -1.637885 -0.725075 2.073167
-0.841064 -0.304443 1.243042 -1.635275 -0.591927 2.416836
-0.834351 -0.258179 1.391235 -1.622221 -0.501975 2.704967
-0.817261 -0.238647 1.505615 -1.588993 -0.464000 2.927355
-0.794312 -0.227173 1.562256 -1.544373 -0.441690 3.037481
-0.762939 -0.202759 1.532959 -1.483377 -0.394222 2.980519
-0.721069 -0.176636 1.400879 -1.401969 -0.343431 2.723717
-0.669189 -0.139526 1.207886 -1.301099 -0.271280 2.348482
-0.596191 -0.136597 1.005249 -1.159170 -0.265584 1.954497
-0.486694 -0.146729 0.825562 -0.946276 -0.285283 1.605132
-0.348511 -0.154297 0.668823 -0.677607 -0.299998 1.300387
-0.212280 -0.148071 0.513428 -0.412735 -0.287894 0.998253
-0.095459 -0.131592 0.357666 -0.185600 -0.255853 0.695407
-0.019287 -0.112671 0.218384 -0.037500 -0.219065 0.424602
0.001221 -0.082153 0.107666 0.002373 -0.159730 0.209334
-0.021729 -0.047852 0.027466 -0.042247 -0.093037 0.053402
-0.065796 -0.022827 -0.046265 -0.127926 -0.044383 -0.089952
-0.120728 0.007446 -0.138062 -0.234730 0.014478 -0.268432
-0.177246 0.041016 -0.259521 -0.344618 0.079746 -0.504585
-0.227173 0.043701 -0.405273 -0.441690 0.084968 -0.787970
-0.280762 0.044067 -0.549194 -0.545883 0.085680 -1.067794
-0.352783 0.065308 -0.672241 -0.685913 0.126977 -1.307033
-0.376465 0.068970 -0.785400 -0.731957 0.134097 -1.527047
-0.360596 0.057617 -0.898193 -0.701103 0.112025 -1.746350
-0.355103 0.048096 -0.988770 -0.690423 0.093512 -1.922456
-0.373169 0.030029 -1.057373 -0.725549 0.058386 -2.055841
-0.400757 0.035400 -1.105103 -0.779188 0.068829 -2.148642
-0.433594 0.038574 -1.135010 -0.843033 0.075000 -2.206790
-0.484619 0.045898 -1.143311 -0.942241 0.089240 -2.222929
-0.553467 0.089111 -1.129639 -1.076101 0.173258 -2.196347
-0.626831 0.114624 -1.097168 -1.218742 0.222863 -2.133214
-0.669434 0.136597 -1.054688 -1.301574 0.265584 -2.050620
-0.665649 0.130249 -1.000366 -1.294217 0.253242 -1.945004
-0.627441 0.081909 -0.932007 -1.219929 0.159255 -1.812093
-0.569214 0.026733 -0.861572 -1.106718 0.051978 -1.675148
-0.513306 -0.010132 -0.789673 -0.998016 -0.019699 -1.535354
-0.462280 -0.016724 -0.712891 -0.898808 -0.032516 -1.386067
-0.404175 -0.015503 -0.629517 -0.785834 -0.030142 -1.223964
-0.339111 -0.014160 -0.543945 -0.659331 -0.027531 -1.057588
-0.278564 -0.006348 -0.461060 -0.541611 -0.012342 -0.896434
-0.232666 0.003906 -0.380127 -0.452371 0.007595 -0.739078
-0.210327 0.013306 -0.306641 -0.408937 0.025870 -0.596199
-0.196411 0.008789 -0.236206 -0.381881 0.017089 -0.459253
-0.172607 -0.019165 -0.167114 -0.335599 -0.037262 -0.324919
-0.147217 -0.036011 -0.106201 -0.286232 -0.070015 -0.206486
-0.124878 -0.024170 -0.049683 -0.242799 -0.046993 -0.096597
-0.108276 0.001465 0.006958 -0.210521 0.002848 0.013528
-0.106079 0.027466 0.062500 -0.206249 0.053402 0.121518
-0.110718 0.053467 0.117554 -0.215268 0.103955 0.228559
-0.101318 0.086304 0.169922 -0.196992 0.167800 0.330378
-0.066040 0.118530 0.213623 -0.128401 0.230457 0.415345
-0.002563 0.145020 0.246704 -0.004984 0.281960 0.479665
0.079590 0.158569 0.275757 0.154746 0.308305 0.536152
0.167358 0.167480 0.303467 0.325394 0.325631 0.590028
0.255615 0.171265 0.335693 0.496991 0.332988 0.652686
0.349365 0.190308 0.377686 0.679268 0.370014 0.734331
0.453735 0.233643 0.430054 0.882194 0.454269 0.836150
0.562012 0.296021 0.493774 1.092715 0.575550 0.960041
0.660645 0.349121 0.575317 1.284486 0.678793 1.118585
0.731812 0.402100 0.679810 1.422855 0.781799 1.321748
0.777222 0.438965 0.783203 1.511146 0.853476 1.522775
0.810669 0.442017 0.862427 1.576177 0.859409 1.676809
0.850220 0.410278 0.904175 1.653075 0.797701 1.757980
0.907227 0.360474 0.920654 1.763913 0.700866 1.790020
0.957275 0.270142 0.920532 1.861223 0.525234 1.789783
0.965942 0.170288 0.900269 1.878074 0.331090 1.750385
0.958862 0.111328 0.857788 1.864308 0.216454 1.667790
0.934082 0.056885 0.794189 1.816128 0.110601 1.544136
0.886841 0.027954 0.716919 1.724277 0.054351 1.393899
0.805664 0.026245 0.635986 1.566446 0.051028 1.236543
0.689697 0.048706 0.564087 1.340973 0.094699 1.096749
0.556396 0.074097 0.510620 1.081797 0.144066 0.992794
0.417725 0.083496 0.461670 0.812178 0.162341 0.897621
0.290649 0.056641 0.405762 0.565107 0.110126 0.788919
0.188599 0.001099 0.346924 0.366691 0.002136 0.674521
0.107422 -0.077393 0.288818 0.208859 -0.150474 0.561547
0.034790 -0.145874 0.228516 0.067642 -0.283622 0.444301
-0.028809 -0.180664 0.165527 -0.056012 -0.351264 0.321833
-0.084595 -0.178589 0.101196 -0.164477 -0.347229 0.196755
-0.133057 -0.152832 0.040527 -0.258701 -0.297150 0.078797
-0.166626 -0.125000 -0.014160 -0.323969 -0.243036 -0.027531
-0.186279 -0.115967 -0.062134 -0.362181 -0.225473 -0.120806
-0.198486 -0.111572 -0.098511 -0.385915 -0.216929 -0.191534
-0.210693 -0.119141 -0.121704 -0.409649 -0.231644 -0.236628
-0.224365 -0.124146 -0.131104 -0.436231 -0.241375 -0.254903
-0.237183 -0.119141 -0.132935 -0.461152 -0.231644 -0.258464
-0.242432 -0.108643 -0.133667 -0.471358 -0.211233 -0.259888
-0.237671 -0.097290 -0.129639 -0.462102 -0.189160 -0.252055
-0.221802 -0.090332 -0.119629 -0.431247 -0.175632 -0.232593
-0.199341 -0.080566 -0.107178 -0.387577 -0.156645 -0.208385
-0.179565 -0.065430 -0.094360 -0.349128 -0.127214 -0.183464
-0.162598 -0.045410 -0.086548 -0.316137 -0.088291 -0.168274
-0.145020 -0.023438 -0.082764 -0.281960 -0.045569 -0.160917
-0.126953 -0.012695 -0.081421 -0.246834 -0.024683 -0.158306
-0.110596 -0.017090 -0.081543 -0.215030 -0.033228 -0.158543
-0.100342 -0.026855 -0.082397 -0.195094 -0.052215 -0.160205
-0.100464 -0.034546 -0.079956 -0.195331 -0.067167 -0.155458
-0.104980 -0.036255 -0.070435 -0.204113 -0.070490 -0.136945
-0.110840 -0.034424 -0.056519 -0.215505 -0.066930 -0.109889
-0.114624 -0.028320 -0.039429 -0.222863 -0.055063 -0.076661
-0.115234 -0.018311 -0.022339 -0.224049 -0.035601 -0.043433
-0.109985 -0.010620 -0.006592 -0.213844 -0.020649 -0.012816
-0.096680 -0.011108 0.003662 -0.187973 -0.021598 0.007120
-0.077759 -0.019287 0.007690 -0.151186 -0.037500 0.014952
-0.059204 -0.030640 0.007202 -0.115110 -0.059572 0.014003
-0.043823 -0.043579 0.003296 -0.085205 -0.084730 0.006408
-0.035767 -0.042114 -0.003174 -0.069541 -0.081882 -0.006171
-0.034912 -0.029541 -0.003052 -0.067879 -0.057436 -0.005934
-0.037842 -0.021118 0.005127 -0.073575 -0.041060 0.009968
-0.044922 -0.020874 0.018555 -0.087341 -0.040585 0.036076
-0.054077 -0.020508 0.031494 -0.105142 -0.039873 0.061234
-0.055176 -0.015259 0.038452 -0.107278 -0.029668 0.074762
-0.046631 -0.012329 0.037476 -0.090664 -0.023971 0.072863
-0.035767 -0.015503 0.028809 -0.069541 -0.030142 0.056012
-0.029297 -0.021484 0.018555 -0.056962 -0.041772 0.036076
-0.030029 -0.024048 0.009399 -0.058386 -0.046756 0.018275
-0.035034 -0.018188 -0.000610 -0.068117 -0.035364 -0.001187
-0.043091 -0.008789 -0.009766 -0.083781 -0.017089 -0.018987
-0.053223 0.004150 -0.014771 -0.103480 0.008070 -0.028718
-0.058838 0.012573 -0.015015 -0.114398 0.024446 -0.029193
-0.058472 0.012817 -0.016479 -0.113686 0.024921 -0.032041
-0.056641 0.005005 -0.021240 -0.110126 0.009731 -0.041297
-0.060669 -0.004883 -0.028931 -0.117958 -0.009494 -0.056250
-0.066895 -0.006714 -0.038086 -0.130062 -0.013054 -0.074050
-0.077881 -0.006104 -0.046265 -0.151423 -0.011867 -0.089952
-0.090698 -0.004761 -0.052856 -0.176344 -0.009256 -0.102768
-0.099121 -0.004272 -0.056641 -0.192720 -0.008307 -0.110126
-0.100220 -0.002197 -0.056274 -0.194856 -0.004272 -0.109414
-0.098145 0.005981 -0.051758 -0.190822 0.011630 -0.100632
-0.091431 0.016968 -0.045654 -0.177768 0.032990 -0.088765
-0.077759 0.021118 -0.041504 -0.151186 0.041060 -0.080696
-0.060913 0.020996 -0.038818 -0.118433 0.040823 -0.075474
-0.050049 0.016724 -0.038330 -0.097310 0.032516 -0.074525
-0.048584 0.011108 -0.037842 -0.094461 0.021598 -0.073575
