-0.062744 0.060303 -0.420898 -0.121993 0.117246 -0.818349
-0.117798 0.050049 -0.436523 -0.229033 0.097310 -0.848729
-0.184814 0.047241 -0.437744 -0.359333 0.091851 -0.851102
-0.231201 0.083374 -0.416382 -0.449522 0.162103 -0.809568
-0.272827 0.104492 -0.373413 -0.530456 0.203163 -0.726024
-0.305908 0.135620 -0.334717 -0.594775 0.263685 -0.650787
-0.332642 0.182495 -0.315552 -0.646752 0.354824 -0.613525
-0.353760 0.243652 -0.312500 -0.687812 0.473731 -0.607591
-0.362427 0.304077 -0.309204 -0.704663 0.591215 -0.601183
-0.349365 0.350220 -0.295044 -0.679268 0.680929 -0.573651
-0.315063 0.343140 -0.267456 -0.612575 0.667164 -0.520013
-0.259033 0.268433 -0.223999 -0.503636 0.521911 -0.435519
-0.195679 0.132935 -0.149292 -0.380456 0.258464 -0.290267
-0.136597 -0.029175 -0.032837 -0.265584 -0.056724 -0.063845
-0.102295 -0.194580 0.135864 -0.198891 -0.378320 0.264160
-0.116577 -0.288940 0.386353 -0.226660 -0.561784 0.751182
-0.214478 -0.352661 0.704346 -0.417007 -0.685676 1.369453
-0.408813 -0.451416 1.010498 -0.794853 -0.877684 1.964703
-0.664917 -0.443237 1.318970 -1.292793 -0.861783 2.564462
-0.936768 -0.373901 1.656616 -1.821349 -0.726973 3.220945
-1.174194 -0.338135 1.991211 -2.282976 -0.657433 3.871495
-1.325562 -0.352417 2.287842 -2.577278 -0.685201 4.448232
-1.382813 -0.413940 2.496582 -2.688591 -0.804821 4.854084
-1.382324 -0.488037 2.581177 -2.687641 -0.948886 5.018560
-1.340942 -0.544556 2.553101 -2.607183 -1.058775 4.963972
-1.255981 -0.608398 2.415894 -2.441994 -1.182904 4.697202
-1.156982 -0.687744 2.174194 -2.249511 -1.337175 4.227268
-1.057373 -0.719604 1.885498 -2.055841 -1.399121 3.665958
-0.964355 -0.657593 1.590942 -1.874988 -1.278552 3.093256
-0.875610 -0.535767 1.306030 -1.702442 -1.041687 2.539304
-0.781616 -0.435059 1.020386 -1.519690 -0.845881 1.983927
-0.646484 -0.379028 0.733643 -1.256954 -0.736942 1.426415
-0.482910 -0.337402 0.467773 -0.938918 -0.656009 0.909488
-0.329224 -0.261597 0.225342 -0.640107 -0.508620 0.438130
-0.199829 -0.134399 -0.000732 -0.388526 -0.261312 -0.001424
-0.087769 0.003418 -0.221069 -0.170648 0.006646 -0.429823
0.001343 0.107666 -0.438354 0.002611 0.209334 -0.852289
0.066650 0.158081 -0.648438 0.129588 0.307356 -1.260752
0.102417 0.185303 -0.853271 0.199128 0.360283 -1.659009
0.096436 0.203491 -1.053955 0.187499 0.395646 -2.049196
0.054077 0.234253 -1.233032 0.105142 0.455456 -2.397374
-0.022095 0.257568 -1.392944 -0.042959 0.500788 -2.708290
-0.100952 0.265625 -1.534180 -0.196280 0.516452 -2.982893
-0.171753 0.257202 -1.642578 -0.333938 0.500076 -3.193651
-0.226440 0.249878 -1.714233 -0.440266 0.485836 -3.332970
-0.261841 0.243408 -1.747314 -0.509095 0.473257 -3.397289
-0.270874 0.230469 -1.737793 -0.526658 0.448098 -3.378776
-0.261353 0.179199 -1.678833 -0.508146 0.348416 -3.264141
-0.248291 0.123291 -1.582886 -0.482750 0.239714 -3.077591
-0.252686 0.081543 -1.470703 -0.491294 0.158543 -2.859476
-0.292236 0.059448 -1.361206 -0.568193 0.115585 -2.646581
-0.367065 0.101196 -1.266357 -0.713682 0.196755 -2.462168
-0.471191 0.162720 -1.198364 -0.916134 0.316375 -2.329970
-0.569702 0.071899 -1.181274 -1.107667 0.139793 -2.296742
-0.610107 -0.009766 -1.150024 -1.186227 -0.018987 -2.235983
-0.586304 -0.105591 -1.082764 -1.139945 -0.205299 -2.105208
-0.511963 -0.227539 -0.988770 -0.995405 -0.442402 -1.922456
-0.426270 -0.343506 -0.877930 -0.828792 -0.667876 -1.706951
-0.344849 -0.418579 -0.745850 -0.670486 -0.813840 -1.450149
-0.292603 -0.441650 -0.591431 -0.568905 -0.858697 -1.149914
-0.270508 -0.418457 -0.429565 -0.525946 -0.813603 -0.835200
-0.266479 -0.359985 -0.272583 -0.518114 -0.699916 -0.529981
-0.271973 -0.294556 -0.130981 -0.528794 -0.572702 -0.254666
-0.276733 -0.237183 -0.001221 -0.538050 -0.461152 -0.002373
-0.252563 -0.184204 0.127197 -0.491057 -0.358146 0.247309
-0.187256 -0.141357 0.256958 -0.364080 -0.274840 0.499601
-0.084839 -0.093140 0.373779 -0.164952 -0.181091 0.726736
0.085938 -0.046143 0.466431 0.167088 -0.089715 0.906877
0.252563 -0.024170 0.558960 0.491057 -0.046993 1.086781
0.367554 0.025757 0.658203 0.714632 0.050079 1.279739
0.472778 0.135742 0.759888 0.919219 0.263922 1.477443
0.638550 0.291260 0.862793 1.241527 0.566294 1.677521
0.821777 0.431396 0.979492 1.597775 0.838761 1.904418
0.988892 0.540894 1.097046 1.922694 1.051655 2.132977
1.124146 0.640869 1.183105 2.185667 1.246037 2.300302
1.217651 0.732056 1.204956 2.367469 1.423330 2.342786
1.279541 0.790405 1.164063 2.487801 1.536778 2.263277
1.322510 0.770264 1.063232 2.571345 1.497617 2.067234
1.350952 0.647095 0.897583 2.626645 1.258141 1.745163
1.358398 0.475342 0.697021 2.641123 0.924203 1.355213
1.329102 0.298706 0.499634 2.584161 0.580772 0.971434
1.251831 0.162964 0.331421 2.433925 0.316849 0.644379
1.135376 0.080933 0.206055 2.207502 0.157357 0.400630
1.007080 0.045898 0.126831 1.958057 0.089240 0.246597
0.880371 0.011719 0.096924 1.711698 0.022785 0.188448
0.749634 -0.018677 0.108032 1.457507 -0.036313 0.210046
0.627930 -0.034180 0.148926 1.220878 -0.066455 0.289555
0.512085 -0.065918 0.193115 0.995642 -0.128164 0.375472
0.400513 -0.115112 0.212158 0.778713 -0.223812 0.412497
0.296387 -0.157959 0.197144 0.576262 -0.307118 0.383305
0.187256 -0.180542 0.156494 0.364080 -0.351026 0.304270
0.074097 -0.187256 0.107910 0.144066 -0.364080 0.209809
-0.044312 -0.206909 0.057983 -0.086155 -0.402292 0.112737
-0.151489 -0.236572 0.010132 -0.294539 -0.459965 0.019699
-0.241577 -0.275146 -0.029785 -0.469696 -0.534965 -0.057911
-0.310425 -0.309326 -0.068481 -0.603556 -0.601420 -0.133148
-0.363159 -0.322998 -0.102905 -0.706087 -0.628002 -0.200078
-0.395508 -0.310303 -0.124634 -0.768983 -0.603319 -0.242324
-0.404907 -0.296021 -0.134155 -0.787258 -0.575550 -0.260837
-0.391602 -0.294189 -0.134033 -0.761388 -0.571990 -0.260600
-0.363037 -0.296509 -0.127197 -0.705850 -0.576500 -0.247309
-0.329590 -0.287720 -0.115845 -0.640819 -0.559411 -0.225236
-0.310425 -0.262573 -0.101685 -0.603556 -0.510519 -0.197704
-0.313721 -0.198486 -0.078613 -0.609965 -0.385915 -0.152847
-0.305298 -0.121582 -0.051025 -0.593588 -0.236391 -0.099208
-0.261597 -0.064697 -0.018677 -0.508620 -0.125790 -0.036313
-0.195923 -0.024536 0.014526 -0.380931 -0.047705 0.028243
-0.141479 0.007324 0.046387 -0.275077 0.014240 0.090189
-0.112671 0.035767 0.075317 -0.219065 0.069541 0.146439
-0.104126 0.048828 0.093628 -0.202451 0.094936 0.182040
-0.102295 0.046631 0.102173 -0.198891 0.090664 0.198654
-0.099609 0.032959 0.111816 -0.193670 0.064082 0.217404
-0.102051 0.011963 0.123535 -0.198416 0.023259 0.240188
-0.113525 0.001343 0.126953 -0.220726 0.002611 0.246834
-0.132690 -0.002075 0.121094 -0.257989 -0.004035 0.235442
-0.152954 -0.000244 0.109985 -0.297387 -0.000475 0.213844
-0.166382 -0.003418 0.098999 -0.323495 -0.006646 0.192483
-0.171509 -0.012573 0.093018 -0.333463 -0.024446 0.180853
-0.171021 -0.016357 0.087402 -0.332514 -0.031804 0.169936
-0.167969 -0.007935 0.076294 -0.326580 -0.015427 0.148338
-0.162354 0.005493 0.059692 -0.315663 0.010680 0.116059
-0.154297 0.015015 0.048828 -0.299998 0.029193 0.094936
-0.145630 0.018066 0.038574 -0.283147 0.035126 0.075000
-0.137817 0.009033 0.025024 -0.267957 0.017563 0.048655
-0.133545 0.004639 0.010986 -0.259650 0.009019 0.021361
-0.128906 0.009888 -0.004272 -0.250631 0.019225 -0.008307
-0.126831 0.020264 -0.019409 -0.246597 0.039398 -0.037737
-0.129883 0.019165 -0.029297 -0.252530 0.037262 -0.056962
-0.134033 0.008179 -0.030151 -0.260600 0.015902 -0.058623
-0.135498 0.001099 -0.024414 -0.263448 0.002136 -0.047468
-0.133423 -0.000488 -0.015991 -0.259413 -0.000949 -0.031092
-0.126709 0.004272 -0.008057 -0.246359 0.008307 -0.015664
-0.118774 0.004883 0.000854 -0.230932 0.009494 0.001661
-0.111084 -0.001343 0.011108 -0.215980 -0.002611 0.021598
-0.104492 -0.009521 0.020264 -0.203163 -0.018513 0.039398
-0.101196 -0.013672 0.026245 -0.196755 -0.026582 0.051028
-0.097778 -0.014404 0.027588 -0.190110 -0.028006 0.053639
-0.091309 -0.014160 0.026733 -0.177531 -0.027531 0.051978
-0.085571 -0.018921 0.025513 -0.166376 -0.036788 0.049604
-0.080566 -0.024536 0.025024 -0.156645 -0.047705 0.048655
-0.078247 -0.026367 0.026245 -0.152135 -0.051266 0.051028
-0.076416 -0.030151 0.024048 -0.148575 -0.058623 0.046756
-0.072754 -0.035156 0.018677 -0.141455 -0.068354 0.036313
-0.068726 -0.037476 0.014526 -0.133623 -0.072863 0.028243
-0.065674 -0.028931 0.012085 -0.127689 -0.056250 0.023497
-0.062866 -0.019653 0.009888 -0.122230 -0.038212 0.019225
-0.059082 -0.014648 0.003418 -0.114873 -0.028481 0.006646
-0.057129 -0.008667 -0.006714 -0.111075 -0.016851 -0.013054
-0.057007 0.002930 -0.018921 -0.110838 0.005696 -0.036788
-0.056396 0.011963 -0.032959 -0.109651 0.023259 -0.064082
