-0.002686 0.135620 -0.042114 -0.005221 0.263685 -0.081882
-0.012207 0.105347 -0.046753 -0.023734 0.204825 -0.090901
-0.039673 0.069214 -0.051514 -0.077136 0.134572 -0.100158
-0.091309 0.068115 -0.066040 -0.177531 0.132436 -0.128401
-0.110474 0.041626 -0.088623 -0.214793 0.080933 -0.172309
-0.105713 0.012695 -0.116089 -0.205537 0.024683 -0.225711
-0.093506 -0.018188 -0.143677 -0.181803 -0.035364 -0.279350
-0.081177 -0.045044 -0.174316 -0.157831 -0.087579 -0.338922
-0.070435 -0.065430 -0.203735 -0.136945 -0.127214 -0.396121
-0.064209 -0.068359 -0.220947 -0.124841 -0.132911 -0.429586
-0.063110 -0.058716 -0.230103 -0.122705 -0.114161 -0.447386
-0.062256 -0.040283 -0.240723 -0.121044 -0.078322 -0.468035
-0.054932 -0.017456 -0.261597 -0.106803 -0.033940 -0.508620
-0.034058 0.005249 -0.300781 -0.066218 0.010206 -0.584806
0.014282 -0.031006 -0.350586 0.027769 -0.060284 -0.681641
0.070679 -0.146484 -0.407715 0.137420 -0.284808 -0.792717
0.091553 -0.291260 -0.487915 0.178005 -0.566294 -0.948649
0.057739 -0.382324 -0.583740 0.112262 -0.743350 -1.134961
-0.015991 -0.404907 -0.671875 -0.031092 -0.787258 -1.306321
-0.087524 -0.388550 -0.715698 -0.170173 -0.755454 -1.391526
-0.139648 -0.340698 -0.683960 -0.271517 -0.662417 -1.329818
-0.173096 -0.246826 -0.574463 -0.336549 -0.479902 -1.116923
-0.184814 -0.152222 -0.403442 -0.359333 -0.295963 -0.784410
-0.175659 -0.084595 -0.177246 -0.341533 -0.164477 -0.344618
-0.175659 -0.057007 0.091675 -0.341533 -0.110838 0.178243
-0.220459 -0.064331 0.396606 -0.428637 -0.125078 0.771119
-0.333862 -0.099731 0.719116 -0.649126 -0.193907 1.398172
-0.514771 -0.145264 1.039551 -1.000864 -0.282435 2.021190
-0.723022 -0.206421 1.342285 -1.405766 -0.401342 2.609794
-0.921875 -0.298340 1.634033 -1.792394 -0.580060 3.177037
-1.091431 -0.407227 1.917603 -2.122060 -0.791767 3.728379
-1.221436 -0.503540 2.186279 -2.374827 -0.979029 4.250764
-1.309082 -0.514771 2.423584 -2.545237 -1.000864 4.712154
-1.339233 -0.412598 2.557861 -2.603860 -0.802210 4.973228
-1.283813 -0.207397 2.521851 -2.496108 -0.403241 4.903213
-1.148193 0.056274 2.315186 -2.232423 0.109414 4.501396
-0.909424 0.361328 1.880615 -1.768185 0.702527 3.656464
-0.533325 0.445435 1.223877 -1.036940 0.866055 2.379574
-0.155518 0.245605 0.568726 -0.302372 0.477529 1.105768
0.073120 -0.025269 0.054810 0.142167 -0.049129 0.106566
0.122925 -0.259033 -0.294434 0.239002 -0.503636 -0.572465
0.060059 -0.447388 -0.528320 0.116771 -0.869852 -1.027209
-0.056396 -0.561523 -0.700073 -0.109651 -1.091765 -1.361147
-0.214966 -0.544678 -0.859375 -0.417956 -1.059012 -1.670876
-0.412231 -0.408447 -1.033203 -0.801498 -0.794141 -2.008848
-0.589600 -0.227051 -1.193604 -1.146354 -0.441453 -2.320713
-0.714966 -0.093994 -1.305420 -1.390102 -0.182752 -2.538117
-0.792603 -0.050171 -1.360962 -1.541050 -0.097547 -2.646107
-0.833740 -0.065918 -1.366211 -1.621034 -0.128164 -2.656312
-0.839722 -0.080811 -1.345947 -1.632664 -0.157119 -2.616914
-0.817139 -0.109985 -1.324829 -1.588756 -0.213844 -2.575854
-0.783203 -0.128784 -1.329956 -1.522775 -0.250394 -2.585822
-0.747803 -0.136841 -1.379517 -1.453947 -0.266058 -2.682183
-0.729492 -0.176025 -1.488525 -1.418346 -0.342245 -2.894127
-0.770020 -0.171143 -1.583862 -1.497143 -0.332751 -3.079490
-0.809692 -0.181519 -1.630981 -1.574278 -0.352925 -3.171103
-0.847900 -0.180420 -1.613770 -1.648566 -0.350789 -3.137639
-0.880981 -0.147217 -1.559814 -1.712885 -0.286232 -3.032734
-0.877686 -0.102539 -1.465698 -1.706477 -0.199366 -2.849745
-0.833008 -0.011475 -1.348267 -1.619610 -0.022310 -2.621423
-0.743774 0.054077 -1.221069 -1.446114 0.105142 -2.374115
-0.656494 0.129150 -1.104370 -1.276416 0.251106 -2.147218
-0.588501 0.225586 -1.009155 -1.144217 0.438605 -1.962092
-0.540039 0.292725 -0.935425 -1.049993 0.569142 -1.818739
-0.494873 0.290039 -0.875000 -0.962178 0.563920 -1.701255
-0.443359 0.251709 -0.825073 -0.862020 0.489396 -1.604183
-0.381104 0.194458 -0.782227 -0.740976 0.378083 -1.520877
-0.311279 0.164673 -0.736328 -0.605218 0.320172 -1.431637
-0.226196 0.171631 -0.674194 -0.439792 0.333700 -1.310830
-0.121338 0.172241 -0.589478 -0.235916 0.334887 -1.146116
-0.017090 0.179932 -0.487305 -0.033228 0.349840 -0.947462
0.075195 0.193848 -0.380249 0.146202 0.376896 -0.739315
0.158936 0.201172 -0.259277 0.309017 0.391137 -0.504111
0.234253 0.202759 -0.136719 0.455456 0.394222 -0.265821
0.294678 0.210083 -0.020386 0.572939 0.408463 -0.039636
0.346313 0.220215 0.099609 0.673334 0.428162 0.193670
0.387939 0.236450 0.234619 0.754267 0.459728 0.456168
0.435425 0.251099 0.383301 0.846593 0.488209 0.745248
0.511597 0.250122 0.542603 0.994693 0.486310 1.054978
0.624390 0.240845 0.721680 1.213996 0.468272 1.403156
0.766602 0.236572 0.916016 1.490497 0.459965 1.781001
0.909790 0.261353 1.115234 1.768897 0.508146 2.168341
1.024902 0.307861 1.318359 1.992709 0.598572 2.563275
1.082520 0.343140 1.509766 2.104734 0.667164 2.935425
1.077759 0.351563 1.674072 2.095477 0.683540 3.254885
0.997437 0.331177 1.799072 1.939307 0.643904 3.497921
0.861206 0.305908 1.866943 1.674436 0.594775 3.629882
0.698608 0.305420 1.851685 1.358298 0.593825 3.600215
0.537109 0.315674 1.738525 1.044297 0.613762 3.380200
0.404297 0.315674 1.544678 0.786071 0.613762 3.003304
0.330078 0.277100 1.290527 0.641768 0.538762 2.509161
0.335815 0.216187 0.997559 0.652923 0.420330 1.939545
0.405518 0.136108 0.703613 0.788444 0.264634 1.368029
0.513062 0.046631 0.468628 0.997541 0.090664 0.911149
0.631714 -0.030518 0.318237 1.228236 -0.059335 0.618746
0.727539 -0.072510 0.236328 1.414548 -0.140980 0.459491
0.776489 -0.075562 0.201050 1.509722 -0.146914 0.390899
0.768921 -0.032837 0.186035 1.495006 -0.063845 0.361707
0.710693 0.039429 0.173584 1.381795 0.076661 0.337498
0.629517 0.126099 0.170044 1.223964 0.245173 0.330615
0.537109 0.185913 0.166260 1.044297 0.361469 0.323257
0.442505 0.211182 0.154175 0.860359 0.410599 0.299761
0.354126 0.200317 0.132813 0.688524 0.389475 0.258226
0.266357 0.153809 0.103271 0.517877 0.299049 0.200790
0.180908 0.102539 0.069458 0.351738 0.199366 0.135047
0.119385 0.052246 0.044800 0.232119 0.101582 0.087104
0.088745 0.027832 0.027710 0.172546 0.054114 0.053876
0.076782 0.022461 0.011719 0.149287 0.043671 0.022785
0.073608 0.020752 0.001343 0.143116 0.040348 0.002611
0.064575 0.028076 -0.012329 0.125553 0.054588 -0.023971
0.035645 0.041870 -0.031860 0.069303 0.081408 -0.061946
-0.006958 0.055298 -0.049072 -0.013528 0.107515 -0.095411
-0.040405 0.050537 -0.059082 -0.078560 0.098259 -0.114873
-0.063721 0.018311 -0.064697 -0.123892 0.035601 -0.125790
-0.090820 -0.010376 -0.070923 -0.176581 -0.020174 -0.137895
-0.119995 -0.015991 -0.078491 -0.233305 -0.031092 -0.152610
-0.133789 -0.010742 -0.086304 -0.260125 -0.020886 -0.167800
-0.126465 -0.009888 -0.096436 -0.245885 -0.019225 -0.187499
-0.112549 -0.018311 -0.104980 -0.218828 -0.035601 -0.204113
-0.104492 -0.028564 -0.109253 -0.203163 -0.055538 -0.212420
-0.105347 -0.033447 -0.105103 -0.204825 -0.065031 -0.204350
-0.117554 -0.028809 -0.093872 -0.228559 -0.056012 -0.182515
-0.132202 -0.015137 -0.075073 -0.257040 -0.029430 -0.145964
-0.139648 0.003174 -0.054565 -0.271517 0.006171 -0.106091
-0.137939 0.020996 -0.042114 -0.268195 0.040823 -0.081882
-0.129517 0.031372 -0.036255 -0.251818 0.060996 -0.070490
-0.119629 0.030884 -0.035645 -0.232593 0.060047 -0.069303
-0.109741 0.017700 -0.036621 -0.213369 0.034414 -0.071202
-0.100830 0.001221 -0.037598 -0.196043 0.002373 -0.073101
-0.094727 -0.009155 -0.036621 -0.184176 -0.017801 -0.071202
-0.088745 -0.014404 -0.034302 -0.172546 -0.028006 -0.066693
-0.082520 -0.014038 -0.031616 -0.160442 -0.027294 -0.061471
-0.077271 -0.007202 -0.025146 -0.150236 -0.014003 -0.048892
-0.072266 -0.002808 -0.013794 -0.140505 -0.005459 -0.026819
-0.067383 -0.004272 -0.002808 -0.131012 -0.008307 -0.005459
-0.067017 -0.000244 0.005493 -0.130300 -0.000475 0.010680
-0.074463 0.005249 0.014648 -0.144778 0.010206 0.028481
-0.088501 0.006226 0.023315 -0.172072 0.012104 0.045332
-0.099121 0.002930 0.027222 -0.192720 0.005696 0.052927
-0.102295 -0.002075 0.028320 -0.198891 -0.004035 0.055063
-0.099854 -0.009766 0.024048 -0.194144 -0.018987 0.046756
-0.093872 -0.016724 0.014282 -0.182515 -0.032516 0.027769
-0.088013 -0.015015 0.004639 -0.171122 -0.029193 0.009019
-0.086914 -0.009399 0.001831 -0.168986 -0.018275 0.003560
-0.092896 -0.006958 0.005493 -0.180616 -0.013528 0.010680
-0.102661 -0.007690 0.009399 -0.199603 -0.014952 0.018275
-0.107056 -0.004517 0.008301 -0.208147 -0.008782 0.016139
-0.102905 -0.001343 0.005981 -0.200078 -0.002611 0.011630
-0.095093 -0.000366 0.004761 -0.184888 -0.000712 0.009256
-0.086548 -0.001953 0.000732 -0.168274 -0.003797 0.001424
