0.032227 0.203735 -0.383179 0.062658 0.396121 -0.745011
-0.041992 0.171021 -0.419800 -0.081645 0.332514 -0.816213
-0.163452 0.183838 -0.437500 -0.317799 0.357434 -0.850628
-0.259155 0.233887 -0.439697 -0.503873 0.454744 -0.854900
-0.343140 0.267578 -0.419067 -0.667164 0.520250 -0.814789
-0.464478 0.312866 -0.390991 -0.903080 0.608303 -0.760201
-0.525879 0.417114 -0.406128 -1.022462 0.810992 -0.789631
-0.556885 0.456177 -0.435791 -1.082746 0.886941 -0.847305
-0.617310 0.453979 -0.453003 -1.200230 0.882668 -0.880770
-0.682861 0.416016 -0.451294 -1.327682 0.808856 -0.877447
-0.757446 0.312256 -0.399780 -1.472696 0.607116 -0.777289
-0.843506 0.180664 -0.281616 -1.640021 0.351264 -0.547544
-0.952515 0.035156 -0.101440 -1.851966 0.068354 -0.197230
-1.081543 -0.117554 0.132202 -2.102835 -0.228559 0.257040
-1.204590 -0.272339 0.405762 -2.342074 -0.529506 0.788919
-1.298462 -0.426270 0.703735 -2.524589 -0.828792 1.368267
-1.350464 -0.560913 0.994873 -2.625695 -1.090579 1.934323
-1.376343 -0.668091 1.262085 -2.676012 -1.298963 2.453861
-1.396606 -0.746338 1.518555 -2.715410 -1.451098 2.952513
-1.399536 -0.794434 1.747681 -2.721106 -1.544611 3.398001
-1.372681 -0.817627 1.934570 -2.668891 -1.589705 3.761369
-1.321899 -0.815918 2.063721 -2.570158 -1.586383 4.012475
-1.253296 -0.770386 2.106079 -2.436773 -1.497855 4.094832
-1.178955 -0.665894 2.044434 -2.292233 -1.294691 3.974975
-1.106323 -0.519287 1.894531 -2.151015 -1.009646 3.683521
-1.046143 -0.385742 1.689941 -2.034006 -0.749995 3.285739
-1.020386 -0.305298 1.473022 -1.983927 -0.593588 2.863985
-0.979736 -0.248901 1.272339 -1.904893 -0.483937 2.473798
-0.859619 -0.216553 1.095337 -1.671350 -0.421042 2.129654
-0.690186 -0.211426 0.949951 -1.341922 -0.411073 1.846982
-0.486328 -0.179932 0.833862 -0.945564 -0.349840 1.621271
-0.316162 -0.129883 0.737427 -0.614711 -0.252530 1.433773
-0.216675 -0.057251 0.657471 -0.421279 -0.111313 1.278315
-0.169067 0.011963 0.571045 -0.328716 0.023259 1.110278
-0.211548 0.046631 0.474976 -0.411311 0.090664 0.923491
-0.217285 0.129028 0.346558 -0.422466 0.250869 0.673809
-0.165771 0.189575 0.179688 -0.322308 0.368589 0.349365
-0.084106 0.223267 -0.002930 -0.163527 0.434095 -0.005696
0.002930 0.246094 -0.190063 0.005696 0.478478 -0.369539
0.076782 0.246582 -0.361816 0.149287 0.479427 -0.703477
0.114624 0.204346 -0.508423 0.222863 0.397308 -0.988522
0.114868 0.131104 -0.636963 0.223337 0.254903 -1.238442
0.091431 0.066162 -0.744873 0.177768 0.128638 -1.448250
0.061279 0.044922 -0.831909 0.119145 0.087341 -1.617474
0.039795 0.038696 -0.906494 0.077373 0.075237 -1.762489
0.036255 0.020874 -0.973999 0.070490 0.040585 -1.893738
0.039307 -0.003906 -1.040527 0.076424 -0.007595 -2.023089
0.015259 -0.029663 -1.100464 0.029668 -0.057674 -2.139623
-0.039551 -0.036987 -1.146484 -0.076898 -0.071914 -2.229100
-0.102905 -0.033691 -1.188477 -0.200078 -0.065506 -2.310745
-0.182861 -0.040405 -1.245605 -0.355536 -0.078560 -2.421820
-0.280640 -0.037476 -1.307739 -0.545645 -0.072863 -2.542626
-0.379395 -0.012817 -1.361328 -0.737654 -0.024921 -2.646819
-0.456421 0.019165 -1.398682 -0.887415 0.037262 -2.719445
-0.502930 0.053101 -1.409790 -0.977842 0.103243 -2.741043
-0.512817 0.085571 -1.387207 -0.997067 0.166376 -2.697135
-0.496094 0.071167 -1.337158 -0.964551 0.138369 -2.599825
-0.465942 0.009888 -1.268921 -0.905928 0.019225 -2.467152
-0.423218 -0.061768 -1.190063 -0.822859 -0.120094 -2.313830
-0.383667 -0.105347 -1.103760 -0.745961 -0.204825 -2.146031
-0.353149 -0.100220 -1.010742 -0.686625 -0.194856 -1.965178
-0.330078 -0.071045 -0.908813 -0.641768 -0.138132 -1.766998
-0.314697 -0.065552 -0.801147 -0.611863 -0.127452 -1.557664
-0.310181 -0.096191 -0.694336 -0.603082 -0.187024 -1.349992
-0.304810 -0.129028 -0.598877 -0.592639 -0.250869 -1.164391
-0.294800 -0.152710 -0.519287 -0.573177 -0.296913 -1.009646
-0.278809 -0.166016 -0.435547 -0.542085 -0.322783 -0.846830
-0.264404 -0.177368 -0.340332 -0.514079 -0.344855 -0.661705
-0.249146 -0.181763 -0.236450 -0.484412 -0.353400 -0.459728
-0.217896 -0.179688 -0.131470 -0.423652 -0.349365 -0.255615
-0.158569 -0.167114 -0.024536 -0.308305 -0.324919 -0.047705
-0.079712 -0.133545 0.083130 -0.154983 -0.259650 0.161629
0.010010 -0.080811 0.183838 0.019462 -0.157119 0.357434
0.100708 -0.032593 0.281738 0.195806 -0.063370 0.547781
0.176880 -0.002441 0.381592 0.343906 -0.004747 0.741926
0.243164 0.014160 0.486084 0.472782 0.027531 0.945089
0.312378 0.020020 0.599854 0.607354 0.038924 1.166290
0.414795 0.022095 0.709839 0.806482 0.042959 1.380134
0.552490 0.012451 0.824707 1.074202 0.024209 1.603471
0.675659 0.002075 0.943237 1.313679 0.004035 1.833928
0.772461 0.008179 1.046875 1.501889 0.015902 2.035430
0.868042 0.010376 1.122070 1.687727 0.020174 2.181632
0.944336 -0.012695 1.176147 1.836064 -0.024683 2.286774
0.984131 -0.044434 1.207764 1.913437 -0.086392 2.348245
0.992310 -0.065308 1.206543 1.929339 -0.126977 2.345871
0.992188 -0.059204 1.170776 1.929102 -0.115110 2.276331
0.992798 -0.015015 1.102051 1.930289 -0.029193 2.142708
1.000000 0.052124 1.003662 1.944292 0.101344 1.951412
1.006958 0.110718 0.886841 1.957820 0.215268 1.724277
0.994995 0.135742 0.764893 1.934561 0.263922 1.487174
0.949707 0.110107 0.638916 1.846507 0.214081 1.242239
0.882324 0.033936 0.518433 1.715496 0.065981 1.007984
0.817383 -0.076660 0.415405 1.589231 -0.149050 0.807669
0.757935 -0.204102 0.342529 1.473646 -0.396833 0.665977
0.696411 -0.289307 0.297485 1.354026 -0.562496 0.578398
0.630493 -0.322021 0.262817 1.225863 -0.626104 0.510994
0.541260 -0.354370 0.230225 1.052367 -0.688999 0.447624
0.428955 -0.378296 0.200317 0.834014 -0.735518 0.389475
0.307495 -0.366455 0.164063 0.597860 -0.712496 0.318985
0.170410 -0.306885 0.153442 0.331327 -0.596673 0.298337
0.029541 -0.268433 0.182739 0.057436 -0.521911 0.355298
-0.080566 -0.279175 0.203491 -0.156645 -0.542797 0.395646
-0.144897 -0.303101 0.183594 -0.281723 -0.589316 0.356960
-0.181641 -0.317871 0.142822 -0.353162 -0.618034 0.277688
-0.198242 -0.316650 0.099854 -0.385441 -0.615661 0.194144
-0.202148 -0.295044 0.050171 -0.393036 -0.573651 0.097547
-0.192017 -0.249878 -0.017822 -0.373336 -0.485836 -0.034652
-0.187866 -0.188110 -0.096191 -0.365267 -0.365741 -0.187024
-0.197632 -0.117920 -0.164795 -0.384254 -0.229271 -0.320409
-0.214111 -0.067383 -0.215210 -0.416295 -0.131012 -0.418431
-0.226685 -0.052612 -0.251831 -0.440741 -0.102294 -0.489633
-0.233154 -0.060425 -0.272583 -0.453320 -0.117483 -0.529981
-0.234253 -0.072754 -0.285400 -0.455456 -0.141455 -0.554902
-0.234375 -0.077515 -0.294922 -0.455693 -0.150711 -0.573414
-0.244263 -0.062378 -0.290405 -0.474918 -0.121281 -0.564633
-0.267456 -0.028198 -0.260132 -0.520013 -0.054826 -0.505772
-0.270752 0.017090 -0.214478 -0.526421 0.033228 -0.417007
-0.241943 0.033813 -0.166138 -0.470408 0.065743 -0.323020
-0.202515 0.024658 -0.117676 -0.393748 0.047943 -0.228796
-0.172485 0.009766 -0.071533 -0.335362 0.018987 -0.139081
-0.154785 -0.001343 -0.035522 -0.300947 -0.002611 -0.069066
-0.139648 -0.007446 -0.012573 -0.271517 -0.014478 -0.024446
-0.126343 -0.014404 0.001587 -0.245647 -0.028006 0.003085
-0.116089 -0.025391 0.009155 -0.225711 -0.049367 0.017801
-0.110229 -0.034302 0.013184 -0.214318 -0.066693 0.025633
-0.109985 -0.038696 0.018677 -0.213844 -0.075237 0.036313
-0.112061 -0.040039 0.026001 -0.217878 -0.077848 0.050553
-0.111328 -0.036133 0.028198 -0.216454 -0.070253 0.054826
-0.110596 -0.026733 0.026001 -0.215030 -0.051978 0.050553
-0.110718 -0.017090 0.022583 -0.215268 -0.033228 0.043908
-0.109863 -0.012451 0.015747 -0.213606 -0.024209 0.030617
-0.109253 -0.013916 0.004028 -0.212420 -0.027057 0.007832
-0.112427 -0.014771 -0.012207 -0.218590 -0.028718 -0.023734
-0.118408 -0.003662 -0.032715 -0.230220 -0.007120 -0.063607
-0.123901 0.009399 -0.051880 -0.240900 0.018275 -0.100870
-0.127808 0.008545 -0.061890 -0.248495 0.016614 -0.120332
-0.130615 0.000610 -0.066040 -0.253954 0.001187 -0.128401
-0.127930 -0.004150 -0.069580 -0.248733 -0.008070 -0.135284
-0.121216 -0.005859 -0.075073 -0.235679 -0.011392 -0.145964
-0.113159 -0.003418 -0.076172 -0.220014 -0.006646 -0.148100
-0.106812 0.005127 -0.071411 -0.207673 0.009968 -0.138844
-0.098877 0.014526 -0.064453 -0.192246 0.028243 -0.125316
-0.090942 0.021362 -0.058472 -0.176819 0.041535 -0.113686
-0.086792 0.022705 -0.051636 -0.168749 0.044145 -0.100395
-0.084839 0.021362 -0.046387 -0.164952 0.041535 -0.090189
-0.079468 0.019409 -0.043457 -0.154509 0.037737 -0.084493
-0.074829 0.024658 -0.040771 -0.145490 0.047943 -0.079272
-0.072632 0.037720 -0.041138 -0.141217 0.073338 -0.079984
-0.073975 0.047852 -0.045898 -0.143828 0.093037 -0.089240
-0.078735 0.047119 -0.051147 -0.153084 0.091613 -0.099446
