0.015015 -0.022339 -0.064209 0.029193 -0.043433 -0.124841
-0.035522 -0.080200 -0.078247 -0.069066 -0.155933 -0.152135
-0.103516 -0.080811 -0.098633 -0.201265 -0.157119 -0.191771
-0.115356 -0.032349 -0.119507 -0.224287 -0.062895 -0.232356
-0.103882 -0.007080 -0.135132 -0.201977 -0.013766 -0.262736
-0.085693 -0.001465 -0.143677 -0.166613 -0.002848 -0.279350
-0.059692 -0.002563 -0.145996 -0.116059 -0.004984 -0.283859
-0.040283 -0.017212 -0.148438 -0.078322 -0.033465 -0.288606
-0.034058 -0.017456 -0.161133 -0.066218 -0.033940 -0.313289
-0.026245 0.003906 -0.182251 -0.051028 0.007595 -0.354349
-0.018799 0.014038 -0.193848 -0.036550 0.027294 -0.376896
-0.036987 -0.022095 -0.224731 -0.071914 -0.042959 -0.436943
-0.061890 -0.069580 -0.275513 -0.120332 -0.135284 -0.535677
-0.082153 -0.113892 -0.323364 -0.159730 -0.221438 -0.628714
-0.089233 -0.141357 -0.370239 -0.173496 -0.274840 -0.719853
-0.088379 -0.163818 -0.418335 -0.171834 -0.318511 -0.813365
-0.084717 -0.180420 -0.470337 -0.164714 -0.350789 -0.914472
-0.081787 -0.203003 -0.531128 -0.159018 -0.394697 -1.032668
-0.082397 -0.231812 -0.594971 -0.160205 -0.450709 -1.156797
-0.089233 -0.267090 -0.645630 -0.173496 -0.519301 -1.255293
-0.107666 -0.310547 -0.684204 -0.209334 -0.603794 -1.330292
-0.122314 -0.372192 -0.712402 -0.237815 -0.723651 -1.385118
-0.127075 -0.456787 -0.722412 -0.247071 -0.888127 -1.404580
-0.133179 -0.528076 -0.708740 -0.258938 -1.026734 -1.377998
-0.140137 -0.560913 -0.666138 -0.272467 -1.090579 -1.295166
-0.171143 -0.542603 -0.599609 -0.332751 -1.054978 -1.165815
-0.250244 -0.471191 -0.498047 -0.486548 -0.916134 -0.968348
-0.342773 -0.375854 -0.334106 -0.666452 -0.730771 -0.649600
-0.418457 -0.301636 -0.116089 -0.813603 -0.586468 -0.225711
-0.468262 -0.254639 0.146240 -0.910437 -0.495092 0.284334
-0.506104 -0.243408 0.452026 -0.984013 -0.473257 0.878871
-0.548096 -0.270630 0.785522 -1.065658 -0.526183 1.527285
-0.615723 -0.328003 1.120728 -1.197144 -0.637733 2.179021
-0.715454 -0.399292 1.434937 -1.391051 -0.776340 2.789935
-0.846558 -0.450562 1.722900 -1.645955 -0.876023 3.349821
-1.004395 -0.443237 1.980225 -1.952836 -0.861783 3.850134
-1.183472 -0.356079 2.178101 -2.301014 -0.692322 4.234863
-1.349854 -0.189453 2.278320 -2.624509 -0.368352 4.429719
-1.447021 -0.001465 2.254272 -2.813432 -0.002848 4.382963
-1.426147 0.175781 2.093872 -2.772846 0.341770 4.071098
-1.245728 0.295532 1.810669 -2.422058 0.574601 3.520468
-0.865967 0.275879 1.413086 -1.683692 0.536389 2.747451
-0.375122 0.100098 0.990234 -0.729347 0.194619 1.925304
0.040649 -0.169556 0.650024 0.079034 -0.329666 1.263837
0.282959 -0.371704 0.407227 0.550155 -0.722701 0.791767
0.354614 -0.467041 0.257568 0.689474 -0.908064 0.500788
0.311401 -0.442993 0.165039 0.605455 -0.861308 0.320884
0.201050 -0.306641 0.107788 0.390899 -0.596199 0.209571
0.053711 -0.124634 0.065430 0.104430 -0.242324 0.127214
-0.113770 0.013184 0.009399 -0.221201 0.025633 0.018275
-0.282593 0.047852 -0.084473 -0.549443 0.093037 -0.164239
-0.434082 0.019165 -0.230713 -0.843982 0.037262 -0.448573
-0.572144 -0.029907 -0.423340 -1.112414 -0.058148 -0.823096
-0.665771 -0.026978 -0.639038 -1.294454 -0.052452 -1.242476
-0.694458 0.010132 -0.845215 -1.350229 0.019699 -1.643344
-0.698608 0.011841 -1.041870 -1.358298 0.023022 -2.025699
-0.667480 -0.011841 -1.199707 -1.297777 -0.023022 -2.332580
-0.595947 -0.071777 -1.300293 -1.158695 -0.139556 -2.528149
-0.536255 -0.149658 -1.374268 -1.042636 -0.290979 -2.671977
-0.533813 -0.192017 -1.429443 -1.037889 -0.373336 -2.779255
-0.571411 -0.177490 -1.474609 -1.110990 -0.345093 -2.867071
-0.611816 -0.126465 -1.498901 -1.189550 -0.245885 -2.914301
-0.640747 -0.086426 -1.484741 -1.245799 -0.168037 -2.886770
-0.683350 -0.101318 -1.428955 -1.328631 -0.196992 -2.778305
-0.754028 -0.102905 -1.354614 -1.466051 -0.200078 -2.633765
-0.781616 -0.032837 -1.257202 -1.519690 -0.063845 -2.444368
-0.774414 0.030273 -1.172119 -1.505687 0.058860 -2.278941
-0.730347 0.065796 -1.099365 -1.420007 0.127926 -2.137487
-0.646729 0.074341 -1.029175 -1.257429 0.144540 -2.001016
-0.545776 0.079712 -0.948364 -1.061148 0.154983 -1.843897
-0.440186 0.086670 -0.866455 -0.855849 0.168512 -1.684641
-0.336060 0.072266 -0.791870 -0.653398 0.140505 -1.539626
-0.250854 0.034912 -0.719727 -0.487734 0.067879 -1.399358
-0.193237 -0.001099 -0.640991 -0.375710 -0.002136 -1.246274
-0.163452 -0.014282 -0.560303 -0.317799 -0.027769 -1.089392
-0.151123 -0.016357 -0.482422 -0.293827 -0.031804 -0.937969
-0.142700 -0.009888 -0.404663 -0.277451 -0.019225 -0.786783
-0.121948 0.012695 -0.322754 -0.237103 0.024683 -0.627528
-0.075195 0.055908 -0.231689 -0.146202 0.108702 -0.450472
0.000122 0.106445 -0.127686 0.000237 0.206961 -0.248258
0.099487 0.174438 -0.010010 0.193432 0.339159 -0.019462
0.212402 0.254639 0.117432 0.412972 0.495092 0.228321
0.328857 0.316895 0.259033 0.639395 0.616135 0.503636
0.467896 0.348755 0.423340 0.909725 0.678081 0.823096
0.624390 0.350220 0.608765 1.213996 0.680929 1.183616
0.783569 0.357666 0.815186 1.523487 0.695407 1.584958
0.918945 0.388550 1.026245 1.786698 0.755454 1.995320
1.008423 0.450073 1.228027 1.960668 0.875074 2.387643
1.041504 0.501953 1.415283 2.024987 0.975943 2.751723
1.035767 0.527344 1.578979 2.013832 1.025310 3.069997
0.996826 0.529907 1.704956 1.938121 1.030294 3.314932
0.934082 0.537964 1.786377 1.816128 1.045959 3.473238
0.845093 0.545532 1.809204 1.643107 1.060674 3.517620
0.752686 0.540527 1.769165 1.463440 1.050943 3.439773
0.670044 0.499023 1.669556 1.302761 0.970247 3.246103
0.604492 0.404175 1.521729 1.175309 0.785834 2.958684
0.560059 0.260132 1.337280 1.088917 0.505772 2.600063
0.535522 0.089111 1.123657 1.041212 0.173258 2.184717
0.533569 -0.049316 0.897827 1.037414 -0.095885 1.745638
0.564575 -0.101563 0.709229 1.097699 -0.197467 1.378947
0.599487 -0.158325 0.548462 1.165578 -0.307830 1.066370
0.638306 -0.186646 0.372803 1.241052 -0.362893 0.724837
0.688599 -0.100464 0.254395 1.338837 -0.195331 0.494617
0.715942 -0.017456 0.216675 1.392001 -0.033940 0.421279
0.680664 0.018433 0.220215 1.323409 0.035838 0.428162
0.581909 0.032593 0.247925 1.131401 0.063370 0.482038
0.446655 0.044800 0.277710 0.868428 0.087104 0.539949
0.302124 0.052979 0.299927 0.587417 0.103006 0.583145
0.169800 0.028320 0.298706 0.330140 0.055063 0.580772
0.063965 -0.010132 0.254883 0.124366 -0.019699 0.495567
-0.017578 -0.041260 0.183228 -0.034177 -0.080221 0.356248
-0.074707 -0.052490 0.100586 -0.145252 -0.102056 0.195568
-0.105225 -0.053589 0.023071 -0.204587 -0.104192 0.044857
-0.114380 -0.048584 -0.039063 -0.222388 -0.094461 -0.075949
-0.108765 -0.035034 -0.083374 -0.211470 -0.068117 -0.162103
-0.096191 -0.019531 -0.110474 -0.187024 -0.037974 -0.214793
-0.083496 -0.005737 -0.126831 -0.162341 -0.011155 -0.246597
-0.074585 0.007446 -0.130371 -0.145015 0.014478 -0.253479
-0.072266 0.011597 -0.127930 -0.140505 0.022547 -0.248733
-0.074097 0.007446 -0.129761 -0.144066 0.014478 -0.252293
-0.079102 0.004761 -0.139404 -0.153797 0.009256 -0.271043
-0.084351 -0.002319 -0.146851 -0.164002 -0.004509 -0.285520
-0.083862 -0.024658 -0.147583 -0.163053 -0.047943 -0.286944
-0.083130 -0.057373 -0.146606 -0.161629 -0.111550 -0.285046
-0.092773 -0.070190 -0.147705 -0.180379 -0.136471 -0.287182
-0.106689 -0.057739 -0.146973 -0.207435 -0.112262 -0.285758
-0.116211 -0.040894 -0.142090 -0.225948 -0.079509 -0.276264
-0.121704 -0.023926 -0.133545 -0.236628 -0.046519 -0.259650
-0.122314 -0.002197 -0.120483 -0.237815 -0.004272 -0.234255
-0.119751 0.009766 -0.104736 -0.232831 0.018987 -0.203638
-0.115723 0.008667 -0.093018 -0.224999 0.016851 -0.180853
-0.111938 0.004272 -0.085815 -0.217641 0.008307 -0.166850
-0.109131 -0.000488 -0.083862 -0.212182 -0.000949 -0.163053
-0.110840 0.000732 -0.088501 -0.215505 0.001424 -0.172072
-0.113892 0.006104 -0.095093 -0.221438 0.011867 -0.184888
-0.113403 0.004639 -0.104736 -0.220489 0.009019 -0.203638
-0.108765 -0.009766 -0.115234 -0.211470 -0.018987 -0.224049
-0.100830 -0.022949 -0.122192 -0.196043 -0.044620 -0.237578
-0.087036 -0.024536 -0.120605 -0.169224 -0.047705 -0.234492
-0.070313 -0.020508 -0.110352 -0.136708 -0.039873 -0.214556
-0.057007 -0.017334 -0.095825 -0.110838 -0.033702 -0.186312
-0.052856 -0.015747 -0.081177 -0.102768 -0.030617 -0.157831
-0.063599 -0.002563 -0.062866 -0.123654 -0.004984 -0.122230
-0.087769 0.020386 -0.042969 -0.170648 0.039636 -0.083544
-0.110596 0.030518 -0.033203 -0.215030 0.059335 -0.064557
-0.116699 0.021240 -0.033569 -0.226897 0.041297 -0.065269
-0.106201 0.011597 -0.037231 -0.206486 0.022547 -0.072389
-0.090210 0.010498 -0.036377 -0.175394 0.020411 -0.070727
-0.076050 0.012817 -0.035400 -0.147863 0.024921 -0.068829
-0.066162 0.008301 -0.040161 -0.128638 0.016139 -0.078085
