-0.007813 0.916748 -0.940063 -0.015190 1.782426 -1.827757
0.005493 0.769287 -1.009888 0.010680 1.495718 -1.963516
0.005737 0.618286 -1.027344 0.011155 1.202129 -1.997456
-0.021240 0.412964 -1.002319 -0.041297 0.802922 -1.948801
-0.071167 0.234497 -0.928955 -0.138369 0.455931 -1.806160
-0.140869 0.104736 -0.811279 -0.273891 0.203638 -1.577363
-0.225220 0.031616 -0.647705 -0.437893 0.061471 -1.259328
-0.322266 -0.015503 -0.438110 -0.626578 -0.030142 -0.851814
-0.432983 -0.063843 -0.183350 -0.841846 -0.124129 -0.356485
-0.552856 -0.131104 0.132202 -1.074914 -0.254903 0.257040
-0.677124 -0.229980 0.501465 -1.316527 -0.447149 0.974994
-0.793579 -0.342651 0.891113 -1.542949 -0.666214 1.732584
-0.895142 -0.447144 1.255859 -1.740416 -0.869377 2.441757
-0.998535 -0.548340 1.570801 -1.941444 -1.066133 3.054095
-1.109985 -0.631592 1.840942 -2.158135 -1.227999 3.579329
-1.235107 -0.698730 2.091431 -2.401409 -1.358536 4.066351
-1.373901 -0.733887 2.323730 -2.671265 -1.426890 4.518010
-1.525391 -0.711914 2.521729 -2.965804 -1.384169 4.902976
-1.670776 -0.632324 2.640747 -3.248477 -1.229423 5.134382
-1.766602 -0.522827 2.624878 -3.434789 -1.016528 5.103528
-1.743042 -0.387817 2.438965 -3.388982 -0.754030 4.742059
-1.578979 -0.280518 2.093262 -3.069997 -0.545408 4.069911
-1.275635 -0.171875 1.663452 -2.480206 -0.334175 3.234236
-0.885376 -0.175903 1.257080 -1.721429 -0.342007 2.444130
-0.499390 -0.287109 0.938599 -0.970959 -0.558224 1.824909
-0.192993 -0.401611 0.705811 -0.375235 -0.780850 1.372302
0.000854 -0.447632 0.508789 0.001661 -0.870327 0.989234
0.089600 -0.387207 0.304565 0.174208 -0.752843 0.592164
0.090698 -0.232666 0.106445 0.176344 -0.452371 0.206961
0.040771 -0.039063 -0.071167 0.079272 -0.075949 -0.138369
-0.052246 0.093750 -0.233643 -0.101582 0.182277 -0.454269
-0.117432 0.198853 -0.380249 -0.228321 0.386627 -0.739315
-0.136719 0.198120 -0.504761 -0.265821 0.385203 -0.981402
-0.136230 0.132813 -0.614868 -0.264872 0.258226 -1.195483
-0.134155 0.048096 -0.729858 -0.260837 0.093512 -1.419058
-0.143188 -0.011841 -0.856323 -0.278400 -0.023022 -1.664942
-0.172607 -0.035034 -1.001587 -0.335599 -0.068117 -1.947377
-0.226440 0.001343 -1.133545 -0.440266 0.002611 -2.203942
-0.282349 0.062256 -1.236816 -0.548968 0.121044 -2.404732
-0.332886 0.113525 -1.297852 -0.647227 0.220726 -2.523402
-0.360840 0.161377 -1.314209 -0.701578 0.313764 -2.555206
-0.366211 0.208252 -1.297241 -0.712021 0.404903 -2.522215
-0.361328 0.237915 -1.265747 -0.702527 0.462576 -2.460981
-0.359985 0.262329 -1.229492 -0.699916 0.510044 -2.390491
-0.358765 0.274414 -1.203613 -0.697543 0.533541 -2.340175
-0.360352 0.262939 -1.198486 -0.700629 0.511231 -2.330207
-0.363403 0.237427 -1.199097 -0.706562 0.461627 -2.331394
-0.363281 0.195679 -1.181274 -0.706325 0.380456 -2.296742
-0.367188 0.148926 -1.140869 -0.713920 0.289555 -2.218182
-0.378052 0.135498 -1.094482 -0.735043 0.263448 -2.127993
-0.386475 0.150635 -1.052734 -0.751419 0.292878 -2.046823
-0.381836 0.157959 -0.992798 -0.742400 0.307118 -1.930289
-0.366943 0.138306 -0.916382 -0.713445 0.268907 -1.781713
-0.346558 0.074585 -0.825195 -0.673809 0.145015 -1.604420
-0.328369 0.008911 -0.729614 -0.638445 0.017326 -1.418583
-0.316406 -0.032471 -0.626099 -0.615186 -0.063133 -1.217318
-0.315063 -0.051514 -0.507324 -0.612575 -0.100158 -0.986386
-0.316040 -0.074707 -0.376221 -0.614474 -0.145252 -0.731483
-0.312500 -0.093994 -0.242554 -0.607591 -0.182752 -0.471595
-0.301758 -0.104858 -0.110229 -0.586705 -0.203875 -0.214318
-0.273682 -0.104370 0.019653 -0.532117 -0.202926 0.038212
-0.221558 -0.079102 0.147583 -0.430773 -0.153797 0.286944
-0.140137 -0.026001 0.277100 -0.272467 -0.050553 0.538762
-0.023071 0.051147 0.394653 -0.044857 0.099446 0.767321
0.113525 0.138550 0.482422 0.220726 0.269381 0.937969
0.261475 0.213501 0.538208 0.508383 0.415108 1.046433
0.421143 0.250854 0.571289 0.818824 0.487734 1.110753
0.574585 0.255005 0.608643 1.117161 0.495804 1.183379
0.713745 0.255737 0.659668 1.387729 0.497228 1.282587
0.829102 0.282471 0.714844 1.612015 0.549205 1.389865
0.922852 0.330200 0.772949 1.794293 0.642005 1.502839
1.004639 0.356812 0.857544 1.953310 0.693746 1.667315
1.065552 0.348145 0.968384 2.071743 0.676894 1.882820
1.088501 0.309204 1.075073 2.116363 0.601183 2.090256
1.060303 0.241821 1.156738 2.061538 0.470171 2.249037
0.986450 0.154663 1.205933 1.917947 0.300710 2.344685
0.886963 0.079224 1.245605 1.724514 0.154034 2.421820
0.788818 0.059570 1.296265 1.533693 0.115822 2.520317
0.707397 0.023438 1.349121 1.375387 0.045569 2.623085
0.663452 -0.064331 1.360718 1.289944 -0.125078 2.645632
0.657959 -0.156860 1.300659 1.279264 -0.304982 2.528861
0.661865 -0.247070 1.165894 1.286859 -0.480377 2.266837
0.654785 -0.332031 0.973999 1.273093 -0.645566 1.893738
0.626953 -0.385986 0.744385 1.218980 -0.750470 1.447301
0.575073 -0.380615 0.505615 1.118110 -0.740027 0.983063
0.501465 -0.376465 0.281250 0.974994 -0.731957 0.546832
0.420044 -0.358276 0.085083 0.816688 -0.696594 0.165426
0.323120 -0.315674 -0.063965 0.628240 -0.613762 -0.124366
0.210815 -0.288574 -0.139160 0.409887 -0.561072 -0.270568
0.100952 -0.277100 -0.154785 0.196280 -0.538762 -0.300947
0.003540 -0.247681 -0.141602 0.006883 -0.481563 -0.275315
-0.080200 -0.202271 -0.117310 -0.155933 -0.393273 -0.228084
-0.143433 -0.155396 -0.098145 -0.278875 -0.302134 -0.190822
-0.182861 -0.109497 -0.094604 -0.355536 -0.212894 -0.183939
-0.202393 -0.073242 -0.108765 -0.393510 -0.142404 -0.211470
-0.203613 -0.091187 -0.136353 -0.395884 -0.177293 -0.265109
-0.182861 -0.142700 -0.165894 -0.355536 -0.277451 -0.322545
-0.149414 -0.191772 -0.179688 -0.290505 -0.372862 -0.349365
-0.099243 -0.200195 -0.180664 -0.192958 -0.389238 -0.351264
-0.047852 -0.181152 -0.175781 -0.093037 -0.352213 -0.341770
-0.006592 -0.137817 -0.156372 -0.012816 -0.267957 -0.304033
0.021729 -0.083984 -0.118286 0.042247 -0.163290 -0.229983
0.011841 -0.044922 -0.073120 0.023022 -0.087341 -0.142167
-0.032104 -0.002197 -0.031250 -0.062420 -0.004272 -0.060759
-0.068359 0.028809 -0.001709 -0.132911 0.056012 -0.003323
-0.081665 0.027710 0.017334 -0.158781 0.053876 0.033702
-0.083740 0.008179 0.035522 -0.162815 0.015902 0.069066
-0.091064 -0.001099 0.051514 -0.177056 -0.002136 0.100158
-0.104858 0.004639 0.056274 -0.203875 0.009019 0.109414
-0.116943 0.014038 0.051147 -0.227372 0.027294 0.099446
-0.124268 0.020996 0.042114 -0.241612 0.040823 0.081882
-0.129150 0.021851 0.031128 -0.251106 0.042484 0.060522
-0.135010 0.012695 0.020508 -0.262498 0.024683 0.039873
-0.145752 -0.000122 0.008057 -0.283384 -0.000237 0.015664
-0.159668 -0.010620 -0.011230 -0.310441 -0.020649 -0.021835
-0.172607 -0.020386 -0.031616 -0.335599 -0.039636 -0.061471
-0.180664 -0.019775 -0.046997 -0.351264 -0.038449 -0.091376
-0.182495 -0.012085 -0.055176 -0.354824 -0.023497 -0.107278
-0.176392 -0.007446 -0.055176 -0.342957 -0.014478 -0.107278
-0.164673 -0.009399 -0.049438 -0.320172 -0.018275 -0.096123
-0.150024 -0.014771 -0.043335 -0.291691 -0.028718 -0.084256
-0.136841 -0.026855 -0.037231 -0.266058 -0.052215 -0.072389
-0.123169 -0.042847 -0.032715 -0.239476 -0.083306 -0.063607
-0.111450 -0.054443 -0.028076 -0.216692 -0.105854 -0.054588
-0.104980 -0.050293 -0.025269 -0.204113 -0.097784 -0.049129
-0.101318 -0.040039 -0.021851 -0.196992 -0.077848 -0.042484
-0.094482 -0.031982 -0.015259 -0.183701 -0.062183 -0.029668
-0.086304 -0.019287 -0.009277 -0.167800 -0.037500 -0.018038
-0.077515 -0.001831 -0.013184 -0.150711 -0.003560 -0.025633
-0.067139 0.016113 -0.027832 -0.130537 0.031329 -0.054114
-0.051514 0.025879 -0.043091 -0.100158 0.050316 -0.083781
-0.033813 0.023315 -0.054443 -0.065743 0.045332 -0.105854
-0.019287 0.014160 -0.057495 -0.037500 0.027531 -0.111787
-0.008545 0.003662 -0.050415 -0.016614 0.007120 -0.098022
-0.003174 -0.011230 -0.038452 -0.006171 -0.021835 -0.074762
-0.007202 -0.019653 -0.026367 -0.014003 -0.038212 -0.051266
-0.017822 -0.018799 -0.015503 -0.034652 -0.036550 -0.030142
-0.031616 -0.011963 -0.008911 -0.061471 -0.023259 -0.017326
-0.045776 -0.001953 -0.003052 -0.089003 -0.003797 -0.005934
-0.055420 0.000977 0.005737 -0.107752 0.001899 0.011155
-0.057129 0.000122 0.012451 -0.111075 0.000237 0.024209
-0.055664 0.004150 0.015015 -0.108227 0.008070 0.029193
-0.052124 0.007568 0.012573 -0.101344 0.014715 0.024446
-0.046143 0.004150 0.009155 -0.089715 0.008070 0.017801
-0.040894 -0.004028 0.006592 -0.079509 -0.007832 0.012816
-0.037964 -0.012573 0.002563 -0.073813 -0.024446 0.004984
-0.039063 -0.018921 -0.008057 -0.075949 -0.036788 -0.015664
-0.045044 -0.018921 -0.023926 -0.087579 -0.036788 -0.046519
-0.052979 -0.014038 -0.037598 -0.103006 -0.027294 -0.073101
-0.059326 -0.009399 -0.046387 -0.115347 -0.018275 -0.090189
