0.134521 0.327271 -0.390015 0.261549 0.636309 -0.758302
-0.036987 0.276855 -0.283691 -0.071914 0.538288 -0.551579
-0.211060 0.228027 -0.135010 -0.410361 0.443352 -0.262498
-0.373901 0.060913 0.058594 -0.726973 0.118433 0.113923
-0.506470 -0.174805 0.290894 -0.984725 -0.339871 0.565582
-0.625732 -0.441406 0.549316 -1.216606 -0.858222 1.068031
-0.753174 -0.710693 0.821045 -1.464390 -1.381795 1.596351
-0.893433 -0.919434 1.098511 -1.737094 -1.787647 2.135825
-1.047241 -1.040771 1.377197 -2.036142 -2.023563 2.677673
-1.220825 -1.099365 1.649902 -2.373640 -2.137487 3.207891
-1.398315 -1.065674 1.885620 -2.718733 -2.071981 3.666195
-1.567871 -0.941772 2.044067 -3.048399 -1.831080 3.974263
-1.701050 -0.774048 2.116821 -3.307337 -1.504975 4.115718
-1.754395 -0.554688 2.099731 -3.411055 -1.078474 4.082490
-1.692627 -0.276001 1.989624 -3.290960 -0.536626 3.868409
-1.503662 -0.055664 1.808594 -2.923558 -0.108227 3.516434
-1.207031 0.027344 1.591919 -2.346821 0.053164 3.095155
-0.886597 -0.024658 1.371826 -1.723802 -0.047943 2.667230
-0.591919 -0.095825 1.162476 -1.150863 -0.186312 2.260191
-0.353149 -0.151245 0.942505 -0.686625 -0.294065 1.832504
-0.208374 -0.181030 0.712769 -0.405140 -0.351976 1.385830
-0.192505 -0.171753 0.488403 -0.374286 -0.333938 0.949598
-0.248901 -0.102905 0.280640 -0.483937 -0.200078 0.545645
-0.305298 -0.015869 0.095581 -0.593588 -0.030854 0.185837
-0.340454 0.041138 -0.063721 -0.661942 0.079984 -0.123892
-0.352905 0.081055 -0.194824 -0.686151 0.157594 -0.378795
-0.329590 0.098633 -0.312012 -0.640819 0.191771 -0.606642
-0.291504 0.095459 -0.422852 -0.566769 0.185600 -0.822147
-0.256714 0.079956 -0.526245 -0.499127 0.155458 -1.023174
-0.239502 0.059082 -0.627075 -0.465662 0.114873 -1.219217
-0.245850 0.030762 -0.731323 -0.478003 0.059810 -1.421906
-0.272949 0.000732 -0.838867 -0.530693 0.001424 -1.631002
-0.311768 0.000366 -0.952393 -0.606167 0.000712 -1.851729
-0.350830 0.028564 -1.066895 -0.682116 0.055538 -2.074354
-0.377319 0.100952 -1.168945 -0.733619 0.196280 -2.272771
-0.400879 0.199341 -1.251587 -0.779426 0.387577 -2.433450
-0.410156 0.270630 -1.299683 -0.797463 0.526183 -2.526962
-0.397095 0.290649 -1.303467 -0.772068 0.565107 -2.534320
-0.372803 0.284180 -1.255981 -0.724837 0.552528 -2.441994
-0.360718 0.247803 -1.182861 -0.701341 0.481801 -2.299827
-0.373901 0.174683 -1.115601 -0.726973 0.339634 -2.169053
-0.402222 0.097778 -1.054565 -0.782036 0.190110 -2.050383
-0.418579 0.042236 -0.985596 -0.813840 0.082120 -1.916286
-0.412842 0.006348 -0.910645 -0.802685 0.012342 -1.770558
-0.409180 -0.017212 -0.832031 -0.795565 -0.033465 -1.617711
-0.424438 -0.018066 -0.759399 -0.825232 -0.035126 -1.476494
-0.440186 0.009033 -0.689697 -0.855849 0.017563 -1.340973
-0.432495 0.025513 -0.611084 -0.840897 0.049604 -1.188125
-0.401489 0.011963 -0.529541 -0.780612 0.023259 -1.029582
-0.355591 -0.006714 -0.452759 -0.691372 -0.013054 -0.880295
-0.300415 -0.012573 -0.378296 -0.584094 -0.024446 -0.735518
-0.219238 -0.011597 -0.309204 -0.426263 -0.022547 -0.601183
-0.124146 -0.019043 -0.244141 -0.241375 -0.037025 -0.474681
-0.033325 -0.018433 -0.173828 -0.064794 -0.035838 -0.337973
0.078003 0.015015 -0.098145 0.151660 0.029193 -0.190822
0.222656 0.079956 -0.011841 0.432909 0.155458 -0.023022
0.382202 0.165771 0.094482 0.743112 0.322308 0.183701
0.555420 0.280273 0.213989 1.079898 0.544933 0.416058
0.737183 0.396118 0.337769 1.433298 0.770169 0.656721
0.872681 0.479614 0.463989 1.696746 0.932510 0.902130
0.940430 0.520264 0.579956 1.828470 1.011544 1.127604
0.960571 0.513428 0.681641 1.867631 0.998253 1.325308
0.947876 0.458618 0.776245 1.842947 0.891687 1.509247
0.917725 0.371094 0.866333 1.784324 0.721514 1.684404
0.875854 0.279907 0.942261 1.702917 0.544221 1.832030
0.829712 0.217285 0.996826 1.613202 0.422466 1.938121
0.791016 0.164917 1.023438 1.537965 0.320647 1.989861
0.769287 0.140625 1.045776 1.495718 0.273416 2.033294
0.754761 0.081665 1.046021 1.467475 0.158781 2.033769
0.764038 -0.003418 0.981567 1.485513 -0.006646 1.908453
0.784668 -0.087402 0.859741 1.525623 -0.169936 1.671588
0.808472 -0.164307 0.693237 1.571905 -0.319460 1.347855
0.815674 -0.254517 0.512573 1.585908 -0.494854 0.996592
0.800171 -0.339233 0.358521 1.555766 -0.659569 0.697068
0.756592 -0.406982 0.237793 1.471035 -0.791292 0.462339
0.676025 -0.429932 0.151611 1.314391 -0.835912 0.294777
0.556519 -0.401123 0.100098 1.082034 -0.779900 0.194619
0.407349 -0.326782 0.078247 0.792005 -0.635360 0.152135
0.241821 -0.229614 0.087524 0.470171 -0.446437 0.170173
0.081055 -0.148071 0.110474 0.157594 -0.287894 0.214793
-0.059448 -0.096069 0.124390 -0.115585 -0.186787 0.241850
-0.170532 -0.061401 0.115234 -0.331564 -0.119382 0.224049
-0.251953 -0.039795 0.094482 -0.489870 -0.077373 0.183701
-0.298340 -0.029053 0.066284 -0.580060 -0.056487 0.128876
-0.317749 -0.044067 0.034912 -0.617797 -0.085680 0.067879
-0.320068 -0.065796 0.009888 -0.622306 -0.127926 0.019225
-0.312744 -0.075928 -0.010010 -0.608066 -0.147626 -0.019462
-0.305298 -0.073730 -0.031250 -0.593588 -0.143354 -0.060759
-0.292358 -0.056396 -0.054932 -0.568430 -0.109651 -0.106803
-0.272339 -0.050781 -0.076660 -0.529506 -0.098734 -0.149050
-0.242676 -0.043213 -0.088013 -0.471832 -0.084018 -0.171122
-0.225708 -0.035522 -0.088257 -0.438842 -0.069066 -0.171597
-0.239502 -0.012085 -0.075195 -0.465662 -0.023497 -0.146202
-0.251221 0.038330 -0.058716 -0.488446 0.074525 -0.114161
-0.241699 0.059448 -0.047485 -0.469934 0.115585 -0.092325
-0.211426 0.058228 -0.038208 -0.411073 0.113211 -0.074288
-0.175659 0.052124 -0.028076 -0.341533 0.101344 -0.054588
-0.146240 0.053589 -0.016846 -0.284334 0.104192 -0.032753
-0.128540 0.063721 -0.007690 -0.249919 0.123892 -0.014952
-0.122314 0.073364 -0.006714 -0.237815 0.142642 -0.013054
-0.129883 0.080322 -0.014648 -0.252530 0.156170 -0.028481
-0.142822 0.078125 -0.024414 -0.277688 0.151898 -0.047468
-0.151245 0.066895 -0.028442 -0.294065 0.130062 -0.055300
-0.151611 0.052490 -0.025635 -0.294777 0.102056 -0.049841
-0.145508 0.042358 -0.021973 -0.282910 0.082357 -0.042721
-0.137451 0.038330 -0.019897 -0.267245 0.074525 -0.038686
-0.130005 0.041992 -0.021118 -0.252767 0.081645 -0.041060
-0.128540 0.052979 -0.028442 -0.249919 0.103006 -0.055300
-0.130005 0.059448 -0.039917 -0.252767 0.115585 -0.077610
-0.129761 0.060913 -0.045776 -0.252293 0.118433 -0.089003
-0.121948 0.056763 -0.042603 -0.237103 0.110363 -0.082832
-0.105469 0.043701 -0.039551 -0.205062 0.084968 -0.076898
-0.084229 0.025635 -0.040527 -0.163765 0.049841 -0.078797
-0.062744 0.007935 -0.039429 -0.121993 0.015427 -0.076661
-0.046753 0.008911 -0.032837 -0.090901 0.017326 -0.063845
-0.027588 0.022095 -0.033813 -0.053639 0.042959 -0.065743
-0.011963 0.041382 -0.020508 -0.023259 0.080458 -0.039873
-0.004150 0.070679 0.003784 -0.008070 0.137420 0.007358
-0.010132 0.092285 0.026978 -0.019699 0.179429 0.052452
-0.020142 0.098145 0.042725 -0.039161 0.190822 0.083069
-0.030762 0.084839 0.053711 -0.059810 0.164952 0.104430
-0.038696 0.062378 0.055664 -0.075237 0.121281 0.108227
-0.044800 0.034790 0.046753 -0.087104 0.067642 0.090901
-0.052124 0.008301 0.031860 -0.101344 0.016139 0.061946
-0.058105 -0.007324 0.016357 -0.112974 -0.014240 0.031804
-0.061401 -0.018677 0.003906 -0.119382 -0.036313 0.007595
-0.059448 -0.026611 -0.000977 -0.115585 -0.051740 -0.001899
-0.052734 -0.035522 0.001221 -0.102531 -0.069066 0.002373
-0.044678 -0.044922 0.002319 -0.086867 -0.087341 0.004509
-0.038086 -0.044067 0.001221 -0.074050 -0.085680 0.002373
-0.034912 -0.035767 0.004517 -0.067879 -0.069541 0.008782
-0.032471 -0.025391 0.010620 -0.063133 -0.049367 0.020649
-0.027588 -0.013916 0.013916 -0.053639 -0.027057 0.027057
-0.023560 0.005615 0.016724 -0.045807 0.010918 0.032516
-0.020508 0.030151 0.021973 -0.039873 0.058623 0.042721
-0.018555 0.046875 0.025024 -0.036076 0.091139 0.048655
-0.016113 0.049194 0.022705 -0.031329 0.095648 0.044145
-0.014038 0.043457 0.013550 -0.027294 0.084493 0.026345
-0.013062 0.036865 -0.002075 -0.025395 0.071677 -0.004035
-0.012817 0.030884 -0.019531 -0.024921 0.060047 -0.037974
-0.013062 0.028809 -0.034424 -0.025395 0.056012 -0.066930
-0.015503 0.030762 -0.041870 -0.030142 0.059810 -0.081408
-0.021362 0.034424 -0.042236 -0.041535 0.066930 -0.082120
-0.029053 0.032959 -0.037964 -0.056487 0.064082 -0.073813
-0.036255 0.025513 -0.031128 -0.070490 0.049604 -0.060522
-0.042114 0.021240 -0.026489 -0.081882 0.041297 -0.051503
-0.043457 0.025146 -0.026489 -0.084493 0.048892 -0.051503
-0.039917 0.034180 -0.032227 -0.077610 0.066455 -0.062658
-0.035767 0.043091 -0.040405 -0.069541 0.083781 -0.078560
-0.032715 0.048584 -0.046875 -0.063607 0.094461 -0.091139
