-0.085815 0.375732 -0.033813 -0.166850 0.730533 -0.065743
-0.126587 0.360352 0.008179 -0.246122 0.700629 0.015902
-0.178223 0.292847 0.027222 -0.346517 0.569379 0.052927
-0.187622 0.265503 0.016357 -0.364792 0.516215 0.031804
-0.186157 0.205688 -0.013550 -0.361944 0.399918 -0.026345
-0.185303 0.137939 -0.045898 -0.360283 0.268195 -0.089240
-0.192017 0.090454 -0.068115 -0.373336 0.175869 -0.132436
-0.206787 0.054810 -0.078979 -0.402054 0.106566 -0.153559
-0.220215 0.008057 -0.097168 -0.428162 0.015664 -0.188923
-0.218994 -0.011108 -0.107422 -0.425788 -0.021598 -0.208859
-0.208374 -0.023804 -0.113770 -0.405140 -0.046281 -0.221201
-0.199707 -0.055786 -0.131104 -0.388289 -0.108465 -0.254903
-0.208862 -0.135620 -0.150269 -0.406089 -0.263685 -0.292166
-0.252563 -0.234253 -0.123535 -0.491057 -0.455456 -0.240188
-0.352661 -0.277466 -0.025879 -0.685676 -0.539474 -0.050316
-0.489502 -0.277222 0.131348 -0.951735 -0.539000 0.255378
-0.623169 -0.282593 0.333618 -1.211622 -0.549443 0.648651
-0.759155 -0.295044 0.558105 -1.476019 -0.573651 1.085120
-0.854858 -0.253906 0.802734 -1.662094 -0.493668 1.560750
-0.915894 -0.223877 1.034790 -1.780764 -0.435282 2.011934
-0.945313 -0.209106 1.249634 -1.837963 -0.406564 2.429652
-0.939575 -0.214111 1.431274 -1.826808 -0.416295 2.782815
-0.889282 -0.246582 1.563599 -1.729024 -0.479427 3.040092
-0.803589 -0.292969 1.632690 -1.562411 -0.569617 3.174426
-0.707886 -0.351685 1.638184 -1.376336 -0.683777 3.185107
-0.661011 -0.391235 1.602173 -1.285198 -0.760676 3.115091
-0.676147 -0.367554 1.542603 -1.314628 -0.714632 2.999269
-0.724243 -0.299805 1.454834 -1.408140 -0.582908 2.828622
-0.777466 -0.205200 1.349365 -1.511620 -0.398969 2.623559
-0.811523 -0.115845 1.234009 -1.577838 -0.225236 2.399273
-0.798462 -0.053589 1.092407 -1.552443 -0.104192 2.123958
-0.717285 -0.025757 0.917603 -1.394611 -0.050079 1.784087
-0.570190 -0.036133 0.718994 -1.108616 -0.070253 1.397934
-0.404907 -0.073608 0.522217 -0.787258 -0.143116 1.015342
-0.257324 -0.106079 0.346802 -0.500313 -0.206249 0.674284
-0.145630 -0.105713 0.196167 -0.283147 -0.205537 0.381406
-0.088135 -0.071899 0.064697 -0.171360 -0.139793 0.125790
-0.082031 -0.015381 -0.058350 -0.159493 -0.029905 -0.113449
-0.109741 0.048706 -0.183594 -0.213369 0.094699 -0.356960
-0.147095 0.116943 -0.303833 -0.285995 0.227372 -0.590740
-0.183105 0.166504 -0.418457 -0.356010 0.323732 -0.813603
-0.208740 0.191040 -0.524292 -0.405852 0.371438 -1.019377
-0.224854 0.193359 -0.625366 -0.437181 0.375947 -1.215894
-0.233154 0.185303 -0.718872 -0.453320 0.360283 -1.397697
-0.230835 0.162231 -0.797485 -0.448810 0.315425 -1.550544
-0.231689 0.124390 -0.870239 -0.450472 0.241850 -1.691999
-0.245605 0.081299 -0.932495 -0.477529 0.158069 -1.813042
-0.279663 0.059937 -0.987549 -0.543747 0.116534 -1.920083
-0.342529 0.069214 -1.058105 -0.665977 0.134572 -2.057266
-0.418579 0.102417 -1.141724 -0.813840 0.199128 -2.219844
-0.508301 0.143066 -1.219116 -0.988285 0.278163 -2.370317
-0.622437 0.173340 -1.279175 -1.210198 0.337023 -2.487089
-0.720581 0.168335 -1.319580 -1.401020 0.327292 -2.565649
-0.750854 0.124268 -1.334473 -1.459880 0.241612 -2.594604
-0.740845 0.041260 -1.311890 -1.440418 0.080221 -2.550696
-0.715698 -0.047729 -1.245850 -1.391526 -0.092800 -2.422295
-0.682495 -0.092896 -1.162354 -1.326970 -0.180616 -2.259954
-0.634521 -0.112915 -1.087280 -1.233695 -0.219540 -2.113990
-0.580811 -0.097656 -1.026001 -1.129265 -0.189872 -1.994845
-0.512695 -0.052124 -0.968994 -0.996829 -0.101344 -1.884007
-0.426758 -0.027100 -0.906982 -0.829742 -0.052690 -1.763438
-0.350098 -0.045898 -0.812744 -0.680692 -0.089240 -1.580212
-0.300293 -0.079834 -0.689209 -0.583857 -0.155221 -1.340023
-0.264038 -0.104004 -0.557983 -0.513367 -0.202214 -1.084882
-0.217285 -0.118774 -0.429077 -0.422466 -0.230932 -0.834251
-0.168091 -0.123291 -0.302246 -0.326818 -0.239714 -0.587655
-0.140869 -0.112671 -0.177490 -0.273891 -0.219065 -0.345093
-0.138428 -0.083984 -0.063110 -0.269144 -0.163290 -0.122705
-0.151001 -0.047363 0.041992 -0.293590 -0.092088 0.081645
-0.160034 -0.014771 0.135498 -0.311153 -0.028718 0.263448
-0.151489 0.013672 0.207520 -0.294539 0.026582 0.403478
-0.123535 0.028198 0.258667 -0.240188 0.054826 0.502924
-0.079224 0.036987 0.293091 -0.154034 0.071914 0.569854
-0.025879 0.050415 0.314819 -0.050316 0.098022 0.612101
0.032593 0.072510 0.338257 0.063370 0.140980 0.657670
0.104370 0.115234 0.376953 0.202926 0.224049 0.732907
0.194092 0.163330 0.427246 0.377371 0.317561 0.830691
0.297485 0.217407 0.485229 0.578398 0.422703 0.943428
0.418701 0.276367 0.552612 0.814077 0.537338 1.074440
0.557983 0.321411 0.631470 1.084882 0.624917 1.227761
0.691895 0.348267 0.716553 1.345245 0.677132 1.393188
0.802612 0.358154 0.811279 1.560512 0.696356 1.577363
0.878906 0.338257 0.927856 1.708850 0.657670 1.804024
0.935303 0.292603 1.038330 1.818501 0.568905 2.018816
0.982666 0.189575 1.097290 1.910589 0.368589 2.133452
1.004761 0.063232 1.104858 1.953548 0.122942 2.148167
0.988892 -0.011475 1.074463 1.922694 -0.022310 2.089069
0.910522 -0.024292 0.989990 1.770321 -0.047231 1.924830
0.778198 0.044800 0.862671 1.513044 0.087104 1.677284
0.602417 0.135254 0.700806 1.171274 0.262973 1.362571
0.416992 0.205078 0.523560 0.810754 0.398732 1.017952
0.261230 0.215454 0.361572 0.507908 0.418906 0.703002
0.166138 0.159790 0.242920 0.323020 0.310678 0.472307
0.131226 0.053711 0.171997 0.255141 0.104430 0.334412
0.127808 -0.055298 0.129395 0.248495 -0.107515 0.251581
0.118530 -0.118164 0.095459 0.230457 -0.229745 0.185600
0.096924 -0.133179 0.067993 0.188448 -0.258938 0.132199
0.072388 -0.116821 0.049561 0.140743 -0.227135 0.096360
0.049194 -0.081543 0.037964 0.095648 -0.158543 0.073813
0.025024 -0.054810 0.031738 0.048655 -0.106566 0.061708
-0.000732 -0.058105 0.028809 -0.001424 -0.112974 0.056012
-0.049316 -0.094971 0.014038 -0.095885 -0.184651 0.027294
-0.107300 -0.094116 -0.003662 -0.208622 -0.182989 -0.007120
-0.137329 -0.102051 -0.013428 -0.267008 -0.198416 -0.026107
-0.115601 -0.117065 -0.005859 -0.224761 -0.227609 -0.011392
-0.070557 -0.140991 0.005005 -0.137183 -0.274128 0.009731
-0.028320 -0.143433 0.007080 -0.055063 -0.278875 0.013766
-0.009277 -0.122559 -0.002808 -0.018038 -0.238290 -0.005459
-0.013306 -0.088867 -0.016113 -0.025870 -0.172784 -0.031329
-0.026733 -0.073242 -0.026123 -0.051978 -0.142404 -0.050791
-0.038940 -0.067871 -0.030273 -0.075712 -0.131961 -0.058860
-0.051025 -0.076050 -0.031372 -0.099208 -0.147863 -0.060996
-0.063354 -0.088257 -0.031982 -0.123180 -0.171597 -0.062183
-0.076294 -0.093018 -0.027954 -0.148338 -0.180853 -0.054351
-0.085693 -0.090942 -0.024292 -0.166613 -0.176819 -0.047231
-0.090088 -0.077881 -0.025269 -0.175157 -0.151423 -0.049129
-0.091797 -0.054932 -0.027222 -0.178480 -0.106803 -0.052927
-0.093384 -0.040283 -0.027100 -0.181565 -0.078322 -0.052690
-0.090332 -0.036133 -0.027710 -0.175632 -0.070253 -0.053876
-0.084106 -0.040039 -0.030640 -0.163527 -0.077848 -0.059572
-0.078613 -0.042725 -0.035400 -0.152847 -0.083069 -0.068829
-0.077026 -0.040283 -0.046265 -0.149762 -0.078322 -0.089952
-0.078613 -0.032837 -0.064819 -0.152847 -0.063845 -0.126028
-0.082642 -0.025635 -0.082031 -0.160679 -0.049841 -0.159493
-0.087402 -0.008179 -0.093384 -0.169936 -0.015902 -0.181565
-0.088989 0.008179 -0.098389 -0.173021 0.015902 -0.191296
-0.084717 0.013306 -0.092651 -0.164714 0.025870 -0.180141
-0.073975 0.005737 -0.078247 -0.143828 0.011155 -0.152135
-0.058838 -0.009277 -0.062866 -0.114398 -0.018038 -0.122230
-0.045410 -0.021851 -0.049927 -0.088291 -0.042484 -0.097072
-0.035400 -0.029053 -0.038208 -0.068829 -0.056487 -0.074288
-0.032227 -0.025269 -0.027588 -0.062658 -0.049129 -0.053639
-0.038452 -0.020630 -0.016968 -0.074762 -0.040111 -0.032990
-0.050049 -0.018433 -0.007324 -0.097310 -0.035838 -0.014240
-0.060669 -0.016724 0.001831 -0.117958 -0.032516 0.003560
-0.063599 -0.020386 0.010132 -0.123654 -0.039636 0.019699
-0.059204 -0.028198 0.014160 -0.115110 -0.054826 0.027531
-0.052002 -0.031494 0.013428 -0.101107 -0.061234 0.026107
-0.044067 -0.026733 0.012451 -0.085680 -0.051978 0.024209
-0.037476 -0.019287 0.010498 -0.072863 -0.037500 0.020411
-0.035400 -0.008179 0.007568 -0.068829 -0.015902 0.014715
-0.040283 0.001343 0.004517 -0.078322 0.002611 0.008782
-0.048218 -0.001343 0.000000 -0.093749 -0.002611 0.000000
-0.059814 -0.013184 -0.001953 -0.116297 -0.025633 -0.003797
-0.077515 -0.027588 -0.001099 -0.150711 -0.053639 -0.002136
-0.094849 -0.036011 -0.002808 -0.184413 -0.070015 -0.005459
-0.105713 -0.037964 -0.010010 -0.205537 -0.073813 -0.019462
-0.109131 -0.035889 -0.020996 -0.212182 -0.069778 -0.040823
-0.106201 -0.029907 -0.032959 -0.206486 -0.058148 -0.064082
-0.099854 -0.021362 -0.042480 -0.194144 -0.041535 -0.082594
