-0.238281 0.407593 -0.155151 -0.463288 0.792479 -0.301659
-0.206177 0.364014 -0.153320 -0.400868 0.707749 -0.298099
-0.155518 0.312256 -0.134033 -0.302372 0.607116 -0.260600
-0.103760 0.205566 -0.084106 -0.201739 0.399681 -0.163527
-0.036377 0.106445 -0.016113 -0.070727 0.206961 -0.031329
0.053833 0.054077 0.046387 0.104667 0.105142 0.090189
0.176758 0.043091 0.100830 0.343669 0.083781 0.196043
0.318848 0.017090 0.126465 0.619933 0.033228 0.245885
0.488281 0.012939 0.144531 0.949361 0.025158 0.281011
0.742920 0.018799 0.192139 1.444453 0.036550 0.373574
1.068726 0.029785 0.275635 2.077914 0.057911 0.535914
1.385010 0.017822 0.350830 2.692863 0.034652 0.682116
1.670288 -0.003906 0.378540 3.247527 -0.007595 0.735992
1.906250 0.024902 0.370605 3.706306 0.048417 0.720565
2.084595 0.138184 0.350830 4.053060 0.268669 0.682116
2.169312 0.303833 0.326782 4.217774 0.590740 0.635360
2.194092 0.475098 0.289551 4.265954 0.923728 0.562971
2.197388 0.607422 0.263550 4.272362 1.181005 0.512418
2.198730 0.684082 0.265503 4.274973 1.330055 0.516215
2.199951 0.710815 0.288086 4.277347 1.382033 0.560123
2.208008 0.675781 0.314575 4.293011 1.313916 0.611626
2.228027 0.504395 0.322144 4.331935 0.980690 0.626341
2.267456 0.254150 0.314331 4.408596 0.494142 0.611151
2.332886 -0.006104 0.307007 4.535810 -0.011867 0.596911
2.389771 -0.227539 0.301147 4.646411 -0.442402 0.585518
2.396729 -0.336304 0.287842 4.659939 -0.653872 0.559648
2.325073 -0.314331 0.254639 4.520620 -0.611151 0.495092
2.174561 -0.217285 0.194458 4.227980 -0.422466 0.378083
1.983643 -0.175171 0.101318 3.856780 -0.340583 0.196992
1.804321 -0.174072 -0.019287 3.508127 -0.338447 -0.037500
1.635010 -0.132568 -0.098755 3.178936 -0.257752 -0.192008
1.442627 -0.119995 -0.091919 2.804888 -0.233305 -0.178717
1.214966 -0.181274 -0.006348 2.362248 -0.352450 -0.012342
0.978882 -0.260132 0.105103 1.903232 -0.505772 0.204350
0.755981 -0.299805 0.183472 1.469848 -0.582908 0.356722
0.546265 -0.262817 0.205444 1.062098 -0.510994 0.399444
0.353638 -0.138672 0.185669 0.687575 -0.269619 0.360995
0.181030 0.032959 0.138550 0.351976 0.064082 0.269381
0.021118 0.229370 0.074219 0.041060 0.445962 0.144303
-0.138306 0.398193 0.006104 -0.268907 0.774204 0.011867
-0.303955 0.485474 -0.053711 -0.590977 0.943902 -0.104430
-0.463989 0.479736 -0.091064 -0.902130 0.932747 -0.177056
-0.609863 0.412354 -0.102539 -1.185752 0.801735 -0.199366
-0.709961 0.305298 -0.105347 -1.380371 0.593588 -0.204825
-0.796875 0.130981 -0.101807 -1.549357 0.254666 -0.197942
-0.910278 -0.037842 -0.076050 -1.769847 -0.073575 -0.147863
-1.039795 -0.160645 -0.046509 -2.021665 -0.312340 -0.090427
-1.184570 -0.239624 -0.020142 -2.303150 -0.465899 -0.039161
-1.341797 -0.258545 -0.006958 -2.608845 -0.502687 -0.013528
-1.495117 -0.247314 -0.017700 -2.906944 -0.480851 -0.034414
-1.636230 -0.215088 -0.044434 -3.181309 -0.418194 -0.086392
-1.759033 -0.194824 -0.083618 -3.420074 -0.378795 -0.162578
-1.861694 -0.207153 -0.134766 -3.619677 -0.402766 -0.262024
-1.954712 -0.251099 -0.191406 -3.800530 -0.488209 -0.372150
-2.043457 -0.348267 -0.240967 -3.973076 -0.677132 -0.468510
-2.125122 -0.481201 -0.278687 -4.131857 -0.935595 -0.541848
-2.207031 -0.610352 -0.302002 -4.291112 -1.186701 -0.587180
-2.281982 -0.694214 -0.306641 -4.436839 -1.349754 -0.596199
-2.312744 -0.704590 -0.290894 -4.496649 -1.369928 -0.565582
-2.291138 -0.607910 -0.262207 -4.454640 -1.181955 -0.509807
-2.254028 -0.449097 -0.220093 -4.382488 -0.873175 -0.427925
-2.259399 -0.316772 -0.161865 -4.392931 -0.615898 -0.314713
-2.316528 -0.229004 -0.085205 -4.504006 -0.445250 -0.165664
-2.329346 -0.197021 -0.000854 -4.528927 -0.383067 -0.001661
-2.228027 -0.235962 0.066895 -4.331935 -0.458779 0.130062
-2.009888 -0.326538 0.092041 -3.907808 -0.634885 0.178955
-1.724609 -0.412842 0.098145 -3.353143 -0.802685 0.190822
-1.432617 -0.395386 0.103271 -2.785426 -0.768745 0.200790
-1.138550 -0.282593 0.076416 -2.213673 -0.549443 0.148575
-0.906860 -0.172241 0.036621 -1.763201 -0.334887 0.071202
-0.768555 -0.075684 0.022705 -1.494294 -0.147151 0.044145
-0.720093 0.033203 0.033813 -1.400070 0.064557 0.065743
-0.680542 0.140259 0.047241 -1.323172 0.272704 0.091851
-0.633789 0.206177 0.065063 -1.232271 0.400868 0.126502
-0.573975 0.216675 0.094849 -1.115974 0.421279 0.184413
-0.511108 0.186157 0.120361 -0.993744 0.361944 0.234018
-0.445679 0.131958 0.121582 -0.866529 0.256565 0.236391
-0.378662 0.089111 0.104736 -0.736230 0.173258 0.203638
-0.298828 0.053467 0.074707 -0.581009 0.103955 0.145252
-0.205566 0.023682 0.040161 -0.399681 0.046044 0.078085
-0.117188 0.013672 0.011230 -0.227847 0.026582 0.021835
-0.056763 0.020386 -0.008423 -0.110363 0.039636 -0.016376
-0.033936 0.052734 -0.021118 -0.065981 0.102531 -0.041060
-0.039673 0.108398 -0.022461 -0.077136 0.210758 -0.043671
-0.057739 0.148560 -0.014893 -0.112262 0.288843 -0.028956
-0.068970 0.155151 -0.002075 -0.134097 0.301659 -0.004035
-0.063354 0.135498 0.011597 -0.123180 0.263448 0.022547
-0.042969 0.094971 0.018921 -0.083544 0.184651 0.036788
-0.018066 0.035767 0.014526 -0.035126 0.069541 0.028243
0.001587 -0.026978 -0.004761 0.003085 -0.052452 -0.009256
0.012817 -0.069336 -0.032227 0.024921 -0.134809 -0.062658
0.015869 -0.072754 -0.056885 0.030854 -0.141455 -0.110601
0.012939 -0.049072 -0.071533 0.025158 -0.095411 -0.139081
0.003784 -0.013550 -0.074097 0.007358 -0.026345 -0.144066
-0.005615 0.030640 -0.064331 -0.010918 0.059572 -0.125078
-0.013428 0.078735 -0.042725 -0.026107 0.153084 -0.083069
-0.016846 0.109497 -0.013550 -0.032753 0.212894 -0.026345
-0.014893 0.110107 0.015747 -0.028956 0.214081 0.030617
-0.009521 0.086060 0.033081 -0.018513 0.167325 0.064319
-0.000122 0.054199 0.034546 -0.000237 0.105379 0.067167
0.012329 0.021973 0.023560 0.023971 0.042721 0.045807
0.022461 -0.012695 0.008057 0.043671 -0.024683 0.015664
0.025757 -0.051514 -0.004150 0.050079 -0.100158 -0.008070
0.017334 -0.084717 -0.016724 0.033702 -0.164714 -0.032516
-0.003540 -0.095093 -0.033203 -0.006883 -0.184888 -0.064557
-0.028320 -0.086060 -0.047607 -0.055063 -0.167325 -0.092563
-0.047363 -0.062500 -0.052734 -0.092088 -0.121518 -0.102531
-0.059937 -0.031982 -0.046143 -0.116534 -0.062183 -0.089715
-0.067993 -0.001709 -0.037354 -0.132199 -0.003323 -0.072626
-0.071045 0.020142 -0.030762 -0.138132 0.039161 -0.059810
-0.069580 0.024780 -0.026733 -0.135284 0.048180 -0.051978
-0.066528 0.022461 -0.024414 -0.129350 0.043671 -0.047468
-0.059570 0.017700 -0.025391 -0.115822 0.034414 -0.049367
-0.046997 0.011841 -0.027222 -0.091376 0.023022 -0.052927
-0.029419 0.011353 -0.028076 -0.057199 0.022073 -0.054588
-0.014038 0.009399 -0.024536 -0.027294 0.018275 -0.047705
-0.005981 0.004150 -0.017822 -0.011630 0.008070 -0.034652
-0.004639 -0.001465 -0.011841 -0.009019 -0.002848 -0.023022
-0.005737 -0.012085 -0.009155 -0.011155 -0.023497 -0.017801
-0.008423 -0.017700 -0.010742 -0.016376 -0.034414 -0.020886
-0.013306 -0.008301 -0.019043 -0.025870 -0.016139 -0.037025
-0.020142 0.005493 -0.029175 -0.039161 0.010680 -0.056724
-0.028198 0.005371 -0.036499 -0.054826 0.010443 -0.070965
-0.038452 -0.015625 -0.037354 -0.074762 -0.030380 -0.072626
-0.042480 -0.044556 -0.032227 -0.082594 -0.086629 -0.062658
-0.033813 -0.075195 -0.020386 -0.065743 -0.146202 -0.039636
-0.015991 -0.113525 -0.007446 -0.031092 -0.220726 -0.014478
-0.004150 -0.156860 -0.003052 -0.008070 -0.304982 -0.005934
-0.002075 -0.187622 -0.007690 -0.004035 -0.364792 -0.014952
-0.003052 -0.202148 -0.014893 -0.005934 -0.393036 -0.028956
-0.006592 -0.199829 -0.018188 -0.012816 -0.388526 -0.035364
-0.009888 -0.178223 -0.013672 -0.019225 -0.346517 -0.026582
-0.015259 -0.130493 -0.000977 -0.029668 -0.253717 -0.001899
-0.027100 -0.069214 0.014404 -0.052690 -0.134572 0.028006
-0.042603 -0.014771 0.025757 -0.082832 -0.028718 0.050079
-0.056763 0.013306 0.032593 -0.110363 0.025870 0.063370
-0.065674 0.016968 0.036499 -0.127689 0.032990 0.070965
-0.070679 0.002686 0.038940 -0.137420 0.005221 0.075712
-0.072510 -0.012451 0.039307 -0.140980 -0.024209 0.076424
-0.067017 -0.022461 0.036743 -0.130300 -0.043671 0.071439
-0.056030 -0.029907 0.033203 -0.108939 -0.058148 0.064557
-0.044189 -0.037109 0.030029 -0.085917 -0.072151 0.058386
-0.032959 -0.038696 0.025024 -0.064082 -0.075237 0.048655
-0.025757 -0.031982 0.020142 -0.050079 -0.062183 0.039161
-0.027466 -0.019165 0.015259 -0.053402 -0.037262 0.029668
-0.034546 -0.001465 0.011719 -0.067167 -0.002848 0.022785
-0.042114 0.019531 0.008423 -0.081882 0.037974 0.016376
-0.047974 0.036377 0.005859 -0.093275 0.070727 0.011392
-0.048462 0.035645 0.005127 -0.094224 0.069303 0.009968
-0.043457 0.025146 0.005981 -0.084493 0.048892 0.011630
