-0.159424 0.177612 -0.198242 -0.309966 0.345330 -0.385441
-0.091309 0.149048 -0.187012 -0.177531 0.289792 -0.363605
-0.007202 0.029907 -0.149292 -0.014003 0.058148 -0.290267
0.122437 -0.042236 -0.092285 0.238052 -0.082120 -0.179429
0.297485 -0.099365 -0.026245 0.578398 -0.193195 -0.051028
0.503906 -0.179077 0.038818 0.979741 -0.348178 0.075474
0.718628 -0.269165 0.076172 1.397222 -0.523335 0.148100
0.941528 -0.310303 0.079956 1.830606 -0.603319 0.155458
1.197388 -0.353271 0.065674 2.328071 -0.686863 0.127689
1.509766 -0.380493 0.024048 2.935425 -0.739790 0.046756
1.837646 -0.372314 -0.070435 3.572921 -0.723888 -0.136945
2.123169 -0.318481 -0.203491 4.128059 -0.619221 -0.395646
2.340820 -0.231445 -0.323608 4.551237 -0.449997 -0.629189
2.479858 -0.155762 -0.393799 4.821568 -0.302846 -0.765660
2.548218 -0.098267 -0.405762 4.954478 -0.191059 -0.788919
2.564087 -0.054810 -0.373169 4.985332 -0.106566 -0.725549
2.551025 -0.038086 -0.313232 4.959937 -0.074050 -0.609015
2.520996 -0.057495 -0.247070 4.901552 -0.111787 -0.480377
2.486084 -0.105835 -0.192871 4.833672 -0.205774 -0.374998
2.437988 -0.166382 -0.175171 4.740160 -0.323495 -0.340583
2.376343 -0.194946 -0.190796 4.620303 -0.379032 -0.370963
2.309326 -0.185181 -0.219604 4.490004 -0.360045 -0.426975
2.208252 -0.129761 -0.253662 4.293486 -0.252293 -0.493193
2.049927 -0.028564 -0.292114 3.985655 -0.055538 -0.567955
1.852051 0.107056 -0.337524 3.600927 0.208147 -0.656246
1.624634 0.230835 -0.383545 3.158762 0.448810 -0.745723
1.382202 0.303711 -0.416138 2.687404 0.590503 -0.809093
1.162231 0.316895 -0.424561 2.259717 0.616135 -0.825469
0.987183 0.276978 -0.399536 1.919371 0.538525 -0.776815
0.848267 0.204956 -0.345093 1.649278 0.398494 -0.670961
0.725830 0.138794 -0.266846 1.411225 0.269856 -0.518826
0.592773 0.102173 -0.181274 1.152524 0.198654 -0.352450
0.436279 0.087646 -0.109253 0.848254 0.170410 -0.212420
0.255371 0.084961 -0.057129 0.496516 0.165189 -0.111075
0.062744 0.101318 -0.026367 0.121993 0.196992 -0.051266
-0.130371 0.152344 -0.015991 -0.253479 0.296201 -0.031092
-0.314941 0.227051 -0.015259 -0.612338 0.441453 -0.029668
-0.481323 0.279175 -0.012939 -0.935833 0.542797 -0.025158
-0.631714 0.292725 -0.002319 -1.228236 0.569142 -0.004509
-0.775391 0.264526 0.020752 -1.507586 0.514316 0.040348
-0.918701 0.206665 0.058838 -1.786223 0.401817 0.114398
-1.078369 0.122070 0.111450 -2.096664 0.237340 0.216692
-1.247437 0.008057 0.171631 -2.425380 0.015664 0.333700
-1.423340 -0.111450 0.229858 -2.767388 -0.216692 0.446912
-1.636475 -0.217285 0.269531 -3.181784 -0.422466 0.524047
-1.904663 -0.265991 0.300049 -3.703220 -0.517164 0.583382
-2.118042 -0.234375 0.318970 -4.118091 -0.455693 0.620170
-2.270264 -0.247437 0.320557 -4.414054 -0.481089 0.623256
-2.384766 -0.310547 0.320801 -4.636680 -0.603794 0.623730
-2.460938 -0.368286 0.302490 -4.784780 -0.716056 0.588129
-2.515503 -0.405640 0.261108 -4.890871 -0.788682 0.507671
-2.565308 -0.435425 0.207397 -4.987706 -0.846593 0.403241
-2.627686 -0.456177 0.167969 -5.108987 -0.886941 0.326580
-2.665283 -0.455811 0.151733 -5.182088 -0.886229 0.295014
-2.625122 -0.467041 0.146362 -5.104003 -0.908064 0.284571
-2.489380 -0.496460 0.157959 -4.840080 -0.965263 0.307118
-2.257446 -0.498169 0.179077 -4.389134 -0.968586 0.348178
-1.969360 -0.444824 0.188721 -3.829011 -0.864868 0.366928
-1.711060 -0.361328 0.181641 -3.326799 -0.702527 0.353162
-1.495728 -0.251221 0.181519 -2.908130 -0.488446 0.352925
-1.317017 -0.167603 0.196777 -2.560664 -0.325868 0.382593
-1.149780 -0.093018 0.225098 -2.235508 -0.180853 0.437655
-0.965820 -0.017578 0.258789 -1.877836 -0.034177 0.503161
-0.823364 0.045898 0.291870 -1.600860 0.089240 0.567481
-0.704346 0.201294 0.313843 -1.369453 0.391374 0.610202
-0.554932 0.412842 0.311157 -1.078949 0.802685 0.604980
-0.416138 0.558105 0.297974 -0.809093 1.085120 0.579348
-0.308594 0.623657 0.278320 -0.599996 1.212572 0.541136
-0.225830 0.611572 0.244873 -0.439080 1.189075 0.476105
-0.158813 0.543213 0.197266 -0.308780 1.056164 0.383542
-0.088013 0.451538 0.130371 -0.171122 0.877922 0.253479
-0.015137 0.335327 0.053467 -0.029430 0.651974 0.103955
0.043701 0.210449 -0.020142 0.084968 0.409175 -0.039161
0.078247 0.115479 -0.082275 0.152135 0.224524 -0.159967
0.085083 0.064453 -0.121460 0.165426 0.125316 -0.236154
0.071045 0.048096 -0.131958 0.138132 0.093512 -0.256565
0.046997 0.051025 -0.116943 0.091376 0.099208 -0.227372
0.025757 0.060425 -0.080811 0.050079 0.117483 -0.157119
0.004883 0.071045 -0.039551 0.009494 0.138132 -0.076898
-0.012329 0.076172 -0.001953 -0.023971 0.148100 -0.003797
-0.022217 0.069336 0.027954 -0.043196 0.134809 0.054351
-0.029419 0.051147 0.043945 -0.057199 0.099446 0.085443
-0.037964 0.023926 0.043213 -0.073813 0.046519 0.084018
-0.045166 -0.010254 0.029907 -0.087816 -0.019937 0.058148
-0.052856 -0.046021 0.006226 -0.102768 -0.089477 0.012104
-0.063477 -0.068604 -0.019409 -0.123417 -0.133385 -0.037737
-0.075073 -0.072998 -0.038574 -0.145964 -0.141929 -0.075000
-0.081055 -0.066284 -0.048950 -0.157594 -0.128876 -0.095173
-0.083862 -0.050537 -0.050659 -0.163053 -0.098259 -0.098496
-0.086670 -0.028931 -0.043579 -0.168512 -0.056250 -0.084730
-0.088623 -0.000610 -0.026855 -0.172309 -0.001187 -0.052215
-0.089844 0.024902 -0.007813 -0.174682 0.048417 -0.015190
-0.088257 0.040161 0.006104 -0.171597 0.078085 0.011867
-0.085083 0.049438 0.014038 -0.165426 0.096123 0.027294
-0.077148 0.051636 0.015625 -0.149999 0.100395 0.030380
-0.066284 0.051270 0.011719 -0.128876 0.099683 0.022785
-0.056763 0.051758 0.007446 -0.110363 0.100632 0.014478
-0.051514 0.053955 0.007080 -0.100158 0.104904 0.013766
-0.050293 0.056152 0.009033 -0.097784 0.109177 0.017563
-0.051025 0.053223 0.013306 -0.099208 0.103480 0.025870
-0.051514 0.044678 0.016113 -0.100158 0.086867 0.031329
-0.051392 0.030884 0.017578 -0.099920 0.060047 0.034177
-0.051270 0.009033 0.017578 -0.099683 0.017563 0.034177
-0.048462 -0.014893 0.011963 -0.094224 -0.028956 0.023259
-0.042358 -0.032104 0.001587 -0.082357 -0.062420 0.003085
-0.034912 -0.039917 -0.010132 -0.067879 -0.077610 -0.019699
-0.026733 -0.037964 -0.018433 -0.051978 -0.073813 -0.035838
-0.020142 -0.028931 -0.023438 -0.039161 -0.056250 -0.045569
-0.019653 -0.017456 -0.023071 -0.038212 -0.033940 -0.044857
-0.021973 -0.007202 -0.018066 -0.042721 -0.014003 -0.035126
-0.018799 0.001099 -0.009399 -0.036550 0.002136 -0.018275
-0.009888 0.006470 -0.002319 -0.019225 0.012579 -0.004509
-0.002808 0.006104 -0.001465 -0.005459 0.011867 -0.002848
0.001831 0.006714 -0.005249 0.003560 0.013054 -0.010206
0.002197 0.017334 -0.008545 0.004272 0.033702 -0.016614
0.000488 0.032349 -0.008423 0.000949 0.062895 -0.016376
0.000854 0.044434 -0.006104 0.001661 0.086392 -0.011867
0.005737 0.051636 -0.005737 0.011155 0.100395 -0.011155
0.012939 0.054688 -0.006958 0.025158 0.106328 -0.013528
0.018311 0.055542 -0.009766 0.035601 0.107990 -0.018987
0.018066 0.054077 -0.013794 0.035126 0.105142 -0.026819
0.011230 0.053711 -0.020386 0.021835 0.104430 -0.039636
0.002930 0.053589 -0.027710 0.005696 0.104192 -0.053876
-0.004028 0.047852 -0.035034 -0.007832 0.093037 -0.068117
-0.012695 0.043823 -0.044434 -0.024683 0.085205 -0.086392
-0.025146 0.046875 -0.053711 -0.048892 0.091139 -0.104430
-0.036255 0.047119 -0.059937 -0.070490 0.091613 -0.116534
-0.039917 0.037476 -0.063721 -0.077610 0.072863 -0.123892
-0.035278 0.023315 -0.066162 -0.068591 0.045332 -0.128638
-0.026489 0.003418 -0.066406 -0.051503 0.006646 -0.129113
-0.018677 -0.016602 -0.061035 -0.036313 -0.032278 -0.118670
-0.013184 -0.032227 -0.051025 -0.025633 -0.062658 -0.099208
-0.010376 -0.046143 -0.040527 -0.020174 -0.089715 -0.078797
-0.008911 -0.050537 -0.030396 -0.017326 -0.098259 -0.059098
-0.013184 -0.039307 -0.020142 -0.025633 -0.076424 -0.039161
-0.022339 -0.027588 -0.012329 -0.043433 -0.053639 -0.023971
-0.027954 -0.022949 -0.007935 -0.054351 -0.044620 -0.015427
-0.027832 -0.022217 -0.005981 -0.054114 -0.043196 -0.011630
-0.027222 -0.022095 -0.006348 -0.052927 -0.042959 -0.012342
-0.029663 -0.022949 -0.008301 -0.057674 -0.044620 -0.016139
-0.032959 -0.028320 -0.009155 -0.064082 -0.055063 -0.017801
-0.036865 -0.035278 -0.010254 -0.071677 -0.068591 -0.019937
-0.043213 -0.036621 -0.009277 -0.084018 -0.071202 -0.018038
-0.048096 -0.031616 -0.006348 -0.093512 -0.061471 -0.012342
-0.051514 -0.026489 -0.002441 -0.100158 -0.051503 -0.004747
-0.055054 -0.022827 0.003052 -0.107040 -0.044383 0.005934
-0.059326 -0.021729 0.006836 -0.115347 -0.042247 0.013291
-0.062988 -0.021118 0.008301 -0.122468 -0.041060 0.016139
-0.066040 -0.019409 0.007690 -0.128401 -0.037737 0.014952
-0.069214 -0.010864 0.006592 -0.134572 -0.021123 0.012816
