-0.307373 0.115845 -0.194458 -0.597623 0.225236 -0.378083
-0.296143 0.099121 -0.186646 -0.575788 0.192720 -0.362893
-0.296265 0.073242 -0.154907 -0.576025 0.142404 -0.301185
-0.281616 0.094849 -0.095459 -0.547544 0.184413 -0.185600
-0.238647 0.092651 -0.005371 -0.464000 0.180141 -0.010443
-0.169800 0.056763 0.107056 -0.330140 0.110363 0.208147
-0.082275 0.011597 0.221069 -0.159967 0.022547 0.429823
0.048706 -0.005127 0.303711 0.094699 -0.009968 0.590503
0.245483 -0.012329 0.349976 0.477291 -0.023971 0.680455
0.454956 -0.021240 0.343018 0.884567 -0.041297 0.666926
0.663208 -0.017456 0.299438 1.289470 -0.033940 0.582196
0.866455 -0.032715 0.240479 1.684641 -0.063607 0.467560
1.039673 -0.062622 0.188477 2.021427 -0.121756 0.366453
1.175659 -0.081177 0.141357 2.285824 -0.157831 0.274840
1.302612 -0.088257 0.083618 2.532658 -0.171597 0.162578
1.437134 -0.075195 0.015259 2.794207 -0.146202 0.029668
1.569580 -0.035767 -0.052979 3.051721 -0.069541 -0.103006
1.695313 0.032959 -0.113525 3.296182 0.064082 -0.220726
1.796509 0.124512 -0.164673 3.492937 0.242087 -0.320172
1.871582 0.238892 -0.201904 3.638901 0.464475 -0.392561
1.929932 0.357422 -0.231079 3.752350 0.694932 -0.449285
1.971558 0.459473 -0.252930 3.833283 0.893349 -0.491769
1.992676 0.540161 -0.268311 3.874343 1.050231 -0.521674
1.996582 0.588257 -0.275757 3.881938 1.143743 -0.536152
1.991699 0.590210 -0.275024 3.872444 1.147540 -0.534728
1.984009 0.547363 -0.270508 3.857492 1.064234 -0.525946
1.975708 0.481079 -0.267456 3.841352 0.935358 -0.520013
1.972656 0.408936 -0.262451 3.835419 0.795090 -0.510282
1.927734 0.325684 -0.245972 3.748078 0.633224 -0.478241
1.845459 0.270630 -0.217896 3.588110 0.526183 -0.423652
1.737061 0.213013 -0.180786 3.377352 0.414159 -0.351501
1.593262 0.155518 -0.128174 3.097765 0.302372 -0.249207
1.407837 0.122192 -0.081787 2.737246 0.237578 -0.159018
1.197144 0.126709 -0.046753 2.327596 0.246359 -0.090901
0.985229 0.147339 -0.023682 1.915573 0.286470 -0.046044
0.797607 0.165039 -0.009521 1.550781 0.320884 -0.018513
0.636963 0.181274 0.000000 1.238442 0.352450 0.000000
0.488281 0.194946 0.007935 0.949361 0.379032 0.015427
0.336914 0.206665 0.016479 0.655059 0.401817 0.032041
0.183350 0.216431 0.027832 0.356485 0.420804 0.054114
0.036133 0.219482 0.042725 0.070253 0.426738 0.083069
-0.099854 0.209595 0.054565 -0.194144 0.407513 0.106091
-0.232422 0.178467 0.063354 -0.451896 0.346992 0.123180
-0.366699 0.128784 0.072632 -0.712970 0.250394 0.141217
-0.499146 0.066528 0.077637 -0.970484 0.129350 0.150948
-0.630249 -0.003784 0.074341 -1.225388 -0.007358 0.144540
-0.765503 -0.071289 0.068604 -1.488361 -0.138607 0.133385
-0.907349 -0.123779 0.066650 -1.764150 -0.240663 0.129588
-1.068848 -0.166504 0.062622 -2.078151 -0.323732 0.121756
-1.269653 -0.220947 0.047119 -2.468576 -0.429586 0.091613
-1.523193 -0.271729 0.031372 -2.961532 -0.528319 0.060996
-1.740601 -0.288330 0.009033 -3.384235 -0.560598 0.017563
-1.886963 -0.308472 -0.014038 -3.668806 -0.599759 -0.027294
-1.997437 -0.338379 -0.033081 -3.883599 -0.657907 -0.064319
-2.085449 -0.343750 -0.056885 -4.054721 -0.668350 -0.110601
-2.182007 -0.358887 -0.083618 -4.242457 -0.697780 -0.162578
-2.282471 -0.388428 -0.112061 -4.437788 -0.755217 -0.217878
-2.383911 -0.438110 -0.147705 -4.635018 -0.851814 -0.287182
-2.438721 -0.489014 -0.183594 -4.741584 -0.950785 -0.356960
-2.407837 -0.524902 -0.231445 -4.681537 -1.020563 -0.449997
-2.321899 -0.531372 -0.279541 -4.514450 -1.033142 -0.543509
-2.213013 -0.493530 -0.302490 -4.302742 -0.959567 -0.588129
-2.095947 -0.434326 -0.290405 -4.075133 -0.844457 -0.564633
-1.979370 -0.370605 -0.243164 -3.848473 -0.720565 -0.472782
-1.881104 -0.324707 -0.166260 -3.657414 -0.631325 -0.323257
-1.769775 -0.300171 -0.073364 -3.440959 -0.583620 -0.142642
-1.604370 -0.293823 0.030518 -3.119363 -0.571278 0.059335
-1.405396 -0.286865 0.144409 -2.732499 -0.557750 0.280774
-1.191895 -0.231323 0.262573 -2.317390 -0.449760 0.510519
-0.983276 -0.115845 0.372314 -1.911776 -0.225236 0.723888
-0.820068 0.029907 0.441650 -1.594452 0.058148 0.858697
-0.705200 0.149048 0.438477 -1.371115 0.289792 0.852526
-0.625854 0.205322 0.373779 -1.216844 0.399206 0.726736
-0.617920 0.213867 0.277588 -1.201416 0.415820 0.539712
-0.572998 0.213867 0.161377 -1.114075 0.415820 0.313764
-0.468506 0.155640 0.052490 -0.910912 0.302609 0.102056
-0.331299 0.080811 -0.026978 -0.644142 0.157119 -0.052452
-0.194702 0.039429 -0.077759 -0.378558 0.076661 -0.151186
-0.073120 0.034302 -0.102173 -0.142167 0.066693 -0.198654
0.022339 0.061401 -0.105103 0.043433 0.119382 -0.204350
0.079102 0.111084 -0.088135 0.153797 0.215980 -0.171360
0.106445 0.146729 -0.059814 0.206961 0.285283 -0.116297
0.120117 0.148438 -0.036377 0.233543 0.288606 -0.070727
0.124146 0.135376 -0.022339 0.241375 0.263210 -0.043433
0.115234 0.123779 -0.014648 0.224049 0.240663 -0.028481
0.093140 0.104736 -0.006958 0.181091 0.203638 -0.013528
0.066040 0.066284 -0.001465 0.128401 0.128876 -0.002848
0.038940 0.013794 -0.003296 0.075712 0.026819 -0.006408
0.012817 -0.037109 -0.015015 0.024921 -0.072151 -0.029193
-0.011353 -0.068481 -0.034912 -0.022073 -0.133148 -0.067879
-0.034790 -0.081421 -0.053589 -0.067642 -0.158306 -0.104192
-0.055176 -0.083374 -0.062256 -0.107278 -0.162103 -0.121044
-0.068359 -0.074463 -0.060181 -0.132911 -0.144778 -0.117009
-0.075195 -0.058105 -0.047241 -0.146202 -0.112974 -0.091851
-0.082397 -0.040283 -0.027832 -0.160205 -0.078322 -0.054114
-0.091919 -0.018921 -0.008667 -0.178717 -0.036788 -0.016851
-0.097656 0.006470 0.009033 -0.189872 0.012579 0.017563
-0.095459 0.023804 0.022461 -0.185600 0.046281 0.043671
-0.085327 0.033936 0.033691 -0.165901 0.065981 0.065506
-0.074707 0.034180 0.042480 -0.145252 0.066455 0.082594
-0.069092 0.025879 0.046509 -0.134335 0.050316 0.090427
-0.067749 0.006592 0.048828 -0.131724 0.012816 0.094936
-0.064819 -0.017822 0.052490 -0.126028 -0.034652 0.102056
-0.061646 -0.036255 0.054199 -0.119857 -0.070490 0.105379
-0.061401 -0.035889 0.057129 -0.119382 -0.069778 0.111075
-0.060425 -0.027100 0.062134 -0.117483 -0.052690 0.120806
-0.055176 -0.020508 0.067383 -0.107278 -0.039873 0.131012
-0.048462 -0.017944 0.070557 -0.094224 -0.034889 0.137183
-0.042847 -0.018066 0.068848 -0.083306 -0.035126 0.133860
-0.034912 -0.020264 0.062988 -0.067879 -0.039398 0.122468
-0.026123 -0.020264 0.052246 -0.050791 -0.039398 0.101582
-0.020386 -0.015015 0.037720 -0.039636 -0.029193 0.073338
-0.015991 -0.005005 0.023804 -0.031092 -0.009731 0.046281
-0.016479 -0.005127 0.011353 -0.032041 -0.009968 0.022073
-0.018555 -0.021118 -0.001709 -0.036076 -0.041060 -0.003323
-0.016846 -0.035767 -0.014282 -0.032753 -0.069541 -0.027769
-0.012573 -0.036255 -0.024170 -0.024446 -0.070490 -0.046993
-0.003906 -0.023193 -0.031738 -0.007595 -0.045095 -0.061708
0.009033 0.002441 -0.038574 0.017563 0.004747 -0.075000
0.021973 0.023438 -0.044678 0.042721 0.045569 -0.086867
0.028687 0.017822 -0.050171 0.055775 0.034652 -0.097547
0.035645 0.006470 -0.056152 0.069303 0.012579 -0.109177
0.041748 0.005981 -0.058472 0.081170 0.011630 -0.113686
0.045410 0.014282 -0.055420 0.088291 0.027769 -0.107752
0.044678 0.024902 -0.045166 0.086867 0.048417 -0.087816
0.039063 0.034790 -0.029175 0.075949 0.067642 -0.056724
0.026489 0.040894 -0.009521 0.051503 0.079509 -0.018513
0.008789 0.040283 0.005981 0.017089 0.078322 0.011630
-0.010376 0.034546 0.013672 -0.020174 0.067167 0.026582
-0.025635 0.028687 0.008911 -0.049841 0.055775 0.017326
-0.036133 0.025757 -0.003418 -0.070253 0.050079 -0.006646
-0.044189 0.027710 -0.012817 -0.085917 0.053876 -0.024921
-0.055054 0.032471 -0.016724 -0.107040 0.063133 -0.032516
-0.068848 0.036133 -0.016846 -0.133860 0.070253 -0.032753
-0.080566 0.033325 -0.016968 -0.156645 0.064794 -0.032990
-0.086670 0.031250 -0.018677 -0.168512 0.060759 -0.036313
-0.088379 0.033203 -0.020020 -0.171834 0.064557 -0.038924
-0.090576 0.036865 -0.023071 -0.176106 0.071677 -0.044857
-0.096924 0.036499 -0.025757 -0.188448 0.070965 -0.050079
-0.104736 0.036987 -0.026489 -0.203638 0.071914 -0.051503
-0.111694 0.038452 -0.023438 -0.217166 0.074762 -0.045569
-0.114502 0.034546 -0.018433 -0.222625 0.067167 -0.035838
-0.112549 0.028198 -0.012695 -0.218828 0.054826 -0.024683
-0.109253 0.024780 -0.010010 -0.212420 0.048180 -0.019462
-0.106445 0.028320 -0.008179 -0.206961 0.055063 -0.015902
-0.103271 0.037231 -0.005127 -0.200790 0.072389 -0.009968
-0.099365 0.041626 -0.001099 -0.193195 0.080933 -0.002136
-0.094360 0.041870 0.002319 -0.183464 0.081408 0.004509
-0.090698 0.037842 0.001587 -0.176344 0.073575 0.003085
-0.087524 0.033081 -0.001831 -0.170173 0.064319 -0.003560
