-0.164185 0.147095 -0.171509 -0.319223 0.285995 -0.333463
-0.180298 -0.002197 -0.133545 -0.350552 -0.004272 -0.259650
-0.189697 -0.178223 -0.065186 -0.368827 -0.346517 -0.126740
-0.176392 -0.248047 -0.031128 -0.342957 -0.482275 -0.060522
-0.104858 -0.255859 -0.025757 -0.203875 -0.497465 -0.050079
0.037354 -0.224731 -0.054199 0.072626 -0.436943 -0.105379
0.257080 -0.192261 -0.091553 0.499839 -0.373811 -0.178005
0.535767 -0.173096 -0.142090 1.041687 -0.336549 -0.276264
0.826660 -0.167725 -0.208496 1.607268 -0.326106 -0.405377
1.123047 -0.172729 -0.248779 2.183531 -0.335836 -0.483700
1.432251 -0.154785 -0.257080 2.784714 -0.300947 -0.499839
1.712646 -0.095215 -0.239136 3.329884 -0.185125 -0.464950
1.925537 -0.018311 -0.195923 3.743806 -0.035601 -0.380931
2.052002 0.064087 -0.127563 3.989690 0.124604 -0.248021
2.095947 0.193481 -0.038818 4.075133 0.376184 -0.075474
2.080200 0.357544 0.054443 4.044516 0.695170 0.105854
2.039795 0.502686 0.130859 3.965956 0.977367 0.254429
1.990234 0.582642 0.175781 3.869596 1.132825 0.341770
1.930176 0.574585 0.190918 3.752825 1.117161 0.371200
1.876953 0.508545 0.176880 3.649344 0.988760 0.343906
1.858276 0.410156 0.136353 3.613031 0.797463 0.265109
1.862915 0.246460 0.080566 3.622050 0.479190 0.156645
1.889404 0.037964 0.022339 3.673553 0.073813 0.043433
1.928589 -0.168701 -0.023315 3.749739 -0.328004 -0.045332
1.920654 -0.326416 -0.048950 3.734312 -0.634648 -0.095173
1.848755 -0.389526 -0.058960 3.594519 -0.757353 -0.114635
1.725830 -0.372803 -0.073853 3.355517 -0.724837 -0.143591
1.550171 -0.281128 -0.102173 3.013984 -0.546595 -0.198654
1.313965 -0.197632 -0.161255 2.554731 -0.384254 -0.313527
1.069702 -0.111694 -0.240845 2.079813 -0.217166 -0.468272
0.883667 -0.051514 -0.309937 1.718106 -0.100158 -0.602607
0.763916 -0.046753 -0.348999 1.485276 -0.090901 -0.678556
0.681274 -0.090088 -0.344604 1.324596 -0.175157 -0.670012
0.594238 -0.124756 -0.298096 1.155373 -0.242562 -0.579585
0.479858 -0.116333 -0.224365 0.932985 -0.226185 -0.436231
0.351685 -0.077271 -0.138306 0.683777 -0.150236 -0.268907
0.221436 -0.038452 -0.055420 0.430535 -0.074762 -0.107752
0.094482 -0.002319 0.014282 0.183701 -0.004509 0.027769
-0.034546 0.028320 0.067871 -0.067167 0.055063 0.131961
-0.178955 0.058594 0.110107 -0.347941 0.113923 0.214081
-0.336792 0.091309 0.139526 -0.654822 0.177531 0.271280
-0.499268 0.125000 0.155029 -0.970722 0.243036 0.301422
-0.663330 0.141968 0.160400 -1.289707 0.276027 0.311865
-0.881836 0.126953 0.159302 -1.714546 0.246834 0.309729
-1.122314 0.133301 0.161499 -2.182106 0.259176 0.314001
-1.333740 0.123291 0.160767 -2.593180 0.239714 0.312577
-1.547607 0.057983 0.178955 -3.009000 0.112737 0.347941
-1.764771 -0.038818 0.213745 -3.431228 -0.075474 0.415583
-1.977783 -0.151245 0.261353 -3.845387 -0.294065 0.508146
-2.181152 -0.258423 0.316895 -4.240796 -0.502449 0.616135
-2.361572 -0.339966 0.361328 -4.591585 -0.660993 0.702527
-2.545288 -0.401733 0.372192 -4.948782 -0.781087 0.723651
-2.714111 -0.423218 0.340454 -5.277024 -0.822859 0.661942
-2.829468 -0.393188 0.263672 -5.501310 -0.764473 0.512655
-2.877808 -0.371826 0.178345 -5.595297 -0.722938 0.346754
-2.833740 -0.363892 0.104980 -5.509617 -0.707511 0.204113
-2.686646 -0.299194 0.037354 -5.223622 -0.581721 0.072626
-2.454834 -0.168823 -0.027832 -4.772913 -0.328242 -0.054114
-2.183228 -0.016113 -0.091553 -4.244831 -0.031329 -0.178005
-1.918457 0.106323 -0.137207 -3.730040 0.206723 -0.266770
-1.662476 0.189819 -0.144653 -3.232337 0.369064 -0.281248
-1.384766 0.235352 -0.107666 -2.692388 0.457592 -0.209334
-1.114502 0.241577 -0.023438 -2.166917 0.469696 -0.045569
-0.863647 0.229248 0.092407 -1.679183 0.445725 0.179667
-0.670898 0.182129 0.198120 -1.304422 0.354112 0.385203
-0.564331 0.089355 0.247070 -1.097224 0.173733 0.480377
-0.589722 -0.013062 0.248779 -1.146591 -0.025395 0.483700
-0.669922 0.006836 0.203369 -1.302523 0.013291 0.395409
-0.681030 0.076172 0.130493 -1.324121 0.148100 0.253717
-0.609619 0.116821 0.069336 -1.185277 0.227135 0.134809
-0.475586 0.145264 0.024292 -0.924678 0.282435 0.047231
-0.301147 0.156006 -0.012939 -0.585518 0.303321 -0.025158
-0.139282 0.141235 -0.045288 -0.270805 0.274603 -0.088053
-0.032471 0.119019 -0.064575 -0.063133 0.231407 -0.125553
0.010986 0.097900 -0.072144 0.021361 0.190347 -0.140268
0.017700 0.069336 -0.079956 0.034414 0.134809 -0.155458
0.041016 0.049561 -0.093872 0.079746 0.096360 -0.182515
0.080444 0.057983 -0.105469 0.156407 0.112737 -0.205062
0.110474 0.087280 -0.104858 0.214793 0.169698 -0.203875
0.124756 0.109741 -0.090454 0.242562 0.213369 -0.175869
0.116455 0.113770 -0.075317 0.226423 0.221201 -0.146439
0.087646 0.110107 -0.061523 0.170410 0.214081 -0.119620
0.052124 0.097778 -0.047485 0.101344 0.190110 -0.092325
0.021729 0.074463 -0.033081 0.042247 0.144778 -0.064319
0.000244 0.047974 -0.019287 0.000475 0.093275 -0.037500
-0.010986 0.027710 -0.009521 -0.021361 0.053876 -0.018513
-0.011963 0.011475 -0.007568 -0.023259 0.022310 -0.014715
-0.012085 -0.003418 -0.007935 -0.023497 -0.006646 -0.015427
-0.019897 -0.017334 -0.007935 -0.038686 -0.033702 -0.015427
-0.033691 -0.022339 -0.002686 -0.065506 -0.043433 -0.005221
-0.051758 -0.023560 0.004150 -0.100632 -0.045807 0.008070
-0.072510 -0.019165 0.010864 -0.140980 -0.037262 0.021123
-0.094971 0.003296 0.015869 -0.184651 0.006408 0.030854
-0.112427 0.036499 0.020264 -0.218590 0.070965 0.039398
-0.122681 0.069946 0.025146 -0.238527 0.135996 0.048892
-0.126709 0.098511 0.030884 -0.246359 0.191534 0.060047
-0.130493 0.103760 0.036011 -0.253717 0.201739 0.070015
-0.134155 0.080811 0.038940 -0.260837 0.157119 0.075712
-0.122437 0.046875 0.031250 -0.238052 0.091139 0.060759
-0.103882 0.017090 0.020386 -0.201977 0.033228 0.039636
-0.077148 0.009277 0.006958 -0.149999 0.018038 0.013528
-0.046143 0.023071 -0.004761 -0.089715 0.044857 -0.009256
-0.017090 0.048828 -0.010986 -0.033228 0.094936 -0.021361
0.004883 0.073120 -0.012939 0.009494 0.142167 -0.025158
0.017334 0.086182 -0.013794 0.033702 0.167562 -0.026819
0.023193 0.095337 -0.013672 0.045095 0.185363 -0.026582
0.025879 0.112061 -0.010986 0.050316 0.217878 -0.021361
0.025146 0.130371 -0.004761 0.048892 0.253479 -0.009256
0.021851 0.132935 0.000366 0.042484 0.258464 0.000712
0.016602 0.118164 0.001709 0.032278 0.229745 0.003323
0.009766 0.093384 -0.000854 0.018987 0.181565 -0.001661
0.004028 0.064209 -0.009399 0.007832 0.124841 -0.018275
0.000610 0.032104 -0.021484 0.001187 0.062420 -0.041772
-0.005493 0.014282 -0.030884 -0.010680 0.027769 -0.060047
-0.013306 0.000854 -0.030273 -0.025870 0.001661 -0.058860
-0.023804 -0.020508 -0.023804 -0.046281 -0.039873 -0.046281
-0.041382 -0.041504 -0.015869 -0.080458 -0.080696 -0.030854
-0.062378 -0.048340 -0.009277 -0.121281 -0.093987 -0.018038
-0.077393 -0.033936 -0.003784 -0.150474 -0.065981 -0.007358
-0.085571 -0.016602 0.001709 -0.166376 -0.032278 0.003323
-0.090576 -0.008179 0.004028 -0.176106 -0.015902 0.007832
-0.097412 -0.003418 0.003418 -0.189398 -0.006646 0.006646
-0.101685 -0.004639 -0.000732 -0.197704 -0.009019 -0.001424
-0.089722 -0.001831 -0.008179 -0.174445 -0.003560 -0.015902
-0.077271 0.010254 -0.017944 -0.150236 0.019937 -0.034889
-0.066162 0.035645 -0.026245 -0.128638 0.069303 -0.051028
-0.055908 0.064453 -0.028809 -0.108702 0.125316 -0.056012
-0.049072 0.083862 -0.025635 -0.095411 0.163053 -0.049841
-0.060791 0.079468 -0.024048 -0.118195 0.154509 -0.046756
-0.074951 0.063965 -0.025391 -0.145727 0.124366 -0.049367
-0.079224 0.043945 -0.028564 -0.154034 0.085443 -0.055538
-0.088745 0.017944 -0.032837 -0.172546 0.034889 -0.063845
-0.093384 0.009155 -0.037598 -0.181565 0.017801 -0.073101
-0.090088 -0.000610 -0.039551 -0.175157 -0.001187 -0.076898
-0.089478 -0.017212 -0.038940 -0.173970 -0.033465 -0.075712
-0.083374 -0.024048 -0.033936 -0.162103 -0.046756 -0.065981
-0.077026 -0.028320 -0.023438 -0.149762 -0.055063 -0.045569
-0.068481 -0.032593 -0.008545 -0.133148 -0.063370 -0.016614
-0.057007 -0.045288 0.004761 -0.110838 -0.088053 0.009256
-0.046997 -0.057739 0.014404 -0.091376 -0.112262 0.028006
-0.041992 -0.054565 0.023315 -0.081645 -0.106091 0.045332
-0.040039 -0.039063 0.033936 -0.077848 -0.075949 0.065981
-0.040894 -0.029663 0.042603 -0.079509 -0.057674 0.082832
-0.042847 -0.026489 0.042480 -0.083306 -0.051503 0.082594
-0.046143 -0.021973 0.035156 -0.089715 -0.042721 0.068354
-0.047729 -0.016846 0.022705 -0.092800 -0.032753 0.044145
-0.048828 -0.022949 0.007324 -0.094936 -0.044620 0.014240
-0.049805 -0.040405 -0.011230 -0.096835 -0.078560 -0.021835
-0.051270 -0.054810 -0.029541 -0.099683 -0.106566 -0.057436
-0.053589 -0.055786 -0.040649 -0.104192 -0.108465 -0.079034
