-0.019043 0.376953 -0.232544 -0.037025 0.732907 -0.452133
0.068359 0.297974 -0.232300 0.132911 0.579348 -0.451659
0.137207 0.201538 -0.203979 0.266770 0.391849 -0.396596
0.188232 0.084106 -0.135986 0.365979 0.163527 -0.264397
0.234009 -0.005127 -0.035645 0.454981 -0.009968 -0.069303
0.303101 -0.070679 0.096558 0.589316 -0.137420 0.187736
0.410767 -0.136108 0.245605 0.798650 -0.264634 0.477529
0.584473 -0.184814 0.374023 1.136385 -0.359333 0.727211
0.822266 -0.203857 0.439697 1.598724 -0.396358 0.854900
1.094116 -0.181152 0.431030 2.127281 -0.352213 0.838049
1.372314 -0.143677 0.396362 2.668180 -0.279350 0.770644
1.634888 -0.077881 0.369141 3.178699 -0.151423 0.717717
1.879395 0.005615 0.346191 3.654091 0.010918 0.673097
2.117554 0.080811 0.292725 4.117142 0.157119 0.569142
2.352173 0.121582 0.200928 4.573310 0.236391 0.390662
2.564819 0.164917 0.101074 4.986757 0.320647 0.196518
2.745605 0.204834 0.013916 5.338258 0.398257 0.027057
2.840210 0.248413 -0.048218 5.522196 0.482987 -0.093749
2.805176 0.286865 -0.081909 5.454080 0.557750 -0.159255
2.628540 0.289307 -0.105713 5.110648 0.562496 -0.205537
2.342529 0.285522 -0.131226 4.554560 0.555139 -0.255141
2.018066 0.279541 -0.160889 3.923710 0.543509 -0.312815
1.731323 0.235596 -0.177246 3.366197 0.458067 -0.344618
1.560303 0.129639 -0.161621 3.033684 0.252055 -0.314239
1.528809 0.005981 -0.119141 2.972450 0.011630 -0.231644
1.586182 -0.082520 -0.061157 3.084000 -0.160442 -0.118907
1.646606 -0.069946 -0.009399 3.201483 -0.135996 -0.018275
1.641235 0.084595 0.009277 3.191040 0.164477 0.018038
1.546143 0.278564 -0.004395 3.006152 0.541611 -0.008544
1.370972 0.376465 -0.028320 2.665569 0.731957 -0.055063
1.155884 0.352905 -0.041382 2.247375 0.686151 -0.080458
0.943604 0.232910 -0.031860 1.834640 0.452845 -0.061946
0.767822 0.064819 0.002686 1.492870 0.126028 0.005221
0.652466 -0.104370 0.058228 1.268584 -0.202926 0.113211
0.597168 -0.236694 0.117310 1.161069 -0.460203 0.228084
0.562744 -0.259521 0.148804 1.094139 -0.504585 0.289318
0.489746 -0.173584 0.140381 0.952209 -0.337498 0.272941
0.347046 -0.027588 0.098755 0.674758 -0.053639 0.192008
0.147461 0.153198 0.031616 0.286707 0.297862 0.061471
-0.077515 0.347046 -0.051880 -0.150711 0.674758 -0.100870
-0.287842 0.482666 -0.131592 -0.559648 0.938443 -0.255853
-0.469360 0.503418 -0.185791 -0.912573 0.978791 -0.361232
-0.618896 0.431763 -0.204224 -1.203315 0.839473 -0.397070
-0.754395 0.315918 -0.192627 -1.466763 0.614237 -0.374523
-0.895264 0.192871 -0.165161 -1.740654 0.374998 -0.321121
-1.059570 0.077759 -0.123169 -2.060114 0.151186 -0.239476
-1.236206 -0.020264 -0.069092 -2.403545 -0.039398 -0.134335
-1.423950 -0.093262 -0.013916 -2.768574 -0.181328 -0.027057
-1.619019 -0.118530 0.032837 -3.147844 -0.230457 0.063845
-1.815063 -0.094116 0.065796 -3.529013 -0.182989 0.127926
-2.010010 -0.053223 0.081299 -3.908045 -0.103480 0.158069
-2.195068 -0.046753 0.086548 -4.267853 -0.090901 0.168274
-2.351807 -0.086060 0.081543 -4.572598 -0.167325 0.158543
-2.483521 -0.153931 0.064575 -4.828688 -0.299286 0.125553
-2.610840 -0.248901 0.035767 -5.076234 -0.483937 0.069541
-2.732910 -0.353638 0.008911 -5.313574 -0.687575 0.017326
-2.824463 -0.401855 -0.013306 -5.491580 -0.781324 -0.025870
-2.897827 -0.335327 -0.040649 -5.634221 -0.651974 -0.079034
-2.977417 -0.174927 -0.090698 -5.788967 -0.340109 -0.176344
-3.048706 -0.051880 -0.140381 -5.927574 -0.100870 -0.272941
-3.114136 -0.014771 -0.147583 -6.054788 -0.028718 -0.286944
-3.174194 -0.065552 -0.103638 -6.171559 -0.127452 -0.201502
-3.080933 -0.156494 -0.069458 -5.990232 -0.304270 -0.135047
-2.727539 -0.252563 -0.066162 -5.303131 -0.491057 -0.128638
-2.150635 -0.272583 -0.073853 -4.181461 -0.529981 -0.143591
-1.466675 -0.172852 -0.067627 -2.851644 -0.336074 -0.131487
-0.823242 -0.004028 -0.033325 -1.600623 -0.007832 -0.064794
-0.382935 0.175293 0.012085 -0.744536 0.340821 0.023497
-0.113403 0.308594 0.016724 -0.220489 0.599996 0.032516
-0.051514 0.316040 0.015747 -0.100158 0.614474 0.030617
-0.183960 0.221191 0.021851 -0.357672 0.430061 0.042484
-0.362793 0.012329 0.032715 -0.705375 0.023971 0.063607
-0.540771 -0.237549 0.064087 -1.051417 -0.461864 0.124604
-0.639282 -0.406982 0.099609 -1.242951 -0.791292 0.193670
-0.607788 -0.454590 0.111450 -1.181717 -0.883855 0.216692
-0.463379 -0.376587 0.100586 -0.900944 -0.732195 0.195568
-0.254395 -0.209229 0.072266 -0.494617 -0.406801 0.140505
-0.039673 -0.030884 0.021118 -0.077136 -0.060047 0.041060
0.121338 0.086182 -0.043335 0.235916 0.167562 -0.084256
0.211060 0.149658 -0.104614 0.410361 0.290979 -0.203401
0.253906 0.156006 -0.149536 0.493668 0.303321 -0.290742
0.271851 0.125610 -0.173828 0.528557 0.244223 -0.337973
0.264771 0.094116 -0.182861 0.514791 0.182989 -0.355536
0.232300 0.093750 -0.177490 0.451659 0.182277 -0.345093
0.187134 0.114868 -0.151489 0.363843 0.223337 -0.294539
0.143555 0.131470 -0.106201 0.279112 0.255615 -0.206486
0.110596 0.134766 -0.047974 0.215030 0.262024 -0.093275
0.092529 0.115967 0.016357 0.179904 0.225473 0.031804
0.081543 0.071411 0.079834 0.158543 0.138844 0.155221
0.076538 0.018921 0.131714 0.148812 0.036788 0.256090
0.078979 -0.025879 0.165039 0.153559 -0.050316 0.320884
0.085815 -0.060181 0.176758 0.166850 -0.117009 0.343669
0.088867 -0.087280 0.171021 0.172784 -0.169698 0.332514
0.075073 -0.092773 0.152588 0.145964 -0.180379 0.296675
0.034058 -0.061646 0.125244 0.066218 -0.119857 0.243511
-0.022949 -0.016724 0.090210 -0.044620 -0.032516 0.175394
-0.072876 0.010376 0.055908 -0.141692 0.020174 0.108702
-0.107300 0.030396 0.030273 -0.208622 0.059098 0.058860
-0.119507 0.047119 0.015137 -0.232356 0.091613 0.029430
-0.105713 0.046143 0.009033 -0.205537 0.089715 0.017563
-0.069824 0.026367 0.004150 -0.135759 0.051266 0.008070
-0.022827 0.013062 -0.005493 -0.044383 0.025395 -0.010680
0.017456 0.031250 -0.023560 0.033940 0.060759 -0.045807
0.034180 0.071167 -0.046387 0.066455 0.138369 -0.090189
0.027222 0.105103 -0.068481 0.052927 0.204350 -0.133148
0.008179 0.111938 -0.082397 0.015902 0.217641 -0.160205
-0.012695 0.104858 -0.078979 -0.024683 0.203875 -0.153559
-0.027466 0.096436 -0.058594 -0.053402 0.187499 -0.113923
-0.037964 0.087158 -0.027466 -0.073813 0.169461 -0.053402
-0.042603 0.072021 0.005493 -0.082832 0.140031 0.010680
-0.037964 0.046509 0.029419 -0.073813 0.090427 0.057199
-0.023926 0.010620 0.038940 -0.046519 0.020649 0.075712
-0.010376 -0.017578 0.032227 -0.020174 -0.034177 0.062658
-0.008789 -0.027100 0.011597 -0.017089 -0.052690 0.022547
-0.018555 -0.021362 -0.011597 -0.036076 -0.041535 -0.022547
-0.035400 -0.008789 -0.031372 -0.068829 -0.017089 -0.060996
-0.049927 0.010254 -0.048096 -0.097072 0.019937 -0.093512
-0.051392 0.032349 -0.053467 -0.099920 0.062895 -0.103955
-0.042480 0.058228 -0.046143 -0.082594 0.113211 -0.089715
-0.028320 0.072388 -0.032471 -0.055063 0.140743 -0.063133
-0.016968 0.070068 -0.017944 -0.032990 0.136233 -0.034889
-0.009766 0.060303 -0.006592 -0.018987 0.117246 -0.012816
-0.005981 0.053467 0.003296 -0.011630 0.103955 0.006408
-0.006226 0.046509 0.013794 -0.012104 0.090427 0.026819
-0.009644 0.030518 0.026611 -0.018750 0.059335 0.051740
-0.013916 0.002808 0.041382 -0.027057 0.005459 0.080458
-0.016113 -0.024780 0.055542 -0.031329 -0.048180 0.107990
-0.018311 -0.049805 0.066772 -0.035601 -0.096835 0.129825
-0.022705 -0.071533 0.067627 -0.044145 -0.139081 0.131487
-0.030762 -0.081543 0.058350 -0.059810 -0.158543 0.113449
-0.039307 -0.084839 0.046265 -0.076424 -0.164952 0.089952
-0.044800 -0.096191 0.036621 -0.087104 -0.187024 0.071202
-0.048096 -0.096191 0.031982 -0.093512 -0.187024 0.062183
-0.047119 -0.086670 0.030518 -0.091613 -0.168512 0.059335
-0.046387 -0.066895 0.032227 -0.090189 -0.130062 0.062658
-0.046753 -0.050049 0.034302 -0.090901 -0.097310 0.066693
-0.047974 -0.031250 0.031616 -0.093275 -0.060759 0.061471
-0.046875 -0.015381 0.019287 -0.091139 -0.029905 0.037500
-0.044678 -0.003174 0.003296 -0.086867 -0.006171 0.006408
-0.045166 -0.005737 -0.012695 -0.087816 -0.011155 -0.024683
-0.050537 -0.030396 -0.022949 -0.098259 -0.059098 -0.044620
-0.058594 -0.056519 -0.028076 -0.113923 -0.109889 -0.054588
-0.063354 -0.068970 -0.028931 -0.123180 -0.134097 -0.056250
-0.060425 -0.073364 -0.025146 -0.117483 -0.142642 -0.048892
-0.052246 -0.078979 -0.016113 -0.101582 -0.153559 -0.031329
-0.049927 -0.046631 -0.012085 -0.097072 -0.090664 -0.023497
-0.049438 -0.016968 -0.009644 -0.096123 -0.032990 -0.018750
-0.049194 -0.003906 -0.007202 -0.095648 -0.007595 -0.014003
-0.048096 0.010254 -0.004517 -0.093512 0.019937 -0.008782
-0.046509 0.026489 -0.001953 -0.090427 0.051503 -0.003797
