-0.258667 0.079468 -0.234863 -0.502924 0.154509 -0.456643
-0.253418 0.039673 -0.270508 -0.492718 0.077136 -0.525946
-0.243896 -0.043823 -0.272339 -0.474206 -0.085205 -0.529506
-0.195190 -0.089600 -0.237915 -0.379507 -0.174208 -0.462576
-0.151855 -0.180542 -0.179565 -0.295251 -0.351026 -0.349128
-0.103027 -0.288574 -0.098267 -0.200315 -0.561072 -0.191059
-0.017212 -0.344971 -0.015625 -0.033465 -0.670724 -0.030380
0.108398 -0.423706 0.040894 0.210758 -0.823808 0.079509
0.274536 -0.503052 0.025757 0.533778 -0.978079 0.050079
0.541626 -0.546631 -0.092529 1.053079 -1.062810 -0.179904
0.966797 -0.551392 -0.327881 1.879735 -1.072066 -0.637496
1.531372 -0.512451 -0.613770 2.977434 -0.996355 -1.193347
2.149292 -0.432373 -0.848389 4.178850 -0.840659 -1.649515
2.704468 -0.339600 -0.956299 5.258274 -0.660281 -1.859324
3.075317 -0.245361 -0.938721 5.979314 -0.477054 -1.825147
3.232910 -0.109131 -0.822021 6.285720 -0.212182 -1.598249
3.229980 0.051025 -0.640503 6.280024 0.099208 -1.245324
3.105957 0.184692 -0.438354 6.038886 0.359096 -0.852289
2.892578 0.284180 -0.257935 5.624015 0.552528 -0.501500
2.638184 0.363037 -0.113525 5.129398 0.705850 -0.220726
2.408447 0.385254 -0.018677 4.682724 0.749046 -0.036313
2.236572 0.377808 0.017822 4.348549 0.734568 0.034652
2.110229 0.352051 0.002197 4.102901 0.684489 0.004272
2.029541 0.308472 -0.038208 3.946020 0.599759 -0.074288
1.960693 0.236938 -0.092651 3.812160 0.460678 -0.180141
1.858765 0.149170 -0.152954 3.613981 0.290030 -0.297387
1.753540 0.080811 -0.212158 3.409393 0.157119 -0.412497
1.625732 0.035767 -0.258179 3.160898 0.069541 -0.501975
1.448364 0.017334 -0.273315 2.816042 0.033702 -0.531405
1.236938 0.012085 -0.270630 2.404969 0.023497 -0.526183
1.012207 0.010376 -0.252319 1.968026 0.020174 -0.490582
0.805908 0.023315 -0.219849 1.566921 0.045332 -0.427450
0.625122 0.060547 -0.192749 1.215420 0.117721 -0.374760
0.464233 0.113892 -0.187134 0.902605 0.221438 -0.363843
0.320679 0.181519 -0.200684 0.623493 0.352925 -0.390187
0.183350 0.243896 -0.220215 0.356485 0.474206 -0.428162
0.054443 0.274170 -0.238281 0.105854 0.533066 -0.463288
-0.069214 0.266235 -0.244995 -0.134572 0.517639 -0.476342
-0.200562 0.241577 -0.240356 -0.389950 0.469696 -0.467323
-0.350342 0.223511 -0.222900 -0.681167 0.434570 -0.433383
-0.516968 0.213989 -0.191040 -1.005136 0.416058 -0.371438
-0.697632 0.204346 -0.149658 -1.356400 0.397308 -0.290979
-0.885376 0.194214 -0.105225 -1.721429 0.377608 -0.204587
-1.063965 0.179565 -0.062500 -2.068658 0.349128 -0.121518
-1.237183 0.157593 -0.018799 -2.405444 0.306406 -0.036550
-1.406738 0.144043 0.027222 -2.735109 0.280062 0.052927
-1.574341 0.130859 0.065186 -3.060978 0.254429 0.126740
-1.746094 0.095703 0.094849 -3.394915 0.186075 0.184413
-1.978760 0.053711 0.122437 -3.847286 0.104430 0.238052
-2.175293 0.058960 0.143066 -4.229404 0.114635 0.278163
-2.320435 -0.007446 0.161133 -4.511601 -0.014478 0.313289
-2.445923 -0.176636 0.212158 -4.755587 -0.343431 0.412497
-2.531616 -0.353760 0.277954 -4.922200 -0.687812 0.540424
-2.585205 -0.488403 0.339233 -5.026392 -0.949598 0.659569
-2.620850 -0.564453 0.379639 -5.095696 -1.097461 0.738128
-2.650879 -0.585815 0.404541 -5.154082 -1.138996 0.786546
-2.653076 -0.541748 0.425293 -5.158354 -1.053316 0.826894
-2.563721 -0.421997 0.441162 -4.984621 -0.820485 0.857748
-2.387085 -0.284424 0.439819 -4.641189 -0.553003 0.855137
-2.135620 -0.167969 0.434937 -4.152268 -0.326580 0.845643
-1.865356 -0.125244 0.444946 -3.626797 -0.243511 0.865105
-1.661865 -0.184204 0.465820 -3.231151 -0.358146 0.905691
-1.514038 -0.307617 0.486572 -2.943732 -0.598098 0.946038
-1.378174 -0.445801 0.499878 -2.679572 -0.866767 0.971908
-1.224854 -0.537964 0.478271 -2.381472 -1.045959 0.929899
-1.052856 -0.557983 0.433838 -2.047060 -1.084882 0.843507
-0.903931 -0.495850 0.383301 -1.757505 -0.964076 0.745248
-0.795288 -0.300903 0.316406 -1.546272 -0.585044 0.615186
-0.639282 -0.009644 0.241821 -1.242951 -0.018750 0.470171
-0.453369 0.242676 0.173096 -0.881482 0.471832 0.336549
-0.278076 0.415649 0.134644 -0.540661 0.808144 0.261786
-0.143433 0.508911 0.120850 -0.278875 0.989472 0.234967
-0.075806 0.496216 0.112915 -0.147388 0.964788 0.219540
-0.054443 0.391357 0.093262 -0.105854 0.760913 0.181328
-0.064575 0.225708 0.055664 -0.125553 0.438842 0.108227
-0.061157 0.052490 0.001587 -0.118907 0.102056 0.003085
0.000244 -0.061279 -0.061157 0.000475 -0.119145 -0.118907
0.075439 -0.110962 -0.109497 0.146676 -0.215742 -0.212894
0.128052 -0.139526 -0.132813 0.248970 -0.271280 -0.258226
0.157349 -0.141724 -0.135254 0.305932 -0.275552 -0.262973
0.162109 -0.116333 -0.115112 0.315188 -0.226185 -0.223812
0.146973 -0.078491 -0.076538 0.285758 -0.152610 -0.148812
0.107666 0.008789 -0.038940 0.209334 0.017089 -0.075712
0.064209 0.101440 0.000854 0.124841 0.197230 0.001661
0.029053 0.137451 0.044556 0.056487 0.267245 0.086629
0.002930 0.127319 0.073242 0.005696 0.247546 0.142404
-0.016113 0.090332 0.084106 -0.031329 0.175632 0.163527
-0.036255 0.044067 0.078735 -0.070490 0.085680 0.153084
-0.058594 0.003540 0.060181 -0.113923 0.006883 0.117009
-0.082520 -0.029419 0.033203 -0.160442 -0.057199 0.064557
-0.105469 -0.048218 0.004272 -0.205062 -0.093749 0.008307
-0.119385 -0.057495 -0.022339 -0.232119 -0.111787 -0.043433
-0.125488 -0.057983 -0.044189 -0.243986 -0.112737 -0.085917
-0.125610 -0.041016 -0.053711 -0.244223 -0.079746 -0.104430
-0.117188 -0.012085 -0.049561 -0.227847 -0.023497 -0.096360
-0.099121 0.017944 -0.036377 -0.192720 0.034889 -0.070727
-0.078857 0.039917 -0.022705 -0.153322 0.077610 -0.044145
-0.056519 0.050903 -0.012451 -0.109889 0.098971 -0.024209
-0.034790 0.057251 -0.006104 -0.067642 0.111313 -0.011867
-0.018311 0.068848 -0.003174 -0.035601 0.133860 -0.006171
-0.010132 0.079346 -0.001221 -0.019699 0.154271 -0.002373
-0.011108 0.086060 -0.002197 -0.021598 0.167325 -0.004272
-0.018188 0.086792 -0.004517 -0.035364 0.168749 -0.008782
-0.030884 0.083618 -0.010010 -0.060047 0.162578 -0.019462
-0.048096 0.079102 -0.019409 -0.093512 0.153797 -0.037737
-0.068237 0.072510 -0.028076 -0.132673 0.140980 -0.054588
-0.087524 0.060791 -0.033936 -0.170173 0.118195 -0.065981
-0.101440 0.048828 -0.035034 -0.197230 0.094936 -0.068117
-0.107178 0.042480 -0.033691 -0.208385 0.082594 -0.065506
-0.107544 0.036621 -0.034058 -0.209097 0.071202 -0.066218
-0.104370 0.030518 -0.037354 -0.202926 0.059335 -0.072626
-0.101074 0.028809 -0.043091 -0.196518 0.056012 -0.083781
-0.097534 0.025024 -0.048096 -0.189635 0.048655 -0.093512
-0.092773 0.020142 -0.052612 -0.180379 0.039161 -0.102294
-0.087402 0.023071 -0.054688 -0.169936 0.044857 -0.106328
-0.082275 0.031738 -0.051636 -0.159967 0.061708 -0.100395
-0.077393 0.034058 -0.045776 -0.150474 0.066218 -0.089003
-0.070679 0.030151 -0.039307 -0.137420 0.058623 -0.076424
-0.062744 0.026367 -0.034180 -0.121993 0.051266 -0.066455
-0.055542 0.026978 -0.029053 -0.107990 0.052452 -0.056487
-0.049805 0.033325 -0.023682 -0.096835 0.064794 -0.046044
-0.046509 0.035034 -0.020996 -0.090427 0.068117 -0.040823
-0.044312 0.028076 -0.022827 -0.086155 0.054588 -0.044383
-0.043213 0.017090 -0.026001 -0.084018 0.033228 -0.050553
-0.039917 0.009155 -0.033447 -0.077610 0.017801 -0.065031
-0.036865 0.009888 -0.041504 -0.071677 0.019225 -0.080696
-0.033203 0.020996 -0.046509 -0.064557 0.040823 -0.090427
-0.029785 0.036621 -0.049316 -0.057911 0.071202 -0.095885
-0.024780 0.054321 -0.048828 -0.048180 0.105616 -0.094936
-0.020142 0.069214 -0.047119 -0.039161 0.134572 -0.091613
-0.014282 0.077515 -0.047363 -0.027769 0.150711 -0.092088
-0.008057 0.076172 -0.050537 -0.015664 0.148100 -0.098259
-0.005005 0.067261 -0.058838 -0.009731 0.130774 -0.114398
-0.003174 0.056641 -0.071533 -0.006171 0.110126 -0.139081
-0.003540 0.043823 -0.088501 -0.006883 0.085205 -0.172072
-0.009155 0.024170 -0.108643 -0.017801 0.046993 -0.211233
-0.017334 0.003174 -0.131104 -0.033702 0.006171 -0.254903
-0.024048 -0.014526 -0.143311 -0.046756 -0.028243 -0.278637
-0.036865 -0.035889 -0.139282 -0.071677 -0.069778 -0.270805
-0.052002 -0.052124 -0.125854 -0.101107 -0.101344 -0.244698
-0.053833 -0.052734 -0.105469 -0.104667 -0.102531 -0.205062
-0.039429 -0.043091 -0.078613 -0.076661 -0.083781 -0.152847
-0.017578 -0.039551 -0.049561 -0.034177 -0.076898 -0.096360
0.000854 -0.045410 -0.023804 0.001661 -0.088291 -0.046281
0.008057 -0.053345 -0.004028 0.015664 -0.103718 -0.007832
0.008057 -0.059692 0.010010 0.015664 -0.116059 0.019462
0.004883 -0.067139 0.019653 0.009494 -0.130537 0.038212
0.000000 -0.082031 0.021484 0.000000 -0.159493 0.041772
-0.007446 -0.099976 0.015137 -0.014478 -0.194382 0.029430
-0.015869 -0.108643 0.004639 -0.030854 -0.211233 0.009019
