0.191528 0.627319 -0.006958 0.372387 1.219692 -0.013528
0.367920 0.622070 0.053223 0.715344 1.209486 0.103480
0.558228 0.548950 0.107544 1.085357 1.067319 0.209097
0.775635 0.532471 0.161377 1.508060 1.035278 0.313764
0.983521 0.483154 0.216919 1.912251 0.939393 0.421754
1.166870 0.466797 0.276978 2.268736 0.907589 0.538525
1.364014 0.496460 0.307861 2.652040 0.965263 0.598572
1.616943 0.551025 0.304565 3.143809 1.071354 0.592164
1.873169 0.642212 0.248779 3.641987 1.248647 0.483700
2.054932 0.780762 0.138184 3.995386 1.518028 0.268669
2.151978 0.914551 0.032593 4.184072 1.778153 0.063370
2.192993 1.015503 -0.030518 4.263818 1.974434 -0.059335
2.190063 1.068726 -0.050781 4.258122 2.077914 -0.098734
2.161499 1.052979 -0.041016 4.202584 2.047297 -0.079746
2.144531 0.972412 -0.010010 4.169594 1.890653 -0.019462
2.133057 0.838745 0.029907 4.147284 1.630765 0.058148
2.120850 0.669556 0.073730 4.123550 1.301811 0.143354
2.119995 0.476318 0.121582 4.121889 0.926102 0.236391
2.134033 0.299927 0.191040 4.149183 0.583145 0.371438
2.140503 0.165771 0.277588 4.161762 0.322308 0.539712
2.116455 0.072021 0.354126 4.115006 0.140031 0.688524
2.041992 -0.009155 0.401245 3.970228 -0.017801 0.780138
1.911377 -0.092285 0.411133 3.716274 -0.179429 0.799362
1.759033 -0.179077 0.378906 3.420074 -0.348178 0.736704
1.611694 -0.237305 0.305786 3.133604 -0.461390 0.594537
1.455322 -0.229614 0.243530 2.829571 -0.446437 0.473494
1.283081 -0.197998 0.224243 2.494684 -0.384966 0.435994
1.113892 -0.157227 0.230347 2.165730 -0.305694 0.447861
0.957275 -0.117188 0.238037 1.861223 -0.227847 0.462814
0.800293 -0.057617 0.237549 1.556003 -0.112025 0.461864
0.634644 0.016479 0.224487 1.233932 0.032041 0.436469
0.459839 0.093384 0.200073 0.894061 0.181565 0.389001
0.276245 0.133301 0.172852 0.537101 0.259176 0.336074
0.088013 0.128540 0.147705 0.171122 0.249919 0.287182
-0.097778 0.128540 0.121216 -0.190110 0.249919 0.235679
-0.278076 0.169067 0.082397 -0.540661 0.328716 0.160205
-0.454346 0.224609 0.029175 -0.883381 0.436706 0.056724
-0.623535 0.239136 -0.023560 -1.212334 0.464950 -0.045807
-0.775513 0.202759 -0.063965 -1.507823 0.394222 -0.124366
-0.905640 0.129028 -0.118896 -1.760828 0.250869 -0.231169
-1.060303 0.036133 -0.178589 -2.061538 0.070253 -0.347229
-1.257935 -0.042969 -0.222168 -2.445792 -0.083544 -0.431959
-1.485840 -0.108521 -0.259644 -2.888906 -0.210996 -0.504823
-1.722412 -0.185303 -0.292603 -3.348871 -0.360283 -0.568905
-1.948853 -0.263306 -0.327637 -3.789138 -0.511943 -0.637021
-2.159546 -0.322998 -0.358887 -4.198787 -0.628002 -0.697780
-2.337280 -0.398560 -0.380493 -4.544354 -0.774916 -0.739790
-2.467041 -0.523560 -0.398926 -4.796647 -1.017952 -0.775628
-2.559692 -0.695068 -0.410522 -4.976789 -1.351416 -0.798175
-2.626343 -0.865845 -0.393921 -5.106376 -1.683455 -0.765897
-2.647827 -1.019531 -0.346924 -5.148148 -1.982266 -0.674521
-2.644287 -1.137207 -0.300903 -5.141265 -2.211062 -0.585044
-2.645996 -1.212891 -0.269897 -5.144588 -2.358213 -0.524759
-2.671021 -1.228271 -0.258179 -5.193243 -2.388118 -0.501975
-2.698975 -1.204834 -0.242676 -5.247594 -2.342549 -0.471832
-2.672119 -1.114014 -0.226685 -5.195379 -2.165967 -0.440741
-2.523315 -0.988037 -0.183472 -4.906061 -1.921032 -0.356722
-2.276123 -0.820190 -0.100098 -4.425447 -1.594689 -0.194619
-1.931396 -0.570435 -0.019775 -3.755198 -1.109091 -0.038449
-1.534546 -0.338989 0.056763 -2.983605 -0.659094 0.110363
-1.172974 -0.205200 0.148560 -2.280603 -0.398969 0.288843
-0.982056 -0.213135 0.267700 -1.909403 -0.414396 0.520487
-0.927979 -0.323486 0.360718 -1.804261 -0.628952 0.701341
-0.897705 -0.469849 0.401001 -1.745400 -0.913523 0.779663
-0.915527 -0.583008 0.407471 -1.780052 -1.133537 0.792242
-0.892456 -0.571655 0.349121 -1.735195 -1.111465 0.678793
-0.766724 -0.455322 0.252075 -1.490734 -0.885279 0.490108
-0.543457 -0.248901 0.127930 -1.056639 -0.483937 0.248733
-0.265503 -0.005981 0.005493 -0.516215 -0.011630 0.010680
0.000854 0.211426 -0.082642 0.001661 0.411073 -0.160679
0.191406 0.320801 -0.118408 0.372150 0.623730 -0.230220
0.286255 0.305908 -0.125854 0.556563 0.594775 -0.244698
0.306885 0.211914 -0.115112 0.596673 0.412023 -0.223812
0.287842 0.099487 -0.080811 0.559648 0.193432 -0.157119
0.258911 0.041870 -0.031250 0.503399 0.081408 -0.060759
0.232056 0.035278 0.015381 0.451184 0.068591 0.029905
0.209106 0.045166 0.050537 0.406564 0.087816 0.098259
0.195435 0.060913 0.074585 0.379982 0.118433 0.145015
0.190918 0.086548 0.087158 0.371200 0.168274 0.169461
0.188354 0.108521 0.086792 0.366216 0.210996 0.168749
0.178711 0.111572 0.077393 0.347466 0.216929 0.150474
0.154785 0.104858 0.066895 0.300947 0.203875 0.130062
0.125732 0.104980 0.065430 0.244460 0.204113 0.127214
0.095337 0.107910 0.073608 0.185363 0.209809 0.143116
0.067505 0.096680 0.086182 0.131249 0.187973 0.167562
0.042358 0.071533 0.102295 0.082357 0.139081 0.198891
0.016357 0.040283 0.118286 0.031804 0.078322 0.229983
-0.013184 0.004761 0.125854 -0.025633 0.009256 0.244698
-0.032104 -0.031372 0.116821 -0.062420 -0.060996 0.227135
-0.036255 -0.065430 0.095093 -0.070490 -0.127214 0.184888
-0.038086 -0.089111 0.060303 -0.074050 -0.173258 0.117246
-0.044189 -0.098877 0.019287 -0.085917 -0.192246 0.037500
-0.045044 -0.104980 -0.017334 -0.087579 -0.204113 -0.033702
-0.034058 -0.111084 -0.046875 -0.066218 -0.215980 -0.091139
-0.016602 -0.110229 -0.070190 -0.032278 -0.214318 -0.136471
-0.000854 -0.094482 -0.086304 -0.001661 -0.183701 -0.167800
0.008545 -0.068115 -0.094360 0.016614 -0.132436 -0.183464
0.008545 -0.036865 -0.091309 0.016614 -0.071677 -0.177531
-0.000732 -0.017212 -0.076538 -0.001424 -0.033465 -0.148812
-0.008545 -0.014526 -0.050171 -0.016614 -0.028243 -0.097547
-0.009888 -0.016357 -0.018555 -0.019225 -0.031804 -0.036076
-0.014526 -0.019409 0.008789 -0.028243 -0.037737 0.017089
-0.026733 -0.031006 0.028931 -0.051978 -0.060284 0.056250
-0.039429 -0.053833 0.038818 -0.076661 -0.104667 0.075474
-0.044922 -0.085083 0.037842 -0.087341 -0.165426 0.073575
-0.048706 -0.117798 0.031006 -0.094699 -0.229033 0.060284
-0.054321 -0.140381 0.023560 -0.105616 -0.272941 0.045807
-0.059326 -0.142700 0.015503 -0.115347 -0.277451 0.030142
-0.059326 -0.120239 0.008057 -0.115347 -0.233780 0.015664
-0.055176 -0.076050 -0.000488 -0.107278 -0.147863 -0.000949
-0.049438 -0.033081 -0.012817 -0.096123 -0.064319 -0.024921
-0.042114 0.005737 -0.029297 -0.081882 0.011155 -0.056962
-0.033325 0.038574 -0.047852 -0.064794 0.075000 -0.093037
-0.021729 0.060059 -0.062988 -0.042247 0.116771 -0.122468
-0.006592 0.071045 -0.072021 -0.012816 0.138132 -0.140031
0.009766 0.073853 -0.075317 0.018987 0.143591 -0.146439
0.028320 0.062012 -0.077271 0.055063 0.120569 -0.150236
0.045410 0.046143 -0.078003 0.088291 0.089715 -0.151660
0.057617 0.046265 -0.079468 0.112025 0.089952 -0.154509
0.059692 0.066162 -0.081543 0.116059 0.128638 -0.158543
0.053467 0.083984 -0.080444 0.103955 0.163290 -0.156407
0.044678 0.080444 -0.075928 0.086867 0.156407 -0.147626
0.037964 0.061768 -0.070801 0.073813 0.120094 -0.137657
0.028320 0.045288 -0.067017 0.055063 0.088053 -0.130300
0.012939 0.037720 -0.063232 0.025158 0.073338 -0.122942
-0.008057 0.040405 -0.058472 -0.015664 0.078560 -0.113686
-0.029785 0.052856 -0.052246 -0.057911 0.102768 -0.101582
-0.048218 0.064941 -0.049927 -0.093749 0.126265 -0.097072
-0.061890 0.066772 -0.049438 -0.120332 0.129825 -0.096123
-0.070068 0.052856 -0.049072 -0.136233 0.102768 -0.095411
-0.072876 0.023193 -0.046387 -0.141692 0.045095 -0.090189
-0.072754 -0.011475 -0.042480 -0.141455 -0.022310 -0.082594
-0.069580 -0.041504 -0.038330 -0.135284 -0.080696 -0.074525
-0.066650 -0.065430 -0.034302 -0.129588 -0.127214 -0.066693
-0.066772 -0.070557 -0.025757 -0.129825 -0.137183 -0.050079
-0.073364 -0.065796 -0.012329 -0.142642 -0.127926 -0.023971
-0.081543 -0.058472 0.001831 -0.158543 -0.113686 0.003560
-0.085815 -0.047485 0.014648 -0.166850 -0.092325 0.028481
-0.085327 -0.038940 0.026123 -0.165901 -0.075712 0.050791
-0.083130 -0.031982 0.036255 -0.161629 -0.062183 0.070490
-0.082153 -0.020630 0.041504 -0.159730 -0.040111 0.080696
-0.081299 -0.010742 0.042847 -0.158069 -0.020886 0.083306
-0.078491 -0.004639 0.039307 -0.152610 -0.009019 0.076424
-0.072876 -0.002319 0.031860 -0.141692 -0.004509 0.061946
-0.068237 -0.006226 0.022705 -0.132673 -0.012104 0.044145
-0.063477 -0.014648 0.013794 -0.123417 -0.028481 0.026819
-0.058350 -0.015747 0.005371 -0.113449 -0.030617 0.010443
-0.053101 -0.007324 0.002075 -0.103243 -0.014240 0.004035
-0.047729 0.003174 0.003662 -0.092800 0.006171 0.007120
-0.043945 0.012085 0.008667 -0.085443 0.023497 0.016851
