-0.332275 -0.033203 -0.183838 -0.646040 -0.064557 -0.357434
-0.368164 -0.093628 -0.092529 -0.715818 -0.182040 -0.179904
-0.400757 -0.102295 0.051880 -0.779188 -0.198891 0.100870
-0.435181 -0.141235 0.227539 -0.846118 -0.274603 0.442402
-0.467896 -0.247681 0.430420 -0.909725 -0.481563 0.836862
-0.460815 -0.365356 0.621094 -0.895960 -0.710359 1.207587
-0.351685 -0.467896 0.729736 -0.683777 -0.909725 1.418820
-0.166992 -0.539551 0.721191 -0.324682 -1.049044 1.402206
0.036987 -0.556885 0.619873 0.071914 -1.082746 1.205214
0.313110 -0.489746 0.455322 0.608778 -0.952209 0.885279
0.634766 -0.430786 0.270020 1.234169 -0.837574 0.524997
0.980713 -0.396851 0.093384 1.906792 -0.771593 0.181565
1.317383 -0.380859 -0.069946 2.561376 -0.740502 -0.135996
1.602051 -0.362549 -0.205688 3.114854 -0.704901 -0.399918
1.817871 -0.319214 -0.299805 3.534472 -0.620645 -0.582908
1.971802 -0.225342 -0.351807 3.833758 -0.438130 -0.684015
2.097656 -0.080933 -0.375122 4.078455 -0.157357 -0.729347
2.198120 0.107178 -0.381592 4.273787 0.208385 -0.741926
2.305054 0.357056 -0.374634 4.481697 0.694220 -0.728397
2.376709 0.551880 -0.362793 4.621016 1.073015 -0.705375
2.388672 0.643799 -0.339233 4.644275 1.251733 -0.659569
2.408325 0.677002 -0.293091 4.682487 1.316289 -0.569854
2.427368 0.593384 -0.250244 4.719512 1.153711 -0.486548
2.426270 0.409302 -0.221924 4.717375 0.795802 -0.431485
2.441284 0.201294 -0.204102 4.746568 0.391374 -0.396833
2.423096 -0.022217 -0.196045 4.711205 -0.043196 -0.381168
2.311157 -0.221069 -0.189209 4.493564 -0.429823 -0.367877
2.125732 -0.338257 -0.186768 4.133044 -0.657670 -0.363131
1.911987 -0.387207 -0.187378 3.717461 -0.752843 -0.364317
1.692749 -0.396851 -0.188110 3.291198 -0.771593 -0.365741
1.480591 -0.385864 -0.181030 2.878700 -0.750233 -0.351976
1.273682 -0.363770 -0.168701 2.476408 -0.707274 -0.328004
1.060303 -0.320190 -0.163452 2.061538 -0.622544 -0.317799
0.834351 -0.215088 -0.164429 1.622221 -0.418194 -0.319697
0.607910 -0.054688 -0.167847 1.181955 -0.106328 -0.326343
0.389771 0.104370 -0.173706 0.757828 0.202926 -0.337735
0.181763 0.213989 -0.178955 0.353400 0.416058 -0.347941
-0.016968 0.270142 -0.179688 -0.032990 0.525234 -0.349365
-0.201050 0.303345 -0.176636 -0.390899 0.589791 -0.343431
-0.364258 0.318481 -0.169312 -0.708223 0.619221 -0.329191
-0.505005 0.314697 -0.156494 -0.981877 0.611863 -0.304270
-0.626343 0.287720 -0.135376 -1.217793 0.559411 -0.263210
-0.747803 0.230469 -0.101196 -1.453947 0.448098 -0.196755
-0.879028 0.157715 -0.054199 -1.709087 0.306644 -0.105379
-1.012573 0.084106 0.001343 -1.968738 0.163527 0.002611
-1.151611 0.005005 0.057495 -2.239068 0.009731 0.111787
-1.297485 -0.056030 0.106079 -2.522690 -0.108939 0.206249
-1.468018 -0.096924 0.126709 -2.854254 -0.188448 0.246359
-1.729614 -0.115601 0.112915 -3.362875 -0.224761 0.219540
-1.985107 -0.047729 0.073853 -3.859628 -0.092800 0.143591
-2.133789 0.006348 -0.011841 -4.148708 0.012342 -0.023022
-2.240479 -0.026733 -0.090820 -4.356143 -0.051978 -0.176581
-2.343994 -0.097534 -0.140503 -4.557408 -0.189635 -0.273179
-2.459961 -0.170044 -0.168945 -4.782881 -0.330615 -0.328479
-2.608765 -0.249634 -0.184692 -5.072199 -0.485361 -0.359096
-2.755005 -0.296631 -0.189697 -5.356533 -0.576737 -0.368827
-2.825439 -0.328613 -0.194336 -5.493478 -0.638920 -0.377846
-2.804443 -0.367920 -0.201050 -5.452656 -0.715344 -0.390899
-2.693115 -0.364136 -0.207397 -5.236201 -0.707986 -0.403241
-2.500732 -0.323364 -0.205566 -4.862153 -0.628714 -0.399681
-2.293213 -0.242188 -0.181885 -4.458674 -0.470883 -0.353637
-2.067993 -0.117065 -0.133545 -4.020782 -0.227609 -0.259650
-1.847778 -0.006836 -0.054688 -3.592620 -0.013291 -0.106328
-1.620239 0.077271 0.047852 -3.150218 0.150236 0.093037
-1.346558 0.178467 0.158569 -2.618101 0.346992 0.308305
-1.022949 0.320435 0.249878 -1.988912 0.623018 0.485836
-0.686279 0.454956 0.318115 -1.334327 0.884567 0.618509
-0.491333 0.477905 0.364990 -0.955295 0.929187 0.709647
-0.480713 0.450806 0.382690 -0.934646 0.876498 0.744062
-0.499268 0.394897 0.349609 -0.970722 0.767796 0.679743
-0.488037 0.279053 0.284912 -0.948886 0.542560 0.553952
-0.432617 0.151855 0.203857 -0.841134 0.295251 0.396358
-0.359009 0.047607 0.120361 -0.698018 0.092563 0.234018
-0.278442 0.033325 0.044434 -0.541373 0.064794 0.086392
-0.199463 0.077393 -0.021362 -0.387814 0.150474 -0.041535
-0.167358 0.075928 -0.072998 -0.325394 0.147626 -0.141929
-0.123169 0.077759 -0.104248 -0.239476 0.151186 -0.202689
-0.001953 0.106689 -0.105713 -0.003797 0.207435 -0.205537
0.117188 0.112671 -0.089111 0.227847 0.219065 -0.173258
0.186279 0.106201 -0.066528 0.362181 0.206486 -0.129350
0.209595 0.106445 -0.051514 0.407513 0.206961 -0.100158
0.199463 0.106201 -0.043213 0.387814 0.206486 -0.084018
0.168335 0.103638 -0.035400 0.327292 0.201502 -0.068829
0.120850 0.115967 -0.032593 0.234967 0.225473 -0.063370
0.070801 0.102295 -0.027466 0.137657 0.198891 -0.053402
0.031860 0.049683 -0.017456 0.061946 0.096597 -0.033940
0.005371 -0.005249 -0.009399 0.010443 -0.010206 -0.018275
-0.018555 -0.034180 -0.003296 -0.036076 -0.066455 -0.006408
-0.045654 -0.029541 0.001221 -0.088765 -0.057436 0.002373
-0.073120 -0.000977 0.006592 -0.142167 -0.001899 0.012816
-0.098022 0.029785 0.016235 -0.190584 0.057911 0.031566
-0.118042 0.045654 0.026978 -0.229508 0.088765 0.052452
-0.142822 0.042236 0.035034 -0.277688 0.082120 0.068117
-0.165894 0.039795 0.032715 -0.322545 0.077373 0.063607
-0.165405 0.047729 0.019043 -0.321596 0.092800 0.037025
-0.143433 0.049316 0.005005 -0.278875 0.095885 0.009731
-0.110962 0.030762 -0.003174 -0.215742 0.059810 -0.006171
-0.073730 0.008301 -0.006836 -0.143354 0.016139 -0.013291
-0.044189 0.004517 -0.008057 -0.085917 0.008782 -0.015664
-0.026001 0.024414 -0.004028 -0.050553 0.047468 -0.007832
-0.015015 0.056519 0.004639 -0.029193 0.109889 0.009019
-0.010864 0.080444 0.016235 -0.021123 0.156407 0.031566
-0.010254 0.087036 0.028931 -0.019937 0.169224 0.056250
-0.012695 0.074585 0.036499 -0.024683 0.145015 0.070965
-0.016479 0.052612 0.037720 -0.032041 0.102294 0.073338
-0.021851 0.035034 0.034302 -0.042484 0.068117 0.066693
-0.029419 0.023071 0.026367 -0.057199 0.044857 0.051266
-0.037476 0.016846 0.018188 -0.072863 0.032753 0.035364
-0.043213 0.011719 0.013428 -0.084018 0.022785 0.026107
-0.046631 0.003418 0.013428 -0.090664 0.006646 0.026107
-0.053101 -0.003662 0.015869 -0.103243 -0.007120 0.030854
-0.048584 0.005981 0.017700 -0.094461 0.011630 0.034414
-0.047974 0.010376 0.018799 -0.093275 0.020174 0.036550
-0.057373 0.002075 0.017334 -0.111550 0.004035 0.033702
-0.079346 -0.020508 0.012085 -0.154271 -0.039873 0.023497
-0.109009 -0.041382 0.009521 -0.211945 -0.080458 0.018513
-0.131714 -0.037720 0.024902 -0.256090 -0.073338 0.048417
-0.101563 0.022095 0.029907 -0.197467 0.042959 0.058148
-0.080566 0.033569 0.023315 -0.156645 0.065269 0.045332
-0.071655 0.034424 0.025391 -0.139319 0.066930 0.049367
-0.058716 0.025513 0.030151 -0.114161 0.049604 0.058623
-0.040283 0.015991 0.030396 -0.078322 0.031092 0.059098
-0.025513 0.009399 0.033447 -0.049604 0.018275 0.065031
-0.018066 0.008911 0.037720 -0.035126 0.017326 0.073338
-0.015747 0.010620 0.038818 -0.030617 0.020649 0.075474
-0.015015 0.012573 0.040039 -0.029193 0.024446 0.077848
-0.013916 0.010498 0.039429 -0.027057 0.020411 0.076661
-0.014526 0.004761 0.036255 -0.028243 0.009256 0.070490
-0.018188 -0.007446 0.028809 -0.035364 -0.014478 0.056012
-0.021729 -0.018921 0.017700 -0.042247 -0.036788 0.034414
-0.025879 -0.029785 0.008545 -0.050316 -0.057911 0.016614
-0.029175 -0.038818 0.004761 -0.056724 -0.075474 0.009256
-0.034058 -0.046265 0.004639 -0.066218 -0.089952 0.009019
-0.036255 -0.047607 0.004395 -0.070490 -0.092563 0.008544
-0.038452 -0.039795 0.003296 -0.074762 -0.077373 0.006408
-0.041260 -0.020874 0.005249 -0.080221 -0.040585 0.010206
-0.041992 0.000854 0.010986 -0.081645 0.001661 0.021361
-0.042358 0.010498 0.019531 -0.082357 0.020411 0.037974
-0.039795 0.006470 0.025391 -0.077373 0.012579 0.049367
-0.037842 -0.007690 0.025269 -0.073575 -0.014952 0.049129
-0.036743 -0.014893 0.022339 -0.071439 -0.028956 0.043433
-0.037231 -0.020386 0.019165 -0.072389 -0.039636 0.037262
-0.041870 -0.026001 0.014160 -0.081408 -0.050553 0.027531
-0.048950 -0.029663 0.007324 -0.095173 -0.057674 0.014240
-0.055786 -0.026733 0.000366 -0.108465 -0.051978 0.000712
-0.063721 -0.014160 -0.002930 -0.123892 -0.027531 -0.005696
-0.065796 -0.003784 -0.000122 -0.127926 -0.007358 -0.000237
-0.073242 -0.020752 0.011597 -0.142404 -0.040348 0.022547
-0.083740 -0.053589 0.012329 -0.162815 -0.104192 0.023971
-0.081543 -0.061157 0.002319 -0.158543 -0.118907 0.004509
