0.023926 0.449951 -0.374023 0.046519 0.874836 -0.727211
0.042847 0.364990 -0.405762 0.083306 0.709647 -0.788919
0.074463 0.305420 -0.430176 0.144778 0.593825 -0.836387
0.103394 0.204834 -0.423828 0.201027 0.398257 -0.824045
0.153687 0.094971 -0.358643 0.298811 0.184651 -0.697306
0.257568 -0.021606 -0.255493 0.500788 -0.042009 -0.496753
0.380615 -0.149414 -0.175537 0.740027 -0.290505 -0.341295
0.526611 -0.307251 -0.091797 1.023886 -0.597386 -0.178480
0.733032 -0.392090 0.012817 1.425228 -0.762337 0.024921
1.009033 -0.280640 0.103271 1.961855 -0.545645 0.200790
1.322144 -0.020630 0.152710 2.570633 -0.040111 0.296913
1.598389 0.219604 0.168823 3.107734 0.426975 0.328242
1.798950 0.344482 0.171143 3.497684 0.669774 0.332751
1.946167 0.388672 0.176514 3.783916 0.755691 0.343194
2.049927 0.423218 0.197632 3.985655 0.822859 0.384254
2.119507 0.468506 0.227905 4.120939 0.910912 0.443114
2.158691 0.502563 0.262695 4.197125 0.977130 0.510756
2.183472 0.511963 0.310425 4.245306 0.995405 0.603556
2.210449 0.489624 0.373535 4.297758 0.951972 0.726261
2.254883 0.434326 0.440430 4.384150 0.844457 0.856324
2.311035 0.357422 0.496216 4.493326 0.694932 0.964788
2.363281 0.282593 0.522949 4.594908 0.549443 1.016766
2.382813 0.235229 0.522095 4.632883 0.457355 1.015104
2.352661 0.201660 0.502197 4.574259 0.392086 0.976418
2.267700 0.169434 0.464478 4.409070 0.329428 0.903080
2.134644 0.138306 0.399048 4.150370 0.268907 0.775865
1.964111 0.127441 0.305542 3.818805 0.247783 0.594063
1.760254 0.151489 0.201782 3.422447 0.294539 0.392323
1.550049 0.182739 0.098633 3.013747 0.355298 0.191771
1.355957 0.219360 0.012451 2.636376 0.426500 0.024209
1.177979 0.227295 -0.027466 2.290334 0.441928 -0.053402
1.016113 0.146118 -0.019287 1.975621 0.284096 -0.037500
0.883789 -0.005981 0.021118 1.718344 -0.011630 0.041060
0.765137 -0.199341 0.071289 1.487649 -0.387577 0.138607
0.632080 -0.352905 0.098022 1.228948 -0.686151 0.190584
0.470093 -0.387695 0.093384 0.913997 -0.753793 0.181565
0.277832 -0.325195 0.071899 0.540186 -0.632275 0.139793
0.072876 -0.218872 0.039185 0.141692 -0.425551 0.076186
-0.134155 -0.070435 -0.016479 -0.260837 -0.136945 -0.032041
-0.335205 0.104614 -0.092529 -0.651736 0.203401 -0.179904
-0.513916 0.241821 -0.161133 -0.999203 0.470171 -0.313289
-0.662231 0.292969 -0.196045 -1.287571 0.569617 -0.381168
-0.792603 0.283691 -0.196045 -1.541050 0.551579 -0.381168
-0.911499 0.250610 -0.172974 -1.772220 0.487260 -0.336311
-1.058105 0.184692 -0.129272 -2.057266 0.359096 -0.251343
-1.245117 0.102051 -0.072388 -2.420871 0.198416 -0.140743
-1.475342 0.006226 -0.048462 -2.868495 0.012104 -0.094224
-1.758179 -0.048584 -0.065308 -3.418412 -0.094461 -0.126977
-2.108765 -0.043945 -0.098022 -4.100053 -0.085443 -0.190584
-2.447632 -0.038330 -0.145752 -4.758910 -0.074525 -0.283384
-2.706177 -0.089966 -0.183228 -5.261597 -0.174920 -0.356248
-2.887207 -0.204712 -0.189697 -5.613573 -0.398020 -0.368827
-3.019165 -0.324097 -0.166138 -5.870137 -0.630138 -0.323020
-3.110107 -0.460327 -0.121826 -6.046956 -0.895010 -0.236866
-3.164795 -0.622070 -0.053833 -6.153284 -1.209486 -0.104667
-3.170044 -0.745239 0.023315 -6.163490 -1.448962 0.045332
-3.096069 -0.802734 0.076660 -6.019661 -1.560750 0.149050
-2.938599 -0.809692 0.086426 -5.713493 -1.574278 0.168037
-2.733032 -0.755005 0.052612 -5.313812 -1.467950 0.102294
-2.518066 -0.651245 0.004395 -4.895855 -1.266210 0.008544
-2.297974 -0.468506 -0.036743 -4.467931 -0.910912 -0.071439
-2.059082 -0.254150 -0.062256 -4.003456 -0.494142 -0.121044
-1.822754 -0.062134 -0.055054 -3.543965 -0.120806 -0.107040
-1.528198 0.112183 -0.031494 -2.971263 0.218116 -0.061234
-1.138428 0.204590 0.006348 -2.213435 0.397782 0.012342
-0.707642 0.157837 0.049927 -1.375862 0.306881 0.097072
-0.375122 -0.029663 0.094482 -0.729347 -0.057674 0.183701
-0.264648 -0.296021 0.126465 -0.514554 -0.575550 0.245885
-0.292725 -0.542236 0.115723 -0.569142 -1.054265 0.224999
-0.411743 -0.703125 0.066406 -0.800549 -1.367080 0.129113
-0.498291 -0.671143 -0.019165 -0.968823 -1.304897 -0.037262
-0.468750 -0.469482 -0.110840 -0.911387 -0.912811 -0.215505
-0.350220 -0.210815 -0.163086 -0.680929 -0.409887 -0.317087
-0.188721 -0.005249 -0.147827 -0.366928 -0.010206 -0.287419
-0.042236 0.087769 -0.085449 -0.082120 0.170648 -0.166138
0.061890 0.074707 -0.006958 0.120332 0.145252 -0.013528
0.127563 0.011597 0.063965 0.248021 0.022547 0.124366
0.165161 -0.058472 0.105835 0.321121 -0.113686 0.205774
0.180420 -0.113403 0.112671 0.350789 -0.220489 0.219065
0.176514 -0.140625 0.087769 0.343194 -0.273416 0.170648
0.152710 -0.111694 0.032227 0.296913 -0.217166 0.062658
0.111328 -0.006714 -0.036987 0.216454 -0.013054 -0.071914
0.057983 0.114136 -0.090210 0.112737 0.221913 -0.175394
0.000732 0.183716 -0.110352 0.001424 0.357197 -0.214556
-0.041138 0.189941 -0.096313 -0.079984 0.369301 -0.187261
-0.057983 0.147339 -0.058838 -0.112737 0.286470 -0.114398
-0.052002 0.068359 -0.007324 -0.101107 0.132911 -0.014240
-0.038574 -0.034302 0.044922 -0.075000 -0.066693 0.087341
-0.027710 -0.115723 0.088013 -0.053876 -0.224999 0.171122
-0.024780 -0.160522 0.118164 -0.048180 -0.312102 0.229745
-0.023560 -0.182739 0.130737 -0.045807 -0.355298 0.254191
-0.020264 -0.171875 0.129883 -0.039398 -0.334175 0.252530
-0.013550 -0.124023 0.121094 -0.026345 -0.241138 0.235442
-0.001831 -0.063110 0.103760 -0.003560 -0.122705 0.201739
0.012085 -0.010742 0.082520 0.023497 -0.020886 0.160442
0.023804 0.020630 0.056396 0.046281 0.040111 0.109651
0.036133 0.021118 0.025757 0.070253 0.041060 0.050079
0.048706 0.000977 -0.007324 0.094699 0.001899 -0.014240
0.056763 -0.026489 -0.038574 0.110363 -0.051503 -0.075000
0.058472 -0.051025 -0.062988 0.113686 -0.099208 -0.122468
0.057007 -0.072754 -0.078857 0.110838 -0.141455 -0.153322
0.052246 -0.090454 -0.087769 0.101582 -0.175869 -0.170648
0.045776 -0.095337 -0.093018 0.089003 -0.185363 -0.180853
0.036499 -0.088989 -0.096680 0.070965 -0.173021 -0.187973
0.026855 -0.072021 -0.098511 0.052215 -0.140031 -0.191534
0.020264 -0.052246 -0.098389 0.039398 -0.101582 -0.191296
0.018799 -0.042480 -0.093628 0.036550 -0.082594 -0.182040
0.018433 -0.048584 -0.080566 0.035838 -0.094461 -0.156645
0.019165 -0.061035 -0.065186 0.037262 -0.118670 -0.126740
0.021240 -0.076172 -0.054932 0.041297 -0.148100 -0.106803
0.023438 -0.089966 -0.048950 0.045569 -0.174920 -0.095173
0.021240 -0.099976 -0.045898 0.041297 -0.194382 -0.089240
0.014404 -0.101440 -0.047119 0.028006 -0.197230 -0.091613
0.007935 -0.087402 -0.055054 0.015427 -0.169936 -0.107040
0.005981 -0.050293 -0.067627 0.011630 -0.097784 -0.131487
0.008911 0.002197 -0.079346 0.017326 0.004272 -0.154271
0.017212 0.046631 -0.084961 0.033465 0.090664 -0.165189
0.034424 0.063232 -0.084106 0.066930 0.122942 -0.163527
0.054565 0.049072 -0.083984 0.106091 0.095411 -0.163290
0.068359 0.025879 -0.086426 0.132911 0.050316 -0.168037
0.071655 0.002563 -0.090942 0.139319 0.004984 -0.176819
0.061523 -0.025635 -0.095215 0.119620 -0.049841 -0.185125
0.035889 -0.057861 -0.094482 0.069778 -0.112499 -0.183701
-0.004761 -0.092041 -0.086304 -0.009256 -0.178955 -0.167800
-0.052490 -0.119995 -0.069824 -0.102056 -0.233305 -0.135759
-0.099976 -0.138916 -0.046021 -0.194382 -0.270093 -0.089477
-0.138428 -0.150391 -0.014282 -0.269144 -0.292403 -0.027769
-0.161865 -0.147461 0.023193 -0.314713 -0.286707 0.045095
-0.170654 -0.134399 0.059814 -0.331802 -0.261312 0.116297
-0.167358 -0.123169 0.090454 -0.325394 -0.239476 0.175869
-0.152100 -0.117676 0.111572 -0.295726 -0.228796 0.216929
-0.132324 -0.119019 0.119995 -0.257277 -0.231407 0.233305
-0.117065 -0.118408 0.113037 -0.227609 -0.230220 0.219777
-0.107666 -0.108154 0.094727 -0.209334 -0.210283 0.184176
-0.102783 -0.093384 0.072998 -0.199841 -0.181565 0.141929
-0.096436 -0.073486 0.052612 -0.187499 -0.142879 0.102294
-0.086060 -0.045288 0.039063 -0.167325 -0.088053 0.075949
-0.072998 -0.015015 0.033813 -0.141929 -0.029193 0.065743
-0.055176 0.006470 0.034424 -0.107278 0.012579 0.066930
-0.033813 0.020874 0.035522 -0.065743 0.040585 0.069066
-0.017090 0.028809 0.034912 -0.033228 0.056012 0.067879
-0.003296 0.031738 0.034424 -0.006408 0.061708 0.066930
0.006348 0.025757 0.032471 0.012342 0.050079 0.063133
0.011108 0.012451 0.029907 0.021598 0.024209 0.058148
0.011597 -0.000732 0.028687 0.022547 -0.001424 0.055775
0.009399 -0.002686 0.027588 0.018275 -0.005221 0.053639
0.003418 0.000977 0.027710 0.006646 0.001899 0.053876
-0.007690 0.000488 0.029175 -0.014952 0.000949 0.056724
-0.023315 -0.006104 0.033203 -0.045332 -0.011867 0.064557
-0.039795 -0.011230 0.039551 -0.077373 -0.021835 0.076898
