0.893555 -0.328613 -0.292603 1.737331 -0.638920 -0.568905
1.169434 -0.390137 -0.401611 2.273720 -0.758540 -0.780850
1.487549 -0.385986 -0.568115 2.892229 -0.750470 -1.104582
1.799438 -0.207764 -0.780151 3.498633 -0.403953 -1.516842
2.054321 0.036743 -1.028320 3.994200 0.071439 -1.999355
2.251343 0.275513 -1.304321 4.377267 0.535677 -2.535981
2.359863 0.417969 -1.573608 4.588263 0.812653 -3.059554
2.391235 0.487671 -1.832520 4.649259 0.948174 -3.562952
2.331421 0.477905 -2.121582 4.532962 0.929187 -4.124974
2.169434 0.376831 -2.348145 4.218011 0.732669 -4.565478
1.988403 0.278687 -2.397461 3.866036 0.541848 -4.661363
1.880249 0.017090 -2.259888 3.655752 0.033228 -4.393881
1.753052 -0.152466 -2.033325 3.408444 -0.296438 -3.953377
1.667114 -0.199097 -1.786621 3.241356 -0.387102 -3.473712
1.683960 -0.182617 -1.514038 3.274109 -0.355061 -2.943732
1.715088 -0.119385 -1.224365 3.334631 -0.232119 -2.380523
1.722412 -0.010742 -0.961426 3.348871 -0.020886 -1.869292
1.689209 0.127197 -0.735596 3.284315 0.247309 -1.430212
1.621582 0.249512 -0.547363 3.152828 0.485124 -1.064234
1.532227 0.302124 -0.396606 2.979095 0.587417 -0.771119
1.421265 0.270752 -0.289185 2.763353 0.526421 -0.562259
1.264893 0.119995 -0.226440 2.459320 0.233305 -0.440266
1.053101 0.006592 -0.186401 2.047535 0.012816 -0.362419
0.816406 0.016357 -0.139282 1.587332 0.031804 -0.270805
0.582153 0.102173 -0.083008 1.131876 0.198654 -0.161391
0.366821 0.177002 -0.020874 0.713208 0.344143 -0.040585
0.172974 0.204956 0.034180 0.336311 0.398494 0.066455
0.003784 0.209351 0.082520 0.007358 0.407039 0.160442
-0.140381 0.228027 0.127319 -0.272941 0.443352 0.247546
-0.271973 0.265625 0.171875 -0.528794 0.516452 0.334175
-0.400757 0.305786 0.220825 -0.779188 0.594537 0.429349
-0.527100 0.332397 0.276855 -1.024835 0.646278 0.538288
-0.653687 0.329956 0.340698 -1.270957 0.641531 0.662417
-0.782104 0.304688 0.415161 -1.520639 0.592401 0.807194
-0.904175 0.288330 0.510498 -1.757980 0.560598 0.992557
-1.020874 0.290161 0.632324 -1.984877 0.564158 1.229423
-1.115723 0.301270 0.763062 -2.169290 0.585756 1.483614
-1.184937 0.314575 0.881348 -2.303862 0.611626 1.713597
-1.234497 0.327148 0.967285 -2.400222 0.636072 1.880684
-1.277710 0.324707 1.023438 -2.484241 0.631325 1.989861
-1.317627 0.290039 1.050537 -2.561851 0.563920 2.042551
-1.367798 0.217773 1.055298 -2.659398 0.423415 2.051807
-1.464233 0.119873 1.050659 -2.846897 0.233068 2.042788
-1.666626 0.025146 1.057007 -3.240407 0.048892 2.055130
-1.996582 -0.019897 1.093628 -3.881938 -0.038686 2.126332
-2.371216 -0.036743 1.145020 -4.610335 -0.071439 2.226252
-2.781738 -0.055054 1.218750 -5.408510 -0.107040 2.369605
-3.078735 -0.095581 1.296387 -5.985960 -0.185837 2.520554
-3.249634 -0.263672 1.401001 -6.318236 -0.512655 2.723954
-3.150879 -0.466553 1.468018 -6.126227 -0.907115 2.854254
-2.753662 -0.599365 1.451660 -5.353922 -1.165341 2.822451
-2.187256 -0.671265 1.401367 -4.252663 -1.305134 2.724666
-1.686035 -0.731567 1.368896 -3.278144 -1.422380 2.661534
-1.385132 -0.663330 1.280273 -2.693100 -1.289707 2.489225
-1.348999 -0.345947 1.101929 -2.622848 -0.672622 2.142471
-1.455078 -0.005859 0.875610 -2.829096 -0.011392 1.702442
-1.489014 0.032593 0.700195 -2.895077 0.063370 1.361384
-1.393433 -0.157715 0.579712 -2.709239 -0.306644 1.127129
-1.218628 -0.316040 0.480469 -2.369368 -0.614474 0.934171
-1.014893 -0.324219 0.420654 -1.973247 -0.630376 0.817875
-0.806885 -0.208496 0.377441 -1.568819 -0.405377 0.733856
-0.611328 -0.014160 0.303467 -1.188600 -0.027531 0.590028
-0.447510 0.190918 0.206909 -0.870089 0.371200 0.402292
-0.317505 0.342896 0.101807 -0.617322 0.666689 0.197942
-0.216064 0.432617 -0.012695 -0.420092 0.841134 -0.024683
-0.145630 0.484863 -0.129028 -0.283147 0.942716 -0.250869
-0.105225 0.520874 -0.229614 -0.204587 1.012731 -0.446437
-0.087891 0.519287 -0.304077 -0.170885 1.009646 -0.591215
-0.073120 0.470093 -0.351074 -0.142167 0.913997 -0.682591
-0.035522 0.391479 -0.372314 -0.069066 0.761150 -0.723888
0.027100 0.330688 -0.371582 0.052690 0.642955 -0.722464
0.095581 0.302856 -0.351807 0.185837 0.588841 -0.684015
0.150269 0.288086 -0.307007 0.292166 0.560123 -0.596911
0.184937 0.272949 -0.251221 0.359571 0.530693 -0.488446
0.197998 0.242554 -0.208130 0.384966 0.471595 -0.404665
0.194946 0.222168 -0.188721 0.379032 0.431959 -0.366928
0.181519 0.235474 -0.185303 0.352925 0.457829 -0.360283
0.161011 0.259399 -0.189819 0.313052 0.504348 -0.369064
0.138672 0.259521 -0.197998 0.269619 0.504585 -0.384966
0.115356 0.230469 -0.206177 0.224287 0.448098 -0.400868
0.087036 0.189453 -0.208130 0.169224 0.368352 -0.404665
0.056885 0.154541 -0.197754 0.110601 0.300473 -0.384491
0.038208 0.128540 -0.171753 0.074288 0.249919 -0.333938
0.031250 0.110962 -0.134033 0.060759 0.215742 -0.260600
0.022583 0.096436 -0.088501 0.043908 0.187499 -0.172072
0.004517 0.061035 -0.036133 0.008782 0.118670 -0.070253
-0.021484 0.014038 0.014282 -0.041772 0.027294 0.027769
-0.052612 -0.024780 0.059814 -0.102294 -0.048180 0.116297
-0.073730 -0.038208 0.100830 -0.143354 -0.074288 0.196043
-0.083008 -0.038818 0.130859 -0.161391 -0.075474 0.254429
-0.094116 -0.055664 0.142334 -0.182989 -0.108227 0.276739
-0.117432 -0.077759 0.127197 -0.228321 -0.151186 0.247309
-0.155518 -0.078125 0.096802 -0.302372 -0.151898 0.188211
-0.198730 -0.059204 0.067139 -0.386390 -0.115110 0.130537
-0.223877 -0.035034 0.050659 -0.435282 -0.068117 0.098496
-0.211792 -0.023071 0.053467 -0.411785 -0.044857 0.103955
-0.175293 -0.025757 0.063354 -0.340821 -0.050079 0.123180
-0.144653 -0.013550 0.072510 -0.281248 -0.026345 0.140980
-0.129028 0.009888 0.072876 -0.250869 0.019225 0.141692
-0.118530 0.005737 0.060425 -0.230457 0.011155 0.117483
-0.108276 -0.021484 0.039307 -0.210521 -0.041772 0.076424
-0.097168 -0.043945 0.013306 -0.188923 -0.085443 0.025870
-0.090576 -0.035400 -0.015625 -0.176106 -0.068829 -0.030380
-0.085938 -0.010132 -0.043945 -0.167088 -0.019699 -0.085443
-0.081421 0.009033 -0.063110 -0.158306 0.017563 -0.122705
-0.079956 0.014648 -0.067383 -0.155458 0.028481 -0.131012
-0.079468 0.020508 -0.058716 -0.154509 0.039873 -0.114161
-0.071167 0.034546 -0.045654 -0.138369 0.067167 -0.088765
-0.053833 0.044312 -0.033569 -0.104667 0.086155 -0.065269
-0.039063 0.040894 -0.022095 -0.075949 0.079509 -0.042959
-0.033569 0.025635 -0.017334 -0.065269 0.049841 -0.033702
-0.038330 0.004272 -0.020264 -0.074525 0.008307 -0.039398
-0.044189 -0.005493 -0.024048 -0.085917 -0.010680 -0.046756
-0.048218 -0.007935 -0.023315 -0.093749 -0.015427 -0.045332
-0.049438 -0.014526 -0.019775 -0.096123 -0.028243 -0.038449
-0.050537 -0.029785 -0.012329 -0.098259 -0.057911 -0.023971
-0.051514 -0.052979 -0.002075 -0.100158 -0.103006 -0.004035
-0.049805 -0.076050 0.009155 -0.096835 -0.147863 0.017801
-0.043945 -0.102051 0.021484 -0.085443 -0.198416 0.041772
-0.032715 -0.122314 0.033081 -0.063607 -0.237815 0.064319
-0.023315 -0.117920 0.032593 -0.045332 -0.229271 0.063370
-0.038574 -0.083374 0.022217 -0.075000 -0.162103 0.043196
-0.071533 -0.026245 0.009155 -0.139081 -0.051028 0.017801
-0.094116 0.023071 -0.003540 -0.182989 0.044857 -0.006883
-0.097900 0.044189 -0.009644 -0.190347 0.085917 -0.018750
-0.087524 0.037720 -0.010620 -0.170173 0.073338 -0.020649
-0.079224 0.022461 -0.012329 -0.154034 0.043671 -0.023971
-0.081299 0.012329 -0.019043 -0.158069 0.023971 -0.037025
-0.091553 0.008301 -0.028320 -0.178005 0.016139 -0.055063
-0.096558 0.010132 -0.034546 -0.187736 0.019699 -0.067167
-0.094360 0.013916 -0.036133 -0.183464 0.027057 -0.070253
-0.089355 0.008911 -0.034912 -0.173733 0.017326 -0.067879
-0.084106 -0.001587 -0.032837 -0.163527 -0.003085 -0.063845
-0.080322 -0.010010 -0.031372 -0.156170 -0.019462 -0.060996
-0.077881 -0.008789 -0.029907 -0.151423 -0.017089 -0.058148
-0.076538 0.002197 -0.029053 -0.148812 0.004272 -0.056487
-0.076904 0.019531 -0.031860 -0.149524 0.037974 -0.061946
-0.077271 0.031006 -0.034546 -0.150236 0.060284 -0.067167
-0.074951 0.033691 -0.036865 -0.145727 0.065506 -0.071677
-0.074341 0.024170 -0.039185 -0.144540 0.046993 -0.076186
-0.078125 0.007935 -0.041016 -0.151898 0.015427 -0.079746
-0.086670 -0.004395 -0.042480 -0.168512 -0.008544 -0.082594
-0.096436 -0.009766 -0.041016 -0.187499 -0.018987 -0.079746
-0.100830 -0.004150 -0.032959 -0.196043 -0.008070 -0.064082
-0.097656 -0.000610 -0.020142 -0.189872 -0.001187 -0.039161
-0.088501 -0.003906 -0.005981 -0.172072 -0.007595 -0.011630
-0.078735 -0.005371 0.005249 -0.153084 -0.010443 0.010206
-0.070923 0.002930 0.011841 -0.137895 0.005696 0.023022
-0.067505 0.017212 0.012573 -0.131249 0.033465 0.024446
-0.066528 0.030518 0.011108 -0.129350 0.059335 0.021598
