1.111938 0.263916 -0.202637 2.161933 0.513130 -0.393985
1.286377 0.401855 -0.315063 2.501092 0.781324 -0.612575
1.422485 0.637573 -0.381714 2.765726 1.239628 -0.742163
1.519531 0.936157 -0.406616 2.954412 1.820163 -0.790581
1.588623 1.174072 -0.337769 3.088747 2.282739 -0.656721
1.668213 1.293701 -0.179565 3.243492 2.515332 -0.349128
1.773193 1.249268 0.005859 3.447605 2.428941 0.011392
1.891113 1.078735 0.181641 3.676876 2.097376 0.353162
2.002319 0.835083 0.328369 3.893093 1.623645 0.638445
2.075439 0.585693 0.453857 4.035260 1.138759 0.882431
2.097656 0.428467 0.580444 4.078455 0.833064 1.128553
2.050415 0.368530 0.690430 3.986605 0.716530 1.342397
1.946167 0.387085 0.777466 3.783916 0.752606 1.511620
1.805298 0.461914 0.840698 3.510026 0.898096 1.634562
1.648804 0.548462 0.883423 3.205755 1.066370 1.717632
1.493774 0.623901 0.904419 2.904333 1.213046 1.758454
1.369751 0.609497 0.902832 2.663195 1.185040 1.755369
1.294800 0.531860 0.878296 2.517468 1.034092 1.707663
1.242798 0.395142 0.866089 2.416361 0.768270 1.683929
1.199219 0.211548 0.864380 2.331631 0.411311 1.680607
1.161621 -0.000244 0.853638 2.258530 -0.000475 1.659721
1.128540 -0.214233 0.834351 2.194211 -0.416532 1.622221
1.090698 -0.403076 0.826416 2.120636 -0.783698 1.606794
1.035767 -0.561279 0.834595 2.013832 -1.091291 1.622696
0.970947 -0.685303 0.858643 1.887805 -1.332428 1.669452
0.888184 -0.770508 0.879883 1.726888 -1.498092 1.710749
0.786743 -0.782959 0.872070 1.529658 -1.522301 1.695559
0.658325 -0.709229 0.802002 1.279976 -1.378947 1.559326
0.504517 -0.538818 0.671997 0.980927 -1.047620 1.306558
0.328735 -0.339478 0.491821 0.639157 -0.660043 0.956244
0.137207 -0.170044 0.296753 0.266770 -0.330615 0.576974
-0.046387 -0.071533 0.112793 -0.090189 -0.139081 0.219302
-0.202759 -0.096680 -0.037109 -0.394222 -0.187973 -0.072151
-0.330078 -0.208740 -0.145996 -0.641768 -0.405852 -0.283859
-0.437866 -0.311523 -0.214600 -0.851340 -0.605692 -0.417244
-0.552246 -0.365967 -0.254272 -1.073727 -0.711546 -0.494380
-0.698364 -0.358521 -0.271729 -1.357824 -0.697068 -0.528319
-0.846313 -0.291870 -0.267090 -1.645480 -0.567481 -0.519301
-0.968506 -0.227783 -0.246826 -1.883058 -0.442877 -0.479902
-1.065552 -0.191895 -0.223267 -2.071743 -0.373099 -0.434095
-1.145752 -0.179810 -0.200562 -2.227676 -0.349602 -0.389950
-1.223511 -0.184570 -0.182495 -2.378862 -0.358858 -0.354824
-1.307251 -0.217773 -0.158691 -2.541677 -0.423415 -0.308542
-1.401978 -0.282349 -0.138428 -2.725853 -0.548968 -0.269144
-1.524658 -0.387695 -0.152344 -2.964380 -0.753793 -0.296201
-1.693726 -0.497925 -0.214478 -3.293097 -0.968111 -0.417007
-1.905884 -0.585938 -0.292358 -3.705594 -1.139233 -0.568430
-2.116333 -0.639160 -0.362671 -4.114769 -1.242714 -0.705138
-2.280396 -0.684692 -0.412964 -4.433754 -1.331242 -0.802922
-2.391602 -0.750000 -0.442017 -4.649971 -1.458219 -0.859409
-2.447510 -0.818115 -0.450562 -4.758673 -1.590655 -0.876023
-2.460083 -0.879517 -0.450195 -4.783119 -1.710037 -0.875311
-2.430298 -0.911011 -0.454590 -4.725208 -1.771271 -0.883855
-2.357544 -0.863037 -0.461792 -4.583753 -1.677996 -0.897858
-2.212524 -0.756348 -0.464478 -4.301793 -1.470560 -0.903080
-2.011963 -0.658569 -0.455933 -3.911843 -1.280451 -0.886466
-1.805542 -0.601685 -0.434814 -3.510500 -1.169850 -0.845406
-1.615234 -0.536255 -0.401489 -3.140487 -1.042636 -0.780612
-1.387695 -0.454224 -0.362183 -2.698084 -0.883143 -0.704189
-1.133789 -0.391113 -0.295410 -2.204417 -0.760438 -0.574363
-0.873291 -0.309692 -0.193237 -1.697932 -0.602132 -0.375710
-0.602051 -0.184692 -0.076294 -1.170562 -0.359096 -0.148338
-0.345093 -0.064819 0.035278 -0.670961 -0.126028 0.068591
-0.155396 0.002075 0.120239 -0.302134 0.004035 0.233780
-0.059082 0.009399 0.172241 -0.114873 0.018275 0.334887
-0.046387 -0.010132 0.185181 -0.090189 -0.019699 0.360045
-0.082886 -0.024048 0.169922 -0.161154 -0.046756 0.330378
-0.134033 -0.004639 0.134399 -0.260600 -0.009019 0.261312
-0.161865 0.052002 0.085571 -0.314713 0.101107 0.166376
-0.149536 0.130615 0.033813 -0.290742 0.253954 0.065743
-0.100708 0.196777 -0.010376 -0.195806 0.382593 -0.020174
-0.025879 0.231567 -0.038208 -0.050316 0.450235 -0.074288
0.053711 0.242554 -0.052368 0.104430 0.471595 -0.101819
0.117188 0.229492 -0.057617 0.227847 0.446200 -0.112025
0.154907 0.187622 -0.059692 0.301185 0.364792 -0.116059
0.166992 0.132690 -0.063110 0.324682 0.257989 -0.122705
0.158447 0.090576 -0.069092 0.308068 0.176106 -0.134335
0.135742 0.072754 -0.072754 0.263922 0.141455 -0.141455
0.104370 0.065552 -0.073975 0.202926 0.127452 -0.143828
0.069580 0.053711 -0.076172 0.135284 0.104430 -0.148100
0.033325 0.033081 -0.075806 0.064794 0.064319 -0.147388
0.001465 0.002319 -0.072266 0.002848 0.004509 -0.140505
-0.019165 -0.029663 -0.061646 -0.037262 -0.057674 -0.119857
-0.028809 -0.062012 -0.046997 -0.056012 -0.120569 -0.091376
-0.033813 -0.091919 -0.030029 -0.065743 -0.178717 -0.058386
-0.036743 -0.114868 -0.015259 -0.071439 -0.223337 -0.029668
-0.037720 -0.119385 -0.004272 -0.073338 -0.232119 -0.008307
-0.037231 -0.099731 0.001953 -0.072389 -0.193907 0.003797
-0.038330 -0.062866 0.006714 -0.074525 -0.122230 0.013054
-0.041260 -0.018555 0.013916 -0.080221 -0.036076 0.027057
-0.044678 0.014282 0.022705 -0.086867 0.027769 0.044145
-0.046997 0.029175 0.023682 -0.091376 0.056724 0.046044
-0.045410 0.032593 0.013062 -0.088291 0.063370 0.025395
-0.036133 0.032715 -0.004517 -0.070253 0.063607 -0.008782
-0.025269 0.034790 -0.026611 -0.049129 0.067642 -0.051740
-0.019775 0.039551 -0.049927 -0.038449 0.076898 -0.097072
-0.020508 0.045044 -0.072388 -0.039873 0.087579 -0.140743
-0.026245 0.048096 -0.089844 -0.051028 0.093512 -0.174682
-0.034912 0.047607 -0.099976 -0.067879 0.092563 -0.194382
-0.041504 0.043579 -0.102417 -0.080696 0.084730 -0.199128
-0.045166 0.041016 -0.097656 -0.087816 0.079746 -0.189872
-0.048096 0.045288 -0.087036 -0.093512 0.088053 -0.169224
-0.051147 0.050659 -0.074707 -0.099446 0.098496 -0.145252
-0.055054 0.053223 -0.066040 -0.107040 0.103480 -0.128401
-0.058594 0.049805 -0.060303 -0.113923 0.096835 -0.117246
-0.061157 0.036377 -0.056885 -0.118907 0.070727 -0.110601
-0.062134 0.016113 -0.051270 -0.120806 0.031329 -0.099683
-0.062256 -0.004883 -0.045166 -0.121044 -0.009494 -0.087816
-0.062256 -0.019897 -0.035522 -0.121044 -0.038686 -0.069066
-0.062378 -0.032837 -0.024048 -0.121281 -0.063845 -0.046756
-0.063599 -0.047363 -0.012329 -0.123654 -0.092088 -0.023971
-0.065063 -0.064819 -0.000488 -0.126502 -0.126028 -0.000949
-0.063110 -0.086548 0.012817 -0.122705 -0.168274 0.024921
-0.056274 -0.104980 0.030396 -0.109414 -0.204113 0.059098
-0.046509 -0.113647 0.052490 -0.090427 -0.220964 0.102056
-0.035767 -0.106079 0.074585 -0.069541 -0.206249 0.145015
-0.032593 -0.077271 0.089355 -0.063370 -0.150236 0.173733
-0.040771 -0.034058 0.094116 -0.079272 -0.066218 0.182989
-0.059204 -0.001587 0.088013 -0.115110 -0.003085 0.171122
-0.075317 0.005249 0.071533 -0.146439 0.010206 0.139081
-0.081421 -0.009644 0.046143 -0.158306 -0.018750 0.089715
-0.076904 -0.031494 0.015991 -0.149524 -0.061234 0.031092
-0.069214 -0.050903 -0.015503 -0.134572 -0.098971 -0.030142
-0.063721 -0.071045 -0.045776 -0.123892 -0.138132 -0.089003
-0.062988 -0.084961 -0.073486 -0.122468 -0.165189 -0.142879
-0.071411 -0.084229 -0.095947 -0.138844 -0.163765 -0.186549
-0.087402 -0.070923 -0.108032 -0.169936 -0.137895 -0.210046
-0.099976 -0.050659 -0.111572 -0.194382 -0.098496 -0.216929
-0.099976 -0.022827 -0.104126 -0.194382 -0.044383 -0.202451
-0.086792 0.004028 -0.089355 -0.168749 0.007832 -0.173733
-0.067993 0.016602 -0.069580 -0.132199 0.032278 -0.135284
-0.050537 0.011841 -0.049194 -0.098259 0.023022 -0.095648
-0.038940 0.000488 -0.033203 -0.075712 0.000949 -0.064557
-0.034302 -0.012207 -0.020142 -0.066693 -0.023734 -0.039161
-0.036499 -0.021240 -0.005981 -0.070965 -0.041297 -0.011630
-0.043579 -0.020630 0.012695 -0.084730 -0.040111 0.024683
-0.052856 -0.013916 0.035034 -0.102768 -0.027057 0.068117
-0.059570 -0.009766 0.057007 -0.115822 -0.018987 0.110838
-0.060791 -0.011108 0.075195 -0.118195 -0.021598 0.146202
-0.056519 -0.013794 0.089111 -0.109889 -0.026819 0.173258
-0.048584 -0.016479 0.096069 -0.094461 -0.032041 0.186787
-0.040161 -0.019165 0.095703 -0.078085 -0.037262 0.186075
-0.033691 -0.028564 0.089355 -0.065506 -0.055538 0.173733
-0.030029 -0.042114 0.079956 -0.058386 -0.081882 0.155458
-0.027588 -0.052368 0.067993 -0.053639 -0.101819 0.132199
-0.029663 -0.042725 0.052002 -0.057674 -0.083069 0.101107
-0.040649 -0.019775 0.035767 -0.079034 -0.038449 0.069541
-0.055786 -0.004028 0.023193 -0.108465 -0.007832 0.045095
-0.068115 0.002075 0.015381 -0.132436 0.004035 0.029905
-0.073486 0.002197 0.012573 -0.142879 0.004272 0.024446
