0.720825 0.199707 0.576050 1.401494 0.388289 1.120009
0.892334 0.185791 0.382813 1.734957 0.361232 0.744299
1.057861 0.196899 0.153076 2.056791 0.382830 0.297625
1.205200 0.172729 -0.058472 2.343261 0.335836 -0.113686
1.323853 0.150269 -0.238403 2.573955 0.292166 -0.463526
1.415771 0.159058 -0.380859 2.752673 0.309254 -0.740502
1.488647 0.189087 -0.477539 2.894365 0.367640 -0.928475
1.542725 0.206177 -0.530762 2.999506 0.400868 -1.031956
1.588989 0.209106 -0.556274 3.089458 0.406564 -1.081560
1.645630 0.211426 -0.574585 3.199584 0.411073 -1.117161
1.720947 0.234131 -0.601807 3.346023 0.455219 -1.170088
1.796631 0.279907 -0.663574 3.493174 0.544221 -1.290182
1.847168 0.352295 -0.762451 3.591433 0.684964 -1.482427
1.839478 0.403687 -0.897095 3.576481 0.784884 -1.744214
1.751831 0.431396 -1.050537 3.406070 0.838761 -2.042551
1.623657 0.472656 -1.189087 3.156863 0.918982 -2.311932
1.468994 0.512451 -1.304321 2.856153 0.996355 -2.535981
1.289307 0.545410 -1.384399 2.506788 1.060436 -2.691676
1.085938 0.574707 -1.422119 2.111379 1.117398 -2.765014
0.871704 0.578247 -1.430176 1.694847 1.124281 -2.780679
0.655396 0.544922 -1.407715 1.274280 1.059487 -2.737008
0.432373 0.473877 -1.351685 0.840659 0.921355 -2.628069
0.222168 0.384888 -1.258789 0.431959 0.748334 -2.447453
0.015015 0.280884 -1.132568 0.029193 0.546120 -2.202043
-0.198486 0.175781 -0.977051 -0.385915 0.341770 -1.899672
-0.421509 0.071289 -0.798218 -0.819536 0.138607 -1.551968
-0.650513 -0.028687 -0.609863 -1.264786 -0.055775 -1.185752
-0.872681 -0.137817 -0.413330 -1.696746 -0.267957 -0.803634
-1.099243 -0.254150 -0.216187 -2.137249 -0.494142 -0.420330
-1.325439 -0.345459 -0.008057 -2.577041 -0.671673 -0.015664
-1.524048 -0.414063 0.209106 -2.963193 -0.805058 0.406564
-1.686157 -0.473633 0.407715 -3.278381 -0.920880 0.792717
-1.812622 -0.520874 0.586914 -3.524266 -1.012731 1.141132
-1.907593 -0.615601 0.756836 -3.708917 -1.196907 1.471510
-1.978149 -0.775879 0.932861 -3.846099 -1.508535 1.813754
-2.017944 -0.964233 1.124023 -3.923472 -1.874751 2.185429
-2.041992 -1.192139 1.315796 -3.970228 -2.317865 2.558291
-2.076294 -1.462891 1.479004 -4.036921 -2.844286 2.875615
-2.137939 -1.724731 1.601196 -4.156778 -3.353381 3.113193
-2.157471 -1.960815 1.683105 -4.194752 -3.812397 3.272448
-2.061279 -2.101196 1.703247 -4.007728 -4.085338 3.311609
-1.872070 -1.967407 1.600220 -3.639851 -3.825213 3.111294
-1.642334 -1.517578 1.349365 -3.193176 -2.950614 2.623559
-1.411987 -0.925293 0.997559 -2.745315 -1.799039 1.939545
-1.175415 -0.399536 0.608643 -2.285350 -0.776815 1.183379
-0.898682 -0.044434 0.254150 -1.747299 -0.086392 0.494142
-0.565430 0.111206 -0.024658 -1.099360 0.216217 -0.047943
-0.217773 0.114258 -0.224365 -0.423415 0.222151 -0.436231
0.075806 0.043823 -0.356079 0.147388 0.085205 -0.692322
0.269897 -0.044678 -0.435913 0.524759 -0.086867 -0.847542
0.387329 -0.120972 -0.483765 0.753081 -0.235204 -0.940580
0.486084 -0.163330 -0.518555 0.945089 -0.317561 -1.008222
0.607788 -0.175049 -0.560669 1.181717 -0.340346 -1.090104
0.765747 -0.151489 -0.619263 1.488836 -0.294539 -1.204027
0.953125 -0.083618 -0.705078 1.853153 -0.162578 -1.370878
1.158813 0.041504 -0.829712 2.253071 0.080696 -1.613202
1.365479 0.223511 -0.995361 2.654888 0.434570 -1.935273
1.535767 0.432495 -1.180420 2.985978 0.840897 -2.295081
1.648560 0.644653 -1.359253 3.205281 1.253394 -2.642784
1.708740 0.775635 -1.496948 3.322289 1.508060 -2.910504
1.735474 0.854492 -1.586060 3.374267 1.661382 -3.083762
1.736694 0.874390 -1.639282 3.376640 1.700068 -3.187243
1.726318 0.832764 -1.668701 3.356466 1.619135 -3.244442
1.715698 0.800903 -1.654175 3.335818 1.557190 -3.216198
1.726196 0.883301 -1.599487 3.356229 1.717394 -3.109870
1.736694 0.916382 -1.518677 3.376640 1.781713 -2.952750
1.643555 0.767090 -1.449585 3.195549 1.491446 -2.818416
1.472290 0.604370 -1.379272 2.862561 1.175072 -2.681708
1.261597 0.469971 -1.303955 2.452912 0.913760 -2.535269
1.004272 0.350952 -1.228516 1.952599 0.682353 -2.388593
0.746948 0.299072 -1.155762 1.452285 0.581484 -2.247138
0.513550 0.293091 -1.086792 0.998491 0.569854 -2.113040
0.317993 0.308838 -1.012207 0.618271 0.600471 -1.968026
0.163940 0.307983 -0.926758 0.318748 0.598810 -1.801887
0.044556 0.285889 -0.834473 0.086629 0.555851 -1.622458
-0.054321 0.229980 -0.748291 -0.105616 0.447149 -1.454896
-0.149170 0.143188 -0.671875 -0.290030 0.278400 -1.306321
-0.258911 0.035522 -0.609253 -0.503399 0.069066 -1.184565
-0.392456 -0.087646 -0.554565 -0.763049 -0.170410 -1.078237
-0.546387 -0.204956 -0.500977 -1.062335 -0.398494 -0.974045
-0.710083 -0.315308 -0.451904 -1.380608 -0.613050 -0.878634
-0.885010 -0.428955 -0.396973 -1.720717 -0.834014 -0.771831
-1.063354 -0.553101 -0.335327 -2.067471 -1.075389 -0.651974
-1.244141 -0.690674 -0.271484 -2.418972 -1.342871 -0.527845
-1.422485 -0.825928 -0.212891 -2.765726 -1.605844 -0.413921
-1.620728 -0.948120 -0.150391 -3.151167 -1.843422 -0.292403
-1.886963 -1.036865 -0.073242 -3.668806 -2.015968 -0.142404
-2.148438 -1.067871 -0.014771 -4.177189 -2.076253 -0.028718
-2.336426 -1.116577 0.029419 -4.542693 -2.170952 0.057199
-2.453979 -1.205688 0.081543 -4.771252 -2.344210 0.158543
-2.508911 -1.337646 0.147095 -4.878055 -2.600775 0.285995
-2.502930 -1.478271 0.243530 -4.866425 -2.874191 0.473494
-2.405640 -1.549194 0.328857 -4.677265 -3.012085 0.639395
-2.210327 -1.475098 0.399414 -4.297521 -2.868020 0.776577
-1.923340 -1.196167 0.438232 -3.739533 -2.325697 0.852052
-1.565796 -0.783569 0.434937 -3.044364 -1.523487 0.845643
-1.201538 -0.419800 0.415527 -2.336140 -0.816213 0.807906
-0.893555 -0.184082 0.398071 -1.737331 -0.357909 0.773967
-0.649658 -0.047119 0.386597 -1.263125 -0.091613 0.751657
-0.456909 0.040649 0.390503 -0.888365 0.079034 0.759252
-0.315430 0.100708 0.399414 -0.613287 0.195806 0.776577
-0.223999 0.135010 0.395264 -0.435519 0.262498 0.768508
-0.165527 0.148926 0.370728 -0.321833 0.289555 0.720802
-0.125488 0.159668 0.324097 -0.243986 0.310441 0.630138
-0.094849 0.168213 0.258423 -0.184413 0.327055 0.502449
-0.066284 0.172485 0.184570 -0.128876 0.335362 0.358858
-0.041260 0.170410 0.110596 -0.080221 0.331327 0.215030
-0.023071 0.161987 0.044800 -0.044857 0.314951 0.087104
-0.007813 0.152588 -0.006104 -0.015190 0.296675 -0.011867
0.003418 0.139282 -0.041504 0.006646 0.270805 -0.080696
0.007568 0.129272 -0.060181 0.014715 0.251343 -0.117009
0.002930 0.114624 -0.064453 0.005696 0.222863 -0.125316
-0.011353 0.088989 -0.059448 -0.022073 0.173021 -0.115585
-0.033081 0.056885 -0.048828 -0.064319 0.110601 -0.094936
-0.053223 0.029175 -0.034668 -0.103480 0.056724 -0.067405
-0.065552 0.015015 -0.023193 -0.127452 0.029193 -0.045095
-0.068848 0.015381 -0.019897 -0.133860 0.029905 -0.038686
-0.062012 0.024658 -0.023071 -0.120569 0.047943 -0.044857
-0.047119 0.033081 -0.034058 -0.091613 0.064319 -0.066218
-0.028931 0.032959 -0.051514 -0.056250 0.064082 -0.100158
-0.016968 0.021606 -0.067139 -0.032990 0.042009 -0.130537
-0.015747 0.000610 -0.075806 -0.030617 0.001187 -0.147388
-0.024902 -0.021240 -0.078247 -0.048417 -0.041297 -0.152135
-0.038818 -0.031372 -0.072998 -0.075474 -0.060996 -0.141929
-0.052856 -0.027588 -0.059082 -0.102768 -0.053639 -0.114873
-0.063110 -0.019775 -0.037109 -0.122705 -0.038449 -0.072151
-0.066162 -0.007690 -0.013184 -0.128638 -0.014952 -0.025633
-0.066040 0.004517 0.006836 -0.128401 0.008782 0.013291
-0.067505 0.008179 0.018433 -0.131249 0.015902 0.035838
-0.071777 0.009277 0.022339 -0.139556 0.018038 0.043433
-0.077759 0.009766 0.022095 -0.151186 0.018987 0.042959
-0.080444 0.007813 0.017212 -0.156407 0.015190 0.033465
-0.077026 0.002441 0.006226 -0.149762 0.004747 0.012104
-0.069702 -0.004150 -0.009399 -0.135521 -0.008070 -0.018275
-0.065674 -0.010986 -0.024780 -0.127689 -0.021361 -0.048180
-0.069702 -0.012207 -0.034180 -0.135521 -0.023734 -0.066455
-0.082275 -0.006348 -0.037476 -0.159967 -0.012342 -0.072863
-0.095337 0.002563 -0.036743 -0.185363 0.004984 -0.071439
-0.100830 0.010742 -0.032227 -0.196043 0.020886 -0.062658
-0.102417 0.014648 -0.023682 -0.199128 0.028481 -0.046044
-0.104004 0.007568 -0.014771 -0.202214 0.014715 -0.028718
-0.111450 -0.012085 -0.000122 -0.216692 -0.023497 -0.000237
-0.127808 -0.022339 0.013428 -0.248495 -0.043433 0.026107
-0.141602 -0.023682 0.012329 -0.275315 -0.046044 0.023971
-0.150513 -0.014160 0.004028 -0.292641 -0.027531 0.007832
-0.152832 0.001709 -0.006226 -0.297150 0.003323 -0.012104
-0.149536 0.010254 -0.010498 -0.290742 0.019937 -0.020411
-0.138184 0.009155 -0.011108 -0.268669 0.017801 -0.021598
-0.124023 0.003296 -0.011719 -0.241138 0.006408 -0.022785
-0.112061 -0.000854 -0.013184 -0.217878 -0.001661 -0.025633
