1.191528 0.097656 -0.182373 2.316679 0.189872 -0.354586
1.289429 0.159546 -0.239136 2.507025 0.310204 -0.464950
1.355713 0.180298 -0.318237 2.635901 0.350552 -0.618746
1.422852 0.221558 -0.398682 2.766438 0.430773 -0.775153
1.474487 0.240723 -0.478027 2.866833 0.468035 -0.929425
1.521851 0.251465 -0.556519 2.958921 0.488921 -1.082034
1.573120 0.270874 -0.645874 3.058604 0.526658 -1.255767
1.628174 0.270508 -0.741333 3.165645 0.525946 -1.441368
1.653809 0.244995 -0.851074 3.215486 0.476342 -1.654737
1.632080 0.254517 -0.972534 3.173240 0.494854 -1.890890
1.559326 0.312378 -1.108765 3.031785 0.607354 -2.155762
1.459595 0.416382 -1.255249 2.837878 0.809568 -2.440570
1.348633 0.543823 -1.403442 2.622135 1.057351 -2.728701
1.223999 0.663452 -1.533569 2.379811 1.289944 -2.981706
1.093750 0.771729 -1.621704 2.126569 1.500465 -3.153066
0.972534 0.847534 -1.663452 1.890890 1.647854 -3.234236
0.858276 0.866089 -1.659058 1.668740 1.683929 -3.225692
0.751587 0.828857 -1.612915 1.461304 1.611541 -3.135977
0.618896 0.748901 -1.540039 1.203315 1.456083 -2.994285
0.427002 0.650146 -1.439331 0.830216 1.264074 -2.798479
0.193481 0.568970 -1.307129 0.376184 1.106243 -2.541440
-0.073975 0.482910 -1.158813 -0.143828 0.938918 -2.253071
-0.358032 0.390381 -0.991821 -0.696119 0.759014 -1.928390
-0.619507 0.319702 -0.801880 -1.204502 0.621594 -1.559088
-0.839722 0.279053 -0.596558 -1.632664 0.542560 -1.159882
-1.037354 0.238159 -0.385010 -2.016918 0.463051 -0.748571
-1.222046 0.171387 -0.162109 -2.376014 0.333226 -0.315188
-1.386475 0.062866 0.071411 -2.695711 0.122230 0.138844
-1.522827 -0.036865 0.306274 -2.960820 -0.071677 0.595487
-1.632568 -0.115601 0.524780 -3.174189 -0.224761 1.020326
-1.745972 -0.227173 0.708740 -3.394678 -0.441690 1.377998
-1.912354 -0.363770 0.861328 -3.718173 -0.707274 1.674673
-2.117554 -0.513672 0.974487 -4.117142 -0.998728 1.894688
-2.337280 -0.788330 1.062622 -4.544354 -1.532744 2.066047
-2.588379 -1.140259 1.149536 -5.032563 -2.216996 2.235034
-2.836426 -1.561401 1.255371 -5.514839 -3.035820 2.440808
-3.008179 -2.066650 1.351074 -5.848777 -4.018171 2.626882
-2.943604 -2.565308 1.463257 -5.723224 -4.987706 2.844998
-2.602295 -2.553711 1.459473 -5.059620 -4.965159 2.837641
-2.179077 -2.004639 1.271851 -4.236762 -3.897602 2.472848
-1.816895 -1.292358 0.970459 -3.532573 -2.512722 1.886855
-1.554688 -0.708374 0.638062 -3.022766 -1.377286 1.240578
-1.340698 -0.360840 0.293945 -2.606708 -0.701578 0.571515
-1.123535 -0.261841 -0.055054 -2.184480 -0.509095 -0.107040
-0.879639 -0.372803 -0.374146 -1.710274 -0.724837 -0.727448
-0.584351 -0.588989 -0.614868 -1.136148 -1.145167 -1.195483
-0.227173 -0.740967 -0.769531 -0.441690 -1.440655 -1.496193
0.152832 -0.731812 -0.873657 0.297150 -1.422855 -1.698644
0.509521 -0.574341 -0.939941 0.990658 -1.116686 -1.827520
0.818970 -0.322510 -0.983154 1.592316 -0.627053 -1.911539
1.082153 -0.047852 -1.015625 2.104022 -0.093037 -1.974671
1.338013 0.192871 -1.079224 2.601487 0.374998 -2.098325
1.610718 0.406250 -1.175049 3.131705 0.789868 -2.284638
1.866699 0.613525 -1.285767 3.629408 1.192872 -2.499905
2.061035 0.800903 -1.393799 4.007253 1.557190 -2.709951
2.175537 0.936279 -1.483032 4.229878 1.820400 -2.883447
2.217163 1.009644 -1.535522 4.310812 1.963042 -2.985503
2.187012 1.040771 -1.558350 4.252189 2.023563 -3.029886
2.102173 1.038452 -1.553711 4.087237 2.019054 -3.020867
1.995117 0.983887 -1.519043 3.879090 1.912963 -2.953463
1.880127 0.919067 -1.467407 3.655515 1.786935 -2.853068
1.770630 0.910645 -1.411987 3.442621 1.770558 -2.745315
1.659058 0.932617 -1.374268 3.225692 1.813280 -2.671977
1.530884 0.954346 -1.358154 2.976485 1.855526 -2.640648
1.374390 0.888428 -1.342529 2.672214 1.727363 -2.610268
1.160645 0.721680 -1.321533 2.256631 1.403156 -2.569446
0.925781 0.587280 -1.245361 1.799989 1.141844 -2.421345
0.698364 0.469849 -1.126709 1.357824 0.913523 -2.190651
0.499390 0.346436 -1.006470 0.970959 0.673572 -1.956871
0.336914 0.200928 -0.898438 0.655059 0.390662 -1.746825
0.195435 0.073364 -0.804199 0.379982 0.142642 -1.563598
0.055664 -0.017212 -0.725464 0.108227 -0.033465 -1.410513
-0.094727 -0.082031 -0.657471 -0.184176 -0.159493 -1.278315
-0.256104 -0.141602 -0.600220 -0.497940 -0.275315 -1.167002
-0.420288 -0.201416 -0.550293 -0.817163 -0.391611 -1.069930
-0.579712 -0.262573 -0.499756 -1.127129 -0.510519 -0.971671
-0.737061 -0.332642 -0.436157 -1.433061 -0.646752 -0.848017
-0.898438 -0.434326 -0.354370 -1.746825 -0.844457 -0.688999
-1.069336 -0.594238 -0.260376 -2.079101 -1.155373 -0.506247
-1.249146 -0.789307 -0.168457 -2.428703 -1.534642 -0.327530
-1.431519 -0.967163 -0.088745 -2.783289 -1.880447 -0.172546
-1.619263 -1.105347 -0.019287 -3.148319 -2.149116 -0.037500
-1.814453 -1.200195 0.046387 -3.527826 -2.333530 0.090189
-2.027466 -1.270996 0.115601 -3.941985 -2.471187 0.224761
-2.276611 -1.286865 0.200317 -4.426396 -2.502041 0.389475
-2.419434 -1.216309 0.224609 -4.704084 -2.364859 0.436706
-2.450073 -1.163086 0.212769 -4.763657 -2.261378 0.413684
-2.383911 -1.126343 0.202026 -4.635018 -2.189939 0.392798
-2.225952 -1.108154 0.217285 -4.327900 -2.154575 0.422466
-2.009399 -1.096924 0.276367 -3.906858 -2.132740 0.537338
-1.747437 -1.039429 0.344482 -3.397526 -2.020952 0.669774
-1.448730 -0.908569 0.390869 -2.816755 -1.766524 0.759964
-1.137573 -0.715576 0.395020 -2.211774 -1.391289 0.768033
-0.858765 -0.500000 0.364746 -1.669689 -0.972146 0.709173
-0.648193 -0.286499 0.323608 -1.260277 -0.557038 0.629189
-0.494019 -0.087402 0.278687 -0.960516 -0.169936 0.541848
-0.371582 0.072632 0.241211 -0.722464 0.141217 0.468984
-0.274536 0.194580 0.205933 -0.533778 0.378320 0.400393
-0.207520 0.272827 0.165039 -0.403478 0.530456 0.320884
-0.171387 0.306152 0.113525 -0.333226 0.595249 0.220726
-0.157959 0.302124 0.053955 -0.307118 0.587417 0.104904
-0.156616 0.263062 -0.004395 -0.304508 0.511468 -0.008544
-0.161865 0.199707 -0.050537 -0.314713 0.388289 -0.098259
-0.169189 0.121582 -0.073853 -0.328954 0.236391 -0.143591
-0.172241 0.043091 -0.077881 -0.334887 0.083781 -0.151423
-0.166992 -0.013672 -0.069092 -0.324682 -0.026582 -0.134335
-0.151611 -0.042236 -0.056030 -0.294777 -0.082120 -0.108939
-0.124390 -0.035400 -0.046021 -0.241850 -0.068829 -0.089477
-0.083740 0.004761 -0.042236 -0.162815 0.009256 -0.082120
-0.038940 0.055908 -0.044312 -0.075712 0.108702 -0.086155
-0.000122 0.096802 -0.041748 -0.000237 0.188211 -0.081170
0.026733 0.125488 -0.040649 0.051978 0.243986 -0.079034
0.057861 0.132080 -0.044678 0.112499 0.256802 -0.086867
0.091064 0.121826 -0.051270 0.177056 0.236866 -0.099683
0.112793 0.089355 -0.053589 0.219302 0.173733 -0.104192
0.117920 0.051392 -0.048462 0.229271 0.099920 -0.094224
0.108643 0.030396 -0.038574 0.211233 0.059098 -0.075000
0.091797 0.032349 -0.035767 0.178480 0.062895 -0.069541
0.069458 0.041504 -0.037109 0.135047 0.080696 -0.072151
0.039795 0.048462 -0.037109 0.077373 0.094224 -0.072151
0.006104 0.052002 -0.039063 0.011867 0.101107 -0.075949
-0.025513 0.046143 -0.044312 -0.049604 0.089715 -0.086155
-0.050171 0.033081 -0.048950 -0.097547 0.064319 -0.095173
-0.067383 0.019653 -0.044800 -0.131012 0.038212 -0.087104
-0.076660 0.003662 -0.032349 -0.149050 0.007120 -0.062895
-0.079346 -0.012695 -0.014771 -0.154271 -0.024683 -0.028718
-0.077393 -0.025146 0.004028 -0.150474 -0.048892 0.007832
-0.072876 -0.030518 0.017700 -0.141692 -0.059335 0.034414
-0.065796 -0.027832 0.018921 -0.127926 -0.054114 0.036788
-0.057495 -0.013672 0.005737 -0.111787 -0.026582 0.011155
-0.053467 0.004028 -0.011230 -0.103955 0.007832 -0.021835
-0.055908 0.020630 -0.024658 -0.108702 0.040111 -0.047943
-0.062744 0.024658 -0.034790 -0.121993 0.047943 -0.067642
-0.073486 0.017822 -0.038696 -0.142879 0.034652 -0.075237
-0.083496 0.002563 -0.038818 -0.162341 0.004984 -0.075474
-0.090454 -0.017334 -0.038330 -0.175869 -0.033702 -0.074525
-0.093506 -0.032837 -0.034790 -0.181803 -0.063845 -0.067642
-0.090576 -0.033691 -0.034424 -0.176106 -0.065506 -0.066930
-0.081909 -0.023560 -0.041748 -0.159255 -0.045807 -0.081170
-0.069458 -0.008301 -0.049561 -0.135047 -0.016139 -0.096360
-0.058960 0.005127 -0.057861 -0.114635 0.009968 -0.112499
-0.048706 0.008789 -0.070923 -0.094699 0.017089 -0.137895
-0.036621 0.006104 -0.083374 -0.071202 0.011867 -0.162103
-0.028564 -0.002686 -0.088989 -0.055538 -0.005221 -0.173021
-0.025146 -0.014893 -0.087891 -0.048892 -0.028956 -0.170885
-0.023804 -0.026733 -0.085449 -0.046281 -0.051978 -0.166138
-0.026245 -0.038208 -0.080933 -0.051028 -0.074288 -0.157357
-0.033203 -0.039185 -0.072021 -0.064557 -0.076186 -0.140031
-0.044434 -0.024170 -0.059570 -0.086392 -0.046993 -0.115822
-0.055542 -0.009766 -0.050659 -0.107990 -0.018987 -0.098496
