1.012939 -0.078247 0.415527 1.969450 -0.152135 0.807906
1.192749 0.040649 0.160278 2.319052 0.079034 0.311628
1.318848 0.097778 -0.105469 2.564224 0.190110 -0.205062
1.409180 0.148315 -0.342285 2.739856 0.288368 -0.665502
1.467407 0.128662 -0.538940 2.853068 0.250157 -1.047857
1.509766 0.077759 -0.681763 2.935425 0.151186 -1.325546
1.551880 0.031860 -0.775024 3.017307 0.061946 -1.506873
1.612793 -0.026855 -0.842041 3.135740 -0.052215 -1.637173
1.692627 -0.100708 -0.899292 3.290960 -0.195806 -1.748486
1.771240 -0.129395 -0.960571 3.443808 -0.251581 -1.867631
1.820557 -0.066650 -1.023438 3.539693 -0.129588 -1.989861
1.813843 0.078369 -1.085571 3.526639 0.152372 -2.110667
1.738525 0.264404 -1.141357 3.380200 0.514079 -2.219132
1.592041 0.471558 -1.195557 3.095392 0.916846 -2.324511
1.398560 0.679810 -1.244141 2.719208 1.321748 -2.418972
1.194458 0.852783 -1.275513 2.322375 1.658059 -2.479969
0.998169 0.958374 -1.282959 1.940732 1.863359 -2.494446
0.822632 0.994629 -1.268311 1.599436 1.933849 -2.465966
0.675415 0.976563 -1.253906 1.313204 1.898722 -2.437959
0.540649 0.927368 -1.240356 1.051180 1.803074 -2.411615
0.402100 0.863770 -1.217407 0.781799 1.679420 -2.366995
0.249512 0.779053 -1.171631 0.485124 1.514706 -2.277992
0.071899 0.662109 -1.086670 0.139793 1.287334 -2.112803
-0.151733 0.499878 -0.954346 -0.295014 0.971908 -1.855526
-0.428467 0.296997 -0.769897 -0.833064 0.577449 -1.496905
-0.731567 0.070557 -0.540161 -1.422380 0.137183 -1.050231
-1.014038 -0.138306 -0.278320 -1.971586 -0.268907 -0.541136
-1.242188 -0.312134 -0.027466 -2.415175 -0.606879 -0.053402
-1.429565 -0.456299 0.197144 -2.779492 -0.887178 0.383305
-1.604858 -0.536499 0.420532 -3.120313 -1.043111 0.817637
-1.757324 -0.549194 0.625977 -3.416751 -1.067794 1.217081
-1.904907 -0.595703 0.811157 -3.703695 -1.158221 1.577126
-2.076660 -0.723389 0.991211 -4.037633 -1.406479 1.927203
-2.236816 -0.925049 1.177612 -4.349023 -1.798565 2.289622
-2.397827 -1.247681 1.352661 -4.662075 -2.425855 2.629968
-2.516724 -1.622314 1.454834 -4.893245 -3.154252 2.828622
-2.581543 -2.026489 1.507568 -5.019272 -3.940086 2.931153
-2.510742 -2.262451 1.471558 -4.881615 -4.398865 2.861137
-2.323608 -2.197388 1.277100 -4.517772 -4.272362 2.483054
-2.103149 -1.833862 0.957153 -4.089136 -3.565563 1.860985
-1.857178 -1.252197 0.604004 -3.610895 -2.434637 1.174360
-1.594971 -0.649536 0.303101 -3.101088 -1.262888 0.589316
-1.288208 -0.177124 0.066772 -2.504652 -0.344381 0.129825
-0.940674 0.064331 -0.140625 -1.828944 0.125078 -0.273416
-0.575684 0.094971 -0.329102 -1.119297 0.184651 -0.639869
-0.221436 0.005859 -0.504028 -0.430535 0.011392 -0.979978
0.082520 -0.106201 -0.663574 0.160442 -0.206486 -1.290182
0.313232 -0.196167 -0.794800 0.609015 -0.381406 -1.545323
0.491211 -0.251709 -0.896484 0.955057 -0.489396 -1.743027
0.667114 -0.252808 -0.969238 1.297065 -0.491532 -1.884482
0.872192 -0.178467 -1.031128 1.695796 -0.346992 -2.004813
1.116211 -0.032837 -1.107300 2.170239 -0.063845 -2.152914
1.378296 0.158691 -1.211792 2.679809 0.308542 -2.356077
1.627441 0.373169 -1.335205 3.164221 0.725549 -2.596028
1.821411 0.598267 -1.448242 3.541354 1.163205 -2.815805
1.935669 0.796997 -1.533936 3.763505 1.549595 -2.982418
1.969971 0.935791 -1.579956 3.830198 1.819451 -3.071895
1.954834 1.012817 -1.591797 3.800767 1.969212 -3.094917
1.924805 1.045532 -1.582397 3.742382 2.032820 -3.076642
1.889648 0.998657 -1.550781 3.674028 1.941681 -3.015171
1.817749 0.887695 -1.493896 3.534234 1.725939 -2.904570
1.712891 0.784180 -1.429565 3.330359 1.524674 -2.779492
1.605103 0.711304 -1.368286 3.120787 1.382982 -2.660347
1.465088 0.626953 -1.314697 2.848558 1.218980 -2.556155
1.290161 0.545654 -1.269043 2.508450 1.060911 -2.467390
1.095093 0.500732 -1.217407 2.129180 0.973570 -2.366995
0.888916 0.462524 -1.151245 1.728312 0.899282 -2.238356
0.680420 0.445679 -1.075073 1.322935 0.866529 -2.090256
0.474976 0.431885 -0.996338 0.923491 0.839710 -1.937171
0.286011 0.395386 -0.920410 0.556088 0.768745 -1.789546
0.136108 0.327271 -0.854736 0.264634 0.636309 -1.661857
0.019165 0.226685 -0.793213 0.037262 0.440741 -1.542237
-0.087402 0.117554 -0.734253 -0.169936 0.228559 -1.427602
-0.208862 0.013184 -0.664795 -0.406089 0.025633 -1.292555
-0.356201 -0.090942 -0.593994 -0.692559 -0.176819 -1.154898
-0.521118 -0.195557 -0.530762 -1.013206 -0.380219 -1.031956
-0.681152 -0.295776 -0.473267 -1.324359 -0.575076 -0.920168
-0.826050 -0.382690 -0.412109 -1.606082 -0.744062 -0.801261
-0.968140 -0.471802 -0.343262 -1.882346 -0.917320 -0.667401
-1.114502 -0.579224 -0.266724 -2.166917 -1.126180 -0.518589
-1.263062 -0.710571 -0.189331 -2.455760 -1.381558 -0.368115
-1.414429 -0.853516 -0.114136 -2.750062 -1.659483 -0.221913
-1.561157 -0.984863 -0.041260 -3.035345 -1.914861 -0.080221
-1.697632 -1.102783 0.034790 -3.300691 -2.144132 0.067642
-1.882446 -1.197876 0.138306 -3.660025 -2.329020 0.268907
-2.090210 -1.225830 0.235962 -4.063978 -2.383371 0.458779
-2.235840 -1.245361 0.303589 -4.347125 -2.421345 0.590265
-2.324097 -1.289795 0.371338 -4.518722 -2.507737 0.721989
-2.333862 -1.315186 0.415649 -4.537709 -2.557104 0.808144
-2.245972 -1.298096 0.438721 -4.366824 -2.523877 0.853001
-2.085205 -1.225220 0.428223 -4.054247 -2.382185 0.832590
-1.865479 -1.054565 0.376831 -3.627034 -2.050383 0.732669
-1.598511 -0.795044 0.303467 -3.107971 -1.545797 0.590028
-1.305298 -0.489624 0.225952 -2.537880 -0.951972 0.439317
-1.009766 -0.184082 0.169189 -1.963279 -0.357909 0.328954
-0.735474 0.077026 0.128174 -1.429975 0.149762 0.249207
-0.482910 0.255493 0.095825 -0.938918 0.496753 0.186312
-0.267578 0.341797 0.084839 -0.520250 0.664553 0.164952
-0.117798 0.356201 0.080078 -0.229033 0.692559 0.155695
-0.022583 0.336792 0.058838 -0.043908 0.654822 0.114398
0.035522 0.316528 0.024536 0.069066 0.615423 0.047705
0.061401 0.302612 -0.019165 0.119382 0.588367 -0.037262
0.060913 0.305176 -0.072876 0.118433 0.593351 -0.141692
0.047363 0.318115 -0.123047 0.092088 0.618509 -0.239239
0.029419 0.326660 -0.158325 0.057199 0.635123 -0.307830
0.009521 0.320923 -0.181274 0.018513 0.623968 -0.352450
-0.009399 0.298584 -0.192871 -0.018275 0.580534 -0.374998
-0.022217 0.269165 -0.190552 -0.043196 0.523335 -0.370488
-0.030640 0.232178 -0.174683 -0.059572 0.451421 -0.339634
-0.023560 0.184326 -0.153687 -0.045807 0.358384 -0.298811
-0.010376 0.124390 -0.129761 -0.020174 0.241850 -0.252293
-0.003418 0.073120 -0.113159 -0.006646 0.142167 -0.220014
-0.003906 0.039673 -0.101807 -0.007595 0.077136 -0.197942
-0.009521 0.021851 -0.091431 -0.018513 0.042484 -0.177768
-0.018433 0.015991 -0.083740 -0.035838 0.031092 -0.162815
-0.026489 0.016968 -0.075317 -0.051503 0.032990 -0.146439
-0.034180 0.019409 -0.062866 -0.066455 0.037737 -0.122230
-0.044556 0.017944 -0.044922 -0.086629 0.034889 -0.087341
-0.052612 0.011719 -0.023926 -0.102294 0.022785 -0.046519
-0.055298 0.001221 -0.005615 -0.107515 0.002373 -0.010918
-0.053833 -0.010376 0.008545 -0.104667 -0.020174 0.016614
-0.048462 -0.017944 0.015503 -0.094224 -0.034889 0.030142
-0.042114 -0.017456 0.012329 -0.081882 -0.033940 0.023971
-0.038330 -0.011963 0.002563 -0.074525 -0.023259 0.004984
-0.037476 -0.005859 -0.007568 -0.072863 -0.011392 -0.014715
-0.040161 -0.003174 -0.012939 -0.078085 -0.006171 -0.025158
-0.044800 -0.005737 -0.012817 -0.087104 -0.011155 -0.024921
-0.050171 -0.014648 -0.009766 -0.097547 -0.028481 -0.018987
-0.057983 -0.022339 -0.003906 -0.112737 -0.043433 -0.007595
-0.066528 -0.021973 0.003662 -0.129350 -0.042721 0.007120
-0.069092 -0.016602 0.006958 -0.134335 -0.032278 0.013528
-0.065186 -0.013550 0.002441 -0.126740 -0.026345 0.004747
-0.061035 -0.009155 -0.003662 -0.118670 -0.017801 -0.007120
-0.058228 -0.002441 -0.009888 -0.113211 -0.004747 -0.019225
-0.058716 0.003052 -0.016724 -0.114161 0.005934 -0.032516
-0.058472 0.002930 -0.022705 -0.113686 0.005696 -0.044145
-0.057007 -0.002319 -0.024048 -0.110838 -0.004509 -0.046756
-0.056152 -0.002441 -0.021973 -0.109177 -0.004747 -0.042721
-0.054688 0.002441 -0.020752 -0.106328 0.004747 -0.040348
-0.050293 0.004272 -0.020630 -0.097784 0.008307 -0.040111
-0.045776 0.001831 -0.021973 -0.089003 0.003560 -0.042721
-0.044800 0.001343 -0.022583 -0.087104 0.002611 -0.043908
-0.046631 0.004395 -0.025635 -0.090664 0.008544 -0.049841
-0.052002 0.002319 -0.030273 -0.101107 0.004509 -0.058860
-0.059326 -0.009277 -0.031006 -0.115347 -0.018038 -0.060284
-0.067017 -0.022827 -0.025024 -0.130300 -0.044383 -0.048655
-0.068481 -0.033203 -0.018799 -0.133148 -0.064557 -0.036550
-0.063965 -0.038086 -0.018677 -0.124366 -0.074050 -0.036313
-0.061890 -0.038086 -0.022095 -0.120332 -0.074050 -0.042959
-0.066895 -0.033325 -0.022827 -0.130062 -0.064794 -0.044383
