1.153198 0.419800 -0.067871 2.242154 0.816213 -0.131961
1.319824 0.424072 -0.177979 2.566123 0.824520 -0.346042
1.445923 0.413574 -0.314209 2.811296 0.804109 -0.610914
1.553711 0.407715 -0.467407 3.020867 0.792717 -0.908776
1.631714 0.395996 -0.621216 3.172528 0.769932 -1.207825
1.692017 0.400024 -0.762939 3.289774 0.777764 -1.483377
1.760742 0.402710 -0.888428 3.423396 0.782986 -1.727363
1.843872 0.398071 -1.004395 3.585025 0.773967 -1.952836
1.892578 0.370117 -1.108887 3.679724 0.719616 -2.155999
1.887939 0.375977 -1.191406 3.670705 0.731008 -2.316441
1.832397 0.422363 -1.266724 3.562715 0.821197 -2.462880
1.738037 0.494995 -1.337769 3.379251 0.962415 -2.601012
1.632202 0.548462 -1.406494 3.173477 1.066370 -2.734635
1.530884 0.580566 -1.473999 2.976485 1.128790 -2.865884
1.423218 0.570068 -1.525513 2.767150 1.108379 -2.966042
1.294189 0.515747 -1.542236 2.516282 1.002763 -2.998557
1.144653 0.437988 -1.523071 2.225540 0.851577 -2.961295
0.977783 0.371948 -1.472046 1.901096 0.723176 -2.862087
0.787598 0.331055 -1.391479 1.531319 0.643667 -2.705442
0.570068 0.301025 -1.288208 1.108379 0.585281 -2.504652
0.333984 0.260498 -1.167847 0.649363 0.506484 -2.270634
0.092407 0.205811 -1.035156 0.179667 0.400156 -2.012646
-0.135864 0.155029 -0.894653 -0.264160 0.301422 -1.739467
-0.346924 0.121216 -0.754150 -0.674521 0.235679 -1.466288
-0.543945 0.106567 -0.615112 -1.057588 0.207198 -1.195958
-0.722046 0.099609 -0.478638 -1.403868 0.193670 -0.930611
-0.881226 0.075928 -0.332153 -1.713359 0.147626 -0.645803
-1.030151 0.030762 -0.177368 -2.002915 0.059810 -0.344855
-1.177124 -0.037964 -0.020386 -2.288672 -0.073813 -0.039636
-1.315918 -0.128540 0.137817 -2.558528 -0.249919 0.267957
-1.442017 -0.257935 0.309326 -2.803701 -0.501500 0.601420
-1.553955 -0.426758 0.509399 -3.021342 -0.829742 0.990421
-1.654785 -0.619873 0.738770 -3.217385 -1.205214 1.436383
-1.754028 -0.844727 0.991821 -3.410342 -1.642395 1.928390
-1.861206 -1.075806 1.221436 -3.618727 -2.091680 2.374827
-1.986938 -1.284912 1.392456 -3.863188 -2.498244 2.707341
-2.127441 -1.470215 1.536987 -4.136366 -2.858526 2.988352
-2.250366 -1.623535 1.667969 -4.375368 -3.156626 3.243018
-2.328857 -1.709595 1.775635 -4.527978 -3.323951 3.452352
-2.360474 -1.705566 1.816406 -4.589449 -3.316118 3.531623
-2.321777 -1.560059 1.756836 -4.514212 -3.033209 3.415801
-2.202881 -1.310547 1.569580 -4.283043 -2.548085 3.051721
-2.021729 -1.042603 1.270752 -3.930830 -2.027123 2.470712
-1.822021 -0.781982 0.940063 -3.542541 -1.520402 1.827757
-1.619995 -0.568848 0.669678 -3.149743 -1.106006 1.302049
-1.416748 -0.429443 0.469849 -2.754571 -0.834963 0.913523
-1.196899 -0.423828 0.288818 -2.327121 -0.824045 0.561547
-0.944824 -0.511963 0.115356 -1.837014 -0.995405 0.224287
-0.682373 -0.608643 -0.066772 -1.326732 -1.183379 -0.129825
-0.457886 -0.662842 -0.236816 -0.890263 -1.288758 -0.460440
-0.283691 -0.658325 -0.384888 -0.551579 -1.279976 -0.748334
-0.118286 -0.593994 -0.525146 -0.229983 -1.154898 -1.021038
0.077515 -0.470215 -0.681030 0.150711 -0.914235 -1.324121
0.308105 -0.301880 -0.864624 0.599047 -0.586943 -1.681081
0.576782 -0.110107 -1.065674 1.121433 -0.214081 -2.071981
0.846802 0.070923 -1.247803 1.646430 0.137895 -2.426092
1.094971 0.238892 -1.404419 2.128942 0.464475 -2.730600
1.306519 0.372437 -1.536743 2.540253 0.724125 -2.987877
1.469849 0.456909 -1.627930 2.857814 0.888365 -3.165170
1.588745 0.516479 -1.689087 3.088984 1.004187 -3.284077
1.668457 0.583984 -1.724854 3.243967 1.135436 -3.353618
1.726196 0.688477 -1.734131 3.356229 1.338599 -3.371656
1.764160 0.796997 -1.727539 3.430042 1.549595 -3.358840
1.779175 0.874878 -1.708618 3.459235 1.701018 -3.322052
1.763306 0.900391 -1.678101 3.428380 1.750622 -3.262717
1.734863 0.875977 -1.645996 3.373080 1.703154 -3.200296
1.704346 0.815308 -1.631714 3.313745 1.585196 -3.172528
1.661743 0.738770 -1.645996 3.230913 1.436383 -3.200296
1.593018 0.662476 -1.685547 3.097291 1.288046 -3.277195
1.506104 0.626953 -1.734619 2.928304 1.218980 -3.372606
1.412354 0.627686 -1.749878 2.746027 1.220404 -3.402273
1.321045 0.637207 -1.713867 2.568496 1.238916 -3.332258
1.231812 0.609253 -1.628052 2.395001 1.184565 -3.165407
1.139648 0.532715 -1.509766 2.215809 1.035753 -2.935425
1.040894 0.414795 -1.387573 2.023801 0.806482 -2.697847
0.934326 0.283203 -1.285400 1.816603 0.550629 -2.499193
0.814941 0.194336 -1.207397 1.584484 0.377846 -2.347533
0.666748 0.136475 -1.150146 1.296353 0.265346 -2.236220
0.555420 0.247681 -1.114624 1.079898 0.481563 -2.167154
0.452515 0.316040 -1.081665 0.879820 0.614474 -2.103072
0.316895 0.256714 -1.048706 0.616135 0.499127 -2.038990
0.154785 0.165161 -1.006714 0.300947 0.321121 -1.957345
-0.040161 0.072388 -0.942139 -0.078085 0.140743 -1.831792
-0.272949 -0.012085 -0.858643 -0.530693 -0.023497 -1.669452
-0.527832 -0.069214 -0.769409 -1.026259 -0.134572 -1.495956
-0.756958 -0.118652 -0.698975 -1.471747 -0.230695 -1.359010
-0.947998 -0.183960 -0.629517 -1.843185 -0.357672 -1.223964
-1.117554 -0.270874 -0.547119 -2.172850 -0.526658 -1.063759
-1.266357 -0.369507 -0.450928 -2.462168 -0.718429 -0.876735
-1.407959 -0.471191 -0.337769 -2.737483 -0.916134 -0.656721
-1.547607 -0.561890 -0.208252 -3.009000 -1.092477 -0.404903
-1.692627 -0.679688 -0.081543 -3.290960 -1.321511 -0.158543
-1.843506 -0.834473 0.030151 -3.584313 -1.622458 0.058623
-1.985962 -0.990112 0.125977 -3.861289 -1.925067 0.244935
-2.110474 -1.125244 0.214600 -4.103376 -2.187803 0.417244
-2.201294 -1.218628 0.295288 -4.279957 -2.369368 0.574126
-2.244873 -1.279297 0.360107 -4.364688 -2.487326 0.700154
-2.225830 -1.344727 0.404419 -4.327663 -2.614541 0.786308
-2.135010 -1.390503 0.436279 -4.151082 -2.703543 0.848254
-1.964600 -1.385376 0.467896 -3.819755 -2.693575 0.909725
-1.729248 -1.288696 0.495850 -3.362163 -2.505601 0.964076
-1.471558 -1.104492 0.511963 -2.861137 -2.147455 0.995405
-1.188110 -0.855835 0.517822 -2.310033 -1.663993 1.006797
-0.901611 -0.606567 0.517944 -1.752995 -1.179344 1.007035
-0.675903 -0.419800 0.498779 -1.314153 -0.816213 0.969772
-0.524414 -0.291382 0.462524 -1.019614 -0.566531 0.899282
-0.446167 -0.187866 0.443726 -0.867479 -0.365267 0.862732
-0.416992 -0.084351 0.445557 -0.810754 -0.164002 0.866292
-0.382935 0.014771 0.419189 -0.744536 0.028718 0.815027
-0.335815 0.074707 0.357178 -0.652923 0.145252 0.694458
-0.296021 0.097412 0.289551 -0.575550 0.189398 0.562971
-0.273926 0.106567 0.238525 -0.532592 0.207198 0.463763
-0.257324 0.116577 0.196655 -0.500313 0.226660 0.382355
-0.239624 0.133301 0.165405 -0.465899 0.259176 0.321596
-0.216064 0.156372 0.127808 -0.420092 0.304033 0.248495
-0.201660 0.175903 0.097168 -0.392086 0.342007 0.188923
-0.195313 0.184692 0.062988 -0.379744 0.359096 0.122468
-0.177856 0.176880 0.035522 -0.345805 0.343906 0.069066
-0.155640 0.159668 0.017212 -0.302609 0.310441 0.033465
-0.131592 0.141235 0.005493 -0.255853 0.274603 0.010680
-0.110962 0.129272 -0.003540 -0.215742 0.251343 -0.006883
-0.093872 0.122070 -0.012695 -0.182515 0.237340 -0.024683
-0.085449 0.111938 -0.023071 -0.166138 0.217641 -0.044857
-0.085693 0.091187 -0.032104 -0.166613 0.177293 -0.062420
-0.087891 0.058105 -0.039307 -0.170885 0.112974 -0.076424
-0.083374 0.021973 -0.046997 -0.162103 0.042721 -0.091376
-0.070679 -0.006958 -0.052246 -0.137420 -0.013528 -0.101582
-0.051392 -0.020508 -0.053467 -0.099920 -0.039873 -0.103955
-0.030029 -0.023438 -0.053101 -0.058386 -0.045569 -0.103243
-0.012085 -0.022705 -0.053101 -0.023497 -0.044145 -0.103243
-0.006714 -0.016235 -0.043457 -0.013054 -0.031566 -0.084493
-0.010010 0.001343 -0.020996 -0.019462 0.002611 -0.040823
-0.003296 0.007446 -0.010376 -0.006408 0.014478 -0.020174
0.009888 0.007080 -0.003662 0.019225 0.013766 -0.007120
0.024170 -0.003418 0.002930 0.046993 -0.006646 0.005696
0.038818 -0.024048 0.004150 0.075474 -0.046756 0.008070
0.050659 -0.046021 0.000977 0.098496 -0.089477 0.001899
0.056396 -0.059082 -0.003174 0.109651 -0.114873 -0.006171
0.053955 -0.065186 -0.006348 0.104904 -0.126740 -0.012342
0.044067 -0.057861 -0.003418 0.085680 -0.112499 -0.006646
0.034668 -0.044067 0.002930 0.067405 -0.085680 0.005696
0.038086 -0.042114 -0.005127 0.074050 -0.081882 -0.009968
0.036987 -0.054688 -0.001587 0.071914 -0.106328 -0.003085
0.022827 -0.055542 0.025391 0.044383 -0.107990 0.049367
0.017090 -0.069824 0.024170 0.033228 -0.135759 0.046993
0.013794 -0.088745 0.020508 0.026819 -0.172546 0.039873
0.014771 -0.096313 0.018066 0.028718 -0.187261 0.035126
0.017822 -0.093018 0.018799 0.034652 -0.180853 0.036550
0.019531 -0.084351 0.021362 0.037974 -0.164002 0.041535
0.018066 -0.068359 0.028687 0.035126 -0.132911 0.055775
