0.974854 0.231079 -0.778076 1.895400 0.449285 -1.512807
1.066162 0.289917 -0.877563 2.072930 0.563683 -1.706239
1.118530 0.299316 -0.936646 2.174749 0.581958 -1.821112
1.171143 0.343872 -0.958252 2.277043 0.668588 -1.863121
1.197388 0.370361 -0.967651 2.328071 0.720090 -1.881396
1.195435 0.407837 -0.984131 2.324273 0.792954 -1.913437
1.190308 0.464355 -1.017944 2.314305 0.902842 -1.979181
1.205200 0.534180 -1.078125 2.343261 1.038601 -2.096189
1.234375 0.587280 -1.161499 2.399985 1.141844 -2.258293
1.256836 0.612305 -1.245605 2.443655 1.190499 -2.421820
1.254395 0.626587 -1.312866 2.438909 1.218268 -2.552595
1.222046 0.625244 -1.365601 2.376014 1.215657 -2.655126
1.156006 0.605713 -1.411621 2.247612 1.177683 -2.744603
1.052246 0.599487 -1.450317 2.045873 1.165578 -2.819840
0.922485 0.640381 -1.481445 1.793581 1.245087 -2.880362
0.782593 0.712646 -1.509399 1.521589 1.385593 -2.934713
0.619141 0.781372 -1.531616 1.203790 1.519215 -2.977909
0.440796 0.833496 -1.534058 0.857036 1.620559 -2.982655
0.264282 0.838867 -1.504639 0.513842 1.631002 -2.925456
0.091431 0.773193 -1.435059 0.177768 1.503313 -2.790172
-0.081543 0.645142 -1.336548 -0.158543 1.254343 -2.598639
-0.253052 0.484009 -1.224121 -0.492006 0.941054 -2.380048
-0.434570 0.306274 -1.100342 -0.844931 0.595487 -2.139385
-0.636963 0.134888 -0.959106 -1.238442 0.262261 -1.864783
-0.843506 -0.015869 -0.801025 -1.640021 -0.030854 -1.557427
-1.049438 -0.144165 -0.643188 -2.040414 -0.280299 -1.250546
-1.230713 -0.229126 -0.473877 -2.392865 -0.445488 -0.921355
-1.400146 -0.298950 -0.315186 -2.722293 -0.581246 -0.612813
-1.573486 -0.354858 -0.184814 -3.059316 -0.689948 -0.359333
-1.760010 -0.417358 -0.059937 -3.421972 -0.811466 -0.116534
-2.000366 -0.539795 0.054565 -3.889295 -1.049519 0.106091
-2.262207 -0.711914 0.198853 -4.398390 -1.384169 0.386627
-2.510132 -0.989014 0.375122 -4.880428 -1.922931 0.729347
-2.758179 -1.380859 0.578369 -5.362704 -2.684793 1.124518
-2.990723 -1.854736 0.777222 -5.814837 -3.606148 1.511146
-3.136963 -2.388428 1.021851 -6.099171 -4.643800 1.986776
-3.158569 -2.865479 1.277710 -6.141180 -5.571326 2.484241
-3.069702 -3.042236 1.467773 -5.968396 -5.914995 2.853780
-2.877808 -2.843750 1.559448 -5.595297 -5.529079 3.032022
-2.584595 -2.353271 1.584961 -5.025206 -4.575446 3.081626
-2.129272 -1.744751 1.543823 -4.139926 -3.392305 3.001642
-1.516602 -1.067139 1.407104 -2.948716 -2.074829 2.735821
-0.725464 -0.406372 1.113525 -1.410513 -0.790106 2.165018
0.044678 -0.011108 0.712646 0.086867 -0.021598 1.385593
0.589355 0.093018 0.308594 1.145879 0.180853 0.599996
0.877808 0.024536 -0.014526 1.706714 0.047705 -0.028243
0.959351 -0.102539 -0.257690 1.865257 -0.199366 -0.501025
0.952881 -0.205200 -0.472290 1.852678 -0.398969 -0.918270
0.955200 -0.244751 -0.665527 1.857188 -0.475867 -1.293979
1.030884 -0.184937 -0.832764 2.004339 -0.359571 -1.619135
1.176270 -0.027588 -0.968262 2.287011 -0.053639 -1.882583
1.371216 0.191284 -1.090942 2.666044 0.371912 -2.121110
1.587280 0.417725 -1.227905 3.086136 0.812178 -2.387406
1.790161 0.607300 -1.372681 3.480595 1.180768 -2.668891
1.962646 0.751099 -1.513916 3.815957 1.460355 -2.943494
2.084839 0.840576 -1.639771 4.053535 1.634325 -3.188192
2.162476 0.888794 -1.726685 4.204483 1.728075 -3.357178
2.138428 0.814819 -1.763550 4.157727 1.584246 -3.428855
2.026978 0.720215 -1.751709 3.941036 1.400308 -3.405833
1.909912 0.667114 -1.708740 3.713426 1.297065 -3.322289
1.775024 0.593262 -1.659668 3.451165 1.153474 -3.226878
1.625977 0.529663 -1.624023 3.161373 1.029819 -3.157575
1.463013 0.506592 -1.614136 2.844523 0.984962 -3.138350
1.300049 0.523438 -1.622070 2.527674 1.017715 -3.153778
1.122925 0.545044 -1.618530 2.183293 1.059724 -3.146895
0.937744 0.551025 -1.582275 1.823248 1.071354 -3.076405
0.747437 0.534668 -1.500122 1.453235 1.039550 -2.916675
0.572632 0.489502 -1.386230 1.113363 0.951735 -2.695236
0.411499 0.392334 -1.262817 0.800074 0.762812 -2.455285
0.254272 0.265137 -1.154907 0.494380 0.515503 -2.245476
0.104736 0.157715 -1.070679 0.203638 0.306644 -2.081712
-0.035767 0.089966 -1.002930 -0.069541 0.174920 -1.949988
-0.172485 0.057251 -0.957031 -0.335362 0.111313 -1.860748
-0.315552 0.022461 -0.921631 -0.613525 0.043671 -1.791919
-0.473511 -0.027588 -0.882568 -0.920643 -0.053639 -1.715970
-0.646484 -0.092407 -0.828735 -1.256954 -0.179667 -1.611303
-0.828369 -0.183472 -0.764648 -1.610591 -0.356722 -1.486700
-1.019409 -0.305420 -0.690063 -1.982029 -0.593825 -1.341685
-1.212036 -0.455811 -0.601440 -2.356552 -0.886229 -1.169376
-1.407715 -0.608276 -0.498657 -2.737008 -1.182667 -0.969535
-1.615723 -0.760010 -0.393311 -3.141436 -1.477681 -0.764710
-1.869019 -0.921143 -0.294312 -3.633917 -1.790970 -0.572227
-2.201050 -1.044922 -0.192383 -4.279483 -2.031633 -0.374048
-2.425171 -1.085693 -0.111572 -4.715240 -2.110904 -0.216929
-2.554077 -1.168701 -0.011597 -4.965871 -2.272296 -0.022547
-2.597046 -1.273560 0.107422 -5.049415 -2.476171 0.208859
-2.555908 -1.351074 0.220703 -4.969431 -2.626882 0.429111
-2.441162 -1.373535 0.297363 -4.746331 -2.670553 0.578161
-2.248657 -1.308350 0.327637 -4.372046 -2.543813 0.637021
-1.991577 -1.153687 0.323242 -3.872207 -2.243103 0.628477
-1.695801 -0.914307 0.303101 -3.297131 -1.777679 0.589316
-1.367920 -0.610352 0.275513 -2.659635 -1.186701 0.535677
-1.025269 -0.300415 0.257935 -1.993421 -0.584094 0.501500
-0.697632 -0.032837 0.257202 -1.356400 -0.063845 0.500076
-0.412476 0.151611 0.249634 -0.801973 0.294777 0.485361
-0.212280 0.242920 0.230103 -0.412735 0.472307 0.447386
-0.106812 0.261353 0.202637 -0.207673 0.508146 0.393985
-0.067261 0.237793 0.169067 -0.130774 0.462339 0.328716
-0.057373 0.208130 0.130127 -0.111550 0.404665 0.253005
-0.053589 0.184448 0.079956 -0.104192 0.358621 0.155458
-0.041260 0.174316 0.022217 -0.080221 0.338922 0.043196
-0.017578 0.182617 -0.030396 -0.034177 0.355061 -0.059098
0.013184 0.199951 -0.066895 0.025633 0.388763 -0.130062
0.048340 0.209839 -0.085449 0.093987 0.407988 -0.166138
0.083618 0.210571 -0.095215 0.162578 0.409412 -0.185125
0.113159 0.203735 -0.094727 0.220014 0.396121 -0.184176
0.128296 0.189331 -0.079590 0.249445 0.368115 -0.154746
0.128784 0.167480 -0.052246 0.250394 0.325631 -0.101582
0.119873 0.133789 -0.019653 0.233068 0.260125 -0.038212
0.103271 0.088135 0.010498 0.200790 0.171360 0.020411
0.077881 0.033081 0.033691 0.151423 0.064319 0.065506
0.050903 -0.020264 0.047119 0.098971 -0.039398 0.091613
0.032227 -0.059082 0.049561 0.062658 -0.114873 0.096360
0.019897 -0.065918 0.041260 0.038686 -0.128164 0.080221
0.010864 -0.055420 0.024292 0.021123 -0.107752 0.047231
0.006104 -0.049072 0.000122 0.011867 -0.095411 0.000237
0.007935 -0.046265 -0.025024 0.015427 -0.089952 -0.048655
0.008911 -0.040527 -0.042725 0.017326 -0.078797 -0.083069
0.008789 -0.040039 -0.051514 0.017089 -0.077848 -0.100158
0.014526 -0.052490 -0.055176 0.028243 -0.102056 -0.107278
0.022095 -0.073120 -0.053711 0.042959 -0.142167 -0.104430
0.022339 -0.077026 -0.037964 0.043433 -0.149762 -0.073813
0.009155 -0.063232 -0.009888 0.017801 -0.122942 -0.019225
-0.007813 -0.054321 0.012451 -0.015190 -0.105616 0.024209
-0.022217 -0.049194 0.022095 -0.043196 -0.095648 0.042959
-0.036743 -0.038452 0.028076 -0.071439 -0.074762 0.054588
-0.048950 -0.023071 0.034424 -0.095173 -0.044857 0.066930
-0.052856 -0.016357 0.033569 -0.102768 -0.031804 0.065269
-0.050293 -0.022461 0.022827 -0.097784 -0.043671 0.044383
-0.049072 -0.027954 0.011841 -0.095411 -0.054351 0.023022
-0.053101 -0.027832 0.006836 -0.103243 -0.054114 0.013291
-0.061523 -0.026367 0.003052 -0.119620 -0.051266 0.005934
-0.071167 -0.027222 -0.001343 -0.138369 -0.052927 -0.002611
-0.080322 -0.026245 -0.007935 -0.156170 -0.051028 -0.015427
-0.088745 -0.018555 -0.016479 -0.172546 -0.036076 -0.032041
-0.095215 -0.009399 -0.024414 -0.185125 -0.018275 -0.047468
-0.097046 -0.005127 -0.031372 -0.188686 -0.009968 -0.060996
-0.094727 -0.009888 -0.036377 -0.184176 -0.019225 -0.070727
-0.092041 -0.017456 -0.038208 -0.178955 -0.033940 -0.074288
-0.089478 -0.020752 -0.035645 -0.173970 -0.040348 -0.069303
-0.084961 -0.021118 -0.031860 -0.165189 -0.041060 -0.061946
-0.078857 -0.021851 -0.030396 -0.153322 -0.042484 -0.059098
-0.070801 -0.020630 -0.031860 -0.137657 -0.040111 -0.061946
-0.062378 -0.016235 -0.035522 -0.121281 -0.031566 -0.069066
-0.057739 -0.011597 -0.039307 -0.112262 -0.022547 -0.076424
-0.060303 -0.010498 -0.043701 -0.117246 -0.020411 -0.084968
-0.068115 -0.012329 -0.046387 -0.132436 -0.023971 -0.090189
-0.078735 -0.016724 -0.044556 -0.153084 -0.032516 -0.086629
-0.084717 -0.022827 -0.038818 -0.164714 -0.044383 -0.075474
-0.087280 -0.026123 -0.034424 -0.169698 -0.050791 -0.066930
