0.576294 0.112671 -0.166260 1.120484 0.219065 -0.323257
0.736694 0.096802 -0.114746 1.432349 0.188211 -0.223100
0.866577 0.067017 -0.067383 1.684879 0.130300 -0.131012
1.003784 0.071777 -0.063721 1.951649 0.139556 -0.123892
1.150635 0.052002 -0.140259 2.237170 0.101107 -0.272704
1.285400 0.027466 -0.285400 2.499193 0.053402 -0.554902
1.390869 0.052612 -0.482788 2.704255 0.102294 -0.938681
1.453735 0.131836 -0.706543 2.826485 0.256328 -1.373726
1.476929 0.229248 -0.922485 2.871580 0.445725 -1.793581
1.476929 0.317993 -1.119995 2.871580 0.618271 -2.177597
1.456543 0.384277 -1.304443 2.831944 0.747147 -2.536218
1.417847 0.445068 -1.467529 2.756707 0.865343 -2.853305
1.364014 0.498291 -1.606567 2.652040 0.968823 -3.123636
1.291626 0.528320 -1.728516 2.511297 1.027209 -3.360739
1.205566 0.536621 -1.844360 2.343973 1.043348 -3.585974
1.116211 0.509155 -1.950439 2.170239 0.989946 -3.792223
1.032959 0.429932 -2.047363 2.008373 0.835912 -3.980671
0.948242 0.351074 -2.104492 1.843659 0.682591 -4.091746
0.845825 0.291260 -2.101563 1.644531 0.566294 -4.086051
0.719727 0.256104 -2.030396 1.399358 0.497940 -3.947681
0.556274 0.262085 -1.892578 1.081560 0.509570 -3.679724
0.357666 0.308838 -1.688354 0.695407 0.600471 -3.282654
0.131104 0.344849 -1.413940 0.254903 0.670486 -2.749113
-0.115112 0.377441 -1.080688 -0.223812 0.733856 -2.101174
-0.371582 0.396240 -0.697021 -0.722464 0.770407 -1.355213
-0.620605 0.371948 -0.305298 -1.206638 0.723176 -0.593588
-0.823853 0.297119 0.045044 -1.601810 0.577686 0.087579
-0.970947 0.175171 0.334351 -1.887805 0.340583 0.650075
-1.068848 0.043579 0.558350 -2.078151 0.084730 1.085594
-1.132935 -0.078979 0.728394 -2.202755 -0.153559 1.416209
-1.179688 -0.181885 0.864746 -2.293657 -0.353637 1.681319
-1.221680 -0.275757 0.988403 -2.375302 -0.536152 1.921744
-1.265015 -0.409912 1.104370 -2.459557 -0.796989 2.147218
-1.322388 -0.581177 1.212036 -2.571107 -1.129977 2.356552
-1.412720 -0.764771 1.354370 -2.746739 -1.486937 2.633291
-1.534302 -0.938110 1.514038 -2.983130 -1.823960 2.943732
-1.677734 -1.096924 1.668091 -3.262005 -2.132740 3.243255
-1.828613 -1.226440 1.801392 -3.555357 -2.384558 3.502431
-1.955566 -1.323730 1.922241 -3.802191 -2.573718 3.737397
-2.016602 -1.383423 2.025635 -3.920861 -2.689777 3.938425
-2.004639 -1.403564 2.102417 -3.897602 -2.728939 4.087712
-1.945801 -1.406250 2.137573 -3.783204 -2.734160 4.156066
-1.875732 -1.354492 2.112915 -3.646971 -2.633528 4.108123
-1.841064 -1.250854 2.019775 -3.579566 -2.432026 3.927032
-1.833496 -1.159790 1.843506 -3.564851 -2.254970 3.584313
-1.792725 -1.066895 1.578125 -3.485579 -2.074354 3.068335
-1.680054 -0.946289 1.220337 -3.266514 -1.839862 2.372691
-1.480591 -0.802002 0.793945 -2.878700 -1.559326 1.543661
-1.205322 -0.640381 0.370117 -2.343498 -1.245087 0.719616
-0.884766 -0.492310 -0.021606 -1.720242 -0.957193 -0.042009
-0.555664 -0.401245 -0.360229 -1.080373 -0.780138 -0.700391
-0.246216 -0.354370 -0.621338 -0.478715 -0.688999 -1.208062
0.008789 -0.324341 -0.810303 0.017089 -0.630613 -1.575465
0.196655 -0.256348 -0.951294 0.382355 -0.498415 -1.849593
0.345581 -0.161011 -1.063843 0.671910 -0.313052 -2.068421
0.485962 -0.063110 -1.166016 0.944852 -0.122705 -2.267074
0.639404 0.025391 -1.263550 1.243188 0.049367 -2.456709
0.793457 0.083862 -1.342407 1.542712 0.163053 -2.610031
0.958252 0.135864 -1.430786 1.863121 0.264160 -2.781866
1.152588 0.229004 -1.559326 2.240967 0.445250 -3.031785
1.357056 0.368164 -1.711670 2.638512 0.715818 -3.327986
1.541626 0.506958 -1.875854 2.997370 0.985674 -3.647208
1.701172 0.629150 -2.028564 3.307574 1.223252 -3.944121
1.812378 0.712280 -2.145996 3.523791 1.384881 -4.172442
1.850586 0.741943 -2.219360 3.598079 1.442554 -4.315084
1.819580 0.736206 -2.252808 3.537794 1.431399 -4.380115
1.738892 0.695557 -2.269043 3.380912 1.352365 -4.411681
1.626709 0.629761 -2.278076 3.162797 1.224439 -4.429245
1.507690 0.579590 -2.262085 2.931390 1.126892 -4.398153
1.387939 0.494507 -2.193115 2.698559 0.961465 -4.264056
1.265991 0.380615 -2.088623 2.461456 0.740027 -4.060892
1.146484 0.275757 -1.975586 2.229100 0.536152 -3.841115
1.040771 0.175171 -1.885986 2.023563 0.340583 -3.666907
0.927979 0.110962 -1.804810 1.804261 0.215742 -3.509076
0.807007 0.168335 -1.730835 1.569057 0.327292 -3.365248
0.681396 0.293823 -1.657471 1.324834 0.571278 -3.222606
0.546265 0.400757 -1.575073 1.062098 0.779188 -3.062402
0.412476 0.480225 -1.480347 0.801973 0.933697 -2.878226
0.284058 0.471558 -1.367920 0.552291 0.916846 -2.659635
0.163452 0.393921 -1.243774 0.317799 0.765897 -2.418260
0.033203 0.294678 -1.119019 0.064557 0.572939 -2.175698
-0.113892 0.189209 -1.012573 -0.221438 0.367877 -1.968738
-0.270996 0.093750 -0.939941 -0.526895 0.182277 -1.827520
-0.428467 0.042114 -0.897339 -0.833064 0.081882 -1.744688
-0.587524 0.002075 -0.865601 -1.142319 0.004035 -1.682980
-0.752563 -0.056885 -0.827148 -1.463203 -0.110601 -1.608218
-0.922363 -0.126831 -0.781616 -1.793343 -0.246597 -1.519690
-1.097290 -0.212280 -0.734863 -2.133452 -0.412735 -1.428789
-1.271729 -0.314575 -0.684448 -2.472611 -0.611626 -1.330767
-1.437378 -0.425781 -0.639526 -2.794682 -0.827843 -1.243426
-1.588501 -0.524902 -0.597656 -3.088509 -1.020563 -1.162018
-1.725464 -0.577026 -0.558350 -3.354805 -1.121907 -1.085594
-1.854858 -0.589233 -0.514160 -3.606386 -1.145642 -0.999677
-1.984253 -0.619263 -0.451050 -3.857966 -1.204027 -0.876972
-2.106201 -0.673584 -0.348511 -4.095069 -1.309644 -0.677607
-2.202637 -0.738770 -0.204224 -4.282568 -1.436383 -0.397070
-2.260010 -0.821411 -0.037964 -4.394118 -1.597063 -0.073813
-2.260498 -0.922729 0.131470 -4.395067 -1.794055 0.255615
-2.188354 -1.006714 0.274414 -4.254799 -1.957345 0.533541
-2.042847 -0.989624 0.364746 -3.971890 -1.924118 0.709173
-1.842529 -0.822388 0.387451 -3.582414 -1.598961 0.753318
-1.610352 -0.515991 0.342896 -3.130993 -1.003237 0.666689
-1.383911 -0.165771 0.257324 -2.690727 -0.322308 0.500313
-1.179932 0.120605 0.163940 -2.294131 0.234492 0.318748
-0.983032 0.294678 0.082764 -1.911301 0.572939 0.160917
-0.786011 0.365479 0.032349 -1.528234 0.710597 0.062895
-0.609863 0.365967 0.020874 -1.185752 0.711546 0.040585
-0.491211 0.310791 0.026245 -0.955057 0.604268 0.051028
-0.426636 0.212769 0.035400 -0.829504 0.413684 0.068829
-0.401245 0.124634 0.040039 -0.780138 0.242324 0.077848
-0.392822 0.089844 0.025391 -0.763761 0.174682 0.049367
-0.380249 0.090210 -0.016724 -0.739315 0.175394 -0.032516
-0.355469 0.104614 -0.067383 -0.691135 0.203401 -0.131012
-0.309692 0.128174 -0.088623 -0.602132 0.249207 -0.172309
-0.255371 0.139893 -0.056396 -0.496516 0.271992 -0.109651
-0.203613 0.138184 -0.003906 -0.395884 0.268669 -0.007595
-0.144897 0.106567 0.051025 -0.281723 0.207198 0.099208
-0.087891 0.064087 0.095825 -0.170885 0.124604 0.186312
-0.053345 0.026245 0.110840 -0.103718 0.051028 0.215505
-0.046631 0.003540 0.094971 -0.090664 0.006883 0.184651
-0.057983 0.011230 0.065552 -0.112737 0.021835 0.127452
-0.075073 0.052612 0.030518 -0.145964 0.102294 0.059335
-0.090698 0.097290 -0.003662 -0.176344 0.189160 -0.007120
-0.096191 0.105347 -0.028320 -0.187024 0.204825 -0.055063
-0.086670 0.074707 -0.041748 -0.168512 0.145252 -0.081170
-0.067017 0.029175 -0.049072 -0.130300 0.056724 -0.095411
-0.048950 -0.008667 -0.055054 -0.095173 -0.016851 -0.107040
-0.039185 -0.022827 -0.059814 -0.076186 -0.044383 -0.116297
-0.043213 -0.018311 -0.063477 -0.084018 -0.035601 -0.123417
-0.057129 -0.002930 -0.067017 -0.111075 -0.005696 -0.130300
-0.071167 0.014893 -0.067993 -0.138369 0.028956 -0.132199
-0.080811 0.030884 -0.065430 -0.157119 0.060047 -0.127214
-0.087158 0.029419 -0.059448 -0.169461 0.057199 -0.115585
-0.085205 0.001831 -0.052612 -0.165664 0.003560 -0.102294
-0.072876 -0.043457 -0.045776 -0.141692 -0.084493 -0.089003
-0.055786 -0.086670 -0.039673 -0.108465 -0.168512 -0.077136
-0.039673 -0.108276 -0.034424 -0.077136 -0.210521 -0.066930
-0.029541 -0.104492 -0.031006 -0.057436 -0.203163 -0.060284
-0.024414 -0.089600 -0.031860 -0.047468 -0.174208 -0.061946
-0.023193 -0.067871 -0.034546 -0.045095 -0.131961 -0.067167
-0.023071 -0.043945 -0.036011 -0.044857 -0.085443 -0.070015
-0.023438 -0.028687 -0.035645 -0.045569 -0.055775 -0.069303
-0.026367 -0.021729 -0.031616 -0.051266 -0.042247 -0.061471
-0.032227 -0.029907 -0.023560 -0.062658 -0.058148 -0.045807
-0.035645 -0.050415 -0.017090 -0.069303 -0.098022 -0.033228
-0.033325 -0.069946 -0.016846 -0.064794 -0.135996 -0.032753
-0.028687 -0.070557 -0.019775 -0.055775 -0.137183 -0.038449
-0.027832 -0.049438 -0.015259 -0.054114 -0.096123 -0.029668
-0.031128 -0.030640 -0.004517 -0.060522 -0.059572 -0.008782
-0.033447 -0.027100 0.008789 -0.065031 -0.052690 0.017089
