0.826660 -0.002686 -0.385864 1.607268 -0.005221 -0.750233
0.899414 0.114502 -0.450928 1.748723 0.222625 -0.876735
0.965820 0.225830 -0.503784 1.877836 0.439080 -0.979503
1.051758 0.316040 -0.558228 2.044924 0.614474 -1.085357
1.134521 0.339355 -0.626465 2.205841 0.659806 -1.218030
1.180542 0.324463 -0.705933 2.295318 0.630850 -1.372539
1.208008 0.317261 -0.818726 2.348719 0.616847 -1.591841
1.191162 0.293945 -0.961426 2.315967 0.571515 -1.869292
1.150757 0.293335 -1.118774 2.237407 0.570329 -2.175224
1.105103 0.313965 -1.286133 2.148642 0.610439 -2.500617
1.067749 0.338501 -1.463867 2.076015 0.658145 -2.846185
1.029175 0.360596 -1.641235 2.001016 0.701103 -3.191040
0.992310 0.379028 -1.797729 1.929339 0.736942 -3.495310
0.977051 0.374023 -1.919434 1.899672 0.727211 -3.731939
0.964111 0.337280 -2.015015 1.874514 0.655771 -3.917776
0.930420 0.305176 -2.076294 1.809008 0.593351 -4.036921
0.878540 0.288452 -2.109741 1.708138 0.560835 -4.101952
0.788574 0.268677 -2.090088 1.533218 0.522386 -4.063740
0.667114 0.259644 -2.013184 1.297065 0.504823 -3.914216
0.514282 0.259399 -1.893921 0.999915 0.504348 -3.682334
0.339111 0.268799 -1.748901 0.659331 0.522623 -3.400374
0.148438 0.289307 -1.593018 0.288606 0.562496 -3.097291
-0.019775 0.313965 -1.435425 -0.038449 0.610439 -2.790884
-0.165894 0.312622 -1.286377 -0.322545 0.607828 -2.501092
-0.295776 0.297852 -1.139526 -0.575076 0.579110 -2.215572
-0.418335 0.290771 -0.981689 -0.813365 0.565345 -1.908691
-0.530029 0.292358 -0.804199 -1.030532 0.568430 -1.563598
-0.637329 0.286621 -0.617188 -1.239154 0.557275 -1.199993
-0.746704 0.263306 -0.411621 -1.451810 0.511943 -0.800311
-0.866211 0.213989 -0.188110 -1.684167 0.416058 -0.365741
-0.995728 0.154541 0.042969 -1.935985 0.300473 0.083544
-1.118652 0.100220 0.270508 -2.174986 0.194856 0.525946
-1.213379 0.037354 0.496948 -2.359162 0.072626 0.966212
-1.298340 -0.045044 0.734497 -2.524351 -0.087579 1.428077
-1.401245 -0.173340 0.977295 -2.724429 -0.337023 1.900146
-1.527588 -0.341187 1.202026 -2.970076 -0.663366 2.337090
-1.655762 -0.526611 1.398071 -3.219284 -1.023886 2.718258
-1.764893 -0.708252 1.543579 -3.431466 -1.377048 3.001168
-1.837280 -0.876465 1.636963 -3.572209 -1.704103 3.182733
-1.868042 -1.033447 1.703247 -3.632018 -2.009323 3.311609
-1.846680 -1.168335 1.756592 -3.590484 -2.271584 3.415327
-1.788818 -1.234375 1.780640 -3.477984 -2.399985 3.462083
-1.723633 -1.215820 1.763550 -3.351245 -2.363909 3.428855
-1.677002 -1.157593 1.693481 -3.260581 -2.250698 3.292622
-1.662964 -1.035400 1.583008 -3.233287 -2.013120 3.077829
-1.671753 -0.894409 1.447510 -3.250375 -1.738992 2.814381
-1.680542 -0.795288 1.287476 -3.267464 -1.546272 2.503228
-1.666504 -0.724854 1.098755 -3.240170 -1.409327 2.136300
-1.622681 -0.660522 0.882324 -3.154964 -1.284248 1.715496
-1.542358 -0.587036 0.638184 -2.998795 -1.141369 1.240815
-1.420166 -0.500977 0.367798 -2.761217 -0.974045 0.715106
-1.259521 -0.414063 0.090088 -2.448877 -0.805058 0.175157
-1.067749 -0.349487 -0.178101 -2.076015 -0.679505 -0.346279
-0.859375 -0.354980 -0.413452 -1.670876 -0.690186 -0.803872
-0.689209 -0.413574 -0.570679 -1.340023 -0.804109 -1.109566
-0.556763 -0.461304 -0.681030 -1.082509 -0.896909 -1.324121
-0.426392 -0.487183 -0.772217 -0.829030 -0.947225 -1.501415
-0.275757 -0.446777 -0.865112 -0.536152 -0.868665 -1.682031
-0.099609 -0.346802 -0.962280 -0.193670 -0.674284 -1.870953
0.094604 -0.211548 -1.055298 0.183939 -0.411311 -2.051807
0.312134 -0.078247 -1.145020 0.606879 -0.152135 -2.226252
0.556030 0.050171 -1.242676 1.081085 0.097547 -2.416124
0.831299 0.195313 -1.347046 1.616287 0.379744 -2.619050
1.119263 0.376343 -1.456421 2.176173 0.731720 -2.831707
1.394165 0.579224 -1.555176 2.710663 1.126180 -3.023715
1.633545 0.781128 -1.640381 3.176088 1.518741 -3.189379
1.821045 0.947510 -1.709229 3.540642 1.842235 -3.323239
1.943726 1.040894 -1.770630 3.779169 2.023801 -3.442621
2.008179 1.066650 -1.830688 3.904485 2.073879 -3.559392
2.011719 1.019165 -1.883423 3.911368 1.981554 -3.661923
1.973877 0.921875 -1.939331 3.837792 1.792394 -3.770625
1.913940 0.815552 -2.004883 3.721258 1.585670 -3.898077
1.845825 0.719116 -2.063965 3.588822 1.398172 -4.012949
1.750977 0.640259 -2.080200 3.404409 1.244850 -4.044516
1.614014 0.621338 -2.028198 3.138113 1.208062 -3.943409
1.453369 0.635986 -1.896118 2.825773 1.236543 -3.686607
1.303955 0.667480 -1.714111 2.535269 1.297777 -3.332732
1.201416 0.704224 -1.529175 2.335903 1.369216 -2.973162
1.099121 0.596313 -1.378540 2.137012 1.159407 -2.680284
0.954102 0.419678 -1.282959 1.855052 0.815976 -2.494446
0.808228 0.350586 -1.219727 1.571430 0.681641 -2.371504
0.660278 0.362183 -1.161987 1.283774 0.704189 -2.259242
0.502319 0.401001 -1.099731 0.976655 0.779663 -2.138199
0.342163 0.447266 -1.035278 0.665265 0.869615 -2.012883
0.182373 0.467041 -0.962524 0.354586 0.908064 -1.871428
0.028809 0.434204 -0.883545 0.056012 0.844219 -1.717869
-0.113770 0.370483 -0.797974 -0.221201 0.720328 -1.551493
-0.251099 0.261108 -0.725586 -0.488209 0.507671 -1.410751
-0.397705 0.112793 -0.660889 -0.773255 0.219302 -1.284960
-0.566040 -0.046753 -0.609741 -1.100547 -0.090901 -1.185515
-0.744629 -0.207764 -0.576294 -1.447776 -0.403953 -1.120484
-0.915894 -0.358154 -0.539307 -1.780764 -0.696356 -1.048569
-1.081543 -0.488525 -0.475830 -2.102835 -0.949836 -0.925152
-1.245972 -0.590088 -0.381836 -2.422532 -1.147303 -0.742400
-1.421753 -0.656006 -0.271484 -2.764302 -1.275467 -0.527845
-1.607544 -0.707642 -0.163574 -3.125534 -1.375862 -0.318036
-1.784546 -0.753052 -0.072998 -3.469678 -1.464152 -0.141929
-1.939331 -0.762817 -0.006714 -3.770625 -1.483139 -0.013054
-2.067505 -0.733887 0.034180 -4.019833 -1.426890 0.066455
-2.157349 -0.697998 0.057983 -4.194515 -1.357112 0.112737
-2.212891 -0.696167 0.072510 -4.302505 -1.353552 0.140980
-2.243896 -0.729492 0.068604 -4.362789 -1.418346 0.133385
-2.251099 -0.799438 0.049194 -4.376792 -1.554342 0.095648
-2.226563 -0.851196 0.034302 -4.329087 -1.654974 0.066693
-2.179688 -0.862305 0.051392 -4.237948 -1.676572 0.099920
-2.122314 -0.815186 0.104248 -4.126398 -1.584958 0.202689
-2.032715 -0.700195 0.154541 -3.952190 -1.361384 0.300473
-1.917480 -0.534912 0.183350 -3.728141 -1.040025 0.356485
-1.807129 -0.313721 0.205444 -3.513586 -0.609965 0.399444
-1.714111 -0.070435 0.208008 -3.332732 -0.136945 0.404428
-1.561768 0.138672 0.164307 -3.036532 0.269619 0.319460
-1.332275 0.224609 0.128784 -2.590332 0.436706 0.250394
-1.046021 0.181152 0.141846 -2.033769 0.352213 0.275789
-0.743042 0.063354 0.177979 -1.444690 0.123180 0.346042
-0.471558 -0.062500 0.203003 -0.916846 -0.121518 0.394697
-0.287720 -0.134888 0.212524 -0.559411 -0.262261 0.413209
-0.208252 -0.109741 0.188354 -0.404903 -0.213369 0.366216
-0.193237 -0.026245 0.126709 -0.375710 -0.051028 0.246359
-0.196411 0.045654 0.064941 -0.381881 0.088765 0.126265
-0.214966 0.086182 0.026001 -0.417956 0.167562 0.050553
-0.227539 0.086670 0.008179 -0.442402 0.168512 0.015902
-0.218018 0.060669 -0.001465 -0.423890 0.117958 -0.002848
-0.193359 0.036987 -0.013550 -0.375947 0.071914 -0.026345
-0.163330 0.023315 -0.020142 -0.317561 0.045332 -0.039161
-0.123291 -0.002197 -0.013062 -0.239714 -0.004272 -0.025395
-0.083130 -0.034302 0.000610 -0.161629 -0.066693 0.001187
-0.049316 -0.046143 0.010498 -0.095885 -0.089715 0.020411
-0.026123 -0.033447 0.013672 -0.050791 -0.065031 0.026582
-0.011597 -0.009888 0.010254 -0.022547 -0.019225 0.019937
-0.002441 0.007446 0.001831 -0.004747 0.014478 0.003560
-0.000977 0.014160 -0.010864 -0.001899 0.027531 -0.021123
-0.001709 0.009521 -0.022583 -0.003323 0.018513 -0.043908
0.003540 -0.003174 -0.034790 0.006883 -0.006171 -0.067642
0.015869 -0.028809 -0.046265 0.030854 -0.056012 -0.089952
0.029907 -0.061768 -0.052368 0.058148 -0.120094 -0.101819
0.041504 -0.083374 -0.053345 0.080696 -0.162103 -0.103718
0.052368 -0.088257 -0.053345 0.101819 -0.171597 -0.103718
0.057739 -0.079102 -0.051025 0.112262 -0.153797 -0.099208
0.054810 -0.067261 -0.041382 0.106566 -0.130774 -0.080458
0.045044 -0.062012 -0.024414 0.087579 -0.120569 -0.047468
0.033325 -0.065918 -0.005493 0.064794 -0.128164 -0.010680
0.026123 -0.074829 0.000244 0.050791 -0.145490 0.000475
0.020142 -0.080688 0.005127 0.039161 -0.156882 0.009968
0.011230 -0.091431 0.014282 0.021835 -0.177768 0.027769
0.002930 -0.091309 0.018799 0.005696 -0.177531 0.036550
-0.004150 -0.064331 0.018311 -0.008070 -0.125078 0.035601
-0.010620 -0.032471 0.016846 -0.020649 -0.063133 0.032753
-0.015869 -0.016724 0.020752 -0.030854 -0.032516 0.040348
-0.020386 -0.018677 0.029175 -0.039636 -0.036313 0.056724
-0.026855 -0.022461 0.032104 -0.052215 -0.043671 0.062420
