1.177002 -0.033691 -0.205322 2.288435 -0.065506 -0.399206
1.245117 0.038452 -0.234741 2.420871 0.074762 -0.456405
1.214233 0.068481 -0.249878 2.360824 0.133148 -0.485836
1.150879 0.158447 -0.242676 2.237644 0.308068 -0.471832
1.083740 0.202393 -0.243774 2.107107 0.393510 -0.473969
1.041138 0.212646 -0.275269 2.024275 0.413447 -0.535202
1.029053 0.210327 -0.336670 2.000779 0.408937 -0.654585
1.047119 0.205811 -0.415405 2.035905 0.400156 -0.807669
1.094849 0.205688 -0.509888 2.128705 0.399918 -0.991370
1.189697 0.211426 -0.602417 2.313118 0.411073 -1.171274
1.296997 0.194336 -0.695557 2.521740 0.377846 -1.352365
1.355469 0.157837 -0.786743 2.635427 0.306881 -1.529658
1.359741 0.149536 -0.893311 2.643734 0.290742 -1.736856
1.309937 0.180298 -1.026978 2.546899 0.350552 -1.996744
1.213135 0.235962 -1.173096 2.358688 0.458779 -2.280840
1.095337 0.300049 -1.306519 2.129654 0.583382 -2.540253
0.976929 0.358887 -1.414673 1.899434 0.697780 -2.750536
0.863892 0.398926 -1.498291 1.679657 0.775628 -2.913115
0.749512 0.420898 -1.548828 1.457269 0.818349 -3.011374
0.614746 0.432495 -1.575195 1.195246 0.840897 -3.062639
0.469727 0.450806 -1.579102 0.913285 0.876498 -3.070234
0.323364 0.455078 -1.555298 0.628714 0.884805 -3.023952
0.179932 0.436768 -1.505737 0.349840 0.849204 -2.927593
0.033691 0.398071 -1.439819 0.065506 0.773967 -2.799429
-0.118042 0.352295 -1.360596 -0.229508 0.684964 -2.645395
-0.278809 0.311401 -1.261353 -0.542085 0.605455 -2.452437
-0.439941 0.279419 -1.143188 -0.855374 0.543272 -2.222692
-0.593750 0.259644 -0.992920 -1.154423 0.504823 -1.930526
-0.741577 0.241577 -0.805176 -1.441842 0.469696 -1.565497
-0.897461 0.208984 -0.575317 -1.744926 0.406327 -1.118585
-1.059570 0.152100 -0.318604 -2.060114 0.295726 -0.619458
-1.226074 0.046143 -0.050415 -2.383846 0.089715 -0.098022
-1.387085 -0.109985 0.214233 -2.696898 -0.213844 0.416532
-1.526978 -0.267090 0.462769 -2.968890 -0.519301 0.899757
-1.673462 -0.424316 0.712524 -3.253698 -0.824995 1.385355
-1.807983 -0.597900 0.947632 -3.515247 -1.162493 1.842473
-1.931519 -0.820801 1.170532 -3.755435 -1.595876 2.275856
-2.075684 -1.123047 1.371338 -4.035734 -2.183531 2.666281
-2.227417 -1.424561 1.547241 -4.330748 -2.769761 3.008288
-2.351929 -1.739136 1.680176 -4.572835 -3.381387 3.266752
-2.421875 -2.087402 1.793457 -4.708831 -4.058519 3.487004
-2.378174 -2.341675 1.853149 -4.623863 -4.552899 3.603063
-2.250854 -2.344482 1.796265 -4.376318 -4.558358 3.492462
-2.096924 -2.045776 1.583862 -4.077032 -3.977586 3.079490
-1.901367 -1.523560 1.215210 -3.696812 -2.962244 2.362723
-1.660156 -0.931641 0.766846 -3.227828 -1.811381 1.490972
-1.361084 -0.396729 0.323242 -2.646344 -0.771356 0.628477
-0.999756 -0.040405 -0.062500 -1.943817 -0.078560 -0.121518
-0.592163 0.077881 -0.351563 -1.151338 0.151423 -0.683540
-0.188965 0.022827 -0.541138 -0.367403 0.044383 -1.052130
0.130859 -0.094116 -0.659302 0.254429 -0.182989 -1.281875
0.342651 -0.195801 -0.738770 0.666214 -0.380694 -1.436383
0.484741 -0.239136 -0.793945 0.942478 -0.464950 -1.543661
0.615723 -0.214478 -0.841797 1.197144 -0.417007 -1.636699
0.770996 -0.136597 -0.904541 1.499041 -0.265584 -1.758692
0.966064 -0.027222 -0.997681 1.878311 -0.052927 -1.939782
1.208984 0.121338 -1.128662 2.350618 0.235916 -2.194448
1.474609 0.297607 -1.288330 2.867071 0.578636 -2.504889
1.716431 0.484131 -1.447632 3.337242 0.941292 -2.814618
1.901855 0.671265 -1.590576 3.697762 1.305134 -3.092544
2.023315 0.825195 -1.704712 3.933915 1.604420 -3.314457
2.074341 0.911987 -1.756714 4.033123 1.773169 -3.415564
2.050049 0.935425 -1.742188 3.985893 1.818739 -3.387321
1.973267 0.899536 -1.684082 3.836606 1.748961 -3.274347
1.855591 0.807251 -1.598145 3.607810 1.569531 -3.107259
1.717163 0.717407 -1.491943 3.338666 1.394849 -2.900773
1.591187 0.671143 -1.410645 3.093731 1.304897 -2.742704
1.479004 0.661011 -1.365234 2.875615 1.285198 -2.654414
1.348999 0.672852 -1.337036 2.622848 1.308220 -2.599588
1.186768 0.672852 -1.309692 2.307422 1.308220 -2.546424
1.000732 0.633789 -1.279297 1.945716 1.232271 -2.487326
0.816772 0.590942 -1.246338 1.588044 1.148964 -2.423244
0.651978 0.542969 -1.206177 1.267635 1.055690 -2.345159
0.499878 0.487793 -1.154785 0.971908 0.948412 -2.245239
0.346802 0.422974 -1.087158 0.674284 0.822384 -2.113753
0.185791 0.343262 -1.008423 0.361232 0.667401 -1.960668
0.016602 0.250244 -0.921021 0.032278 0.486548 -1.790733
-0.160767 0.140015 -0.828857 -0.312577 0.272229 -1.611541
-0.349609 0.017822 -0.739380 -0.679743 0.034652 -1.437570
-0.535278 -0.098389 -0.650269 -1.040737 -0.191296 -1.264312
-0.705322 -0.195923 -0.562500 -1.371352 -0.380931 -1.093664
-0.857056 -0.278320 -0.477539 -1.666366 -0.541136 -0.928475
-1.011719 -0.387817 -0.393555 -1.967076 -0.754030 -0.765185
-1.172607 -0.533569 -0.310913 -2.279891 -1.037414 -0.604506
-1.333618 -0.691650 -0.231689 -2.592943 -1.344770 -0.450472
-1.490967 -0.840332 -0.152344 -2.898874 -1.633851 -0.296201
-1.648926 -0.977661 -0.068970 -3.205992 -1.900858 -0.134097
-1.821411 -1.102295 0.020508 -3.541354 -2.143183 0.039873
-1.995605 -1.202515 0.119263 -3.880039 -2.338039 0.231881
-2.226929 -1.256836 0.252686 -4.329799 -2.443655 0.491294
-2.395020 -1.194946 0.338379 -4.656616 -2.323324 0.657907
-2.445435 -1.142334 0.374023 -4.754638 -2.221030 0.727211
-2.392822 -1.111450 0.395874 -4.652344 -2.160983 0.769695
-2.241455 -1.052002 0.396118 -4.358042 -2.045398 0.770169
-2.014404 -0.930054 0.383179 -3.916589 -1.808296 0.745011
-1.743530 -0.726807 0.342651 -3.389931 -1.413124 0.666214
-1.446411 -0.473511 0.279053 -2.812245 -0.920643 0.542560
-1.154907 -0.252808 0.217651 -2.245476 -0.491532 0.423178
-0.881836 -0.094604 0.172241 -1.714546 -0.183939 0.334887
-0.628662 0.009399 0.153198 -1.222302 0.018275 0.297862
-0.420166 0.073853 0.158569 -0.816925 0.143591 0.308305
-0.272827 0.126831 0.169678 -0.530456 0.246597 0.329903
-0.196167 0.177490 0.156860 -0.381406 0.345093 0.304982
-0.148315 0.230957 0.102051 -0.288368 0.449048 0.198416
-0.113403 0.263184 0.041260 -0.220489 0.511706 0.080221
-0.091431 0.273804 -0.011230 -0.177768 0.532354 -0.021835
-0.082275 0.274902 -0.064209 -0.159967 0.534490 -0.124841
-0.069946 0.260864 -0.106934 -0.135996 0.507196 -0.207910
-0.055908 0.234985 -0.124146 -0.108702 0.456880 -0.241375
-0.046265 0.201904 -0.126465 -0.089952 0.392561 -0.245885
-0.047363 0.163330 -0.116333 -0.092088 0.317561 -0.226185
-0.055664 0.120361 -0.093750 -0.108227 0.234018 -0.182277
-0.083862 0.085693 -0.066162 -0.163053 0.166613 -0.128638
-0.097900 0.067383 -0.053955 -0.190347 0.131012 -0.104904
-0.094849 0.047485 -0.041870 -0.184413 0.092325 -0.081408
-0.080933 0.030884 -0.034180 -0.157357 0.060047 -0.066455
-0.063232 0.014282 -0.039917 -0.122942 0.027769 -0.077610
-0.039307 0.008545 -0.054443 -0.076424 0.016614 -0.105854
-0.013062 0.008301 -0.067139 -0.025395 0.016139 -0.130537
0.003418 0.011353 -0.069336 0.006646 0.022073 -0.134809
0.010254 0.022705 -0.055786 0.019937 0.044145 -0.108465
0.008423 0.029297 -0.035645 0.016376 0.056962 -0.069303
0.001831 0.022949 -0.013428 0.003560 0.044620 -0.026107
-0.009888 0.013916 0.004883 -0.019225 0.027057 0.009494
-0.018921 0.012329 0.020264 -0.036788 0.023971 0.039398
-0.017334 0.010132 0.028320 -0.033702 0.019699 0.055063
-0.008667 0.001709 0.028442 -0.016851 0.003323 0.055300
-0.003052 -0.007446 0.026489 -0.005934 -0.014478 0.051503
-0.002441 -0.016235 0.026245 -0.004747 -0.031566 0.051028
-0.002197 -0.029663 0.026245 -0.004272 -0.057674 0.051028
0.002075 -0.042603 0.022583 0.004035 -0.082832 0.043908
0.002319 -0.037354 0.018433 0.004509 -0.072626 0.035838
-0.002686 -0.019775 0.017822 -0.005221 -0.038449 0.034652
-0.009521 -0.010742 0.019165 -0.018513 -0.020886 0.037262
-0.018799 -0.013672 0.021240 -0.036550 -0.026582 0.041297
-0.033081 -0.014526 0.024780 -0.064319 -0.028243 0.048180
-0.049072 -0.012695 0.028931 -0.095411 -0.024683 0.056250
-0.058228 -0.014404 0.030029 -0.113211 -0.028006 0.058386
-0.061401 -0.019653 0.028809 -0.119382 -0.038212 0.056012
-0.062134 -0.020996 0.028320 -0.120806 -0.040823 0.055063
-0.061157 -0.017822 0.025879 -0.118907 -0.034652 0.050316
-0.056030 -0.016846 0.017456 -0.108939 -0.032753 0.033940
-0.049316 -0.019531 0.008301 -0.095885 -0.037974 0.016139
-0.048828 -0.019409 0.002563 -0.094936 -0.037737 0.004984
-0.056152 -0.013550 0.000488 -0.109177 -0.026345 0.000949
-0.066284 -0.009033 0.002197 -0.128876 -0.017563 0.004272
-0.074585 -0.013306 0.006348 -0.145015 -0.025870 0.012342
-0.078857 -0.021729 0.012695 -0.153322 -0.042247 0.024683
-0.080078 -0.030396 0.017578 -0.155695 -0.059098 0.034177
-0.078003 -0.037964 0.016113 -0.151660 -0.073813 0.031329
